   95.23   0.18903E+00   0.18973E+00   0.17959E+00
  108.84   0.17710E+00   0.17780E+00   0.16909E+00
  122.44   0.16573E+00   0.16646E+00   0.15892E+00
  136.05   0.15523E+00   0.15598E+00   0.14941E+00
  149.65   0.14569E+00   0.14646E+00   0.14070E+00
  163.26   0.13696E+00   0.13774E+00   0.13266E+00
  176.86   0.12899E+00   0.12979E+00   0.12527E+00
  190.47   0.12161E+00   0.12241E+00   0.11838E+00
  204.07   0.11481E+00   0.11560E+00   0.11199E+00
  217.68   0.10844E+00   0.10924E+00   0.10599E+00
  231.28   0.10254E+00   0.10334E+00   0.10041E+00
  244.89   0.97050E-01   0.97853E-01   0.95196E-01
  258.49   0.91961E-01   0.92770E-01   0.90354E-01
  272.10   0.87245E-01   0.88058E-01   0.85853E-01
  285.70   0.82904E-01   0.83718E-01   0.81699E-01
  299.31   0.78881E-01   0.79693E-01   0.77837E-01
  312.91   0.75139E-01   0.75946E-01   0.74235E-01
  326.52   0.71672E-01   0.72473E-01   0.70891E-01
  340.12   0.68429E-01   0.69223E-01   0.67756E-01
  353.73   0.65401E-01   0.66189E-01   0.64826E-01
  367.33   0.62564E-01   0.63348E-01   0.62078E-01
  380.94   0.59885E-01   0.60667E-01   0.59480E-01
  394.54   0.57372E-01   0.58152E-01   0.57041E-01
  408.15   0.55023E-01   0.55801E-01   0.54758E-01
  421.75   0.52779E-01   0.53555E-01   0.52573E-01
  435.36   0.50683E-01   0.51454E-01   0.50529E-01
  448.96   0.48729E-01   0.49495E-01   0.48620E-01
  462.57   0.46854E-01   0.47612E-01   0.46785E-01
  476.17   0.45103E-01   0.45853E-01   0.45068E-01
  489.78   0.43460E-01   0.44202E-01   0.43456E-01
  503.38   0.41889E-01   0.42623E-01   0.41913E-01
  516.99   0.40412E-01   0.41139E-01   0.40461E-01
  530.59   0.39009E-01   0.39730E-01   0.39082E-01
  544.20   0.37675E-01   0.38390E-01   0.37770E-01
  557.80   0.36410E-01   0.37121E-01   0.36527E-01
  571.41   0.35205E-01   0.35911E-01   0.35341E-01
  585.01   0.34054E-01   0.34757E-01   0.34208E-01
  598.62   0.32960E-01   0.33658E-01   0.33129E-01
  612.22   0.31918E-01   0.32611E-01   0.32101E-01
  625.83   0.30925E-01   0.31611E-01   0.31119E-01
  639.43   0.29973E-01   0.30653E-01   0.30177E-01
  653.04   0.29068E-01   0.29740E-01   0.29279E-01
  666.64   0.28205E-01   0.28870E-01   0.28423E-01
  680.25   0.27377E-01   0.28034E-01   0.27600E-01
  693.85   0.26589E-01   0.27239E-01   0.26817E-01
  707.46   0.25833E-01   0.26476E-01   0.26066E-01
  721.06   0.25111E-01   0.25748E-01   0.25349E-01
  734.67   0.24415E-01   0.25046E-01   0.24656E-01
  748.27   0.23751E-01   0.24376E-01   0.23997E-01
  761.88   0.23112E-01   0.23732E-01   0.23361E-01
  775.48   0.22500E-01   0.23115E-01   0.22753E-01
  789.09   0.21908E-01   0.22518E-01   0.22163E-01
  802.69   0.21342E-01   0.21948E-01   0.21601E-01
  816.30   0.20797E-01   0.21398E-01   0.21057E-01
  829.90   0.20273E-01   0.20868E-01   0.20534E-01
  843.51   0.19767E-01   0.20355E-01   0.20028E-01
  857.11   0.19282E-01   0.19865E-01   0.19543E-01
  870.72   0.18815E-01   0.19390E-01   0.19074E-01
  884.32   0.18363E-01   0.18933E-01   0.18622E-01
  897.93   0.17928E-01   0.18490E-01   0.18184E-01
  911.53   0.17509E-01   0.18065E-01   0.17764E-01
  925.14   0.17105E-01   0.17655E-01   0.17358E-01
  938.74   0.16715E-01   0.17258E-01   0.16966E-01
  952.35   0.16337E-01   0.16875E-01   0.16587E-01
  965.95   0.15972E-01   0.16504E-01   0.16220E-01
  979.56   0.15619E-01   0.16147E-01   0.15866E-01
  993.16   0.15279E-01   0.15801E-01   0.15524E-01
 1006.77   0.14949E-01   0.15468E-01   0.15194E-01
 1020.37   0.14629E-01   0.15143E-01   0.14873E-01
 1033.98   0.14320E-01   0.14829E-01   0.14562E-01
 1047.58   0.14021E-01   0.14525E-01   0.14261E-01
 1061.19   0.13732E-01   0.14231E-01   0.13970E-01
 1074.79   0.13453E-01   0.13947E-01   0.13688E-01
 1088.40   0.13180E-01   0.13668E-01   0.13412E-01
 1102.00   0.12916E-01   0.13399E-01   0.13146E-01
 1115.61   0.12661E-01   0.13138E-01   0.12887E-01
 1129.21   0.12414E-01   0.12885E-01   0.12637E-01
 1142.82   0.12172E-01   0.12637E-01   0.12391E-01
 1156.42   0.11940E-01   0.12400E-01   0.12156E-01
 1170.03   0.11713E-01   0.12168E-01   0.11926E-01
 1183.63   0.11492E-01   0.11942E-01   0.11702E-01
 1197.24   0.11278E-01   0.11723E-01   0.11485E-01
 1210.84   0.11069E-01   0.11508E-01   0.11272E-01
 1224.45   0.10867E-01   0.11302E-01   0.11068E-01
 1238.05   0.10670E-01   0.11100E-01   0.10868E-01
 1251.66   0.10478E-01   0.10904E-01   0.10674E-01
 1265.26   0.10292E-01   0.10713E-01   0.10485E-01
 1278.87   0.10110E-01   0.10527E-01   0.10300E-01
 1292.47   0.99334E-02   0.10347E-01   0.10121E-01
 1306.08   0.97619E-02   0.10171E-01   0.99472E-02
 1319.68   0.95948E-02   0.99997E-02   0.97774E-02
 1333.29   0.94321E-02   0.98324E-02   0.96116E-02
 1346.89   0.92735E-02   0.96693E-02   0.94500E-02
 1360.50   0.91194E-02   0.95104E-02   0.92925E-02
 1374.10   0.89694E-02   0.93556E-02   0.91391E-02
 1387.71   0.88233E-02   0.92046E-02   0.89895E-02
 1401.31   0.86807E-02   0.90572E-02   0.88434E-02
 1414.92   0.85415E-02   0.89130E-02   0.87006E-02
 1428.52   0.84056E-02   0.87723E-02   0.85611E-02
 1442.13   0.82730E-02   0.86349E-02   0.84251E-02
 1455.73   0.81437E-02   0.85010E-02   0.82924E-02
 1469.34   0.80174E-02   0.83702E-02   0.81629E-02
 1482.94   0.78942E-02   0.82426E-02   0.80365E-02
 1496.55   0.77729E-02   0.81171E-02   0.79122E-02
 1510.15   0.76548E-02   0.79950E-02   0.77913E-02
 1523.76   0.75394E-02   0.78757E-02   0.76732E-02
 1537.36   0.74267E-02   0.77592E-02   0.75578E-02
 1550.97   0.73167E-02   0.76454E-02   0.74451E-02
 1564.57   0.72094E-02   0.75344E-02   0.73353E-02
 1578.18   0.71035E-02   0.74248E-02   0.72268E-02
 1591.78   0.70007E-02   0.73183E-02   0.71213E-02
 1605.39   0.69002E-02   0.72141E-02   0.70181E-02
 1618.99   0.68021E-02   0.71121E-02   0.69173E-02
 1632.60   0.67065E-02   0.70126E-02   0.68188E-02
 1646.20   0.66122E-02   0.69143E-02   0.67215E-02
 1659.81   0.65210E-02   0.68191E-02   0.66273E-02
 1673.41   0.64315E-02   0.67255E-02   0.65347E-02
 1687.02   0.63439E-02   0.66338E-02   0.64440E-02
 1700.62   0.62582E-02   0.65439E-02   0.63551E-02
 1714.23   0.61745E-02   0.64561E-02   0.62682E-02
 1727.83   0.60919E-02   0.63694E-02   0.61825E-02
 1741.44   0.60115E-02   0.62850E-02   0.60991E-02
 1755.04   0.59327E-02   0.62022E-02   0.60172E-02
 1768.65   0.58553E-02   0.61209E-02   0.59369E-02
 1782.25   0.57793E-02   0.60412E-02   0.58581E-02
 1795.86   0.57048E-02   0.59631E-02   0.57810E-02
 1809.46   0.56315E-02   0.58862E-02   0.57051E-02
 1823.07   0.55599E-02   0.58111E-02   0.56309E-02
 1836.67   0.54895E-02   0.57374E-02   0.55581E-02
 1850.28   0.54205E-02   0.56651E-02   0.54867E-02
 1863.88   0.53527E-02   0.55942E-02   0.54167E-02
 1877.49   0.52863E-02   0.55245E-02   0.53479E-02
 1891.09   0.52210E-02   0.54561E-02   0.52804E-02
 1904.70   0.51572E-02   0.53891E-02   0.52142E-02
 1918.30   0.50946E-02   0.53233E-02   0.51493E-02
 1931.91   0.50332E-02   0.52587E-02   0.50856E-02
 1945.51   0.49731E-02   0.51953E-02   0.50231E-02
 1959.12   0.49141E-02   0.51331E-02   0.49617E-02
 1972.72   0.48563E-02   0.50719E-02   0.49014E-02
 1986.33   0.47996E-02   0.50118E-02   0.48422E-02
 1999.93   0.47441E-02   0.49528E-02   0.47840E-02
 2013.54   0.46896E-02   0.48948E-02   0.47269E-02
 2027.14   0.46361E-02   0.48379E-02   0.46708E-02
 2040.75   0.45836E-02   0.47820E-02   0.46157E-02
 2054.35   0.45321E-02   0.47270E-02   0.45616E-02
 2067.96   0.44813E-02   0.46728E-02   0.45083E-02
 2081.56   0.44315E-02   0.46197E-02   0.44559E-02
 2095.17   0.43825E-02   0.45674E-02   0.44045E-02
 2108.77   0.43343E-02   0.45160E-02   0.43539E-02
 2122.38   0.42869E-02   0.44654E-02   0.43042E-02
 2135.98   0.42403E-02   0.44157E-02   0.42553E-02
 2149.59   0.41942E-02   0.43667E-02   0.42071E-02
 2163.19   0.41490E-02   0.43186E-02   0.41598E-02
 2176.80   0.41045E-02   0.42712E-02   0.41133E-02
 2190.40   0.40606E-02   0.42247E-02   0.40675E-02
 2204.01   0.40175E-02   0.41788E-02   0.40225E-02
 2217.61   0.39751E-02   0.41337E-02   0.39782E-02
 2231.22   0.39335E-02   0.40894E-02   0.39347E-02
 2244.82   0.38924E-02   0.40456E-02   0.38917E-02
 2258.43   0.38521E-02   0.40027E-02   0.38495E-02
 2272.03   0.38124E-02   0.39603E-02   0.38080E-02
 2285.64   0.37735E-02   0.39187E-02   0.37672E-02
 2299.24   0.37352E-02   0.38777E-02   0.37269E-02
 2312.85   0.36976E-02   0.38373E-02   0.36874E-02
 2326.45   0.36607E-02   0.37976E-02   0.36484E-02
 2340.06   0.36243E-02   0.37585E-02   0.36100E-02
 2353.66   0.35886E-02   0.37199E-02   0.35723E-02
 2367.27   0.35535E-02   0.36820E-02   0.35351E-02
 2380.87   0.35190E-02   0.36446E-02   0.34985E-02
 2394.48   0.34850E-02   0.36078E-02   0.34624E-02
 2408.08   0.34516E-02   0.35715E-02   0.34269E-02
 2421.69   0.34187E-02   0.35357E-02   0.33920E-02
 2435.29   0.33862E-02   0.35005E-02   0.33575E-02
 2448.90   0.33543E-02   0.34658E-02   0.33236E-02
 2462.50   0.33227E-02   0.34316E-02   0.32901E-02
 2476.11   0.32916E-02   0.33978E-02   0.32571E-02
 2489.71   0.32609E-02   0.33646E-02   0.32246E-02
 2503.32   0.32307E-02   0.33318E-02   0.31926E-02
 2516.92   0.32008E-02   0.32995E-02   0.31611E-02
 2530.53   0.31713E-02   0.32677E-02   0.31300E-02
 2544.13   0.31422E-02   0.32362E-02   0.30993E-02
 2557.74   0.31135E-02   0.32052E-02   0.30691E-02
 2571.34   0.30852E-02   0.31747E-02   0.30393E-02
 2584.95   0.30573E-02   0.31445E-02   0.30099E-02
 2598.55   0.30298E-02   0.31148E-02   0.29809E-02
 2612.16   0.30027E-02   0.30855E-02   0.29523E-02
 2625.76   0.29759E-02   0.30566E-02   0.29241E-02
 2639.37   0.29496E-02   0.30281E-02   0.28964E-02
 2652.97   0.29237E-02   0.29999E-02   0.28690E-02
 2666.58   0.28981E-02   0.29722E-02   0.28419E-02
 2680.18   0.28730E-02   0.29448E-02   0.28153E-02
 2693.79   0.28482E-02   0.29177E-02   0.27889E-02
 2707.39   0.28237E-02   0.28910E-02   0.27629E-02
 2721.00   0.27998E-02   0.28648E-02   0.27375E-02
 2734.60   0.27762E-02   0.28388E-02   0.27122E-02
 2748.21   0.27529E-02   0.28132E-02   0.26873E-02
 2761.81   0.27299E-02   0.27880E-02   0.26628E-02
 2775.42   0.27073E-02   0.27630E-02   0.26385E-02
 2789.02   0.26849E-02   0.27384E-02   0.26146E-02
 2802.63   0.26629E-02   0.27140E-02   0.25910E-02
 2816.23   0.26411E-02   0.26899E-02   0.25676E-02
 2829.84   0.26198E-02   0.26664E-02   0.25448E-02
 2843.44   0.25985E-02   0.26430E-02   0.25221E-02
 2857.05   0.25776E-02   0.26199E-02   0.24997E-02
 2870.65   0.25569E-02   0.25971E-02   0.24776E-02
 2884.26   0.25365E-02   0.25745E-02   0.24558E-02
 2897.86   0.25162E-02   0.25522E-02   0.24342E-02
 2911.47   0.24960E-02   0.25301E-02   0.24128E-02
 2925.07   0.24766E-02   0.25087E-02   0.23921E-02
 2938.68   0.24569E-02   0.24872E-02   0.23712E-02
 2952.28   0.24375E-02   0.24659E-02   0.23507E-02
 2965.89   0.24184E-02   0.24450E-02   0.23304E-02
 2979.49   0.23995E-02   0.24243E-02   0.23105E-02
 2993.10   0.23809E-02   0.24039E-02   0.22907E-02
 3006.70   0.23624E-02   0.23837E-02   0.22712E-02
 3020.31   0.23441E-02   0.23637E-02   0.22519E-02
 3033.91   0.23264E-02   0.23442E-02   0.22331E-02
 3047.52   0.23086E-02   0.23246E-02   0.22142E-02
 3061.12   0.22911E-02   0.23053E-02   0.21956E-02
 3074.73   0.22738E-02   0.22863E-02   0.21772E-02
 3088.33   0.22568E-02   0.22675E-02   0.21591E-02
 3101.94   0.22400E-02   0.22490E-02   0.21412E-02
 3115.54   0.22234E-02   0.22306E-02   0.21235E-02
 3129.15   0.22070E-02   0.22124E-02   0.21060E-02
 3142.75   0.21911E-02   0.21946E-02   0.20889E-02
 3156.36   0.21751E-02   0.21768E-02   0.20718E-02
 3169.96   0.21594E-02   0.21593E-02   0.20549E-02
 3183.57   0.21438E-02   0.21419E-02   0.20382E-02
 3197.17   0.21285E-02   0.21248E-02   0.20217E-02
 3210.78   0.21134E-02   0.21078E-02   0.20054E-02
 3224.38   0.20984E-02   0.20911E-02   0.19893E-02
 3237.99   0.20836E-02   0.20746E-02   0.19734E-02
 3251.59   0.20691E-02   0.20582E-02   0.19578E-02
 3265.20   0.20546E-02   0.20421E-02   0.19422E-02
 3278.80   0.20402E-02   0.20260E-02   0.19269E-02
 3292.41   0.20260E-02   0.20102E-02   0.19117E-02
 3306.01   0.20119E-02   0.19945E-02   0.18966E-02
 3319.62   0.19980E-02   0.19790E-02   0.18817E-02
 3333.22   0.19842E-02   0.19636E-02   0.18671E-02
 3346.83   0.19705E-02   0.19485E-02   0.18526E-02
 3360.43   0.19570E-02   0.19336E-02   0.18383E-02
 3374.04   0.19437E-02   0.19188E-02   0.18241E-02
 3387.64   0.19304E-02   0.19041E-02   0.18101E-02
 3401.25   0.19173E-02   0.18896E-02   0.17962E-02
 3414.85   0.19042E-02   0.18752E-02   0.17824E-02
 3428.46   0.18913E-02   0.18609E-02   0.17688E-02
 3442.06   0.18785E-02   0.18468E-02   0.17553E-02
 3455.67   0.18658E-02   0.18328E-02   0.17419E-02
 3469.27   0.18536E-02   0.18193E-02   0.17290E-02
 3482.88   0.18413E-02   0.18056E-02   0.17160E-02
 3496.48   0.18292E-02   0.17922E-02   0.17031E-02
 3510.09   0.18172E-02   0.17789E-02   0.16904E-02
 3523.69   0.18053E-02   0.17657E-02   0.16778E-02
 3537.30   0.17935E-02   0.17526E-02   0.16654E-02
 3550.90   0.17819E-02   0.17396E-02   0.16530E-02
 3564.51   0.17703E-02   0.17267E-02   0.16407E-02
 3578.11   0.17588E-02   0.17138E-02   0.16284E-02
 3591.72   0.17481E-02   0.17017E-02   0.16169E-02
 3605.32   0.17370E-02   0.16892E-02   0.16050E-02
 3618.93   0.17261E-02   0.16770E-02   0.15934E-02
 3632.53   0.17153E-02   0.16648E-02   0.15818E-02
 3646.14   0.17047E-02   0.16528E-02   0.15704E-02
 3659.74   0.16941E-02   0.16409E-02   0.15590E-02
 3673.35   0.16835E-02   0.16290E-02   0.15478E-02
 3686.95   0.16728E-02   0.16170E-02   0.15364E-02
 3700.56   0.16633E-02   0.16061E-02   0.15261E-02
 3714.16   0.16528E-02   0.15944E-02   0.15149E-02
 3727.77   0.16427E-02   0.15830E-02   0.15041E-02
 3741.37   0.16326E-02   0.15718E-02   0.14935E-02
 3754.98   0.16227E-02   0.15607E-02   0.14830E-02
 3768.58   0.16129E-02   0.15497E-02   0.14726E-02
 3782.19   0.16031E-02   0.15388E-02   0.14622E-02
 3795.79   0.15934E-02   0.15280E-02   0.14520E-02
 3809.40   0.15835E-02   0.15171E-02   0.14417E-02
 3823.00   0.15745E-02   0.15070E-02   0.14321E-02
 3836.61   0.15649E-02   0.14964E-02   0.14220E-02
 3850.21   0.15554E-02   0.14859E-02   0.14122E-02
 3863.82   0.15460E-02   0.14756E-02   0.14024E-02
 3877.42   0.15368E-02   0.14654E-02   0.13928E-02
 3891.03   0.15277E-02   0.14553E-02   0.13833E-02
 3904.63   0.15187E-02   0.14454E-02   0.13738E-02
 3918.24   0.15097E-02   0.14355E-02   0.13645E-02
 3931.84   0.15006E-02   0.14255E-02   0.13551E-02
 3945.45   0.14922E-02   0.14161E-02   0.13462E-02
 3959.05   0.14835E-02   0.14064E-02   0.13371E-02
 3972.66   0.14748E-02   0.13968E-02   0.13280E-02
 3986.26   0.14662E-02   0.13873E-02   0.13191E-02
 3999.87   0.14578E-02   0.13779E-02   0.13102E-02
 4013.47   0.14495E-02   0.13687E-02   0.13015E-02
 4027.08   0.14413E-02   0.13595E-02   0.12929E-02
 4040.68   0.14331E-02   0.13504E-02   0.12843E-02
 4054.29   0.14250E-02   0.13414E-02   0.12758E-02
 4067.89   0.14172E-02   0.13326E-02   0.12675E-02
 4081.50   0.14093E-02   0.13237E-02   0.12592E-02
 4095.10   0.14015E-02   0.13149E-02   0.12509E-02
 4108.71   0.13937E-02   0.13062E-02   0.12427E-02
 4122.31   0.13859E-02   0.12975E-02   0.12345E-02
 4135.92   0.13783E-02   0.12889E-02   0.12265E-02
 4149.52   0.13707E-02   0.12804E-02   0.12185E-02
 4163.13   0.13633E-02   0.12721E-02   0.12107E-02
 4176.73   0.13559E-02   0.12638E-02   0.12029E-02
 4190.34   0.13486E-02   0.12556E-02   0.11952E-02
 4203.94   0.13413E-02   0.12475E-02   0.11876E-02
 4217.55   0.13340E-02   0.12394E-02   0.11800E-02
 4231.15   0.13268E-02   0.12314E-02   0.11725E-02
 4244.76   0.13195E-02   0.12234E-02   0.11650E-02
 4258.36   0.13124E-02   0.12154E-02   0.11575E-02
 4271.97   0.13052E-02   0.12076E-02   0.11502E-02
 4285.57   0.12981E-02   0.11998E-02   0.11429E-02
 4299.18   0.12911E-02   0.11921E-02   0.11357E-02
 4312.78   0.12843E-02   0.11846E-02   0.11287E-02
 4326.39   0.12774E-02   0.11771E-02   0.11217E-02
 4339.99   0.12706E-02   0.11696E-02   0.11147E-02
 4353.60   0.12638E-02   0.11622E-02   0.11078E-02
 4367.20   0.12571E-02   0.11549E-02   0.11009E-02
 4380.81   0.12504E-02   0.11476E-02   0.10941E-02
 4394.41   0.12437E-02   0.11403E-02   0.10873E-02
 4408.02   0.12370E-02   0.11330E-02   0.10805E-02
 4421.62   0.12302E-02   0.11257E-02   0.10737E-02
 4435.23   0.12246E-02   0.11194E-02   0.10678E-02
 4448.83   0.12178E-02   0.11121E-02   0.10609E-02
 4462.44   0.12114E-02   0.11051E-02   0.10545E-02
 4476.04   0.12051E-02   0.10983E-02   0.10481E-02
 4489.65   0.11989E-02   0.10915E-02   0.10418E-02
 4503.25   0.11928E-02   0.10847E-02   0.10355E-02
 4516.86   0.11867E-02   0.10780E-02   0.10292E-02
 4530.46   0.11805E-02   0.10713E-02   0.10230E-02
 4544.07   0.11744E-02   0.10646E-02   0.10167E-02
 4557.67   0.11683E-02   0.10579E-02   0.10105E-02
 4571.28   0.11631E-02   0.10520E-02   0.10050E-02
 4584.88   0.11570E-02   0.10454E-02   0.99883E-03
 4598.49   0.11512E-02   0.10390E-02   0.99286E-03
 4612.09   0.11455E-02   0.10326E-02   0.98698E-03
 4625.70   0.11398E-02   0.10264E-02   0.98117E-03
 4639.30   0.11342E-02   0.10202E-02   0.97542E-03
 4652.91   0.11286E-02   0.10140E-02   0.96969E-03
 4666.51   0.11230E-02   0.10079E-02   0.96396E-03
 4680.12   0.11172E-02   0.10016E-02   0.95814E-03
 4693.72   0.11112E-02   0.99514E-03   0.95212E-03
 4707.33   0.11067E-02   0.99006E-03   0.94744E-03
 4720.93   0.11011E-02   0.98399E-03   0.94180E-03
 4734.54   0.10956E-02   0.97804E-03   0.93629E-03
 4748.14   0.10902E-02   0.97219E-03   0.93086E-03
 4761.75   0.10849E-02   0.96641E-03   0.92550E-03
 4775.35   0.10796E-02   0.96070E-03   0.92021E-03
 4788.96   0.10743E-02   0.95504E-03   0.91497E-03
 4802.56   0.10690E-02   0.94938E-03   0.90973E-03
 4816.17   0.10635E-02   0.94361E-03   0.90438E-03
 4829.77   0.10592E-02   0.93879E-03   0.89994E-03
 4843.38   0.10536E-02   0.93292E-03   0.89450E-03
 4856.98   0.10483E-02   0.92735E-03   0.88934E-03
 4870.59   0.10431E-02   0.92185E-03   0.88425E-03
 4884.19   0.10379E-02   0.91642E-03   0.87923E-03
 4897.80   0.10329E-02   0.91106E-03   0.87427E-03
 4911.40   0.10278E-02   0.90577E-03   0.86937E-03
 4925.01   0.10229E-02   0.90054E-03   0.86454E-03
 4938.61   0.10180E-02   0.89536E-03   0.85975E-03
 4952.22   0.10130E-02   0.89014E-03   0.85493E-03
 4965.82   0.10085E-02   0.88529E-03   0.85046E-03
 4979.43   0.10036E-02   0.88011E-03   0.84567E-03
 4993.03   0.99875E-03   0.87501E-03   0.84096E-03
 5006.64   0.99396E-03   0.86994E-03   0.83628E-03
 5020.24   0.98919E-03   0.86490E-03   0.83162E-03
 5033.85   0.98448E-03   0.85991E-03   0.82702E-03
 5047.45   0.97983E-03   0.85498E-03   0.82246E-03
 5061.06   0.97525E-03   0.85011E-03   0.81797E-03
 5074.66   0.97073E-03   0.84531E-03   0.81354E-03
 5088.27   0.96628E-03   0.84056E-03   0.80916E-03
 5101.87   0.96186E-03   0.83585E-03   0.80482E-03
 5115.48   0.95747E-03   0.83117E-03   0.80051E-03
 5129.08   0.95309E-03   0.82650E-03   0.79621E-03
 5142.69   0.94870E-03   0.82184E-03   0.79191E-03
 5156.29   0.94432E-03   0.81719E-03   0.78763E-03
 5169.90   0.93994E-03   0.81255E-03   0.78336E-03
 5183.50   0.93558E-03   0.80795E-03   0.77912E-03
 5197.11   0.93125E-03   0.80339E-03   0.77492E-03
 5210.71   0.92696E-03   0.79888E-03   0.77076E-03
 5224.32   0.92270E-03   0.79440E-03   0.76665E-03
 5237.92   0.91856E-03   0.79005E-03   0.76265E-03
 5251.53   0.91448E-03   0.78576E-03   0.75871E-03
 5265.13   0.91033E-03   0.78145E-03   0.75474E-03
 5278.74   0.90620E-03   0.77716E-03   0.75079E-03
 5292.34   0.90207E-03   0.77288E-03   0.74686E-03
 5305.95   0.89792E-03   0.76860E-03   0.74293E-03
 5319.55   0.89375E-03   0.76434E-03   0.73901E-03
 5333.16   0.88958E-03   0.76008E-03   0.73509E-03
 5346.76   0.88540E-03   0.75584E-03   0.73119E-03
 5360.37   0.88120E-03   0.75159E-03   0.72729E-03
 5373.97   0.87715E-03   0.74748E-03   0.72351E-03
 5387.58   0.87351E-03   0.74374E-03   0.72009E-03
 5401.18   0.86943E-03   0.73963E-03   0.71631E-03
 5414.79   0.86546E-03   0.73563E-03   0.71264E-03
 5428.39   0.86153E-03   0.73167E-03   0.70901E-03
 5442.00   0.85761E-03   0.72774E-03   0.70540E-03
 5455.60   0.85370E-03   0.72381E-03   0.70180E-03
 5469.21   0.84977E-03   0.71988E-03   0.69819E-03
 5482.81   0.84583E-03   0.71594E-03   0.69457E-03
 5496.42   0.84184E-03   0.71197E-03   0.69092E-03
 5510.02   0.83758E-03   0.70777E-03   0.68704E-03
 5523.63   0.83519E-03   0.70515E-03   0.68471E-03
 5537.23   0.83083E-03   0.70088E-03   0.68076E-03
 5550.84   0.82701E-03   0.69706E-03   0.67725E-03
 5564.44   0.82330E-03   0.69334E-03   0.67384E-03
 5578.05   0.81966E-03   0.68967E-03   0.67048E-03
 5591.65   0.81605E-03   0.68604E-03   0.66715E-03
 5605.26   0.81246E-03   0.68243E-03   0.66384E-03
 5618.86   0.80887E-03   0.67881E-03   0.66052E-03
 5632.47   0.80524E-03   0.67517E-03   0.65718E-03
 5646.07   0.80151E-03   0.67145E-03   0.65376E-03
 5659.68   0.79780E-03   0.66776E-03   0.65037E-03
 5673.28   0.79524E-03   0.66502E-03   0.64791E-03
 5686.89   0.79144E-03   0.66126E-03   0.64444E-03
 5700.49   0.78787E-03   0.65770E-03   0.64118E-03
 5714.10   0.78439E-03   0.65422E-03   0.63799E-03
 5727.70   0.78098E-03   0.65081E-03   0.63486E-03
 5741.31   0.77761E-03   0.64744E-03   0.63178E-03
 5754.91   0.77426E-03   0.64410E-03   0.62873E-03
 5768.52   0.77091E-03   0.64078E-03   0.62568E-03
 5782.12   0.76753E-03   0.63743E-03   0.62262E-03
 5795.73   0.76400E-03   0.63398E-03   0.61945E-03
 5809.33   0.76038E-03   0.63047E-03   0.61622E-03
 5822.94   0.75794E-03   0.62795E-03   0.61396E-03
 5836.54   0.75441E-03   0.62454E-03   0.61083E-03
 5850.15   0.75099E-03   0.62124E-03   0.60780E-03
 5863.75   0.74762E-03   0.61799E-03   0.60483E-03
 5877.36   0.74430E-03   0.61480E-03   0.60190E-03
 5890.96   0.74102E-03   0.61165E-03   0.59903E-03
 5904.57   0.73778E-03   0.60855E-03   0.59619E-03
 5918.17   0.73457E-03   0.60548E-03   0.59338E-03
 5931.78   0.73135E-03   0.60242E-03   0.59059E-03
 5945.38   0.72805E-03   0.59931E-03   0.58773E-03
 5958.99   0.72461E-03   0.59608E-03   0.58477E-03
 5972.59   0.72199E-03   0.59355E-03   0.58249E-03
 5986.20   0.71870E-03   0.59047E-03   0.57966E-03
 5999.80   0.71545E-03   0.58743E-03   0.57688E-03
 6013.41   0.71221E-03   0.58441E-03   0.57411E-03
 6027.01   0.70901E-03   0.58142E-03   0.57137E-03
 6040.62   0.70584E-03   0.57847E-03   0.56867E-03
 6054.22   0.70273E-03   0.57556E-03   0.56601E-03
 6067.83   0.69966E-03   0.57270E-03   0.56339E-03
 6081.43   0.69664E-03   0.56988E-03   0.56081E-03
 6095.04   0.69363E-03   0.56708E-03   0.55825E-03
 6108.64   0.69058E-03   0.56423E-03   0.55565E-03
 6122.25   0.68776E-03   0.56158E-03   0.55323E-03
 6135.85   0.68478E-03   0.55880E-03   0.55069E-03
 6149.46   0.68180E-03   0.55602E-03   0.54814E-03
 6163.06   0.67881E-03   0.55324E-03   0.54559E-03
 6176.67   0.67583E-03   0.55046E-03   0.54305E-03
 6190.27   0.67286E-03   0.54769E-03   0.54051E-03
 6203.88   0.66992E-03   0.54496E-03   0.53801E-03
 6217.48   0.66702E-03   0.54225E-03   0.53553E-03
 6231.09   0.66416E-03   0.53959E-03   0.53309E-03
 6244.69   0.66135E-03   0.53697E-03   0.53069E-03
 6258.30   0.65862E-03   0.53441E-03   0.52836E-03
 6271.90   0.65587E-03   0.53185E-03   0.52602E-03
 6285.51   0.65313E-03   0.52930E-03   0.52369E-03
 6299.11   0.65039E-03   0.52676E-03   0.52137E-03
 6312.72   0.64763E-03   0.52421E-03   0.51903E-03
 6326.32   0.64486E-03   0.52165E-03   0.51669E-03
 6339.93   0.64206E-03   0.51909E-03   0.51434E-03
 6353.53   0.63926E-03   0.51652E-03   0.51199E-03
 6367.14   0.63645E-03   0.51397E-03   0.50965E-03
 6380.74   0.63366E-03   0.51143E-03   0.50732E-03
 6394.35   0.63085E-03   0.50890E-03   0.50500E-03
 6407.95   0.62820E-03   0.50650E-03   0.50281E-03
 6421.56   0.62581E-03   0.50432E-03   0.50083E-03
 6435.16   0.62304E-03   0.50184E-03   0.49856E-03
 6448.77   0.62037E-03   0.49947E-03   0.49638E-03
 6462.37   0.61773E-03   0.49711E-03   0.49423E-03
 6475.98   0.61508E-03   0.49477E-03   0.49208E-03
 6489.58   0.61241E-03   0.49242E-03   0.48993E-03
 6503.19   0.60972E-03   0.49005E-03   0.48776E-03
 6516.79   0.60699E-03   0.48768E-03   0.48558E-03
 6530.40   0.60425E-03   0.48529E-03   0.48339E-03
 6544.00   0.60146E-03   0.48288E-03   0.48117E-03
 6557.61   0.59845E-03   0.48030E-03   0.47878E-03
 6571.21   0.59576E-03   0.47798E-03   0.47665E-03
 6584.82   0.59398E-03   0.47639E-03   0.47525E-03
 6598.42   0.59127E-03   0.47407E-03   0.47312E-03
 6612.03   0.58868E-03   0.47185E-03   0.47108E-03
 6625.63   0.58613E-03   0.46966E-03   0.46907E-03
 6639.24   0.58360E-03   0.46749E-03   0.46709E-03
 6652.84   0.58107E-03   0.46533E-03   0.46511E-03
 6666.45   0.57853E-03   0.46316E-03   0.46312E-03
 6680.05   0.57597E-03   0.46097E-03   0.46110E-03
 6693.66   0.57336E-03   0.45875E-03   0.45905E-03
 6707.26   0.57063E-03   0.45643E-03   0.45691E-03
 6720.87   0.56804E-03   0.45423E-03   0.45488E-03
 6734.47   0.56664E-03   0.45297E-03   0.45380E-03
 6748.08   0.56376E-03   0.45054E-03   0.45154E-03
 6761.68   0.56120E-03   0.44836E-03   0.44953E-03
 6775.29   0.55875E-03   0.44627E-03   0.44760E-03
 6788.89   0.55635E-03   0.44422E-03   0.44572E-03
 6802.50   0.55400E-03   0.44221E-03   0.44387E-03
 6816.10   0.55166E-03   0.44021E-03   0.44204E-03
 6829.71   0.54933E-03   0.43822E-03   0.44021E-03
 6843.31   0.54697E-03   0.43621E-03   0.43836E-03
 6856.92   0.54457E-03   0.43416E-03   0.43647E-03
 6870.52   0.54196E-03   0.43196E-03   0.43443E-03
 6884.13   0.53945E-03   0.42983E-03   0.43246E-03
 6897.73   0.53820E-03   0.42872E-03   0.43151E-03
 6911.34   0.53562E-03   0.42655E-03   0.42949E-03
 6924.94   0.53321E-03   0.42452E-03   0.42761E-03
 6938.55   0.53086E-03   0.42254E-03   0.42579E-03
 6952.15   0.52856E-03   0.42061E-03   0.42401E-03
 6965.76   0.52630E-03   0.41872E-03   0.42227E-03
 6979.36   0.52407E-03   0.41686E-03   0.42056E-03
 6992.97   0.52186E-03   0.41502E-03   0.41886E-03
 7006.57   0.51965E-03   0.41318E-03   0.41718E-03
 7020.18   0.51739E-03   0.41133E-03   0.41546E-03
 7033.78   0.51497E-03   0.40934E-03   0.41362E-03
 7047.39   0.51250E-03   0.40733E-03   0.41174E-03
 7060.99   0.51111E-03   0.40618E-03   0.41074E-03
 7074.60   0.50872E-03   0.40424E-03   0.40895E-03
 7088.20   0.50640E-03   0.40236E-03   0.40721E-03
 7101.81   0.50410E-03   0.40051E-03   0.40550E-03
 7115.41   0.50183E-03   0.39869E-03   0.40381E-03
 7129.02   0.49959E-03   0.39690E-03   0.40215E-03
 7142.62   0.49738E-03   0.39515E-03   0.40053E-03
 7156.23   0.49521E-03   0.39342E-03   0.39894E-03
 7169.83   0.49306E-03   0.39173E-03   0.39738E-03
 7183.44   0.49092E-03   0.39004E-03   0.39582E-03
 7197.04   0.48874E-03   0.38832E-03   0.39424E-03
 7210.65   0.48646E-03   0.38654E-03   0.39258E-03
 7224.25   0.48469E-03   0.38515E-03   0.39132E-03
 7237.86   0.48250E-03   0.38344E-03   0.38974E-03
 7251.46   0.48032E-03   0.38174E-03   0.38816E-03
 7265.07   0.47813E-03   0.38003E-03   0.38657E-03
 7278.67   0.47594E-03   0.37833E-03   0.38499E-03
 7292.28   0.47377E-03   0.37664E-03   0.38343E-03
 7305.88   0.47163E-03   0.37498E-03   0.38188E-03
 7319.49   0.46952E-03   0.37334E-03   0.38036E-03
 7333.09   0.46746E-03   0.37173E-03   0.37887E-03
 7346.70   0.46543E-03   0.37016E-03   0.37741E-03
 7360.30   0.46343E-03   0.36861E-03   0.37598E-03
 7373.91   0.46145E-03   0.36707E-03   0.37456E-03
 7387.51   0.45950E-03   0.36556E-03   0.37315E-03
 7401.12   0.45753E-03   0.36403E-03   0.37174E-03
 7414.72   0.45556E-03   0.36250E-03   0.37032E-03
 7428.33   0.45356E-03   0.36095E-03   0.36888E-03
 7441.93   0.45155E-03   0.35939E-03   0.36742E-03
 7455.54   0.44953E-03   0.35782E-03   0.36596E-03
 7469.14   0.44751E-03   0.35625E-03   0.36450E-03
 7482.75   0.44550E-03   0.35469E-03   0.36304E-03
 7496.35   0.44351E-03   0.35315E-03   0.36160E-03
 7509.96   0.44155E-03   0.35162E-03   0.36018E-03
 7523.56   0.43959E-03   0.35011E-03   0.35877E-03
 7537.17   0.43779E-03   0.34873E-03   0.35749E-03
 7550.77   0.43603E-03   0.34738E-03   0.35624E-03
 7564.38   0.43414E-03   0.34593E-03   0.35489E-03
 7577.98   0.43229E-03   0.34451E-03   0.35358E-03
 7591.59   0.43044E-03   0.34310E-03   0.35227E-03
 7605.19   0.42858E-03   0.34169E-03   0.35095E-03
 7618.80   0.42670E-03   0.34026E-03   0.34961E-03
 7632.40   0.42479E-03   0.33881E-03   0.34826E-03
 7646.01   0.42286E-03   0.33735E-03   0.34689E-03
 7659.61   0.42091E-03   0.33589E-03   0.34552E-03
 7673.22   0.41895E-03   0.33442E-03   0.34414E-03
 7686.82   0.41696E-03   0.33293E-03   0.34273E-03
 7700.43   0.41467E-03   0.33121E-03   0.34109E-03
 7714.03   0.41403E-03   0.33082E-03   0.34082E-03
 7727.64   0.41179E-03   0.32914E-03   0.33922E-03
 7741.24   0.40990E-03   0.32775E-03   0.33792E-03
 7754.85   0.40807E-03   0.32642E-03   0.33667E-03
 7768.45   0.40627E-03   0.32511E-03   0.33545E-03
 7782.06   0.40447E-03   0.32381E-03   0.33423E-03
 7795.66   0.40265E-03   0.32250E-03   0.33300E-03
 7809.27   0.40081E-03   0.32118E-03   0.33176E-03
 7822.87   0.39895E-03   0.31983E-03   0.33050E-03
 7836.48   0.39704E-03   0.31847E-03   0.32920E-03
 7850.08   0.39509E-03   0.31706E-03   0.32787E-03
 7863.69   0.39297E-03   0.31552E-03   0.32640E-03
 7877.29   0.39118E-03   0.31425E-03   0.32521E-03
 7890.90   0.39032E-03   0.31372E-03   0.32478E-03
 7904.50   0.38825E-03   0.31223E-03   0.32335E-03
 7918.11   0.38639E-03   0.31091E-03   0.32210E-03
 7931.71   0.38461E-03   0.30964E-03   0.32091E-03
 7945.32   0.38287E-03   0.30842E-03   0.31976E-03
 7958.92   0.38116E-03   0.30721E-03   0.31862E-03
 7972.53   0.37945E-03   0.30601E-03   0.31749E-03
 7986.13   0.37774E-03   0.30480E-03   0.31635E-03
 7999.74   0.37600E-03   0.30357E-03   0.31519E-03
 8013.34   0.37423E-03   0.30232E-03   0.31400E-03
 8026.95   0.37237E-03   0.30099E-03   0.31273E-03
 8040.55   0.37013E-03   0.29935E-03   0.31114E-03
 8054.16   0.36836E-03   0.29809E-03   0.30995E-03
 8067.76   0.36794E-03   0.29792E-03   0.30988E-03
 8081.37   0.36603E-03   0.29655E-03   0.30856E-03
 8094.97   0.36427E-03   0.29529E-03   0.30736E-03
 8108.58   0.36257E-03   0.29409E-03   0.30622E-03
 8122.18   0.36093E-03   0.29292E-03   0.30511E-03
 8135.79   0.35932E-03   0.29179E-03   0.30404E-03
 8149.39   0.35773E-03   0.29067E-03   0.30298E-03
 8163.00   0.35615E-03   0.28957E-03   0.30193E-03
 8176.60   0.35457E-03   0.28845E-03   0.30088E-03
 8190.21   0.35296E-03   0.28732E-03   0.29980E-03
 8203.81   0.35126E-03   0.28611E-03   0.29864E-03
 8217.42   0.34904E-03   0.28448E-03   0.29704E-03
 8231.02   0.34923E-03   0.28482E-03   0.29750E-03
 8244.63   0.34702E-03   0.28321E-03   0.29592E-03
 8258.23   0.34528E-03   0.28197E-03   0.29473E-03
 8271.84   0.34360E-03   0.28079E-03   0.29360E-03
 8285.44   0.34196E-03   0.27965E-03   0.29250E-03
 8299.05   0.34036E-03   0.27854E-03   0.29144E-03
 8312.65   0.33879E-03   0.27746E-03   0.29040E-03
 8326.26   0.33724E-03   0.27640E-03   0.28939E-03
 8339.86   0.33573E-03   0.27537E-03   0.28841E-03
 8353.47   0.33422E-03   0.27435E-03   0.28744E-03
 8367.07   0.33271E-03   0.27333E-03   0.28647E-03
 8380.68   0.33115E-03   0.27228E-03   0.28546E-03
 8394.28   0.32929E-03   0.27097E-03   0.28419E-03
 8407.89   0.32865E-03   0.27069E-03   0.28398E-03
 8421.49   0.32688E-03   0.26946E-03   0.28279E-03
 8435.10   0.32526E-03   0.26837E-03   0.28174E-03
 8448.70   0.32366E-03   0.26730E-03   0.28071E-03
 8462.31   0.32207E-03   0.26624E-03   0.27968E-03
 8475.91   0.32049E-03   0.26518E-03   0.27866E-03
 8489.52   0.31892E-03   0.26415E-03   0.27766E-03
 8503.12   0.31739E-03   0.26313E-03   0.27668E-03
 8516.73   0.31588E-03   0.26214E-03   0.27573E-03
 8530.33   0.31439E-03   0.26118E-03   0.27481E-03
 8543.94   0.31294E-03   0.26024E-03   0.27390E-03
 8557.54   0.31150E-03   0.25931E-03   0.27301E-03
 8571.15   0.31003E-03   0.25836E-03   0.27210E-03
 8584.75   0.30873E-03   0.25755E-03   0.27133E-03
 8598.36   0.30726E-03   0.25660E-03   0.27041E-03
 8611.96   0.30580E-03   0.25566E-03   0.26950E-03
 8625.57   0.30433E-03   0.25470E-03   0.26858E-03
 8639.17   0.30285E-03   0.25374E-03   0.26764E-03
 8652.78   0.30137E-03   0.25277E-03   0.26670E-03
 8666.38   0.29988E-03   0.25179E-03   0.26575E-03
 8679.99   0.29840E-03   0.25082E-03   0.26481E-03
 8693.59   0.29693E-03   0.24987E-03   0.26388E-03
 8707.20   0.29550E-03   0.24893E-03   0.26297E-03
 8720.80   0.29409E-03   0.24802E-03   0.26208E-03
 8734.41   0.29271E-03   0.24713E-03   0.26121E-03
 8748.01   0.29135E-03   0.24625E-03   0.26036E-03
 8761.62   0.29008E-03   0.24545E-03   0.25959E-03
 8775.22   0.28876E-03   0.24460E-03   0.25877E-03
 8788.83   0.28744E-03   0.24376E-03   0.25795E-03
 8802.43   0.28613E-03   0.24291E-03   0.25713E-03
 8816.04   0.28480E-03   0.24205E-03   0.25629E-03
 8829.64   0.28346E-03   0.24118E-03   0.25544E-03
 8843.25   0.28210E-03   0.24029E-03   0.25457E-03
 8856.85   0.28073E-03   0.23939E-03   0.25369E-03
 8870.46   0.27935E-03   0.23849E-03   0.25280E-03
 8884.06   0.27797E-03   0.23758E-03   0.25191E-03
 8897.67   0.27660E-03   0.23668E-03   0.25103E-03
 8911.27   0.27523E-03   0.23578E-03   0.25014E-03
 8924.88   0.27383E-03   0.23486E-03   0.24923E-03
 8938.48   0.27267E-03   0.23414E-03   0.24854E-03
 8952.09   0.27166E-03   0.23355E-03   0.24798E-03
 8965.69   0.27032E-03   0.23268E-03   0.24712E-03
 8979.30   0.26905E-03   0.23188E-03   0.24633E-03
 8992.90   0.26781E-03   0.23109E-03   0.24557E-03
 9006.51   0.26656E-03   0.23031E-03   0.24480E-03
 9020.11   0.26531E-03   0.22952E-03   0.24402E-03
 9033.72   0.26403E-03   0.22871E-03   0.24323E-03
 9047.32   0.26274E-03   0.22789E-03   0.24241E-03
 9060.93   0.26142E-03   0.22705E-03   0.24158E-03
 9074.53   0.26008E-03   0.22619E-03   0.24073E-03
 9088.14   0.25871E-03   0.22532E-03   0.23986E-03
 9101.74   0.25729E-03   0.22439E-03   0.23893E-03
 9115.35   0.25544E-03   0.22310E-03   0.23761E-03
 9128.95   0.25587E-03   0.22379E-03   0.23841E-03
 9142.56   0.25402E-03   0.22250E-03   0.23710E-03
 9156.16   0.25267E-03   0.22165E-03   0.23624E-03
 9169.77   0.25141E-03   0.22087E-03   0.23548E-03
 9183.37   0.25019E-03   0.22013E-03   0.23474E-03
 9196.98   0.24898E-03   0.21940E-03   0.23402E-03
 9210.58   0.24778E-03   0.21868E-03   0.23330E-03
 9224.19   0.24657E-03   0.21795E-03   0.23258E-03
 9237.79   0.24534E-03   0.21721E-03   0.23184E-03
 9251.40   0.24409E-03   0.21644E-03   0.23108E-03
 9265.00   0.24280E-03   0.21564E-03   0.23028E-03
 9278.61   0.24147E-03   0.21480E-03   0.22943E-03
 9292.21   0.23997E-03   0.21381E-03   0.22843E-03
 9305.82   0.23881E-03   0.21312E-03   0.22774E-03
 9319.42   0.23865E-03   0.21332E-03   0.22800E-03
 9333.03   0.23707E-03   0.21226E-03   0.22691E-03
 9346.63   0.23576E-03   0.21143E-03   0.22608E-03
 9360.24   0.23453E-03   0.21067E-03   0.22532E-03
 9373.84   0.23335E-03   0.20996E-03   0.22460E-03
 9387.45   0.23220E-03   0.20927E-03   0.22391E-03
 9401.05   0.23108E-03   0.20860E-03   0.22324E-03
 9414.66   0.22996E-03   0.20793E-03   0.22257E-03
 9428.26   0.22884E-03   0.20726E-03   0.22190E-03
 9441.87   0.22771E-03   0.20658E-03   0.22121E-03
 9455.47   0.22655E-03   0.20586E-03   0.22048E-03
 9469.08   0.22532E-03   0.20508E-03   0.21970E-03
 9482.68   0.22386E-03   0.20409E-03   0.21867E-03
 9496.29   0.22275E-03   0.20341E-03   0.21799E-03
 9509.89   0.22266E-03   0.20366E-03   0.21830E-03
 9523.50   0.22128E-03   0.20274E-03   0.21735E-03
 9537.10   0.22007E-03   0.20196E-03   0.21655E-03
 9550.71   0.21891E-03   0.20123E-03   0.21581E-03
 9564.31   0.21779E-03   0.20053E-03   0.21510E-03
 9577.92   0.21670E-03   0.19986E-03   0.21443E-03
 9591.52   0.21565E-03   0.19922E-03   0.21378E-03
 9605.13   0.21461E-03   0.19860E-03   0.21315E-03
 9618.73   0.21359E-03   0.19798E-03   0.21252E-03
 9632.34   0.21256E-03   0.19737E-03   0.21190E-03
 9645.94   0.21153E-03   0.19674E-03   0.21127E-03
 9659.55   0.21044E-03   0.19607E-03   0.21058E-03
 9673.15   0.20917E-03   0.19522E-03   0.20970E-03
 9686.76   0.20809E-03   0.19455E-03   0.20902E-03
 9700.36   0.20780E-03   0.19463E-03   0.20913E-03
 9713.97   0.20660E-03   0.19385E-03   0.20833E-03
 9727.57   0.20548E-03   0.19315E-03   0.20761E-03
 9741.18   0.20438E-03   0.19246E-03   0.20690E-03
 9754.78   0.20330E-03   0.19179E-03   0.20622E-03
 9768.39   0.20224E-03   0.19114E-03   0.20555E-03
 9781.99   0.20120E-03   0.19052E-03   0.20491E-03
 9795.60   0.20018E-03   0.18991E-03   0.20429E-03
 9809.20   0.19919E-03   0.18933E-03   0.20369E-03
 9822.81   0.19821E-03   0.18876E-03   0.20310E-03
 9836.41   0.19724E-03   0.18820E-03   0.20253E-03
 9850.02   0.19626E-03   0.18764E-03   0.20195E-03
 9863.62   0.19522E-03   0.18702E-03   0.20131E-03
 9877.23   0.19418E-03   0.18639E-03   0.20067E-03
 9890.83   0.19352E-03   0.18613E-03   0.20042E-03
 9904.44   0.19249E-03   0.18551E-03   0.19977E-03
 9918.04   0.19146E-03   0.18490E-03   0.19914E-03
 9931.65   0.19043E-03   0.18429E-03   0.19851E-03
 9945.25   0.18940E-03   0.18368E-03   0.19787E-03
 9958.86   0.18837E-03   0.18306E-03   0.19723E-03
 9972.46   0.18735E-03   0.18245E-03   0.19660E-03
 9986.07   0.18635E-03   0.18186E-03   0.19598E-03
 9999.67   0.18536E-03   0.18128E-03   0.19538E-03
