 1550.97   0.31015E-01   0.29904E-01   0.29719E-01
 1564.57   0.30646E-01   0.29547E-01   0.29370E-01
 1578.18   0.30286E-01   0.29199E-01   0.29030E-01
 1591.78   0.29929E-01   0.28854E-01   0.28692E-01
 1605.39   0.29578E-01   0.28515E-01   0.28360E-01
 1618.99   0.29232E-01   0.28181E-01   0.28034E-01
 1632.60   0.28891E-01   0.27851E-01   0.27711E-01
 1646.20   0.28557E-01   0.27529E-01   0.27396E-01
 1659.81   0.28225E-01   0.27208E-01   0.27082E-01
 1673.41   0.27898E-01   0.26893E-01   0.26773E-01
 1687.02   0.27577E-01   0.26583E-01   0.26470E-01
 1700.62   0.27260E-01   0.26278E-01   0.26171E-01
 1714.23   0.26948E-01   0.25977E-01   0.25877E-01
 1727.83   0.26642E-01   0.25682E-01   0.25588E-01
 1741.44   0.26338E-01   0.25390E-01   0.25301E-01
 1755.04   0.26039E-01   0.25102E-01   0.25019E-01
 1768.65   0.25745E-01   0.24819E-01   0.24742E-01
 1782.25   0.25455E-01   0.24540E-01   0.24469E-01
 1795.86   0.25170E-01   0.24265E-01   0.24200E-01
 1809.46   0.24889E-01   0.23995E-01   0.23935E-01
 1823.07   0.24611E-01   0.23729E-01   0.23673E-01
 1836.67   0.24338E-01   0.23466E-01   0.23415E-01
 1850.28   0.24068E-01   0.23206E-01   0.23161E-01
 1863.88   0.23802E-01   0.22951E-01   0.22911E-01
 1877.49   0.23540E-01   0.22700E-01   0.22664E-01
 1891.09   0.23282E-01   0.22452E-01   0.22422E-01
 1904.70   0.23028E-01   0.22208E-01   0.22182E-01
 1918.30   0.22776E-01   0.21968E-01   0.21946E-01
 1931.91   0.22529E-01   0.21730E-01   0.21712E-01
 1945.51   0.22284E-01   0.21495E-01   0.21482E-01
 1959.12   0.22043E-01   0.21264E-01   0.21255E-01
 1972.72   0.21806E-01   0.21038E-01   0.21033E-01
 1986.33   0.21571E-01   0.20813E-01   0.20812E-01
 1999.93   0.21340E-01   0.20592E-01   0.20595E-01
 2013.54   0.21112E-01   0.20373E-01   0.20380E-01
 2027.14   0.20887E-01   0.20158E-01   0.20168E-01
 2040.75   0.20664E-01   0.19945E-01   0.19959E-01
 2054.35   0.20444E-01   0.19734E-01   0.19752E-01
 2067.96   0.20230E-01   0.19530E-01   0.19551E-01
 2081.56   0.20017E-01   0.19326E-01   0.19351E-01
 2095.17   0.19807E-01   0.19126E-01   0.19153E-01
 2108.77   0.19600E-01   0.18928E-01   0.18959E-01
 2122.38   0.19395E-01   0.18732E-01   0.18766E-01
 2135.98   0.19192E-01   0.18538E-01   0.18575E-01
 2149.59   0.18995E-01   0.18351E-01   0.18391E-01
 2163.19   0.18798E-01   0.18163E-01   0.18205E-01
 2176.80   0.18604E-01   0.17978E-01   0.18023E-01
 2190.40   0.18413E-01   0.17795E-01   0.17844E-01
 2204.01   0.18224E-01   0.17615E-01   0.17667E-01
 2217.61   0.18037E-01   0.17438E-01   0.17491E-01
 2231.22   0.17852E-01   0.17261E-01   0.17317E-01
 2244.82   0.17673E-01   0.17090E-01   0.17149E-01
 2258.43   0.17493E-01   0.16919E-01   0.16980E-01
 2272.03   0.17316E-01   0.16750E-01   0.16814E-01
 2285.64   0.17141E-01   0.16584E-01   0.16650E-01
 2299.24   0.16969E-01   0.16420E-01   0.16488E-01
 2312.85   0.16799E-01   0.16258E-01   0.16328E-01
 2326.45   0.16629E-01   0.16096E-01   0.16169E-01
 2340.06   0.16466E-01   0.15941E-01   0.16016E-01
 2353.66   0.16301E-01   0.15785E-01   0.15861E-01
 2367.27   0.16139E-01   0.15631E-01   0.15709E-01
 2380.87   0.15979E-01   0.15479E-01   0.15559E-01
 2394.48   0.15822E-01   0.15329E-01   0.15411E-01
 2408.08   0.15666E-01   0.15181E-01   0.15265E-01
 2421.69   0.15512E-01   0.15035E-01   0.15120E-01
 2435.29   0.15361E-01   0.14891E-01   0.14979E-01
 2448.90   0.15211E-01   0.14749E-01   0.14838E-01
 2462.50   0.15063E-01   0.14608E-01   0.14698E-01
 2476.11   0.14916E-01   0.14469E-01   0.14561E-01
 2489.71   0.14772E-01   0.14332E-01   0.14425E-01
 2503.32   0.14630E-01   0.14196E-01   0.14292E-01
 2516.92   0.14489E-01   0.14063E-01   0.14160E-01
 2530.53   0.14350E-01   0.13931E-01   0.14029E-01
 2544.13   0.14213E-01   0.13801E-01   0.13900E-01
 2557.74   0.14077E-01   0.13672E-01   0.13773E-01
 2571.34   0.13943E-01   0.13545E-01   0.13647E-01
 2584.95   0.13810E-01   0.13419E-01   0.13522E-01
 2598.55   0.13679E-01   0.13295E-01   0.13399E-01
 2612.16   0.13550E-01   0.13172E-01   0.13278E-01
 2625.76   0.13423E-01   0.13051E-01   0.13158E-01
 2639.37   0.13297E-01   0.12932E-01   0.13040E-01
 2652.97   0.13172E-01   0.12814E-01   0.12922E-01
 2666.58   0.13049E-01   0.12697E-01   0.12807E-01
 2680.18   0.12927E-01   0.12581E-01   0.12692E-01
 2693.79   0.12806E-01   0.12467E-01   0.12578E-01
 2707.39   0.12686E-01   0.12353E-01   0.12466E-01
 2721.00   0.12570E-01   0.12244E-01   0.12357E-01
 2734.60   0.12454E-01   0.12133E-01   0.12247E-01
 2748.21   0.12340E-01   0.12025E-01   0.12140E-01
 2761.81   0.12226E-01   0.11917E-01   0.12033E-01
 2775.42   0.12114E-01   0.11811E-01   0.11928E-01
 2789.02   0.12003E-01   0.11706E-01   0.11823E-01
 2802.63   0.11893E-01   0.11602E-01   0.11719E-01
 2816.23   0.11784E-01   0.11499E-01   0.11617E-01
 2829.84   0.11679E-01   0.11399E-01   0.11518E-01
 2843.44   0.11573E-01   0.11299E-01   0.11419E-01
 2857.05   0.11469E-01   0.11200E-01   0.11320E-01
 2870.65   0.11366E-01   0.11103E-01   0.11223E-01
 2884.26   0.11264E-01   0.11006E-01   0.11127E-01
 2897.86   0.11163E-01   0.10910E-01   0.11032E-01
 2911.47   0.11062E-01   0.10814E-01   0.10936E-01
 2925.07   0.10967E-01   0.10724E-01   0.10847E-01
 2938.68   0.10868E-01   0.10631E-01   0.10754E-01
 2952.28   0.10771E-01   0.10539E-01   0.10663E-01
 2965.89   0.10676E-01   0.10449E-01   0.10573E-01
 2979.49   0.10582E-01   0.10360E-01   0.10484E-01
 2993.10   0.10489E-01   0.10272E-01   0.10397E-01
 3006.70   0.10397E-01   0.10185E-01   0.10309E-01
 3020.31   0.10305E-01   0.10097E-01   0.10222E-01
 3033.91   0.10217E-01   0.10015E-01   0.10140E-01
 3047.52   0.10127E-01   0.99294E-02   0.10055E-01
 3061.12   0.10039E-01   0.98457E-02   0.99715E-02
 3074.73   0.99518E-02   0.97632E-02   0.98892E-02
 3088.33   0.98658E-02   0.96817E-02   0.98079E-02
 3101.94   0.97809E-02   0.96012E-02   0.97276E-02
 3115.54   0.96968E-02   0.95215E-02   0.96480E-02
 3129.15   0.96127E-02   0.94419E-02   0.95685E-02
 3142.75   0.95322E-02   0.93656E-02   0.94924E-02
 3156.36   0.94503E-02   0.92880E-02   0.94149E-02
 3169.96   0.93695E-02   0.92114E-02   0.93383E-02
 3183.57   0.92896E-02   0.91357E-02   0.92627E-02
 3197.17   0.92108E-02   0.90609E-02   0.91880E-02
 3210.78   0.91330E-02   0.89872E-02   0.91144E-02
 3224.38   0.90562E-02   0.89144E-02   0.90415E-02
 3237.99   0.89799E-02   0.88421E-02   0.89692E-02
 3251.59   0.89053E-02   0.87713E-02   0.88985E-02
 3265.20   0.88307E-02   0.87005E-02   0.88277E-02
 3278.80   0.87567E-02   0.86304E-02   0.87575E-02
 3292.41   0.86835E-02   0.85609E-02   0.86880E-02
 3306.01   0.86112E-02   0.84922E-02   0.86193E-02
 3319.62   0.85397E-02   0.84244E-02   0.85514E-02
 3333.22   0.84691E-02   0.83575E-02   0.84844E-02
 3346.83   0.83995E-02   0.82914E-02   0.84182E-02
 3360.43   0.83307E-02   0.82260E-02   0.83527E-02
 3374.04   0.82625E-02   0.81613E-02   0.82879E-02
 3387.64   0.81948E-02   0.80971E-02   0.82235E-02
 3401.25   0.81278E-02   0.80334E-02   0.81597E-02
 3414.85   0.80613E-02   0.79702E-02   0.80964E-02
 3428.46   0.79954E-02   0.79076E-02   0.80336E-02
 3442.06   0.79303E-02   0.78458E-02   0.79716E-02
 3455.67   0.78658E-02   0.77844E-02   0.79101E-02
 3469.27   0.78034E-02   0.77251E-02   0.78506E-02
 3482.88   0.77405E-02   0.76653E-02   0.77906E-02
 3496.48   0.76785E-02   0.76063E-02   0.77314E-02
 3510.09   0.76170E-02   0.75479E-02   0.76727E-02
 3523.69   0.75561E-02   0.74899E-02   0.76145E-02
 3537.30   0.74955E-02   0.74323E-02   0.75567E-02
 3550.90   0.74355E-02   0.73751E-02   0.74993E-02
 3564.51   0.73759E-02   0.73183E-02   0.74422E-02
 3578.11   0.73166E-02   0.72618E-02   0.73854E-02
 3591.72   0.72609E-02   0.72089E-02   0.73323E-02
 3605.32   0.72036E-02   0.71542E-02   0.72774E-02
 3618.93   0.71471E-02   0.71004E-02   0.72233E-02
 3632.53   0.70912E-02   0.70471E-02   0.71697E-02
 3646.14   0.70357E-02   0.69943E-02   0.71165E-02
 3659.74   0.69806E-02   0.69417E-02   0.70637E-02
 3673.35   0.69257E-02   0.68894E-02   0.70110E-02
 3686.95   0.68701E-02   0.68362E-02   0.69575E-02
 3700.56   0.68209E-02   0.67894E-02   0.69105E-02
 3714.16   0.67668E-02   0.67377E-02   0.68584E-02
 3727.77   0.67144E-02   0.66877E-02   0.68081E-02
 3741.37   0.66628E-02   0.66384E-02   0.67585E-02
 3754.98   0.66119E-02   0.65897E-02   0.67094E-02
 3768.58   0.65613E-02   0.65414E-02   0.66608E-02
 3782.19   0.65111E-02   0.64934E-02   0.66125E-02
 3795.79   0.64610E-02   0.64454E-02   0.65641E-02
 3809.40   0.64107E-02   0.63973E-02   0.65156E-02
 3823.00   0.63651E-02   0.63538E-02   0.64718E-02
 3836.61   0.63160E-02   0.63068E-02   0.64244E-02
 3850.21   0.62680E-02   0.62608E-02   0.63780E-02
 3863.82   0.62208E-02   0.62155E-02   0.63324E-02
 3877.42   0.61741E-02   0.61708E-02   0.62873E-02
 3891.03   0.61280E-02   0.61266E-02   0.62428E-02
 3904.63   0.60822E-02   0.60828E-02   0.61985E-02
 3918.24   0.60365E-02   0.60389E-02   0.61542E-02
 3931.84   0.59902E-02   0.59944E-02   0.61093E-02
 3945.45   0.59486E-02   0.59546E-02   0.60692E-02
 3959.05   0.59039E-02   0.59117E-02   0.60258E-02
 3972.66   0.58599E-02   0.58694E-02   0.59832E-02
 3986.26   0.58165E-02   0.58277E-02   0.59411E-02
 3999.87   0.57738E-02   0.57866E-02   0.58995E-02
 4013.47   0.57315E-02   0.57460E-02   0.58585E-02
 4027.08   0.56898E-02   0.57058E-02   0.58179E-02
 4040.68   0.56482E-02   0.56659E-02   0.57776E-02
 4054.29   0.56064E-02   0.56255E-02   0.57368E-02
 4067.89   0.55673E-02   0.55880E-02   0.56989E-02
 4081.50   0.55267E-02   0.55488E-02   0.56593E-02
 4095.10   0.54865E-02   0.55101E-02   0.56201E-02
 4108.71   0.54466E-02   0.54716E-02   0.55813E-02
 4122.31   0.54073E-02   0.54337E-02   0.55429E-02
 4135.92   0.53684E-02   0.53962E-02   0.55050E-02
 4149.52   0.53301E-02   0.53592E-02   0.54675E-02
 4163.13   0.52922E-02   0.53226E-02   0.54305E-02
 4176.73   0.52546E-02   0.52863E-02   0.53938E-02
 4190.34   0.52177E-02   0.52507E-02   0.53577E-02
 4203.94   0.51808E-02   0.52150E-02   0.53216E-02
 4217.55   0.51441E-02   0.51794E-02   0.52856E-02
 4231.15   0.51076E-02   0.51441E-02   0.52499E-02
 4244.76   0.50714E-02   0.51091E-02   0.52144E-02
 4258.36   0.50355E-02   0.50743E-02   0.51792E-02
 4271.97   0.50001E-02   0.50400E-02   0.51445E-02
 4285.57   0.49652E-02   0.50062E-02   0.51102E-02
 4299.18   0.49308E-02   0.49729E-02   0.50764E-02
 4312.78   0.48968E-02   0.49398E-02   0.50429E-02
 4326.39   0.48630E-02   0.49070E-02   0.50097E-02
 4339.99   0.48295E-02   0.48745E-02   0.49767E-02
 4353.60   0.47961E-02   0.48421E-02   0.49439E-02
 4367.20   0.47629E-02   0.48098E-02   0.49112E-02
 4380.81   0.47300E-02   0.47777E-02   0.48786E-02
 4394.41   0.46972E-02   0.47459E-02   0.48463E-02
 4408.02   0.46648E-02   0.47143E-02   0.48143E-02
 4421.62   0.46325E-02   0.46828E-02   0.47823E-02
 4435.23   0.46029E-02   0.46540E-02   0.47531E-02
 4448.83   0.45709E-02   0.46228E-02   0.47215E-02
 4462.44   0.45400E-02   0.45927E-02   0.46909E-02
 4476.04   0.45095E-02   0.45629E-02   0.46607E-02
 4489.65   0.44791E-02   0.45333E-02   0.46306E-02
 4503.25   0.44490E-02   0.45038E-02   0.46007E-02
 4516.86   0.44189E-02   0.44744E-02   0.45709E-02
 4530.46   0.43889E-02   0.44451E-02   0.45411E-02
 4544.07   0.43590E-02   0.44158E-02   0.45114E-02
 4557.67   0.43295E-02   0.43869E-02   0.44821E-02
 4571.28   0.43029E-02   0.43609E-02   0.44556E-02
 4584.88   0.42738E-02   0.43323E-02   0.44266E-02
 4598.49   0.42455E-02   0.43046E-02   0.43985E-02
 4612.09   0.42176E-02   0.42773E-02   0.43707E-02
 4625.70   0.41900E-02   0.42502E-02   0.43431E-02
 4639.30   0.41625E-02   0.42232E-02   0.43157E-02
 4652.91   0.41351E-02   0.41962E-02   0.42884E-02
 4666.51   0.41077E-02   0.41693E-02   0.42609E-02
 4680.12   0.40798E-02   0.41418E-02   0.42330E-02
 4693.72   0.40514E-02   0.41138E-02   0.42046E-02
 4707.33   0.40292E-02   0.40921E-02   0.41825E-02
 4720.93   0.40025E-02   0.40658E-02   0.41557E-02
 4734.54   0.39765E-02   0.40402E-02   0.41297E-02
 4748.14   0.39510E-02   0.40149E-02   0.41040E-02
 4761.75   0.39257E-02   0.39900E-02   0.40787E-02
 4775.35   0.39006E-02   0.39653E-02   0.40535E-02
 4788.96   0.38757E-02   0.39406E-02   0.40284E-02
 4802.56   0.38507E-02   0.39159E-02   0.40033E-02
 4816.17   0.38247E-02   0.38901E-02   0.39771E-02
 4829.77   0.38055E-02   0.38713E-02   0.39579E-02
 4843.38   0.37789E-02   0.38449E-02   0.39310E-02
 4856.98   0.37544E-02   0.38206E-02   0.39064E-02
 4870.59   0.37305E-02   0.37969E-02   0.38822E-02
 4884.19   0.37069E-02   0.37735E-02   0.38584E-02
 4897.80   0.36837E-02   0.37505E-02   0.38350E-02
 4911.40   0.36608E-02   0.37277E-02   0.38118E-02
 4925.01   0.36381E-02   0.37051E-02   0.37888E-02
 4938.61   0.36153E-02   0.36825E-02   0.37658E-02
 4952.22   0.35919E-02   0.36592E-02   0.37420E-02
 4965.82   0.35730E-02   0.36404E-02   0.37229E-02
 4979.43   0.35495E-02   0.36170E-02   0.36991E-02
 4993.03   0.35272E-02   0.35948E-02   0.36764E-02
 5006.64   0.35051E-02   0.35728E-02   0.36540E-02
 5020.24   0.34834E-02   0.35511E-02   0.36319E-02
 5033.85   0.34620E-02   0.35297E-02   0.36101E-02
 5047.45   0.34409E-02   0.35086E-02   0.35887E-02
 5061.06   0.34200E-02   0.34878E-02   0.35675E-02
 5074.66   0.33994E-02   0.34672E-02   0.35464E-02
 5088.27   0.33786E-02   0.34464E-02   0.35253E-02
 5101.87   0.33597E-02   0.34274E-02   0.35059E-02
 5115.48   0.33389E-02   0.34066E-02   0.34847E-02
 5129.08   0.33186E-02   0.33862E-02   0.34640E-02
 5142.69   0.32984E-02   0.33660E-02   0.34433E-02
 5156.29   0.32784E-02   0.33459E-02   0.34229E-02
 5169.90   0.32586E-02   0.33260E-02   0.34026E-02
 5183.50   0.32390E-02   0.33063E-02   0.33825E-02
 5197.11   0.32198E-02   0.32870E-02   0.33628E-02
 5210.71   0.32008E-02   0.32679E-02   0.33433E-02
 5224.32   0.31820E-02   0.32490E-02   0.33241E-02
 5237.92   0.31633E-02   0.32301E-02   0.33048E-02
 5251.53   0.31451E-02   0.32117E-02   0.32861E-02
 5265.13   0.31267E-02   0.31932E-02   0.32672E-02
 5278.74   0.31083E-02   0.31747E-02   0.32483E-02
 5292.34   0.30900E-02   0.31562E-02   0.32294E-02
 5305.95   0.30718E-02   0.31377E-02   0.32106E-02
 5319.55   0.30537E-02   0.31194E-02   0.31919E-02
 5333.16   0.30357E-02   0.31013E-02   0.31734E-02
 5346.76   0.30180E-02   0.30833E-02   0.31551E-02
 5360.37   0.30005E-02   0.30656E-02   0.31371E-02
 5373.97   0.29835E-02   0.30484E-02   0.31195E-02
 5387.58   0.29667E-02   0.30313E-02   0.31021E-02
 5401.18   0.29498E-02   0.30142E-02   0.30846E-02
 5414.79   0.29331E-02   0.29972E-02   0.30673E-02
 5428.39   0.29164E-02   0.29802E-02   0.30500E-02
 5442.00   0.28998E-02   0.29633E-02   0.30327E-02
 5455.60   0.28831E-02   0.29464E-02   0.30154E-02
 5469.21   0.28665E-02   0.29295E-02   0.29982E-02
 5482.81   0.28500E-02   0.29126E-02   0.29810E-02
 5496.42   0.28336E-02   0.28959E-02   0.29639E-02
 5510.02   0.28168E-02   0.28788E-02   0.29464E-02
 5523.63   0.28037E-02   0.28653E-02   0.29328E-02
 5537.23   0.27870E-02   0.28483E-02   0.29154E-02
 5550.84   0.27714E-02   0.28324E-02   0.28992E-02
 5564.44   0.27561E-02   0.28168E-02   0.28832E-02
 5578.05   0.27409E-02   0.28012E-02   0.28673E-02
 5591.65   0.27258E-02   0.27857E-02   0.28515E-02
 5605.26   0.27106E-02   0.27701E-02   0.28356E-02
 5618.86   0.26954E-02   0.27545E-02   0.28197E-02
 5632.47   0.26802E-02   0.27389E-02   0.28037E-02
 5646.07   0.26647E-02   0.27231E-02   0.27876E-02
 5659.68   0.26498E-02   0.27077E-02   0.27719E-02
 5673.28   0.26378E-02   0.26954E-02   0.27594E-02
 5686.89   0.26226E-02   0.26798E-02   0.27434E-02
 5700.49   0.26082E-02   0.26649E-02   0.27282E-02
 5714.10   0.25941E-02   0.26504E-02   0.27134E-02
 5727.70   0.25801E-02   0.26360E-02   0.26988E-02
 5741.31   0.25663E-02   0.26218E-02   0.26842E-02
 5754.91   0.25525E-02   0.26075E-02   0.26696E-02
 5768.52   0.25386E-02   0.25932E-02   0.26550E-02
 5782.12   0.25246E-02   0.25787E-02   0.26403E-02
 5795.73   0.25100E-02   0.25637E-02   0.26249E-02
 5809.33   0.24957E-02   0.25488E-02   0.26098E-02
 5822.94   0.24860E-02   0.25387E-02   0.25995E-02
 5836.54   0.24719E-02   0.25242E-02   0.25846E-02
 5850.15   0.24585E-02   0.25103E-02   0.25704E-02
 5863.75   0.24454E-02   0.24967E-02   0.25566E-02
 5877.36   0.24325E-02   0.24834E-02   0.25430E-02
 5890.96   0.24199E-02   0.24702E-02   0.25295E-02
 5904.57   0.24073E-02   0.24571E-02   0.25162E-02
 5918.17   0.23946E-02   0.24440E-02   0.25028E-02
 5931.78   0.23819E-02   0.24308E-02   0.24893E-02
 5945.38   0.23685E-02   0.24168E-02   0.24750E-02
 5958.99   0.23548E-02   0.24026E-02   0.24605E-02
 5972.59   0.23464E-02   0.23937E-02   0.24515E-02
 5986.20   0.23335E-02   0.23803E-02   0.24378E-02
 5999.80   0.23210E-02   0.23673E-02   0.24245E-02
 6013.41   0.23089E-02   0.23546E-02   0.24116E-02
 6027.01   0.22969E-02   0.23421E-02   0.23988E-02
 6040.62   0.22852E-02   0.23299E-02   0.23863E-02
 6054.22   0.22736E-02   0.23178E-02   0.23740E-02
 6067.83   0.22621E-02   0.23057E-02   0.23617E-02
 6081.43   0.22506E-02   0.22937E-02   0.23494E-02
 6095.04   0.22387E-02   0.22813E-02   0.23367E-02
 6108.64   0.22264E-02   0.22684E-02   0.23236E-02
 6122.25   0.22177E-02   0.22592E-02   0.23142E-02
 6135.85   0.22060E-02   0.22470E-02   0.23017E-02
 6149.46   0.21946E-02   0.22350E-02   0.22895E-02
 6163.06   0.21833E-02   0.22231E-02   0.22774E-02
 6176.67   0.21722E-02   0.22114E-02   0.22654E-02
 6190.27   0.21612E-02   0.21999E-02   0.22537E-02
 6203.88   0.21504E-02   0.21885E-02   0.22421E-02
 6217.48   0.21398E-02   0.21773E-02   0.22307E-02
 6231.09   0.21293E-02   0.21663E-02   0.22195E-02
 6244.69   0.21189E-02   0.21553E-02   0.22082E-02
 6258.30   0.21082E-02   0.21440E-02   0.21967E-02
 6271.90   0.20987E-02   0.21340E-02   0.21865E-02
 6285.51   0.20883E-02   0.21230E-02   0.21753E-02
 6299.11   0.20779E-02   0.21120E-02   0.21641E-02
 6312.72   0.20676E-02   0.21011E-02   0.21530E-02
 6326.32   0.20572E-02   0.20902E-02   0.21418E-02
 6339.93   0.20470E-02   0.20793E-02   0.21308E-02
 6353.53   0.20369E-02   0.20686E-02   0.21198E-02
 6367.14   0.20269E-02   0.20581E-02   0.21091E-02
 6380.74   0.20171E-02   0.20477E-02   0.20985E-02
 6394.35   0.20075E-02   0.20375E-02   0.20881E-02
 6407.95   0.19980E-02   0.20275E-02   0.20779E-02
 6421.56   0.19886E-02   0.20175E-02   0.20677E-02
 6435.16   0.19792E-02   0.20075E-02   0.20575E-02
 6448.77   0.19699E-02   0.19975E-02   0.20474E-02
 6462.37   0.19605E-02   0.19875E-02   0.20372E-02
 6475.98   0.19510E-02   0.19775E-02   0.20269E-02
 6489.58   0.19415E-02   0.19674E-02   0.20167E-02
 6503.19   0.19321E-02   0.19574E-02   0.20065E-02
 6516.79   0.19227E-02   0.19474E-02   0.19963E-02
 6530.40   0.19135E-02   0.19375E-02   0.19862E-02
 6544.00   0.19043E-02   0.19278E-02   0.19763E-02
 6557.61   0.18951E-02   0.19180E-02   0.19663E-02
 6571.21   0.18866E-02   0.19089E-02   0.19571E-02
 6584.82   0.18783E-02   0.19000E-02   0.19480E-02
 6598.42   0.18696E-02   0.18907E-02   0.19385E-02
 6612.03   0.18611E-02   0.18816E-02   0.19292E-02
 6625.63   0.18525E-02   0.18724E-02   0.19199E-02
 6639.24   0.18439E-02   0.18632E-02   0.19105E-02
 6652.84   0.18352E-02   0.18539E-02   0.19010E-02
 6666.45   0.18265E-02   0.18446E-02   0.18916E-02
 6680.05   0.18178E-02   0.18353E-02   0.18821E-02
 6693.66   0.18091E-02   0.18260E-02   0.18726E-02
 6707.26   0.18003E-02   0.18166E-02   0.18630E-02
 6720.87   0.17921E-02   0.18078E-02   0.18541E-02
 6734.47   0.17857E-02   0.18008E-02   0.18469E-02
 6748.08   0.17769E-02   0.17914E-02   0.18374E-02
 6761.68   0.17688E-02   0.17827E-02   0.18285E-02
 6775.29   0.17608E-02   0.17742E-02   0.18198E-02
 6788.89   0.17530E-02   0.17657E-02   0.18112E-02
 6802.50   0.17451E-02   0.17572E-02   0.18026E-02
 6816.10   0.17372E-02   0.17487E-02   0.17940E-02
 6829.71   0.17292E-02   0.17402E-02   0.17853E-02
 6843.31   0.17212E-02   0.17315E-02   0.17765E-02
 6856.92   0.17130E-02   0.17227E-02   0.17675E-02
 6870.52   0.17042E-02   0.17134E-02   0.17580E-02
 6884.13   0.16964E-02   0.17050E-02   0.17494E-02
 6897.73   0.16918E-02   0.16998E-02   0.17441E-02
 6911.34   0.16835E-02   0.16909E-02   0.17351E-02
 6924.94   0.16758E-02   0.16826E-02   0.17267E-02
 6938.55   0.16683E-02   0.16746E-02   0.17185E-02
 6952.15   0.16610E-02   0.16667E-02   0.17105E-02
 6965.76   0.16538E-02   0.16589E-02   0.17026E-02
 6979.36   0.16466E-02   0.16511E-02   0.16946E-02
 6992.97   0.16393E-02   0.16433E-02   0.16867E-02
 7006.57   0.16320E-02   0.16353E-02   0.16786E-02
 7020.18   0.16244E-02   0.16271E-02   0.16702E-02
 7033.78   0.16158E-02   0.16180E-02   0.16610E-02
 7047.39   0.16081E-02   0.16097E-02   0.16525E-02
 7060.99   0.16050E-02   0.16060E-02   0.16488E-02
 7074.60   0.15972E-02   0.15976E-02   0.16403E-02
 7088.20   0.15899E-02   0.15898E-02   0.16323E-02
 7101.81   0.15829E-02   0.15822E-02   0.16246E-02
 7115.41   0.15760E-02   0.15747E-02   0.16170E-02
 7129.02   0.15693E-02   0.15674E-02   0.16096E-02
 7142.62   0.15626E-02   0.15602E-02   0.16023E-02
 7156.23   0.15560E-02   0.15531E-02   0.15950E-02
 7169.83   0.15493E-02   0.15458E-02   0.15876E-02
 7183.44   0.15425E-02   0.15384E-02   0.15801E-02
 7197.04   0.15348E-02   0.15302E-02   0.15717E-02
 7210.65   0.15274E-02   0.15222E-02   0.15636E-02
 7224.25   0.15245E-02   0.15187E-02   0.15601E-02
 7237.86   0.15173E-02   0.15109E-02   0.15522E-02
 7251.46   0.15104E-02   0.15036E-02   0.15447E-02
 7265.07   0.15037E-02   0.14964E-02   0.15374E-02
 7278.67   0.14972E-02   0.14893E-02   0.15302E-02
 7292.28   0.14909E-02   0.14824E-02   0.15232E-02
 7305.88   0.14847E-02   0.14756E-02   0.15164E-02
 7319.49   0.14785E-02   0.14690E-02   0.15096E-02
 7333.09   0.14725E-02   0.14624E-02   0.15029E-02
 7346.70   0.14663E-02   0.14557E-02   0.14961E-02
 7360.30   0.14599E-02   0.14487E-02   0.14891E-02
 7373.91   0.14533E-02   0.14416E-02   0.14818E-02
 7387.51   0.14493E-02   0.14371E-02   0.14773E-02
 7401.12   0.14429E-02   0.14301E-02   0.14702E-02
 7414.72   0.14366E-02   0.14233E-02   0.14633E-02
 7428.33   0.14304E-02   0.14166E-02   0.14564E-02
 7441.93   0.14242E-02   0.14099E-02   0.14497E-02
 7455.54   0.14182E-02   0.14033E-02   0.14430E-02
 7469.14   0.14122E-02   0.13969E-02   0.14365E-02
 7482.75   0.14064E-02   0.13906E-02   0.14301E-02
 7496.35   0.14007E-02   0.13844E-02   0.14238E-02
 7509.96   0.13951E-02   0.13783E-02   0.14176E-02
 7523.56   0.13896E-02   0.13722E-02   0.14114E-02
 7537.17   0.13839E-02   0.13660E-02   0.14052E-02
 7550.77   0.13789E-02   0.13605E-02   0.13996E-02
 7564.38   0.13733E-02   0.13544E-02   0.13934E-02
 7577.98   0.13677E-02   0.13483E-02   0.13872E-02
 7591.59   0.13620E-02   0.13421E-02   0.13810E-02
 7605.19   0.13563E-02   0.13359E-02   0.13747E-02
 7618.80   0.13506E-02   0.13298E-02   0.13685E-02
 7632.40   0.13449E-02   0.13236E-02   0.13622E-02
 7646.01   0.13394E-02   0.13176E-02   0.13561E-02
 7659.61   0.13339E-02   0.13116E-02   0.13501E-02
 7673.22   0.13285E-02   0.13058E-02   0.13442E-02
 7686.82   0.13233E-02   0.13001E-02   0.13384E-02
 7700.43   0.13181E-02   0.12944E-02   0.13327E-02
 7714.03   0.13131E-02   0.12890E-02   0.13272E-02
 7727.64   0.13081E-02   0.12834E-02   0.13216E-02
 7741.24   0.13030E-02   0.12779E-02   0.13160E-02
 7754.85   0.12979E-02   0.12724E-02   0.13103E-02
 7768.45   0.12927E-02   0.12668E-02   0.13047E-02
 7782.06   0.12875E-02   0.12611E-02   0.12989E-02
 7795.66   0.12823E-02   0.12554E-02   0.12932E-02
 7809.27   0.12770E-02   0.12497E-02   0.12874E-02
 7822.87   0.12717E-02   0.12440E-02   0.12816E-02
 7836.48   0.12665E-02   0.12383E-02   0.12758E-02
 7850.08   0.12613E-02   0.12327E-02   0.12702E-02
 7863.69   0.12561E-02   0.12271E-02   0.12645E-02
 7877.29   0.12516E-02   0.12221E-02   0.12595E-02
 7890.90   0.12474E-02   0.12174E-02   0.12548E-02
 7904.50   0.12424E-02   0.12121E-02   0.12493E-02
 7918.11   0.12377E-02   0.12069E-02   0.12441E-02
 7931.71   0.12330E-02   0.12018E-02   0.12390E-02
 7945.32   0.12283E-02   0.11967E-02   0.12338E-02
 7958.92   0.12235E-02   0.11915E-02   0.12285E-02
 7972.53   0.12186E-02   0.11862E-02   0.12232E-02
 7986.13   0.12137E-02   0.11809E-02   0.12179E-02
 7999.74   0.12088E-02   0.11756E-02   0.12124E-02
 8013.34   0.12038E-02   0.11702E-02   0.12070E-02
 8026.95   0.11986E-02   0.11647E-02   0.12014E-02
 8040.55   0.11928E-02   0.11585E-02   0.11951E-02
 8054.16   0.11887E-02   0.11540E-02   0.11906E-02
 8067.76   0.11862E-02   0.11511E-02   0.11877E-02
 8081.37   0.11814E-02   0.11458E-02   0.11824E-02
 8094.97   0.11768E-02   0.11409E-02   0.11774E-02
 8108.58   0.11724E-02   0.11361E-02   0.11726E-02
 8122.18   0.11680E-02   0.11314E-02   0.11678E-02
 8135.79   0.11637E-02   0.11266E-02   0.11630E-02
 8149.39   0.11592E-02   0.11218E-02   0.11581E-02
 8163.00   0.11547E-02   0.11170E-02   0.11532E-02
 8176.60   0.11501E-02   0.11120E-02   0.11482E-02
 8190.21   0.11453E-02   0.11069E-02   0.11431E-02
 8203.81   0.11403E-02   0.11015E-02   0.11376E-02
 8217.42   0.11332E-02   0.10942E-02   0.11301E-02
 8231.02   0.11360E-02   0.10965E-02   0.11326E-02
 8244.63   0.11293E-02   0.10894E-02   0.11254E-02
 8258.23   0.11245E-02   0.10843E-02   0.11202E-02
 8271.84   0.11200E-02   0.10795E-02   0.11154E-02
 8285.44   0.11158E-02   0.10750E-02   0.11108E-02
 8299.05   0.11116E-02   0.10705E-02   0.11063E-02
 8312.65   0.11076E-02   0.10661E-02   0.11019E-02
 8326.26   0.11035E-02   0.10617E-02   0.10975E-02
 8339.86   0.10994E-02   0.10573E-02   0.10930E-02
 8353.47   0.10952E-02   0.10528E-02   0.10884E-02
 8367.07   0.10908E-02   0.10481E-02   0.10837E-02
 8380.68   0.10860E-02   0.10431E-02   0.10786E-02
 8394.28   0.10785E-02   0.10353E-02   0.10708E-02
 8407.89   0.10823E-02   0.10385E-02   0.10742E-02
 8421.49   0.10759E-02   0.10320E-02   0.10675E-02
 8435.10   0.10713E-02   0.10270E-02   0.10625E-02
 8448.70   0.10669E-02   0.10224E-02   0.10578E-02
 8462.31   0.10628E-02   0.10180E-02   0.10534E-02
 8475.91   0.10588E-02   0.10137E-02   0.10491E-02
 8489.52   0.10549E-02   0.10096E-02   0.10449E-02
 8503.12   0.10511E-02   0.10055E-02   0.10408E-02
 8516.73   0.10473E-02   0.10014E-02   0.10367E-02
 8530.33   0.10435E-02   0.99735E-03   0.10326E-02
 8543.94   0.10396E-02   0.99318E-03   0.10284E-02
 8557.54   0.10354E-02   0.98876E-03   0.10239E-02
 8571.15   0.10295E-02   0.98271E-03   0.10177E-02
 8584.75   0.10315E-02   0.98418E-03   0.10194E-02
 8598.36   0.10257E-02   0.97818E-03   0.10133E-02
 8611.96   0.10213E-02   0.97360E-03   0.10086E-02
 8625.57   0.10172E-02   0.96925E-03   0.10043E-02
 8639.17   0.10132E-02   0.96501E-03   0.99998E-03
 8652.78   0.10093E-02   0.96089E-03   0.99582E-03
 8666.38   0.10055E-02   0.95687E-03   0.99177E-03
 8679.99   0.10018E-02   0.95296E-03   0.98783E-03
 8693.59   0.99818E-03   0.94914E-03   0.98398E-03
 8707.20   0.99464E-03   0.94538E-03   0.98020E-03
 8720.80   0.99112E-03   0.94163E-03   0.97643E-03
 8734.41   0.98753E-03   0.93783E-03   0.97260E-03
 8748.01   0.98347E-03   0.93359E-03   0.96831E-03
 8761.62   0.97950E-03   0.92942E-03   0.96411E-03
 8775.22   0.97790E-03   0.92752E-03   0.96226E-03
 8788.83   0.97403E-03   0.92347E-03   0.95817E-03
 8802.43   0.97025E-03   0.91951E-03   0.95417E-03
 8816.04   0.96648E-03   0.91557E-03   0.95019E-03
 8829.64   0.96274E-03   0.91165E-03   0.94624E-03
 8843.25   0.95904E-03   0.90778E-03   0.94234E-03
 8856.85   0.95542E-03   0.90399E-03   0.93852E-03
 8870.46   0.95188E-03   0.90028E-03   0.93479E-03
 8884.06   0.94845E-03   0.89667E-03   0.93115E-03
 8897.67   0.94510E-03   0.89315E-03   0.92761E-03
 8911.27   0.94182E-03   0.88970E-03   0.92414E-03
 8924.88   0.93856E-03   0.88627E-03   0.92069E-03
 8938.48   0.93520E-03   0.88275E-03   0.91715E-03
 8952.09   0.93232E-03   0.87969E-03   0.91409E-03
 8965.69   0.92901E-03   0.87622E-03   0.91060E-03
 8979.30   0.92566E-03   0.87273E-03   0.90709E-03
 8992.90   0.92227E-03   0.86919E-03   0.90352E-03
 9006.51   0.91881E-03   0.86561E-03   0.89991E-03
 9020.11   0.91532E-03   0.86199E-03   0.89627E-03
 9033.72   0.91183E-03   0.85838E-03   0.89262E-03
 9047.32   0.90836E-03   0.85479E-03   0.88900E-03
 9060.93   0.90494E-03   0.85125E-03   0.88544E-03
 9074.53   0.90159E-03   0.84779E-03   0.88196E-03
 9088.14   0.89834E-03   0.84442E-03   0.87856E-03
 9101.74   0.89516E-03   0.84112E-03   0.87525E-03
 9115.35   0.89199E-03   0.83784E-03   0.87195E-03
 9128.95   0.88925E-03   0.83496E-03   0.86907E-03
 9142.56   0.88616E-03   0.83176E-03   0.86585E-03
 9156.16   0.88314E-03   0.82863E-03   0.86270E-03
 9169.77   0.88009E-03   0.82548E-03   0.85954E-03
 9183.37   0.87700E-03   0.82228E-03   0.85633E-03
 9196.98   0.87383E-03   0.81903E-03   0.85306E-03
 9210.58   0.87061E-03   0.81572E-03   0.84972E-03
 9224.19   0.86733E-03   0.81237E-03   0.84635E-03
 9237.79   0.86402E-03   0.80899E-03   0.84294E-03
 9251.40   0.86070E-03   0.80561E-03   0.83954E-03
 9265.00   0.85740E-03   0.80225E-03   0.83615E-03
 9278.61   0.85411E-03   0.79891E-03   0.83278E-03
 9292.21   0.85073E-03   0.79548E-03   0.82932E-03
 9305.82   0.84815E-03   0.79281E-03   0.82664E-03
 9319.42   0.84611E-03   0.79065E-03   0.82451E-03
 9333.03   0.84284E-03   0.78734E-03   0.82117E-03
 9346.63   0.83989E-03   0.78433E-03   0.81815E-03
 9360.24   0.83701E-03   0.78140E-03   0.81520E-03
 9373.84   0.83414E-03   0.77848E-03   0.81226E-03
 9387.45   0.83124E-03   0.77552E-03   0.80930E-03
 9401.05   0.82828E-03   0.77252E-03   0.80628E-03
 9414.66   0.82524E-03   0.76946E-03   0.80319E-03
 9428.26   0.82213E-03   0.76633E-03   0.80004E-03
 9441.87   0.81895E-03   0.76314E-03   0.79682E-03
 9455.47   0.81570E-03   0.75988E-03   0.79354E-03
 9469.08   0.81232E-03   0.75651E-03   0.79013E-03
 9482.68   0.80836E-03   0.75260E-03   0.78616E-03
 9496.29   0.80609E-03   0.75028E-03   0.78384E-03
 9509.89   0.80550E-03   0.74952E-03   0.78316E-03
 9523.50   0.80203E-03   0.74608E-03   0.77968E-03
 9537.10   0.79905E-03   0.74310E-03   0.77667E-03
 9550.71   0.79623E-03   0.74028E-03   0.77384E-03
 9564.31   0.79350E-03   0.73754E-03   0.77108E-03
 9577.92   0.79078E-03   0.73482E-03   0.76836E-03
 9591.52   0.78805E-03   0.73210E-03   0.76562E-03
 9605.13   0.78527E-03   0.72932E-03   0.76283E-03
 9618.73   0.78242E-03   0.72648E-03   0.75997E-03
 9632.34   0.77946E-03   0.72355E-03   0.75702E-03
 9645.94   0.77636E-03   0.72050E-03   0.75393E-03
 9659.55   0.77299E-03   0.71720E-03   0.75059E-03
 9673.15   0.76851E-03   0.71287E-03   0.74617E-03
 9686.76   0.76634E-03   0.71069E-03   0.74400E-03
 9700.36   0.76711E-03   0.71124E-03   0.74468E-03
 9713.97   0.76350E-03   0.70773E-03   0.74112E-03
 9727.57   0.76045E-03   0.70475E-03   0.73810E-03
 9741.18   0.75762E-03   0.70197E-03   0.73530E-03
 9754.78   0.75492E-03   0.69932E-03   0.73263E-03
 9768.39   0.75231E-03   0.69675E-03   0.73005E-03
 9781.99   0.74974E-03   0.69422E-03   0.72751E-03
 9795.60   0.74717E-03   0.69170E-03   0.72498E-03
 9809.20   0.74457E-03   0.68915E-03   0.72241E-03
 9822.81   0.74189E-03   0.68654E-03   0.71978E-03
 9836.41   0.73907E-03   0.68380E-03   0.71701E-03
 9850.02   0.73598E-03   0.68080E-03   0.71398E-03
 9863.62   0.73180E-03   0.67681E-03   0.70990E-03
 9877.23   0.72939E-03   0.67446E-03   0.70755E-03
 9890.83   0.73055E-03   0.67542E-03   0.70866E-03
 9904.44   0.72697E-03   0.67199E-03   0.70517E-03
 9918.04   0.72393E-03   0.66906E-03   0.70220E-03
 9931.65   0.72108E-03   0.66632E-03   0.69943E-03
 9945.25   0.71836E-03   0.66371E-03   0.69679E-03
 9958.86   0.71576E-03   0.66119E-03   0.69426E-03
 9972.46   0.71324E-03   0.65877E-03   0.69182E-03
 9986.07   0.71079E-03   0.65641E-03   0.68944E-03
 9999.67   0.70837E-03   0.65408E-03   0.68710E-03
