 1115.61   0.97164E-01   0.10361E+00   0.10287E+00
 1129.21   0.96290E-01   0.10268E+00   0.10192E+00
 1142.82   0.95389E-01   0.10173E+00   0.10094E+00
 1156.42   0.94545E-01   0.10083E+00   0.10002E+00
 1170.03   0.93692E-01   0.99926E-01   0.99099E-01
 1183.63   0.92852E-01   0.99032E-01   0.98186E-01
 1197.24   0.92034E-01   0.98162E-01   0.97296E-01
 1210.84   0.91191E-01   0.97264E-01   0.96380E-01
 1224.45   0.90401E-01   0.96421E-01   0.95518E-01
 1238.05   0.89606E-01   0.95574E-01   0.94653E-01
 1251.66   0.88820E-01   0.94735E-01   0.93796E-01
 1265.26   0.88050E-01   0.93912E-01   0.92956E-01
 1278.87   0.87268E-01   0.93076E-01   0.92102E-01
 1292.47   0.86528E-01   0.92284E-01   0.91293E-01
 1306.08   0.85789E-01   0.91492E-01   0.90485E-01
 1319.68   0.85054E-01   0.90705E-01   0.89681E-01
 1333.29   0.84328E-01   0.89926E-01   0.88886E-01
 1346.89   0.83601E-01   0.89146E-01   0.88090E-01
 1360.50   0.82902E-01   0.88394E-01   0.87323E-01
 1374.10   0.82209E-01   0.87649E-01   0.86563E-01
 1387.71   0.81523E-01   0.86911E-01   0.85810E-01
 1401.31   0.80842E-01   0.86178E-01   0.85062E-01
 1414.92   0.80169E-01   0.85453E-01   0.84323E-01
 1428.52   0.79503E-01   0.84734E-01   0.83590E-01
 1442.13   0.78851E-01   0.84029E-01   0.82872E-01
 1455.73   0.78209E-01   0.83336E-01   0.82165E-01
 1469.34   0.77575E-01   0.82651E-01   0.81466E-01
 1482.94   0.76948E-01   0.81972E-01   0.80775E-01
 1496.55   0.76322E-01   0.81293E-01   0.80084E-01
 1510.15   0.75707E-01   0.80627E-01   0.79405E-01
 1523.76   0.75101E-01   0.79970E-01   0.78735E-01
 1537.36   0.74505E-01   0.79323E-01   0.78077E-01
 1550.97   0.73919E-01   0.78686E-01   0.77428E-01
 1564.57   0.73340E-01   0.78056E-01   0.76787E-01
 1578.18   0.72753E-01   0.77417E-01   0.76137E-01
 1591.78   0.72182E-01   0.76795E-01   0.75504E-01
 1605.39   0.71619E-01   0.76181E-01   0.74879E-01
 1618.99   0.71065E-01   0.75577E-01   0.74264E-01
 1632.60   0.70523E-01   0.74985E-01   0.73663E-01
 1646.20   0.69964E-01   0.74374E-01   0.73042E-01
 1659.81   0.69437E-01   0.73798E-01   0.72456E-01
 1673.41   0.68908E-01   0.73219E-01   0.71868E-01
 1687.02   0.68385E-01   0.72645E-01   0.71285E-01
 1700.62   0.67869E-01   0.72079E-01   0.70710E-01
 1714.23   0.67367E-01   0.71529E-01   0.70150E-01
 1727.83   0.66846E-01   0.70957E-01   0.69570E-01
 1741.44   0.66354E-01   0.70416E-01   0.69021E-01
 1755.04   0.65863E-01   0.69876E-01   0.68472E-01
 1768.65   0.65375E-01   0.69339E-01   0.67927E-01
 1782.25   0.64893E-01   0.68807E-01   0.67388E-01
 1795.86   0.64422E-01   0.68288E-01   0.66861E-01
 1809.46   0.63940E-01   0.67756E-01   0.66323E-01
 1823.07   0.63480E-01   0.67248E-01   0.65807E-01
 1836.67   0.63022E-01   0.66743E-01   0.65295E-01
 1850.28   0.62569E-01   0.66241E-01   0.64786E-01
 1863.88   0.62119E-01   0.65743E-01   0.64282E-01
 1877.49   0.61675E-01   0.65251E-01   0.63783E-01
 1891.09   0.61232E-01   0.64760E-01   0.63286E-01
 1904.70   0.60799E-01   0.64280E-01   0.62801E-01
 1918.30   0.60372E-01   0.63805E-01   0.62320E-01
 1931.91   0.59950E-01   0.63335E-01   0.61845E-01
 1945.51   0.59531E-01   0.62869E-01   0.61373E-01
 1959.12   0.59115E-01   0.62407E-01   0.60906E-01
 1972.72   0.58703E-01   0.61948E-01   0.60442E-01
 1986.33   0.58296E-01   0.61494E-01   0.59983E-01
 1999.93   0.57895E-01   0.61047E-01   0.59531E-01
 2013.54   0.57499E-01   0.60605E-01   0.59084E-01
 2027.14   0.57109E-01   0.60168E-01   0.58643E-01
 2040.75   0.56722E-01   0.59735E-01   0.58206E-01
 2054.35   0.56338E-01   0.59306E-01   0.57773E-01
 2067.96   0.55956E-01   0.58877E-01   0.57340E-01
 2081.56   0.55579E-01   0.58455E-01   0.56915E-01
 2095.17   0.55208E-01   0.58039E-01   0.56495E-01
 2108.77   0.54841E-01   0.57627E-01   0.56080E-01
 2122.38   0.54480E-01   0.57221E-01   0.55670E-01
 2135.98   0.54124E-01   0.56820E-01   0.55266E-01
 2149.59   0.53761E-01   0.56412E-01   0.54855E-01
 2163.19   0.53411E-01   0.56018E-01   0.54459E-01
 2176.80   0.53062E-01   0.55625E-01   0.54063E-01
 2190.40   0.52717E-01   0.55236E-01   0.53671E-01
 2204.01   0.52377E-01   0.54851E-01   0.53284E-01
 2217.61   0.52041E-01   0.54472E-01   0.52903E-01
 2231.22   0.51711E-01   0.54099E-01   0.52527E-01
 2244.82   0.51373E-01   0.53717E-01   0.52144E-01
 2258.43   0.51048E-01   0.53349E-01   0.51773E-01
 2272.03   0.50724E-01   0.52982E-01   0.51405E-01
 2285.64   0.50403E-01   0.52618E-01   0.51040E-01
 2299.24   0.50086E-01   0.52258E-01   0.50679E-01
 2312.85   0.49774E-01   0.51904E-01   0.50322E-01
 2326.45   0.49471E-01   0.51559E-01   0.49977E-01
 2340.06   0.49153E-01   0.51198E-01   0.49615E-01
 2353.66   0.48850E-01   0.50854E-01   0.49270E-01
 2367.27   0.48550E-01   0.50512E-01   0.48926E-01
 2380.87   0.48251E-01   0.50172E-01   0.48586E-01
 2394.48   0.47956E-01   0.49835E-01   0.48248E-01
 2408.08   0.47664E-01   0.49502E-01   0.47915E-01
 2421.69   0.47377E-01   0.49174E-01   0.47586E-01
 2435.29   0.47086E-01   0.48842E-01   0.47255E-01
 2448.90   0.46804E-01   0.48519E-01   0.46931E-01
 2462.50   0.46523E-01   0.48199E-01   0.46611E-01
 2476.11   0.46246E-01   0.47880E-01   0.46293E-01
 2489.71   0.45970E-01   0.47565E-01   0.45977E-01
 2503.32   0.45697E-01   0.47252E-01   0.45664E-01
 2516.92   0.45428E-01   0.46943E-01   0.45356E-01
 2530.53   0.45158E-01   0.46634E-01   0.45047E-01
 2544.13   0.44894E-01   0.46330E-01   0.44744E-01
 2557.74   0.44632E-01   0.46029E-01   0.44444E-01
 2571.34   0.44373E-01   0.45731E-01   0.44147E-01
 2584.95   0.44116E-01   0.45435E-01   0.43852E-01
 2598.55   0.43861E-01   0.45142E-01   0.43560E-01
 2612.16   0.43608E-01   0.44851E-01   0.43269E-01
 2625.76   0.43358E-01   0.44562E-01   0.42982E-01
 2639.37   0.43110E-01   0.44276E-01   0.42698E-01
 2652.97   0.42865E-01   0.43993E-01   0.42416E-01
 2666.58   0.42622E-01   0.43713E-01   0.42137E-01
 2680.18   0.42382E-01   0.43435E-01   0.41861E-01
 2693.79   0.42144E-01   0.43160E-01   0.41587E-01
 2707.39   0.41908E-01   0.42887E-01   0.41316E-01
 2721.00   0.41673E-01   0.42615E-01   0.41045E-01
 2734.60   0.41440E-01   0.42346E-01   0.40778E-01
 2748.21   0.41210E-01   0.42079E-01   0.40514E-01
 2761.81   0.40983E-01   0.41815E-01   0.40252E-01
 2775.42   0.40757E-01   0.41554E-01   0.39992E-01
 2789.02   0.40534E-01   0.41295E-01   0.39735E-01
 2802.63   0.40313E-01   0.41038E-01   0.39481E-01
 2816.23   0.40093E-01   0.40783E-01   0.39228E-01
 2829.84   0.39875E-01   0.40529E-01   0.38976E-01
 2843.44   0.39659E-01   0.40278E-01   0.38728E-01
 2857.05   0.39446E-01   0.40029E-01   0.38482E-01
 2870.65   0.39234E-01   0.39783E-01   0.38238E-01
 2884.26   0.39024E-01   0.39538E-01   0.37996E-01
 2897.86   0.38816E-01   0.39296E-01   0.37757E-01
 2911.47   0.38611E-01   0.39056E-01   0.37520E-01
 2925.07   0.38405E-01   0.38816E-01   0.37283E-01
 2938.68   0.38203E-01   0.38580E-01   0.37050E-01
 2952.28   0.38002E-01   0.38346E-01   0.36818E-01
 2965.89   0.37802E-01   0.38113E-01   0.36588E-01
 2979.49   0.37605E-01   0.37882E-01   0.36361E-01
 2993.10   0.37409E-01   0.37653E-01   0.36135E-01
 3006.70   0.37215E-01   0.37426E-01   0.35911E-01
 3020.31   0.37023E-01   0.37201E-01   0.35690E-01
 3033.91   0.36832E-01   0.36978E-01   0.35470E-01
 3047.52   0.36643E-01   0.36756E-01   0.35252E-01
 3061.12   0.36455E-01   0.36537E-01   0.35035E-01
 3074.73   0.36270E-01   0.36319E-01   0.34821E-01
 3088.33   0.36085E-01   0.36103E-01   0.34609E-01
 3101.94   0.35903E-01   0.35888E-01   0.34398E-01
 3115.54   0.35721E-01   0.35676E-01   0.34189E-01
 3129.15   0.35542E-01   0.35465E-01   0.33982E-01
 3142.75   0.35364E-01   0.35256E-01   0.33777E-01
 3156.36   0.35187E-01   0.35048E-01   0.33573E-01
 3169.96   0.35011E-01   0.34842E-01   0.33370E-01
 3183.57   0.34837E-01   0.34637E-01   0.33170E-01
 3197.17   0.34665E-01   0.34435E-01   0.32971E-01
 3210.78   0.34494E-01   0.34233E-01   0.32774E-01
 3224.38   0.34324E-01   0.34034E-01   0.32578E-01
 3237.99   0.34156E-01   0.33836E-01   0.32384E-01
 3251.59   0.33989E-01   0.33639E-01   0.32192E-01
 3265.20   0.33823E-01   0.33444E-01   0.32002E-01
 3278.80   0.33659E-01   0.33251E-01   0.31812E-01
 3292.41   0.33496E-01   0.33058E-01   0.31624E-01
 3306.01   0.33334E-01   0.32868E-01   0.31438E-01
 3319.62   0.33173E-01   0.32678E-01   0.31253E-01
 3333.22   0.33014E-01   0.32491E-01   0.31070E-01
 3346.83   0.32856E-01   0.32305E-01   0.30888E-01
 3360.43   0.32700E-01   0.32120E-01   0.30708E-01
 3374.04   0.32544E-01   0.31937E-01   0.30530E-01
 3387.64   0.32390E-01   0.31755E-01   0.30352E-01
 3401.25   0.32237E-01   0.31574E-01   0.30176E-01
 3414.85   0.32085E-01   0.31395E-01   0.30002E-01
 3428.46   0.31934E-01   0.31217E-01   0.29828E-01
 3442.06   0.31784E-01   0.31040E-01   0.29656E-01
 3455.67   0.31635E-01   0.30864E-01   0.29485E-01
 3469.27   0.31490E-01   0.30692E-01   0.29317E-01
 3482.88   0.31343E-01   0.30519E-01   0.29150E-01
 3496.48   0.31199E-01   0.30348E-01   0.28983E-01
 3510.09   0.31055E-01   0.30178E-01   0.28818E-01
 3523.69   0.30912E-01   0.30009E-01   0.28654E-01
 3537.30   0.30770E-01   0.29841E-01   0.28491E-01
 3550.90   0.30628E-01   0.29674E-01   0.28330E-01
 3564.51   0.30488E-01   0.29508E-01   0.28169E-01
 3578.11   0.30347E-01   0.29343E-01   0.28008E-01
 3591.72   0.30213E-01   0.29183E-01   0.27854E-01
 3605.32   0.30076E-01   0.29022E-01   0.27697E-01
 3618.93   0.29940E-01   0.28861E-01   0.27542E-01
 3632.53   0.29806E-01   0.28702E-01   0.27388E-01
 3646.14   0.29672E-01   0.28545E-01   0.27235E-01
 3659.74   0.29539E-01   0.28387E-01   0.27083E-01
 3673.35   0.29407E-01   0.28231E-01   0.26932E-01
 3686.95   0.29273E-01   0.28073E-01   0.26780E-01
 3700.56   0.29150E-01   0.27927E-01   0.26638E-01
 3714.16   0.29019E-01   0.27772E-01   0.26489E-01
 3727.77   0.28890E-01   0.27620E-01   0.26342E-01
 3741.37   0.28763E-01   0.27470E-01   0.26197E-01
 3754.98   0.28637E-01   0.27321E-01   0.26054E-01
 3768.58   0.28512E-01   0.27173E-01   0.25911E-01
 3782.19   0.28387E-01   0.27026E-01   0.25770E-01
 3795.79   0.28263E-01   0.26879E-01   0.25628E-01
 3809.40   0.28138E-01   0.26732E-01   0.25487E-01
 3823.00   0.28022E-01   0.26593E-01   0.25354E-01
 3836.61   0.27899E-01   0.26449E-01   0.25214E-01
 3850.21   0.27778E-01   0.26306E-01   0.25077E-01
 3863.82   0.27658E-01   0.26165E-01   0.24941E-01
 3877.42   0.27539E-01   0.26025E-01   0.24807E-01
 3891.03   0.27422E-01   0.25886E-01   0.24674E-01
 3904.63   0.27305E-01   0.25748E-01   0.24542E-01
 3918.24   0.27188E-01   0.25611E-01   0.24410E-01
 3931.84   0.27070E-01   0.25472E-01   0.24277E-01
 3945.45   0.26961E-01   0.25342E-01   0.24152E-01
 3959.05   0.26846E-01   0.25207E-01   0.24022E-01
 3972.66   0.26732E-01   0.25073E-01   0.23894E-01
 3986.26   0.26619E-01   0.24940E-01   0.23767E-01
 3999.87   0.26507E-01   0.24808E-01   0.23641E-01
 4013.47   0.26396E-01   0.24678E-01   0.23516E-01
 4027.08   0.26286E-01   0.24548E-01   0.23392E-01
 4040.68   0.26177E-01   0.24420E-01   0.23269E-01
 4054.29   0.26068E-01   0.24291E-01   0.23146E-01
 4067.89   0.25962E-01   0.24167E-01   0.23027E-01
 4081.50   0.25855E-01   0.24040E-01   0.22906E-01
 4095.10   0.25747E-01   0.23914E-01   0.22786E-01
 4108.71   0.25641E-01   0.23789E-01   0.22667E-01
 4122.31   0.25535E-01   0.23665E-01   0.22548E-01
 4135.92   0.25430E-01   0.23541E-01   0.22431E-01
 4149.52   0.25325E-01   0.23419E-01   0.22315E-01
 4163.13   0.25222E-01   0.23299E-01   0.22199E-01
 4176.73   0.25120E-01   0.23179E-01   0.22085E-01
 4190.34   0.25019E-01   0.23060E-01   0.21972E-01
 4203.94   0.24918E-01   0.22941E-01   0.21859E-01
 4217.55   0.24817E-01   0.22823E-01   0.21747E-01
 4231.15   0.24716E-01   0.22706E-01   0.21635E-01
 4244.76   0.24616E-01   0.22589E-01   0.21524E-01
 4258.36   0.24516E-01   0.22472E-01   0.21414E-01
 4271.97   0.24417E-01   0.22357E-01   0.21304E-01
 4285.57   0.24319E-01   0.22242E-01   0.21195E-01
 4299.18   0.24222E-01   0.22129E-01   0.21088E-01
 4312.78   0.24127E-01   0.22018E-01   0.20982E-01
 4326.39   0.24031E-01   0.21906E-01   0.20876E-01
 4339.99   0.23936E-01   0.21795E-01   0.20771E-01
 4353.60   0.23842E-01   0.21685E-01   0.20667E-01
 4367.20   0.23747E-01   0.21575E-01   0.20563E-01
 4380.81   0.23653E-01   0.21465E-01   0.20459E-01
 4394.41   0.23559E-01   0.21356E-01   0.20356E-01
 4408.02   0.23465E-01   0.21247E-01   0.20253E-01
 4421.62   0.23370E-01   0.21138E-01   0.20149E-01
 4435.23   0.23289E-01   0.21041E-01   0.20058E-01
 4448.83   0.23192E-01   0.20931E-01   0.19953E-01
 4462.44   0.23102E-01   0.20826E-01   0.19854E-01
 4476.04   0.23012E-01   0.20722E-01   0.19756E-01
 4489.65   0.22923E-01   0.20618E-01   0.19658E-01
 4503.25   0.22834E-01   0.20516E-01   0.19561E-01
 4516.86   0.22745E-01   0.20413E-01   0.19465E-01
 4530.46   0.22656E-01   0.20310E-01   0.19368E-01
 4544.07   0.22566E-01   0.20207E-01   0.19270E-01
 4557.67   0.22476E-01   0.20104E-01   0.19174E-01
 4571.28   0.22399E-01   0.20013E-01   0.19088E-01
 4584.88   0.22310E-01   0.19911E-01   0.18992E-01
 4598.49   0.22223E-01   0.19812E-01   0.18899E-01
 4612.09   0.22138E-01   0.19715E-01   0.18807E-01
 4625.70   0.22054E-01   0.19618E-01   0.18716E-01
 4639.30   0.21970E-01   0.19521E-01   0.18625E-01
 4652.91   0.21887E-01   0.19425E-01   0.18535E-01
 4666.51   0.21802E-01   0.19329E-01   0.18445E-01
 4680.12   0.21716E-01   0.19231E-01   0.18352E-01
 4693.72   0.21626E-01   0.19130E-01   0.18258E-01
 4707.33   0.21559E-01   0.19050E-01   0.18183E-01
 4720.93   0.21475E-01   0.18955E-01   0.18093E-01
 4734.54   0.21393E-01   0.18861E-01   0.18006E-01
 4748.14   0.21312E-01   0.18769E-01   0.17919E-01
 4761.75   0.21232E-01   0.18678E-01   0.17834E-01
 4775.35   0.21152E-01   0.18588E-01   0.17749E-01
 4788.96   0.21073E-01   0.18498E-01   0.17665E-01
 4802.56   0.20994E-01   0.18408E-01   0.17581E-01
 4816.17   0.20912E-01   0.18316E-01   0.17494E-01
 4829.77   0.20849E-01   0.18240E-01   0.17424E-01
 4843.38   0.20763E-01   0.18146E-01   0.17336E-01
 4856.98   0.20684E-01   0.18056E-01   0.17252E-01
 4870.59   0.20605E-01   0.17968E-01   0.17170E-01
 4884.19   0.20528E-01   0.17881E-01   0.17088E-01
 4897.80   0.20451E-01   0.17795E-01   0.17008E-01
 4911.40   0.20376E-01   0.17709E-01   0.16928E-01
 4925.01   0.20301E-01   0.17625E-01   0.16849E-01
 4938.61   0.20226E-01   0.17541E-01   0.16771E-01
 4952.22   0.20150E-01   0.17456E-01   0.16692E-01
 4965.82   0.20083E-01   0.17379E-01   0.16620E-01
 4979.43   0.20006E-01   0.17294E-01   0.16541E-01
 4993.03   0.19932E-01   0.17211E-01   0.16463E-01
 5006.64   0.19857E-01   0.17128E-01   0.16386E-01
 5020.24   0.19783E-01   0.17046E-01   0.16309E-01
 5033.85   0.19710E-01   0.16964E-01   0.16233E-01
 5047.45   0.19637E-01   0.16883E-01   0.16158E-01
 5061.06   0.19565E-01   0.16803E-01   0.16084E-01
 5074.66   0.19494E-01   0.16724E-01   0.16010E-01
 5088.27   0.19424E-01   0.16646E-01   0.15938E-01
 5101.87   0.19354E-01   0.16569E-01   0.15866E-01
 5115.48   0.19284E-01   0.16491E-01   0.15794E-01
 5129.08   0.19215E-01   0.16414E-01   0.15722E-01
 5142.69   0.19144E-01   0.16337E-01   0.15650E-01
 5156.29   0.19074E-01   0.16259E-01   0.15578E-01
 5169.90   0.19004E-01   0.16182E-01   0.15507E-01
 5183.50   0.18934E-01   0.16105E-01   0.15436E-01
 5197.11   0.18864E-01   0.16029E-01   0.15365E-01
 5210.71   0.18796E-01   0.15954E-01   0.15295E-01
 5224.32   0.18728E-01   0.15880E-01   0.15226E-01
 5237.92   0.18661E-01   0.15807E-01   0.15159E-01
 5251.53   0.18596E-01   0.15735E-01   0.15092E-01
 5265.13   0.18529E-01   0.15662E-01   0.15025E-01
 5278.74   0.18463E-01   0.15590E-01   0.14958E-01
 5292.34   0.18397E-01   0.15518E-01   0.14891E-01
 5305.95   0.18330E-01   0.15446E-01   0.14824E-01
 5319.55   0.18264E-01   0.15373E-01   0.14757E-01
 5333.16   0.18197E-01   0.15301E-01   0.14691E-01
 5346.76   0.18130E-01   0.15229E-01   0.14624E-01
 5360.37   0.18063E-01   0.15157E-01   0.14557E-01
 5373.97   0.17998E-01   0.15087E-01   0.14493E-01
 5387.58   0.17940E-01   0.15023E-01   0.14434E-01
 5401.18   0.17875E-01   0.14953E-01   0.14369E-01
 5414.79   0.17811E-01   0.14885E-01   0.14306E-01
 5428.39   0.17748E-01   0.14817E-01   0.14244E-01
 5442.00   0.17685E-01   0.14750E-01   0.14181E-01
 5455.60   0.17622E-01   0.14682E-01   0.14119E-01
 5469.21   0.17559E-01   0.14615E-01   0.14057E-01
 5482.81   0.17495E-01   0.14547E-01   0.13994E-01
 5496.42   0.17430E-01   0.14478E-01   0.13931E-01
 5510.02   0.17359E-01   0.14406E-01   0.13864E-01
 5523.63   0.17323E-01   0.14361E-01   0.13824E-01
 5537.23   0.17250E-01   0.14287E-01   0.13754E-01
 5550.84   0.17187E-01   0.14220E-01   0.13693E-01
 5564.44   0.17126E-01   0.14156E-01   0.13634E-01
 5578.05   0.17066E-01   0.14092E-01   0.13575E-01
 5591.65   0.17006E-01   0.14029E-01   0.13517E-01
 5605.26   0.16946E-01   0.13966E-01   0.13459E-01
 5618.86   0.16886E-01   0.13903E-01   0.13401E-01
 5632.47   0.16825E-01   0.13839E-01   0.13342E-01
 5646.07   0.16761E-01   0.13773E-01   0.13282E-01
 5659.68   0.16698E-01   0.13709E-01   0.13222E-01
 5673.28   0.16657E-01   0.13661E-01   0.13179E-01
 5686.89   0.16592E-01   0.13595E-01   0.13118E-01
 5700.49   0.16531E-01   0.13532E-01   0.13060E-01
 5714.10   0.16472E-01   0.13471E-01   0.13004E-01
 5727.70   0.16414E-01   0.13411E-01   0.12949E-01
 5741.31   0.16356E-01   0.13351E-01   0.12894E-01
 5754.91   0.16299E-01   0.13292E-01   0.12840E-01
 5768.52   0.16242E-01   0.13233E-01   0.12786E-01
 5782.12   0.16184E-01   0.13174E-01   0.12731E-01
 5795.73   0.16124E-01   0.13112E-01   0.12675E-01
 5809.33   0.16061E-01   0.13050E-01   0.12617E-01
 5822.94   0.16022E-01   0.13006E-01   0.12578E-01
 5836.54   0.15961E-01   0.12945E-01   0.12521E-01
 5850.15   0.15903E-01   0.12886E-01   0.12467E-01
 5863.75   0.15846E-01   0.12827E-01   0.12414E-01
 5877.36   0.15789E-01   0.12770E-01   0.12361E-01
 5890.96   0.15734E-01   0.12714E-01   0.12310E-01
 5904.57   0.15679E-01   0.12658E-01   0.12259E-01
 5918.17   0.15624E-01   0.12603E-01   0.12208E-01
 5931.78   0.15570E-01   0.12548E-01   0.12158E-01
 5945.38   0.15514E-01   0.12492E-01   0.12106E-01
 5958.99   0.15455E-01   0.12433E-01   0.12053E-01
 5972.59   0.15412E-01   0.12388E-01   0.12012E-01
 5986.20   0.15356E-01   0.12332E-01   0.11961E-01
 5999.80   0.15301E-01   0.12277E-01   0.11910E-01
 6013.41   0.15246E-01   0.12222E-01   0.11860E-01
 6027.01   0.15191E-01   0.12168E-01   0.11810E-01
 6040.62   0.15137E-01   0.12114E-01   0.11761E-01
 6054.22   0.15083E-01   0.12061E-01   0.11713E-01
 6067.83   0.15031E-01   0.12009E-01   0.11665E-01
 6081.43   0.14979E-01   0.11958E-01   0.11618E-01
 6095.04   0.14927E-01   0.11907E-01   0.11571E-01
 6108.64   0.14874E-01   0.11855E-01   0.11524E-01
 6122.25   0.14826E-01   0.11806E-01   0.11480E-01
 6135.85   0.14774E-01   0.11755E-01   0.11433E-01
 6149.46   0.14722E-01   0.11704E-01   0.11387E-01
 6163.06   0.14669E-01   0.11653E-01   0.11340E-01
 6176.67   0.14617E-01   0.11602E-01   0.11293E-01
 6190.27   0.14564E-01   0.11551E-01   0.11246E-01
 6203.88   0.14512E-01   0.11500E-01   0.11200E-01
 6217.48   0.14460E-01   0.11450E-01   0.11155E-01
 6231.09   0.14410E-01   0.11401E-01   0.11110E-01
 6244.69   0.14359E-01   0.11352E-01   0.11065E-01
 6258.30   0.14311E-01   0.11305E-01   0.11022E-01
 6271.90   0.14262E-01   0.11258E-01   0.10979E-01
 6285.51   0.14213E-01   0.11210E-01   0.10936E-01
 6299.11   0.14164E-01   0.11163E-01   0.10893E-01
 6312.72   0.14114E-01   0.11116E-01   0.10850E-01
 6326.32   0.14064E-01   0.11068E-01   0.10806E-01
 6339.93   0.14014E-01   0.11020E-01   0.10763E-01
 6353.53   0.13963E-01   0.10972E-01   0.10719E-01
 6367.14   0.13913E-01   0.10924E-01   0.10675E-01
 6380.74   0.13862E-01   0.10877E-01   0.10632E-01
 6394.35   0.13812E-01   0.10829E-01   0.10588E-01
 6407.95   0.13764E-01   0.10784E-01   0.10547E-01
 6421.56   0.13723E-01   0.10744E-01   0.10511E-01
 6435.16   0.13673E-01   0.10697E-01   0.10468E-01
 6448.77   0.13625E-01   0.10652E-01   0.10428E-01
 6462.37   0.13578E-01   0.10608E-01   0.10387E-01
 6475.98   0.13531E-01   0.10564E-01   0.10347E-01
 6489.58   0.13483E-01   0.10520E-01   0.10307E-01
 6503.19   0.13435E-01   0.10475E-01   0.10266E-01
 6516.79   0.13387E-01   0.10430E-01   0.10225E-01
 6530.40   0.13337E-01   0.10385E-01   0.10184E-01
 6544.00   0.13287E-01   0.10339E-01   0.10142E-01
 6557.61   0.13233E-01   0.10289E-01   0.10096E-01
 6571.21   0.13184E-01   0.10245E-01   0.10056E-01
 6584.82   0.13155E-01   0.10216E-01   0.10030E-01
 6598.42   0.13107E-01   0.10172E-01   0.99898E-02
 6612.03   0.13060E-01   0.10129E-01   0.99511E-02
 6625.63   0.13015E-01   0.10087E-01   0.99132E-02
 6639.24   0.12969E-01   0.10046E-01   0.98756E-02
 6652.84   0.12924E-01   0.10005E-01   0.98380E-02
 6666.45   0.12878E-01   0.99632E-02   0.98002E-02
 6680.05   0.12832E-01   0.99212E-02   0.97620E-02
 6693.66   0.12784E-01   0.98784E-02   0.97230E-02
 6707.26   0.12734E-01   0.98338E-02   0.96821E-02
 6720.87   0.12687E-01   0.97914E-02   0.96433E-02
 6734.47   0.12664E-01   0.97683E-02   0.96237E-02
 6748.08   0.12610E-01   0.97208E-02   0.95799E-02
 6761.68   0.12562E-01   0.96786E-02   0.95413E-02
 6775.29   0.12517E-01   0.96380E-02   0.95044E-02
 6788.89   0.12472E-01   0.95984E-02   0.94683E-02
 6802.50   0.12429E-01   0.95594E-02   0.94329E-02
 6816.10   0.12385E-01   0.95208E-02   0.93978E-02
 6829.71   0.12342E-01   0.94822E-02   0.93627E-02
 6843.31   0.12298E-01   0.94433E-02   0.93273E-02
 6856.92   0.12252E-01   0.94035E-02   0.92911E-02
 6870.52   0.12203E-01   0.93607E-02   0.92518E-02
 6884.13   0.12155E-01   0.93192E-02   0.92138E-02
 6897.73   0.12134E-01   0.92982E-02   0.91960E-02
 6911.34   0.12085E-01   0.92556E-02   0.91569E-02
 6924.94   0.12039E-01   0.92158E-02   0.91205E-02
 6938.55   0.11994E-01   0.91771E-02   0.90852E-02
 6952.15   0.11950E-01   0.91392E-02   0.90507E-02
 6965.76   0.11908E-01   0.91021E-02   0.90170E-02
 6979.36   0.11865E-01   0.90657E-02   0.89838E-02
 6992.97   0.11824E-01   0.90296E-02   0.89511E-02
 7006.57   0.11782E-01   0.89936E-02   0.89184E-02
 7020.18   0.11740E-01   0.89572E-02   0.88853E-02
 7033.78   0.11694E-01   0.89183E-02   0.88497E-02
 7047.39   0.11647E-01   0.88788E-02   0.88134E-02
 7060.99   0.11622E-01   0.88561E-02   0.87938E-02
 7074.60   0.11577E-01   0.88179E-02   0.87589E-02
 7088.20   0.11534E-01   0.87808E-02   0.87250E-02
 7101.81   0.11490E-01   0.87442E-02   0.86916E-02
 7115.41   0.11447E-01   0.87081E-02   0.86586E-02
 7129.02   0.11405E-01   0.86726E-02   0.86263E-02
 7142.62   0.11364E-01   0.86378E-02   0.85945E-02
 7156.23   0.11323E-01   0.86036E-02   0.85634E-02
 7169.83   0.11283E-01   0.85699E-02   0.85328E-02
 7183.44   0.11243E-01   0.85364E-02   0.85025E-02
 7197.04   0.11203E-01   0.85025E-02   0.84716E-02
 7210.65   0.11160E-01   0.84672E-02   0.84393E-02
 7224.25   0.11127E-01   0.84392E-02   0.84143E-02
 7237.86   0.11086E-01   0.84052E-02   0.83833E-02
 7251.46   0.11045E-01   0.83713E-02   0.83524E-02
 7265.07   0.11004E-01   0.83373E-02   0.83213E-02
 7278.67   0.10963E-01   0.83032E-02   0.82902E-02
 7292.28   0.10921E-01   0.82694E-02   0.82593E-02
 7305.88   0.10881E-01   0.82359E-02   0.82287E-02
 7319.49   0.10840E-01   0.82029E-02   0.81987E-02
 7333.09   0.10801E-01   0.81706E-02   0.81692E-02
 7346.70   0.10762E-01   0.81389E-02   0.81404E-02
 7360.30   0.10724E-01   0.81077E-02   0.81120E-02
 7373.91   0.10686E-01   0.80770E-02   0.80841E-02
 7387.51   0.10648E-01   0.80464E-02   0.80563E-02
 7401.12   0.10610E-01   0.80157E-02   0.80284E-02
 7414.72   0.10572E-01   0.79848E-02   0.80003E-02
 7428.33   0.10534E-01   0.79536E-02   0.79719E-02
 7441.93   0.10494E-01   0.79221E-02   0.79432E-02
 7455.54   0.10455E-01   0.78904E-02   0.79142E-02
 7469.14   0.10415E-01   0.78586E-02   0.78851E-02
 7482.75   0.10375E-01   0.78269E-02   0.78561E-02
 7496.35   0.10336E-01   0.77955E-02   0.78273E-02
 7509.96   0.10296E-01   0.77644E-02   0.77989E-02
 7523.56   0.10257E-01   0.77335E-02   0.77706E-02
 7537.17   0.10222E-01   0.77052E-02   0.77450E-02
 7550.77   0.10188E-01   0.76786E-02   0.77210E-02
 7564.38   0.10150E-01   0.76488E-02   0.76937E-02
 7577.98   0.10114E-01   0.76199E-02   0.76674E-02
 7591.59   0.10077E-01   0.75912E-02   0.76413E-02
 7605.19   0.10040E-01   0.75623E-02   0.76150E-02
 7618.80   0.10003E-01   0.75332E-02   0.75883E-02
 7632.40   0.99653E-02   0.75037E-02   0.75614E-02
 7646.01   0.99270E-02   0.74739E-02   0.75341E-02
 7659.61   0.98883E-02   0.74439E-02   0.75065E-02
 7673.22   0.98492E-02   0.74136E-02   0.74787E-02
 7686.82   0.98092E-02   0.73828E-02   0.74503E-02
 7700.43   0.97618E-02   0.73466E-02   0.74165E-02
 7714.03   0.97563E-02   0.73415E-02   0.74139E-02
 7727.64   0.97091E-02   0.73055E-02   0.73803E-02
 7741.24   0.96714E-02   0.72767E-02   0.73538E-02
 7754.85   0.96354E-02   0.72492E-02   0.73287E-02
 7768.45   0.96000E-02   0.72222E-02   0.73041E-02
 7782.06   0.95648E-02   0.71954E-02   0.72796E-02
 7795.66   0.95294E-02   0.71684E-02   0.72549E-02
 7809.27   0.94934E-02   0.71412E-02   0.72300E-02
 7822.87   0.94569E-02   0.71135E-02   0.72045E-02
 7836.48   0.94194E-02   0.70852E-02   0.71785E-02
 7850.08   0.93807E-02   0.70560E-02   0.71515E-02
 7863.69   0.93381E-02   0.70240E-02   0.71217E-02
 7877.29   0.93025E-02   0.69973E-02   0.70972E-02
 7890.90   0.92897E-02   0.69877E-02   0.70900E-02
 7904.50   0.92473E-02   0.69560E-02   0.70605E-02
 7918.11   0.92100E-02   0.69283E-02   0.70349E-02
 7931.71   0.91745E-02   0.69018E-02   0.70106E-02
 7945.32   0.91399E-02   0.68762E-02   0.69871E-02
 7958.92   0.91059E-02   0.68510E-02   0.69640E-02
 7972.53   0.90720E-02   0.68260E-02   0.69411E-02
 7986.13   0.90379E-02   0.68008E-02   0.69181E-02
 7999.74   0.90033E-02   0.67753E-02   0.68946E-02
 8013.34   0.89678E-02   0.67491E-02   0.68705E-02
 8026.95   0.89302E-02   0.67215E-02   0.68448E-02
 8040.55   0.88841E-02   0.66875E-02   0.68127E-02
 8054.16   0.88475E-02   0.66607E-02   0.67879E-02
 8067.76   0.88419E-02   0.66574E-02   0.67870E-02
 8081.37   0.88023E-02   0.66284E-02   0.67599E-02
 8094.97   0.87658E-02   0.66019E-02   0.67353E-02
 8108.58   0.87307E-02   0.65764E-02   0.67118E-02
 8122.18   0.86966E-02   0.65518E-02   0.66891E-02
 8135.79   0.86633E-02   0.65278E-02   0.66670E-02
 8149.39   0.86305E-02   0.65043E-02   0.66454E-02
 8163.00   0.85980E-02   0.64810E-02   0.66240E-02
 8176.60   0.85654E-02   0.64576E-02   0.66025E-02
 8190.21   0.85321E-02   0.64338E-02   0.65806E-02
 8203.81   0.84971E-02   0.64086E-02   0.65572E-02
 8217.42   0.84515E-02   0.63754E-02   0.65256E-02
 8231.02   0.84559E-02   0.63808E-02   0.65334E-02
 8244.63   0.84095E-02   0.63470E-02   0.65012E-02
 8258.23   0.83730E-02   0.63209E-02   0.64768E-02
 8271.84   0.83379E-02   0.62960E-02   0.64536E-02
 8285.44   0.83036E-02   0.62716E-02   0.64311E-02
 8299.05   0.82699E-02   0.62479E-02   0.64090E-02
 8312.65   0.82370E-02   0.62248E-02   0.63876E-02
 8326.26   0.82047E-02   0.62022E-02   0.63668E-02
 8339.86   0.81731E-02   0.61801E-02   0.63464E-02
 8353.47   0.81419E-02   0.61584E-02   0.63264E-02
 8367.07   0.81108E-02   0.61368E-02   0.63065E-02
 8380.68   0.80790E-02   0.61147E-02   0.62860E-02
 8394.28   0.80419E-02   0.60884E-02   0.62612E-02
 8407.89   0.80270E-02   0.60796E-02   0.62545E-02
 8421.49   0.79909E-02   0.60542E-02   0.62306E-02
 8435.10   0.79579E-02   0.60313E-02   0.62092E-02
 8448.70   0.79250E-02   0.60085E-02   0.61880E-02
 8462.31   0.78921E-02   0.59858E-02   0.61668E-02
 8475.91   0.78594E-02   0.59632E-02   0.61458E-02
 8489.52   0.78269E-02   0.59409E-02   0.61250E-02
 8503.12   0.77950E-02   0.59190E-02   0.61046E-02
 8516.73   0.77636E-02   0.58976E-02   0.60848E-02
 8530.33   0.77329E-02   0.58768E-02   0.60654E-02
 8543.94   0.77028E-02   0.58565E-02   0.60466E-02
 8557.54   0.76731E-02   0.58365E-02   0.60281E-02
 8571.15   0.76433E-02   0.58164E-02   0.60095E-02
 8584.75   0.76158E-02   0.57980E-02   0.59927E-02
 8598.36   0.75858E-02   0.57779E-02   0.59740E-02
 8611.96   0.75560E-02   0.57578E-02   0.59553E-02
 8625.57   0.75257E-02   0.57375E-02   0.59364E-02
 8639.17   0.74951E-02   0.57169E-02   0.59172E-02
 8652.78   0.74640E-02   0.56960E-02   0.58977E-02
 8666.38   0.74327E-02   0.56750E-02   0.58780E-02
 8679.99   0.74014E-02   0.56540E-02   0.58583E-02
 8693.59   0.73703E-02   0.56332E-02   0.58388E-02
 8707.20   0.73395E-02   0.56127E-02   0.58196E-02
 8720.80   0.73093E-02   0.55926E-02   0.58009E-02
 8734.41   0.72795E-02   0.55730E-02   0.57825E-02
 8748.01   0.72495E-02   0.55533E-02   0.57641E-02
 8761.62   0.72234E-02   0.55364E-02   0.57485E-02
 8775.22   0.71961E-02   0.55185E-02   0.57319E-02
 8788.83   0.71677E-02   0.55000E-02   0.57147E-02
 8802.43   0.71395E-02   0.54816E-02   0.56976E-02
 8816.04   0.71110E-02   0.54631E-02   0.56803E-02
 8829.64   0.70822E-02   0.54442E-02   0.56627E-02
 8843.25   0.70528E-02   0.54250E-02   0.56447E-02
 8856.85   0.70230E-02   0.54055E-02   0.56263E-02
 8870.46   0.69929E-02   0.53858E-02   0.56077E-02
 8884.06   0.69626E-02   0.53659E-02   0.55890E-02
 8897.67   0.69323E-02   0.53461E-02   0.55702E-02
 8911.27   0.69017E-02   0.53261E-02   0.55513E-02
 8924.88   0.68697E-02   0.53052E-02   0.55314E-02
 8938.48   0.68446E-02   0.52895E-02   0.55169E-02
 8952.09   0.68259E-02   0.52784E-02   0.55072E-02
 8965.69   0.67953E-02   0.52585E-02   0.54884E-02
 8979.30   0.67672E-02   0.52406E-02   0.54716E-02
 8992.90   0.67399E-02   0.52233E-02   0.54553E-02
 9006.51   0.67128E-02   0.52062E-02   0.54392E-02
 9020.11   0.66856E-02   0.51889E-02   0.54230E-02
 9033.72   0.66579E-02   0.51713E-02   0.54065E-02
 9047.32   0.66298E-02   0.51534E-02   0.53895E-02
 9060.93   0.66011E-02   0.51350E-02   0.53721E-02
 9074.53   0.65718E-02   0.51162E-02   0.53543E-02
 9088.14   0.65418E-02   0.50968E-02   0.53358E-02
 9101.74   0.65100E-02   0.50762E-02   0.53159E-02
 9115.35   0.64668E-02   0.50468E-02   0.52868E-02
 9128.95   0.64863E-02   0.50657E-02   0.53085E-02
 9142.56   0.64417E-02   0.50352E-02   0.52782E-02
 9156.16   0.64114E-02   0.50158E-02   0.52596E-02
 9169.77   0.63836E-02   0.49984E-02   0.52431E-02
 9183.37   0.63569E-02   0.49818E-02   0.52273E-02
 9196.98   0.63307E-02   0.49656E-02   0.52121E-02
 9210.58   0.63048E-02   0.49496E-02   0.51970E-02
 9224.19   0.62787E-02   0.49335E-02   0.51818E-02
 9237.79   0.62524E-02   0.49171E-02   0.51663E-02
 9251.40   0.62254E-02   0.49003E-02   0.51503E-02
 9265.00   0.61976E-02   0.48829E-02   0.51336E-02
 9278.61   0.61684E-02   0.48643E-02   0.51157E-02
 9292.21   0.61352E-02   0.48426E-02   0.50945E-02
 9305.82   0.61094E-02   0.48268E-02   0.50796E-02
 9319.42   0.61099E-02   0.48319E-02   0.50865E-02
 9333.03   0.60736E-02   0.48078E-02   0.50627E-02
 9346.63   0.60442E-02   0.47891E-02   0.50447E-02
 9360.24   0.60167E-02   0.47721E-02   0.50283E-02
 9373.84   0.59903E-02   0.47559E-02   0.50128E-02
 9387.45   0.59647E-02   0.47403E-02   0.49980E-02
 9401.05   0.59396E-02   0.47252E-02   0.49836E-02
 9414.66   0.59148E-02   0.47103E-02   0.49694E-02
 9428.26   0.58900E-02   0.46954E-02   0.49553E-02
 9441.87   0.58649E-02   0.46802E-02   0.49408E-02
 9455.47   0.58392E-02   0.46645E-02   0.49257E-02
 9469.08   0.58119E-02   0.46476E-02   0.49093E-02
 9482.68   0.57792E-02   0.46262E-02   0.48883E-02
 9496.29   0.57536E-02   0.46107E-02   0.48734E-02
 9509.89   0.57522E-02   0.46150E-02   0.48793E-02
 9523.50   0.57207E-02   0.45946E-02   0.48593E-02
 9537.10   0.56927E-02   0.45771E-02   0.48423E-02
 9550.71   0.56659E-02   0.45607E-02   0.48263E-02
 9564.31   0.56400E-02   0.45449E-02   0.48111E-02
 9577.92   0.56147E-02   0.45297E-02   0.47964E-02
 9591.52   0.55901E-02   0.45151E-02   0.47824E-02
 9605.13   0.55660E-02   0.45009E-02   0.47687E-02
 9618.73   0.55423E-02   0.44870E-02   0.47554E-02
 9632.34   0.55188E-02   0.44732E-02   0.47422E-02
 9645.94   0.54951E-02   0.44593E-02   0.47288E-02
 9659.55   0.54706E-02   0.44446E-02   0.47147E-02
 9673.15   0.54425E-02   0.44268E-02   0.46972E-02
 9686.76   0.54171E-02   0.44116E-02   0.46823E-02
 9700.36   0.54088E-02   0.44107E-02   0.46827E-02
 9713.97   0.53818E-02   0.43939E-02   0.46662E-02
 9727.57   0.53561E-02   0.43782E-02   0.46510E-02
 9741.18   0.53307E-02   0.43629E-02   0.46360E-02
 9754.78   0.53056E-02   0.43478E-02   0.46213E-02
 9768.39   0.52809E-02   0.43331E-02   0.46069E-02
 9781.99   0.52566E-02   0.43187E-02   0.45929E-02
 9795.60   0.52328E-02   0.43048E-02   0.45794E-02
 9809.20   0.52096E-02   0.42913E-02   0.45663E-02
 9822.81   0.51869E-02   0.42783E-02   0.45537E-02
 9836.41   0.51646E-02   0.42655E-02   0.45414E-02
 9850.02   0.51424E-02   0.42529E-02   0.45292E-02
 9863.62   0.51195E-02   0.42395E-02   0.45162E-02
 9877.23   0.50961E-02   0.42257E-02   0.45027E-02
 9890.83   0.50792E-02   0.42177E-02   0.44954E-02
 9904.44   0.50561E-02   0.42042E-02   0.44822E-02
 9918.04   0.50330E-02   0.41908E-02   0.44691E-02
 9931.65   0.50098E-02   0.41771E-02   0.44557E-02
 9945.25   0.49863E-02   0.41633E-02   0.44421E-02
 9958.86   0.49626E-02   0.41494E-02   0.44285E-02
 9972.46   0.49391E-02   0.41355E-02   0.44148E-02
 9986.07   0.49157E-02   0.41218E-02   0.44014E-02
 9999.67   0.48927E-02   0.41085E-02   0.43882E-02
