   27.21   0.14037E+01   0.14061E+01   0.15501E+01
   40.81   0.72248E+00   0.72483E+00   0.82952E+00
   54.42   0.46544E+00   0.46751E+00   0.54505E+00
   68.02   0.34466E+00   0.34647E+00   0.40537E+00
   81.63   0.27640E+00   0.27801E+00   0.32375E+00
   95.23   0.23265E+00   0.23411E+00   0.27040E+00
  108.84   0.20238E+00   0.20373E+00   0.23312E+00
  122.44   0.17975E+00   0.18100E+00   0.20522E+00
  136.05   0.16191E+00   0.16309E+00   0.18333E+00
  149.65   0.14739E+00   0.14851E+00   0.16565E+00
  163.26   0.13523E+00   0.13629E+00   0.15095E+00
  176.86   0.12492E+00   0.12593E+00   0.13861E+00
  190.47   0.11599E+00   0.11697E+00   0.12801E+00
  204.07   0.10823E+00   0.10916E+00   0.11886E+00
  217.68   0.10133E+00   0.10224E+00   0.11081E+00
  231.28   0.95213E-01   0.96088E-01   0.10372E+00
  244.89   0.89681E-01   0.90529E-01   0.97349E-01
  258.49   0.84702E-01   0.85527E-01   0.91656E-01
  272.10   0.80162E-01   0.80966E-01   0.86496E-01
  285.70   0.76042E-01   0.76826E-01   0.81837E-01
  299.31   0.72314E-01   0.73082E-01   0.77642E-01
  312.91   0.68793E-01   0.69544E-01   0.73702E-01
  326.52   0.65589E-01   0.66324E-01   0.70130E-01
  340.12   0.62609E-01   0.63329E-01   0.66820E-01
  353.73   0.59864E-01   0.60570E-01   0.63783E-01
  367.33   0.57304E-01   0.57996E-01   0.60960E-01
  380.94   0.54908E-01   0.55588E-01   0.58327E-01
  394.54   0.52688E-01   0.53356E-01   0.55893E-01
  408.15   0.50613E-01   0.51269E-01   0.53624E-01
  421.75   0.48646E-01   0.49291E-01   0.51480E-01
  435.36   0.46813E-01   0.47448E-01   0.49486E-01
  448.96   0.45098E-01   0.45723E-01   0.47625E-01
  462.57   0.43447E-01   0.44063E-01   0.45838E-01
  476.17   0.41907E-01   0.42514E-01   0.44174E-01
  489.78   0.40472E-01   0.41071E-01   0.42625E-01
  503.38   0.39076E-01   0.39667E-01   0.41123E-01
  516.99   0.37773E-01   0.38356E-01   0.39722E-01
  530.59   0.36544E-01   0.37119E-01   0.38402E-01
  544.20   0.35363E-01   0.35930E-01   0.37136E-01
  557.80   0.34250E-01   0.34810E-01   0.35945E-01
  571.41   0.33187E-01   0.33740E-01   0.34808E-01
  585.01   0.32169E-01   0.32714E-01   0.33721E-01
  598.62   0.31210E-01   0.31749E-01   0.32698E-01
  612.22   0.30292E-01   0.30824E-01   0.31719E-01
  625.83   0.29414E-01   0.29940E-01   0.30786E-01
  639.43   0.28571E-01   0.29091E-01   0.29889E-01
  653.04   0.27772E-01   0.28286E-01   0.29040E-01
  666.64   0.27006E-01   0.27514E-01   0.28227E-01
  680.25   0.26267E-01   0.26770E-01   0.27444E-01
  693.85   0.25561E-01   0.26059E-01   0.26696E-01
  707.46   0.24884E-01   0.25377E-01   0.25980E-01
  721.06   0.24237E-01   0.24725E-01   0.25296E-01
  734.67   0.23609E-01   0.24092E-01   0.24632E-01
  748.27   0.23009E-01   0.23487E-01   0.23998E-01
  761.88   0.22432E-01   0.22906E-01   0.23390E-01
  775.48   0.21882E-01   0.22350E-01   0.22809E-01
  789.09   0.21343E-01   0.21807E-01   0.22241E-01
  802.69   0.20831E-01   0.21290E-01   0.21701E-01
  816.30   0.20335E-01   0.20790E-01   0.21178E-01
  829.90   0.19860E-01   0.20310E-01   0.20678E-01
  843.51   0.19394E-01   0.19839E-01   0.20187E-01
  857.11   0.18953E-01   0.19393E-01   0.19722E-01
  870.72   0.18523E-01   0.18959E-01   0.19270E-01
  884.32   0.18109E-01   0.18539E-01   0.18834E-01
  897.93   0.17705E-01   0.18130E-01   0.18409E-01
  911.53   0.17321E-01   0.17742E-01   0.18005E-01
  925.14   0.16948E-01   0.17364E-01   0.17613E-01
  938.74   0.16586E-01   0.16998E-01   0.17232E-01
  952.35   0.16237E-01   0.16644E-01   0.16865E-01
  965.95   0.15896E-01   0.16298E-01   0.16507E-01
  979.56   0.15569E-01   0.15967E-01   0.16163E-01
  993.16   0.15251E-01   0.15645E-01   0.15830E-01
 1006.77   0.14943E-01   0.15332E-01   0.15506E-01
 1020.37   0.14643E-01   0.15028E-01   0.15191E-01
 1033.98   0.14352E-01   0.14733E-01   0.14886E-01
 1047.58   0.14071E-01   0.14448E-01   0.14591E-01
 1061.19   0.13799E-01   0.14172E-01   0.14306E-01
 1074.79   0.13535E-01   0.13904E-01   0.14029E-01
 1088.40   0.13276E-01   0.13641E-01   0.13757E-01
 1102.00   0.13025E-01   0.13386E-01   0.13495E-01
 1115.61   0.12782E-01   0.13140E-01   0.13241E-01
 1129.21   0.12548E-01   0.12902E-01   0.12995E-01
 1142.82   0.12314E-01   0.12665E-01   0.12751E-01
 1156.42   0.12093E-01   0.12440E-01   0.12519E-01
 1170.03   0.11876E-01   0.12219E-01   0.12291E-01
 1183.63   0.11664E-01   0.12004E-01   0.12070E-01
 1197.24   0.11460E-01   0.11796E-01   0.11856E-01
 1210.84   0.11256E-01   0.11589E-01   0.11643E-01
 1224.45   0.11063E-01   0.11392E-01   0.11441E-01
 1238.05   0.10873E-01   0.11199E-01   0.11242E-01
 1251.66   0.10688E-01   0.11011E-01   0.11048E-01
 1265.26   0.10508E-01   0.10828E-01   0.10860E-01
 1278.87   0.10331E-01   0.10646E-01   0.10674E-01
 1292.47   0.10161E-01   0.10474E-01   0.10497E-01
 1306.08   0.99947E-02   0.10304E-01   0.10323E-01
 1319.68   0.98319E-02   0.10138E-01   0.10152E-01
 1333.29   0.96729E-02   0.99759E-02   0.99860E-02
 1346.89   0.95166E-02   0.98164E-02   0.98225E-02
 1360.50   0.93662E-02   0.96629E-02   0.96652E-02
 1374.10   0.92191E-02   0.95127E-02   0.95113E-02
 1387.71   0.90752E-02   0.93658E-02   0.93608E-02
 1401.31   0.89344E-02   0.92219E-02   0.92135E-02
 1414.92   0.87968E-02   0.90813E-02   0.90696E-02
 1428.52   0.86621E-02   0.89436E-02   0.89287E-02
 1442.13   0.85311E-02   0.88097E-02   0.87917E-02
 1455.73   0.84034E-02   0.86791E-02   0.86581E-02
 1469.34   0.82786E-02   0.85514E-02   0.85276E-02
 1482.94   0.81565E-02   0.84264E-02   0.83998E-02
 1496.55   0.80364E-02   0.83033E-02   0.82741E-02
 1510.15   0.79193E-02   0.81833E-02   0.81516E-02
 1523.76   0.78050E-02   0.80662E-02   0.80319E-02
 1537.36   0.76935E-02   0.79518E-02   0.79152E-02
 1550.97   0.75847E-02   0.78401E-02   0.78012E-02
 1564.57   0.74781E-02   0.77307E-02   0.76896E-02
 1578.18   0.73724E-02   0.76221E-02   0.75788E-02
 1591.78   0.72698E-02   0.75167E-02   0.74714E-02
 1605.39   0.71695E-02   0.74135E-02   0.73663E-02
 1618.99   0.70715E-02   0.73128E-02   0.72636E-02
 1632.60   0.69762E-02   0.72147E-02   0.71637E-02
 1646.20   0.68804E-02   0.71161E-02   0.70633E-02
 1659.81   0.67892E-02   0.70221E-02   0.69676E-02
 1673.41   0.66990E-02   0.69292E-02   0.68730E-02
 1687.02   0.66105E-02   0.68379E-02   0.67802E-02
 1700.62   0.65240E-02   0.67487E-02   0.66894E-02
 1714.23   0.64400E-02   0.66620E-02   0.66013E-02
 1727.83   0.63552E-02   0.65745E-02   0.65124E-02
 1741.44   0.62743E-02   0.64909E-02   0.64275E-02
 1755.04   0.61944E-02   0.64085E-02   0.63437E-02
 1768.65   0.61159E-02   0.63273E-02   0.62613E-02
 1782.25   0.60389E-02   0.62478E-02   0.61805E-02
 1795.86   0.59639E-02   0.61702E-02   0.61018E-02
 1809.46   0.58889E-02   0.60926E-02   0.60231E-02
 1823.07   0.58167E-02   0.60179E-02   0.59473E-02
 1836.67   0.57457E-02   0.59444E-02   0.58728E-02
 1850.28   0.56758E-02   0.58721E-02   0.57995E-02
 1863.88   0.56072E-02   0.58010E-02   0.57274E-02
 1877.49   0.55398E-02   0.57312E-02   0.56567E-02
 1891.09   0.54733E-02   0.56623E-02   0.55869E-02
 1904.70   0.54086E-02   0.55951E-02   0.55189E-02
 1918.30   0.53451E-02   0.55292E-02   0.54522E-02
 1931.91   0.52826E-02   0.54644E-02   0.53866E-02
 1945.51   0.52212E-02   0.54007E-02   0.53221E-02
 1959.12   0.51608E-02   0.53380E-02   0.52587E-02
 1972.72   0.51013E-02   0.52762E-02   0.51962E-02
 1986.33   0.50430E-02   0.52156E-02   0.51350E-02
 1999.93   0.49857E-02   0.51561E-02   0.50749E-02
 2013.54   0.49296E-02   0.50977E-02   0.50159E-02
 2027.14   0.48744E-02   0.50404E-02   0.49580E-02
 2040.75   0.48202E-02   0.49840E-02   0.49010E-02
 2054.35   0.47668E-02   0.49284E-02   0.48450E-02
 2067.96   0.47140E-02   0.48735E-02   0.47896E-02
 2081.56   0.46623E-02   0.48197E-02   0.47353E-02
 2095.17   0.46115E-02   0.47669E-02   0.46820E-02
 2108.77   0.45617E-02   0.47150E-02   0.46297E-02
 2122.38   0.45127E-02   0.46640E-02   0.45783E-02
 2135.98   0.44647E-02   0.46140E-02   0.45279E-02
 2149.59   0.44166E-02   0.45638E-02   0.44774E-02
 2163.19   0.43701E-02   0.45153E-02   0.44285E-02
 2176.80   0.43241E-02   0.44674E-02   0.43802E-02
 2190.40   0.42788E-02   0.44201E-02   0.43327E-02
 2204.01   0.42343E-02   0.43737E-02   0.42860E-02
 2217.61   0.41906E-02   0.43281E-02   0.42401E-02
 2231.22   0.41478E-02   0.42835E-02   0.41952E-02
 2244.82   0.41047E-02   0.42385E-02   0.41500E-02
 2258.43   0.40631E-02   0.41950E-02   0.41063E-02
 2272.03   0.40220E-02   0.41520E-02   0.40631E-02
 2285.64   0.39815E-02   0.41097E-02   0.40205E-02
 2299.24   0.39416E-02   0.40680E-02   0.39787E-02
 2312.85   0.39025E-02   0.40270E-02   0.39376E-02
 2326.45   0.38645E-02   0.39873E-02   0.38976E-02
 2340.06   0.38256E-02   0.39465E-02   0.38568E-02
 2353.66   0.37883E-02   0.39074E-02   0.38175E-02
 2367.27   0.37515E-02   0.38688E-02   0.37788E-02
 2380.87   0.37151E-02   0.38307E-02   0.37406E-02
 2394.48   0.36793E-02   0.37931E-02   0.37029E-02
 2408.08   0.36441E-02   0.37561E-02   0.36659E-02
 2421.69   0.36096E-02   0.37198E-02   0.36295E-02
 2435.29   0.35751E-02   0.36835E-02   0.35932E-02
 2448.90   0.35414E-02   0.36482E-02   0.35578E-02
 2462.50   0.35083E-02   0.36133E-02   0.35229E-02
 2476.11   0.34756E-02   0.35789E-02   0.34884E-02
 2489.71   0.34433E-02   0.35449E-02   0.34544E-02
 2503.32   0.34115E-02   0.35114E-02   0.34209E-02
 2516.92   0.33803E-02   0.34784E-02   0.33880E-02
 2530.53   0.33492E-02   0.34457E-02   0.33553E-02
 2544.13   0.33188E-02   0.34136E-02   0.33232E-02
 2557.74   0.32889E-02   0.33820E-02   0.32916E-02
 2571.34   0.32593E-02   0.33508E-02   0.32605E-02
 2584.95   0.32302E-02   0.33200E-02   0.32297E-02
 2598.55   0.32014E-02   0.32896E-02   0.31994E-02
 2612.16   0.31730E-02   0.32595E-02   0.31694E-02
 2625.76   0.31450E-02   0.32299E-02   0.31399E-02
 2639.37   0.31174E-02   0.32007E-02   0.31108E-02
 2652.97   0.30902E-02   0.31719E-02   0.30821E-02
 2666.58   0.30634E-02   0.31435E-02   0.30538E-02
 2680.18   0.30369E-02   0.31155E-02   0.30258E-02
 2693.79   0.30108E-02   0.30878E-02   0.29983E-02
 2707.39   0.29850E-02   0.30605E-02   0.29711E-02
 2721.00   0.29595E-02   0.30334E-02   0.29442E-02
 2734.60   0.29344E-02   0.30068E-02   0.29177E-02
 2748.21   0.29096E-02   0.29805E-02   0.28915E-02
 2761.81   0.28852E-02   0.29545E-02   0.28657E-02
 2775.42   0.28611E-02   0.29289E-02   0.28402E-02
 2789.02   0.28373E-02   0.29036E-02   0.28151E-02
 2802.63   0.28138E-02   0.28787E-02   0.27903E-02
 2816.23   0.27906E-02   0.28540E-02   0.27658E-02
 2829.84   0.27676E-02   0.28296E-02   0.27416E-02
 2843.44   0.27450E-02   0.28055E-02   0.27177E-02
 2857.05   0.27227E-02   0.27817E-02   0.26941E-02
 2870.65   0.27006E-02   0.27583E-02   0.26708E-02
 2884.26   0.26789E-02   0.27351E-02   0.26478E-02
 2897.86   0.26574E-02   0.27122E-02   0.26252E-02
 2911.47   0.26362E-02   0.26896E-02   0.26028E-02
 2925.07   0.26151E-02   0.26672E-02   0.25805E-02
 2938.68   0.25944E-02   0.26451E-02   0.25587E-02
 2952.28   0.25740E-02   0.26233E-02   0.25371E-02
 2965.89   0.25538E-02   0.26017E-02   0.25158E-02
 2979.49   0.25338E-02   0.25804E-02   0.24947E-02
 2993.10   0.25140E-02   0.25594E-02   0.24739E-02
 3006.70   0.24946E-02   0.25386E-02   0.24533E-02
 3020.31   0.24753E-02   0.25180E-02   0.24330E-02
 3033.91   0.24562E-02   0.24977E-02   0.24129E-02
 3047.52   0.24374E-02   0.24776E-02   0.23931E-02
 3061.12   0.24188E-02   0.24578E-02   0.23735E-02
 3074.73   0.24004E-02   0.24382E-02   0.23541E-02
 3088.33   0.23823E-02   0.24188E-02   0.23349E-02
 3101.94   0.23643E-02   0.23996E-02   0.23160E-02
 3115.54   0.23465E-02   0.23807E-02   0.22973E-02
 3129.15   0.23290E-02   0.23619E-02   0.22789E-02
 3142.75   0.23116E-02   0.23434E-02   0.22606E-02
 3156.36   0.22945E-02   0.23251E-02   0.22426E-02
 3169.96   0.22775E-02   0.23070E-02   0.22247E-02
 3183.57   0.22607E-02   0.22891E-02   0.22071E-02
 3197.17   0.22441E-02   0.22714E-02   0.21896E-02
 3210.78   0.22277E-02   0.22539E-02   0.21724E-02
 3224.38   0.22114E-02   0.22365E-02   0.21553E-02
 3237.99   0.21954E-02   0.22194E-02   0.21385E-02
 3251.59   0.21795E-02   0.22025E-02   0.21218E-02
 3265.20   0.21638E-02   0.21857E-02   0.21054E-02
 3278.80   0.21483E-02   0.21691E-02   0.20891E-02
 3292.41   0.21330E-02   0.21527E-02   0.20729E-02
 3306.01   0.21178E-02   0.21365E-02   0.20570E-02
 3319.62   0.21028E-02   0.21204E-02   0.20412E-02
 3333.22   0.20879E-02   0.21046E-02   0.20256E-02
 3346.83   0.20733E-02   0.20889E-02   0.20102E-02
 3360.43   0.20588E-02   0.20733E-02   0.19950E-02
 3374.04   0.20444E-02   0.20580E-02   0.19799E-02
 3387.64   0.20302E-02   0.20428E-02   0.19650E-02
 3401.25   0.20162E-02   0.20277E-02   0.19503E-02
 3414.85   0.20023E-02   0.20128E-02   0.19357E-02
 3428.46   0.19886E-02   0.19981E-02   0.19212E-02
 3442.06   0.19750E-02   0.19835E-02   0.19069E-02
 3455.67   0.19615E-02   0.19690E-02   0.18927E-02
 3469.27   0.19483E-02   0.19548E-02   0.18789E-02
 3482.88   0.19352E-02   0.19407E-02   0.18650E-02
 3496.48   0.19222E-02   0.19267E-02   0.18513E-02
 3510.09   0.19094E-02   0.19128E-02   0.18378E-02
 3523.69   0.18966E-02   0.18991E-02   0.18244E-02
 3537.30   0.18840E-02   0.18855E-02   0.18111E-02
 3550.90   0.18716E-02   0.18721E-02   0.17980E-02
 3564.51   0.18592E-02   0.18587E-02   0.17849E-02
 3578.11   0.18469E-02   0.18455E-02   0.17720E-02
 3591.72   0.18350E-02   0.18326E-02   0.17594E-02
 3605.32   0.18231E-02   0.18197E-02   0.17468E-02
 3618.93   0.18113E-02   0.18069E-02   0.17344E-02
 3632.53   0.17996E-02   0.17943E-02   0.17221E-02
 3646.14   0.17880E-02   0.17818E-02   0.17098E-02
 3659.74   0.17765E-02   0.17694E-02   0.16977E-02
 3673.35   0.17651E-02   0.17571E-02   0.16857E-02
 3686.95   0.17537E-02   0.17447E-02   0.16737E-02
 3700.56   0.17430E-02   0.17331E-02   0.16624E-02
 3714.16   0.17319E-02   0.17210E-02   0.16506E-02
 3727.77   0.17210E-02   0.17092E-02   0.16391E-02
 3741.37   0.17102E-02   0.16975E-02   0.16278E-02
 3754.98   0.16995E-02   0.16859E-02   0.16165E-02
 3768.58   0.16889E-02   0.16745E-02   0.16054E-02
 3782.19   0.16784E-02   0.16631E-02   0.15943E-02
 3795.79   0.16680E-02   0.16518E-02   0.15833E-02
 3809.40   0.16576E-02   0.16405E-02   0.15724E-02
 3823.00   0.16478E-02   0.16298E-02   0.15620E-02
 3836.61   0.16376E-02   0.16188E-02   0.15513E-02
 3850.21   0.16275E-02   0.16079E-02   0.15407E-02
 3863.82   0.16176E-02   0.15971E-02   0.15303E-02
 3877.42   0.16078E-02   0.15865E-02   0.15200E-02
 3891.03   0.15981E-02   0.15760E-02   0.15098E-02
 3904.63   0.15885E-02   0.15656E-02   0.14997E-02
 3918.24   0.15789E-02   0.15552E-02   0.14896E-02
 3931.84   0.15694E-02   0.15448E-02   0.14796E-02
 3945.45   0.15603E-02   0.15350E-02   0.14700E-02
 3959.05   0.15510E-02   0.15248E-02   0.14602E-02
 3972.66   0.15417E-02   0.15148E-02   0.14506E-02
 3986.26   0.15326E-02   0.15049E-02   0.14410E-02
 3999.87   0.15235E-02   0.14951E-02   0.14315E-02
 4013.47   0.15146E-02   0.14854E-02   0.14221E-02
 4027.08   0.15057E-02   0.14758E-02   0.14129E-02
 4040.68   0.14969E-02   0.14663E-02   0.14037E-02
 4054.29   0.14882E-02   0.14568E-02   0.13945E-02
 4067.89   0.14797E-02   0.14476E-02   0.13856E-02
 4081.50   0.14711E-02   0.14383E-02   0.13767E-02
 4095.10   0.14625E-02   0.14291E-02   0.13678E-02
 4108.71   0.14541E-02   0.14200E-02   0.13589E-02
 4122.31   0.14457E-02   0.14109E-02   0.13502E-02
 4135.92   0.14374E-02   0.14019E-02   0.13415E-02
 4149.52   0.14292E-02   0.13931E-02   0.13330E-02
 4163.13   0.14210E-02   0.13843E-02   0.13245E-02
 4176.73   0.14130E-02   0.13756E-02   0.13162E-02
 4190.34   0.14050E-02   0.13670E-02   0.13079E-02
 4203.94   0.13971E-02   0.13584E-02   0.12997E-02
 4217.55   0.13892E-02   0.13500E-02   0.12915E-02
 4231.15   0.13814E-02   0.13415E-02   0.12834E-02
 4244.76   0.13736E-02   0.13331E-02   0.12753E-02
 4258.36   0.13659E-02   0.13248E-02   0.12673E-02
 4271.97   0.13582E-02   0.13166E-02   0.12594E-02
 4285.57   0.13507E-02   0.13084E-02   0.12516E-02
 4299.18   0.13432E-02   0.13004E-02   0.12438E-02
 4312.78   0.13359E-02   0.12925E-02   0.12362E-02
 4326.39   0.13285E-02   0.12845E-02   0.12286E-02
 4339.99   0.13212E-02   0.12767E-02   0.12211E-02
 4353.60   0.13140E-02   0.12689E-02   0.12137E-02
 4367.20   0.13068E-02   0.12612E-02   0.12062E-02
 4380.81   0.12996E-02   0.12535E-02   0.11989E-02
 4394.41   0.12925E-02   0.12458E-02   0.11915E-02
 4408.02   0.12854E-02   0.12382E-02   0.11842E-02
 4421.62   0.12783E-02   0.12306E-02   0.11769E-02
 4435.23   0.12720E-02   0.12238E-02   0.11704E-02
 4448.83   0.12649E-02   0.12161E-02   0.11630E-02
 4462.44   0.12581E-02   0.12088E-02   0.11560E-02
 4476.04   0.12514E-02   0.12016E-02   0.11491E-02
 4489.65   0.12447E-02   0.11944E-02   0.11423E-02
 4503.25   0.12381E-02   0.11873E-02   0.11355E-02
 4516.86   0.12315E-02   0.11803E-02   0.11287E-02
 4530.46   0.12249E-02   0.11732E-02   0.11220E-02
 4544.07   0.12183E-02   0.11661E-02   0.11152E-02
 4557.67   0.12118E-02   0.11591E-02   0.11085E-02
 4571.28   0.12060E-02   0.11528E-02   0.11025E-02
 4584.88   0.11995E-02   0.11458E-02   0.10958E-02
 4598.49   0.11932E-02   0.11391E-02   0.10894E-02
 4612.09   0.11870E-02   0.11324E-02   0.10830E-02
 4625.70   0.11808E-02   0.11258E-02   0.10767E-02
 4639.30   0.11747E-02   0.11193E-02   0.10705E-02
 4652.91   0.11687E-02   0.11127E-02   0.10643E-02
 4666.51   0.11626E-02   0.11062E-02   0.10580E-02
 4680.12   0.11564E-02   0.10996E-02   0.10518E-02
 4693.72   0.11501E-02   0.10929E-02   0.10453E-02
 4707.33   0.11450E-02   0.10874E-02   0.10401E-02
 4720.93   0.11390E-02   0.10810E-02   0.10340E-02
 4734.54   0.11332E-02   0.10747E-02   0.10280E-02
 4748.14   0.11274E-02   0.10685E-02   0.10221E-02
 4761.75   0.11217E-02   0.10624E-02   0.10163E-02
 4775.35   0.11160E-02   0.10564E-02   0.10106E-02
 4788.96   0.11104E-02   0.10504E-02   0.10049E-02
 4802.56   0.11048E-02   0.10444E-02   0.99916E-03
 4816.17   0.10991E-02   0.10383E-02   0.99335E-03
 4829.77   0.10944E-02   0.10332E-02   0.98848E-03
 4843.38   0.10885E-02   0.10269E-02   0.98257E-03
 4856.98   0.10830E-02   0.10210E-02   0.97697E-03
 4870.59   0.10775E-02   0.10152E-02   0.97144E-03
 4884.19   0.10721E-02   0.10095E-02   0.96598E-03
 4897.80   0.10668E-02   0.10038E-02   0.96059E-03
 4911.40   0.10615E-02   0.99819E-03   0.95527E-03
 4925.01   0.10563E-02   0.99264E-03   0.95000E-03
 4938.61   0.10512E-02   0.98713E-03   0.94478E-03
 4952.22   0.10459E-02   0.98159E-03   0.93952E-03
 4965.82   0.10412E-02   0.97645E-03   0.93465E-03
 4979.43   0.10360E-02   0.97093E-03   0.92942E-03
 4993.03   0.10309E-02   0.96551E-03   0.92428E-03
 5006.64   0.10258E-02   0.96013E-03   0.91918E-03
 5020.24   0.10207E-02   0.95478E-03   0.91412E-03
 5033.85   0.10158E-02   0.94949E-03   0.90910E-03
 5047.45   0.10108E-02   0.94425E-03   0.90414E-03
 5061.06   0.10060E-02   0.93908E-03   0.89925E-03
 5074.66   0.10011E-02   0.93397E-03   0.89441E-03
 5088.27   0.99639E-03   0.92891E-03   0.88963E-03
 5101.87   0.99168E-03   0.92391E-03   0.88490E-03
 5115.48   0.98697E-03   0.91892E-03   0.88018E-03
 5129.08   0.98229E-03   0.91394E-03   0.87548E-03
 5142.69   0.97760E-03   0.90898E-03   0.87079E-03
 5156.29   0.97293E-03   0.90403E-03   0.86611E-03
 5169.90   0.96827E-03   0.89910E-03   0.86145E-03
 5183.50   0.96363E-03   0.89421E-03   0.85683E-03
 5197.11   0.95905E-03   0.88936E-03   0.85224E-03
 5210.71   0.95451E-03   0.88456E-03   0.84772E-03
 5224.32   0.95001E-03   0.87981E-03   0.84323E-03
 5237.92   0.94563E-03   0.87517E-03   0.83885E-03
 5251.53   0.94129E-03   0.87057E-03   0.83452E-03
 5265.13   0.93694E-03   0.86597E-03   0.83018E-03
 5278.74   0.93260E-03   0.86139E-03   0.82586E-03
 5292.34   0.92828E-03   0.85682E-03   0.82155E-03
 5305.95   0.92395E-03   0.85226E-03   0.81725E-03
 5319.55   0.91962E-03   0.84771E-03   0.81296E-03
 5333.16   0.91531E-03   0.84317E-03   0.80868E-03
 5346.76   0.91100E-03   0.83865E-03   0.80443E-03
 5360.37   0.90669E-03   0.83413E-03   0.80017E-03
 5373.97   0.90252E-03   0.82974E-03   0.79604E-03
 5387.58   0.89872E-03   0.82570E-03   0.79224E-03
 5401.18   0.89454E-03   0.82132E-03   0.78811E-03
 5414.79   0.89047E-03   0.81704E-03   0.78409E-03
 5428.39   0.88644E-03   0.81281E-03   0.78011E-03
 5442.00   0.88242E-03   0.80859E-03   0.77614E-03
 5455.60   0.87841E-03   0.80439E-03   0.77219E-03
 5469.21   0.87439E-03   0.80018E-03   0.76823E-03
 5482.81   0.87035E-03   0.79596E-03   0.76427E-03
 5496.42   0.86628E-03   0.79172E-03   0.76028E-03
 5510.02   0.86197E-03   0.78727E-03   0.75608E-03
 5523.63   0.85936E-03   0.78437E-03   0.75339E-03
 5537.23   0.85493E-03   0.77981E-03   0.74910E-03
 5550.84   0.85100E-03   0.77572E-03   0.74526E-03
 5564.44   0.84717E-03   0.77174E-03   0.74151E-03
 5578.05   0.84340E-03   0.76781E-03   0.73782E-03
 5591.65   0.83967E-03   0.76391E-03   0.73417E-03
 5605.26   0.83594E-03   0.76003E-03   0.73053E-03
 5618.86   0.83220E-03   0.75614E-03   0.72688E-03
 5632.47   0.82843E-03   0.75224E-03   0.72322E-03
 5646.07   0.82457E-03   0.74825E-03   0.71948E-03
 5659.68   0.82073E-03   0.74430E-03   0.71577E-03
 5673.28   0.81796E-03   0.74131E-03   0.71299E-03
 5686.89   0.81402E-03   0.73728E-03   0.70920E-03
 5700.49   0.81032E-03   0.73347E-03   0.70563E-03
 5714.10   0.80670E-03   0.72973E-03   0.70213E-03
 5727.70   0.80314E-03   0.72607E-03   0.69869E-03
 5741.31   0.79963E-03   0.72244E-03   0.69530E-03
 5754.91   0.79615E-03   0.71885E-03   0.69194E-03
 5768.52   0.79268E-03   0.71527E-03   0.68859E-03
 5782.12   0.78917E-03   0.71168E-03   0.68522E-03
 5795.73   0.78555E-03   0.70797E-03   0.68175E-03
 5809.33   0.78185E-03   0.70421E-03   0.67823E-03
 5822.94   0.77926E-03   0.70146E-03   0.67567E-03
 5836.54   0.77566E-03   0.69779E-03   0.67224E-03
 5850.15   0.77218E-03   0.69424E-03   0.66891E-03
 5863.75   0.76875E-03   0.69074E-03   0.66564E-03
 5877.36   0.76538E-03   0.68730E-03   0.66242E-03
 5890.96   0.76206E-03   0.68391E-03   0.65925E-03
 5904.57   0.75878E-03   0.68057E-03   0.65613E-03
 5918.17   0.75554E-03   0.67725E-03   0.65303E-03
 5931.78   0.75230E-03   0.67395E-03   0.64995E-03
 5945.38   0.74899E-03   0.67059E-03   0.64681E-03
 5958.99   0.74555E-03   0.66712E-03   0.64356E-03
 5972.59   0.74289E-03   0.66436E-03   0.64100E-03
 5986.20   0.73961E-03   0.66104E-03   0.63789E-03
 5999.80   0.73636E-03   0.65775E-03   0.63482E-03
 6013.41   0.73313E-03   0.65449E-03   0.63178E-03
 6027.01   0.72993E-03   0.65126E-03   0.62876E-03
 6040.62   0.72677E-03   0.64807E-03   0.62578E-03
 6054.22   0.72365E-03   0.64493E-03   0.62285E-03
 6067.83   0.72058E-03   0.64183E-03   0.61996E-03
 6081.43   0.71755E-03   0.63877E-03   0.61711E-03
 6095.04   0.71454E-03   0.63573E-03   0.61427E-03
 6108.64   0.71147E-03   0.63265E-03   0.61140E-03
 6122.25   0.70863E-03   0.62977E-03   0.60872E-03
 6135.85   0.70563E-03   0.62676E-03   0.60591E-03
 6149.46   0.70262E-03   0.62375E-03   0.60310E-03
 6163.06   0.69961E-03   0.62073E-03   0.60029E-03
 6176.67   0.69660E-03   0.61772E-03   0.59748E-03
 6190.27   0.69359E-03   0.61472E-03   0.59469E-03
 6203.88   0.69062E-03   0.61175E-03   0.59192E-03
 6217.48   0.68767E-03   0.60882E-03   0.58919E-03
 6231.09   0.68478E-03   0.60593E-03   0.58649E-03
 6244.69   0.68191E-03   0.60308E-03   0.58384E-03
 6258.30   0.67914E-03   0.60030E-03   0.58125E-03
 6271.90   0.67635E-03   0.59752E-03   0.57867E-03
 6285.51   0.67356E-03   0.59474E-03   0.57608E-03
 6299.11   0.67078E-03   0.59198E-03   0.57351E-03
 6312.72   0.66798E-03   0.58921E-03   0.57093E-03
 6326.32   0.66517E-03   0.58643E-03   0.56834E-03
 6339.93   0.66235E-03   0.58364E-03   0.56575E-03
 6353.53   0.65952E-03   0.58085E-03   0.56315E-03
 6367.14   0.65670E-03   0.57808E-03   0.56057E-03
 6380.74   0.65389E-03   0.57532E-03   0.55799E-03
 6394.35   0.65108E-03   0.57256E-03   0.55543E-03
 6407.95   0.64843E-03   0.56994E-03   0.55300E-03
 6421.56   0.64604E-03   0.56757E-03   0.55080E-03
 6435.16   0.64328E-03   0.56487E-03   0.54828E-03
 6448.77   0.64063E-03   0.56227E-03   0.54587E-03
 6462.37   0.63801E-03   0.55971E-03   0.54349E-03
 6475.98   0.63540E-03   0.55715E-03   0.54111E-03
 6489.58   0.63277E-03   0.55459E-03   0.53873E-03
 6503.19   0.63013E-03   0.55201E-03   0.53633E-03
 6516.79   0.62746E-03   0.54942E-03   0.53392E-03
 6530.40   0.62478E-03   0.54682E-03   0.53150E-03
 6544.00   0.62205E-03   0.54419E-03   0.52905E-03
 6557.61   0.61912E-03   0.54138E-03   0.52642E-03
 6571.21   0.61649E-03   0.53884E-03   0.52406E-03
 6584.82   0.61477E-03   0.53710E-03   0.52247E-03
 6598.42   0.61214E-03   0.53456E-03   0.52011E-03
 6612.03   0.60961E-03   0.53212E-03   0.51784E-03
 6625.63   0.60713E-03   0.52973E-03   0.51562E-03
 6639.24   0.60467E-03   0.52735E-03   0.51341E-03
 6652.84   0.60221E-03   0.52499E-03   0.51122E-03
 6666.45   0.59974E-03   0.52261E-03   0.50901E-03
 6680.05   0.59724E-03   0.52022E-03   0.50678E-03
 6693.66   0.59469E-03   0.51778E-03   0.50452E-03
 6707.26   0.59203E-03   0.51525E-03   0.50216E-03
 6720.87   0.58949E-03   0.51284E-03   0.49992E-03
 6734.47   0.58812E-03   0.51145E-03   0.49866E-03
 6748.08   0.58528E-03   0.50877E-03   0.49616E-03
 6761.68   0.58276E-03   0.50638E-03   0.49394E-03
 6775.29   0.58033E-03   0.50408E-03   0.49180E-03
 6788.89   0.57796E-03   0.50183E-03   0.48970E-03
 6802.50   0.57562E-03   0.49961E-03   0.48765E-03
 6816.10   0.57331E-03   0.49742E-03   0.48561E-03
 6829.71   0.57100E-03   0.49523E-03   0.48358E-03
 6843.31   0.56866E-03   0.49303E-03   0.48153E-03
 6856.92   0.56628E-03   0.49078E-03   0.47945E-03
 6870.52   0.56371E-03   0.48838E-03   0.47721E-03
 6884.13   0.56122E-03   0.48605E-03   0.47503E-03
 6897.73   0.55996E-03   0.48478E-03   0.47390E-03
 6911.34   0.55740E-03   0.48240E-03   0.47168E-03
 6924.94   0.55500E-03   0.48016E-03   0.46959E-03
 6938.55   0.55268E-03   0.47799E-03   0.46757E-03
 6952.15   0.55040E-03   0.47586E-03   0.46559E-03
 6965.76   0.54817E-03   0.47377E-03   0.46365E-03
 6979.36   0.54598E-03   0.47172E-03   0.46175E-03
 6992.97   0.54381E-03   0.46969E-03   0.45986E-03
 7006.57   0.54164E-03   0.46766E-03   0.45799E-03
 7020.18   0.53945E-03   0.46562E-03   0.45609E-03
 7033.78   0.53711E-03   0.46345E-03   0.45407E-03
 7047.39   0.53473E-03   0.46125E-03   0.45201E-03
 7060.99   0.53336E-03   0.45992E-03   0.45081E-03
 7074.60   0.53106E-03   0.45779E-03   0.44883E-03
 7088.20   0.52882E-03   0.45572E-03   0.44691E-03
 7101.81   0.52661E-03   0.45368E-03   0.44501E-03
 7115.41   0.52443E-03   0.45167E-03   0.44314E-03
 7129.02   0.52229E-03   0.44969E-03   0.44130E-03
 7142.62   0.52018E-03   0.44774E-03   0.43949E-03
 7156.23   0.51811E-03   0.44583E-03   0.43772E-03
 7169.83   0.51607E-03   0.44395E-03   0.43597E-03
 7183.44   0.51405E-03   0.44208E-03   0.43424E-03
 7197.04   0.51200E-03   0.44019E-03   0.43249E-03
 7210.65   0.50986E-03   0.43824E-03   0.43066E-03
 7224.25   0.50816E-03   0.43665E-03   0.42921E-03
 7237.86   0.50610E-03   0.43477E-03   0.42746E-03
 7251.46   0.50404E-03   0.43289E-03   0.42571E-03
 7265.07   0.50198E-03   0.43100E-03   0.42395E-03
 7278.67   0.49991E-03   0.42911E-03   0.42220E-03
 7292.28   0.49786E-03   0.42724E-03   0.42046E-03
 7305.88   0.49582E-03   0.42539E-03   0.41873E-03
 7319.49   0.49382E-03   0.42356E-03   0.41704E-03
 7333.09   0.49185E-03   0.42177E-03   0.41538E-03
 7346.70   0.48992E-03   0.42002E-03   0.41375E-03
 7360.30   0.48802E-03   0.41829E-03   0.41214E-03
 7373.91   0.48615E-03   0.41659E-03   0.41057E-03
 7387.51   0.48429E-03   0.41489E-03   0.40900E-03
 7401.12   0.48241E-03   0.41319E-03   0.40742E-03
 7414.72   0.48053E-03   0.41149E-03   0.40584E-03
 7428.33   0.47863E-03   0.40977E-03   0.40424E-03
 7441.93   0.47670E-03   0.40804E-03   0.40263E-03
 7455.54   0.47477E-03   0.40629E-03   0.40100E-03
 7469.14   0.47282E-03   0.40454E-03   0.39938E-03
 7482.75   0.47088E-03   0.40280E-03   0.39776E-03
 7496.35   0.46896E-03   0.40108E-03   0.39615E-03
 7509.96   0.46705E-03   0.39937E-03   0.39457E-03
 7523.56   0.46515E-03   0.39767E-03   0.39298E-03
 7537.17   0.46341E-03   0.39612E-03   0.39154E-03
 7550.77   0.46177E-03   0.39465E-03   0.39019E-03
 7564.38   0.45993E-03   0.39301E-03   0.38866E-03
 7577.98   0.45815E-03   0.39142E-03   0.38719E-03
 7591.59   0.45638E-03   0.38985E-03   0.38573E-03
 7605.19   0.45460E-03   0.38827E-03   0.38426E-03
 7618.80   0.45280E-03   0.38667E-03   0.38278E-03
 7632.40   0.45097E-03   0.38506E-03   0.38128E-03
 7646.01   0.44913E-03   0.38344E-03   0.37976E-03
 7659.61   0.44727E-03   0.38180E-03   0.37823E-03
 7673.22   0.44540E-03   0.38015E-03   0.37670E-03
 7686.82   0.44349E-03   0.37847E-03   0.37513E-03
 7700.43   0.44125E-03   0.37652E-03   0.37329E-03
 7714.03   0.44090E-03   0.37617E-03   0.37303E-03
 7727.64   0.43867E-03   0.37423E-03   0.37121E-03
 7741.24   0.43688E-03   0.37267E-03   0.36975E-03
 7754.85   0.43516E-03   0.37117E-03   0.36835E-03
 7768.45   0.43347E-03   0.36970E-03   0.36698E-03
 7782.06   0.43180E-03   0.36823E-03   0.36562E-03
 7795.66   0.43011E-03   0.36677E-03   0.36426E-03
 7809.27   0.42841E-03   0.36528E-03   0.36288E-03
 7822.87   0.42667E-03   0.36378E-03   0.36148E-03
 7836.48   0.42490E-03   0.36225E-03   0.36005E-03
 7850.08   0.42308E-03   0.36067E-03   0.35857E-03
 7863.69   0.42108E-03   0.35895E-03   0.35695E-03
 7877.29   0.41940E-03   0.35750E-03   0.35560E-03
 7890.90   0.41875E-03   0.35693E-03   0.35512E-03
 7904.50   0.41677E-03   0.35523E-03   0.35352E-03
 7918.11   0.41502E-03   0.35373E-03   0.35212E-03
 7931.71   0.41335E-03   0.35230E-03   0.35078E-03
 7945.32   0.41172E-03   0.35091E-03   0.34949E-03
 7958.92   0.41012E-03   0.34955E-03   0.34822E-03
 7972.53   0.40853E-03   0.34819E-03   0.34696E-03
 7986.13   0.40694E-03   0.34683E-03   0.34569E-03
 7999.74   0.40532E-03   0.34545E-03   0.34441E-03
 8013.34   0.40365E-03   0.34404E-03   0.34309E-03
 8026.95   0.40190E-03   0.34256E-03   0.34169E-03
 8040.55   0.39977E-03   0.34075E-03   0.33997E-03
 8054.16   0.39807E-03   0.33931E-03   0.33863E-03
 8067.76   0.39777E-03   0.33907E-03   0.33847E-03
 8081.37   0.39593E-03   0.33752E-03   0.33701E-03
 8094.97   0.39424E-03   0.33609E-03   0.33567E-03
 8108.58   0.39262E-03   0.33473E-03   0.33439E-03
 8122.18   0.39104E-03   0.33340E-03   0.33315E-03
 8135.79   0.38950E-03   0.33211E-03   0.33195E-03
 8149.39   0.38799E-03   0.33084E-03   0.33077E-03
 8163.00   0.38649E-03   0.32958E-03   0.32959E-03
 8176.60   0.38498E-03   0.32833E-03   0.32842E-03
 8190.21   0.38345E-03   0.32705E-03   0.32723E-03
 8203.81   0.38185E-03   0.32570E-03   0.32596E-03
 8217.42   0.37976E-03   0.32395E-03   0.32429E-03
 8231.02   0.37994E-03   0.32415E-03   0.32457E-03
 8244.63   0.37783E-03   0.32237E-03   0.32287E-03
 8258.23   0.37616E-03   0.32098E-03   0.32156E-03
 8271.84   0.37456E-03   0.31964E-03   0.32031E-03
 8285.44   0.37300E-03   0.31835E-03   0.31909E-03
 8299.05   0.37147E-03   0.31708E-03   0.31790E-03
 8312.65   0.36997E-03   0.31584E-03   0.31674E-03
 8326.26   0.36851E-03   0.31463E-03   0.31561E-03
 8339.86   0.36707E-03   0.31345E-03   0.31450E-03
 8353.47   0.36566E-03   0.31228E-03   0.31341E-03
 8367.07   0.36425E-03   0.31112E-03   0.31233E-03
 8380.68   0.36281E-03   0.30994E-03   0.31122E-03
 8394.28   0.36113E-03   0.30855E-03   0.30990E-03
 8407.89   0.36046E-03   0.30804E-03   0.30947E-03
 8421.49   0.35883E-03   0.30669E-03   0.30820E-03
 8435.10   0.35734E-03   0.30547E-03   0.30705E-03
 8448.70   0.35586E-03   0.30426E-03   0.30591E-03
 8462.31   0.35439E-03   0.30305E-03   0.30477E-03
 8475.91   0.35292E-03   0.30185E-03   0.30364E-03
 8489.52   0.35146E-03   0.30066E-03   0.30252E-03
 8503.12   0.35003E-03   0.29950E-03   0.30143E-03
 8516.73   0.34863E-03   0.29836E-03   0.30036E-03
 8530.33   0.34727E-03   0.29725E-03   0.29931E-03
 8543.94   0.34592E-03   0.29616E-03   0.29830E-03
 8557.54   0.34460E-03   0.29510E-03   0.29730E-03
 8571.15   0.34328E-03   0.29402E-03   0.29629E-03
 8584.75   0.34206E-03   0.29304E-03   0.29538E-03
 8598.36   0.34073E-03   0.29197E-03   0.29437E-03
 8611.96   0.33941E-03   0.29090E-03   0.29337E-03
 8625.57   0.33807E-03   0.28982E-03   0.29235E-03
 8639.17   0.33671E-03   0.28873E-03   0.29132E-03
 8652.78   0.33534E-03   0.28762E-03   0.29028E-03
 8666.38   0.33395E-03   0.28650E-03   0.28922E-03
 8679.99   0.33257E-03   0.28539E-03   0.28817E-03
 8693.59   0.33120E-03   0.28429E-03   0.28713E-03
 8707.20   0.32984E-03   0.28320E-03   0.28611E-03
 8720.80   0.32851E-03   0.28214E-03   0.28511E-03
 8734.41   0.32720E-03   0.28110E-03   0.28412E-03
 8748.01   0.32588E-03   0.28006E-03   0.28314E-03
 8761.62   0.32473E-03   0.27915E-03   0.28229E-03
 8775.22   0.32353E-03   0.27820E-03   0.28140E-03
 8788.83   0.32228E-03   0.27722E-03   0.28048E-03
 8802.43   0.32104E-03   0.27624E-03   0.27956E-03
 8816.04   0.31979E-03   0.27526E-03   0.27863E-03
 8829.64   0.31852E-03   0.27426E-03   0.27769E-03
 8843.25   0.31723E-03   0.27324E-03   0.27673E-03
 8856.85   0.31593E-03   0.27221E-03   0.27576E-03
 8870.46   0.31460E-03   0.27117E-03   0.27477E-03
 8884.06   0.31327E-03   0.27013E-03   0.27378E-03
 8897.67   0.31194E-03   0.26908E-03   0.27278E-03
 8911.27   0.31060E-03   0.26803E-03   0.27179E-03
 8924.88   0.30921E-03   0.26693E-03   0.27074E-03
 8938.48   0.30811E-03   0.26609E-03   0.26995E-03
 8952.09   0.30730E-03   0.26549E-03   0.26941E-03
 8965.69   0.30597E-03   0.26444E-03   0.26841E-03
 8979.30   0.30475E-03   0.26350E-03   0.26752E-03
 8992.90   0.30356E-03   0.26258E-03   0.26665E-03
 9006.51   0.30238E-03   0.26167E-03   0.26580E-03
 9020.11   0.30119E-03   0.26076E-03   0.26493E-03
 9033.72   0.29999E-03   0.25983E-03   0.26406E-03
 9047.32   0.29877E-03   0.25889E-03   0.26316E-03
 9060.93   0.29752E-03   0.25792E-03   0.26224E-03
 9074.53   0.29625E-03   0.25694E-03   0.26130E-03
 9088.14   0.29494E-03   0.25592E-03   0.26033E-03
 9101.74   0.29355E-03   0.25484E-03   0.25929E-03
 9115.35   0.29165E-03   0.25332E-03   0.25781E-03
 9128.95   0.29257E-03   0.25423E-03   0.25880E-03
 9142.56   0.29061E-03   0.25266E-03   0.25725E-03
 9156.16   0.28930E-03   0.25164E-03   0.25628E-03
 9169.77   0.28809E-03   0.25072E-03   0.25541E-03
 9183.37   0.28694E-03   0.24985E-03   0.25458E-03
 9196.98   0.28581E-03   0.24900E-03   0.25377E-03
 9210.58   0.28469E-03   0.24815E-03   0.25297E-03
 9224.19   0.28356E-03   0.24731E-03   0.25216E-03
 9237.79   0.28242E-03   0.24645E-03   0.25134E-03
 9251.40   0.28126E-03   0.24556E-03   0.25050E-03
 9265.00   0.28006E-03   0.24465E-03   0.24963E-03
 9278.61   0.27880E-03   0.24368E-03   0.24870E-03
 9292.21   0.27735E-03   0.24255E-03   0.24760E-03
 9305.82   0.27624E-03   0.24172E-03   0.24681E-03
 9319.42   0.27633E-03   0.24194E-03   0.24709E-03
 9333.03   0.27475E-03   0.24069E-03   0.24587E-03
 9346.63   0.27348E-03   0.23972E-03   0.24493E-03
 9360.24   0.27230E-03   0.23883E-03   0.24408E-03
 9373.84   0.27117E-03   0.23798E-03   0.24327E-03
 9387.45   0.27007E-03   0.23716E-03   0.24249E-03
 9401.05   0.26901E-03   0.23637E-03   0.24173E-03
 9414.66   0.26795E-03   0.23558E-03   0.24098E-03
 9428.26   0.26690E-03   0.23480E-03   0.24023E-03
 9441.87   0.26583E-03   0.23401E-03   0.23947E-03
 9455.47   0.26473E-03   0.23318E-03   0.23869E-03
 9469.08   0.26357E-03   0.23230E-03   0.23783E-03
 9482.68   0.26216E-03   0.23120E-03   0.23676E-03
 9496.29   0.26107E-03   0.23038E-03   0.23598E-03
 9509.89   0.26109E-03   0.23056E-03   0.23621E-03
 9523.50   0.25973E-03   0.22951E-03   0.23518E-03
 9537.10   0.25853E-03   0.22860E-03   0.23430E-03
 9550.71   0.25740E-03   0.22774E-03   0.23347E-03
 9564.31   0.25629E-03   0.22692E-03   0.23268E-03
 9577.92   0.25522E-03   0.22612E-03   0.23192E-03
 9591.52   0.25418E-03   0.22536E-03   0.23118E-03
 9605.13   0.25317E-03   0.22461E-03   0.23047E-03
 9618.73   0.25218E-03   0.22388E-03   0.22977E-03
 9632.34   0.25119E-03   0.22316E-03   0.22907E-03
 9645.94   0.25019E-03   0.22243E-03   0.22837E-03
 9659.55   0.24916E-03   0.22167E-03   0.22764E-03
 9673.15   0.24795E-03   0.22075E-03   0.22674E-03
 9686.76   0.24688E-03   0.21995E-03   0.22597E-03
 9700.36   0.24660E-03   0.21987E-03   0.22593E-03
 9713.97   0.24545E-03   0.21900E-03   0.22509E-03
 9727.57   0.24436E-03   0.21818E-03   0.22430E-03
 9741.18   0.24329E-03   0.21739E-03   0.22352E-03
 9754.78   0.24223E-03   0.21660E-03   0.22276E-03
 9768.39   0.24119E-03   0.21583E-03   0.22202E-03
 9781.99   0.24018E-03   0.21508E-03   0.22129E-03
 9795.60   0.23918E-03   0.21436E-03   0.22059E-03
 9809.20   0.23821E-03   0.21365E-03   0.21991E-03
 9822.81   0.23727E-03   0.21297E-03   0.21925E-03
 9836.41   0.23634E-03   0.21230E-03   0.21861E-03
 9850.02   0.23542E-03   0.21164E-03   0.21797E-03
 9863.62   0.23446E-03   0.21094E-03   0.21730E-03
 9877.23   0.23348E-03   0.21023E-03   0.21660E-03
 9890.83   0.23280E-03   0.20979E-03   0.21620E-03
 9904.44   0.23184E-03   0.20909E-03   0.21551E-03
 9918.04   0.23088E-03   0.20839E-03   0.21483E-03
 9931.65   0.22991E-03   0.20768E-03   0.21414E-03
 9945.25   0.22892E-03   0.20696E-03   0.21344E-03
 9958.86   0.22793E-03   0.20624E-03   0.21274E-03
 9972.46   0.22695E-03   0.20551E-03   0.21204E-03
 9986.07   0.22597E-03   0.20480E-03   0.21134E-03
 9999.67   0.22501E-03   0.20411E-03   0.21067E-03
