   27.21   0.17886E+00   0.17871E+00   0.27304E+00
   40.81   0.16369E+00   0.16357E+00   0.22332E+00
   54.42   0.13911E+00   0.13900E+00   0.17920E+00
   68.02   0.11770E+00   0.11761E+00   0.14637E+00
   81.63   0.10046E+00   0.10038E+00   0.12195E+00
   95.23   0.86437E-01   0.86372E-01   0.10307E+00
  108.84   0.74974E-01   0.74928E-01   0.88179E-01
  122.44   0.65768E-01   0.65742E-01   0.76508E-01
  136.05   0.58288E-01   0.58282E-01   0.67202E-01
  149.65   0.52147E-01   0.52158E-01   0.59675E-01
  163.26   0.47055E-01   0.47083E-01   0.53512E-01
  176.86   0.42713E-01   0.42755E-01   0.48315E-01
  190.47   0.38972E-01   0.39025E-01   0.43880E-01
  204.07   0.35676E-01   0.35738E-01   0.40009E-01
  217.68   0.32800E-01   0.32870E-01   0.36656E-01
  231.28   0.30246E-01   0.30322E-01   0.33698E-01
  244.89   0.28005E-01   0.28086E-01   0.31117E-01
  258.49   0.26014E-01   0.26099E-01   0.28836E-01
  272.10   0.24245E-01   0.24333E-01   0.26817E-01
  285.70   0.22649E-01   0.22740E-01   0.25004E-01
  299.31   0.21202E-01   0.21296E-01   0.23366E-01
  312.91   0.19916E-01   0.20011E-01   0.21914E-01
  326.52   0.18733E-01   0.18831E-01   0.20584E-01
  340.12   0.17660E-01   0.17760E-01   0.19381E-01
  353.73   0.16675E-01   0.16776E-01   0.18278E-01
  367.33   0.15777E-01   0.15879E-01   0.17276E-01
  380.94   0.14959E-01   0.15063E-01   0.16364E-01
  394.54   0.14203E-01   0.14308E-01   0.15525E-01
  408.15   0.13502E-01   0.13608E-01   0.14747E-01
  421.75   0.12866E-01   0.12974E-01   0.14043E-01
  435.36   0.12269E-01   0.12377E-01   0.13383E-01
  448.96   0.11702E-01   0.11811E-01   0.12757E-01
  462.57   0.11192E-01   0.11302E-01   0.12195E-01
  476.17   0.10705E-01   0.10816E-01   0.11659E-01
  489.78   0.10242E-01   0.10353E-01   0.11151E-01
  503.38   0.98214E-02   0.99328E-02   0.10689E-01
  516.99   0.94198E-02   0.95315E-02   0.10248E-01
  530.59   0.90431E-02   0.91549E-02   0.98357E-02
  544.20   0.86909E-02   0.88029E-02   0.94503E-02
  557.80   0.83565E-02   0.84684E-02   0.90846E-02
  571.41   0.80430E-02   0.81549E-02   0.87422E-02
  585.01   0.77480E-02   0.78599E-02   0.84202E-02
  598.62   0.74677E-02   0.75794E-02   0.81144E-02
  612.22   0.72018E-02   0.73134E-02   0.78246E-02
  625.83   0.69506E-02   0.70621E-02   0.75511E-02
  639.43   0.67137E-02   0.68251E-02   0.72933E-02
  653.04   0.64879E-02   0.65991E-02   0.70476E-02
  666.64   0.62726E-02   0.63836E-02   0.68136E-02
  680.25   0.60706E-02   0.61814E-02   0.65940E-02
  693.85   0.58769E-02   0.59875E-02   0.63837E-02
  707.46   0.56933E-02   0.58037E-02   0.61844E-02
  721.06   0.55175E-02   0.56275E-02   0.59936E-02
  734.67   0.53526E-02   0.54624E-02   0.58147E-02
  748.27   0.51933E-02   0.53028E-02   0.56419E-02
  761.88   0.50420E-02   0.51511E-02   0.54779E-02
  775.48   0.48964E-02   0.50051E-02   0.53199E-02
  789.09   0.47592E-02   0.48675E-02   0.51712E-02
  802.69   0.46256E-02   0.47334E-02   0.50264E-02
  816.30   0.44983E-02   0.46057E-02   0.48885E-02
  829.90   0.43761E-02   0.44830E-02   0.47561E-02
  843.51   0.42597E-02   0.43661E-02   0.46301E-02
  857.11   0.41463E-02   0.42523E-02   0.45073E-02
  870.72   0.40379E-02   0.41434E-02   0.43900E-02
  884.32   0.39342E-02   0.40391E-02   0.42777E-02
  897.93   0.38348E-02   0.39393E-02   0.41702E-02
  911.53   0.37386E-02   0.38426E-02   0.40661E-02
  925.14   0.36458E-02   0.37494E-02   0.39658E-02
  938.74   0.35568E-02   0.36598E-02   0.38695E-02
  952.35   0.34714E-02   0.35740E-02   0.37772E-02
  965.95   0.33891E-02   0.34913E-02   0.36883E-02
  979.56   0.33095E-02   0.34112E-02   0.36023E-02
  993.16   0.32324E-02   0.33337E-02   0.35191E-02
 1006.77   0.31579E-02   0.32588E-02   0.34386E-02
 1020.37   0.30869E-02   0.31874E-02   0.33620E-02
 1033.98   0.30179E-02   0.31180E-02   0.32874E-02
 1047.58   0.29511E-02   0.30508E-02   0.32154E-02
 1061.19   0.28862E-02   0.29855E-02   0.31454E-02
 1074.79   0.28230E-02   0.29219E-02   0.30772E-02
 1088.40   0.27638E-02   0.28623E-02   0.30132E-02
 1102.00   0.27055E-02   0.28036E-02   0.29503E-02
 1115.61   0.26491E-02   0.27469E-02   0.28896E-02
 1129.21   0.25943E-02   0.26917E-02   0.28304E-02
 1142.82   0.25426E-02   0.26396E-02   0.27746E-02
 1156.42   0.24906E-02   0.25872E-02   0.27184E-02
 1170.03   0.24410E-02   0.25372E-02   0.26649E-02
 1183.63   0.23930E-02   0.24888E-02   0.26131E-02
 1197.24   0.23463E-02   0.24416E-02   0.25626E-02
 1210.84   0.23018E-02   0.23967E-02   0.25145E-02
 1224.45   0.22575E-02   0.23518E-02   0.24665E-02
 1238.05   0.22148E-02   0.23086E-02   0.24203E-02
 1251.66   0.21734E-02   0.22667E-02   0.23755E-02
 1265.26   0.21332E-02   0.22260E-02   0.23320E-02
 1278.87   0.20944E-02   0.21867E-02   0.22899E-02
 1292.47   0.20562E-02   0.21480E-02   0.22485E-02
 1306.08   0.20191E-02   0.21103E-02   0.22083E-02
 1319.68   0.19830E-02   0.20737E-02   0.21692E-02
 1333.29   0.19480E-02   0.20382E-02   0.21313E-02
 1346.89   0.19141E-02   0.20037E-02   0.20945E-02
 1360.50   0.18810E-02   0.19701E-02   0.20586E-02
 1374.10   0.18486E-02   0.19372E-02   0.20235E-02
 1387.71   0.18171E-02   0.19051E-02   0.19893E-02
 1401.31   0.17864E-02   0.18739E-02   0.19560E-02
 1414.92   0.17566E-02   0.18436E-02   0.19236E-02
 1428.52   0.17277E-02   0.18142E-02   0.18922E-02
 1442.13   0.16994E-02   0.17854E-02   0.18615E-02
 1455.73   0.16717E-02   0.17572E-02   0.18315E-02
 1469.34   0.16446E-02   0.17296E-02   0.18021E-02
 1482.94   0.16180E-02   0.17025E-02   0.17732E-02
 1496.55   0.15928E-02   0.16768E-02   0.17458E-02
 1510.15   0.15677E-02   0.16512E-02   0.17186E-02
 1523.76   0.15433E-02   0.16263E-02   0.16921E-02
 1537.36   0.15194E-02   0.16020E-02   0.16661E-02
 1550.97   0.14959E-02   0.15780E-02   0.16406E-02
 1564.57   0.14727E-02   0.15544E-02   0.16155E-02
 1578.18   0.14510E-02   0.15323E-02   0.15920E-02
 1591.78   0.14293E-02   0.15101E-02   0.15683E-02
 1605.39   0.14081E-02   0.14885E-02   0.15453E-02
 1618.99   0.13873E-02   0.14673E-02   0.15228E-02
 1632.60   0.13669E-02   0.14464E-02   0.15006E-02
 1646.20   0.13476E-02   0.14268E-02   0.14797E-02
 1659.81   0.13280E-02   0.14067E-02   0.14583E-02
 1673.41   0.13090E-02   0.13872E-02   0.14376E-02
 1687.02   0.12905E-02   0.13683E-02   0.14175E-02
 1700.62   0.12724E-02   0.13498E-02   0.13979E-02
 1714.23   0.12546E-02   0.13315E-02   0.13785E-02
 1727.83   0.12376E-02   0.13141E-02   0.13599E-02
 1741.44   0.12205E-02   0.12965E-02   0.13413E-02
 1755.04   0.12038E-02   0.12794E-02   0.13230E-02
 1768.65   0.11875E-02   0.12627E-02   0.13053E-02
 1782.25   0.11716E-02   0.12463E-02   0.12879E-02
 1795.86   0.11561E-02   0.12303E-02   0.12709E-02
 1809.46   0.11409E-02   0.12146E-02   0.12543E-02
 1823.07   0.11259E-02   0.11992E-02   0.12378E-02
 1836.67   0.11111E-02   0.11839E-02   0.12217E-02
 1850.28   0.10967E-02   0.11690E-02   0.12059E-02
 1863.88   0.10826E-02   0.11545E-02   0.11904E-02
 1877.49   0.10688E-02   0.11402E-02   0.11753E-02
 1891.09   0.10553E-02   0.11263E-02   0.11605E-02
 1904.70   0.10420E-02   0.11126E-02   0.11460E-02
 1918.30   0.10289E-02   0.10991E-02   0.11317E-02
 1931.91   0.10161E-02   0.10858E-02   0.11176E-02
 1945.51   0.10035E-02   0.10728E-02   0.11038E-02
 1959.12   0.99108E-03   0.10600E-02   0.10902E-02
 1972.72   0.97916E-03   0.10476E-02   0.10772E-02
 1986.33   0.96725E-03   0.10353E-02   0.10641E-02
 1999.93   0.95563E-03   0.10233E-02   0.10514E-02
 2013.54   0.94420E-03   0.10115E-02   0.10389E-02
 2027.14   0.93293E-03   0.99978E-03   0.10265E-02
 2040.75   0.92182E-03   0.98826E-03   0.10143E-02
 2054.35   0.91077E-03   0.97680E-03   0.10022E-02
 2067.96   0.90050E-03   0.96615E-03   0.99092E-03
 2081.56   0.89004E-03   0.95530E-03   0.97943E-03
 2095.17   0.87982E-03   0.94467E-03   0.96819E-03
 2108.77   0.86978E-03   0.93422E-03   0.95714E-03
 2122.38   0.85986E-03   0.92390E-03   0.94622E-03
 2135.98   0.84999E-03   0.91361E-03   0.93535E-03
 2149.59   0.84086E-03   0.90411E-03   0.92529E-03
 2163.19   0.83131E-03   0.89414E-03   0.91476E-03
 2176.80   0.82209E-03   0.88452E-03   0.90458E-03
 2190.40   0.81308E-03   0.87510E-03   0.89463E-03
 2204.01   0.80423E-03   0.86584E-03   0.88485E-03
 2217.61   0.79549E-03   0.85669E-03   0.87519E-03
 2231.22   0.78676E-03   0.84755E-03   0.86553E-03
 2244.82   0.77864E-03   0.83904E-03   0.85654E-03
 2258.43   0.77026E-03   0.83025E-03   0.84726E-03
 2272.03   0.76208E-03   0.82167E-03   0.83820E-03
 2285.64   0.75407E-03   0.81326E-03   0.82933E-03
 2299.24   0.74621E-03   0.80501E-03   0.82062E-03
 2312.85   0.73848E-03   0.79687E-03   0.81203E-03
 2326.45   0.73068E-03   0.78865E-03   0.80337E-03
 2340.06   0.72345E-03   0.78105E-03   0.79534E-03
 2353.66   0.71602E-03   0.77321E-03   0.78708E-03
 2367.27   0.70872E-03   0.76551E-03   0.77895E-03
 2380.87   0.70156E-03   0.75794E-03   0.77098E-03
 2394.48   0.69453E-03   0.75051E-03   0.76315E-03
 2408.08   0.68763E-03   0.74321E-03   0.75546E-03
 2421.69   0.68082E-03   0.73600E-03   0.74786E-03
 2435.29   0.67417E-03   0.72896E-03   0.74044E-03
 2448.90   0.66756E-03   0.72194E-03   0.73305E-03
 2462.50   0.66102E-03   0.71501E-03   0.72575E-03
 2476.11   0.65458E-03   0.70817E-03   0.71856E-03
 2489.71   0.64826E-03   0.70145E-03   0.71148E-03
 2503.32   0.64205E-03   0.69484E-03   0.70454E-03
 2516.92   0.63596E-03   0.68837E-03   0.69773E-03
 2530.53   0.62997E-03   0.68198E-03   0.69101E-03
 2544.13   0.62405E-03   0.67568E-03   0.68438E-03
 2557.74   0.61820E-03   0.66944E-03   0.67782E-03
 2571.34   0.61242E-03   0.66327E-03   0.67134E-03
 2584.95   0.60672E-03   0.65718E-03   0.66493E-03
 2598.55   0.60109E-03   0.65116E-03   0.65861E-03
 2612.16   0.59555E-03   0.64523E-03   0.65239E-03
 2625.76   0.59023E-03   0.63954E-03   0.64641E-03
 2639.37   0.58489E-03   0.63382E-03   0.64040E-03
 2652.97   0.57964E-03   0.62819E-03   0.63449E-03
 2666.58   0.57444E-03   0.62262E-03   0.62864E-03
 2680.18   0.56930E-03   0.61709E-03   0.62285E-03
 2693.79   0.56420E-03   0.61162E-03   0.61711E-03
 2707.39   0.55906E-03   0.60610E-03   0.61132E-03
 2721.00   0.55444E-03   0.60113E-03   0.60610E-03
 2734.60   0.54952E-03   0.59583E-03   0.60055E-03
 2748.21   0.54475E-03   0.59069E-03   0.59517E-03
 2761.81   0.54006E-03   0.58563E-03   0.58987E-03
 2775.42   0.53542E-03   0.58063E-03   0.58463E-03
 2789.02   0.53083E-03   0.57568E-03   0.57944E-03
 2802.63   0.52624E-03   0.57072E-03   0.57425E-03
 2816.23   0.52171E-03   0.56583E-03   0.56913E-03
 2829.84   0.51753E-03   0.56130E-03   0.56439E-03
 2843.44   0.51315E-03   0.55656E-03   0.55943E-03
 2857.05   0.50887E-03   0.55192E-03   0.55458E-03
 2870.65   0.50466E-03   0.54737E-03   0.54981E-03
 2884.26   0.50052E-03   0.54287E-03   0.54511E-03
 2897.86   0.49641E-03   0.53841E-03   0.54045E-03
 2911.47   0.49226E-03   0.53390E-03   0.53574E-03
 2925.07   0.48853E-03   0.52985E-03   0.53149E-03
 2938.68   0.48448E-03   0.52544E-03   0.52689E-03
 2952.28   0.48055E-03   0.52116E-03   0.52242E-03
 2965.89   0.47669E-03   0.51696E-03   0.51804E-03
 2979.49   0.47290E-03   0.51283E-03   0.51372E-03
 2993.10   0.46917E-03   0.50876E-03   0.50948E-03
 3006.70   0.46548E-03   0.50474E-03   0.50528E-03
 3020.31   0.46180E-03   0.50071E-03   0.50108E-03
 3033.91   0.45831E-03   0.49690E-03   0.49710E-03
 3047.52   0.45472E-03   0.49297E-03   0.49300E-03
 3061.12   0.45117E-03   0.48909E-03   0.48896E-03
 3074.73   0.44768E-03   0.48526E-03   0.48498E-03
 3088.33   0.44424E-03   0.48149E-03   0.48105E-03
 3101.94   0.44086E-03   0.47778E-03   0.47718E-03
 3115.54   0.43754E-03   0.47413E-03   0.47338E-03
 3129.15   0.43424E-03   0.47051E-03   0.46961E-03
 3142.75   0.43103E-03   0.46696E-03   0.46592E-03
 3156.36   0.42781E-03   0.46342E-03   0.46223E-03
 3169.96   0.42462E-03   0.45990E-03   0.45857E-03
 3183.57   0.42146E-03   0.45641E-03   0.45494E-03
 3197.17   0.41833E-03   0.45296E-03   0.45135E-03
 3210.78   0.41525E-03   0.44955E-03   0.44782E-03
 3224.38   0.41223E-03   0.44620E-03   0.44433E-03
 3237.99   0.40925E-03   0.44291E-03   0.44091E-03
 3251.59   0.40632E-03   0.43966E-03   0.43754E-03
 3265.20   0.40342E-03   0.43644E-03   0.43419E-03
 3278.80   0.40054E-03   0.43324E-03   0.43087E-03
 3292.41   0.39768E-03   0.43007E-03   0.42758E-03
 3306.01   0.39485E-03   0.42691E-03   0.42431E-03
 3319.62   0.39204E-03   0.42378E-03   0.42106E-03
 3333.22   0.38926E-03   0.42069E-03   0.41785E-03
 3346.83   0.38652E-03   0.41764E-03   0.41469E-03
 3360.43   0.38392E-03   0.41473E-03   0.41168E-03
 3374.04   0.38126E-03   0.41175E-03   0.40860E-03
 3387.64   0.37865E-03   0.40883E-03   0.40557E-03
 3401.25   0.37606E-03   0.40593E-03   0.40257E-03
 3414.85   0.37350E-03   0.40306E-03   0.39959E-03
 3428.46   0.37094E-03   0.40019E-03   0.39663E-03
 3442.06   0.36840E-03   0.39734E-03   0.39368E-03
 3455.67   0.36580E-03   0.39443E-03   0.39068E-03
 3469.27   0.36362E-03   0.39196E-03   0.38811E-03
 3482.88   0.36110E-03   0.38913E-03   0.38519E-03
 3496.48   0.35870E-03   0.38643E-03   0.38240E-03
 3510.09   0.35633E-03   0.38377E-03   0.37965E-03
 3523.69   0.35400E-03   0.38113E-03   0.37693E-03
 3537.30   0.35169E-03   0.37852E-03   0.37424E-03
 3550.90   0.34938E-03   0.37592E-03   0.37155E-03
 3564.51   0.34705E-03   0.37329E-03   0.36884E-03
 3578.11   0.34464E-03   0.37058E-03   0.36605E-03
 3591.72   0.34272E-03   0.36839E-03   0.36378E-03
 3605.32   0.34048E-03   0.36585E-03   0.36117E-03
 3618.93   0.33830E-03   0.36338E-03   0.35863E-03
 3632.53   0.33616E-03   0.36095E-03   0.35612E-03
 3646.14   0.33404E-03   0.35856E-03   0.35365E-03
 3659.74   0.33195E-03   0.35618E-03   0.35121E-03
 3673.35   0.32987E-03   0.35381E-03   0.34877E-03
 3686.95   0.32771E-03   0.35136E-03   0.34626E-03
 3700.56   0.32593E-03   0.34933E-03   0.34415E-03
 3714.16   0.32382E-03   0.34693E-03   0.34169E-03
 3727.77   0.32179E-03   0.34462E-03   0.33932E-03
 3741.37   0.31980E-03   0.34235E-03   0.33699E-03
 3754.98   0.31784E-03   0.34012E-03   0.33470E-03
 3768.58   0.31592E-03   0.33792E-03   0.33244E-03
 3782.19   0.31402E-03   0.33575E-03   0.33021E-03
 3795.79   0.31213E-03   0.33359E-03   0.32799E-03
 3809.40   0.31022E-03   0.33141E-03   0.32576E-03
 3823.00   0.30848E-03   0.32941E-03   0.32370E-03
 3836.61   0.30661E-03   0.32727E-03   0.32151E-03
 3850.21   0.30478E-03   0.32516E-03   0.31935E-03
 3863.82   0.30296E-03   0.32308E-03   0.31721E-03
 3877.42   0.30117E-03   0.32102E-03   0.31511E-03
 3891.03   0.29941E-03   0.31899E-03   0.31303E-03
 3904.63   0.29768E-03   0.31699E-03   0.31098E-03
 3918.24   0.29597E-03   0.31501E-03   0.30896E-03
 3931.84   0.29427E-03   0.31304E-03   0.30695E-03
 3945.45   0.29263E-03   0.31113E-03   0.30499E-03
 3959.05   0.29096E-03   0.30920E-03   0.30301E-03
 3972.66   0.28931E-03   0.30727E-03   0.30105E-03
 3986.26   0.28766E-03   0.30536E-03   0.29909E-03
 3999.87   0.28603E-03   0.30345E-03   0.29715E-03
 4013.47   0.28441E-03   0.30157E-03   0.29523E-03
 4027.08   0.28282E-03   0.29972E-03   0.29334E-03
 4040.68   0.28126E-03   0.29789E-03   0.29147E-03
 4054.29   0.27973E-03   0.29609E-03   0.28964E-03
 4067.89   0.27821E-03   0.29431E-03   0.28782E-03
 4081.50   0.27670E-03   0.29254E-03   0.28602E-03
 4095.10   0.27520E-03   0.29078E-03   0.28423E-03
 4108.71   0.27370E-03   0.28903E-03   0.28244E-03
 4122.31   0.27221E-03   0.28728E-03   0.28066E-03
 4135.92   0.27072E-03   0.28553E-03   0.27889E-03
 4149.52   0.26925E-03   0.28380E-03   0.27713E-03
 4163.13   0.26778E-03   0.28208E-03   0.27538E-03
 4176.73   0.26635E-03   0.28040E-03   0.27367E-03
 4190.34   0.26501E-03   0.27882E-03   0.27206E-03
 4203.94   0.26361E-03   0.27717E-03   0.27038E-03
 4217.55   0.26223E-03   0.27554E-03   0.26873E-03
 4231.15   0.26087E-03   0.27393E-03   0.26710E-03
 4244.76   0.25950E-03   0.27233E-03   0.26547E-03
 4258.36   0.25814E-03   0.27072E-03   0.26384E-03
 4271.97   0.25678E-03   0.26912E-03   0.26222E-03
 4285.57   0.25541E-03   0.26751E-03   0.26059E-03
 4299.18   0.25407E-03   0.26592E-03   0.25898E-03
 4312.78   0.25293E-03   0.26455E-03   0.25759E-03
 4326.39   0.25158E-03   0.26296E-03   0.25599E-03
 4339.99   0.25029E-03   0.26144E-03   0.25445E-03
 4353.60   0.24903E-03   0.25995E-03   0.25294E-03
 4367.20   0.24779E-03   0.25847E-03   0.25144E-03
 4380.81   0.24655E-03   0.25700E-03   0.24996E-03
 4394.41   0.24531E-03   0.25553E-03   0.24847E-03
 4408.02   0.24406E-03   0.25405E-03   0.24698E-03
 4421.62   0.24275E-03   0.25251E-03   0.24542E-03
 4435.23   0.24193E-03   0.25147E-03   0.24437E-03
 4448.83   0.24054E-03   0.24984E-03   0.24273E-03
 4462.44   0.23933E-03   0.24840E-03   0.24127E-03
 4476.04   0.23815E-03   0.24700E-03   0.23986E-03
 4489.65   0.23700E-03   0.24562E-03   0.23847E-03
 4503.25   0.23587E-03   0.24426E-03   0.23710E-03
 4516.86   0.23474E-03   0.24291E-03   0.23574E-03
 4530.46   0.23362E-03   0.24156E-03   0.23438E-03
 4544.07   0.23248E-03   0.24019E-03   0.23301E-03
 4557.67   0.23132E-03   0.23880E-03   0.23161E-03
 4571.28   0.23043E-03   0.23769E-03   0.23048E-03
 4584.88   0.22928E-03   0.23631E-03   0.22910E-03
 4598.49   0.22818E-03   0.23498E-03   0.22777E-03
 4612.09   0.22710E-03   0.23368E-03   0.22647E-03
 4625.70   0.22604E-03   0.23240E-03   0.22518E-03
 4639.30   0.22500E-03   0.23114E-03   0.22391E-03
 4652.91   0.22398E-03   0.22989E-03   0.22266E-03
 4666.51   0.22296E-03   0.22865E-03   0.22142E-03
 4680.12   0.22193E-03   0.22740E-03   0.22017E-03
 4693.72   0.22083E-03   0.22609E-03   0.21885E-03
 4707.33   0.22000E-03   0.22504E-03   0.21780E-03
 4720.93   0.21898E-03   0.22380E-03   0.21656E-03
 4734.54   0.21797E-03   0.22258E-03   0.21534E-03
 4748.14   0.21697E-03   0.22137E-03   0.21413E-03
 4761.75   0.21599E-03   0.22018E-03   0.21294E-03
 4775.35   0.21502E-03   0.21900E-03   0.21176E-03
 4788.96   0.21407E-03   0.21784E-03   0.21060E-03
 4802.56   0.21314E-03   0.21670E-03   0.20946E-03
 4816.17   0.21221E-03   0.21556E-03   0.20833E-03
 4829.77   0.21132E-03   0.21447E-03   0.20723E-03
 4843.38   0.21039E-03   0.21333E-03   0.20610E-03
 4856.98   0.20947E-03   0.21221E-03   0.20498E-03
 4870.59   0.20855E-03   0.21109E-03   0.20387E-03
 4884.19   0.20763E-03   0.20997E-03   0.20275E-03
 4897.80   0.20671E-03   0.20885E-03   0.20164E-03
 4911.40   0.20581E-03   0.20775E-03   0.20055E-03
 4925.01   0.20492E-03   0.20666E-03   0.19947E-03
 4938.61   0.20404E-03   0.20559E-03   0.19840E-03
 4952.22   0.20317E-03   0.20454E-03   0.19735E-03
 4965.82   0.20234E-03   0.20350E-03   0.19632E-03
 4979.43   0.20149E-03   0.20247E-03   0.19529E-03
 4993.03   0.20065E-03   0.20144E-03   0.19427E-03
 5006.64   0.19980E-03   0.20041E-03   0.19325E-03
 5020.24   0.19896E-03   0.19938E-03   0.19223E-03
 5033.85   0.19811E-03   0.19834E-03   0.19120E-03
 5047.45   0.19727E-03   0.19731E-03   0.19018E-03
 5061.06   0.19643E-03   0.19629E-03   0.18917E-03
 5074.66   0.19559E-03   0.19527E-03   0.18816E-03
 5088.27   0.19475E-03   0.19424E-03   0.18714E-03
 5101.87   0.19408E-03   0.19340E-03   0.18630E-03
 5115.48   0.19324E-03   0.19238E-03   0.18530E-03
 5129.08   0.19246E-03   0.19142E-03   0.18434E-03
 5142.69   0.19169E-03   0.19046E-03   0.18340E-03
 5156.29   0.19092E-03   0.18951E-03   0.18246E-03
 5169.90   0.19015E-03   0.18856E-03   0.18153E-03
 5183.50   0.18938E-03   0.18761E-03   0.18059E-03
 5197.11   0.18860E-03   0.18666E-03   0.17964E-03
 5210.71   0.18781E-03   0.18569E-03   0.17870E-03
 5224.32   0.18700E-03   0.18470E-03   0.17772E-03
 5237.92   0.18620E-03   0.18373E-03   0.17676E-03
 5251.53   0.18567E-03   0.18302E-03   0.17606E-03
 5265.13   0.18492E-03   0.18210E-03   0.17515E-03
 5278.74   0.18420E-03   0.18120E-03   0.17427E-03
 5292.34   0.18349E-03   0.18032E-03   0.17340E-03
 5305.95   0.18279E-03   0.17944E-03   0.17254E-03
 5319.55   0.18208E-03   0.17856E-03   0.17167E-03
 5333.16   0.18138E-03   0.17768E-03   0.17081E-03
 5346.76   0.18066E-03   0.17680E-03   0.16994E-03
 5360.37   0.17991E-03   0.17588E-03   0.16904E-03
 5373.97   0.17918E-03   0.17497E-03   0.16815E-03
 5387.58   0.17873E-03   0.17435E-03   0.16753E-03
 5401.18   0.17799E-03   0.17343E-03   0.16664E-03
 5414.79   0.17730E-03   0.17257E-03   0.16579E-03
 5428.39   0.17663E-03   0.17173E-03   0.16497E-03
 5442.00   0.17598E-03   0.17091E-03   0.16417E-03
 5455.60   0.17534E-03   0.17010E-03   0.16337E-03
 5469.21   0.17470E-03   0.16929E-03   0.16258E-03
 5482.81   0.17405E-03   0.16848E-03   0.16179E-03
 5496.42   0.17340E-03   0.16765E-03   0.16098E-03
 5510.02   0.17265E-03   0.16675E-03   0.16009E-03
 5523.63   0.17240E-03   0.16631E-03   0.15967E-03
 5537.23   0.17161E-03   0.16536E-03   0.15874E-03
 5550.84   0.17094E-03   0.16453E-03   0.15793E-03
 5564.44   0.17031E-03   0.16373E-03   0.15715E-03
 5578.05   0.16968E-03   0.16294E-03   0.15638E-03
 5591.65   0.16907E-03   0.16217E-03   0.15563E-03
 5605.26   0.16848E-03   0.16141E-03   0.15489E-03
 5618.86   0.16788E-03   0.16066E-03   0.15416E-03
 5632.47   0.16729E-03   0.15992E-03   0.15343E-03
 5646.07   0.16669E-03   0.15916E-03   0.15269E-03
 5659.68   0.16607E-03   0.15838E-03   0.15194E-03
 5673.28   0.16563E-03   0.15778E-03   0.15136E-03
 5686.89   0.16500E-03   0.15700E-03   0.15060E-03
 5700.49   0.16439E-03   0.15624E-03   0.14986E-03
 5714.10   0.16380E-03   0.15550E-03   0.14914E-03
 5727.70   0.16321E-03   0.15476E-03   0.14842E-03
 5741.31   0.16263E-03   0.15403E-03   0.14772E-03
 5754.91   0.16206E-03   0.15332E-03   0.14703E-03
 5768.52   0.16150E-03   0.15262E-03   0.14635E-03
 5782.12   0.16095E-03   0.15192E-03   0.14567E-03
 5795.73   0.16040E-03   0.15123E-03   0.14501E-03
 5809.33   0.15984E-03   0.15052E-03   0.14432E-03
 5822.94   0.15935E-03   0.14989E-03   0.14371E-03
 5836.54   0.15880E-03   0.14920E-03   0.14304E-03
 5850.15   0.15825E-03   0.14851E-03   0.14237E-03
 5863.75   0.15769E-03   0.14782E-03   0.14171E-03
 5877.36   0.15714E-03   0.14713E-03   0.14104E-03
 5890.96   0.15659E-03   0.14645E-03   0.14038E-03
 5904.57   0.15605E-03   0.14577E-03   0.13973E-03
 5918.17   0.15552E-03   0.14511E-03   0.13909E-03
 5931.78   0.15499E-03   0.14445E-03   0.13846E-03
 5945.38   0.15448E-03   0.14381E-03   0.13784E-03
 5958.99   0.15398E-03   0.14318E-03   0.13723E-03
 5972.59   0.15348E-03   0.14255E-03   0.13662E-03
 5986.20   0.15297E-03   0.14192E-03   0.13601E-03
 5999.80   0.15247E-03   0.14128E-03   0.13540E-03
 6013.41   0.15196E-03   0.14065E-03   0.13479E-03
 6027.01   0.15144E-03   0.14001E-03   0.13418E-03
 6040.62   0.15092E-03   0.13937E-03   0.13356E-03
 6054.22   0.15040E-03   0.13873E-03   0.13295E-03
 6067.83   0.14988E-03   0.13810E-03   0.13234E-03
 6081.43   0.14937E-03   0.13747E-03   0.13174E-03
 6095.04   0.14886E-03   0.13684E-03   0.13113E-03
 6108.64   0.14839E-03   0.13625E-03   0.13057E-03
 6122.25   0.14796E-03   0.13570E-03   0.13004E-03
 6135.85   0.14748E-03   0.13510E-03   0.12947E-03
 6149.46   0.14701E-03   0.13452E-03   0.12891E-03
 6163.06   0.14654E-03   0.13393E-03   0.12835E-03
 6176.67   0.14607E-03   0.13334E-03   0.12778E-03
 6190.27   0.14559E-03   0.13275E-03   0.12722E-03
 6203.88   0.14510E-03   0.13216E-03   0.12665E-03
 6217.48   0.14462E-03   0.13156E-03   0.12607E-03
 6231.09   0.14412E-03   0.13095E-03   0.12550E-03
 6244.69   0.14360E-03   0.13033E-03   0.12490E-03
 6258.30   0.14314E-03   0.12976E-03   0.12435E-03
 6271.90   0.14284E-03   0.12933E-03   0.12395E-03
 6285.51   0.14235E-03   0.12874E-03   0.12339E-03
 6299.11   0.14190E-03   0.12818E-03   0.12285E-03
 6312.72   0.14146E-03   0.12763E-03   0.12233E-03
 6326.32   0.14103E-03   0.12709E-03   0.12181E-03
 6339.93   0.14059E-03   0.12655E-03   0.12129E-03
 6353.53   0.14015E-03   0.12600E-03   0.12077E-03
 6367.14   0.13970E-03   0.12544E-03   0.12024E-03
 6380.74   0.13924E-03   0.12488E-03   0.11971E-03
 6394.35   0.13875E-03   0.12429E-03   0.11914E-03
 6407.95   0.13829E-03   0.12373E-03   0.11861E-03
 6421.56   0.13813E-03   0.12343E-03   0.11833E-03
 6435.16   0.13760E-03   0.12281E-03   0.11774E-03
 6448.77   0.13715E-03   0.12226E-03   0.11722E-03
 6462.37   0.13672E-03   0.12173E-03   0.11671E-03
 6475.98   0.13631E-03   0.12122E-03   0.11622E-03
 6489.58   0.13591E-03   0.12071E-03   0.11574E-03
 6503.19   0.13551E-03   0.12020E-03   0.11526E-03
 6516.79   0.13511E-03   0.11970E-03   0.11478E-03
 6530.40   0.13470E-03   0.11918E-03   0.11430E-03
 6544.00   0.13427E-03   0.11865E-03   0.11380E-03
 6557.61   0.13375E-03   0.11805E-03   0.11322E-03
 6571.21   0.13325E-03   0.11746E-03   0.11266E-03
 6584.82   0.13320E-03   0.11727E-03   0.11249E-03
 6598.42   0.13275E-03   0.11673E-03   0.11197E-03
 6612.03   0.13233E-03   0.11621E-03   0.11148E-03
 6625.63   0.13193E-03   0.11571E-03   0.11101E-03
 6639.24   0.13154E-03   0.11522E-03   0.11055E-03
 6652.84   0.13116E-03   0.11474E-03   0.11010E-03
 6666.45   0.13078E-03   0.11427E-03   0.10965E-03
 6680.05   0.13041E-03   0.11380E-03   0.10921E-03
 6693.66   0.13003E-03   0.11333E-03   0.10877E-03
 6707.26   0.12963E-03   0.11284E-03   0.10830E-03
 6720.87   0.12922E-03   0.11234E-03   0.10783E-03
 6734.47   0.12904E-03   0.11205E-03   0.10756E-03
 6748.08   0.12859E-03   0.11152E-03   0.10706E-03
 6761.68   0.12818E-03   0.11103E-03   0.10660E-03
 6775.29   0.12779E-03   0.11055E-03   0.10615E-03
 6788.89   0.12740E-03   0.11008E-03   0.10570E-03
 6802.50   0.12702E-03   0.10962E-03   0.10527E-03
 6816.10   0.12665E-03   0.10916E-03   0.10484E-03
 6829.71   0.12628E-03   0.10872E-03   0.10442E-03
 6843.31   0.12593E-03   0.10828E-03   0.10401E-03
 6856.92   0.12558E-03   0.10784E-03   0.10360E-03
 6870.52   0.12522E-03   0.10740E-03   0.10319E-03
 6884.13   0.12484E-03   0.10695E-03   0.10276E-03
 6897.73   0.12457E-03   0.10659E-03   0.10243E-03
 6911.34   0.12420E-03   0.10614E-03   0.10201E-03
 6924.94   0.12384E-03   0.10570E-03   0.10159E-03
 6938.55   0.12347E-03   0.10525E-03   0.10117E-03
 6952.15   0.12310E-03   0.10481E-03   0.10076E-03
 6965.76   0.12273E-03   0.10437E-03   0.10035E-03
 6979.36   0.12237E-03   0.10394E-03   0.99940E-04
 6992.97   0.12201E-03   0.10351E-03   0.99542E-04
 7006.57   0.12167E-03   0.10309E-03   0.99152E-04
 7020.18   0.12133E-03   0.10268E-03   0.98770E-04
 7033.78   0.12100E-03   0.10228E-03   0.98394E-04
 7047.39   0.12067E-03   0.10188E-03   0.98019E-04
 7060.99   0.12035E-03   0.10149E-03   0.97652E-04
 7074.60   0.12002E-03   0.10109E-03   0.97281E-04
 7088.20   0.11968E-03   0.10069E-03   0.96905E-04
 7101.81   0.11934E-03   0.10028E-03   0.96526E-04
 7115.41   0.11899E-03   0.99869E-04   0.96143E-04
 7129.02   0.11864E-03   0.99456E-04   0.95758E-04
 7142.62   0.11829E-03   0.99043E-04   0.95373E-04
 7156.23   0.11794E-03   0.98634E-04   0.94991E-04
 7169.83   0.11760E-03   0.98230E-04   0.94614E-04
 7183.44   0.11726E-03   0.97832E-04   0.94243E-04
 7197.04   0.11692E-03   0.97432E-04   0.93871E-04
 7210.65   0.11663E-03   0.97075E-04   0.93540E-04
 7224.25   0.11634E-03   0.96719E-04   0.93210E-04
 7237.86   0.11603E-03   0.96343E-04   0.92861E-04
 7251.46   0.11572E-03   0.95972E-04   0.92516E-04
 7265.07   0.11541E-03   0.95600E-04   0.92170E-04
 7278.67   0.11510E-03   0.95224E-04   0.91821E-04
 7292.28   0.11478E-03   0.94843E-04   0.91468E-04
 7305.88   0.11445E-03   0.94458E-04   0.91110E-04
 7319.49   0.11412E-03   0.94070E-04   0.90750E-04
 7333.09   0.11378E-03   0.93680E-04   0.90387E-04
 7346.70   0.11344E-03   0.93287E-04   0.90021E-04
 7360.30   0.11307E-03   0.92871E-04   0.89634E-04
 7373.91   0.11279E-03   0.92527E-04   0.89316E-04
 7387.51   0.11262E-03   0.92280E-04   0.89091E-04
 7401.12   0.11229E-03   0.91899E-04   0.88738E-04
 7414.72   0.11199E-03   0.91542E-04   0.88407E-04
 7428.33   0.11169E-03   0.91193E-04   0.88085E-04
 7441.93   0.11140E-03   0.90846E-04   0.87764E-04
 7455.54   0.11110E-03   0.90498E-04   0.87443E-04
 7469.14   0.11079E-03   0.90146E-04   0.87117E-04
 7482.75   0.11048E-03   0.89787E-04   0.86785E-04
 7496.35   0.11016E-03   0.89422E-04   0.86447E-04
 7509.96   0.10982E-03   0.89046E-04   0.86098E-04
 7523.56   0.10944E-03   0.88639E-04   0.85719E-04
 7537.17   0.10914E-03   0.88291E-04   0.85398E-04
 7550.77   0.10910E-03   0.88162E-04   0.85289E-04
 7564.38   0.10871E-03   0.87748E-04   0.84903E-04
 7577.98   0.10839E-03   0.87390E-04   0.84572E-04
 7591.59   0.10809E-03   0.87050E-04   0.84258E-04
 7605.19   0.10781E-03   0.86720E-04   0.83954E-04
 7618.80   0.10752E-03   0.86395E-04   0.83655E-04
 7632.40   0.10724E-03   0.86071E-04   0.83357E-04
 7646.01   0.10696E-03   0.85745E-04   0.83057E-04
 7659.61   0.10667E-03   0.85414E-04   0.82751E-04
 7673.22   0.10636E-03   0.85071E-04   0.82435E-04
 7686.82   0.10602E-03   0.84706E-04   0.82097E-04
 7700.43   0.10552E-03   0.84206E-04   0.81628E-04
 7714.03   0.10585E-03   0.84377E-04   0.81810E-04
 7727.64   0.10533E-03   0.83870E-04   0.81335E-04
 7741.24   0.10499E-03   0.83506E-04   0.80997E-04
 7754.85   0.10468E-03   0.83167E-04   0.80685E-04
 7768.45   0.10438E-03   0.82842E-04   0.80385E-04
 7782.06   0.10410E-03   0.82527E-04   0.80096E-04
 7795.66   0.10382E-03   0.82219E-04   0.79814E-04
 7809.27   0.10355E-03   0.81916E-04   0.79536E-04
 7822.87   0.10328E-03   0.81615E-04   0.79259E-04
 7836.48   0.10300E-03   0.81310E-04   0.78980E-04
 7850.08   0.10271E-03   0.80995E-04   0.78691E-04
 7863.69   0.10237E-03   0.80647E-04   0.78368E-04
 7877.29   0.10206E-03   0.80314E-04   0.78061E-04
 7890.90   0.10204E-03   0.80220E-04   0.77987E-04
 7904.50   0.10169E-03   0.79857E-04   0.77650E-04
 7918.11   0.10137E-03   0.79527E-04   0.77347E-04
 7931.71   0.10107E-03   0.79209E-04   0.77054E-04
 7945.32   0.10078E-03   0.78898E-04   0.76768E-04
 7958.92   0.10050E-03   0.78596E-04   0.76491E-04
 7972.53   0.10023E-03   0.78301E-04   0.76221E-04
 7986.13   0.99962E-04   0.78014E-04   0.75958E-04
 7999.74   0.99705E-04   0.77732E-04   0.75701E-04
 8013.34   0.99450E-04   0.77452E-04   0.75445E-04
 8026.95   0.99189E-04   0.77168E-04   0.75185E-04
 8040.55   0.98891E-04   0.76855E-04   0.74898E-04
 8054.16   0.98584E-04   0.76537E-04   0.74604E-04
 8067.76   0.98494E-04   0.76387E-04   0.74475E-04
 8081.37   0.98207E-04   0.76085E-04   0.74199E-04
 8094.97   0.97925E-04   0.75789E-04   0.73927E-04
 8108.58   0.97644E-04   0.75493E-04   0.73656E-04
 8122.18   0.97363E-04   0.75200E-04   0.73387E-04
 8135.79   0.97086E-04   0.74910E-04   0.73121E-04
 8149.39   0.96815E-04   0.74626E-04   0.72861E-04
 8163.00   0.96551E-04   0.74348E-04   0.72608E-04
 8176.60   0.96296E-04   0.74078E-04   0.72361E-04
 8190.21   0.96047E-04   0.73814E-04   0.72121E-04
 8203.81   0.95803E-04   0.73555E-04   0.71885E-04
 8217.42   0.95556E-04   0.73294E-04   0.71648E-04
 8231.02   0.95337E-04   0.73055E-04   0.71432E-04
 8244.63   0.95087E-04   0.72793E-04   0.71193E-04
 8258.23   0.94838E-04   0.72532E-04   0.70955E-04
 8271.84   0.94583E-04   0.72267E-04   0.70714E-04
 8285.44   0.94323E-04   0.71998E-04   0.70468E-04
 8299.05   0.94058E-04   0.71726E-04   0.70219E-04
 8312.65   0.93791E-04   0.71452E-04   0.69969E-04
 8326.26   0.93524E-04   0.71179E-04   0.69720E-04
 8339.86   0.93262E-04   0.70910E-04   0.69473E-04
 8353.47   0.93006E-04   0.70645E-04   0.69232E-04
 8367.07   0.92757E-04   0.70387E-04   0.68997E-04
 8380.68   0.92515E-04   0.70134E-04   0.68766E-04
 8394.28   0.92265E-04   0.69875E-04   0.68531E-04
 8407.89   0.92085E-04   0.69670E-04   0.68347E-04
 8421.49   0.91850E-04   0.69423E-04   0.68123E-04
 8435.10   0.91623E-04   0.69184E-04   0.67907E-04
 8448.70   0.91395E-04   0.68944E-04   0.67689E-04
 8462.31   0.91161E-04   0.68701E-04   0.67468E-04
 8475.91   0.90921E-04   0.68453E-04   0.67243E-04
 8489.52   0.90673E-04   0.68201E-04   0.67013E-04
 8503.12   0.90420E-04   0.67945E-04   0.66780E-04
 8516.73   0.90163E-04   0.67687E-04   0.66545E-04
 8530.33   0.89903E-04   0.67429E-04   0.66308E-04
 8543.94   0.89643E-04   0.67171E-04   0.66073E-04
 8557.54   0.89377E-04   0.66909E-04   0.65833E-04
 8571.15   0.89038E-04   0.66593E-04   0.65540E-04
 8584.75   0.89095E-04   0.66574E-04   0.65540E-04
 8598.36   0.88778E-04   0.66276E-04   0.65265E-04
 8611.96   0.88540E-04   0.66038E-04   0.65049E-04
 8625.57   0.88315E-04   0.65811E-04   0.64843E-04
 8639.17   0.88094E-04   0.65586E-04   0.64640E-04
 8652.78   0.87871E-04   0.65361E-04   0.64436E-04
 8666.38   0.87643E-04   0.65132E-04   0.64229E-04
 8679.99   0.87408E-04   0.64899E-04   0.64017E-04
 8693.59   0.87166E-04   0.64660E-04   0.63800E-04
 8707.20   0.86915E-04   0.64416E-04   0.63578E-04
 8720.80   0.86654E-04   0.64165E-04   0.63348E-04
 8734.41   0.86376E-04   0.63901E-04   0.63106E-04
 8748.01   0.86004E-04   0.63569E-04   0.62796E-04
 8761.62   0.85834E-04   0.63387E-04   0.62635E-04
 8775.22   0.85865E-04   0.63354E-04   0.62620E-04
 8788.83   0.85591E-04   0.63096E-04   0.62383E-04
 8802.43   0.85354E-04   0.62866E-04   0.62175E-04
 8816.04   0.85131E-04   0.62648E-04   0.61977E-04
 8829.64   0.84916E-04   0.62435E-04   0.61785E-04
 8843.25   0.84702E-04   0.62225E-04   0.61596E-04
 8856.85   0.84485E-04   0.62014E-04   0.61405E-04
 8870.46   0.84263E-04   0.61799E-04   0.61211E-04
 8884.06   0.84031E-04   0.61579E-04   0.61011E-04
 8897.67   0.83786E-04   0.61349E-04   0.60802E-04
 8911.27   0.83519E-04   0.61105E-04   0.60578E-04
 8924.88   0.83187E-04   0.60814E-04   0.60308E-04
 8938.48   0.82966E-04   0.60605E-04   0.60120E-04
 8952.09   0.83086E-04   0.60647E-04   0.60179E-04
 8965.69   0.82745E-04   0.60352E-04   0.59905E-04
 8979.30   0.82478E-04   0.60113E-04   0.59686E-04
 8992.90   0.82234E-04   0.59891E-04   0.59484E-04
 9006.51   0.82004E-04   0.59680E-04   0.59293E-04
 9020.11   0.81784E-04   0.59477E-04   0.59110E-04
 9033.72   0.81568E-04   0.59279E-04   0.58931E-04
 9047.32   0.81355E-04   0.59082E-04   0.58754E-04
 9060.93   0.81140E-04   0.58885E-04   0.58576E-04
 9074.53   0.80918E-04   0.58684E-04   0.58394E-04
 9088.14   0.80682E-04   0.58473E-04   0.58203E-04
 9101.74   0.80415E-04   0.58240E-04   0.57989E-04
 9115.35   0.79968E-04   0.57878E-04   0.57647E-04
 9128.95   0.80411E-04   0.58160E-04   0.57946E-04
 9142.56   0.79938E-04   0.57779E-04   0.57586E-04
 9156.16   0.79653E-04   0.57536E-04   0.57361E-04
 9169.77   0.79397E-04   0.57314E-04   0.57158E-04
 9183.37   0.79153E-04   0.57101E-04   0.56964E-04
 9196.98   0.78921E-04   0.56897E-04   0.56779E-04
 9210.58   0.78697E-04   0.56700E-04   0.56600E-04
 9224.19   0.78482E-04   0.56510E-04   0.56428E-04
 9237.79   0.78273E-04   0.56324E-04   0.56261E-04
 9251.40   0.78067E-04   0.56141E-04   0.56097E-04
 9265.00   0.77860E-04   0.55958E-04   0.55932E-04
 9278.61   0.77645E-04   0.55770E-04   0.55762E-04
 9292.21   0.77400E-04   0.55561E-04   0.55572E-04
 9305.82   0.77165E-04   0.55360E-04   0.55388E-04
 9319.42   0.77166E-04   0.55329E-04   0.55375E-04
 9333.03   0.76884E-04   0.55095E-04   0.55159E-04
 9346.63   0.76637E-04   0.54887E-04   0.54969E-04
 9360.24   0.76397E-04   0.54684E-04   0.54784E-04
 9373.84   0.76160E-04   0.54484E-04   0.54601E-04
 9387.45   0.75928E-04   0.54287E-04   0.54423E-04
 9401.05   0.75702E-04   0.54096E-04   0.54248E-04
 9414.66   0.75483E-04   0.53910E-04   0.54080E-04
 9428.26   0.75272E-04   0.53730E-04   0.53918E-04
 9441.87   0.75068E-04   0.53556E-04   0.53761E-04
 9455.47   0.74870E-04   0.53386E-04   0.53608E-04
 9469.08   0.74673E-04   0.53218E-04   0.53457E-04
 9482.68   0.74469E-04   0.53044E-04   0.53300E-04
 9496.29   0.74252E-04   0.52862E-04   0.53135E-04
 9509.89   0.74125E-04   0.52743E-04   0.53033E-04
 9523.50   0.73914E-04   0.52565E-04   0.52872E-04
 9537.10   0.73702E-04   0.52388E-04   0.52711E-04
 9550.71   0.73486E-04   0.52207E-04   0.52547E-04
 9564.31   0.73267E-04   0.52024E-04   0.52380E-04
 9577.92   0.73045E-04   0.51839E-04   0.52212E-04
 9591.52   0.72824E-04   0.51655E-04   0.52045E-04
 9605.13   0.72606E-04   0.51474E-04   0.51880E-04
 9618.73   0.72394E-04   0.51296E-04   0.51718E-04
 9632.34   0.72188E-04   0.51124E-04   0.51562E-04
 9645.94   0.71990E-04   0.50957E-04   0.51412E-04
 9659.55   0.71799E-04   0.50796E-04   0.51267E-04
 9673.15   0.71614E-04   0.50639E-04   0.51126E-04
 9686.76   0.71440E-04   0.50491E-04   0.50993E-04
 9700.36   0.71256E-04   0.50335E-04   0.50854E-04
 9713.97   0.71074E-04   0.50182E-04   0.50716E-04
 9727.57   0.70888E-04   0.50026E-04   0.50576E-04
 9741.18   0.70697E-04   0.49867E-04   0.50433E-04
 9754.78   0.70499E-04   0.49703E-04   0.50285E-04
 9768.39   0.70294E-04   0.49535E-04   0.50132E-04
 9781.99   0.70084E-04   0.49364E-04   0.49976E-04
 9795.60   0.69871E-04   0.49191E-04   0.49818E-04
 9809.20   0.69657E-04   0.49017E-04   0.49660E-04
 9822.81   0.69444E-04   0.48845E-04   0.49503E-04
 9836.41   0.69233E-04   0.48675E-04   0.49347E-04
 9850.02   0.69023E-04   0.48506E-04   0.49193E-04
 9863.62   0.68795E-04   0.48325E-04   0.49027E-04
 9877.23   0.68664E-04   0.48212E-04   0.48930E-04
 9890.83   0.68536E-04   0.48101E-04   0.48835E-04
 9904.44   0.68340E-04   0.47944E-04   0.48692E-04
 9918.04   0.68158E-04   0.47797E-04   0.48560E-04
 9931.65   0.67978E-04   0.47652E-04   0.48430E-04
 9945.25   0.67796E-04   0.47506E-04   0.48298E-04
 9958.86   0.67608E-04   0.47356E-04   0.48163E-04
 9972.46   0.67414E-04   0.47202E-04   0.48023E-04
 9986.07   0.67213E-04   0.47044E-04   0.47879E-04
 9999.67   0.67004E-04   0.46881E-04   0.47731E-04
