  204.07   0.26690E+00   0.27204E+00   0.26854E+00
  217.68   0.24470E+00   0.24938E+00   0.24591E+00
  231.28   0.22495E+00   0.22922E+00   0.22579E+00
  244.89   0.20735E+00   0.21124E+00   0.20785E+00
  258.49   0.19159E+00   0.19514E+00   0.19181E+00
  272.10   0.17743E+00   0.18065E+00   0.17738E+00
  285.70   0.16464E+00   0.16757E+00   0.16437E+00
  299.31   0.15305E+00   0.15571E+00   0.15258E+00
  312.91   0.14251E+00   0.14492E+00   0.14187E+00
  326.52   0.13290E+00   0.13508E+00   0.13211E+00
  340.12   0.12414E+00   0.12609E+00   0.12321E+00
  353.73   0.11612E+00   0.11787E+00   0.11507E+00
  367.33   0.10878E+00   0.11034E+00   0.10762E+00
  380.94   0.10205E+00   0.10344E+00   0.10080E+00
  394.54   0.95872E-01   0.97106E-01   0.94550E-01
  408.15   0.90197E-01   0.91281E-01   0.88805E-01
  421.75   0.84973E-01   0.85918E-01   0.83520E-01
  435.36   0.80155E-01   0.80971E-01   0.78650E-01
  448.96   0.75704E-01   0.76398E-01   0.74153E-01
  462.57   0.71582E-01   0.72165E-01   0.69992E-01
  476.17   0.67759E-01   0.68236E-01   0.66136E-01
  489.78   0.64206E-01   0.64585E-01   0.62554E-01
  503.38   0.60899E-01   0.61186E-01   0.59223E-01
  516.99   0.57815E-01   0.58017E-01   0.56120E-01
  530.59   0.54936E-01   0.55058E-01   0.53226E-01
  544.20   0.52245E-01   0.52292E-01   0.50523E-01
  557.80   0.49727E-01   0.49705E-01   0.47996E-01
  571.41   0.47369E-01   0.47282E-01   0.45632E-01
  585.01   0.45159E-01   0.45011E-01   0.43419E-01
  598.62   0.43086E-01   0.42881E-01   0.41345E-01
  612.22   0.41141E-01   0.40883E-01   0.39400E-01
  625.83   0.39312E-01   0.39005E-01   0.37574E-01
  639.43   0.37593E-01   0.37240E-01   0.35860E-01
  653.04   0.35975E-01   0.35579E-01   0.34247E-01
  666.64   0.34451E-01   0.34014E-01   0.32730E-01
  680.25   0.33013E-01   0.32539E-01   0.31301E-01
  693.85   0.31656E-01   0.31147E-01   0.29953E-01
  707.46   0.30374E-01   0.29832E-01   0.28680E-01
  721.06   0.29160E-01   0.28588E-01   0.27478E-01
  734.67   0.28011E-01   0.27411E-01   0.26341E-01
  748.27   0.26923E-01   0.26296E-01   0.25265E-01
  761.88   0.25890E-01   0.25239E-01   0.24246E-01
  775.48   0.24909E-01   0.24236E-01   0.23279E-01
  789.09   0.23978E-01   0.23284E-01   0.22362E-01
  802.69   0.23093E-01   0.22380E-01   0.21492E-01
  816.30   0.22251E-01   0.21520E-01   0.20665E-01
  829.90   0.21449E-01   0.20702E-01   0.19880E-01
  843.51   0.20686E-01   0.19924E-01   0.19133E-01
  857.11   0.19959E-01   0.19184E-01   0.18422E-01
  870.72   0.19266E-01   0.18479E-01   0.17746E-01
  884.32   0.18605E-01   0.17807E-01   0.17102E-01
  897.93   0.17975E-01   0.17166E-01   0.16488E-01
  911.53   0.17373E-01   0.16555E-01   0.15903E-01
  925.14   0.16798E-01   0.15972E-01   0.15346E-01
  938.74   0.16249E-01   0.15415E-01   0.14813E-01
  952.35   0.15724E-01   0.14883E-01   0.14305E-01
  965.95   0.15221E-01   0.14375E-01   0.13820E-01
  979.56   0.14740E-01   0.13889E-01   0.13356E-01
  993.16   0.14280E-01   0.13424E-01   0.12913E-01
 1006.77   0.13838E-01   0.12979E-01   0.12488E-01
 1020.37   0.13414E-01   0.12553E-01   0.12082E-01
 1033.98   0.13008E-01   0.12144E-01   0.11693E-01
 1047.58   0.12618E-01   0.11752E-01   0.11320E-01
 1061.19   0.12243E-01   0.11376E-01   0.10962E-01
 1074.79   0.11883E-01   0.11015E-01   0.10619E-01
 1088.40   0.11537E-01   0.10669E-01   0.10290E-01
 1102.00   0.11204E-01   0.10336E-01   0.99742E-02
 1115.61   0.10883E-01   0.10017E-01   0.96707E-02
 1129.21   0.10575E-01   0.97096E-02   0.93792E-02
 1142.82   0.10278E-01   0.94144E-02   0.90991E-02
 1156.42   0.99925E-02   0.91305E-02   0.88298E-02
 1170.03   0.97171E-02   0.88575E-02   0.85709E-02
 1183.63   0.94516E-02   0.85947E-02   0.83218E-02
 1197.24   0.91957E-02   0.83417E-02   0.80821E-02
 1210.84   0.89490E-02   0.80983E-02   0.78515E-02
 1224.45   0.87110E-02   0.78639E-02   0.76295E-02
 1238.05   0.84813E-02   0.76380E-02   0.74157E-02
 1251.66   0.82596E-02   0.74203E-02   0.72096E-02
 1265.26   0.80454E-02   0.72105E-02   0.70110E-02
 1278.87   0.78387E-02   0.70083E-02   0.68197E-02
 1292.47   0.76388E-02   0.68131E-02   0.66351E-02
 1306.08   0.74456E-02   0.66248E-02   0.64571E-02
 1319.68   0.72587E-02   0.64431E-02   0.62852E-02
 1333.29   0.70779E-02   0.62675E-02   0.61193E-02
 1346.89   0.69032E-02   0.60982E-02   0.59593E-02
 1360.50   0.67337E-02   0.59344E-02   0.58044E-02
 1374.10   0.65698E-02   0.57762E-02   0.56548E-02
 1387.71   0.64109E-02   0.56232E-02   0.55103E-02
 1401.31   0.62570E-02   0.54753E-02   0.53705E-02
 1414.92   0.61076E-02   0.53321E-02   0.52352E-02
 1428.52   0.59631E-02   0.51939E-02   0.51046E-02
 1442.13   0.58228E-02   0.50599E-02   0.49780E-02
 1455.73   0.56867E-02   0.49303E-02   0.48556E-02
 1469.34   0.55547E-02   0.48048E-02   0.47370E-02
 1482.94   0.54265E-02   0.46832E-02   0.46221E-02
 1496.55   0.53022E-02   0.45657E-02   0.45110E-02
 1510.15   0.51814E-02   0.44516E-02   0.44032E-02
 1523.76   0.50640E-02   0.43411E-02   0.42988E-02
 1537.36   0.49501E-02   0.42341E-02   0.41976E-02
 1550.97   0.48394E-02   0.41304E-02   0.40995E-02
 1564.57   0.47318E-02   0.40298E-02   0.40044E-02
 1578.18   0.46273E-02   0.39323E-02   0.39123E-02
 1591.78   0.45257E-02   0.38378E-02   0.38228E-02
 1605.39   0.44268E-02   0.37460E-02   0.37360E-02
 1618.99   0.43307E-02   0.36570E-02   0.36518E-02
 1632.60   0.42372E-02   0.35707E-02   0.35701E-02
 1646.20   0.41463E-02   0.34870E-02   0.34908E-02
 1659.81   0.40577E-02   0.34056E-02   0.34138E-02
 1673.41   0.39715E-02   0.33267E-02   0.33389E-02
 1687.02   0.38876E-02   0.32499E-02   0.32662E-02
 1700.62   0.38059E-02   0.31754E-02   0.31956E-02
 1714.23   0.37263E-02   0.31031E-02   0.31270E-02
 1727.83   0.36487E-02   0.30328E-02   0.30603E-02
 1741.44   0.35732E-02   0.29645E-02   0.29954E-02
 1755.04   0.34995E-02   0.28980E-02   0.29324E-02
 1768.65   0.34277E-02   0.28334E-02   0.28710E-02
 1782.25   0.33576E-02   0.27706E-02   0.28113E-02
 1795.86   0.32892E-02   0.27094E-02   0.27531E-02
 1809.46   0.32227E-02   0.26501E-02   0.26967E-02
 1823.07   0.31577E-02   0.25923E-02   0.26417E-02
 1836.67   0.30943E-02   0.25360E-02   0.25881E-02
 1850.28   0.30324E-02   0.24813E-02   0.25359E-02
 1863.88   0.29719E-02   0.24280E-02   0.24851E-02
 1877.49   0.29128E-02   0.23760E-02   0.24356E-02
 1891.09   0.28554E-02   0.23257E-02   0.23875E-02
 1904.70   0.27991E-02   0.22764E-02   0.23405E-02
 1918.30   0.27442E-02   0.22286E-02   0.22947E-02
 1931.91   0.26906E-02   0.21819E-02   0.22501E-02
 1945.51   0.26382E-02   0.21365E-02   0.22067E-02
 1959.12   0.25869E-02   0.20922E-02   0.21642E-02
 1972.72   0.25372E-02   0.20493E-02   0.21231E-02
 1986.33   0.24881E-02   0.20071E-02   0.20827E-02
 1999.93   0.24403E-02   0.19662E-02   0.20434E-02
 2013.54   0.23937E-02   0.19263E-02   0.20051E-02
 2027.14   0.23480E-02   0.18874E-02   0.19677E-02
 2040.75   0.23034E-02   0.18495E-02   0.19312E-02
 2054.35   0.22596E-02   0.18124E-02   0.18955E-02
 2067.96   0.22171E-02   0.17765E-02   0.18610E-02
 2081.56   0.21753E-02   0.17413E-02   0.18270E-02
 2095.17   0.21345E-02   0.17070E-02   0.17939E-02
 2108.77   0.20945E-02   0.16736E-02   0.17616E-02
 2122.38   0.20554E-02   0.16409E-02   0.17300E-02
 2135.98   0.20171E-02   0.16091E-02   0.16992E-02
 2149.59   0.19798E-02   0.15781E-02   0.16692E-02
 2163.19   0.19431E-02   0.15477E-02   0.16397E-02
 2176.80   0.19072E-02   0.15181E-02   0.16110E-02
 2190.40   0.18720E-02   0.14891E-02   0.15829E-02
 2204.01   0.18376E-02   0.14609E-02   0.15554E-02
 2217.61   0.18039E-02   0.14334E-02   0.15286E-02
 2231.22   0.17709E-02   0.14064E-02   0.15024E-02
 2244.82   0.17386E-02   0.13802E-02   0.14768E-02
 2258.43   0.17069E-02   0.13545E-02   0.14517E-02
 2272.03   0.16759E-02   0.13294E-02   0.14271E-02
 2285.64   0.16454E-02   0.13049E-02   0.14031E-02
 2299.24   0.16156E-02   0.12809E-02   0.13796E-02
 2312.85   0.15865E-02   0.12575E-02   0.13567E-02
 2326.45   0.15579E-02   0.12346E-02   0.13342E-02
 2340.06   0.15298E-02   0.12123E-02   0.13123E-02
 2353.66   0.15023E-02   0.11905E-02   0.12908E-02
 2367.27   0.14754E-02   0.11691E-02   0.12697E-02
 2380.87   0.14489E-02   0.11482E-02   0.12491E-02
 2394.48   0.14230E-02   0.11278E-02   0.12289E-02
 2408.08   0.13976E-02   0.11078E-02   0.12092E-02
 2421.69   0.13727E-02   0.10883E-02   0.11898E-02
 2435.29   0.13483E-02   0.10692E-02   0.11709E-02
 2448.90   0.13244E-02   0.10506E-02   0.11524E-02
 2462.50   0.13009E-02   0.10323E-02   0.11343E-02
 2476.11   0.12779E-02   0.10145E-02   0.11165E-02
 2489.71   0.12553E-02   0.99698E-03   0.10990E-02
 2503.32   0.12331E-02   0.97987E-03   0.10820E-02
 2516.92   0.12113E-02   0.96315E-03   0.10652E-02
 2530.53   0.11901E-02   0.94684E-03   0.10489E-02
 2544.13   0.11691E-02   0.93083E-03   0.10329E-02
 2557.74   0.11486E-02   0.91517E-03   0.10172E-02
 2571.34   0.11285E-02   0.89984E-03   0.10017E-02
 2584.95   0.11087E-02   0.88481E-03   0.98662E-03
 2598.55   0.10892E-02   0.87009E-03   0.97177E-03
 2612.16   0.10701E-02   0.85563E-03   0.95717E-03
 2625.76   0.10515E-02   0.84168E-03   0.94307E-03
 2639.37   0.10332E-02   0.82786E-03   0.92908E-03
 2652.97   0.10152E-02   0.81436E-03   0.91539E-03
 2666.58   0.99748E-03   0.80114E-03   0.90196E-03
 2680.18   0.98012E-03   0.78819E-03   0.88879E-03
 2693.79   0.96305E-03   0.77548E-03   0.87584E-03
 2707.39   0.94619E-03   0.76296E-03   0.86305E-03
 2721.00   0.92998E-03   0.75096E-03   0.85081E-03
 2734.60   0.91376E-03   0.73897E-03   0.83853E-03
 2748.21   0.89789E-03   0.72726E-03   0.82653E-03
 2761.81   0.88233E-03   0.71581E-03   0.81477E-03
 2775.42   0.86705E-03   0.70459E-03   0.80323E-03
 2789.02   0.85204E-03   0.69359E-03   0.79190E-03
 2802.63   0.83726E-03   0.68279E-03   0.78075E-03
 2816.23   0.82272E-03   0.67218E-03   0.76978E-03
 2829.84   0.80862E-03   0.66193E-03   0.75918E-03
 2843.44   0.79461E-03   0.65174E-03   0.74861E-03
 2857.05   0.78087E-03   0.64178E-03   0.73826E-03
 2870.65   0.76738E-03   0.63202E-03   0.72810E-03
 2884.26   0.75414E-03   0.62246E-03   0.71814E-03
 2897.86   0.74114E-03   0.61309E-03   0.70836E-03
 2911.47   0.72833E-03   0.60387E-03   0.69871E-03
 2925.07   0.71587E-03   0.59494E-03   0.68936E-03
 2938.68   0.70349E-03   0.58606E-03   0.68004E-03
 2952.28   0.69135E-03   0.57737E-03   0.67090E-03
 2965.89   0.67942E-03   0.56885E-03   0.66193E-03
 2979.49   0.66772E-03   0.56050E-03   0.65312E-03
 2993.10   0.65622E-03   0.55232E-03   0.64448E-03
 3006.70   0.64494E-03   0.54430E-03   0.63599E-03
 3020.31   0.63384E-03   0.53643E-03   0.62764E-03
 3033.91   0.62297E-03   0.52873E-03   0.61946E-03
 3047.52   0.61225E-03   0.52115E-03   0.61139E-03
 3061.12   0.60170E-03   0.51370E-03   0.60345E-03
 3074.73   0.59134E-03   0.50639E-03   0.59563E-03
 3088.33   0.58116E-03   0.49922E-03   0.58796E-03
 3101.94   0.57116E-03   0.49219E-03   0.58041E-03
 3115.54   0.56134E-03   0.48529E-03   0.57301E-03
 3129.15   0.55170E-03   0.47854E-03   0.56573E-03
 3142.75   0.54223E-03   0.47190E-03   0.55858E-03
 3156.36   0.53291E-03   0.46538E-03   0.55154E-03
 3169.96   0.52375E-03   0.45898E-03   0.54461E-03
 3183.57   0.51473E-03   0.45268E-03   0.53778E-03
 3197.17   0.50586E-03   0.44650E-03   0.53106E-03
 3210.78   0.49715E-03   0.44043E-03   0.52444E-03
 3224.38   0.48858E-03   0.43446E-03   0.51794E-03
 3237.99   0.48018E-03   0.42862E-03   0.51156E-03
 3251.59   0.47195E-03   0.42291E-03   0.50530E-03
 3265.20   0.46383E-03   0.41728E-03   0.49913E-03
 3278.80   0.45585E-03   0.41175E-03   0.49305E-03
 3292.41   0.44800E-03   0.40631E-03   0.48706E-03
 3306.01   0.44028E-03   0.40096E-03   0.48115E-03
 3319.62   0.43268E-03   0.39570E-03   0.47533E-03
 3333.22   0.42521E-03   0.39052E-03   0.46960E-03
 3346.83   0.41786E-03   0.38544E-03   0.46395E-03
 3360.43   0.41073E-03   0.38053E-03   0.45850E-03
 3374.04   0.40364E-03   0.37563E-03   0.45303E-03
 3387.64   0.39668E-03   0.37083E-03   0.44767E-03
 3401.25   0.38985E-03   0.36611E-03   0.44240E-03
 3414.85   0.38312E-03   0.36148E-03   0.43720E-03
 3428.46   0.37651E-03   0.35691E-03   0.43207E-03
 3442.06   0.36999E-03   0.35241E-03   0.42701E-03
 3455.67   0.36353E-03   0.34794E-03   0.42196E-03
 3469.27   0.35741E-03   0.34377E-03   0.41726E-03
 3482.88   0.35118E-03   0.33946E-03   0.41237E-03
 3496.48   0.34511E-03   0.33527E-03   0.40762E-03
 3510.09   0.33915E-03   0.33117E-03   0.40295E-03
 3523.69   0.33330E-03   0.32713E-03   0.39835E-03
 3537.30   0.32754E-03   0.32317E-03   0.39382E-03
 3550.90   0.32187E-03   0.31926E-03   0.38935E-03
 3564.51   0.31627E-03   0.31539E-03   0.38491E-03
 3578.11   0.31071E-03   0.31152E-03   0.38047E-03
 3591.72   0.30549E-03   0.30797E-03   0.37639E-03
 3605.32   0.30018E-03   0.30430E-03   0.37215E-03
 3618.93   0.29498E-03   0.30070E-03   0.36799E-03
 3632.53   0.28987E-03   0.29717E-03   0.36391E-03
 3646.14   0.28486E-03   0.29371E-03   0.35989E-03
 3659.74   0.27993E-03   0.29030E-03   0.35593E-03
 3673.35   0.27508E-03   0.28694E-03   0.35201E-03
 3686.95   0.27026E-03   0.28359E-03   0.34809E-03
 3700.56   0.26570E-03   0.28047E-03   0.34445E-03
 3714.16   0.26105E-03   0.27723E-03   0.34064E-03
 3727.77   0.25650E-03   0.27406E-03   0.33693E-03
 3741.37   0.25205E-03   0.27096E-03   0.33328E-03
 3754.98   0.24767E-03   0.26792E-03   0.32968E-03
 3768.58   0.24338E-03   0.26492E-03   0.32615E-03
 3782.19   0.23916E-03   0.26198E-03   0.32266E-03
 3795.79   0.23501E-03   0.25909E-03   0.31923E-03
 3809.40   0.23091E-03   0.25622E-03   0.31581E-03
 3823.00   0.22695E-03   0.25347E-03   0.31254E-03
 3836.61   0.22300E-03   0.25069E-03   0.30922E-03
 3850.21   0.21911E-03   0.24796E-03   0.30595E-03
 3863.82   0.21530E-03   0.24527E-03   0.30272E-03
 3877.42   0.21155E-03   0.24263E-03   0.29955E-03
 3891.03   0.20787E-03   0.24003E-03   0.29642E-03
 3904.63   0.20426E-03   0.23748E-03   0.29335E-03
 3918.24   0.20072E-03   0.23498E-03   0.29032E-03
 3931.84   0.19723E-03   0.23250E-03   0.28732E-03
 3945.45   0.19382E-03   0.23009E-03   0.28439E-03
 3959.05   0.19045E-03   0.22769E-03   0.28147E-03
 3972.66   0.18713E-03   0.22533E-03   0.27859E-03
 3986.26   0.18387E-03   0.22299E-03   0.27574E-03
 3999.87   0.18067E-03   0.22069E-03   0.27292E-03
 4013.47   0.17752E-03   0.21843E-03   0.27015E-03
 4027.08   0.17443E-03   0.21621E-03   0.26742E-03
 4040.68   0.17140E-03   0.21402E-03   0.26473E-03
 4054.29   0.16843E-03   0.21188E-03   0.26208E-03
 4067.89   0.16551E-03   0.20977E-03   0.25947E-03
 4081.50   0.16264E-03   0.20769E-03   0.25689E-03
 4095.10   0.15982E-03   0.20563E-03   0.25434E-03
 4108.71   0.15704E-03   0.20360E-03   0.25181E-03
 4122.31   0.15430E-03   0.20160E-03   0.24932E-03
 4135.92   0.15162E-03   0.19962E-03   0.24685E-03
 4149.52   0.14898E-03   0.19768E-03   0.24441E-03
 4163.13   0.14638E-03   0.19576E-03   0.24201E-03
 4176.73   0.14385E-03   0.19388E-03   0.23964E-03
 4190.34   0.14137E-03   0.19205E-03   0.23735E-03
 4203.94   0.13892E-03   0.19023E-03   0.23505E-03
 4217.55   0.13652E-03   0.18844E-03   0.23278E-03
 4231.15   0.13416E-03   0.18667E-03   0.23054E-03
 4244.76   0.13183E-03   0.18492E-03   0.22832E-03
 4258.36   0.12955E-03   0.18319E-03   0.22612E-03
 4271.97   0.12730E-03   0.18148E-03   0.22395E-03
 4285.57   0.12508E-03   0.17979E-03   0.22179E-03
 4299.18   0.12291E-03   0.17813E-03   0.21967E-03
 4312.78   0.12083E-03   0.17657E-03   0.21767E-03
 4326.39   0.11873E-03   0.17495E-03   0.21559E-03
 4339.99   0.11669E-03   0.17337E-03   0.21356E-03
 4353.60   0.11468E-03   0.17182E-03   0.21156E-03
 4367.20   0.11271E-03   0.17029E-03   0.20958E-03
 4380.81   0.11077E-03   0.16877E-03   0.20762E-03
 4394.41   0.10886E-03   0.16728E-03   0.20568E-03
 4408.02   0.10698E-03   0.16579E-03   0.20375E-03
 4421.62   0.10511E-03   0.16429E-03   0.20181E-03
 4435.23   0.10342E-03   0.16304E-03   0.20016E-03
 4448.83   0.10159E-03   0.16153E-03   0.19820E-03
 4462.44   0.99839E-04   0.16013E-03   0.19636E-03
 4476.04   0.98131E-04   0.15875E-03   0.19456E-03
 4489.65   0.96456E-04   0.15740E-03   0.19279E-03
 4503.25   0.94813E-04   0.15607E-03   0.19104E-03
 4516.86   0.93199E-04   0.15476E-03   0.18931E-03
 4530.46   0.91610E-04   0.15345E-03   0.18759E-03
 4544.07   0.90042E-04   0.15215E-03   0.18587E-03
 4557.67   0.88494E-04   0.15086E-03   0.18416E-03
 4571.28   0.87055E-04   0.14971E-03   0.18263E-03
 4584.88   0.85561E-04   0.14845E-03   0.18095E-03
 4598.49   0.84107E-04   0.14722E-03   0.17932E-03
 4612.09   0.82685E-04   0.14602E-03   0.17772E-03
 4625.70   0.81293E-04   0.14484E-03   0.17614E-03
 4639.30   0.79928E-04   0.14368E-03   0.17459E-03
 4652.91   0.78588E-04   0.14253E-03   0.17305E-03
 4666.51   0.77271E-04   0.14139E-03   0.17153E-03
 4680.12   0.75969E-04   0.14025E-03   0.17000E-03
 4693.72   0.74669E-04   0.13909E-03   0.16843E-03
 4707.33   0.73486E-04   0.13811E-03   0.16710E-03
 4720.93   0.72254E-04   0.13702E-03   0.16562E-03
 4734.54   0.71049E-04   0.13594E-03   0.16417E-03
 4748.14   0.69869E-04   0.13488E-03   0.16274E-03
 4761.75   0.68713E-04   0.13384E-03   0.16133E-03
 4775.35   0.67582E-04   0.13282E-03   0.15994E-03
 4788.96   0.66473E-04   0.13182E-03   0.15857E-03
 4802.56   0.65386E-04   0.13083E-03   0.15721E-03
 4816.17   0.64313E-04   0.12983E-03   0.15586E-03
 4829.77   0.63292E-04   0.12892E-03   0.15460E-03
 4843.38   0.62251E-04   0.12794E-03   0.15326E-03
 4856.98   0.61238E-04   0.12698E-03   0.15195E-03
 4870.59   0.60243E-04   0.12604E-03   0.15065E-03
 4884.19   0.59268E-04   0.12510E-03   0.14937E-03
 4897.80   0.58312E-04   0.12419E-03   0.14811E-03
 4911.40   0.57376E-04   0.12328E-03   0.14686E-03
 4925.01   0.56460E-04   0.12239E-03   0.14563E-03
 4938.61   0.55563E-04   0.12152E-03   0.14442E-03
 4952.22   0.54684E-04   0.12066E-03   0.14322E-03
 4965.82   0.53825E-04   0.11981E-03   0.14205E-03
 4979.43   0.52979E-04   0.11897E-03   0.14088E-03
 4993.03   0.52148E-04   0.11813E-03   0.13971E-03
 5006.64   0.51331E-04   0.11730E-03   0.13856E-03
 5020.24   0.50528E-04   0.11648E-03   0.13741E-03
 5033.85   0.49741E-04   0.11566E-03   0.13627E-03
 5047.45   0.48969E-04   0.11486E-03   0.13515E-03
 5061.06   0.48214E-04   0.11407E-03   0.13404E-03
 5074.66   0.47475E-04   0.11329E-03   0.13295E-03
 5088.27   0.46751E-04   0.11252E-03   0.13187E-03
 5101.87   0.46048E-04   0.11177E-03   0.13082E-03
 5115.48   0.45353E-04   0.11102E-03   0.12977E-03
 5129.08   0.44673E-04   0.11029E-03   0.12873E-03
 5142.69   0.44005E-04   0.10955E-03   0.12769E-03
 5156.29   0.43349E-04   0.10883E-03   0.12667E-03
 5169.90   0.42705E-04   0.10810E-03   0.12565E-03
 5183.50   0.42072E-04   0.10739E-03   0.12463E-03
 5197.11   0.41451E-04   0.10668E-03   0.12363E-03
 5210.71   0.40843E-04   0.10597E-03   0.12264E-03
 5224.32   0.40245E-04   0.10527E-03   0.12165E-03
 5237.92   0.39665E-04   0.10459E-03   0.12069E-03
 5251.53   0.39111E-04   0.10396E-03   0.11978E-03
 5265.13   0.38553E-04   0.10330E-03   0.11884E-03
 5278.74   0.38009E-04   0.10265E-03   0.11791E-03
 5292.34   0.37476E-04   0.10200E-03   0.11699E-03
 5305.95   0.36952E-04   0.10136E-03   0.11608E-03
 5319.55   0.36437E-04   0.10073E-03   0.11517E-03
 5333.16   0.35932E-04   0.10009E-03   0.11426E-03
 5346.76   0.35435E-04   0.99457E-04   0.11336E-03
 5360.37   0.34945E-04   0.98820E-04   0.11246E-03
 5373.97   0.34469E-04   0.98203E-04   0.11158E-03
 5387.58   0.34032E-04   0.97675E-04   0.11080E-03
 5401.18   0.33572E-04   0.97061E-04   0.10992E-03
 5414.79   0.33129E-04   0.96471E-04   0.10908E-03
 5428.39   0.32696E-04   0.95892E-04   0.10825E-03
 5442.00   0.32272E-04   0.95321E-04   0.10743E-03
 5455.60   0.31857E-04   0.94753E-04   0.10661E-03
 5469.21   0.31450E-04   0.94188E-04   0.10580E-03
 5482.81   0.31049E-04   0.93623E-04   0.10499E-03
 5496.42   0.30654E-04   0.93053E-04   0.10417E-03
 5510.02   0.30253E-04   0.92447E-04   0.10332E-03
 5523.63   0.29940E-04   0.92092E-04   0.10275E-03
 5537.23   0.29548E-04   0.91473E-04   0.10189E-03
 5550.84   0.29185E-04   0.90927E-04   0.10110E-03
 5564.44   0.28834E-04   0.90398E-04   0.10034E-03
 5578.05   0.28493E-04   0.89879E-04   0.99596E-04
 5591.65   0.28160E-04   0.89369E-04   0.98858E-04
 5605.26   0.27834E-04   0.88864E-04   0.98128E-04
 5618.86   0.27515E-04   0.88361E-04   0.97403E-04
 5632.47   0.27201E-04   0.87858E-04   0.96677E-04
 5646.07   0.26889E-04   0.87344E-04   0.95943E-04
 5659.68   0.26584E-04   0.86831E-04   0.95211E-04
 5673.28   0.26324E-04   0.86452E-04   0.94626E-04
 5686.89   0.26027E-04   0.85934E-04   0.93891E-04
 5700.49   0.25744E-04   0.85444E-04   0.93189E-04
 5714.10   0.25469E-04   0.84965E-04   0.92501E-04
 5727.70   0.25203E-04   0.84497E-04   0.91825E-04
 5741.31   0.24944E-04   0.84037E-04   0.91159E-04
 5754.91   0.24691E-04   0.83583E-04   0.90503E-04
 5768.52   0.24445E-04   0.83133E-04   0.89852E-04
 5782.12   0.24203E-04   0.82684E-04   0.89204E-04
 5795.73   0.23963E-04   0.82225E-04   0.88546E-04
 5809.33   0.23724E-04   0.81755E-04   0.87879E-04
 5822.94   0.23525E-04   0.81405E-04   0.87341E-04
 5836.54   0.23300E-04   0.80952E-04   0.86695E-04
 5850.15   0.23083E-04   0.80510E-04   0.86063E-04
 5863.75   0.22872E-04   0.80076E-04   0.85440E-04
 5877.36   0.22667E-04   0.79649E-04   0.84826E-04
 5890.96   0.22468E-04   0.79229E-04   0.84222E-04
 5904.57   0.22276E-04   0.78817E-04   0.83628E-04
 5918.17   0.22089E-04   0.78411E-04   0.83041E-04
 5931.78   0.21907E-04   0.78008E-04   0.82461E-04
 5945.38   0.21729E-04   0.77604E-04   0.81879E-04
 5958.99   0.21550E-04   0.77186E-04   0.81285E-04
 5972.59   0.21395E-04   0.76838E-04   0.80767E-04
 5986.20   0.21229E-04   0.76438E-04   0.80195E-04
 5999.80   0.21067E-04   0.76042E-04   0.79629E-04
 6013.41   0.20910E-04   0.75648E-04   0.79066E-04
 6027.01   0.20757E-04   0.75257E-04   0.78509E-04
 6040.62   0.20609E-04   0.74871E-04   0.77959E-04
 6054.22   0.20466E-04   0.74491E-04   0.77416E-04
 6067.83   0.20328E-04   0.74118E-04   0.76882E-04
 6081.43   0.20195E-04   0.73752E-04   0.76357E-04
 6095.04   0.20067E-04   0.73390E-04   0.75838E-04
 6108.64   0.19942E-04   0.73028E-04   0.75320E-04
 6122.25   0.19823E-04   0.72678E-04   0.74816E-04
 6135.85   0.19706E-04   0.72322E-04   0.74309E-04
 6149.46   0.19591E-04   0.71966E-04   0.73802E-04
 6163.06   0.19480E-04   0.71610E-04   0.73297E-04
 6176.67   0.19372E-04   0.71254E-04   0.72793E-04
 6190.27   0.19266E-04   0.70899E-04   0.72292E-04
 6203.88   0.19165E-04   0.70547E-04   0.71796E-04
 6217.48   0.19068E-04   0.70199E-04   0.71306E-04
 6231.09   0.18975E-04   0.69857E-04   0.70823E-04
 6244.69   0.18885E-04   0.69519E-04   0.70346E-04
 6258.30   0.18803E-04   0.69195E-04   0.69885E-04
 6271.90   0.18723E-04   0.68872E-04   0.69426E-04
 6285.51   0.18646E-04   0.68547E-04   0.68967E-04
 6299.11   0.18571E-04   0.68225E-04   0.68512E-04
 6312.72   0.18500E-04   0.67902E-04   0.68058E-04
 6326.32   0.18430E-04   0.67578E-04   0.67605E-04
 6339.93   0.18363E-04   0.67254E-04   0.67152E-04
 6353.53   0.18298E-04   0.66929E-04   0.66701E-04
 6367.14   0.18236E-04   0.66604E-04   0.66252E-04
 6380.74   0.18176E-04   0.66281E-04   0.65805E-04
 6394.35   0.18119E-04   0.65957E-04   0.65360E-04
 6407.95   0.18070E-04   0.65653E-04   0.64935E-04
 6421.56   0.18033E-04   0.65389E-04   0.64552E-04
 6435.16   0.17985E-04   0.65072E-04   0.64117E-04
 6448.77   0.17943E-04   0.64770E-04   0.63700E-04
 6462.37   0.17905E-04   0.64474E-04   0.63289E-04
 6475.98   0.17870E-04   0.64179E-04   0.62881E-04
 6489.58   0.17836E-04   0.63883E-04   0.62474E-04
 6503.19   0.17804E-04   0.63586E-04   0.62067E-04
 6516.79   0.17774E-04   0.63286E-04   0.61659E-04
 6530.40   0.17745E-04   0.62985E-04   0.61251E-04
 6544.00   0.17718E-04   0.62679E-04   0.60840E-04
 6557.61   0.17685E-04   0.62347E-04   0.60405E-04
 6571.21   0.17663E-04   0.62051E-04   0.60007E-04
 6584.82   0.17677E-04   0.61867E-04   0.59718E-04
 6598.42   0.17660E-04   0.61572E-04   0.59324E-04
 6612.03   0.17649E-04   0.61290E-04   0.58943E-04
 6625.63   0.17642E-04   0.61014E-04   0.58570E-04
 6639.24   0.17638E-04   0.60742E-04   0.58202E-04
 6652.84   0.17636E-04   0.60469E-04   0.57835E-04
 6666.45   0.17636E-04   0.60196E-04   0.57469E-04
 6680.05   0.17637E-04   0.59920E-04   0.57101E-04
 6693.66   0.17638E-04   0.59639E-04   0.56730E-04
 6707.26   0.17637E-04   0.59345E-04   0.56348E-04
 6720.87   0.17642E-04   0.59065E-04   0.55981E-04
 6734.47   0.17688E-04   0.58916E-04   0.55740E-04
 6748.08   0.17688E-04   0.58604E-04   0.55345E-04
 6761.68   0.17699E-04   0.58327E-04   0.54985E-04
 6775.29   0.17716E-04   0.58061E-04   0.54637E-04
 6788.89   0.17736E-04   0.57801E-04   0.54296E-04
 6802.50   0.17760E-04   0.57546E-04   0.53961E-04
 6816.10   0.17786E-04   0.57294E-04   0.53629E-04
 6829.71   0.17814E-04   0.57042E-04   0.53299E-04
 6843.31   0.17843E-04   0.56787E-04   0.52969E-04
 6856.92   0.17872E-04   0.56527E-04   0.52634E-04
 6870.52   0.17896E-04   0.56247E-04   0.52282E-04
 6884.13   0.17925E-04   0.55974E-04   0.51939E-04
 6897.73   0.17999E-04   0.55839E-04   0.51724E-04
 6911.34   0.18029E-04   0.55561E-04   0.51378E-04
 6924.94   0.18066E-04   0.55301E-04   0.51051E-04
 6938.55   0.18108E-04   0.55048E-04   0.50731E-04
 6952.15   0.18152E-04   0.54801E-04   0.50418E-04
 6965.76   0.18201E-04   0.54559E-04   0.50111E-04
 6979.36   0.18252E-04   0.54321E-04   0.49808E-04
 6992.97   0.18306E-04   0.54086E-04   0.49510E-04
 7006.57   0.18361E-04   0.53851E-04   0.49213E-04
 7020.18   0.18417E-04   0.53612E-04   0.48914E-04
 7033.78   0.18469E-04   0.53357E-04   0.48601E-04
 7047.39   0.18520E-04   0.53097E-04   0.48284E-04
 7060.99   0.18614E-04   0.52952E-04   0.48075E-04
 7074.60   0.18672E-04   0.52702E-04   0.47770E-04
 7088.20   0.18734E-04   0.52459E-04   0.47474E-04
 7101.81   0.18799E-04   0.52220E-04   0.47181E-04
 7115.41   0.18866E-04   0.51984E-04   0.46893E-04
 7129.02   0.18937E-04   0.51752E-04   0.46610E-04
 7142.62   0.19011E-04   0.51524E-04   0.46332E-04
 7156.23   0.19087E-04   0.51300E-04   0.46058E-04
 7169.83   0.19166E-04   0.51080E-04   0.45789E-04
 7183.44   0.19248E-04   0.50860E-04   0.45522E-04
 7197.04   0.19329E-04   0.50636E-04   0.45251E-04
 7210.65   0.19407E-04   0.50402E-04   0.44973E-04
 7224.25   0.19509E-04   0.50223E-04   0.44745E-04
 7237.86   0.19594E-04   0.49998E-04   0.44478E-04
 7251.46   0.19681E-04   0.49774E-04   0.44212E-04
 7265.07   0.19769E-04   0.49549E-04   0.43947E-04
 7278.67   0.19858E-04   0.49325E-04   0.43683E-04
 7292.28   0.19950E-04   0.49102E-04   0.43422E-04
 7305.88   0.20044E-04   0.48882E-04   0.43164E-04
 7319.49   0.20141E-04   0.48665E-04   0.42911E-04
 7333.09   0.20241E-04   0.48452E-04   0.42662E-04
 7346.70   0.20344E-04   0.48243E-04   0.42417E-04
 7360.30   0.20449E-04   0.48037E-04   0.42177E-04
 7373.91   0.20556E-04   0.47831E-04   0.41937E-04
 7387.51   0.20667E-04   0.47630E-04   0.41702E-04
 7401.12   0.20777E-04   0.47425E-04   0.41465E-04
 7414.72   0.20888E-04   0.47219E-04   0.41228E-04
 7428.33   0.21000E-04   0.47010E-04   0.40990E-04
 7441.93   0.21111E-04   0.46799E-04   0.40752E-04
 7455.54   0.21224E-04   0.46587E-04   0.40513E-04
 7469.14   0.21338E-04   0.46375E-04   0.40275E-04
 7482.75   0.21453E-04   0.46164E-04   0.40039E-04
 7496.35   0.21571E-04   0.45955E-04   0.39806E-04
 7509.96   0.21691E-04   0.45749E-04   0.39577E-04
 7523.56   0.21814E-04   0.45545E-04   0.39350E-04
 7537.17   0.21944E-04   0.45355E-04   0.39136E-04
 7550.77   0.22078E-04   0.45167E-04   0.38925E-04
 7564.38   0.22207E-04   0.44970E-04   0.38707E-04
 7577.98   0.22340E-04   0.44776E-04   0.38492E-04
 7591.59   0.22474E-04   0.44581E-04   0.38279E-04
 7605.19   0.22608E-04   0.44385E-04   0.38064E-04
 7618.80   0.22742E-04   0.44186E-04   0.37849E-04
 7632.40   0.22877E-04   0.43986E-04   0.37633E-04
 7646.01   0.23011E-04   0.43783E-04   0.37416E-04
 7659.61   0.23146E-04   0.43580E-04   0.37199E-04
 7673.22   0.23282E-04   0.43376E-04   0.36983E-04
 7686.82   0.23418E-04   0.43170E-04   0.36766E-04
 7700.43   0.23540E-04   0.42937E-04   0.36527E-04
 7714.03   0.23749E-04   0.42860E-04   0.36421E-04
 7727.64   0.23877E-04   0.42632E-04   0.36188E-04
 7741.24   0.24025E-04   0.42439E-04   0.35985E-04
 7754.85   0.24177E-04   0.42251E-04   0.35788E-04
 7768.45   0.24331E-04   0.42066E-04   0.35594E-04
 7782.06   0.24486E-04   0.41880E-04   0.35400E-04
 7795.66   0.24642E-04   0.41693E-04   0.35206E-04
 7809.27   0.24797E-04   0.41503E-04   0.35011E-04
 7822.87   0.24952E-04   0.41310E-04   0.34813E-04
 7836.48   0.25105E-04   0.41114E-04   0.34614E-04
 7850.08   0.25257E-04   0.40914E-04   0.34412E-04
 7863.69   0.25399E-04   0.40697E-04   0.34197E-04
 7877.29   0.25564E-04   0.40515E-04   0.34013E-04
 7890.90   0.25787E-04   0.40422E-04   0.33903E-04
 7904.50   0.25935E-04   0.40210E-04   0.33695E-04
 7918.11   0.26099E-04   0.40021E-04   0.33506E-04
 7931.71   0.26267E-04   0.39838E-04   0.33324E-04
 7945.32   0.26440E-04   0.39659E-04   0.33146E-04
 7958.92   0.26614E-04   0.39482E-04   0.32970E-04
 7972.53   0.26790E-04   0.39304E-04   0.32794E-04
 7986.13   0.26965E-04   0.39125E-04   0.32618E-04
 7999.74   0.27139E-04   0.38943E-04   0.32440E-04
 8013.34   0.27310E-04   0.38756E-04   0.32259E-04
 8026.95   0.27476E-04   0.38559E-04   0.32070E-04
 8040.55   0.27612E-04   0.38322E-04   0.31849E-04
 8054.16   0.27789E-04   0.38139E-04   0.31673E-04
 8067.76   0.28066E-04   0.38092E-04   0.31611E-04
 8081.37   0.28231E-04   0.37891E-04   0.31421E-04
 8094.97   0.28407E-04   0.37704E-04   0.31245E-04
 8108.58   0.28590E-04   0.37525E-04   0.31075E-04
 8122.18   0.28777E-04   0.37350E-04   0.30910E-04
 8135.79   0.28967E-04   0.37179E-04   0.30748E-04
 8149.39   0.29160E-04   0.37009E-04   0.30588E-04
 8163.00   0.29353E-04   0.36839E-04   0.30429E-04
 8176.60   0.29546E-04   0.36668E-04   0.30269E-04
 8190.21   0.29736E-04   0.36492E-04   0.30106E-04
 8203.81   0.29917E-04   0.36306E-04   0.29935E-04
 8217.42   0.30048E-04   0.36058E-04   0.29714E-04
 8231.02   0.30420E-04   0.36097E-04   0.29730E-04
 8244.63   0.30555E-04   0.35852E-04   0.29513E-04
 8258.23   0.30736E-04   0.35661E-04   0.29342E-04
 8271.84   0.30925E-04   0.35481E-04   0.29178E-04
 8285.44   0.31119E-04   0.35305E-04   0.29020E-04
 8299.05   0.31317E-04   0.35133E-04   0.28865E-04
 8312.65   0.31519E-04   0.34965E-04   0.28714E-04
 8326.26   0.31724E-04   0.34800E-04   0.28567E-04
 8339.86   0.31932E-04   0.34637E-04   0.28421E-04
 8353.47   0.32141E-04   0.34474E-04   0.28277E-04
 8367.07   0.32349E-04   0.34311E-04   0.28132E-04
 8380.68   0.32551E-04   0.34141E-04   0.27982E-04
 8394.28   0.32710E-04   0.33925E-04   0.27796E-04
 8407.89   0.33044E-04   0.33889E-04   0.27758E-04
 8421.49   0.33219E-04   0.33689E-04   0.27585E-04
 8435.10   0.33417E-04   0.33513E-04   0.27433E-04
 8448.70   0.33620E-04   0.33341E-04   0.27284E-04
 8462.31   0.33824E-04   0.33170E-04   0.27138E-04
 8475.91   0.34031E-04   0.33002E-04   0.26994E-04
 8489.52   0.34240E-04   0.32836E-04   0.26852E-04
 8503.12   0.34453E-04   0.32673E-04   0.26713E-04
 8516.73   0.34670E-04   0.32514E-04   0.26578E-04
 8530.33   0.34889E-04   0.32357E-04   0.26445E-04
 8543.94   0.35111E-04   0.32202E-04   0.26314E-04
 8557.54   0.35333E-04   0.32046E-04   0.26184E-04
 8571.15   0.35544E-04   0.31881E-04   0.26045E-04
 8584.75   0.35808E-04   0.31763E-04   0.25946E-04
 8598.36   0.36018E-04   0.31596E-04   0.25808E-04
 8611.96   0.36236E-04   0.31436E-04   0.25675E-04
 8625.57   0.36453E-04   0.31276E-04   0.25543E-04
 8639.17   0.36669E-04   0.31114E-04   0.25410E-04
 8652.78   0.36884E-04   0.30952E-04   0.25277E-04
 8666.38   0.37099E-04   0.30790E-04   0.25145E-04
 8679.99   0.37316E-04   0.30630E-04   0.25015E-04
 8693.59   0.37536E-04   0.30472E-04   0.24887E-04
 8707.20   0.37758E-04   0.30317E-04   0.24761E-04
 8720.80   0.37985E-04   0.30164E-04   0.24639E-04
 8734.41   0.38215E-04   0.30015E-04   0.24519E-04
 8748.01   0.38447E-04   0.29867E-04   0.24401E-04
 8761.62   0.38680E-04   0.29720E-04   0.24284E-04
 8775.22   0.38915E-04   0.29575E-04   0.24169E-04
 8788.83   0.39149E-04   0.29428E-04   0.24053E-04
 8802.43   0.39380E-04   0.29279E-04   0.23936E-04
 8816.04   0.39608E-04   0.29129E-04   0.23817E-04
 8829.64   0.39833E-04   0.28976E-04   0.23698E-04
 8843.25   0.40055E-04   0.28822E-04   0.23577E-04
 8856.85   0.40276E-04   0.28667E-04   0.23457E-04
 8870.46   0.40496E-04   0.28512E-04   0.23336E-04
 8884.06   0.40717E-04   0.28357E-04   0.23217E-04
 8897.67   0.40940E-04   0.28205E-04   0.23099E-04
 8911.27   0.41164E-04   0.28054E-04   0.22983E-04
 8924.88   0.41388E-04   0.27903E-04   0.22868E-04
 8938.48   0.41637E-04   0.27769E-04   0.22766E-04
 8952.09   0.41888E-04   0.27637E-04   0.22667E-04
 8965.69   0.42119E-04   0.27492E-04   0.22557E-04
 8979.30   0.42356E-04   0.27350E-04   0.22450E-04
 8992.90   0.42592E-04   0.27209E-04   0.22344E-04
 9006.51   0.42827E-04   0.27066E-04   0.22238E-04
 9020.11   0.43058E-04   0.26922E-04   0.22130E-04
 9033.72   0.43285E-04   0.26776E-04   0.22021E-04
 9047.32   0.43508E-04   0.26629E-04   0.21911E-04
 9060.93   0.43728E-04   0.26479E-04   0.21800E-04
 9074.53   0.43945E-04   0.26329E-04   0.21688E-04
 9088.14   0.44160E-04   0.26178E-04   0.21576E-04
 9101.74   0.44368E-04   0.26023E-04   0.21462E-04
 9115.35   0.44523E-04   0.25839E-04   0.21323E-04
 9128.95   0.44972E-04   0.25824E-04   0.21325E-04
 9142.56   0.45129E-04   0.25642E-04   0.21188E-04
 9156.16   0.45350E-04   0.25497E-04   0.21083E-04
 9169.77   0.45581E-04   0.25359E-04   0.20983E-04
 9183.37   0.45816E-04   0.25223E-04   0.20885E-04
 9196.98   0.46051E-04   0.25087E-04   0.20788E-04
 9210.58   0.46284E-04   0.24951E-04   0.20691E-04
 9224.19   0.46513E-04   0.24813E-04   0.20593E-04
 9237.79   0.46737E-04   0.24674E-04   0.20493E-04
 9251.40   0.46955E-04   0.24531E-04   0.20392E-04
 9265.00   0.47166E-04   0.24386E-04   0.20288E-04
 9278.61   0.47367E-04   0.24237E-04   0.20181E-04
 9292.21   0.47539E-04   0.24073E-04   0.20063E-04
 9305.82   0.47780E-04   0.23946E-04   0.19975E-04
 9319.42   0.48186E-04   0.23901E-04   0.19955E-04
 9333.03   0.48343E-04   0.23732E-04   0.19833E-04
 9346.63   0.48548E-04   0.23589E-04   0.19732E-04
 9360.24   0.48767E-04   0.23452E-04   0.19637E-04
 9373.84   0.48993E-04   0.23320E-04   0.19546E-04
 9387.45   0.49222E-04   0.23190E-04   0.19456E-04
 9401.05   0.49451E-04   0.23061E-04   0.19368E-04
 9414.66   0.49679E-04   0.22931E-04   0.19279E-04
 9428.26   0.49901E-04   0.22800E-04   0.19190E-04
 9441.87   0.50117E-04   0.22666E-04   0.19099E-04
 9455.47   0.50323E-04   0.22529E-04   0.19004E-04
 9469.08   0.50511E-04   0.22385E-04   0.18904E-04
 9482.68   0.50638E-04   0.22215E-04   0.18782E-04
 9496.29   0.50868E-04   0.22091E-04   0.18700E-04
 9509.89   0.51323E-04   0.22065E-04   0.18700E-04
 9523.50   0.51471E-04   0.21907E-04   0.18589E-04
 9537.10   0.51658E-04   0.21766E-04   0.18492E-04
 9550.71   0.51859E-04   0.21633E-04   0.18402E-04
 9564.31   0.52068E-04   0.21503E-04   0.18315E-04
 9577.92   0.52282E-04   0.21377E-04   0.18231E-04
 9591.52   0.52500E-04   0.21252E-04   0.18149E-04
 9605.13   0.52719E-04   0.21129E-04   0.18069E-04
 9618.73   0.52936E-04   0.21006E-04   0.17988E-04
 9632.34   0.53149E-04   0.20882E-04   0.17907E-04
 9645.94   0.53352E-04   0.20755E-04   0.17823E-04
 9659.55   0.53537E-04   0.20622E-04   0.17734E-04
 9673.15   0.53650E-04   0.20462E-04   0.17622E-04
 9686.76   0.53854E-04   0.20339E-04   0.17541E-04
 9700.36   0.54305E-04   0.20308E-04   0.17541E-04
 9713.97   0.54449E-04   0.20163E-04   0.17442E-04
 9727.57   0.54620E-04   0.20029E-04   0.17353E-04
 9741.18   0.54800E-04   0.19900E-04   0.17268E-04
 9754.78   0.54987E-04   0.19773E-04   0.17185E-04
 9768.39   0.55179E-04   0.19650E-04   0.17105E-04
 9781.99   0.55375E-04   0.19529E-04   0.17027E-04
 9795.60   0.55576E-04   0.19410E-04   0.16952E-04
 9809.20   0.55779E-04   0.19293E-04   0.16878E-04
 9822.81   0.55983E-04   0.19177E-04   0.16804E-04
 9836.41   0.56182E-04   0.19060E-04   0.16731E-04
 9850.02   0.56371E-04   0.18941E-04   0.16655E-04
 9863.62   0.56517E-04   0.18808E-04   0.16567E-04
 9877.23   0.56691E-04   0.18686E-04   0.16488E-04
 9890.83   0.57054E-04   0.18626E-04   0.16465E-04
 9904.44   0.57204E-04   0.18497E-04   0.16381E-04
 9918.04   0.57367E-04   0.18374E-04   0.16301E-04
 9931.65   0.57531E-04   0.18251E-04   0.16223E-04
 9945.25   0.57695E-04   0.18130E-04   0.16146E-04
 9958.86   0.57860E-04   0.18011E-04   0.16070E-04
 9972.46   0.58029E-04   0.17893E-04   0.15995E-04
 9986.07   0.58202E-04   0.17777E-04   0.15923E-04
 9999.67   0.58379E-04   0.17664E-04   0.15853E-04
