 3101.94   0.45724E-01   0.44522E-01   0.44510E-01
 3115.54   0.45508E-01   0.44318E-01   0.44308E-01
 3129.15   0.45294E-01   0.44115E-01   0.44106E-01
 3142.75   0.45082E-01   0.43914E-01   0.43906E-01
 3156.36   0.44870E-01   0.43713E-01   0.43707E-01
 3169.96   0.44659E-01   0.43514E-01   0.43509E-01
 3183.57   0.44449E-01   0.43315E-01   0.43311E-01
 3197.17   0.44240E-01   0.43117E-01   0.43115E-01
 3210.78   0.44032E-01   0.42920E-01   0.42919E-01
 3224.38   0.43825E-01   0.42725E-01   0.42725E-01
 3237.99   0.43620E-01   0.42532E-01   0.42533E-01
 3251.59   0.43418E-01   0.42341E-01   0.42343E-01
 3265.20   0.43216E-01   0.42150E-01   0.42153E-01
 3278.80   0.43015E-01   0.41960E-01   0.41964E-01
 3292.41   0.42814E-01   0.41771E-01   0.41776E-01
 3306.01   0.42615E-01   0.41582E-01   0.41589E-01
 3319.62   0.42416E-01   0.41395E-01   0.41402E-01
 3333.22   0.42217E-01   0.41208E-01   0.41216E-01
 3346.83   0.42020E-01   0.41022E-01   0.41032E-01
 3360.43   0.41830E-01   0.40843E-01   0.40854E-01
 3374.04   0.41636E-01   0.40660E-01   0.40672E-01
 3387.64   0.41444E-01   0.40479E-01   0.40492E-01
 3401.25   0.41253E-01   0.40300E-01   0.40313E-01
 3414.85   0.41063E-01   0.40121E-01   0.40135E-01
 3428.46   0.40874E-01   0.39942E-01   0.39958E-01
 3442.06   0.40684E-01   0.39764E-01   0.39780E-01
 3455.67   0.40492E-01   0.39583E-01   0.39600E-01
 3469.27   0.40319E-01   0.39421E-01   0.39439E-01
 3482.88   0.40129E-01   0.39243E-01   0.39261E-01
 3496.48   0.39945E-01   0.39069E-01   0.39089E-01
 3510.09   0.39762E-01   0.38898E-01   0.38918E-01
 3523.69   0.39581E-01   0.38728E-01   0.38749E-01
 3537.30   0.39401E-01   0.38558E-01   0.38580E-01
 3550.90   0.39221E-01   0.38389E-01   0.38412E-01
 3564.51   0.39039E-01   0.38219E-01   0.38242E-01
 3578.11   0.38854E-01   0.38044E-01   0.38068E-01
 3591.72   0.38691E-01   0.37892E-01   0.37917E-01
 3605.32   0.38513E-01   0.37725E-01   0.37750E-01
 3618.93   0.38337E-01   0.37560E-01   0.37586E-01
 3632.53   0.38163E-01   0.37397E-01   0.37424E-01
 3646.14   0.37991E-01   0.37236E-01   0.37263E-01
 3659.74   0.37820E-01   0.37075E-01   0.37103E-01
 3673.35   0.37649E-01   0.36915E-01   0.36943E-01
 3686.95   0.37474E-01   0.36752E-01   0.36780E-01
 3700.56   0.37318E-01   0.36605E-01   0.36635E-01
 3714.16   0.37145E-01   0.36443E-01   0.36473E-01
 3727.77   0.36976E-01   0.36285E-01   0.36315E-01
 3741.37   0.36809E-01   0.36128E-01   0.36159E-01
 3754.98   0.36643E-01   0.35973E-01   0.36005E-01
 3768.58   0.36479E-01   0.35820E-01   0.35852E-01
 3782.19   0.36316E-01   0.35668E-01   0.35700E-01
 3795.79   0.36154E-01   0.35516E-01   0.35549E-01
 3809.40   0.35992E-01   0.35364E-01   0.35397E-01
 3823.00   0.35836E-01   0.35219E-01   0.35253E-01
 3836.61   0.35675E-01   0.35069E-01   0.35102E-01
 3850.21   0.35515E-01   0.34919E-01   0.34953E-01
 3863.82   0.35356E-01   0.34770E-01   0.34805E-01
 3877.42   0.35198E-01   0.34623E-01   0.34658E-01
 3891.03   0.35042E-01   0.34477E-01   0.34512E-01
 3904.63   0.34887E-01   0.34332E-01   0.34367E-01
 3918.24   0.34733E-01   0.34188E-01   0.34224E-01
 3931.84   0.34580E-01   0.34045E-01   0.34081E-01
 3945.45   0.34429E-01   0.33904E-01   0.33941E-01
 3959.05   0.34277E-01   0.33763E-01   0.33799E-01
 3972.66   0.34126E-01   0.33622E-01   0.33658E-01
 3986.26   0.33974E-01   0.33480E-01   0.33517E-01
 3999.87   0.33824E-01   0.33340E-01   0.33377E-01
 4013.47   0.33674E-01   0.33200E-01   0.33237E-01
 4027.08   0.33525E-01   0.33061E-01   0.33099E-01
 4040.68   0.33378E-01   0.32924E-01   0.32962E-01
 4054.29   0.33233E-01   0.32789E-01   0.32827E-01
 4067.89   0.33089E-01   0.32655E-01   0.32693E-01
 4081.50   0.32945E-01   0.32521E-01   0.32559E-01
 4095.10   0.32802E-01   0.32387E-01   0.32425E-01
 4108.71   0.32659E-01   0.32254E-01   0.32292E-01
 4122.31   0.32516E-01   0.32120E-01   0.32159E-01
 4135.92   0.32373E-01   0.31987E-01   0.32026E-01
 4149.52   0.32230E-01   0.31854E-01   0.31893E-01
 4163.13   0.32088E-01   0.31722E-01   0.31761E-01
 4176.73   0.31948E-01   0.31591E-01   0.31630E-01
 4190.34   0.31816E-01   0.31469E-01   0.31507E-01
 4203.94   0.31678E-01   0.31340E-01   0.31379E-01
 4217.55   0.31542E-01   0.31213E-01   0.31252E-01
 4231.15   0.31406E-01   0.31087E-01   0.31125E-01
 4244.76   0.31271E-01   0.30961E-01   0.30999E-01
 4258.36   0.31135E-01   0.30835E-01   0.30873E-01
 4271.97   0.31000E-01   0.30708E-01   0.30747E-01
 4285.57   0.30863E-01   0.30581E-01   0.30620E-01
 4299.18   0.30728E-01   0.30455E-01   0.30494E-01
 4312.78   0.30609E-01   0.30345E-01   0.30383E-01
 4326.39   0.30473E-01   0.30218E-01   0.30256E-01
 4339.99   0.30342E-01   0.30096E-01   0.30134E-01
 4353.60   0.30213E-01   0.29976E-01   0.30014E-01
 4367.20   0.30084E-01   0.29856E-01   0.29894E-01
 4380.81   0.29956E-01   0.29737E-01   0.29775E-01
 4394.41   0.29828E-01   0.29618E-01   0.29655E-01
 4408.02   0.29699E-01   0.29498E-01   0.29535E-01
 4421.62   0.29566E-01   0.29373E-01   0.29410E-01
 4435.23   0.29470E-01   0.29285E-01   0.29322E-01
 4448.83   0.29328E-01   0.29152E-01   0.29189E-01
 4462.44   0.29201E-01   0.29034E-01   0.29070E-01
 4476.04   0.29076E-01   0.28918E-01   0.28954E-01
 4489.65   0.28953E-01   0.28803E-01   0.28840E-01
 4503.25   0.28832E-01   0.28690E-01   0.28726E-01
 4516.86   0.28711E-01   0.28578E-01   0.28613E-01
 4530.46   0.28590E-01   0.28465E-01   0.28500E-01
 4544.07   0.28467E-01   0.28351E-01   0.28386E-01
 4557.67   0.28343E-01   0.28235E-01   0.28270E-01
 4571.28   0.28239E-01   0.28140E-01   0.28174E-01
 4584.88   0.28116E-01   0.28024E-01   0.28058E-01
 4598.49   0.27995E-01   0.27912E-01   0.27946E-01
 4612.09   0.27877E-01   0.27802E-01   0.27835E-01
 4625.70   0.27760E-01   0.27693E-01   0.27726E-01
 4639.30   0.27645E-01   0.27585E-01   0.27618E-01
 4652.91   0.27530E-01   0.27479E-01   0.27511E-01
 4666.51   0.27416E-01   0.27373E-01   0.27405E-01
 4680.12   0.27301E-01   0.27266E-01   0.27297E-01
 4693.72   0.27181E-01   0.27153E-01   0.27185E-01
 4707.33   0.27082E-01   0.27062E-01   0.27093E-01
 4720.93   0.26967E-01   0.26955E-01   0.26986E-01
 4734.54   0.26854E-01   0.26849E-01   0.26879E-01
 4748.14   0.26741E-01   0.26744E-01   0.26774E-01
 4761.75   0.26630E-01   0.26640E-01   0.26670E-01
 4775.35   0.26519E-01   0.26538E-01   0.26567E-01
 4788.96   0.26410E-01   0.26436E-01   0.26465E-01
 4802.56   0.26303E-01   0.26336E-01   0.26364E-01
 4816.17   0.26195E-01   0.26236E-01   0.26263E-01
 4829.77   0.26091E-01   0.26139E-01   0.26166E-01
 4843.38   0.25984E-01   0.26039E-01   0.26066E-01
 4856.98   0.25877E-01   0.25940E-01   0.25966E-01
 4870.59   0.25771E-01   0.25840E-01   0.25866E-01
 4884.19   0.25664E-01   0.25741E-01   0.25766E-01
 4897.80   0.25558E-01   0.25641E-01   0.25666E-01
 4911.40   0.25452E-01   0.25543E-01   0.25567E-01
 4925.01   0.25348E-01   0.25446E-01   0.25469E-01
 4938.61   0.25245E-01   0.25350E-01   0.25373E-01
 4952.22   0.25143E-01   0.25254E-01   0.25277E-01
 4965.82   0.25043E-01   0.25161E-01   0.25184E-01
 4979.43   0.24943E-01   0.25068E-01   0.25089E-01
 4993.03   0.24843E-01   0.24975E-01   0.24996E-01
 5006.64   0.24743E-01   0.24881E-01   0.24902E-01
 5020.24   0.24642E-01   0.24787E-01   0.24807E-01
 5033.85   0.24542E-01   0.24694E-01   0.24713E-01
 5047.45   0.24441E-01   0.24600E-01   0.24618E-01
 5061.06   0.24341E-01   0.24506E-01   0.24524E-01
 5074.66   0.24242E-01   0.24413E-01   0.24431E-01
 5088.27   0.24141E-01   0.24319E-01   0.24336E-01
 5101.87   0.24056E-01   0.24240E-01   0.24257E-01
 5115.48   0.23956E-01   0.24147E-01   0.24162E-01
 5129.08   0.23861E-01   0.24058E-01   0.24073E-01
 5142.69   0.23767E-01   0.23969E-01   0.23984E-01
 5156.29   0.23673E-01   0.23881E-01   0.23895E-01
 5169.90   0.23578E-01   0.23793E-01   0.23806E-01
 5183.50   0.23483E-01   0.23704E-01   0.23717E-01
 5197.11   0.23388E-01   0.23615E-01   0.23627E-01
 5210.71   0.23292E-01   0.23525E-01   0.23537E-01
 5224.32   0.23194E-01   0.23432E-01   0.23443E-01
 5237.92   0.23097E-01   0.23342E-01   0.23352E-01
 5251.53   0.23024E-01   0.23274E-01   0.23283E-01
 5265.13   0.22931E-01   0.23187E-01   0.23195E-01
 5278.74   0.22840E-01   0.23102E-01   0.23110E-01
 5292.34   0.22751E-01   0.23018E-01   0.23026E-01
 5305.95   0.22662E-01   0.22935E-01   0.22942E-01
 5319.55   0.22574E-01   0.22852E-01   0.22858E-01
 5333.16   0.22484E-01   0.22768E-01   0.22773E-01
 5346.76   0.22394E-01   0.22683E-01   0.22688E-01
 5360.37   0.22301E-01   0.22595E-01   0.22599E-01
 5373.97   0.22209E-01   0.22509E-01   0.22512E-01
 5387.58   0.22143E-01   0.22449E-01   0.22451E-01
 5401.18   0.22050E-01   0.22361E-01   0.22363E-01
 5414.79   0.21962E-01   0.22278E-01   0.22279E-01
 5428.39   0.21877E-01   0.22197E-01   0.22198E-01
 5442.00   0.21792E-01   0.22118E-01   0.22118E-01
 5455.60   0.21708E-01   0.22039E-01   0.22038E-01
 5469.21   0.21625E-01   0.21961E-01   0.21959E-01
 5482.81   0.21541E-01   0.21882E-01   0.21879E-01
 5496.42   0.21456E-01   0.21801E-01   0.21798E-01
 5510.02   0.21362E-01   0.21713E-01   0.21709E-01
 5523.63   0.21317E-01   0.21673E-01   0.21668E-01
 5537.23   0.21218E-01   0.21578E-01   0.21572E-01
 5550.84   0.21132E-01   0.21497E-01   0.21490E-01
 5564.44   0.21049E-01   0.21418E-01   0.21411E-01
 5578.05   0.20967E-01   0.21341E-01   0.21333E-01
 5591.65   0.20887E-01   0.21265E-01   0.21257E-01
 5605.26   0.20808E-01   0.21191E-01   0.21181E-01
 5618.86   0.20729E-01   0.21117E-01   0.21106E-01
 5632.47   0.20651E-01   0.21042E-01   0.21032E-01
 5646.07   0.20571E-01   0.20967E-01   0.20955E-01
 5659.68   0.20489E-01   0.20889E-01   0.20877E-01
 5673.28   0.20427E-01   0.20832E-01   0.20819E-01
 5686.89   0.20344E-01   0.20753E-01   0.20739E-01
 5700.49   0.20265E-01   0.20678E-01   0.20663E-01
 5714.10   0.20186E-01   0.20603E-01   0.20587E-01
 5727.70   0.20108E-01   0.20529E-01   0.20513E-01
 5741.31   0.20031E-01   0.20457E-01   0.20439E-01
 5754.91   0.19956E-01   0.20385E-01   0.20367E-01
 5768.52   0.19882E-01   0.20315E-01   0.20296E-01
 5782.12   0.19808E-01   0.20245E-01   0.20226E-01
 5795.73   0.19734E-01   0.20175E-01   0.20155E-01
 5809.33   0.19659E-01   0.20103E-01   0.20082E-01
 5822.94   0.19593E-01   0.20041E-01   0.20019E-01
 5836.54   0.19519E-01   0.19971E-01   0.19948E-01
 5850.15   0.19445E-01   0.19900E-01   0.19877E-01
 5863.75   0.19371E-01   0.19830E-01   0.19805E-01
 5877.36   0.19297E-01   0.19760E-01   0.19734E-01
 5890.96   0.19224E-01   0.19690E-01   0.19664E-01
 5904.57   0.19152E-01   0.19621E-01   0.19594E-01
 5918.17   0.19081E-01   0.19553E-01   0.19526E-01
 5931.78   0.19011E-01   0.19487E-01   0.19458E-01
 5945.38   0.18942E-01   0.19421E-01   0.19392E-01
 5958.99   0.18873E-01   0.19356E-01   0.19326E-01
 5972.59   0.18806E-01   0.19292E-01   0.19261E-01
 5986.20   0.18738E-01   0.19227E-01   0.19195E-01
 5999.80   0.18669E-01   0.19162E-01   0.19129E-01
 6013.41   0.18601E-01   0.19096E-01   0.19062E-01
 6027.01   0.18531E-01   0.19030E-01   0.18995E-01
 6040.62   0.18462E-01   0.18963E-01   0.18928E-01
 6054.22   0.18393E-01   0.18897E-01   0.18861E-01
 6067.83   0.18324E-01   0.18831E-01   0.18794E-01
 6081.43   0.18257E-01   0.18766E-01   0.18728E-01
 6095.04   0.18189E-01   0.18701E-01   0.18663E-01
 6108.64   0.18126E-01   0.18641E-01   0.18601E-01
 6122.25   0.18064E-01   0.18582E-01   0.18541E-01
 6135.85   0.17999E-01   0.18520E-01   0.18479E-01
 6149.46   0.17935E-01   0.18458E-01   0.18417E-01
 6163.06   0.17872E-01   0.18397E-01   0.18354E-01
 6176.67   0.17807E-01   0.18335E-01   0.18292E-01
 6190.27   0.17742E-01   0.18273E-01   0.18228E-01
 6203.88   0.17677E-01   0.18210E-01   0.18165E-01
 6217.48   0.17611E-01   0.18146E-01   0.18100E-01
 6231.09   0.17545E-01   0.18083E-01   0.18036E-01
 6244.69   0.17478E-01   0.18017E-01   0.17969E-01
 6258.30   0.17416E-01   0.17957E-01   0.17909E-01
 6271.90   0.17367E-01   0.17911E-01   0.17862E-01
 6285.51   0.17302E-01   0.17849E-01   0.17798E-01
 6299.11   0.17241E-01   0.17790E-01   0.17738E-01
 6312.72   0.17181E-01   0.17731E-01   0.17679E-01
 6326.32   0.17121E-01   0.17673E-01   0.17621E-01
 6339.93   0.17061E-01   0.17615E-01   0.17562E-01
 6353.53   0.17000E-01   0.17556E-01   0.17502E-01
 6367.14   0.16939E-01   0.17497E-01   0.17441E-01
 6380.74   0.16876E-01   0.17436E-01   0.17380E-01
 6394.35   0.16811E-01   0.17372E-01   0.17315E-01
 6407.95   0.16750E-01   0.17313E-01   0.17255E-01
 6421.56   0.16716E-01   0.17281E-01   0.17223E-01
 6435.16   0.16647E-01   0.17214E-01   0.17155E-01
 6448.77   0.16586E-01   0.17155E-01   0.17095E-01
 6462.37   0.16528E-01   0.17098E-01   0.17037E-01
 6475.98   0.16471E-01   0.17043E-01   0.16981E-01
 6489.58   0.16415E-01   0.16988E-01   0.16925E-01
 6503.19   0.16359E-01   0.16933E-01   0.16870E-01
 6516.79   0.16302E-01   0.16878E-01   0.16814E-01
 6530.40   0.16245E-01   0.16822E-01   0.16757E-01
 6544.00   0.16185E-01   0.16764E-01   0.16697E-01
 6557.61   0.16117E-01   0.16696E-01   0.16629E-01
 6571.21   0.16052E-01   0.16632E-01   0.16564E-01
 6584.82   0.16032E-01   0.16614E-01   0.16546E-01
 6598.42   0.15971E-01   0.16554E-01   0.16485E-01
 6612.03   0.15913E-01   0.16498E-01   0.16428E-01
 6625.63   0.15858E-01   0.16443E-01   0.16372E-01
 6639.24   0.15803E-01   0.16390E-01   0.16318E-01
 6652.84   0.15750E-01   0.16338E-01   0.16265E-01
 6666.45   0.15697E-01   0.16286E-01   0.16213E-01
 6680.05   0.15645E-01   0.16235E-01   0.16160E-01
 6693.66   0.15592E-01   0.16182E-01   0.16107E-01
 6707.26   0.15536E-01   0.16127E-01   0.16051E-01
 6720.87   0.15479E-01   0.16071E-01   0.15995E-01
 6734.47   0.15451E-01   0.16045E-01   0.15967E-01
 6748.08   0.15390E-01   0.15984E-01   0.15905E-01
 6761.68   0.15334E-01   0.15929E-01   0.15849E-01
 6775.29   0.15280E-01   0.15875E-01   0.15795E-01
 6788.89   0.15227E-01   0.15822E-01   0.15741E-01
 6802.50   0.15175E-01   0.15771E-01   0.15689E-01
 6816.10   0.15124E-01   0.15721E-01   0.15638E-01
 6829.71   0.15074E-01   0.15672E-01   0.15588E-01
 6843.31   0.15025E-01   0.15623E-01   0.15539E-01
 6856.92   0.14976E-01   0.15574E-01   0.15489E-01
 6870.52   0.14925E-01   0.15524E-01   0.15438E-01
 6884.13   0.14873E-01   0.15471E-01   0.15385E-01
 6897.73   0.14837E-01   0.15437E-01   0.15349E-01
 6911.34   0.14785E-01   0.15385E-01   0.15297E-01
 6924.94   0.14735E-01   0.15334E-01   0.15245E-01
 6938.55   0.14684E-01   0.15284E-01   0.15194E-01
 6952.15   0.14634E-01   0.15234E-01   0.15143E-01
 6965.76   0.14584E-01   0.15184E-01   0.15093E-01
 6979.36   0.14536E-01   0.15135E-01   0.15043E-01
 6992.97   0.14488E-01   0.15088E-01   0.14995E-01
 7006.57   0.14441E-01   0.15041E-01   0.14947E-01
 7020.18   0.14395E-01   0.14995E-01   0.14901E-01
 7033.78   0.14350E-01   0.14950E-01   0.14855E-01
 7047.39   0.14303E-01   0.14903E-01   0.14807E-01
 7060.99   0.14261E-01   0.14861E-01   0.14764E-01
 7074.60   0.14215E-01   0.14815E-01   0.14718E-01
 7088.20   0.14169E-01   0.14769E-01   0.14671E-01
 7101.81   0.14123E-01   0.14722E-01   0.14623E-01
 7115.41   0.14076E-01   0.14675E-01   0.14575E-01
 7129.02   0.14029E-01   0.14627E-01   0.14527E-01
 7142.62   0.13982E-01   0.14580E-01   0.14479E-01
 7156.23   0.13936E-01   0.14534E-01   0.14432E-01
 7169.83   0.13891E-01   0.14488E-01   0.14385E-01
 7183.44   0.13846E-01   0.14443E-01   0.14339E-01
 7197.04   0.13802E-01   0.14398E-01   0.14294E-01
 7210.65   0.13762E-01   0.14357E-01   0.14252E-01
 7224.25   0.13720E-01   0.14315E-01   0.14210E-01
 7237.86   0.13678E-01   0.14272E-01   0.14166E-01
 7251.46   0.13636E-01   0.14230E-01   0.14123E-01
 7265.07   0.13593E-01   0.14187E-01   0.14079E-01
 7278.67   0.13550E-01   0.14143E-01   0.14034E-01
 7292.28   0.13506E-01   0.14098E-01   0.13989E-01
 7305.88   0.13462E-01   0.14053E-01   0.13943E-01
 7319.49   0.13418E-01   0.14008E-01   0.13898E-01
 7333.09   0.13374E-01   0.13963E-01   0.13852E-01
 7346.70   0.13330E-01   0.13918E-01   0.13806E-01
 7360.30   0.13284E-01   0.13871E-01   0.13758E-01
 7373.91   0.13245E-01   0.13832E-01   0.13718E-01
 7387.51   0.13214E-01   0.13800E-01   0.13686E-01
 7401.12   0.13172E-01   0.13757E-01   0.13642E-01
 7414.72   0.13132E-01   0.13716E-01   0.13600E-01
 7428.33   0.13093E-01   0.13675E-01   0.13559E-01
 7441.93   0.13053E-01   0.13635E-01   0.13518E-01
 7455.54   0.13013E-01   0.13594E-01   0.13476E-01
 7469.14   0.12973E-01   0.13552E-01   0.13434E-01
 7482.75   0.12931E-01   0.13510E-01   0.13391E-01
 7496.35   0.12889E-01   0.13466E-01   0.13347E-01
 7509.96   0.12846E-01   0.13422E-01   0.13301E-01
 7523.56   0.12800E-01   0.13374E-01   0.13253E-01
 7537.17   0.12761E-01   0.13334E-01   0.13213E-01
 7550.77   0.12746E-01   0.13318E-01   0.13196E-01
 7564.38   0.12699E-01   0.13270E-01   0.13147E-01
 7577.98   0.12659E-01   0.13228E-01   0.13105E-01
 7591.59   0.12621E-01   0.13189E-01   0.13064E-01
 7605.19   0.12584E-01   0.13150E-01   0.13025E-01
 7618.80   0.12547E-01   0.13112E-01   0.12986E-01
 7632.40   0.12510E-01   0.13073E-01   0.12947E-01
 7646.01   0.12472E-01   0.13034E-01   0.12907E-01
 7659.61   0.12434E-01   0.12994E-01   0.12867E-01
 7673.22   0.12394E-01   0.12953E-01   0.12825E-01
 7686.82   0.12351E-01   0.12908E-01   0.12779E-01
 7700.43   0.12292E-01   0.12846E-01   0.12717E-01
 7714.03   0.12320E-01   0.12876E-01   0.12745E-01
 7727.64   0.12259E-01   0.12811E-01   0.12680E-01
 7741.24   0.12217E-01   0.12767E-01   0.12636E-01
 7754.85   0.12178E-01   0.12727E-01   0.12595E-01
 7768.45   0.12141E-01   0.12688E-01   0.12556E-01
 7782.06   0.12106E-01   0.12651E-01   0.12518E-01
 7795.66   0.12071E-01   0.12614E-01   0.12481E-01
 7809.27   0.12037E-01   0.12578E-01   0.12444E-01
 7822.87   0.12003E-01   0.12542E-01   0.12407E-01
 7836.48   0.11967E-01   0.12505E-01   0.12369E-01
 7850.08   0.11930E-01   0.12466E-01   0.12330E-01
 7863.69   0.11888E-01   0.12421E-01   0.12285E-01
 7877.29   0.11850E-01   0.12381E-01   0.12244E-01
 7890.90   0.11847E-01   0.12377E-01   0.12239E-01
 7904.50   0.11803E-01   0.12330E-01   0.12192E-01
 7918.11   0.11764E-01   0.12290E-01   0.12151E-01
 7931.71   0.11727E-01   0.12251E-01   0.12111E-01
 7945.32   0.11692E-01   0.12213E-01   0.12073E-01
 7958.92   0.11658E-01   0.12177E-01   0.12037E-01
 7972.53   0.11625E-01   0.12142E-01   0.12001E-01
 7986.13   0.11593E-01   0.12107E-01   0.11966E-01
 7999.74   0.11561E-01   0.12073E-01   0.11931E-01
 8013.34   0.11529E-01   0.12039E-01   0.11896E-01
 8026.95   0.11495E-01   0.12003E-01   0.11860E-01
 8040.55   0.11456E-01   0.11961E-01   0.11818E-01
 8054.16   0.11418E-01   0.11921E-01   0.11777E-01
 8067.76   0.11411E-01   0.11912E-01   0.11768E-01
 8081.37   0.11374E-01   0.11873E-01   0.11728E-01
 8094.97   0.11339E-01   0.11836E-01   0.11690E-01
 8108.58   0.11305E-01   0.11799E-01   0.11653E-01
 8122.18   0.11271E-01   0.11763E-01   0.11616E-01
 8135.79   0.11239E-01   0.11727E-01   0.11580E-01
 8149.39   0.11207E-01   0.11693E-01   0.11545E-01
 8163.00   0.11176E-01   0.11659E-01   0.11511E-01
 8176.60   0.11145E-01   0.11627E-01   0.11478E-01
 8190.21   0.11116E-01   0.11595E-01   0.11445E-01
 8203.81   0.11086E-01   0.11562E-01   0.11413E-01
 8217.42   0.11054E-01   0.11527E-01   0.11377E-01
 8231.02   0.11035E-01   0.11507E-01   0.11356E-01
 8244.63   0.11002E-01   0.11471E-01   0.11320E-01
 8258.23   0.10971E-01   0.11437E-01   0.11286E-01
 8271.84   0.10940E-01   0.11403E-01   0.11251E-01
 8285.44   0.10909E-01   0.11369E-01   0.11217E-01
 8299.05   0.10877E-01   0.11335E-01   0.11182E-01
 8312.65   0.10846E-01   0.11301E-01   0.11147E-01
 8326.26   0.10814E-01   0.11267E-01   0.11113E-01
 8339.86   0.10784E-01   0.11233E-01   0.11079E-01
 8353.47   0.10755E-01   0.11201E-01   0.11047E-01
 8367.07   0.10726E-01   0.11170E-01   0.11015E-01
 8380.68   0.10698E-01   0.11139E-01   0.10984E-01
 8394.28   0.10671E-01   0.11109E-01   0.10954E-01
 8407.89   0.10645E-01   0.11080E-01   0.10924E-01
 8421.49   0.10618E-01   0.11050E-01   0.10894E-01
 8435.10   0.10591E-01   0.11021E-01   0.10863E-01
 8448.70   0.10563E-01   0.10990E-01   0.10833E-01
 8462.31   0.10535E-01   0.10959E-01   0.10801E-01
 8475.91   0.10506E-01   0.10927E-01   0.10769E-01
 8489.52   0.10477E-01   0.10895E-01   0.10736E-01
 8503.12   0.10448E-01   0.10862E-01   0.10703E-01
 8516.73   0.10418E-01   0.10829E-01   0.10670E-01
 8530.33   0.10389E-01   0.10797E-01   0.10637E-01
 8543.94   0.10360E-01   0.10765E-01   0.10605E-01
 8557.54   0.10331E-01   0.10733E-01   0.10573E-01
 8571.15   0.10299E-01   0.10698E-01   0.10537E-01
 8584.75   0.10290E-01   0.10686E-01   0.10525E-01
 8598.36   0.10259E-01   0.10652E-01   0.10490E-01
 8611.96   0.10233E-01   0.10623E-01   0.10461E-01
 8625.57   0.10208E-01   0.10595E-01   0.10432E-01
 8639.17   0.10183E-01   0.10566E-01   0.10403E-01
 8652.78   0.10157E-01   0.10537E-01   0.10374E-01
 8666.38   0.10130E-01   0.10508E-01   0.10344E-01
 8679.99   0.10103E-01   0.10477E-01   0.10313E-01
 8693.59   0.10076E-01   0.10446E-01   0.10282E-01
 8707.20   0.10047E-01   0.10414E-01   0.10250E-01
 8720.80   0.10018E-01   0.10382E-01   0.10218E-01
 8734.41   0.99885E-02   0.10349E-01   0.10184E-01
 8748.01   0.99519E-02   0.10308E-01   0.10143E-01
 8761.62   0.99333E-02   0.10287E-01   0.10121E-01
 8775.22   0.99272E-02   0.10278E-01   0.10112E-01
 8788.83   0.98990E-02   0.10246E-01   0.10080E-01
 8802.43   0.98739E-02   0.10218E-01   0.10051E-01
 8816.04   0.98499E-02   0.10190E-01   0.10024E-01
 8829.64   0.98263E-02   0.10163E-01   0.99963E-02
 8843.25   0.98026E-02   0.10136E-01   0.99689E-02
 8856.85   0.97784E-02   0.10109E-01   0.99410E-02
 8870.46   0.97535E-02   0.10080E-01   0.99124E-02
 8884.06   0.97277E-02   0.10051E-01   0.98828E-02
 8897.67   0.97006E-02   0.10020E-01   0.98519E-02
 8911.27   0.96717E-02   0.99877E-02   0.98192E-02
 8924.88   0.96368E-02   0.99490E-02   0.97804E-02
 8938.48   0.96150E-02   0.99236E-02   0.97547E-02
 8952.09   0.96242E-02   0.99305E-02   0.97608E-02
 8965.69   0.95893E-02   0.98916E-02   0.97219E-02
 8979.30   0.95623E-02   0.98609E-02   0.96910E-02
 8992.90   0.95378E-02   0.98327E-02   0.96626E-02
 9006.51   0.95147E-02   0.98060E-02   0.96356E-02
 9020.11   0.94923E-02   0.97800E-02   0.96095E-02
 9033.72   0.94704E-02   0.97545E-02   0.95836E-02
 9047.32   0.94483E-02   0.97288E-02   0.95577E-02
 9060.93   0.94256E-02   0.97025E-02   0.95312E-02
 9074.53   0.94020E-02   0.96752E-02   0.95038E-02
 9088.14   0.93768E-02   0.96462E-02   0.94746E-02
 9101.74   0.93478E-02   0.96135E-02   0.94418E-02
 9115.35   0.92980E-02   0.95594E-02   0.93879E-02
 9128.95   0.93577E-02   0.96172E-02   0.94441E-02
 9142.56   0.93030E-02   0.95581E-02   0.93854E-02
 9156.16   0.92733E-02   0.95244E-02   0.93517E-02
 9169.77   0.92475E-02   0.94948E-02   0.93219E-02
 9183.37   0.92235E-02   0.94670E-02   0.92940E-02
 9196.98   0.92009E-02   0.94406E-02   0.92675E-02
 9210.58   0.91793E-02   0.94152E-02   0.92419E-02
 9224.19   0.91585E-02   0.93906E-02   0.92171E-02
 9237.79   0.91381E-02   0.93664E-02   0.91928E-02
 9251.40   0.91176E-02   0.93421E-02   0.91683E-02
 9265.00   0.90965E-02   0.93172E-02   0.91433E-02
 9278.61   0.90739E-02   0.92908E-02   0.91167E-02
 9292.21   0.90466E-02   0.92596E-02   0.90855E-02
 9305.82   0.90234E-02   0.92325E-02   0.90583E-02
 9319.42   0.90354E-02   0.92411E-02   0.90661E-02
 9333.03   0.90027E-02   0.92044E-02   0.90296E-02
 9346.63   0.89770E-02   0.91747E-02   0.89998E-02
 9360.24   0.89528E-02   0.91466E-02   0.89717E-02
 9373.84   0.89297E-02   0.91195E-02   0.89445E-02
 9387.45   0.89075E-02   0.90933E-02   0.89183E-02
 9401.05   0.88862E-02   0.90681E-02   0.88930E-02
 9414.66   0.88659E-02   0.90439E-02   0.88686E-02
 9428.26   0.88464E-02   0.90204E-02   0.88450E-02
 9441.87   0.88274E-02   0.89975E-02   0.88220E-02
 9455.47   0.88086E-02   0.89747E-02   0.87991E-02
 9469.08   0.87892E-02   0.89513E-02   0.87756E-02
 9482.68   0.87666E-02   0.89248E-02   0.87491E-02
 9496.29   0.87446E-02   0.88989E-02   0.87231E-02
 9509.89   0.87431E-02   0.88934E-02   0.87172E-02
 9523.50   0.87198E-02   0.88661E-02   0.86900E-02
 9537.10   0.86979E-02   0.88403E-02   0.86641E-02
 9550.71   0.86762E-02   0.88145E-02   0.86383E-02
 9564.31   0.86545E-02   0.87888E-02   0.86126E-02
 9577.92   0.86331E-02   0.87633E-02   0.85871E-02
 9591.52   0.86121E-02   0.87383E-02   0.85621E-02
 9605.13   0.85919E-02   0.87140E-02   0.85377E-02
 9618.73   0.85725E-02   0.86905E-02   0.85142E-02
 9632.34   0.85539E-02   0.86679E-02   0.84916E-02
 9645.94   0.85362E-02   0.86460E-02   0.84696E-02
 9659.55   0.85189E-02   0.86246E-02   0.84482E-02
 9673.15   0.85015E-02   0.86031E-02   0.84266E-02
 9686.76   0.84830E-02   0.85806E-02   0.84041E-02
 9700.36   0.84700E-02   0.85636E-02   0.83870E-02
 9713.97   0.84522E-02   0.85418E-02   0.83651E-02
 9727.57   0.84341E-02   0.85195E-02   0.83428E-02
 9741.18   0.84153E-02   0.84966E-02   0.83200E-02
 9754.78   0.83959E-02   0.84731E-02   0.82965E-02
 9768.39   0.83760E-02   0.84491E-02   0.82725E-02
 9781.99   0.83559E-02   0.84249E-02   0.82484E-02
 9795.60   0.83360E-02   0.84008E-02   0.82243E-02
 9809.20   0.83164E-02   0.83771E-02   0.82006E-02
 9822.81   0.82974E-02   0.83539E-02   0.81775E-02
 9836.41   0.82791E-02   0.83314E-02   0.81551E-02
 9850.02   0.82615E-02   0.83096E-02   0.81333E-02
 9863.62   0.82439E-02   0.82877E-02   0.81115E-02
 9877.23   0.82308E-02   0.82705E-02   0.80942E-02
 9890.83   0.82160E-02   0.82518E-02   0.80754E-02
 9904.44   0.82000E-02   0.82315E-02   0.80552E-02
 9918.04   0.81841E-02   0.82115E-02   0.80352E-02
 9931.65   0.81680E-02   0.81911E-02   0.80149E-02
 9945.25   0.81512E-02   0.81702E-02   0.79939E-02
 9958.86   0.81336E-02   0.81485E-02   0.79723E-02
 9972.46   0.81154E-02   0.81261E-02   0.79500E-02
 9986.07   0.80967E-02   0.81032E-02   0.79272E-02
 9999.67   0.80775E-02   0.80799E-02   0.79040E-02
