 1197.24   0.91988E-01   0.97817E-01   0.96466E-01
 1210.84   0.91200E-01   0.96973E-01   0.95608E-01
 1224.45   0.90429E-01   0.96145E-01   0.94766E-01
 1238.05   0.89664E-01   0.95324E-01   0.93932E-01
 1251.66   0.88910E-01   0.94514E-01   0.93108E-01
 1265.26   0.88166E-01   0.93714E-01   0.92296E-01
 1278.87   0.87428E-01   0.92921E-01   0.91489E-01
 1292.47   0.86705E-01   0.92142E-01   0.90698E-01
 1306.08   0.85990E-01   0.91371E-01   0.89915E-01
 1319.68   0.85284E-01   0.90609E-01   0.89141E-01
 1333.29   0.84586E-01   0.89856E-01   0.88377E-01
 1346.89   0.83896E-01   0.89111E-01   0.87620E-01
 1360.50   0.83217E-01   0.88376E-01   0.86874E-01
 1374.10   0.82545E-01   0.87650E-01   0.86136E-01
 1387.71   0.81881E-01   0.86931E-01   0.85407E-01
 1401.31   0.81225E-01   0.86220E-01   0.84685E-01
 1414.92   0.80576E-01   0.85516E-01   0.83972E-01
 1428.52   0.79936E-01   0.84821E-01   0.83266E-01
 1442.13   0.79303E-01   0.84134E-01   0.82570E-01
 1455.73   0.78679E-01   0.83456E-01   0.81882E-01
 1469.34   0.78063E-01   0.82785E-01   0.81202E-01
 1482.94   0.77454E-01   0.82122E-01   0.80530E-01
 1496.55   0.76853E-01   0.81467E-01   0.79866E-01
 1510.15   0.76259E-01   0.80819E-01   0.79210E-01
 1523.76   0.75673E-01   0.80179E-01   0.78562E-01
 1537.36   0.75094E-01   0.79547E-01   0.77921E-01
 1550.97   0.74521E-01   0.78921E-01   0.77288E-01
 1564.57   0.73956E-01   0.78303E-01   0.76661E-01
 1578.18   0.73396E-01   0.77689E-01   0.76040E-01
 1591.78   0.72843E-01   0.77083E-01   0.75427E-01
 1605.39   0.72296E-01   0.76484E-01   0.74821E-01
 1618.99   0.71756E-01   0.75891E-01   0.74221E-01
 1632.60   0.71222E-01   0.75305E-01   0.73628E-01
 1646.20   0.70693E-01   0.74724E-01   0.73040E-01
 1659.81   0.70172E-01   0.74150E-01   0.72461E-01
 1673.41   0.69656E-01   0.73583E-01   0.71887E-01
 1687.02   0.69147E-01   0.73021E-01   0.71320E-01
 1700.62   0.68643E-01   0.72466E-01   0.70759E-01
 1714.23   0.68146E-01   0.71918E-01   0.70205E-01
 1727.83   0.67654E-01   0.71374E-01   0.69656E-01
 1741.44   0.67168E-01   0.70837E-01   0.69114E-01
 1755.04   0.66688E-01   0.70306E-01   0.68578E-01
 1768.65   0.66213E-01   0.69780E-01   0.68048E-01
 1782.25   0.65743E-01   0.69260E-01   0.67523E-01
 1795.86   0.65278E-01   0.68745E-01   0.67004E-01
 1809.46   0.64819E-01   0.68236E-01   0.66490E-01
 1823.07   0.64365E-01   0.67731E-01   0.65981E-01
 1836.67   0.63915E-01   0.67232E-01   0.65478E-01
 1850.28   0.63471E-01   0.66738E-01   0.64980E-01
 1863.88   0.63031E-01   0.66249E-01   0.64488E-01
 1877.49   0.62597E-01   0.65765E-01   0.64001E-01
 1891.09   0.62167E-01   0.65286E-01   0.63519E-01
 1904.70   0.61742E-01   0.64812E-01   0.63042E-01
 1918.30   0.61322E-01   0.64343E-01   0.62570E-01
 1931.91   0.60906E-01   0.63879E-01   0.62103E-01
 1945.51   0.60495E-01   0.63419E-01   0.61641E-01
 1959.12   0.60088E-01   0.62965E-01   0.61183E-01
 1972.72   0.59686E-01   0.62515E-01   0.60731E-01
 1986.33   0.59289E-01   0.62069E-01   0.60283E-01
 1999.93   0.58895E-01   0.61628E-01   0.59840E-01
 2013.54   0.58505E-01   0.61191E-01   0.59401E-01
 2027.14   0.58119E-01   0.60758E-01   0.58967E-01
 2040.75   0.57738E-01   0.60329E-01   0.58536E-01
 2054.35   0.57360E-01   0.59905E-01   0.58111E-01
 2067.96   0.56987E-01   0.59485E-01   0.57689E-01
 2081.56   0.56617E-01   0.59069E-01   0.57272E-01
 2095.17   0.56252E-01   0.58657E-01   0.56859E-01
 2108.77   0.55890E-01   0.58249E-01   0.56450E-01
 2122.38   0.55531E-01   0.57844E-01   0.56045E-01
 2135.98   0.55176E-01   0.57444E-01   0.55644E-01
 2149.59   0.54827E-01   0.57049E-01   0.55249E-01
 2163.19   0.54480E-01   0.56656E-01   0.54856E-01
 2176.80   0.54136E-01   0.56268E-01   0.54467E-01
 2190.40   0.53797E-01   0.55884E-01   0.54083E-01
 2204.01   0.53460E-01   0.55503E-01   0.53702E-01
 2217.61   0.53127E-01   0.55125E-01   0.53324E-01
 2231.22   0.52796E-01   0.54749E-01   0.52949E-01
 2244.82   0.52472E-01   0.54382E-01   0.52582E-01
 2258.43   0.52149E-01   0.54014E-01   0.52215E-01
 2272.03   0.51829E-01   0.53651E-01   0.51852E-01
 2285.64   0.51512E-01   0.53291E-01   0.51493E-01
 2299.24   0.51199E-01   0.52934E-01   0.51137E-01
 2312.85   0.50888E-01   0.52580E-01   0.50783E-01
 2326.45   0.50577E-01   0.52226E-01   0.50431E-01
 2340.06   0.50277E-01   0.51884E-01   0.50090E-01
 2353.66   0.49975E-01   0.51540E-01   0.49746E-01
 2367.27   0.49677E-01   0.51199E-01   0.49407E-01
 2380.87   0.49381E-01   0.50861E-01   0.49071E-01
 2394.48   0.49089E-01   0.50527E-01   0.48738E-01
 2408.08   0.48799E-01   0.50196E-01   0.48409E-01
 2421.69   0.48511E-01   0.49866E-01   0.48081E-01
 2435.29   0.48230E-01   0.49544E-01   0.47760E-01
 2448.90   0.47947E-01   0.49220E-01   0.47439E-01
 2462.50   0.47668E-01   0.48900E-01   0.47121E-01
 2476.11   0.47392E-01   0.48584E-01   0.46806E-01
 2489.71   0.47119E-01   0.48270E-01   0.46495E-01
 2503.32   0.46848E-01   0.47959E-01   0.46186E-01
 2516.92   0.46579E-01   0.47650E-01   0.45879E-01
 2530.53   0.46315E-01   0.47346E-01   0.45578E-01
 2544.13   0.46051E-01   0.47043E-01   0.45277E-01
 2557.74   0.45790E-01   0.46742E-01   0.44979E-01
 2571.34   0.45531E-01   0.46444E-01   0.44683E-01
 2584.95   0.45274E-01   0.46149E-01   0.44391E-01
 2598.55   0.45021E-01   0.45856E-01   0.44102E-01
 2612.16   0.44770E-01   0.45567E-01   0.43815E-01
 2625.76   0.44521E-01   0.45280E-01   0.43531E-01
 2639.37   0.44275E-01   0.44995E-01   0.43250E-01
 2652.97   0.44030E-01   0.44713E-01   0.42970E-01
 2666.58   0.43787E-01   0.44432E-01   0.42693E-01
 2680.18   0.43547E-01   0.44154E-01   0.42418E-01
 2693.79   0.43308E-01   0.43879E-01   0.42146E-01
 2707.39   0.43072E-01   0.43605E-01   0.41876E-01
 2721.00   0.42840E-01   0.43336E-01   0.41611E-01
 2734.60   0.42609E-01   0.43068E-01   0.41346E-01
 2748.21   0.42380E-01   0.42803E-01   0.41084E-01
 2761.81   0.42152E-01   0.42539E-01   0.40824E-01
 2775.42   0.41926E-01   0.42277E-01   0.40566E-01
 2789.02   0.41702E-01   0.42017E-01   0.40310E-01
 2802.63   0.41479E-01   0.41758E-01   0.40055E-01
 2816.23   0.41259E-01   0.41503E-01   0.39804E-01
 2829.84   0.41044E-01   0.41252E-01   0.39557E-01
 2843.44   0.40828E-01   0.41001E-01   0.39310E-01
 2857.05   0.40614E-01   0.40753E-01   0.39066E-01
 2870.65   0.40402E-01   0.40506E-01   0.38823E-01
 2884.26   0.40191E-01   0.40261E-01   0.38583E-01
 2897.86   0.39982E-01   0.40017E-01   0.38343E-01
 2911.47   0.39771E-01   0.39773E-01   0.38103E-01
 2925.07   0.39575E-01   0.39542E-01   0.37877E-01
 2938.68   0.39368E-01   0.39302E-01   0.37642E-01
 2952.28   0.39166E-01   0.39067E-01   0.37411E-01
 2965.89   0.38967E-01   0.38834E-01   0.37183E-01
 2979.49   0.38769E-01   0.38604E-01   0.36957E-01
 2993.10   0.38573E-01   0.38374E-01   0.36732E-01
 3006.70   0.38377E-01   0.38146E-01   0.36508E-01
 3020.31   0.38181E-01   0.37917E-01   0.36285E-01
 3033.91   0.37996E-01   0.37700E-01   0.36072E-01
 3047.52   0.37803E-01   0.37476E-01   0.35853E-01
 3061.12   0.37614E-01   0.37255E-01   0.35636E-01
 3074.73   0.37427E-01   0.37036E-01   0.35423E-01
 3088.33   0.37242E-01   0.36819E-01   0.35211E-01
 3101.94   0.37058E-01   0.36604E-01   0.35001E-01
 3115.54   0.36875E-01   0.36391E-01   0.34793E-01
 3129.15   0.36691E-01   0.36176E-01   0.34583E-01
 3142.75   0.36518E-01   0.35972E-01   0.34384E-01
 3156.36   0.36338E-01   0.35762E-01   0.34179E-01
 3169.96   0.36160E-01   0.35554E-01   0.33977E-01
 3183.57   0.35984E-01   0.35348E-01   0.33776E-01
 3197.17   0.35810E-01   0.35144E-01   0.33578E-01
 3210.78   0.35638E-01   0.34942E-01   0.33381E-01
 3224.38   0.35467E-01   0.34742E-01   0.33187E-01
 3237.99   0.35297E-01   0.34543E-01   0.32992E-01
 3251.59   0.35131E-01   0.34348E-01   0.32803E-01
 3265.20   0.34964E-01   0.34152E-01   0.32612E-01
 3278.80   0.34797E-01   0.33956E-01   0.32423E-01
 3292.41   0.34632E-01   0.33762E-01   0.32234E-01
 3306.01   0.34468E-01   0.33570E-01   0.32048E-01
 3319.62   0.34305E-01   0.33380E-01   0.31863E-01
 3333.22   0.34145E-01   0.33192E-01   0.31680E-01
 3346.83   0.33986E-01   0.33005E-01   0.31500E-01
 3360.43   0.33828E-01   0.32820E-01   0.31320E-01
 3374.04   0.33671E-01   0.32636E-01   0.31142E-01
 3387.64   0.33515E-01   0.32453E-01   0.30964E-01
 3401.25   0.33360E-01   0.32270E-01   0.30788E-01
 3414.85   0.33205E-01   0.32089E-01   0.30613E-01
 3428.46   0.33052E-01   0.31909E-01   0.30439E-01
 3442.06   0.32900E-01   0.31731E-01   0.30266E-01
 3455.67   0.32748E-01   0.31554E-01   0.30095E-01
 3469.27   0.32602E-01   0.31381E-01   0.29928E-01
 3482.88   0.32454E-01   0.31208E-01   0.29761E-01
 3496.48   0.32307E-01   0.31036E-01   0.29594E-01
 3510.09   0.32162E-01   0.30864E-01   0.29429E-01
 3523.69   0.32016E-01   0.30694E-01   0.29265E-01
 3537.30   0.31871E-01   0.30524E-01   0.29101E-01
 3550.90   0.31727E-01   0.30355E-01   0.28939E-01
 3564.51   0.31583E-01   0.30187E-01   0.28776E-01
 3578.11   0.31440E-01   0.30019E-01   0.28615E-01
 3591.72   0.31307E-01   0.29862E-01   0.28463E-01
 3605.32   0.31167E-01   0.29699E-01   0.28306E-01
 3618.93   0.31030E-01   0.29537E-01   0.28151E-01
 3632.53   0.30893E-01   0.29377E-01   0.27997E-01
 3646.14   0.30757E-01   0.29218E-01   0.27844E-01
 3659.74   0.30622E-01   0.29059E-01   0.27691E-01
 3673.35   0.30486E-01   0.28900E-01   0.27539E-01
 3686.95   0.30346E-01   0.28738E-01   0.27383E-01
 3700.56   0.30228E-01   0.28597E-01   0.27247E-01
 3714.16   0.30092E-01   0.28438E-01   0.27095E-01
 3727.77   0.29960E-01   0.28284E-01   0.26948E-01
 3741.37   0.29831E-01   0.28133E-01   0.26803E-01
 3754.98   0.29703E-01   0.27983E-01   0.26659E-01
 3768.58   0.29575E-01   0.27833E-01   0.26516E-01
 3782.19   0.29448E-01   0.27685E-01   0.26373E-01
 3795.79   0.29320E-01   0.27535E-01   0.26231E-01
 3809.40   0.29190E-01   0.27385E-01   0.26087E-01
 3823.00   0.29077E-01   0.27250E-01   0.25958E-01
 3836.61   0.28950E-01   0.27102E-01   0.25817E-01
 3850.21   0.28826E-01   0.26958E-01   0.25678E-01
 3863.82   0.28704E-01   0.26815E-01   0.25542E-01
 3877.42   0.28583E-01   0.26674E-01   0.25407E-01
 3891.03   0.28463E-01   0.26534E-01   0.25274E-01
 3904.63   0.28344E-01   0.26394E-01   0.25141E-01
 3918.24   0.28224E-01   0.26255E-01   0.25008E-01
 3931.84   0.28101E-01   0.26112E-01   0.24872E-01
 3945.45   0.27994E-01   0.25986E-01   0.24751E-01
 3959.05   0.27875E-01   0.25848E-01   0.24620E-01
 3972.66   0.27758E-01   0.25711E-01   0.24490E-01
 3986.26   0.27642E-01   0.25576E-01   0.24362E-01
 3999.87   0.27527E-01   0.25443E-01   0.24235E-01
 4013.47   0.27414E-01   0.25311E-01   0.24109E-01
 4027.08   0.27301E-01   0.25181E-01   0.23985E-01
 4040.68   0.27189E-01   0.25051E-01   0.23861E-01
 4054.29   0.27075E-01   0.24919E-01   0.23736E-01
 4067.89   0.26970E-01   0.24796E-01   0.23619E-01
 4081.50   0.26859E-01   0.24667E-01   0.23497E-01
 4095.10   0.26749E-01   0.24539E-01   0.23376E-01
 4108.71   0.26639E-01   0.24412E-01   0.23255E-01
 4122.31   0.26530E-01   0.24286E-01   0.23136E-01
 4135.92   0.26422E-01   0.24161E-01   0.23017E-01
 4149.52   0.26315E-01   0.24037E-01   0.22900E-01
 4163.13   0.26210E-01   0.23915E-01   0.22785E-01
 4176.73   0.26105E-01   0.23794E-01   0.22670E-01
 4190.34   0.26001E-01   0.23674E-01   0.22556E-01
 4203.94   0.25898E-01   0.23554E-01   0.22443E-01
 4217.55   0.25794E-01   0.23435E-01   0.22330E-01
 4231.15   0.25690E-01   0.23315E-01   0.22217E-01
 4244.76   0.25587E-01   0.23196E-01   0.22104E-01
 4258.36   0.25484E-01   0.23078E-01   0.21993E-01
 4271.97   0.25381E-01   0.22960E-01   0.21882E-01
 4285.57   0.25280E-01   0.22844E-01   0.21772E-01
 4299.18   0.25181E-01   0.22730E-01   0.21665E-01
 4312.78   0.25084E-01   0.22618E-01   0.21558E-01
 4326.39   0.24985E-01   0.22505E-01   0.21452E-01
 4339.99   0.24887E-01   0.22392E-01   0.21346E-01
 4353.60   0.24790E-01   0.22281E-01   0.21241E-01
 4367.20   0.24692E-01   0.22169E-01   0.21136E-01
 4380.81   0.24595E-01   0.22057E-01   0.21031E-01
 4394.41   0.24497E-01   0.21946E-01   0.20926E-01
 4408.02   0.24400E-01   0.21835E-01   0.20822E-01
 4421.62   0.24301E-01   0.21724E-01   0.20717E-01
 4435.23   0.24220E-01   0.21628E-01   0.20626E-01
 4448.83   0.24120E-01   0.21515E-01   0.20520E-01
 4462.44   0.24026E-01   0.21408E-01   0.20420E-01
 4476.04   0.23934E-01   0.21303E-01   0.20322E-01
 4489.65   0.23842E-01   0.21199E-01   0.20223E-01
 4503.25   0.23750E-01   0.21094E-01   0.20125E-01
 4516.86   0.23658E-01   0.20990E-01   0.20027E-01
 4530.46   0.23565E-01   0.20885E-01   0.19929E-01
 4544.07   0.23471E-01   0.20779E-01   0.19830E-01
 4557.67   0.23378E-01   0.20675E-01   0.19732E-01
 4571.28   0.23301E-01   0.20585E-01   0.19648E-01
 4584.88   0.23208E-01   0.20481E-01   0.19550E-01
 4598.49   0.23119E-01   0.20380E-01   0.19456E-01
 4612.09   0.23031E-01   0.20281E-01   0.19363E-01
 4625.70   0.22944E-01   0.20183E-01   0.19271E-01
 4639.30   0.22857E-01   0.20085E-01   0.19180E-01
 4652.91   0.22770E-01   0.19987E-01   0.19088E-01
 4666.51   0.22682E-01   0.19889E-01   0.18997E-01
 4680.12   0.22591E-01   0.19788E-01   0.18902E-01
 4693.72   0.22495E-01   0.19683E-01   0.18804E-01
 4707.33   0.22432E-01   0.19607E-01   0.18733E-01
 4720.93   0.22344E-01   0.19509E-01   0.18642E-01
 4734.54   0.22258E-01   0.19414E-01   0.18553E-01
 4748.14   0.22174E-01   0.19320E-01   0.18466E-01
 4761.75   0.22092E-01   0.19228E-01   0.18379E-01
 4775.35   0.22009E-01   0.19136E-01   0.18294E-01
 4788.96   0.21927E-01   0.19045E-01   0.18209E-01
 4802.56   0.21845E-01   0.18953E-01   0.18123E-01
 4816.17   0.21757E-01   0.18858E-01   0.18034E-01
 4829.77   0.21699E-01   0.18787E-01   0.17969E-01
 4843.38   0.21607E-01   0.18688E-01   0.17876E-01
 4856.98   0.21523E-01   0.18596E-01   0.17791E-01
 4870.59   0.21441E-01   0.18506E-01   0.17707E-01
 4884.19   0.21361E-01   0.18417E-01   0.17625E-01
 4897.80   0.21281E-01   0.18330E-01   0.17543E-01
 4911.40   0.21203E-01   0.18243E-01   0.17463E-01
 4925.01   0.21125E-01   0.18158E-01   0.17383E-01
 4938.61   0.21048E-01   0.18072E-01   0.17304E-01
 4952.22   0.20968E-01   0.17985E-01   0.17223E-01
 4965.82   0.20901E-01   0.17909E-01   0.17153E-01
 4979.43   0.20820E-01   0.17822E-01   0.17071E-01
 4993.03   0.20742E-01   0.17736E-01   0.16992E-01
 5006.64   0.20664E-01   0.17652E-01   0.16914E-01
 5020.24   0.20586E-01   0.17568E-01   0.16836E-01
 5033.85   0.20510E-01   0.17485E-01   0.16759E-01
 5047.45   0.20434E-01   0.17402E-01   0.16682E-01
 5061.06   0.20360E-01   0.17321E-01   0.16607E-01
 5074.66   0.20286E-01   0.17241E-01   0.16533E-01
 5088.27   0.20213E-01   0.17162E-01   0.16459E-01
 5101.87   0.20141E-01   0.17084E-01   0.16387E-01
 5115.48   0.20068E-01   0.17004E-01   0.16314E-01
 5129.08   0.19995E-01   0.16926E-01   0.16241E-01
 5142.69   0.19922E-01   0.16847E-01   0.16168E-01
 5156.29   0.19848E-01   0.16768E-01   0.16095E-01
 5169.90   0.19774E-01   0.16689E-01   0.16022E-01
 5183.50   0.19701E-01   0.16611E-01   0.15950E-01
 5197.11   0.19629E-01   0.16533E-01   0.15878E-01
 5210.71   0.19557E-01   0.16457E-01   0.15808E-01
 5224.32   0.19487E-01   0.16381E-01   0.15738E-01
 5237.92   0.19418E-01   0.16307E-01   0.15670E-01
 5251.53   0.19349E-01   0.16234E-01   0.15602E-01
 5265.13   0.19280E-01   0.16160E-01   0.15534E-01
 5278.74   0.19211E-01   0.16086E-01   0.15466E-01
 5292.34   0.19142E-01   0.16013E-01   0.15398E-01
 5305.95   0.19072E-01   0.15939E-01   0.15330E-01
 5319.55   0.19002E-01   0.15865E-01   0.15262E-01
 5333.16   0.18931E-01   0.15791E-01   0.15194E-01
 5346.76   0.18861E-01   0.15718E-01   0.15126E-01
 5360.37   0.18791E-01   0.15645E-01   0.15058E-01
 5373.97   0.18724E-01   0.15574E-01   0.14993E-01
 5387.58   0.18663E-01   0.15509E-01   0.14933E-01
 5401.18   0.18595E-01   0.15437E-01   0.14868E-01
 5414.79   0.18529E-01   0.15368E-01   0.14804E-01
 5428.39   0.18463E-01   0.15299E-01   0.14741E-01
 5442.00   0.18398E-01   0.15230E-01   0.14677E-01
 5455.60   0.18331E-01   0.15161E-01   0.14614E-01
 5469.21   0.18265E-01   0.15092E-01   0.14550E-01
 5482.81   0.18197E-01   0.15023E-01   0.14486E-01
 5496.42   0.18129E-01   0.14952E-01   0.14422E-01
 5510.02   0.18055E-01   0.14878E-01   0.14353E-01
 5523.63   0.18019E-01   0.14835E-01   0.14314E-01
 5537.23   0.17942E-01   0.14758E-01   0.14243E-01
 5550.84   0.17876E-01   0.14690E-01   0.14181E-01
 5564.44   0.17812E-01   0.14624E-01   0.14121E-01
 5578.05   0.17749E-01   0.14560E-01   0.14061E-01
 5591.65   0.17686E-01   0.14495E-01   0.14002E-01
 5605.26   0.17624E-01   0.14431E-01   0.13943E-01
 5618.86   0.17560E-01   0.14366E-01   0.13884E-01
 5632.47   0.17496E-01   0.14301E-01   0.13824E-01
 5646.07   0.17429E-01   0.14233E-01   0.13762E-01
 5659.68   0.17362E-01   0.14167E-01   0.13701E-01
 5673.28   0.17321E-01   0.14121E-01   0.13659E-01
 5686.89   0.17252E-01   0.14052E-01   0.13596E-01
 5700.49   0.17188E-01   0.13988E-01   0.13537E-01
 5714.10   0.17126E-01   0.13926E-01   0.13480E-01
 5727.70   0.17065E-01   0.13865E-01   0.13424E-01
 5741.31   0.17005E-01   0.13804E-01   0.13368E-01
 5754.91   0.16945E-01   0.13744E-01   0.13313E-01
 5768.52   0.16885E-01   0.13684E-01   0.13258E-01
 5782.12   0.16824E-01   0.13623E-01   0.13202E-01
 5795.73   0.16760E-01   0.13559E-01   0.13144E-01
 5809.33   0.16693E-01   0.13494E-01   0.13084E-01
 5822.94   0.16655E-01   0.13452E-01   0.13047E-01
 5836.54   0.16591E-01   0.13389E-01   0.12989E-01
 5850.15   0.16529E-01   0.13329E-01   0.12933E-01
 5863.75   0.16469E-01   0.13269E-01   0.12879E-01
 5877.36   0.16410E-01   0.13211E-01   0.12826E-01
 5890.96   0.16352E-01   0.13154E-01   0.12773E-01
 5904.57   0.16294E-01   0.13097E-01   0.12721E-01
 5918.17   0.16237E-01   0.13041E-01   0.12670E-01
 5931.78   0.16180E-01   0.12984E-01   0.12619E-01
 5945.38   0.16120E-01   0.12926E-01   0.12565E-01
 5958.99   0.16057E-01   0.12866E-01   0.12510E-01
 5972.59   0.16016E-01   0.12823E-01   0.12471E-01
 5986.20   0.15956E-01   0.12765E-01   0.12418E-01
 5999.80   0.15897E-01   0.12708E-01   0.12366E-01
 6013.41   0.15839E-01   0.12652E-01   0.12315E-01
 6027.01   0.15781E-01   0.12596E-01   0.12264E-01
 6040.62   0.15725E-01   0.12542E-01   0.12214E-01
 6054.22   0.15669E-01   0.12488E-01   0.12165E-01
 6067.83   0.15614E-01   0.12435E-01   0.12117E-01
 6081.43   0.15559E-01   0.12382E-01   0.12069E-01
 6095.04   0.15505E-01   0.12330E-01   0.12021E-01
 6108.64   0.15448E-01   0.12276E-01   0.11972E-01
 6122.25   0.15399E-01   0.12228E-01   0.11928E-01
 6135.85   0.15344E-01   0.12176E-01   0.11880E-01
 6149.46   0.15289E-01   0.12123E-01   0.11833E-01
 6163.06   0.15233E-01   0.12071E-01   0.11785E-01
 6176.67   0.15178E-01   0.12018E-01   0.11737E-01
 6190.27   0.15122E-01   0.11966E-01   0.11689E-01
 6203.88   0.15067E-01   0.11914E-01   0.11642E-01
 6217.48   0.15013E-01   0.11863E-01   0.11595E-01
 6231.09   0.14960E-01   0.11813E-01   0.11550E-01
 6244.69   0.14908E-01   0.11764E-01   0.11505E-01
 6258.30   0.14856E-01   0.11716E-01   0.11461E-01
 6271.90   0.14805E-01   0.11667E-01   0.11417E-01
 6285.51   0.14753E-01   0.11619E-01   0.11373E-01
 6299.11   0.14702E-01   0.11571E-01   0.11329E-01
 6312.72   0.14649E-01   0.11522E-01   0.11285E-01
 6326.32   0.14596E-01   0.11473E-01   0.11240E-01
 6339.93   0.14543E-01   0.11424E-01   0.11195E-01
 6353.53   0.14490E-01   0.11375E-01   0.11150E-01
 6367.14   0.14437E-01   0.11326E-01   0.11106E-01
 6380.74   0.14384E-01   0.11277E-01   0.11062E-01
 6394.35   0.14331E-01   0.11229E-01   0.11017E-01
 6407.95   0.14281E-01   0.11184E-01   0.10976E-01
 6421.56   0.14236E-01   0.11141E-01   0.10938E-01
 6435.16   0.14184E-01   0.11094E-01   0.10895E-01
 6448.77   0.14134E-01   0.11049E-01   0.10853E-01
 6462.37   0.14085E-01   0.11003E-01   0.10812E-01
 6475.98   0.14035E-01   0.10958E-01   0.10771E-01
 6489.58   0.13985E-01   0.10913E-01   0.10730E-01
 6503.19   0.13934E-01   0.10867E-01   0.10688E-01
 6516.79   0.13882E-01   0.10821E-01   0.10646E-01
 6530.40   0.13830E-01   0.10774E-01   0.10603E-01
 6544.00   0.13778E-01   0.10727E-01   0.10560E-01
 6557.61   0.13720E-01   0.10677E-01   0.10514E-01
 6571.21   0.13670E-01   0.10632E-01   0.10473E-01
 6584.82   0.13639E-01   0.10602E-01   0.10447E-01
 6598.42   0.13588E-01   0.10557E-01   0.10406E-01
 6612.03   0.13539E-01   0.10513E-01   0.10366E-01
 6625.63   0.13491E-01   0.10471E-01   0.10328E-01
 6639.24   0.13443E-01   0.10429E-01   0.10289E-01
 6652.84   0.13396E-01   0.10386E-01   0.10251E-01
 6666.45   0.13347E-01   0.10344E-01   0.10212E-01
 6680.05   0.13298E-01   0.10301E-01   0.10172E-01
 6693.66   0.13248E-01   0.10257E-01   0.10132E-01
 6707.26   0.13194E-01   0.10210E-01   0.10090E-01
 6720.87   0.13145E-01   0.10167E-01   0.10050E-01
 6734.47   0.13122E-01   0.10145E-01   0.10031E-01
 6748.08   0.13064E-01   0.10096E-01   0.99861E-02
 6761.68   0.13014E-01   0.10053E-01   0.99467E-02
 6775.29   0.12966E-01   0.10011E-01   0.99090E-02
 6788.89   0.12920E-01   0.99708E-02   0.98722E-02
 6802.50   0.12874E-01   0.99310E-02   0.98361E-02
 6816.10   0.12828E-01   0.98915E-02   0.98002E-02
 6829.71   0.12782E-01   0.98520E-02   0.97643E-02
 6843.31   0.12735E-01   0.98120E-02   0.97278E-02
 6856.92   0.12687E-01   0.97709E-02   0.96903E-02
 6870.52   0.12634E-01   0.97264E-02   0.96493E-02
 6884.13   0.12584E-01   0.96836E-02   0.96101E-02
 6897.73   0.12563E-01   0.96643E-02   0.95941E-02
 6911.34   0.12511E-01   0.96201E-02   0.95534E-02
 6924.94   0.12462E-01   0.95792E-02   0.95159E-02
 6938.55   0.12415E-01   0.95396E-02   0.94798E-02
 6952.15   0.12369E-01   0.95010E-02   0.94445E-02
 6965.76   0.12324E-01   0.94632E-02   0.94101E-02
 6979.36   0.12280E-01   0.94260E-02   0.93763E-02
 6992.97   0.12236E-01   0.93892E-02   0.93428E-02
 7006.57   0.12192E-01   0.93523E-02   0.93092E-02
 7020.18   0.12147E-01   0.93147E-02   0.92750E-02
 7033.78   0.12098E-01   0.92740E-02   0.92375E-02
 7047.39   0.12048E-01   0.92328E-02   0.91997E-02
 7060.99   0.12025E-01   0.92124E-02   0.91825E-02
 7074.60   0.11977E-01   0.91727E-02   0.91460E-02
 7088.20   0.11930E-01   0.91344E-02   0.91109E-02
 7101.81   0.11884E-01   0.90968E-02   0.90765E-02
 7115.41   0.11839E-01   0.90599E-02   0.90427E-02
 7129.02   0.11795E-01   0.90236E-02   0.90096E-02
 7142.62   0.11752E-01   0.89881E-02   0.89772E-02
 7156.23   0.11709E-01   0.89532E-02   0.89455E-02
 7169.83   0.11667E-01   0.89188E-02   0.89142E-02
 7183.44   0.11625E-01   0.88845E-02   0.88830E-02
 7197.04   0.11581E-01   0.88493E-02   0.88508E-02
 7210.65   0.11536E-01   0.88125E-02   0.88170E-02
 7224.25   0.11503E-01   0.87859E-02   0.87934E-02
 7237.86   0.11460E-01   0.87506E-02   0.87612E-02
 7251.46   0.11416E-01   0.87156E-02   0.87291E-02
 7265.07   0.11372E-01   0.86805E-02   0.86970E-02
 7278.67   0.11329E-01   0.86455E-02   0.86649E-02
 7292.28   0.11285E-01   0.86108E-02   0.86331E-02
 7305.88   0.11242E-01   0.85765E-02   0.86018E-02
 7319.49   0.11200E-01   0.85429E-02   0.85711E-02
 7333.09   0.11159E-01   0.85100E-02   0.85410E-02
 7346.70   0.11118E-01   0.84777E-02   0.85116E-02
 7360.30   0.11078E-01   0.84459E-02   0.84827E-02
 7373.91   0.11038E-01   0.84142E-02   0.84537E-02
 7387.51   0.10999E-01   0.83833E-02   0.84257E-02
 7401.12   0.10959E-01   0.83518E-02   0.83970E-02
 7414.72   0.10918E-01   0.83201E-02   0.83680E-02
 7428.33   0.10877E-01   0.82880E-02   0.83386E-02
 7441.93   0.10836E-01   0.82555E-02   0.83089E-02
 7455.54   0.10794E-01   0.82229E-02   0.82790E-02
 7469.14   0.10752E-01   0.81902E-02   0.82490E-02
 7482.75   0.10710E-01   0.81578E-02   0.82192E-02
 7496.35   0.10669E-01   0.81257E-02   0.81897E-02
 7509.96   0.10628E-01   0.80941E-02   0.81608E-02
 7523.56   0.10587E-01   0.80627E-02   0.81320E-02
 7537.17   0.10550E-01   0.80340E-02   0.81059E-02
 7550.77   0.10513E-01   0.80060E-02   0.80805E-02
 7564.38   0.10474E-01   0.79758E-02   0.80529E-02
 7577.98   0.10436E-01   0.79464E-02   0.80260E-02
 7591.59   0.10397E-01   0.79170E-02   0.79992E-02
 7605.19   0.10358E-01   0.78874E-02   0.79721E-02
 7618.80   0.10319E-01   0.78574E-02   0.79446E-02
 7632.40   0.10279E-01   0.78270E-02   0.79167E-02
 7646.01   0.10238E-01   0.77963E-02   0.78884E-02
 7659.61   0.10198E-01   0.77655E-02   0.78600E-02
 7673.22   0.10157E-01   0.77345E-02   0.78314E-02
 7686.82   0.10115E-01   0.77031E-02   0.78024E-02
 7700.43   0.10066E-01   0.76666E-02   0.77682E-02
 7714.03   0.10057E-01   0.76598E-02   0.77641E-02
 7727.64   0.10009E-01   0.76238E-02   0.77303E-02
 7741.24   0.99698E-02   0.75946E-02   0.77034E-02
 7754.85   0.99322E-02   0.75666E-02   0.76778E-02
 7768.45   0.98951E-02   0.75391E-02   0.76525E-02
 7782.06   0.98581E-02   0.75116E-02   0.76273E-02
 7795.66   0.98207E-02   0.74839E-02   0.76019E-02
 7809.27   0.97827E-02   0.74558E-02   0.75761E-02
 7822.87   0.97440E-02   0.74272E-02   0.75497E-02
 7836.48   0.97045E-02   0.73980E-02   0.75227E-02
 7850.08   0.96637E-02   0.73680E-02   0.74948E-02
 7863.69   0.96190E-02   0.73350E-02   0.74639E-02
 7877.29   0.95820E-02   0.73080E-02   0.74391E-02
 7890.90   0.95678E-02   0.72982E-02   0.74318E-02
 7904.50   0.95236E-02   0.72658E-02   0.74014E-02
 7918.11   0.94847E-02   0.72375E-02   0.73752E-02
 7931.71   0.94477E-02   0.72106E-02   0.73504E-02
 7945.32   0.94115E-02   0.71845E-02   0.73264E-02
 7958.92   0.93759E-02   0.71587E-02   0.73027E-02
 7972.53   0.93403E-02   0.71331E-02   0.72791E-02
 7986.13   0.93044E-02   0.71073E-02   0.72553E-02
 7999.74   0.92678E-02   0.70809E-02   0.72310E-02
 8013.34   0.92301E-02   0.70538E-02   0.72059E-02
 8026.95   0.91903E-02   0.70251E-02   0.71791E-02
 8040.55   0.91412E-02   0.69893E-02   0.71450E-02
 8054.16   0.91033E-02   0.69622E-02   0.71199E-02
 8067.76   0.90982E-02   0.69603E-02   0.71204E-02
 8081.37   0.90565E-02   0.69303E-02   0.70922E-02
 8094.97   0.90182E-02   0.69030E-02   0.70668E-02
 8108.58   0.89816E-02   0.68771E-02   0.70427E-02
 8122.18   0.89460E-02   0.68519E-02   0.70195E-02
 8135.79   0.89112E-02   0.68275E-02   0.69969E-02
 8149.39   0.88769E-02   0.68034E-02   0.69747E-02
 8163.00   0.88428E-02   0.67795E-02   0.69526E-02
 8176.60   0.88084E-02   0.67555E-02   0.69304E-02
 8190.21   0.87732E-02   0.67309E-02   0.69076E-02
 8203.81   0.87359E-02   0.67046E-02   0.68830E-02
 8217.42   0.86861E-02   0.66686E-02   0.68485E-02
 8231.02   0.86957E-02   0.66790E-02   0.68616E-02
 8244.63   0.86451E-02   0.66425E-02   0.68265E-02
 8258.23   0.86064E-02   0.66153E-02   0.68009E-02
 8271.84   0.85695E-02   0.65895E-02   0.67767E-02
 8285.44   0.85335E-02   0.65646E-02   0.67534E-02
 8299.05   0.84983E-02   0.65403E-02   0.67308E-02
 8312.65   0.84639E-02   0.65167E-02   0.67088E-02
 8326.26   0.84303E-02   0.64937E-02   0.66874E-02
 8339.86   0.83973E-02   0.64712E-02   0.66666E-02
 8353.47   0.83647E-02   0.64489E-02   0.66460E-02
 8367.07   0.83320E-02   0.64267E-02   0.66254E-02
 8380.68   0.82983E-02   0.64037E-02   0.66040E-02
 8394.28   0.82574E-02   0.63749E-02   0.65766E-02
 8407.89   0.82463E-02   0.63701E-02   0.65738E-02
 8421.49   0.82070E-02   0.63427E-02   0.65478E-02
 8435.10   0.81719E-02   0.63187E-02   0.65252E-02
 8448.70   0.81372E-02   0.62950E-02   0.65031E-02
 8462.31   0.81026E-02   0.62716E-02   0.64811E-02
 8475.91   0.80683E-02   0.62483E-02   0.64593E-02
 8489.52   0.80344E-02   0.62255E-02   0.64378E-02
 8503.12   0.80011E-02   0.62031E-02   0.64169E-02
 8516.73   0.79685E-02   0.61813E-02   0.63966E-02
 8530.33   0.79365E-02   0.61601E-02   0.63768E-02
 8543.94   0.79052E-02   0.61394E-02   0.63575E-02
 8557.54   0.78742E-02   0.61189E-02   0.63384E-02
 8571.15   0.78425E-02   0.60979E-02   0.63188E-02
 8584.75   0.78152E-02   0.60805E-02   0.63029E-02
 8598.36   0.77832E-02   0.60593E-02   0.62830E-02
 8611.96   0.77517E-02   0.60385E-02   0.62636E-02
 8625.57   0.77198E-02   0.60174E-02   0.62438E-02
 8639.17   0.76875E-02   0.59961E-02   0.62237E-02
 8652.78   0.76549E-02   0.59745E-02   0.62034E-02
 8666.38   0.76221E-02   0.59528E-02   0.61829E-02
 8679.99   0.75893E-02   0.59312E-02   0.61626E-02
 8693.59   0.75569E-02   0.59099E-02   0.61425E-02
 8707.20   0.75250E-02   0.58890E-02   0.61228E-02
 8720.80   0.74937E-02   0.58686E-02   0.61037E-02
 8734.41   0.74630E-02   0.58488E-02   0.60850E-02
 8748.01   0.74323E-02   0.58291E-02   0.60665E-02
 8761.62   0.74044E-02   0.58113E-02   0.60501E-02
 8775.22   0.73755E-02   0.57927E-02   0.60326E-02
 8788.83   0.73460E-02   0.57739E-02   0.60150E-02
 8802.43   0.73165E-02   0.57550E-02   0.59973E-02
 8816.04   0.72866E-02   0.57359E-02   0.59793E-02
 8829.64   0.72563E-02   0.57164E-02   0.59610E-02
 8843.25   0.72255E-02   0.56965E-02   0.59422E-02
 8856.85   0.71943E-02   0.56764E-02   0.59231E-02
 8870.46   0.71628E-02   0.56560E-02   0.59038E-02
 8884.06   0.71312E-02   0.56356E-02   0.58844E-02
 8897.67   0.70997E-02   0.56153E-02   0.58650E-02
 8911.27   0.70681E-02   0.55950E-02   0.58457E-02
 8924.88   0.70355E-02   0.55740E-02   0.58256E-02
 8938.48   0.70094E-02   0.55580E-02   0.58108E-02
 8952.09   0.69881E-02   0.55455E-02   0.57996E-02
 8965.69   0.69569E-02   0.55257E-02   0.57806E-02
 8979.30   0.69280E-02   0.55075E-02   0.57635E-02
 8992.90   0.68997E-02   0.54899E-02   0.57468E-02
 9006.51   0.68714E-02   0.54723E-02   0.57302E-02
 9020.11   0.68429E-02   0.54544E-02   0.57133E-02
 9033.72   0.68139E-02   0.54363E-02   0.56961E-02
 9047.32   0.67845E-02   0.54177E-02   0.56784E-02
 9060.93   0.67544E-02   0.53987E-02   0.56603E-02
 9074.53   0.67238E-02   0.53793E-02   0.56416E-02
 9088.14   0.66926E-02   0.53593E-02   0.56225E-02
 9101.74   0.66597E-02   0.53381E-02   0.56020E-02
 9115.35   0.66158E-02   0.53083E-02   0.55724E-02
 9128.95   0.66331E-02   0.53268E-02   0.55935E-02
 9142.56   0.65880E-02   0.52960E-02   0.55629E-02
 9156.16   0.65570E-02   0.52764E-02   0.55440E-02
 9169.77   0.65283E-02   0.52587E-02   0.55270E-02
 9183.37   0.65007E-02   0.52418E-02   0.55109E-02
 9196.98   0.64736E-02   0.52253E-02   0.54952E-02
 9210.58   0.64466E-02   0.52088E-02   0.54796E-02
 9224.19   0.64194E-02   0.51923E-02   0.54638E-02
 9237.79   0.63918E-02   0.51753E-02   0.54476E-02
 9251.40   0.63636E-02   0.51579E-02   0.54309E-02
 9265.00   0.63345E-02   0.51398E-02   0.54134E-02
 9278.61   0.63040E-02   0.51204E-02   0.53946E-02
 9292.21   0.62693E-02   0.50978E-02   0.53723E-02
 9305.82   0.62428E-02   0.50819E-02   0.53572E-02
 9319.42   0.62431E-02   0.50878E-02   0.53649E-02
 9333.03   0.62055E-02   0.50627E-02   0.53401E-02
 9346.63   0.61751E-02   0.50436E-02   0.53214E-02
 9360.24   0.61467E-02   0.50262E-02   0.53046E-02
 9373.84   0.61195E-02   0.50097E-02   0.52887E-02
 9387.45   0.60931E-02   0.49938E-02   0.52735E-02
 9401.05   0.60671E-02   0.49784E-02   0.52587E-02
 9414.66   0.60414E-02   0.49631E-02   0.52440E-02
 9428.26   0.60156E-02   0.49478E-02   0.52293E-02
 9441.87   0.59894E-02   0.49321E-02   0.52142E-02
 9455.47   0.59624E-02   0.49157E-02   0.51983E-02
 9469.08   0.59337E-02   0.48979E-02   0.51809E-02
 9482.68   0.58991E-02   0.48750E-02   0.51582E-02
 9496.29   0.58729E-02   0.48594E-02   0.51431E-02
 9509.89   0.58727E-02   0.48656E-02   0.51510E-02
 9523.50   0.58396E-02   0.48441E-02   0.51297E-02
 9537.10   0.58105E-02   0.48259E-02   0.51119E-02
 9550.71   0.57827E-02   0.48090E-02   0.50953E-02
 9564.31   0.57559E-02   0.47928E-02   0.50796E-02
 9577.92   0.57299E-02   0.47773E-02   0.50645E-02
 9591.52   0.57045E-02   0.47624E-02   0.50500E-02
 9605.13   0.56797E-02   0.47479E-02   0.50360E-02
 9618.73   0.56553E-02   0.47337E-02   0.50223E-02
 9632.34   0.56309E-02   0.47196E-02   0.50086E-02
 9645.94   0.56062E-02   0.47051E-02   0.49946E-02
 9659.55   0.55805E-02   0.46897E-02   0.49795E-02
 9673.15   0.55502E-02   0.46704E-02   0.49603E-02
 9686.76   0.55241E-02   0.46547E-02   0.49450E-02
 9700.36   0.55176E-02   0.46561E-02   0.49477E-02
 9713.97   0.54890E-02   0.46382E-02   0.49299E-02
 9727.57   0.54621E-02   0.46218E-02   0.49138E-02
 9741.18   0.54357E-02   0.46059E-02   0.48981E-02
 9754.78   0.54097E-02   0.45903E-02   0.48828E-02
 9768.39   0.53842E-02   0.45751E-02   0.48679E-02
 9781.99   0.53592E-02   0.45604E-02   0.48534E-02
 9795.60   0.53348E-02   0.45463E-02   0.48395E-02
 9809.20   0.53110E-02   0.45326E-02   0.48261E-02
 9822.81   0.52876E-02   0.45193E-02   0.48132E-02
 9836.41   0.52646E-02   0.45062E-02   0.48004E-02
 9850.02   0.52415E-02   0.44931E-02   0.47876E-02
 9863.62   0.52173E-02   0.44789E-02   0.47736E-02
 9877.23   0.51928E-02   0.44644E-02   0.47594E-02
 9890.83   0.51770E-02   0.44578E-02   0.47535E-02
 9904.44   0.51527E-02   0.44435E-02   0.47393E-02
 9918.04   0.51286E-02   0.44294E-02   0.47254E-02
 9931.65   0.51043E-02   0.44151E-02   0.47113E-02
 9945.25   0.50799E-02   0.44007E-02   0.46970E-02
 9958.86   0.50554E-02   0.43863E-02   0.46827E-02
 9972.46   0.50311E-02   0.43720E-02   0.46685E-02
 9986.07   0.50070E-02   0.43580E-02   0.46546E-02
 9999.67   0.49834E-02   0.43443E-02   0.46410E-02
