   81.63   0.43640E+00   0.43823E+00   0.35512E+00
   95.23   0.43105E+00   0.43286E+00   0.35526E+00
  108.84   0.42400E+00   0.42582E+00   0.35471E+00
  122.44   0.41516E+00   0.41702E+00   0.35239E+00
  136.05   0.40481E+00   0.40672E+00   0.34816E+00
  149.65   0.39331E+00   0.39527E+00   0.34224E+00
  163.26   0.38115E+00   0.38315E+00   0.33509E+00
  176.86   0.36839E+00   0.37042E+00   0.32683E+00
  190.47   0.35540E+00   0.35747E+00   0.31786E+00
  204.07   0.34224E+00   0.34434E+00   0.30829E+00
  217.68   0.32927E+00   0.33140E+00   0.29853E+00
  231.28   0.31656E+00   0.31871E+00   0.28867E+00
  244.89   0.30430E+00   0.30647E+00   0.27894E+00
  258.49   0.29249E+00   0.29468E+00   0.26939E+00
  272.10   0.28122E+00   0.28342E+00   0.26013E+00
  285.70   0.27036E+00   0.27257E+00   0.25107E+00
  299.31   0.25998E+00   0.26219E+00   0.24231E+00
  312.91   0.25006E+00   0.25227E+00   0.23384E+00
  326.52   0.24051E+00   0.24273E+00   0.22560E+00
  340.12   0.23141E+00   0.23362E+00   0.21769E+00
  353.73   0.22269E+00   0.22490E+00   0.21005E+00
  367.33   0.21435E+00   0.21655E+00   0.20268E+00
  380.94   0.20647E+00   0.20866E+00   0.19568E+00
  394.54   0.19895E+00   0.20113E+00   0.18896E+00
  408.15   0.19173E+00   0.19390E+00   0.18248E+00
  421.75   0.18499E+00   0.18714E+00   0.17640E+00
  435.36   0.17851E+00   0.18065E+00   0.17053E+00
  448.96   0.17229E+00   0.17441E+00   0.16486E+00
  462.57   0.16644E+00   0.16855E+00   0.15953E+00
  476.17   0.16081E+00   0.16290E+00   0.15437E+00
  489.78   0.15541E+00   0.15748E+00   0.14940E+00
  503.38   0.15029E+00   0.15234E+00   0.14467E+00
  516.99   0.14535E+00   0.14738E+00   0.14010E+00
  530.59   0.14065E+00   0.14266E+00   0.13573E+00
  544.20   0.13615E+00   0.13814E+00   0.13155E+00
  557.80   0.13184E+00   0.13381E+00   0.12752E+00
  571.41   0.12772E+00   0.12967E+00   0.12367E+00
  585.01   0.12380E+00   0.12572E+00   0.11999E+00
  598.62   0.12003E+00   0.12193E+00   0.11646E+00
  612.22   0.11642E+00   0.11830E+00   0.11306E+00
  625.83   0.11296E+00   0.11482E+00   0.10979E+00
  639.43   0.10966E+00   0.11150E+00   0.10668E+00
  653.04   0.10648E+00   0.10830E+00   0.10367E+00
  666.64   0.10343E+00   0.10521E+00   0.10077E+00
  680.25   0.10050E+00   0.10227E+00   0.97994E-01
  693.85   0.97673E-01   0.99416E-01   0.95301E-01
  707.46   0.94961E-01   0.96681E-01   0.92717E-01
  721.06   0.92344E-01   0.94041E-01   0.90219E-01
  734.67   0.89842E-01   0.91517E-01   0.87830E-01
  748.27   0.87420E-01   0.89072E-01   0.85512E-01
  761.88   0.85096E-01   0.86725E-01   0.83285E-01
  775.48   0.82853E-01   0.84460E-01   0.81134E-01
  789.09   0.80708E-01   0.82292E-01   0.79073E-01
  802.69   0.78627E-01   0.80189E-01   0.77072E-01
  816.30   0.76627E-01   0.78167E-01   0.75147E-01
  829.90   0.74700E-01   0.76218E-01   0.73289E-01
  843.51   0.72846E-01   0.74342E-01   0.71500E-01
  857.11   0.71047E-01   0.72521E-01   0.69762E-01
  870.72   0.69312E-01   0.70764E-01   0.68084E-01
  884.32   0.67638E-01   0.69069E-01   0.66464E-01
  897.93   0.66023E-01   0.67432E-01   0.64899E-01
  911.53   0.64457E-01   0.65844E-01   0.63380E-01
  925.14   0.62940E-01   0.64306E-01   0.61907E-01
  938.74   0.61474E-01   0.62819E-01   0.60483E-01
  952.35   0.60059E-01   0.61382E-01   0.59106E-01
  965.95   0.58689E-01   0.59992E-01   0.57772E-01
  979.56   0.57361E-01   0.58643E-01   0.56479E-01
  993.16   0.56074E-01   0.57335E-01   0.55223E-01
 1006.77   0.54827E-01   0.56068E-01   0.54007E-01
 1020.37   0.53626E-01   0.54847E-01   0.52834E-01
 1033.98   0.52460E-01   0.53661E-01   0.51694E-01
 1047.58   0.51329E-01   0.52510E-01   0.50587E-01
 1061.19   0.50230E-01   0.51392E-01   0.49512E-01
 1074.79   0.49162E-01   0.50304E-01   0.48465E-01
 1088.40   0.48137E-01   0.49260E-01   0.47461E-01
 1102.00   0.47137E-01   0.48241E-01   0.46479E-01
 1115.61   0.46166E-01   0.47251E-01   0.45526E-01
 1129.21   0.45220E-01   0.46286E-01   0.44597E-01
 1142.82   0.44311E-01   0.45359E-01   0.43704E-01
 1156.42   0.43414E-01   0.44444E-01   0.42821E-01
 1170.03   0.42548E-01   0.43560E-01   0.41969E-01
 1183.63   0.41707E-01   0.42701E-01   0.41141E-01
 1197.24   0.40887E-01   0.41863E-01   0.40333E-01
 1210.84   0.40097E-01   0.41055E-01   0.39553E-01
 1224.45   0.39319E-01   0.40260E-01   0.38786E-01
 1238.05   0.38565E-01   0.39489E-01   0.38042E-01
 1251.66   0.37833E-01   0.38740E-01   0.37319E-01
 1265.26   0.37121E-01   0.38010E-01   0.36614E-01
 1278.87   0.36431E-01   0.37304E-01   0.35932E-01
 1292.47   0.35753E-01   0.36610E-01   0.35262E-01
 1306.08   0.35095E-01   0.35935E-01   0.34610E-01
 1319.68   0.34455E-01   0.35279E-01   0.33976E-01
 1333.29   0.33832E-01   0.34640E-01   0.33359E-01
 1346.89   0.33227E-01   0.34019E-01   0.32759E-01
 1360.50   0.32634E-01   0.33411E-01   0.32172E-01
 1374.10   0.32057E-01   0.32818E-01   0.31598E-01
 1387.71   0.31493E-01   0.32239E-01   0.31039E-01
 1401.31   0.30945E-01   0.31675E-01   0.30494E-01
 1414.92   0.30410E-01   0.31126E-01   0.29963E-01
 1428.52   0.29889E-01   0.30589E-01   0.29444E-01
 1442.13   0.29379E-01   0.30065E-01   0.28937E-01
 1455.73   0.28881E-01   0.29552E-01   0.28442E-01
 1469.34   0.28394E-01   0.29051E-01   0.27957E-01
 1482.94   0.27919E-01   0.28562E-01   0.27484E-01
 1496.55   0.27458E-01   0.28087E-01   0.27025E-01
 1510.15   0.27006E-01   0.27621E-01   0.26575E-01
 1523.76   0.26565E-01   0.27166E-01   0.26134E-01
 1537.36   0.26133E-01   0.26721E-01   0.25704E-01
 1550.97   0.25710E-01   0.26285E-01   0.25282E-01
 1564.57   0.25296E-01   0.25858E-01   0.24869E-01
 1578.18   0.24897E-01   0.25446E-01   0.24471E-01
 1591.78   0.24504E-01   0.25040E-01   0.24078E-01
 1605.39   0.24120E-01   0.24643E-01   0.23694E-01
 1618.99   0.23744E-01   0.24254E-01   0.23318E-01
 1632.60   0.23375E-01   0.23872E-01   0.22949E-01
 1646.20   0.23020E-01   0.23505E-01   0.22594E-01
 1659.81   0.22666E-01   0.23139E-01   0.22240E-01
 1673.41   0.22321E-01   0.22783E-01   0.21896E-01
 1687.02   0.21985E-01   0.22434E-01   0.21559E-01
 1700.62   0.21656E-01   0.22093E-01   0.21229E-01
 1714.23   0.21331E-01   0.21757E-01   0.20904E-01
 1727.83   0.21019E-01   0.21434E-01   0.20592E-01
 1741.44   0.20708E-01   0.21111E-01   0.20280E-01
 1755.04   0.20405E-01   0.20797E-01   0.19976E-01
 1768.65   0.20108E-01   0.20489E-01   0.19679E-01
 1782.25   0.19818E-01   0.20188E-01   0.19388E-01
 1795.86   0.19532E-01   0.19892E-01   0.19101E-01
 1809.46   0.19256E-01   0.19605E-01   0.18824E-01
 1823.07   0.18981E-01   0.19320E-01   0.18549E-01
 1836.67   0.18713E-01   0.19041E-01   0.18279E-01
 1850.28   0.18450E-01   0.18768E-01   0.18015E-01
 1863.88   0.18193E-01   0.18501E-01   0.17757E-01
 1877.49   0.17941E-01   0.18239E-01   0.17504E-01
 1891.09   0.17695E-01   0.17982E-01   0.17257E-01
 1904.70   0.17452E-01   0.17730E-01   0.17013E-01
 1918.30   0.17214E-01   0.17482E-01   0.16774E-01
 1931.91   0.16981E-01   0.17239E-01   0.16539E-01
 1945.51   0.16752E-01   0.17001E-01   0.16309E-01
 1959.12   0.16528E-01   0.16768E-01   0.16084E-01
 1972.72   0.16308E-01   0.16539E-01   0.15863E-01
 1986.33   0.16093E-01   0.16314E-01   0.15647E-01
 1999.93   0.15881E-01   0.16094E-01   0.15434E-01
 2013.54   0.15673E-01   0.15877E-01   0.15224E-01
 2027.14   0.15468E-01   0.15663E-01   0.15019E-01
 2040.75   0.15268E-01   0.15454E-01   0.14817E-01
 2054.35   0.15071E-01   0.15249E-01   0.14619E-01
 2067.96   0.14879E-01   0.15048E-01   0.14425E-01
 2081.56   0.14689E-01   0.14850E-01   0.14235E-01
 2095.17   0.14503E-01   0.14656E-01   0.14047E-01
 2108.77   0.14320E-01   0.14465E-01   0.13863E-01
 2122.38   0.14140E-01   0.14276E-01   0.13682E-01
 2135.98   0.13962E-01   0.14091E-01   0.13503E-01
 2149.59   0.13791E-01   0.13912E-01   0.13330E-01
 2163.19   0.13620E-01   0.13733E-01   0.13158E-01
 2176.80   0.13452E-01   0.13558E-01   0.12990E-01
 2190.40   0.13288E-01   0.13386E-01   0.12824E-01
 2204.01   0.13126E-01   0.13217E-01   0.12661E-01
 2217.61   0.12966E-01   0.13050E-01   0.12500E-01
 2231.22   0.12809E-01   0.12885E-01   0.12342E-01
 2244.82   0.12658E-01   0.12727E-01   0.12190E-01
 2258.43   0.12506E-01   0.12568E-01   0.12037E-01
 2272.03   0.12357E-01   0.12413E-01   0.11888E-01
 2285.64   0.12212E-01   0.12260E-01   0.11741E-01
 2299.24   0.12068E-01   0.12110E-01   0.11596E-01
 2312.85   0.11926E-01   0.11961E-01   0.11454E-01
 2326.45   0.11784E-01   0.11813E-01   0.11311E-01
 2340.06   0.11652E-01   0.11674E-01   0.11178E-01
 2353.66   0.11517E-01   0.11533E-01   0.11042E-01
 2367.27   0.11385E-01   0.11394E-01   0.10909E-01
 2380.87   0.11255E-01   0.11258E-01   0.10778E-01
 2394.48   0.11127E-01   0.11124E-01   0.10649E-01
 2408.08   0.11000E-01   0.10992E-01   0.10522E-01
 2421.69   0.10875E-01   0.10861E-01   0.10396E-01
 2435.29   0.10755E-01   0.10735E-01   0.10276E-01
 2448.90   0.10635E-01   0.10608E-01   0.10154E-01
 2462.50   0.10516E-01   0.10484E-01   0.10035E-01
 2476.11   0.10399E-01   0.10362E-01   0.99178E-02
 2489.71   0.10285E-01   0.10242E-01   0.98027E-02
 2503.32   0.10172E-01   0.10124E-01   0.96894E-02
 2516.92   0.10060E-01   0.10006E-01   0.95768E-02
 2530.53   0.99519E-02   0.98932E-02   0.94683E-02
 2544.13   0.98437E-02   0.97799E-02   0.93597E-02
 2557.74   0.97372E-02   0.96682E-02   0.92527E-02
 2571.34   0.96323E-02   0.95583E-02   0.91475E-02
 2584.95   0.95291E-02   0.94503E-02   0.90440E-02
 2598.55   0.94277E-02   0.93440E-02   0.89422E-02
 2612.16   0.93279E-02   0.92395E-02   0.88421E-02
 2625.76   0.92297E-02   0.91365E-02   0.87436E-02
 2639.37   0.91327E-02   0.90349E-02   0.86463E-02
 2652.97   0.90370E-02   0.89346E-02   0.85503E-02
 2666.58   0.89425E-02   0.88356E-02   0.84556E-02
 2680.18   0.88493E-02   0.87380E-02   0.83623E-02
 2693.79   0.87576E-02   0.86420E-02   0.82704E-02
 2707.39   0.86672E-02   0.85473E-02   0.81799E-02
 2721.00   0.85790E-02   0.84548E-02   0.80915E-02
 2734.60   0.84914E-02   0.83632E-02   0.80038E-02
 2748.21   0.84051E-02   0.82728E-02   0.79175E-02
 2761.81   0.83199E-02   0.81835E-02   0.78322E-02
 2775.42   0.82356E-02   0.80953E-02   0.77480E-02
 2789.02   0.81525E-02   0.80083E-02   0.76648E-02
 2802.63   0.80703E-02   0.79223E-02   0.75827E-02
 2816.23   0.79898E-02   0.78380E-02   0.75022E-02
 2829.84   0.79111E-02   0.77556E-02   0.74236E-02
 2843.44   0.78328E-02   0.76737E-02   0.73454E-02
 2857.05   0.77556E-02   0.75929E-02   0.72684E-02
 2870.65   0.76794E-02   0.75132E-02   0.71923E-02
 2884.26   0.76040E-02   0.74343E-02   0.71171E-02
 2897.86   0.75293E-02   0.73563E-02   0.70427E-02
 2911.47   0.74548E-02   0.72784E-02   0.69684E-02
 2925.07   0.73853E-02   0.72057E-02   0.68991E-02
 2938.68   0.73131E-02   0.71302E-02   0.68271E-02
 2952.28   0.72426E-02   0.70566E-02   0.67570E-02
 2965.89   0.71733E-02   0.69842E-02   0.66881E-02
 2979.49   0.71050E-02   0.69128E-02   0.66200E-02
 2993.10   0.70373E-02   0.68421E-02   0.65527E-02
 3006.70   0.69702E-02   0.67721E-02   0.64860E-02
 3020.31   0.69033E-02   0.67024E-02   0.64197E-02
 3033.91   0.68407E-02   0.66368E-02   0.63573E-02
 3047.52   0.67758E-02   0.65691E-02   0.62929E-02
 3061.12   0.67122E-02   0.65029E-02   0.62299E-02
 3074.73   0.66497E-02   0.64377E-02   0.61679E-02
 3088.33   0.65881E-02   0.63735E-02   0.61068E-02
 3101.94   0.65273E-02   0.63101E-02   0.60465E-02
 3115.54   0.64669E-02   0.62472E-02   0.59867E-02
 3129.15   0.64064E-02   0.61843E-02   0.59269E-02
 3142.75   0.63500E-02   0.61254E-02   0.58709E-02
 3156.36   0.62914E-02   0.60645E-02   0.58131E-02
 3169.96   0.62339E-02   0.60047E-02   0.57563E-02
 3183.57   0.61773E-02   0.59458E-02   0.57003E-02
 3197.17   0.61215E-02   0.58878E-02   0.56453E-02
 3210.78   0.60665E-02   0.58306E-02   0.55910E-02
 3224.38   0.60121E-02   0.57741E-02   0.55373E-02
 3237.99   0.59578E-02   0.57177E-02   0.54838E-02
 3251.59   0.59059E-02   0.56638E-02   0.54326E-02
 3265.20   0.58531E-02   0.56090E-02   0.53806E-02
 3278.80   0.58009E-02   0.55549E-02   0.53293E-02
 3292.41   0.57494E-02   0.55015E-02   0.52787E-02
 3306.01   0.56987E-02   0.54489E-02   0.52288E-02
 3319.62   0.56487E-02   0.53971E-02   0.51797E-02
 3333.22   0.55993E-02   0.53460E-02   0.51312E-02
 3346.83   0.55505E-02   0.52955E-02   0.50834E-02
 3360.43   0.55027E-02   0.52459E-02   0.50364E-02
 3374.04   0.54549E-02   0.51966E-02   0.49896E-02
 3387.64   0.54076E-02   0.51477E-02   0.49433E-02
 3401.25   0.53608E-02   0.50993E-02   0.48975E-02
 3414.85   0.53145E-02   0.50515E-02   0.48522E-02
 3428.46   0.52688E-02   0.50044E-02   0.48075E-02
 3442.06   0.52237E-02   0.49579E-02   0.47635E-02
 3455.67   0.51793E-02   0.49120E-02   0.47201E-02
 3469.27   0.51356E-02   0.48670E-02   0.46775E-02
 3482.88   0.50922E-02   0.48223E-02   0.46352E-02
 3496.48   0.50493E-02   0.47781E-02   0.45934E-02
 3510.09   0.50068E-02   0.47343E-02   0.45519E-02
 3523.69   0.49646E-02   0.46909E-02   0.45109E-02
 3537.30   0.49228E-02   0.46480E-02   0.44703E-02
 3550.90   0.48814E-02   0.46055E-02   0.44301E-02
 3564.51   0.48405E-02   0.45635E-02   0.43904E-02
 3578.11   0.48002E-02   0.45221E-02   0.43512E-02
 3591.72   0.47613E-02   0.44821E-02   0.43135E-02
 3605.32   0.47220E-02   0.44418E-02   0.42754E-02
 3618.93   0.46832E-02   0.44021E-02   0.42379E-02
 3632.53   0.46448E-02   0.43627E-02   0.42007E-02
 3646.14   0.46066E-02   0.43237E-02   0.41638E-02
 3659.74   0.45688E-02   0.42850E-02   0.41272E-02
 3673.35   0.45312E-02   0.42466E-02   0.40909E-02
 3686.95   0.44933E-02   0.42080E-02   0.40544E-02
 3700.56   0.44592E-02   0.41730E-02   0.40215E-02
 3714.16   0.44224E-02   0.41355E-02   0.39861E-02
 3727.77   0.43867E-02   0.40991E-02   0.39517E-02
 3741.37   0.43515E-02   0.40632E-02   0.39178E-02
 3754.98   0.43167E-02   0.40277E-02   0.38843E-02
 3768.58   0.42821E-02   0.39926E-02   0.38511E-02
 3782.19   0.42477E-02   0.39576E-02   0.38182E-02
 3795.79   0.42134E-02   0.39228E-02   0.37853E-02
 3809.40   0.41792E-02   0.38880E-02   0.37525E-02
 3823.00   0.41482E-02   0.38564E-02   0.37227E-02
 3836.61   0.41147E-02   0.38225E-02   0.36907E-02
 3850.21   0.40821E-02   0.37895E-02   0.36596E-02
 3863.82   0.40500E-02   0.37570E-02   0.36289E-02
 3877.42   0.40183E-02   0.37249E-02   0.35986E-02
 3891.03   0.39869E-02   0.36931E-02   0.35687E-02
 3904.63   0.39557E-02   0.36616E-02   0.35390E-02
 3918.24   0.39244E-02   0.36300E-02   0.35092E-02
 3931.84   0.38928E-02   0.35982E-02   0.34792E-02
 3945.45   0.38650E-02   0.35699E-02   0.34526E-02
 3959.05   0.38345E-02   0.35393E-02   0.34237E-02
 3972.66   0.38046E-02   0.35092E-02   0.33954E-02
 3986.26   0.37752E-02   0.34796E-02   0.33675E-02
 3999.87   0.37463E-02   0.34505E-02   0.33401E-02
 4013.47   0.37176E-02   0.34217E-02   0.33130E-02
 4027.08   0.36892E-02   0.33932E-02   0.32861E-02
 4040.68   0.36609E-02   0.33648E-02   0.32594E-02
 4054.29   0.36321E-02   0.33361E-02   0.32323E-02
 4067.89   0.36063E-02   0.33101E-02   0.32078E-02
 4081.50   0.35786E-02   0.32823E-02   0.31817E-02
 4095.10   0.35512E-02   0.32550E-02   0.31560E-02
 4108.71   0.35242E-02   0.32280E-02   0.31306E-02
 4122.31   0.34976E-02   0.32014E-02   0.31055E-02
 4135.92   0.34713E-02   0.31752E-02   0.30809E-02
 4149.52   0.34453E-02   0.31493E-02   0.30565E-02
 4163.13   0.34196E-02   0.31237E-02   0.30324E-02
 4176.73   0.33938E-02   0.30981E-02   0.30083E-02
 4190.34   0.33692E-02   0.30736E-02   0.29853E-02
 4203.94   0.33440E-02   0.30486E-02   0.29617E-02
 4217.55   0.33190E-02   0.30238E-02   0.29384E-02
 4231.15   0.32942E-02   0.29992E-02   0.29152E-02
 4244.76   0.32696E-02   0.29749E-02   0.28924E-02
 4258.36   0.32454E-02   0.29509E-02   0.28698E-02
 4271.97   0.32214E-02   0.29272E-02   0.28475E-02
 4285.57   0.31978E-02   0.29039E-02   0.28255E-02
 4299.18   0.31744E-02   0.28808E-02   0.28039E-02
 4312.78   0.31513E-02   0.28581E-02   0.27825E-02
 4326.39   0.31284E-02   0.28354E-02   0.27612E-02
 4339.99   0.31055E-02   0.28130E-02   0.27400E-02
 4353.60   0.30828E-02   0.27906E-02   0.27190E-02
 4367.20   0.30602E-02   0.27685E-02   0.26982E-02
 4380.81   0.30378E-02   0.27465E-02   0.26775E-02
 4394.41   0.30156E-02   0.27248E-02   0.26570E-02
 4408.02   0.29936E-02   0.27033E-02   0.26368E-02
 4421.62   0.29719E-02   0.26820E-02   0.26168E-02
 4435.23   0.29512E-02   0.26617E-02   0.25978E-02
 4448.83   0.29297E-02   0.26408E-02   0.25781E-02
 4462.44   0.29088E-02   0.26204E-02   0.25589E-02
 4476.04   0.28879E-02   0.26001E-02   0.25398E-02
 4489.65   0.28672E-02   0.25799E-02   0.25209E-02
 4503.25   0.28466E-02   0.25599E-02   0.25020E-02
 4516.86   0.28261E-02   0.25400E-02   0.24833E-02
 4530.46   0.28057E-02   0.25202E-02   0.24647E-02
 4544.07   0.27854E-02   0.25006E-02   0.24462E-02
 4557.67   0.27654E-02   0.24813E-02   0.24280E-02
 4571.28   0.27469E-02   0.24632E-02   0.24111E-02
 4584.88   0.27271E-02   0.24442E-02   0.23932E-02
 4598.49   0.27079E-02   0.24256E-02   0.23757E-02
 4612.09   0.26888E-02   0.24073E-02   0.23584E-02
 4625.70   0.26699E-02   0.23890E-02   0.23413E-02
 4639.30   0.26511E-02   0.23709E-02   0.23243E-02
 4652.91   0.26322E-02   0.23529E-02   0.23073E-02
 4666.51   0.26135E-02   0.23348E-02   0.22903E-02
 4680.12   0.25944E-02   0.23166E-02   0.22732E-02
 4693.72   0.25753E-02   0.22984E-02   0.22560E-02
 4707.33   0.25596E-02   0.22832E-02   0.22418E-02
 4720.93   0.25414E-02   0.22659E-02   0.22254E-02
 4734.54   0.25236E-02   0.22489E-02   0.22095E-02
 4748.14   0.25061E-02   0.22322E-02   0.21938E-02
 4761.75   0.24887E-02   0.22157E-02   0.21782E-02
 4775.35   0.24715E-02   0.21993E-02   0.21628E-02
 4788.96   0.24542E-02   0.21829E-02   0.21474E-02
 4802.56   0.24369E-02   0.21665E-02   0.21319E-02
 4816.17   0.24190E-02   0.21496E-02   0.21160E-02
 4829.77   0.24059E-02   0.21370E-02   0.21043E-02
 4843.38   0.23875E-02   0.21197E-02   0.20879E-02
 4856.98   0.23707E-02   0.21038E-02   0.20729E-02
 4870.59   0.23542E-02   0.20883E-02   0.20583E-02
 4884.19   0.23380E-02   0.20730E-02   0.20439E-02
 4897.80   0.23220E-02   0.20579E-02   0.20297E-02
 4911.40   0.23061E-02   0.20430E-02   0.20157E-02
 4925.01   0.22903E-02   0.20282E-02   0.20017E-02
 4938.61   0.22745E-02   0.20134E-02   0.19878E-02
 4952.22   0.22581E-02   0.19981E-02   0.19733E-02
 4965.82   0.22454E-02   0.19861E-02   0.19621E-02
 4979.43   0.22289E-02   0.19707E-02   0.19476E-02
 4993.03   0.22134E-02   0.19563E-02   0.19340E-02
 5006.64   0.21981E-02   0.19420E-02   0.19206E-02
 5020.24   0.21830E-02   0.19280E-02   0.19073E-02
 5033.85   0.21682E-02   0.19142E-02   0.18943E-02
 5047.45   0.21535E-02   0.19006E-02   0.18815E-02
 5061.06   0.21390E-02   0.18871E-02   0.18688E-02
 5074.66   0.21246E-02   0.18738E-02   0.18562E-02
 5088.27   0.21099E-02   0.18602E-02   0.18434E-02
 5101.87   0.20972E-02   0.18484E-02   0.18324E-02
 5115.48   0.20824E-02   0.18348E-02   0.18195E-02
 5129.08   0.20681E-02   0.18216E-02   0.18071E-02
 5142.69   0.20540E-02   0.18087E-02   0.17948E-02
 5156.29   0.20400E-02   0.17958E-02   0.17827E-02
 5169.90   0.20262E-02   0.17831E-02   0.17707E-02
 5183.50   0.20125E-02   0.17706E-02   0.17589E-02
 5197.11   0.19990E-02   0.17582E-02   0.17472E-02
 5210.71   0.19857E-02   0.17460E-02   0.17357E-02
 5224.32   0.19725E-02   0.17340E-02   0.17243E-02
 5237.92   0.19592E-02   0.17218E-02   0.17128E-02
 5251.53   0.19466E-02   0.17103E-02   0.17020E-02
 5265.13   0.19336E-02   0.16985E-02   0.16908E-02
 5278.74   0.19206E-02   0.16867E-02   0.16797E-02
 5292.34   0.19077E-02   0.16750E-02   0.16686E-02
 5305.95   0.18948E-02   0.16633E-02   0.16576E-02
 5319.55   0.18821E-02   0.16518E-02   0.16466E-02
 5333.16   0.18695E-02   0.16404E-02   0.16358E-02
 5346.76   0.18570E-02   0.16291E-02   0.16252E-02
 5360.37   0.18447E-02   0.16180E-02   0.16147E-02
 5373.97   0.18326E-02   0.16071E-02   0.16044E-02
 5387.58   0.18207E-02   0.15964E-02   0.15942E-02
 5401.18   0.18087E-02   0.15856E-02   0.15841E-02
 5414.79   0.17968E-02   0.15749E-02   0.15740E-02
 5428.39   0.17850E-02   0.15643E-02   0.15639E-02
 5442.00   0.17731E-02   0.15536E-02   0.15538E-02
 5455.60   0.17613E-02   0.15431E-02   0.15438E-02
 5469.21   0.17495E-02   0.15325E-02   0.15338E-02
 5482.81   0.17378E-02   0.15221E-02   0.15239E-02
 5496.42   0.17262E-02   0.15118E-02   0.15141E-02
 5510.02   0.17145E-02   0.15013E-02   0.15042E-02
 5523.63   0.17045E-02   0.14924E-02   0.14958E-02
 5537.23   0.16929E-02   0.14821E-02   0.14861E-02
 5550.84   0.16818E-02   0.14723E-02   0.14767E-02
 5564.44   0.16709E-02   0.14626E-02   0.14675E-02
 5578.05   0.16600E-02   0.14530E-02   0.14584E-02
 5591.65   0.16491E-02   0.14433E-02   0.14493E-02
 5605.26   0.16382E-02   0.14337E-02   0.14401E-02
 5618.86   0.16273E-02   0.14242E-02   0.14310E-02
 5632.47   0.16165E-02   0.14146E-02   0.14219E-02
 5646.07   0.16055E-02   0.14050E-02   0.14128E-02
 5659.68   0.15949E-02   0.13956E-02   0.14039E-02
 5673.28   0.15859E-02   0.13877E-02   0.13964E-02
 5686.89   0.15751E-02   0.13783E-02   0.13874E-02
 5700.49   0.15648E-02   0.13692E-02   0.13788E-02
 5714.10   0.15546E-02   0.13604E-02   0.13704E-02
 5727.70   0.15446E-02   0.13516E-02   0.13621E-02
 5741.31   0.15346E-02   0.13429E-02   0.13538E-02
 5754.91   0.15246E-02   0.13342E-02   0.13455E-02
 5768.52   0.15146E-02   0.13254E-02   0.13372E-02
 5782.12   0.15045E-02   0.13167E-02   0.13288E-02
 5795.73   0.14941E-02   0.13077E-02   0.13202E-02
 5809.33   0.14840E-02   0.12988E-02   0.13118E-02
 5822.94   0.14764E-02   0.12923E-02   0.13056E-02
 5836.54   0.14663E-02   0.12836E-02   0.12973E-02
 5850.15   0.14567E-02   0.12753E-02   0.12894E-02
 5863.75   0.14472E-02   0.12671E-02   0.12816E-02
 5877.36   0.14379E-02   0.12591E-02   0.12739E-02
 5890.96   0.14287E-02   0.12511E-02   0.12664E-02
 5904.57   0.14195E-02   0.12433E-02   0.12588E-02
 5918.17   0.14103E-02   0.12354E-02   0.12513E-02
 5931.78   0.14010E-02   0.12274E-02   0.12437E-02
 5945.38   0.13914E-02   0.12191E-02   0.12357E-02
 5958.99   0.13817E-02   0.12108E-02   0.12277E-02
 5972.59   0.13750E-02   0.12052E-02   0.12225E-02
 5986.20   0.13657E-02   0.11972E-02   0.12148E-02
 5999.80   0.13567E-02   0.11895E-02   0.12075E-02
 6013.41   0.13479E-02   0.11820E-02   0.12003E-02
 6027.01   0.13392E-02   0.11746E-02   0.11932E-02
 6040.62   0.13306E-02   0.11673E-02   0.11862E-02
 6054.22   0.13221E-02   0.11601E-02   0.11793E-02
 6067.83   0.13137E-02   0.11530E-02   0.11725E-02
 6081.43   0.13052E-02   0.11458E-02   0.11656E-02
 6095.04   0.12965E-02   0.11384E-02   0.11585E-02
 6108.64   0.12876E-02   0.11309E-02   0.11513E-02
 6122.25   0.12810E-02   0.11254E-02   0.11461E-02
 6135.85   0.12725E-02   0.11182E-02   0.11392E-02
 6149.46   0.12641E-02   0.11111E-02   0.11324E-02
 6163.06   0.12559E-02   0.11042E-02   0.11257E-02
 6176.67   0.12477E-02   0.10974E-02   0.11191E-02
 6190.27   0.12397E-02   0.10906E-02   0.11127E-02
 6203.88   0.12318E-02   0.10840E-02   0.11063E-02
 6217.48   0.12240E-02   0.10775E-02   0.11000E-02
 6231.09   0.12162E-02   0.10710E-02   0.10938E-02
 6244.69   0.12084E-02   0.10645E-02   0.10875E-02
 6258.30   0.12005E-02   0.10579E-02   0.10812E-02
 6271.90   0.11936E-02   0.10522E-02   0.10757E-02
 6285.51   0.11859E-02   0.10457E-02   0.10695E-02
 6299.11   0.11782E-02   0.10393E-02   0.10633E-02
 6312.72   0.11705E-02   0.10330E-02   0.10572E-02
 6326.32   0.11629E-02   0.10267E-02   0.10511E-02
 6339.93   0.11554E-02   0.10204E-02   0.10451E-02
 6353.53   0.11480E-02   0.10143E-02   0.10391E-02
 6367.14   0.11406E-02   0.10082E-02   0.10333E-02
 6380.74   0.11334E-02   0.10023E-02   0.10275E-02
 6394.35   0.11262E-02   0.99637E-03   0.10218E-02
 6407.95   0.11191E-02   0.99054E-03   0.10162E-02
 6421.56   0.11122E-02   0.98488E-03   0.10107E-02
 6435.16   0.11052E-02   0.97911E-03   0.10052E-02
 6448.77   0.10982E-02   0.97336E-03   0.99960E-03
 6462.37   0.10912E-02   0.96761E-03   0.99403E-03
 6475.98   0.10842E-02   0.96187E-03   0.98846E-03
 6489.58   0.10771E-02   0.95613E-03   0.98290E-03
 6503.19   0.10702E-02   0.95043E-03   0.97736E-03
 6516.79   0.10633E-02   0.94478E-03   0.97188E-03
 6530.40   0.10564E-02   0.93919E-03   0.96646E-03
 6544.00   0.10496E-02   0.93368E-03   0.96111E-03
 6557.61   0.10429E-02   0.92818E-03   0.95577E-03
 6571.21   0.10364E-02   0.92297E-03   0.95072E-03
 6584.82   0.10301E-02   0.91788E-03   0.94578E-03
 6598.42   0.10236E-02   0.91263E-03   0.94068E-03
 6612.03   0.10172E-02   0.90742E-03   0.93562E-03
 6625.63   0.10108E-02   0.90223E-03   0.93057E-03
 6639.24   0.10043E-02   0.89703E-03   0.92550E-03
 6652.84   0.99788E-03   0.89182E-03   0.92043E-03
 6666.45   0.99144E-03   0.88661E-03   0.91535E-03
 6680.05   0.98500E-03   0.88141E-03   0.91027E-03
 6693.66   0.97858E-03   0.87623E-03   0.90522E-03
 6707.26   0.97213E-03   0.87103E-03   0.90013E-03
 6720.87   0.96601E-03   0.86614E-03   0.89537E-03
 6734.47   0.96077E-03   0.86199E-03   0.89135E-03
 6748.08   0.95437E-03   0.85685E-03   0.88632E-03
 6761.68   0.94831E-03   0.85201E-03   0.88159E-03
 6775.29   0.94234E-03   0.84725E-03   0.87694E-03
 6788.89   0.93641E-03   0.84253E-03   0.87233E-03
 6802.50   0.93050E-03   0.83782E-03   0.86772E-03
 6816.10   0.92458E-03   0.83309E-03   0.86309E-03
 6829.71   0.91864E-03   0.82835E-03   0.85845E-03
 6843.31   0.91268E-03   0.82359E-03   0.85377E-03
 6856.92   0.90666E-03   0.81877E-03   0.84904E-03
 6870.52   0.90040E-03   0.81375E-03   0.84408E-03
 6884.13   0.89460E-03   0.80915E-03   0.83957E-03
 6897.73   0.89038E-03   0.80596E-03   0.83651E-03
 6911.34   0.88437E-03   0.80116E-03   0.83178E-03
 6924.94   0.87867E-03   0.79665E-03   0.82734E-03
 6938.55   0.87310E-03   0.79226E-03   0.82302E-03
 6952.15   0.86761E-03   0.78793E-03   0.81877E-03
 6965.76   0.86217E-03   0.78365E-03   0.81456E-03
 6979.36   0.85673E-03   0.77937E-03   0.81035E-03
 6992.97   0.85129E-03   0.77508E-03   0.80612E-03
 7006.57   0.84580E-03   0.77075E-03   0.80185E-03
 7020.18   0.84022E-03   0.76632E-03   0.79747E-03
 7033.78   0.83421E-03   0.76150E-03   0.79268E-03
 7047.39   0.82862E-03   0.75707E-03   0.78829E-03
 7060.99   0.82528E-03   0.75473E-03   0.78608E-03
 7074.60   0.81965E-03   0.75026E-03   0.78164E-03
 7088.20   0.81429E-03   0.74604E-03   0.77747E-03
 7101.81   0.80907E-03   0.74195E-03   0.77342E-03
 7115.41   0.80394E-03   0.73795E-03   0.76946E-03
 7129.02   0.79889E-03   0.73402E-03   0.76557E-03
 7142.62   0.79388E-03   0.73012E-03   0.76172E-03
 7156.23   0.78890E-03   0.72624E-03   0.75787E-03
 7169.83   0.78389E-03   0.72234E-03   0.75400E-03
 7183.44   0.77881E-03   0.71836E-03   0.75005E-03
 7197.04   0.77334E-03   0.71401E-03   0.74570E-03
 7210.65   0.76807E-03   0.70984E-03   0.74154E-03
 7224.25   0.76495E-03   0.70774E-03   0.73954E-03
 7237.86   0.75975E-03   0.70364E-03   0.73545E-03
 7251.46   0.75476E-03   0.69973E-03   0.73155E-03
 7265.07   0.74986E-03   0.69592E-03   0.72775E-03
 7278.67   0.74505E-03   0.69218E-03   0.72403E-03
 7292.28   0.74032E-03   0.68853E-03   0.72039E-03
 7305.88   0.73567E-03   0.68494E-03   0.71681E-03
 7319.49   0.73106E-03   0.68139E-03   0.71328E-03
 7333.09   0.72648E-03   0.67787E-03   0.70977E-03
 7346.70   0.72189E-03   0.67433E-03   0.70624E-03
 7360.30   0.71714E-03   0.67063E-03   0.70253E-03
 7373.91   0.71238E-03   0.66691E-03   0.69881E-03
 7387.51   0.70894E-03   0.66448E-03   0.69643E-03
 7401.12   0.70423E-03   0.66081E-03   0.69274E-03
 7414.72   0.69964E-03   0.65725E-03   0.68917E-03
 7428.33   0.69509E-03   0.65373E-03   0.68564E-03
 7441.93   0.69060E-03   0.65026E-03   0.68216E-03
 7455.54   0.68616E-03   0.64684E-03   0.67873E-03
 7469.14   0.68178E-03   0.64348E-03   0.67536E-03
 7482.75   0.67747E-03   0.64018E-03   0.67205E-03
 7496.35   0.67322E-03   0.63694E-03   0.66880E-03
 7509.96   0.66902E-03   0.63374E-03   0.66559E-03
 7523.56   0.66481E-03   0.63054E-03   0.66237E-03
 7537.17   0.66060E-03   0.62732E-03   0.65913E-03
 7550.77   0.65687E-03   0.62454E-03   0.65635E-03
 7564.38   0.65266E-03   0.62132E-03   0.65310E-03
 7577.98   0.64850E-03   0.61814E-03   0.64990E-03
 7591.59   0.64434E-03   0.61495E-03   0.64669E-03
 7605.19   0.64019E-03   0.61177E-03   0.64347E-03
 7618.80   0.63606E-03   0.60860E-03   0.64027E-03
 7632.40   0.63196E-03   0.60546E-03   0.63709E-03
 7646.01   0.62790E-03   0.60236E-03   0.63395E-03
 7659.61   0.62389E-03   0.59931E-03   0.63087E-03
 7673.22   0.61994E-03   0.59631E-03   0.62784E-03
 7686.82   0.61604E-03   0.59337E-03   0.62487E-03
 7700.43   0.61211E-03   0.59043E-03   0.62189E-03
 7714.03   0.60864E-03   0.58775E-03   0.61919E-03
 7727.64   0.60477E-03   0.58486E-03   0.61626E-03
 7741.24   0.60099E-03   0.58202E-03   0.61337E-03
 7754.85   0.59722E-03   0.57917E-03   0.61049E-03
 7768.45   0.59344E-03   0.57631E-03   0.60758E-03
 7782.06   0.58966E-03   0.57343E-03   0.60465E-03
 7795.66   0.58586E-03   0.57054E-03   0.60171E-03
 7809.27   0.58208E-03   0.56765E-03   0.59877E-03
 7822.87   0.57831E-03   0.56478E-03   0.59584E-03
 7836.48   0.57457E-03   0.56194E-03   0.59294E-03
 7850.08   0.57086E-03   0.55912E-03   0.59007E-03
 7863.69   0.56713E-03   0.55629E-03   0.58718E-03
 7877.29   0.56369E-03   0.55375E-03   0.58459E-03
 7890.90   0.56055E-03   0.55141E-03   0.58221E-03
 7904.50   0.55695E-03   0.54870E-03   0.57945E-03
 7918.11   0.55347E-03   0.54610E-03   0.57679E-03
 7931.71   0.55002E-03   0.54352E-03   0.57415E-03
 7945.32   0.54658E-03   0.54093E-03   0.57150E-03
 7958.92   0.54313E-03   0.53833E-03   0.56884E-03
 7972.53   0.53966E-03   0.53571E-03   0.56616E-03
 7986.13   0.53619E-03   0.53307E-03   0.56345E-03
 7999.74   0.53271E-03   0.53042E-03   0.56072E-03
 8013.34   0.52921E-03   0.52776E-03   0.55798E-03
 8026.95   0.52568E-03   0.52505E-03   0.55520E-03
 8040.55   0.52187E-03   0.52207E-03   0.55213E-03
 8054.16   0.51875E-03   0.51980E-03   0.54979E-03
 8067.76   0.51642E-03   0.51824E-03   0.54821E-03
 8081.37   0.51302E-03   0.51566E-03   0.54555E-03
 8094.97   0.50977E-03   0.51322E-03   0.54304E-03
 8108.58   0.50659E-03   0.51084E-03   0.54059E-03
 8122.18   0.50343E-03   0.50849E-03   0.53817E-03
 8135.79   0.50029E-03   0.50614E-03   0.53574E-03
 8149.39   0.49714E-03   0.50378E-03   0.53330E-03
 8163.00   0.49397E-03   0.50139E-03   0.53083E-03
 8176.60   0.49078E-03   0.49896E-03   0.52832E-03
 8190.21   0.48755E-03   0.49649E-03   0.52576E-03
 8203.81   0.48421E-03   0.49390E-03   0.52307E-03
 8217.42   0.48010E-03   0.49050E-03   0.51952E-03
 8231.02   0.47993E-03   0.49122E-03   0.52034E-03
 8244.63   0.47589E-03   0.48789E-03   0.51686E-03
 8258.23   0.47268E-03   0.48542E-03   0.51429E-03
 8271.84   0.46963E-03   0.48311E-03   0.51189E-03
 8285.44   0.46666E-03   0.48088E-03   0.50958E-03
 8299.05   0.46374E-03   0.47871E-03   0.50732E-03
 8312.65   0.46086E-03   0.47656E-03   0.50508E-03
 8326.26   0.45799E-03   0.47443E-03   0.50286E-03
 8339.86   0.45512E-03   0.47228E-03   0.50062E-03
 8353.47   0.45223E-03   0.47010E-03   0.49835E-03
 8367.07   0.44929E-03   0.46786E-03   0.49601E-03
 8380.68   0.44622E-03   0.46546E-03   0.49351E-03
 8394.28   0.44218E-03   0.46199E-03   0.48986E-03
 8407.89   0.44231E-03   0.46312E-03   0.49109E-03
 8421.49   0.43864E-03   0.46004E-03   0.48785E-03
 8435.10   0.43564E-03   0.45770E-03   0.48540E-03
 8448.70   0.43278E-03   0.45551E-03   0.48311E-03
 8462.31   0.43000E-03   0.45341E-03   0.48090E-03
 8475.91   0.42727E-03   0.45136E-03   0.47876E-03
 8489.52   0.42460E-03   0.44937E-03   0.47667E-03
 8503.12   0.42197E-03   0.44740E-03   0.47461E-03
 8516.73   0.41935E-03   0.44546E-03   0.47257E-03
 8530.33   0.41674E-03   0.44351E-03   0.47052E-03
 8543.94   0.41411E-03   0.44152E-03   0.46843E-03
 8557.54   0.41139E-03   0.43943E-03   0.46623E-03
 8571.15   0.40809E-03   0.43667E-03   0.46332E-03
 8584.75   0.40766E-03   0.43717E-03   0.46386E-03
 8598.36   0.40434E-03   0.43437E-03   0.46090E-03
 8611.96   0.40160E-03   0.43222E-03   0.45864E-03
 8625.57   0.39896E-03   0.43018E-03   0.45648E-03
 8639.17   0.39637E-03   0.42820E-03   0.45439E-03
 8652.78   0.39382E-03   0.42626E-03   0.45234E-03
 8666.38   0.39132E-03   0.42437E-03   0.45034E-03
 8679.99   0.38887E-03   0.42253E-03   0.44839E-03
 8693.59   0.38645E-03   0.42073E-03   0.44648E-03
 8707.20   0.38407E-03   0.41895E-03   0.44460E-03
 8720.80   0.38170E-03   0.41718E-03   0.44273E-03
 8734.41   0.37932E-03   0.41539E-03   0.44083E-03
 8748.01   0.37677E-03   0.41341E-03   0.43872E-03
 8761.62   0.37431E-03   0.41150E-03   0.43669E-03
 8775.22   0.37270E-03   0.41057E-03   0.43570E-03
 8788.83   0.37026E-03   0.40868E-03   0.43370E-03
 8802.43   0.36788E-03   0.40684E-03   0.43174E-03
 8816.04   0.36551E-03   0.40502E-03   0.42980E-03
 8829.64   0.36316E-03   0.40321E-03   0.42788E-03
 8843.25   0.36083E-03   0.40142E-03   0.42597E-03
 8856.85   0.35853E-03   0.39967E-03   0.42410E-03
 8870.46   0.35627E-03   0.39795E-03   0.42227E-03
 8884.06   0.35405E-03   0.39628E-03   0.42048E-03
 8897.67   0.35187E-03   0.39464E-03   0.41873E-03
 8911.27   0.34971E-03   0.39303E-03   0.41701E-03
 8924.88   0.34754E-03   0.39142E-03   0.41528E-03
 8938.48   0.34541E-03   0.38980E-03   0.41355E-03
 8952.09   0.34354E-03   0.38844E-03   0.41209E-03
 8965.69   0.34139E-03   0.38682E-03   0.41036E-03
 8979.30   0.33927E-03   0.38521E-03   0.40863E-03
 8992.90   0.33714E-03   0.38359E-03   0.40689E-03
 9006.51   0.33502E-03   0.38195E-03   0.40513E-03
 9020.11   0.33289E-03   0.38031E-03   0.40336E-03
 9033.72   0.33076E-03   0.37866E-03   0.40160E-03
 9047.32   0.32866E-03   0.37703E-03   0.39984E-03
 9060.93   0.32657E-03   0.37542E-03   0.39811E-03
 9074.53   0.32451E-03   0.37384E-03   0.39641E-03
 9088.14   0.32249E-03   0.37229E-03   0.39474E-03
 9101.74   0.32048E-03   0.37078E-03   0.39310E-03
 9115.35   0.31839E-03   0.36922E-03   0.39142E-03
 9128.95   0.31691E-03   0.36808E-03   0.39019E-03
 9142.56   0.31486E-03   0.36655E-03   0.38854E-03
 9156.16   0.31294E-03   0.36512E-03   0.38698E-03
 9169.77   0.31104E-03   0.36368E-03   0.38543E-03
 9183.37   0.30914E-03   0.36223E-03   0.38386E-03
 9196.98   0.30723E-03   0.36076E-03   0.38227E-03
 9210.58   0.30531E-03   0.35928E-03   0.38066E-03
 9224.19   0.30339E-03   0.35777E-03   0.37903E-03
 9237.79   0.30146E-03   0.35626E-03   0.37739E-03
 9251.40   0.29954E-03   0.35474E-03   0.37575E-03
 9265.00   0.29763E-03   0.35324E-03   0.37411E-03
 9278.61   0.29572E-03   0.35173E-03   0.37248E-03
 9292.21   0.29377E-03   0.35018E-03   0.37080E-03
 9305.82   0.29210E-03   0.34897E-03   0.36947E-03
 9319.42   0.29078E-03   0.34807E-03   0.36848E-03
 9333.03   0.28886E-03   0.34656E-03   0.36684E-03
 9346.63   0.28709E-03   0.34520E-03   0.36535E-03
 9360.24   0.28536E-03   0.34388E-03   0.36391E-03
 9373.84   0.28364E-03   0.34257E-03   0.36248E-03
 9387.45   0.28193E-03   0.34125E-03   0.36104E-03
 9401.05   0.28021E-03   0.33991E-03   0.35958E-03
 9414.66   0.27848E-03   0.33856E-03   0.35809E-03
 9428.26   0.27674E-03   0.33717E-03   0.35658E-03
 9441.87   0.27499E-03   0.33577E-03   0.35505E-03
 9455.47   0.27322E-03   0.33433E-03   0.35348E-03
 9469.08   0.27141E-03   0.33285E-03   0.35186E-03
 9482.68   0.26941E-03   0.33113E-03   0.34999E-03
 9496.29   0.26795E-03   0.33007E-03   0.34882E-03
 9509.89   0.26712E-03   0.32977E-03   0.34845E-03
 9523.50   0.26529E-03   0.32824E-03   0.34678E-03
 9537.10   0.26362E-03   0.32691E-03   0.34532E-03
 9550.71   0.26202E-03   0.32566E-03   0.34395E-03
 9564.31   0.26046E-03   0.32445E-03   0.34261E-03
 9577.92   0.25891E-03   0.32325E-03   0.34128E-03
 9591.52   0.25737E-03   0.32204E-03   0.33996E-03
 9605.13   0.25583E-03   0.32083E-03   0.33862E-03
 9618.73   0.25427E-03   0.31959E-03   0.33725E-03
 9632.34   0.25270E-03   0.31831E-03   0.33584E-03
 9645.94   0.25109E-03   0.31699E-03   0.33439E-03
 9659.55   0.24941E-03   0.31556E-03   0.33282E-03
 9673.15   0.24742E-03   0.31371E-03   0.33081E-03
 9686.76   0.24608E-03   0.31273E-03   0.32971E-03
 9700.36   0.24567E-03   0.31295E-03   0.32988E-03
 9713.97   0.24393E-03   0.31142E-03   0.32821E-03
 9727.57   0.24237E-03   0.31012E-03   0.32677E-03
 9741.18   0.24088E-03   0.30890E-03   0.32543E-03
 9754.78   0.23943E-03   0.30774E-03   0.32414E-03
 9768.39   0.23801E-03   0.30662E-03   0.32289E-03
 9781.99   0.23662E-03   0.30552E-03   0.32167E-03
 9795.60   0.23524E-03   0.30442E-03   0.32045E-03
 9809.20   0.23385E-03   0.30332E-03   0.31922E-03
 9822.81   0.23246E-03   0.30219E-03   0.31796E-03
 9836.41   0.23104E-03   0.30101E-03   0.31666E-03
 9850.02   0.22955E-03   0.29973E-03   0.31524E-03
 9863.62   0.22778E-03   0.29805E-03   0.31341E-03
 9877.23   0.22648E-03   0.29703E-03   0.31227E-03
 9890.83   0.22619E-03   0.29740E-03   0.31257E-03
 9904.44   0.22459E-03   0.29593E-03   0.31096E-03
 9918.04   0.22314E-03   0.29467E-03   0.30957E-03
 9931.65   0.22175E-03   0.29349E-03   0.30826E-03
 9945.25   0.22040E-03   0.29237E-03   0.30701E-03
 9958.86   0.21909E-03   0.29128E-03   0.30580E-03
 9972.46   0.21781E-03   0.29024E-03   0.30462E-03
 9986.07   0.21655E-03   0.28922E-03   0.30348E-03
 9999.67   0.21531E-03   0.28821E-03   0.30235E-03
