  108.84   0.17500E+00   0.17584E+00   0.16656E+00
  122.44   0.16460E+00   0.16544E+00   0.15731E+00
  136.05   0.15500E+00   0.15586E+00   0.14869E+00
  149.65   0.14602E+00   0.14690E+00   0.14054E+00
  163.26   0.13766E+00   0.13854E+00   0.13288E+00
  176.86   0.12980E+00   0.13069E+00   0.12562E+00
  190.47   0.12251E+00   0.12340E+00   0.11885E+00
  204.07   0.11572E+00   0.11660E+00   0.11250E+00
  217.68   0.10949E+00   0.11037E+00   0.10665E+00
  231.28   0.10373E+00   0.10460E+00   0.10122E+00
  244.89   0.98422E-01   0.99299E-01   0.96215E-01
  258.49   0.93512E-01   0.94389E-01   0.91564E-01
  272.10   0.88959E-01   0.89835E-01   0.87239E-01
  285.70   0.84698E-01   0.85572E-01   0.83178E-01
  299.31   0.80717E-01   0.81587E-01   0.79374E-01
  312.91   0.77013E-01   0.77877E-01   0.75826E-01
  326.52   0.73529E-01   0.74385E-01   0.72480E-01
  340.12   0.70274E-01   0.71123E-01   0.69348E-01
  353.73   0.67217E-01   0.68059E-01   0.66401E-01
  367.33   0.64353E-01   0.65189E-01   0.63637E-01
  380.94   0.61679E-01   0.62510E-01   0.61054E-01
  394.54   0.59164E-01   0.59990E-01   0.58621E-01
  408.15   0.56789E-01   0.57610E-01   0.56319E-01
  421.75   0.54583E-01   0.55399E-01   0.54180E-01
  435.36   0.52489E-01   0.53299E-01   0.52146E-01
  448.96   0.50493E-01   0.51296E-01   0.50203E-01
  462.57   0.48640E-01   0.49436E-01   0.48397E-01
  476.17   0.46870E-01   0.47658E-01   0.46669E-01
  489.78   0.45179E-01   0.45959E-01   0.45017E-01
  503.38   0.43597E-01   0.44369E-01   0.43469E-01
  516.99   0.42083E-01   0.42847E-01   0.41988E-01
  530.59   0.40647E-01   0.41404E-01   0.40581E-01
  544.20   0.39286E-01   0.40035E-01   0.39246E-01
  557.80   0.37987E-01   0.38730E-01   0.37972E-01
  571.41   0.36755E-01   0.37492E-01   0.36763E-01
  585.01   0.35585E-01   0.36315E-01   0.35613E-01
  598.62   0.34468E-01   0.35192E-01   0.34515E-01
  612.22   0.33402E-01   0.34119E-01   0.33466E-01
  625.83   0.32386E-01   0.33097E-01   0.32465E-01
  639.43   0.31418E-01   0.32122E-01   0.31511E-01
  653.04   0.30491E-01   0.31187E-01   0.30595E-01
  666.64   0.29602E-01   0.30290E-01   0.29716E-01
  680.25   0.28755E-01   0.29436E-01   0.28878E-01
  693.85   0.27939E-01   0.28613E-01   0.28071E-01
  707.46   0.27159E-01   0.27825E-01   0.27298E-01
  721.06   0.26408E-01   0.27066E-01   0.26554E-01
  734.67   0.25692E-01   0.26344E-01   0.25844E-01
  748.27   0.25001E-01   0.25646E-01   0.25159E-01
  761.88   0.24339E-01   0.24978E-01   0.24503E-01
  775.48   0.23701E-01   0.24334E-01   0.23870E-01
  789.09   0.23093E-01   0.23720E-01   0.23266E-01
  802.69   0.22504E-01   0.23125E-01   0.22681E-01
  816.30   0.21939E-01   0.22554E-01   0.22120E-01
  829.90   0.21396E-01   0.22004E-01   0.21579E-01
  843.51   0.20875E-01   0.21477E-01   0.21060E-01
  857.11   0.20369E-01   0.20965E-01   0.20556E-01
  870.72   0.19883E-01   0.20472E-01   0.20071E-01
  884.32   0.19415E-01   0.19997E-01   0.19603E-01
  897.93   0.18964E-01   0.19539E-01   0.19152E-01
  911.53   0.18526E-01   0.19095E-01   0.18714E-01
  925.14   0.18103E-01   0.18665E-01   0.18291E-01
  938.74   0.17695E-01   0.18251E-01   0.17883E-01
  952.35   0.17301E-01   0.17851E-01   0.17489E-01
  965.95   0.16920E-01   0.17464E-01   0.17107E-01
  979.56   0.16551E-01   0.17089E-01   0.16738E-01
  993.16   0.16194E-01   0.16726E-01   0.16379E-01
 1006.77   0.15848E-01   0.16374E-01   0.16033E-01
 1020.37   0.15514E-01   0.16035E-01   0.15699E-01
 1033.98   0.15191E-01   0.15707E-01   0.15375E-01
 1047.58   0.14878E-01   0.15388E-01   0.15060E-01
 1061.19   0.14574E-01   0.15078E-01   0.14755E-01
 1074.79   0.14278E-01   0.14777E-01   0.14458E-01
 1088.40   0.13995E-01   0.14489E-01   0.14173E-01
 1102.00   0.13719E-01   0.14207E-01   0.13895E-01
 1115.61   0.13451E-01   0.13933E-01   0.13625E-01
 1129.21   0.13191E-01   0.13667E-01   0.13362E-01
 1142.82   0.12940E-01   0.13411E-01   0.13109E-01
 1156.42   0.12693E-01   0.13158E-01   0.12860E-01
 1170.03   0.12455E-01   0.12914E-01   0.12619E-01
 1183.63   0.12223E-01   0.12677E-01   0.12385E-01
 1197.24   0.11997E-01   0.12446E-01   0.12157E-01
 1210.84   0.11780E-01   0.12223E-01   0.11937E-01
 1224.45   0.11566E-01   0.12003E-01   0.11720E-01
 1238.05   0.11358E-01   0.11791E-01   0.11510E-01
 1251.66   0.11156E-01   0.11584E-01   0.11306E-01
 1265.26   0.10960E-01   0.11383E-01   0.11107E-01
 1278.87   0.10769E-01   0.11188E-01   0.10915E-01
 1292.47   0.10582E-01   0.10996E-01   0.10726E-01
 1306.08   0.10401E-01   0.10810E-01   0.10542E-01
 1319.68   0.10224E-01   0.10629E-01   0.10363E-01
 1333.29   0.10053E-01   0.10452E-01   0.10189E-01
 1346.89   0.98861E-02   0.10281E-01   0.10019E-01
 1360.50   0.97230E-02   0.10113E-01   0.98537E-02
 1374.10   0.95640E-02   0.99492E-02   0.96919E-02
 1387.71   0.94090E-02   0.97893E-02   0.95340E-02
 1401.31   0.92580E-02   0.96334E-02   0.93802E-02
 1414.92   0.91110E-02   0.94816E-02   0.92303E-02
 1428.52   0.89675E-02   0.93333E-02   0.90839E-02
 1442.13   0.88273E-02   0.91883E-02   0.89408E-02
 1455.73   0.86902E-02   0.90465E-02   0.88008E-02
 1469.34   0.85562E-02   0.89077E-02   0.86640E-02
 1482.94   0.84251E-02   0.87721E-02   0.85301E-02
 1496.55   0.82981E-02   0.86406E-02   0.84004E-02
 1510.15   0.81734E-02   0.85115E-02   0.82730E-02
 1523.76   0.80514E-02   0.83853E-02   0.81485E-02
 1537.36   0.79321E-02   0.82617E-02   0.80266E-02
 1550.97   0.78151E-02   0.81406E-02   0.79071E-02
 1564.57   0.77004E-02   0.80218E-02   0.77900E-02
 1578.18   0.75902E-02   0.79076E-02   0.76773E-02
 1591.78   0.74813E-02   0.77946E-02   0.75659E-02
 1605.39   0.73749E-02   0.76843E-02   0.74571E-02
 1618.99   0.72707E-02   0.75761E-02   0.73504E-02
 1632.60   0.71684E-02   0.74697E-02   0.72456E-02
 1646.20   0.70703E-02   0.73676E-02   0.71449E-02
 1659.81   0.69722E-02   0.72654E-02   0.70441E-02
 1673.41   0.68768E-02   0.71660E-02   0.69462E-02
 1687.02   0.67837E-02   0.70689E-02   0.68504E-02
 1700.62   0.66926E-02   0.69736E-02   0.67566E-02
 1714.23   0.66027E-02   0.68797E-02   0.66640E-02
 1727.83   0.65164E-02   0.67894E-02   0.65751E-02
 1741.44   0.64303E-02   0.66991E-02   0.64862E-02
 1755.04   0.63462E-02   0.66110E-02   0.63994E-02
 1768.65   0.62639E-02   0.65248E-02   0.63146E-02
 1782.25   0.61833E-02   0.64404E-02   0.62314E-02
 1795.86   0.61040E-02   0.63573E-02   0.61496E-02
 1809.46   0.60271E-02   0.62766E-02   0.60702E-02
 1823.07   0.59507E-02   0.61965E-02   0.59914E-02
 1836.67   0.58759E-02   0.61181E-02   0.59142E-02
 1850.28   0.58025E-02   0.60412E-02   0.58386E-02
 1863.88   0.57307E-02   0.59659E-02   0.57645E-02
 1877.49   0.56603E-02   0.58920E-02   0.56919E-02
 1891.09   0.55914E-02   0.58197E-02   0.56207E-02
 1904.70   0.55236E-02   0.57485E-02   0.55507E-02
 1918.30   0.54569E-02   0.56784E-02   0.54819E-02
 1931.91   0.53915E-02   0.56097E-02   0.54143E-02
 1945.51   0.53274E-02   0.55422E-02   0.53480E-02
 1959.12   0.52646E-02   0.54760E-02   0.52830E-02
 1972.72   0.52032E-02   0.54112E-02   0.52193E-02
 1986.33   0.51429E-02   0.53475E-02   0.51567E-02
 1999.93   0.50836E-02   0.52848E-02   0.50952E-02
 2013.54   0.50253E-02   0.52232E-02   0.50346E-02
 2027.14   0.49681E-02   0.51625E-02   0.49750E-02
 2040.75   0.49118E-02   0.51028E-02   0.49165E-02
 2054.35   0.48565E-02   0.50441E-02   0.48589E-02
 2067.96   0.48029E-02   0.49871E-02   0.48030E-02
 2081.56   0.47497E-02   0.49306E-02   0.47476E-02
 2095.17   0.46975E-02   0.48751E-02   0.46931E-02
 2108.77   0.46461E-02   0.48204E-02   0.46395E-02
 2122.38   0.45954E-02   0.47664E-02   0.45866E-02
 2135.98   0.45452E-02   0.47131E-02   0.45343E-02
 2149.59   0.44973E-02   0.46620E-02   0.44843E-02
 2163.19   0.44488E-02   0.46105E-02   0.44338E-02
 2176.80   0.44015E-02   0.45601E-02   0.43845E-02
 2190.40   0.43550E-02   0.45107E-02   0.43361E-02
 2204.01   0.43092E-02   0.44619E-02   0.42884E-02
 2217.61   0.42640E-02   0.44138E-02   0.42412E-02
 2231.22   0.42191E-02   0.43660E-02   0.41945E-02
 2244.82   0.41765E-02   0.43206E-02   0.41500E-02
 2258.43   0.41333E-02   0.42746E-02   0.41051E-02
 2272.03   0.40911E-02   0.42295E-02   0.40610E-02
 2285.64   0.40497E-02   0.41853E-02   0.40178E-02
 2299.24   0.40089E-02   0.41417E-02   0.39752E-02
 2312.85   0.39686E-02   0.40987E-02   0.39331E-02
 2326.45   0.39282E-02   0.40553E-02   0.38908E-02
 2340.06   0.38907E-02   0.40151E-02   0.38515E-02
 2353.66   0.38523E-02   0.39739E-02   0.38112E-02
 2367.27   0.38146E-02   0.39334E-02   0.37717E-02
 2380.87   0.37776E-02   0.38936E-02   0.37329E-02
 2394.48   0.37413E-02   0.38545E-02   0.36947E-02
 2408.08   0.37055E-02   0.38159E-02   0.36570E-02
 2421.69   0.36699E-02   0.37775E-02   0.36197E-02
 2435.29   0.36357E-02   0.37406E-02   0.35836E-02
 2448.90   0.36013E-02   0.37034E-02   0.35474E-02
 2462.50   0.35675E-02   0.36669E-02   0.35118E-02
 2476.11   0.35342E-02   0.36309E-02   0.34768E-02
 2489.71   0.35014E-02   0.35955E-02   0.34423E-02
 2503.32   0.34692E-02   0.35607E-02   0.34084E-02
 2516.92   0.34373E-02   0.35263E-02   0.33749E-02
 2530.53   0.34061E-02   0.34925E-02   0.33421E-02
 2544.13   0.33751E-02   0.34590E-02   0.33095E-02
 2557.74   0.33445E-02   0.34259E-02   0.32773E-02
 2571.34   0.33142E-02   0.33933E-02   0.32456E-02
 2584.95   0.32845E-02   0.33611E-02   0.32143E-02
 2598.55   0.32552E-02   0.33295E-02   0.31836E-02
 2612.16   0.32264E-02   0.32984E-02   0.31533E-02
 2625.76   0.31980E-02   0.32677E-02   0.31235E-02
 2639.37   0.31700E-02   0.32374E-02   0.30941E-02
 2652.97   0.31423E-02   0.32074E-02   0.30650E-02
 2666.58   0.31149E-02   0.31778E-02   0.30363E-02
 2680.18   0.30879E-02   0.31486E-02   0.30079E-02
 2693.79   0.30613E-02   0.31197E-02   0.29799E-02
 2707.39   0.30350E-02   0.30911E-02   0.29521E-02
 2721.00   0.30097E-02   0.30635E-02   0.29255E-02
 2734.60   0.29843E-02   0.30359E-02   0.28986E-02
 2748.21   0.29593E-02   0.30086E-02   0.28723E-02
 2761.81   0.29346E-02   0.29817E-02   0.28462E-02
 2775.42   0.29103E-02   0.29551E-02   0.28204E-02
 2789.02   0.28861E-02   0.29288E-02   0.27949E-02
 2802.63   0.28622E-02   0.29026E-02   0.27696E-02
 2816.23   0.28388E-02   0.28769E-02   0.27448E-02
 2829.84   0.28162E-02   0.28522E-02   0.27209E-02
 2843.44   0.27934E-02   0.28272E-02   0.26967E-02
 2857.05   0.27710E-02   0.28026E-02   0.26729E-02
 2870.65   0.27488E-02   0.27783E-02   0.26495E-02
 2884.26   0.27269E-02   0.27543E-02   0.26263E-02
 2897.86   0.27051E-02   0.27304E-02   0.26032E-02
 2911.47   0.26832E-02   0.27064E-02   0.25801E-02
 2925.07   0.26632E-02   0.26845E-02   0.25589E-02
 2938.68   0.26418E-02   0.26612E-02   0.25364E-02
 2952.28   0.26211E-02   0.26385E-02   0.25145E-02
 2965.89   0.26007E-02   0.26162E-02   0.24930E-02
 2979.49   0.25806E-02   0.25942E-02   0.24718E-02
 2993.10   0.25607E-02   0.25724E-02   0.24509E-02
 3006.70   0.25409E-02   0.25508E-02   0.24301E-02
 3020.31   0.25212E-02   0.25292E-02   0.24093E-02
 3033.91   0.25027E-02   0.25090E-02   0.23898E-02
 3047.52   0.24835E-02   0.24880E-02   0.23696E-02
 3061.12   0.24646E-02   0.24673E-02   0.23497E-02
 3074.73   0.24461E-02   0.24470E-02   0.23302E-02
 3088.33   0.24278E-02   0.24270E-02   0.23110E-02
 3101.94   0.24098E-02   0.24073E-02   0.22920E-02
 3115.54   0.23920E-02   0.23877E-02   0.22732E-02
 3129.15   0.23742E-02   0.23681E-02   0.22544E-02
 3142.75   0.23573E-02   0.23496E-02   0.22365E-02
 3156.36   0.23400E-02   0.23305E-02   0.22183E-02
 3169.96   0.23230E-02   0.23117E-02   0.22002E-02
 3183.57   0.23062E-02   0.22932E-02   0.21824E-02
 3197.17   0.22896E-02   0.22749E-02   0.21649E-02
 3210.78   0.22733E-02   0.22569E-02   0.21476E-02
 3224.38   0.22572E-02   0.22391E-02   0.21306E-02
 3237.99   0.22412E-02   0.22214E-02   0.21136E-02
 3251.59   0.22256E-02   0.22041E-02   0.20971E-02
 3265.20   0.22100E-02   0.21869E-02   0.20805E-02
 3278.80   0.21945E-02   0.21697E-02   0.20641E-02
 3292.41   0.21792E-02   0.21527E-02   0.20479E-02
 3306.01   0.21640E-02   0.21360E-02   0.20319E-02
 3319.62   0.21490E-02   0.21194E-02   0.20160E-02
 3333.22   0.21342E-02   0.21031E-02   0.20004E-02
 3346.83   0.21196E-02   0.20870E-02   0.19850E-02
 3360.43   0.21052E-02   0.20710E-02   0.19698E-02
 3374.04   0.20909E-02   0.20553E-02   0.19548E-02
 3387.64   0.20767E-02   0.20396E-02   0.19398E-02
 3401.25   0.20626E-02   0.20241E-02   0.19250E-02
 3414.85   0.20487E-02   0.20087E-02   0.19103E-02
 3428.46   0.20348E-02   0.19935E-02   0.18958E-02
 3442.06   0.20211E-02   0.19784E-02   0.18814E-02
 3455.67   0.20074E-02   0.19634E-02   0.18671E-02
 3469.27   0.19945E-02   0.19491E-02   0.18535E-02
 3482.88   0.19812E-02   0.19345E-02   0.18396E-02
 3496.48   0.19682E-02   0.19202E-02   0.18260E-02
 3510.09   0.19553E-02   0.19060E-02   0.18125E-02
 3523.69   0.19425E-02   0.18919E-02   0.17991E-02
 3537.30   0.19298E-02   0.18779E-02   0.17857E-02
 3550.90   0.19172E-02   0.18640E-02   0.17725E-02
 3564.51   0.19046E-02   0.18502E-02   0.17593E-02
 3578.11   0.18920E-02   0.18363E-02   0.17462E-02
 3591.72   0.18807E-02   0.18237E-02   0.17342E-02
 3605.32   0.18687E-02   0.18104E-02   0.17215E-02
 3618.93   0.18569E-02   0.17973E-02   0.17091E-02
 3632.53   0.18452E-02   0.17844E-02   0.16969E-02
 3646.14   0.18337E-02   0.17716E-02   0.16847E-02
 3659.74   0.18221E-02   0.17588E-02   0.16726E-02
 3673.35   0.18107E-02   0.17461E-02   0.16605E-02
 3686.95   0.17988E-02   0.17330E-02   0.16481E-02
 3700.56   0.17890E-02   0.17220E-02   0.16377E-02
 3714.16   0.17776E-02   0.17093E-02   0.16257E-02
 3727.77   0.17666E-02   0.16971E-02   0.16141E-02
 3741.37   0.17558E-02   0.16851E-02   0.16028E-02
 3754.98   0.17451E-02   0.16733E-02   0.15916E-02
 3768.58   0.17345E-02   0.16616E-02   0.15805E-02
 3782.19   0.17240E-02   0.16499E-02   0.15695E-02
 3795.79   0.17135E-02   0.16383E-02   0.15585E-02
 3809.40   0.17028E-02   0.16265E-02   0.15473E-02
 3823.00   0.16935E-02   0.16161E-02   0.15375E-02
 3836.61   0.16830E-02   0.16046E-02   0.15266E-02
 3850.21   0.16728E-02   0.15934E-02   0.15161E-02
 3863.82   0.16628E-02   0.15824E-02   0.15057E-02
 3877.42   0.16529E-02   0.15715E-02   0.14954E-02
 3891.03   0.16432E-02   0.15608E-02   0.14853E-02
 3904.63   0.16335E-02   0.15502E-02   0.14752E-02
 3918.24   0.16238E-02   0.15395E-02   0.14652E-02
 3931.84   0.16139E-02   0.15287E-02   0.14550E-02
 3945.45   0.16052E-02   0.15191E-02   0.14459E-02
 3959.05   0.15956E-02   0.15086E-02   0.14361E-02
 3972.66   0.15862E-02   0.14983E-02   0.14264E-02
 3986.26   0.15770E-02   0.14882E-02   0.14168E-02
 3999.87   0.15678E-02   0.14781E-02   0.14074E-02
 4013.47   0.15588E-02   0.14682E-02   0.13981E-02
 4027.08   0.15500E-02   0.14585E-02   0.13889E-02
 4040.68   0.15411E-02   0.14488E-02   0.13798E-02
 4054.29   0.15323E-02   0.14391E-02   0.13706E-02
 4067.89   0.15239E-02   0.14298E-02   0.13619E-02
 4081.50   0.15153E-02   0.14203E-02   0.13530E-02
 4095.10   0.15067E-02   0.14109E-02   0.13442E-02
 4108.71   0.14982E-02   0.14015E-02   0.13354E-02
 4122.31   0.14898E-02   0.13923E-02   0.13266E-02
 4135.92   0.14815E-02   0.13831E-02   0.13181E-02
 4149.52   0.14733E-02   0.13741E-02   0.13096E-02
 4163.13   0.14652E-02   0.13652E-02   0.13012E-02
 4176.73   0.14572E-02   0.13563E-02   0.12930E-02
 4190.34   0.14493E-02   0.13476E-02   0.12848E-02
 4203.94   0.14414E-02   0.13389E-02   0.12766E-02
 4217.55   0.14336E-02   0.13303E-02   0.12685E-02
 4231.15   0.14257E-02   0.13217E-02   0.12605E-02
 4244.76   0.14179E-02   0.13131E-02   0.12525E-02
 4258.36   0.14101E-02   0.13046E-02   0.12445E-02
 4271.97   0.14024E-02   0.12962E-02   0.12366E-02
 4285.57   0.13948E-02   0.12879E-02   0.12288E-02
 4299.18   0.13873E-02   0.12797E-02   0.12212E-02
 4312.78   0.13801E-02   0.12718E-02   0.12138E-02
 4326.39   0.13727E-02   0.12637E-02   0.12062E-02
 4339.99   0.13653E-02   0.12558E-02   0.11988E-02
 4353.60   0.13581E-02   0.12479E-02   0.11914E-02
 4367.20   0.13508E-02   0.12400E-02   0.11841E-02
 4380.81   0.13435E-02   0.12321E-02   0.11768E-02
 4394.41   0.13363E-02   0.12243E-02   0.11695E-02
 4408.02   0.13291E-02   0.12166E-02   0.11622E-02
 4421.62   0.13218E-02   0.12087E-02   0.11549E-02
 4435.23   0.13158E-02   0.12021E-02   0.11487E-02
 4448.83   0.13084E-02   0.11942E-02   0.11413E-02
 4462.44   0.13015E-02   0.11868E-02   0.11344E-02
 4476.04   0.12947E-02   0.11795E-02   0.11276E-02
 4489.65   0.12880E-02   0.11722E-02   0.11209E-02
 4503.25   0.12813E-02   0.11650E-02   0.11142E-02
 4516.86   0.12746E-02   0.11578E-02   0.11075E-02
 4530.46   0.12679E-02   0.11507E-02   0.11008E-02
 4544.07   0.12612E-02   0.11434E-02   0.10940E-02
 4557.67   0.12545E-02   0.11362E-02   0.10873E-02
 4571.28   0.12489E-02   0.11301E-02   0.10816E-02
 4584.88   0.12423E-02   0.11230E-02   0.10750E-02
 4598.49   0.12359E-02   0.11161E-02   0.10686E-02
 4612.09   0.12297E-02   0.11094E-02   0.10624E-02
 4625.70   0.12235E-02   0.11027E-02   0.10562E-02
 4639.30   0.12174E-02   0.10961E-02   0.10500E-02
 4652.91   0.12113E-02   0.10895E-02   0.10439E-02
 4666.51   0.12051E-02   0.10829E-02   0.10377E-02
 4680.12   0.11987E-02   0.10761E-02   0.10314E-02
 4693.72   0.11921E-02   0.10691E-02   0.10249E-02
 4707.33   0.11875E-02   0.10639E-02   0.10202E-02
 4720.93   0.11814E-02   0.10574E-02   0.10141E-02
 4734.54   0.11754E-02   0.10510E-02   0.10082E-02
 4748.14   0.11696E-02   0.10448E-02   0.10024E-02
 4761.75   0.11638E-02   0.10386E-02   0.99667E-03
 4775.35   0.11581E-02   0.10325E-02   0.99102E-03
 4788.96   0.11524E-02   0.10265E-02   0.98541E-03
 4802.56   0.11467E-02   0.10204E-02   0.97979E-03
 4816.17   0.11408E-02   0.10142E-02   0.97397E-03
 4829.77   0.11364E-02   0.10093E-02   0.96954E-03
 4843.38   0.11302E-02   0.10029E-02   0.96356E-03
 4856.98   0.11245E-02   0.99690E-03   0.95800E-03
 4870.59   0.11189E-02   0.99100E-03   0.95254E-03
 4884.19   0.11133E-02   0.98519E-03   0.94715E-03
 4897.80   0.11078E-02   0.97946E-03   0.94185E-03
 4911.40   0.11025E-02   0.97381E-03   0.93662E-03
 4925.01   0.10971E-02   0.96823E-03   0.93146E-03
 4938.61   0.10918E-02   0.96269E-03   0.92633E-03
 4952.22   0.10864E-02   0.95706E-03   0.92112E-03
 4965.82   0.10817E-02   0.95206E-03   0.91652E-03
 4979.43   0.10763E-02   0.94644E-03   0.91132E-03
 4993.03   0.10710E-02   0.94096E-03   0.90625E-03
 5006.64   0.10657E-02   0.93552E-03   0.90121E-03
 5020.24   0.10605E-02   0.93012E-03   0.89622E-03
 5033.85   0.10554E-02   0.92478E-03   0.89129E-03
 5047.45   0.10503E-02   0.91951E-03   0.88642E-03
 5061.06   0.10453E-02   0.91432E-03   0.88162E-03
 5074.66   0.10404E-02   0.90919E-03   0.87689E-03
 5088.27   0.10355E-02   0.90412E-03   0.87221E-03
 5101.87   0.10307E-02   0.89913E-03   0.86761E-03
 5115.48   0.10259E-02   0.89412E-03   0.86299E-03
 5129.08   0.10211E-02   0.88913E-03   0.85838E-03
 5142.69   0.10163E-02   0.88413E-03   0.85377E-03
 5156.29   0.10114E-02   0.87915E-03   0.84917E-03
 5169.90   0.10066E-02   0.87418E-03   0.84459E-03
 5183.50   0.10019E-02   0.86926E-03   0.84004E-03
 5197.11   0.99715E-03   0.86438E-03   0.83554E-03
 5210.71   0.99248E-03   0.85957E-03   0.83111E-03
 5224.32   0.98787E-03   0.85482E-03   0.82672E-03
 5237.92   0.98340E-03   0.85019E-03   0.82246E-03
 5251.53   0.97894E-03   0.84559E-03   0.81823E-03
 5265.13   0.97447E-03   0.84099E-03   0.81399E-03
 5278.74   0.97000E-03   0.83641E-03   0.80977E-03
 5292.34   0.96553E-03   0.83183E-03   0.80556E-03
 5305.95   0.96103E-03   0.82725E-03   0.80134E-03
 5319.55   0.95653E-03   0.82267E-03   0.79712E-03
 5333.16   0.95202E-03   0.81811E-03   0.79291E-03
 5346.76   0.94752E-03   0.81357E-03   0.78873E-03
 5360.37   0.94301E-03   0.80903E-03   0.78454E-03
 5373.97   0.93868E-03   0.80466E-03   0.78052E-03
 5387.58   0.93476E-03   0.80066E-03   0.77686E-03
 5401.18   0.93039E-03   0.79628E-03   0.77282E-03
 5414.79   0.92614E-03   0.79201E-03   0.76890E-03
 5428.39   0.92192E-03   0.78779E-03   0.76502E-03
 5442.00   0.91771E-03   0.78358E-03   0.76115E-03
 5455.60   0.91348E-03   0.77937E-03   0.75728E-03
 5469.21   0.90923E-03   0.77516E-03   0.75339E-03
 5482.81   0.90495E-03   0.77092E-03   0.74950E-03
 5496.42   0.90062E-03   0.76666E-03   0.74557E-03
 5510.02   0.89596E-03   0.76212E-03   0.74137E-03
 5523.63   0.89349E-03   0.75946E-03   0.73899E-03
 5537.23   0.88872E-03   0.75484E-03   0.73472E-03
 5550.84   0.88456E-03   0.75076E-03   0.73096E-03
 5564.44   0.88053E-03   0.74679E-03   0.72731E-03
 5578.05   0.87657E-03   0.74288E-03   0.72372E-03
 5591.65   0.87264E-03   0.73900E-03   0.72016E-03
 5605.26   0.86871E-03   0.73514E-03   0.71661E-03
 5618.86   0.86476E-03   0.73126E-03   0.71304E-03
 5632.47   0.86077E-03   0.72735E-03   0.70944E-03
 5646.07   0.85664E-03   0.72333E-03   0.70573E-03
 5659.68   0.85257E-03   0.71936E-03   0.70208E-03
 5673.28   0.84987E-03   0.71657E-03   0.69957E-03
 5686.89   0.84567E-03   0.71250E-03   0.69581E-03
 5700.49   0.84176E-03   0.70869E-03   0.69230E-03
 5714.10   0.83796E-03   0.70498E-03   0.68889E-03
 5727.70   0.83424E-03   0.70134E-03   0.68555E-03
 5741.31   0.83057E-03   0.69775E-03   0.68225E-03
 5754.91   0.82693E-03   0.69419E-03   0.67898E-03
 5768.52   0.82328E-03   0.69063E-03   0.67572E-03
 5782.12   0.81958E-03   0.68704E-03   0.67242E-03
 5795.73   0.81569E-03   0.68330E-03   0.66897E-03
 5809.33   0.81172E-03   0.67950E-03   0.66546E-03
 5822.94   0.80927E-03   0.67698E-03   0.66320E-03
 5836.54   0.80541E-03   0.67329E-03   0.65981E-03
 5850.15   0.80171E-03   0.66974E-03   0.65654E-03
 5863.75   0.79808E-03   0.66627E-03   0.65335E-03
 5877.36   0.79452E-03   0.66286E-03   0.65022E-03
 5890.96   0.79101E-03   0.65951E-03   0.64714E-03
 5904.57   0.78755E-03   0.65620E-03   0.64411E-03
 5918.17   0.78411E-03   0.65292E-03   0.64110E-03
 5931.78   0.78066E-03   0.64965E-03   0.63809E-03
 5945.38   0.77708E-03   0.64628E-03   0.63499E-03
 5958.99   0.77332E-03   0.64277E-03   0.63175E-03
 5972.59   0.77071E-03   0.64022E-03   0.62946E-03
 5986.20   0.76715E-03   0.63690E-03   0.62640E-03
 5999.80   0.76364E-03   0.63362E-03   0.62339E-03
 6013.41   0.76017E-03   0.63038E-03   0.62041E-03
 6027.01   0.75672E-03   0.62718E-03   0.61747E-03
 6040.62   0.75333E-03   0.62403E-03   0.61457E-03
 6054.22   0.74999E-03   0.62093E-03   0.61173E-03
 6067.83   0.74670E-03   0.61788E-03   0.60893E-03
 6081.43   0.74345E-03   0.61487E-03   0.60616E-03
 6095.04   0.74020E-03   0.61186E-03   0.60341E-03
 6108.64   0.73685E-03   0.60879E-03   0.60058E-03
 6122.25   0.73389E-03   0.60603E-03   0.59806E-03
 6135.85   0.73064E-03   0.60304E-03   0.59532E-03
 6149.46   0.72738E-03   0.60005E-03   0.59257E-03
 6163.06   0.72412E-03   0.59707E-03   0.58983E-03
 6176.67   0.72086E-03   0.59408E-03   0.58708E-03
 6190.27   0.71762E-03   0.59112E-03   0.58436E-03
 6203.88   0.71442E-03   0.58820E-03   0.58167E-03
 6217.48   0.71127E-03   0.58531E-03   0.57902E-03
 6231.09   0.70817E-03   0.58248E-03   0.57641E-03
 6244.69   0.70512E-03   0.57969E-03   0.57385E-03
 6258.30   0.70213E-03   0.57696E-03   0.57135E-03
 6271.90   0.69914E-03   0.57422E-03   0.56884E-03
 6285.51   0.69616E-03   0.57150E-03   0.56634E-03
 6299.11   0.69317E-03   0.56878E-03   0.56385E-03
 6312.72   0.69016E-03   0.56605E-03   0.56134E-03
 6326.32   0.68714E-03   0.56331E-03   0.55881E-03
 6339.93   0.68409E-03   0.56056E-03   0.55628E-03
 6353.53   0.68105E-03   0.55781E-03   0.55375E-03
 6367.14   0.67801E-03   0.55508E-03   0.55124E-03
 6380.74   0.67500E-03   0.55237E-03   0.54874E-03
 6394.35   0.67200E-03   0.54967E-03   0.54626E-03
 6407.95   0.66916E-03   0.54713E-03   0.54392E-03
 6421.56   0.66655E-03   0.54476E-03   0.54176E-03
 6435.16   0.66361E-03   0.54214E-03   0.53935E-03
 6448.77   0.66077E-03   0.53961E-03   0.53703E-03
 6462.37   0.65795E-03   0.53710E-03   0.53472E-03
 6475.98   0.65511E-03   0.53459E-03   0.53242E-03
 6489.58   0.65226E-03   0.53207E-03   0.53010E-03
 6503.19   0.64938E-03   0.52953E-03   0.52776E-03
 6516.79   0.64647E-03   0.52698E-03   0.52541E-03
 6530.40   0.64353E-03   0.52442E-03   0.52304E-03
 6544.00   0.64056E-03   0.52184E-03   0.52066E-03
 6557.61   0.63737E-03   0.51908E-03   0.51809E-03
 6571.21   0.63454E-03   0.51663E-03   0.51583E-03
 6584.82   0.63262E-03   0.51492E-03   0.51431E-03
 6598.42   0.62975E-03   0.51245E-03   0.51203E-03
 6612.03   0.62700E-03   0.51008E-03   0.50985E-03
 6625.63   0.62429E-03   0.50775E-03   0.50771E-03
 6639.24   0.62159E-03   0.50543E-03   0.50558E-03
 6652.84   0.61888E-03   0.50312E-03   0.50344E-03
 6666.45   0.61615E-03   0.50079E-03   0.50130E-03
 6680.05   0.61339E-03   0.49843E-03   0.49912E-03
 6693.66   0.61056E-03   0.49604E-03   0.49690E-03
 6707.26   0.60761E-03   0.49354E-03   0.49458E-03
 6720.87   0.60483E-03   0.49119E-03   0.49241E-03
 6734.47   0.60335E-03   0.48990E-03   0.49130E-03
 6748.08   0.60023E-03   0.48728E-03   0.48884E-03
 6761.68   0.59747E-03   0.48495E-03   0.48669E-03
 6775.29   0.59481E-03   0.48271E-03   0.48462E-03
 6788.89   0.59222E-03   0.48053E-03   0.48261E-03
 6802.50   0.58967E-03   0.47838E-03   0.48063E-03
 6816.10   0.58713E-03   0.47625E-03   0.47866E-03
 6829.71   0.58459E-03   0.47411E-03   0.47669E-03
 6843.31   0.58202E-03   0.47196E-03   0.47470E-03
 6856.92   0.57938E-03   0.46975E-03   0.47265E-03
 6870.52   0.57651E-03   0.46735E-03   0.47041E-03
 6884.13   0.57376E-03   0.46506E-03   0.46828E-03
 6897.73   0.57251E-03   0.46399E-03   0.46737E-03
 6911.34   0.56969E-03   0.46164E-03   0.46517E-03
 6924.94   0.56706E-03   0.45945E-03   0.46314E-03
 6938.55   0.56452E-03   0.45734E-03   0.46118E-03
 6952.15   0.56204E-03   0.45528E-03   0.45927E-03
 6965.76   0.55961E-03   0.45326E-03   0.45741E-03
 6979.36   0.55721E-03   0.45128E-03   0.45558E-03
 6992.97   0.55484E-03   0.44932E-03   0.45376E-03
 7006.57   0.55245E-03   0.44735E-03   0.45194E-03
 7020.18   0.55002E-03   0.44535E-03   0.45008E-03
 7033.78   0.54737E-03   0.44317E-03   0.44805E-03
 7047.39   0.54470E-03   0.44099E-03   0.44601E-03
 7060.99   0.54337E-03   0.43990E-03   0.44507E-03
 7074.60   0.54079E-03   0.43780E-03   0.44311E-03
 7088.20   0.53830E-03   0.43577E-03   0.44122E-03
 7101.81   0.53585E-03   0.43379E-03   0.43937E-03
 7115.41   0.53344E-03   0.43184E-03   0.43756E-03
 7129.02   0.53107E-03   0.42993E-03   0.43578E-03
 7142.62   0.52874E-03   0.42806E-03   0.43405E-03
 7156.23   0.52645E-03   0.42622E-03   0.43235E-03
 7169.83   0.52418E-03   0.42441E-03   0.43067E-03
 7183.44   0.52191E-03   0.42260E-03   0.42899E-03
 7197.04   0.51956E-03   0.42074E-03   0.42726E-03
 7210.65   0.51711E-03   0.41880E-03   0.42544E-03
 7224.25   0.51535E-03   0.41742E-03   0.42419E-03
 7237.86   0.51300E-03   0.41557E-03   0.42247E-03
 7251.46   0.51066E-03   0.41373E-03   0.42075E-03
 7265.07   0.50832E-03   0.41189E-03   0.41904E-03
 7278.67   0.50599E-03   0.41006E-03   0.41733E-03
 7292.28   0.50368E-03   0.40825E-03   0.41564E-03
 7305.88   0.50139E-03   0.40647E-03   0.41398E-03
 7319.49   0.49915E-03   0.40473E-03   0.41235E-03
 7333.09   0.49694E-03   0.40302E-03   0.41076E-03
 7346.70   0.49478E-03   0.40134E-03   0.40920E-03
 7360.30   0.49264E-03   0.39969E-03   0.40766E-03
 7373.91   0.49049E-03   0.39803E-03   0.40612E-03
 7387.51   0.48842E-03   0.39643E-03   0.40464E-03
 7401.12   0.48629E-03   0.39480E-03   0.40311E-03
 7414.72   0.48414E-03   0.39315E-03   0.40157E-03
 7428.33   0.48198E-03   0.39148E-03   0.40001E-03
 7441.93   0.47980E-03   0.38980E-03   0.39844E-03
 7455.54   0.47760E-03   0.38811E-03   0.39686E-03
 7469.14   0.47541E-03   0.38643E-03   0.39528E-03
 7482.75   0.47324E-03   0.38476E-03   0.39371E-03
 7496.35   0.47109E-03   0.38312E-03   0.39217E-03
 7509.96   0.46897E-03   0.38150E-03   0.39065E-03
 7523.56   0.46688E-03   0.37990E-03   0.38916E-03
 7537.17   0.46493E-03   0.37842E-03   0.38778E-03
 7550.77   0.46300E-03   0.37695E-03   0.38641E-03
 7564.38   0.46098E-03   0.37541E-03   0.38497E-03
 7577.98   0.45899E-03   0.37391E-03   0.38356E-03
 7591.59   0.45700E-03   0.37240E-03   0.38215E-03
 7605.19   0.45499E-03   0.37087E-03   0.38072E-03
 7618.80   0.45296E-03   0.36934E-03   0.37928E-03
 7632.40   0.45091E-03   0.36778E-03   0.37782E-03
 7646.01   0.44883E-03   0.36622E-03   0.37634E-03
 7659.61   0.44675E-03   0.36465E-03   0.37486E-03
 7673.22   0.44467E-03   0.36307E-03   0.37337E-03
 7686.82   0.44256E-03   0.36149E-03   0.37187E-03
 7700.43   0.44018E-03   0.35968E-03   0.37014E-03
 7714.03   0.43940E-03   0.35918E-03   0.36976E-03
 7727.64   0.43707E-03   0.35742E-03   0.36808E-03
 7741.24   0.43509E-03   0.35596E-03   0.36669E-03
 7754.85   0.43318E-03   0.35454E-03   0.36536E-03
 7768.45   0.43128E-03   0.35315E-03   0.36405E-03
 7782.06   0.42938E-03   0.35175E-03   0.36274E-03
 7795.66   0.42746E-03   0.35034E-03   0.36141E-03
 7809.27   0.42551E-03   0.34892E-03   0.36006E-03
 7822.87   0.42354E-03   0.34747E-03   0.35869E-03
 7836.48   0.42152E-03   0.34600E-03   0.35729E-03
 7850.08   0.41946E-03   0.34448E-03   0.35585E-03
 7863.69   0.41722E-03   0.34284E-03   0.35427E-03
 7877.29   0.41536E-03   0.34149E-03   0.35300E-03
 7890.90   0.41443E-03   0.34092E-03   0.35253E-03
 7904.50   0.41225E-03   0.33933E-03   0.35100E-03
 7918.11   0.41030E-03   0.33792E-03   0.34966E-03
 7931.71   0.40842E-03   0.33658E-03   0.34839E-03
 7945.32   0.40659E-03   0.33527E-03   0.34715E-03
 7958.92   0.40477E-03   0.33398E-03   0.34593E-03
 7972.53   0.40295E-03   0.33269E-03   0.34471E-03
 7986.13   0.40112E-03   0.33139E-03   0.34348E-03
 7999.74   0.39926E-03   0.33007E-03   0.34222E-03
 8013.34   0.39735E-03   0.32871E-03   0.34092E-03
 8026.95   0.39535E-03   0.32727E-03   0.33954E-03
 8040.55   0.39291E-03   0.32548E-03   0.33779E-03
 8054.16   0.39104E-03   0.32415E-03   0.33652E-03
 8067.76   0.39062E-03   0.32402E-03   0.33650E-03
 8081.37   0.38856E-03   0.32254E-03   0.33507E-03
 8094.97   0.38667E-03   0.32119E-03   0.33378E-03
 8108.58   0.38485E-03   0.31991E-03   0.33255E-03
 8122.18   0.38309E-03   0.31867E-03   0.33137E-03
 8135.79   0.38136E-03   0.31746E-03   0.33022E-03
 8149.39   0.37965E-03   0.31627E-03   0.32908E-03
 8163.00   0.37795E-03   0.31508E-03   0.32795E-03
 8176.60   0.37624E-03   0.31388E-03   0.32681E-03
 8190.21   0.37449E-03   0.31266E-03   0.32563E-03
 8203.81   0.37264E-03   0.31134E-03   0.32437E-03
 8217.42   0.37016E-03   0.30950E-03   0.32255E-03
 8231.02   0.37058E-03   0.31009E-03   0.32327E-03
 8244.63   0.36814E-03   0.30828E-03   0.32148E-03
 8258.23   0.36625E-03   0.30694E-03   0.32018E-03
 8271.84   0.36445E-03   0.30567E-03   0.31895E-03
 8285.44   0.36270E-03   0.30445E-03   0.31777E-03
 8299.05   0.36100E-03   0.30326E-03   0.31663E-03
 8312.65   0.35933E-03   0.30210E-03   0.31552E-03
 8326.26   0.35770E-03   0.30098E-03   0.31444E-03
 8339.86   0.35609E-03   0.29987E-03   0.31338E-03
 8353.47   0.35450E-03   0.29878E-03   0.31234E-03
 8367.07   0.35290E-03   0.29769E-03   0.31128E-03
 8380.68   0.35124E-03   0.29654E-03   0.31018E-03
 8394.28   0.34917E-03   0.29505E-03   0.30871E-03
 8407.89   0.34874E-03   0.29495E-03   0.30870E-03
 8421.49   0.34680E-03   0.29358E-03   0.30735E-03
 8435.10   0.34508E-03   0.29239E-03   0.30620E-03
 8448.70   0.34339E-03   0.29123E-03   0.30507E-03
 8462.31   0.34171E-03   0.29008E-03   0.30396E-03
 8475.91   0.34005E-03   0.28895E-03   0.30286E-03
 8489.52   0.33842E-03   0.28784E-03   0.30178E-03
 8503.12   0.33682E-03   0.28676E-03   0.30073E-03
 8516.73   0.33524E-03   0.28570E-03   0.29971E-03
 8530.33   0.33370E-03   0.28468E-03   0.29872E-03
 8543.94   0.33218E-03   0.28367E-03   0.29775E-03
 8557.54   0.33067E-03   0.28267E-03   0.29679E-03
 8571.15   0.32910E-03   0.28163E-03   0.29577E-03
 8584.75   0.32784E-03   0.28085E-03   0.29503E-03
 8598.36   0.32625E-03   0.27979E-03   0.29400E-03
 8611.96   0.32471E-03   0.27877E-03   0.29301E-03
 8625.57   0.32315E-03   0.27774E-03   0.29201E-03
 8639.17   0.32158E-03   0.27669E-03   0.29099E-03
 8652.78   0.32000E-03   0.27564E-03   0.28996E-03
 8666.38   0.31842E-03   0.27459E-03   0.28894E-03
 8679.99   0.31685E-03   0.27355E-03   0.28792E-03
 8693.59   0.31530E-03   0.27253E-03   0.28692E-03
 8707.20   0.31379E-03   0.27153E-03   0.28594E-03
 8720.80   0.31230E-03   0.27056E-03   0.28500E-03
 8734.41   0.31084E-03   0.26962E-03   0.28408E-03
 8748.01   0.30941E-03   0.26869E-03   0.28317E-03
 8761.62   0.30804E-03   0.26782E-03   0.28232E-03
 8775.22   0.30662E-03   0.26691E-03   0.28143E-03
 8788.83   0.30522E-03   0.26601E-03   0.28056E-03
 8802.43   0.30381E-03   0.26510E-03   0.27967E-03
 8816.04   0.30239E-03   0.26417E-03   0.27876E-03
 8829.64   0.30094E-03   0.26323E-03   0.27783E-03
 8843.25   0.29948E-03   0.26227E-03   0.27689E-03
 8856.85   0.29801E-03   0.26130E-03   0.27593E-03
 8870.46   0.29653E-03   0.26032E-03   0.27497E-03
 8884.06   0.29506E-03   0.25935E-03   0.27401E-03
 8897.67   0.29360E-03   0.25839E-03   0.27306E-03
 8911.27   0.29215E-03   0.25743E-03   0.27212E-03
 8924.88   0.29068E-03   0.25646E-03   0.27115E-03
 8938.48   0.28945E-03   0.25570E-03   0.27041E-03
 8952.09   0.28832E-03   0.25502E-03   0.26976E-03
 8965.69   0.28692E-03   0.25411E-03   0.26885E-03
 8979.30   0.28560E-03   0.25326E-03   0.26802E-03
 8992.90   0.28428E-03   0.25242E-03   0.26719E-03
 9006.51   0.28297E-03   0.25158E-03   0.26636E-03
 9020.11   0.28164E-03   0.25072E-03   0.26552E-03
 9033.72   0.28029E-03   0.24985E-03   0.26465E-03
 9047.32   0.27892E-03   0.24896E-03   0.26377E-03
 9060.93   0.27753E-03   0.24805E-03   0.26286E-03
 9074.53   0.27612E-03   0.24713E-03   0.26194E-03
 9088.14   0.27470E-03   0.24619E-03   0.26100E-03
 9101.74   0.27322E-03   0.24520E-03   0.26001E-03
 9115.35   0.27132E-03   0.24383E-03   0.25862E-03
 9128.95   0.27170E-03   0.24452E-03   0.25940E-03
 9142.56   0.26981E-03   0.24316E-03   0.25801E-03
 9156.16   0.26843E-03   0.24226E-03   0.25711E-03
 9169.77   0.26713E-03   0.24144E-03   0.25629E-03
 9183.37   0.26587E-03   0.24064E-03   0.25550E-03
 9196.98   0.26462E-03   0.23987E-03   0.25473E-03
 9210.58   0.26337E-03   0.23909E-03   0.25395E-03
 9224.19   0.26211E-03   0.23830E-03   0.25317E-03
 9237.79   0.26083E-03   0.23750E-03   0.25236E-03
 9251.40   0.25952E-03   0.23667E-03   0.25152E-03
 9265.00   0.25818E-03   0.23580E-03   0.25066E-03
 9278.61   0.25678E-03   0.23489E-03   0.24973E-03
 9292.21   0.25521E-03   0.23381E-03   0.24864E-03
 9305.82   0.25402E-03   0.23309E-03   0.24791E-03
 9319.42   0.25386E-03   0.23332E-03   0.24820E-03
 9333.03   0.25220E-03   0.23216E-03   0.24702E-03
 9346.63   0.25084E-03   0.23128E-03   0.24612E-03
 9360.24   0.24956E-03   0.23047E-03   0.24531E-03
 9373.84   0.24833E-03   0.22971E-03   0.24454E-03
 9387.45   0.24713E-03   0.22898E-03   0.24380E-03
 9401.05   0.24595E-03   0.22826E-03   0.24308E-03
 9414.66   0.24477E-03   0.22754E-03   0.24236E-03
 9428.26   0.24359E-03   0.22682E-03   0.24163E-03
 9441.87   0.24239E-03   0.22607E-03   0.24088E-03
 9455.47   0.24115E-03   0.22529E-03   0.24008E-03
 9469.08   0.23983E-03   0.22444E-03   0.23922E-03
 9482.68   0.23825E-03   0.22333E-03   0.23808E-03
 9496.29   0.23709E-03   0.22263E-03   0.23736E-03
 9509.89   0.23704E-03   0.22296E-03   0.23775E-03
 9523.50   0.23556E-03   0.22194E-03   0.23671E-03
 9537.10   0.23426E-03   0.22110E-03   0.23584E-03
 9550.71   0.23303E-03   0.22031E-03   0.23504E-03
 9564.31   0.23185E-03   0.21957E-03   0.23428E-03
 9577.92   0.23070E-03   0.21886E-03   0.23355E-03
 9591.52   0.22958E-03   0.21817E-03   0.23286E-03
 9605.13   0.22848E-03   0.21750E-03   0.23218E-03
 9618.73   0.22740E-03   0.21685E-03   0.23151E-03
 9632.34   0.22631E-03   0.21618E-03   0.23083E-03
 9645.94   0.22520E-03   0.21550E-03   0.23014E-03
 9659.55   0.22404E-03   0.21476E-03   0.22938E-03
 9673.15   0.22264E-03   0.21380E-03   0.22838E-03
 9686.76   0.22151E-03   0.21309E-03   0.22765E-03
 9700.36   0.22130E-03   0.21326E-03   0.22787E-03
 9713.97   0.22002E-03   0.21240E-03   0.22698E-03
 9727.57   0.21883E-03   0.21163E-03   0.22618E-03
 9741.18   0.21767E-03   0.21089E-03   0.22541E-03
 9754.78   0.21654E-03   0.21017E-03   0.22467E-03
 9768.39   0.21543E-03   0.20947E-03   0.22395E-03
 9781.99   0.21435E-03   0.20880E-03   0.22326E-03
 9795.60   0.21330E-03   0.20815E-03   0.22259E-03
 9809.20   0.21227E-03   0.20753E-03   0.22195E-03
 9822.81   0.21125E-03   0.20692E-03   0.22133E-03
 9836.41   0.21025E-03   0.20632E-03   0.22071E-03
 9850.02   0.20923E-03   0.20570E-03   0.22007E-03
 9863.62   0.20812E-03   0.20501E-03   0.21935E-03
 9877.23   0.20704E-03   0.20432E-03   0.21864E-03
 9890.83   0.20645E-03   0.20413E-03   0.21846E-03
 9904.44   0.20535E-03   0.20344E-03   0.21774E-03
 9918.04   0.20428E-03   0.20277E-03   0.21704E-03
 9931.65   0.20321E-03   0.20210E-03   0.21635E-03
 9945.25   0.20214E-03   0.20143E-03   0.21565E-03
 9958.86   0.20107E-03   0.20076E-03   0.21495E-03
 9972.46   0.20002E-03   0.20011E-03   0.21427E-03
 9986.07   0.19898E-03   0.19947E-03   0.21361E-03
 9999.67   0.19797E-03   0.19885E-03   0.21296E-03
