  136.05   0.88679E+00   0.89766E+00   0.83764E+00
  149.65   0.92580E+00   0.93676E+00   0.88057E+00
  163.26   0.95321E+00   0.96419E+00   0.91157E+00
  176.86   0.97024E+00   0.98116E+00   0.93188E+00
  190.47   0.97821E+00   0.98903E+00   0.94284E+00
  204.07   0.97837E+00   0.98902E+00   0.94573E+00
  217.68   0.97271E+00   0.98319E+00   0.94255E+00
  231.28   0.96250E+00   0.97277E+00   0.93460E+00
  244.89   0.94874E+00   0.95881E+00   0.92290E+00
  258.49   0.93197E+00   0.94181E+00   0.90799E+00
  272.10   0.91280E+00   0.92241E+00   0.89053E+00
  285.70   0.89175E+00   0.90113E+00   0.87105E+00
  299.31   0.86957E+00   0.87871E+00   0.85029E+00
  312.91   0.84687E+00   0.85579E+00   0.82890E+00
  326.52   0.82371E+00   0.83240E+00   0.80693E+00
  340.12   0.80037E+00   0.80884E+00   0.78468E+00
  353.73   0.77686E+00   0.78511E+00   0.76218E+00
  367.33   0.75345E+00   0.76148E+00   0.73969E+00
  380.94   0.73031E+00   0.73813E+00   0.71741E+00
  394.54   0.70754E+00   0.71515E+00   0.69543E+00
  408.15   0.68525E+00   0.69267E+00   0.67387E+00
  421.75   0.66363E+00   0.67085E+00   0.65291E+00
  435.36   0.64250E+00   0.64954E+00   0.63241E+00
  448.96   0.62185E+00   0.62869E+00   0.61232E+00
  462.57   0.60194E+00   0.60861E+00   0.59295E+00
  476.17   0.58253E+00   0.58902E+00   0.57403E+00
  489.78   0.56363E+00   0.56996E+00   0.55560E+00
  503.38   0.54556E+00   0.55172E+00   0.53795E+00
  516.99   0.52803E+00   0.53404E+00   0.52082E+00
  530.59   0.51110E+00   0.51696E+00   0.50427E+00
  544.20   0.49481E+00   0.50052E+00   0.48832E+00
  557.80   0.47905E+00   0.48461E+00   0.47288E+00
  571.41   0.46384E+00   0.46927E+00   0.45798E+00
  585.01   0.44919E+00   0.45448E+00   0.44361E+00
  598.62   0.43500E+00   0.44017E+00   0.42970E+00
  612.22   0.42136E+00   0.42640E+00   0.41630E+00
  625.83   0.40823E+00   0.41314E+00   0.40340E+00
  639.43   0.39560E+00   0.40039E+00   0.39099E+00
  653.04   0.38341E+00   0.38809E+00   0.37902E+00
  666.64   0.37168E+00   0.37625E+00   0.36748E+00
  680.25   0.36039E+00   0.36485E+00   0.35637E+00
  693.85   0.34950E+00   0.35385E+00   0.34565E+00
  707.46   0.33898E+00   0.34323E+00   0.33530E+00
  721.06   0.32884E+00   0.33299E+00   0.32531E+00
  734.67   0.31908E+00   0.32314E+00   0.31569E+00
  748.27   0.30967E+00   0.31363E+00   0.30642E+00
  761.88   0.30060E+00   0.30447E+00   0.29748E+00
  775.48   0.29184E+00   0.29563E+00   0.28885E+00
  789.09   0.28344E+00   0.28714E+00   0.28056E+00
  802.69   0.27531E+00   0.27893E+00   0.27254E+00
  816.30   0.26748E+00   0.27101E+00   0.26481E+00
  829.90   0.25990E+00   0.26336E+00   0.25733E+00
  843.51   0.25261E+00   0.25599E+00   0.25014E+00
  857.11   0.24555E+00   0.24886E+00   0.24317E+00
  870.72   0.23875E+00   0.24198E+00   0.23644E+00
  884.32   0.23217E+00   0.23533E+00   0.22995E+00
  897.93   0.22584E+00   0.22893E+00   0.22369E+00
  911.53   0.21970E+00   0.22272E+00   0.21762E+00
  925.14   0.21378E+00   0.21674E+00   0.21178E+00
  938.74   0.20807E+00   0.21096E+00   0.20613E+00
  952.35   0.20253E+00   0.20536E+00   0.20065E+00
  965.95   0.19721E+00   0.19998E+00   0.19539E+00
  979.56   0.19204E+00   0.19475E+00   0.19027E+00
  993.16   0.18704E+00   0.18970E+00   0.18533E+00
 1006.77   0.18221E+00   0.18481E+00   0.18055E+00
 1020.37   0.17753E+00   0.18008E+00   0.17592E+00
 1033.98   0.17301E+00   0.17550E+00   0.17144E+00
 1047.58   0.16862E+00   0.17106E+00   0.16710E+00
 1061.19   0.16438E+00   0.16677E+00   0.16291E+00
 1074.79   0.16028E+00   0.16262E+00   0.15885E+00
 1088.40   0.15631E+00   0.15861E+00   0.15492E+00
 1102.00   0.15247E+00   0.15471E+00   0.15111E+00
 1115.61   0.14874E+00   0.15094E+00   0.14741E+00
 1129.21   0.14512E+00   0.14728E+00   0.14383E+00
 1142.82   0.14163E+00   0.14374E+00   0.14037E+00
 1156.42   0.13823E+00   0.14030E+00   0.13700E+00
 1170.03   0.13494E+00   0.13697E+00   0.13374E+00
 1183.63   0.13175E+00   0.13373E+00   0.13058E+00
 1197.24   0.12864E+00   0.13059E+00   0.12750E+00
 1210.84   0.12565E+00   0.12755E+00   0.12453E+00
 1224.45   0.12273E+00   0.12460E+00   0.12164E+00
 1238.05   0.11991E+00   0.12174E+00   0.11884E+00
 1251.66   0.11716E+00   0.11896E+00   0.11612E+00
 1265.26   0.11449E+00   0.11625E+00   0.11347E+00
 1278.87   0.11192E+00   0.11364E+00   0.11092E+00
 1292.47   0.10940E+00   0.11109E+00   0.10842E+00
 1306.08   0.10696E+00   0.10862E+00   0.10601E+00
 1319.68   0.10459E+00   0.10622E+00   0.10365E+00
 1333.29   0.10229E+00   0.10388E+00   0.10137E+00
 1346.89   0.10006E+00   0.10162E+00   0.99156E-01
 1360.50   0.97873E-01   0.99403E-01   0.96986E-01
 1374.10   0.95756E-01   0.97256E-01   0.94885E-01
 1387.71   0.93699E-01   0.95169E-01   0.92844E-01
 1401.31   0.91697E-01   0.93140E-01   0.90858E-01
 1414.92   0.89741E-01   0.91155E-01   0.88916E-01
 1428.52   0.87861E-01   0.89248E-01   0.87050E-01
 1442.13   0.86017E-01   0.87377E-01   0.85219E-01
 1455.73   0.84224E-01   0.85558E-01   0.83440E-01
 1469.34   0.82481E-01   0.83789E-01   0.81709E-01
 1482.94   0.80782E-01   0.82065E-01   0.80022E-01
 1496.55   0.79133E-01   0.80391E-01   0.78384E-01
 1510.15   0.77520E-01   0.78754E-01   0.76783E-01
 1523.76   0.75950E-01   0.77161E-01   0.75224E-01
 1537.36   0.74422E-01   0.75609E-01   0.73706E-01
 1550.97   0.72933E-01   0.74098E-01   0.72228E-01
 1564.57   0.71483E-01   0.72625E-01   0.70787E-01
 1578.18   0.70071E-01   0.71191E-01   0.69385E-01
 1591.78   0.68693E-01   0.69792E-01   0.68016E-01
 1605.39   0.67349E-01   0.68427E-01   0.66681E-01
 1618.99   0.66039E-01   0.67096E-01   0.65379E-01
 1632.60   0.64762E-01   0.65800E-01   0.64111E-01
 1646.20   0.63519E-01   0.64537E-01   0.62876E-01
 1659.81   0.62306E-01   0.63304E-01   0.61671E-01
 1673.41   0.61122E-01   0.62101E-01   0.60494E-01
 1687.02   0.59966E-01   0.60926E-01   0.59345E-01
 1700.62   0.58837E-01   0.59779E-01   0.58224E-01
 1714.23   0.57734E-01   0.58659E-01   0.57128E-01
 1727.83   0.56664E-01   0.57570E-01   0.56064E-01
 1741.44   0.55615E-01   0.56504E-01   0.55021E-01
 1755.04   0.54591E-01   0.55464E-01   0.54004E-01
 1768.65   0.53591E-01   0.54447E-01   0.53010E-01
 1782.25   0.52614E-01   0.53453E-01   0.52039E-01
 1795.86   0.51657E-01   0.52480E-01   0.51088E-01
 1809.46   0.50731E-01   0.51539E-01   0.50168E-01
 1823.07   0.49821E-01   0.50613E-01   0.49262E-01
 1836.67   0.48932E-01   0.49710E-01   0.48380E-01
 1850.28   0.48064E-01   0.48827E-01   0.47517E-01
 1863.88   0.47215E-01   0.47964E-01   0.46673E-01
 1877.49   0.46383E-01   0.47117E-01   0.45845E-01
 1891.09   0.45579E-01   0.46299E-01   0.45046E-01
 1904.70   0.44783E-01   0.45490E-01   0.44255E-01
 1918.30   0.44008E-01   0.44701E-01   0.43484E-01
 1931.91   0.43251E-01   0.43930E-01   0.42731E-01
 1945.51   0.42510E-01   0.43176E-01   0.41994E-01
 1959.12   0.41783E-01   0.42437E-01   0.41272E-01
 1972.72   0.41082E-01   0.41722E-01   0.40574E-01
 1986.33   0.40383E-01   0.41011E-01   0.39880E-01
 1999.93   0.39703E-01   0.40319E-01   0.39204E-01
 2013.54   0.39039E-01   0.39643E-01   0.38543E-01
 2027.14   0.38389E-01   0.38982E-01   0.37897E-01
 2040.75   0.37754E-01   0.38335E-01   0.37265E-01
 2054.35   0.37129E-01   0.37699E-01   0.36644E-01
 2067.96   0.36524E-01   0.37082E-01   0.36042E-01
 2081.56   0.35927E-01   0.36474E-01   0.35448E-01
 2095.17   0.35342E-01   0.35879E-01   0.34867E-01
 2108.77   0.34770E-01   0.35296E-01   0.34298E-01
 2122.38   0.34211E-01   0.34726E-01   0.33742E-01
 2135.98   0.33663E-01   0.34168E-01   0.33197E-01
 2149.59   0.33127E-01   0.33622E-01   0.32664E-01
 2163.19   0.32601E-01   0.33086E-01   0.32140E-01
 2176.80   0.32085E-01   0.32560E-01   0.31627E-01
 2190.40   0.31579E-01   0.32045E-01   0.31124E-01
 2204.01   0.31084E-01   0.31540E-01   0.30631E-01
 2217.61   0.30599E-01   0.31046E-01   0.30149E-01
 2231.22   0.30124E-01   0.30562E-01   0.29677E-01
 2244.82   0.29659E-01   0.30088E-01   0.29214E-01
 2258.43   0.29203E-01   0.29623E-01   0.28760E-01
 2272.03   0.28755E-01   0.29166E-01   0.28315E-01
 2285.64   0.28316E-01   0.28719E-01   0.27878E-01
 2299.24   0.27885E-01   0.28280E-01   0.27450E-01
 2312.85   0.27463E-01   0.27849E-01   0.27030E-01
 2326.45   0.27049E-01   0.27427E-01   0.26619E-01
 2340.06   0.26645E-01   0.27015E-01   0.26217E-01
 2353.66   0.26248E-01   0.26610E-01   0.25821E-01
 2367.27   0.25858E-01   0.26212E-01   0.25433E-01
 2380.87   0.25475E-01   0.25821E-01   0.25052E-01
 2394.48   0.25099E-01   0.25438E-01   0.24678E-01
 2408.08   0.24729E-01   0.25061E-01   0.24311E-01
 2421.69   0.24367E-01   0.24691E-01   0.23951E-01
 2435.29   0.24015E-01   0.24332E-01   0.23600E-01
 2448.90   0.23666E-01   0.23976E-01   0.23253E-01
 2462.50   0.23325E-01   0.23628E-01   0.22914E-01
 2476.11   0.22990E-01   0.23286E-01   0.22580E-01
 2489.71   0.22660E-01   0.22949E-01   0.22252E-01
 2503.32   0.22336E-01   0.22618E-01   0.21930E-01
 2516.92   0.22014E-01   0.22290E-01   0.21610E-01
 2530.53   0.21709E-01   0.21979E-01   0.21307E-01
 2544.13   0.21402E-01   0.21666E-01   0.21002E-01
 2557.74   0.21102E-01   0.21360E-01   0.20703E-01
 2571.34   0.20808E-01   0.21059E-01   0.20410E-01
 2584.95   0.20518E-01   0.20763E-01   0.20122E-01
 2598.55   0.20233E-01   0.20472E-01   0.19839E-01
 2612.16   0.19951E-01   0.20184E-01   0.19558E-01
 2625.76   0.19681E-01   0.19909E-01   0.19290E-01
 2639.37   0.19410E-01   0.19632E-01   0.19020E-01
 2652.97   0.19145E-01   0.19361E-01   0.18757E-01
 2666.58   0.18884E-01   0.19095E-01   0.18498E-01
 2680.18   0.18629E-01   0.18834E-01   0.18244E-01
 2693.79   0.18377E-01   0.18578E-01   0.17994E-01
 2707.39   0.18129E-01   0.18324E-01   0.17747E-01
 2721.00   0.17890E-01   0.18080E-01   0.17509E-01
 2734.60   0.17650E-01   0.17835E-01   0.17270E-01
 2748.21   0.17414E-01   0.17594E-01   0.17036E-01
 2761.81   0.17183E-01   0.17359E-01   0.16807E-01
 2775.42   0.16957E-01   0.17127E-01   0.16581E-01
 2789.02   0.16734E-01   0.16900E-01   0.16360E-01
 2802.63   0.16515E-01   0.16676E-01   0.16143E-01
 2816.23   0.16298E-01   0.16454E-01   0.15927E-01
 2829.84   0.16089E-01   0.16241E-01   0.15719E-01
 2843.44   0.15880E-01   0.16028E-01   0.15512E-01
 2857.05   0.15675E-01   0.15818E-01   0.15308E-01
 2870.65   0.15473E-01   0.15612E-01   0.15107E-01
 2884.26   0.15275E-01   0.15409E-01   0.14910E-01
 2897.86   0.15080E-01   0.15210E-01   0.14716E-01
 2911.47   0.14889E-01   0.15014E-01   0.14526E-01
 2925.07   0.14701E-01   0.14822E-01   0.14339E-01
 2938.68   0.14515E-01   0.14633E-01   0.14155E-01
 2952.28   0.14332E-01   0.14446E-01   0.13973E-01
 2965.89   0.14152E-01   0.14262E-01   0.13795E-01
 2979.49   0.13975E-01   0.14081E-01   0.13619E-01
 2993.10   0.13801E-01   0.13903E-01   0.13446E-01
 3006.70   0.13630E-01   0.13728E-01   0.13275E-01
 3020.31   0.13461E-01   0.13556E-01   0.13108E-01
 3033.91   0.13296E-01   0.13387E-01   0.12944E-01
 3047.52   0.13133E-01   0.13221E-01   0.12782E-01
 3061.12   0.12973E-01   0.13057E-01   0.12623E-01
 3074.73   0.12815E-01   0.12895E-01   0.12466E-01
 3088.33   0.12659E-01   0.12736E-01   0.12311E-01
 3101.94   0.12505E-01   0.12579E-01   0.12158E-01
 3115.54   0.12353E-01   0.12424E-01   0.12008E-01
 3129.15   0.12205E-01   0.12272E-01   0.11860E-01
 3142.75   0.12060E-01   0.12124E-01   0.11717E-01
 3156.36   0.11916E-01   0.11977E-01   0.11574E-01
 3169.96   0.11774E-01   0.11832E-01   0.11433E-01
 3183.57   0.11635E-01   0.11689E-01   0.11295E-01
 3197.17   0.11497E-01   0.11548E-01   0.11158E-01
 3210.78   0.11361E-01   0.11410E-01   0.11023E-01
 3224.38   0.11227E-01   0.11272E-01   0.10890E-01
 3237.99   0.11094E-01   0.11137E-01   0.10758E-01
 3251.59   0.10967E-01   0.11007E-01   0.10633E-01
 3265.20   0.10839E-01   0.10876E-01   0.10506E-01
 3278.80   0.10714E-01   0.10748E-01   0.10381E-01
 3292.41   0.10590E-01   0.10622E-01   0.10258E-01
 3306.01   0.10468E-01   0.10497E-01   0.10137E-01
 3319.62   0.10348E-01   0.10374E-01   0.10018E-01
 3333.22   0.10229E-01   0.10253E-01   0.99001E-02
 3346.83   0.10111E-01   0.10132E-01   0.97832E-02
 3360.43   0.99994E-02   0.10018E-01   0.96725E-02
 3374.04   0.98848E-02   0.99010E-02   0.95590E-02
 3387.64   0.97728E-02   0.97865E-02   0.94480E-02
 3401.25   0.96628E-02   0.96741E-02   0.93390E-02
 3414.85   0.95545E-02   0.95634E-02   0.92316E-02
 3428.46   0.94476E-02   0.94542E-02   0.91258E-02
 3442.06   0.93420E-02   0.93463E-02   0.90211E-02
 3455.67   0.92365E-02   0.92386E-02   0.89167E-02
 3469.27   0.91386E-02   0.91384E-02   0.88196E-02
 3482.88   0.90355E-02   0.90332E-02   0.87175E-02
 3496.48   0.89353E-02   0.89309E-02   0.86183E-02
 3510.09   0.88369E-02   0.88303E-02   0.85208E-02
 3523.69   0.87401E-02   0.87314E-02   0.84250E-02
 3537.30   0.86448E-02   0.86340E-02   0.83306E-02
 3550.90   0.85508E-02   0.85380E-02   0.82376E-02
 3564.51   0.84578E-02   0.84431E-02   0.81456E-02
 3578.11   0.83648E-02   0.83481E-02   0.80536E-02
 3591.72   0.82774E-02   0.82587E-02   0.79670E-02
 3605.32   0.81878E-02   0.81672E-02   0.78783E-02
 3618.93   0.80995E-02   0.80771E-02   0.77910E-02
 3632.53   0.80126E-02   0.79884E-02   0.77051E-02
 3646.14   0.79271E-02   0.79010E-02   0.76205E-02
 3659.74   0.78429E-02   0.78150E-02   0.75373E-02
 3673.35   0.77600E-02   0.77304E-02   0.74552E-02
 3686.95   0.76780E-02   0.76466E-02   0.73742E-02
 3700.56   0.75981E-02   0.75651E-02   0.72952E-02
 3714.16   0.75181E-02   0.74833E-02   0.72161E-02
 3727.77   0.74391E-02   0.74027E-02   0.71381E-02
 3741.37   0.73611E-02   0.73231E-02   0.70610E-02
 3754.98   0.72842E-02   0.72446E-02   0.69849E-02
 3768.58   0.72083E-02   0.71671E-02   0.69100E-02
 3782.19   0.71336E-02   0.70909E-02   0.68362E-02
 3795.79   0.70600E-02   0.70158E-02   0.67635E-02
 3809.40   0.69876E-02   0.69418E-02   0.66920E-02
 3823.00   0.69162E-02   0.68690E-02   0.66215E-02
 3836.61   0.68455E-02   0.67969E-02   0.65517E-02
 3850.21   0.67757E-02   0.67256E-02   0.64828E-02
 3863.82   0.67066E-02   0.66551E-02   0.64146E-02
 3877.42   0.66382E-02   0.65854E-02   0.63471E-02
 3891.03   0.65707E-02   0.65165E-02   0.62806E-02
 3904.63   0.65041E-02   0.64486E-02   0.62149E-02
 3918.24   0.64384E-02   0.63816E-02   0.61501E-02
 3931.84   0.63739E-02   0.63158E-02   0.60864E-02
 3945.45   0.63108E-02   0.62514E-02   0.60242E-02
 3959.05   0.62479E-02   0.61873E-02   0.59622E-02
 3972.66   0.61859E-02   0.61240E-02   0.59010E-02
 3986.26   0.61245E-02   0.60614E-02   0.58405E-02
 3999.87   0.60637E-02   0.59994E-02   0.57806E-02
 4013.47   0.60035E-02   0.59381E-02   0.57213E-02
 4027.08   0.59440E-02   0.58774E-02   0.56627E-02
 4040.68   0.58849E-02   0.58173E-02   0.56046E-02
 4054.29   0.58268E-02   0.57580E-02   0.55473E-02
 4067.89   0.57717E-02   0.57018E-02   0.54931E-02
 4081.50   0.57153E-02   0.56443E-02   0.54375E-02
 4095.10   0.56598E-02   0.55878E-02   0.53829E-02
 4108.71   0.56051E-02   0.55321E-02   0.53290E-02
 4122.31   0.55509E-02   0.54769E-02   0.52757E-02
 4135.92   0.54973E-02   0.54222E-02   0.52230E-02
 4149.52   0.54440E-02   0.53680E-02   0.51706E-02
 4163.13   0.53910E-02   0.53141E-02   0.51185E-02
 4176.73   0.53384E-02   0.52606E-02   0.50669E-02
 4190.34   0.52903E-02   0.52115E-02   0.50195E-02
 4203.94   0.52393E-02   0.51596E-02   0.49693E-02
 4217.55   0.51894E-02   0.51088E-02   0.49203E-02
 4231.15   0.51403E-02   0.50588E-02   0.48721E-02
 4244.76   0.50919E-02   0.50096E-02   0.48245E-02
 4258.36   0.50440E-02   0.49608E-02   0.47775E-02
 4271.97   0.49965E-02   0.49125E-02   0.47308E-02
 4285.57   0.49491E-02   0.48643E-02   0.46844E-02
 4299.18   0.48996E-02   0.48141E-02   0.46359E-02
 4312.78   0.48595E-02   0.47730E-02   0.45963E-02
 4326.39   0.48129E-02   0.47258E-02   0.45507E-02
 4339.99   0.47678E-02   0.46799E-02   0.45065E-02
 4353.60   0.47236E-02   0.46349E-02   0.44631E-02
 4367.20   0.46800E-02   0.45906E-02   0.44203E-02
 4380.81   0.46370E-02   0.45469E-02   0.43782E-02
 4394.41   0.45945E-02   0.45037E-02   0.43365E-02
 4408.02   0.45523E-02   0.44608E-02   0.42952E-02
 4421.62   0.45098E-02   0.44178E-02   0.42536E-02
 4435.23   0.44731E-02   0.43803E-02   0.42175E-02
 4448.83   0.44298E-02   0.43364E-02   0.41752E-02
 4462.44   0.43891E-02   0.42950E-02   0.41353E-02
 4476.04   0.43490E-02   0.42544E-02   0.40961E-02
 4489.65   0.43095E-02   0.42143E-02   0.40575E-02
 4503.25   0.42706E-02   0.41748E-02   0.40194E-02
 4516.86   0.42323E-02   0.41360E-02   0.39820E-02
 4530.46   0.41945E-02   0.40976E-02   0.39450E-02
 4544.07   0.41570E-02   0.40595E-02   0.39083E-02
 4557.67   0.41196E-02   0.40216E-02   0.38717E-02
 4571.28   0.40844E-02   0.39858E-02   0.38372E-02
 4584.88   0.40476E-02   0.39485E-02   0.38014E-02
 4598.49   0.40115E-02   0.39119E-02   0.37661E-02
 4612.09   0.39757E-02   0.38757E-02   0.37312E-02
 4625.70   0.39405E-02   0.38399E-02   0.36967E-02
 4639.30   0.39057E-02   0.38046E-02   0.36628E-02
 4652.91   0.38714E-02   0.37699E-02   0.36293E-02
 4666.51   0.38376E-02   0.37356E-02   0.35963E-02
 4680.12   0.38042E-02   0.37018E-02   0.35637E-02
 4693.72   0.37709E-02   0.36681E-02   0.35313E-02
 4707.33   0.37387E-02   0.36355E-02   0.34999E-02
 4720.93   0.37063E-02   0.36026E-02   0.34683E-02
 4734.54   0.36741E-02   0.35700E-02   0.34369E-02
 4748.14   0.36422E-02   0.35377E-02   0.34058E-02
 4761.75   0.36105E-02   0.35057E-02   0.33750E-02
 4775.35   0.35793E-02   0.34741E-02   0.33446E-02
 4788.96   0.35484E-02   0.34429E-02   0.33145E-02
 4802.56   0.35180E-02   0.34122E-02   0.32849E-02
 4816.17   0.34880E-02   0.33818E-02   0.32557E-02
 4829.77   0.34588E-02   0.33522E-02   0.32273E-02
 4843.38   0.34294E-02   0.33225E-02   0.31987E-02
 4856.98   0.34005E-02   0.32932E-02   0.31705E-02
 4870.59   0.33717E-02   0.32642E-02   0.31426E-02
 4884.19   0.33432E-02   0.32354E-02   0.31148E-02
 4897.80   0.33149E-02   0.32067E-02   0.30873E-02
 4911.40   0.32868E-02   0.31784E-02   0.30600E-02
 4925.01   0.32589E-02   0.31503E-02   0.30330E-02
 4938.61   0.32314E-02   0.31224E-02   0.30062E-02
 4952.22   0.32039E-02   0.30947E-02   0.29795E-02
 4965.82   0.31789E-02   0.30694E-02   0.29552E-02
 4979.43   0.31519E-02   0.30422E-02   0.29291E-02
 4993.03   0.31258E-02   0.30159E-02   0.29038E-02
 5006.64   0.31001E-02   0.29899E-02   0.28788E-02
 5020.24   0.30745E-02   0.29641E-02   0.28540E-02
 5033.85   0.30491E-02   0.29385E-02   0.28294E-02
 5047.45   0.30239E-02   0.29130E-02   0.28049E-02
 5061.06   0.29988E-02   0.28877E-02   0.27806E-02
 5074.66   0.29738E-02   0.28625E-02   0.27564E-02
 5088.27   0.29484E-02   0.28370E-02   0.27319E-02
 5101.87   0.29280E-02   0.28163E-02   0.27119E-02
 5115.48   0.29025E-02   0.27906E-02   0.26873E-02
 5129.08   0.28787E-02   0.27667E-02   0.26643E-02
 5142.69   0.28554E-02   0.27432E-02   0.26418E-02
 5156.29   0.28324E-02   0.27201E-02   0.26195E-02
 5169.90   0.28096E-02   0.26971E-02   0.25975E-02
 5183.50   0.27870E-02   0.26743E-02   0.25756E-02
 5197.11   0.27644E-02   0.26516E-02   0.25538E-02
 5210.71   0.27418E-02   0.26290E-02   0.25320E-02
 5224.32   0.27189E-02   0.26059E-02   0.25099E-02
 5237.92   0.26959E-02   0.25829E-02   0.24878E-02
 5251.53   0.26777E-02   0.25645E-02   0.24701E-02
 5265.13   0.26559E-02   0.25425E-02   0.24490E-02
 5278.74   0.26346E-02   0.25212E-02   0.24285E-02
 5292.34   0.26137E-02   0.25002E-02   0.24084E-02
 5305.95   0.25932E-02   0.24795E-02   0.23885E-02
 5319.55   0.25728E-02   0.24590E-02   0.23689E-02
 5333.16   0.25525E-02   0.24387E-02   0.23494E-02
 5346.76   0.25323E-02   0.24184E-02   0.23299E-02
 5360.37   0.25120E-02   0.23980E-02   0.23103E-02
 5373.97   0.24916E-02   0.23776E-02   0.22907E-02
 5387.58   0.24748E-02   0.23606E-02   0.22744E-02
 5401.18   0.24546E-02   0.23404E-02   0.22550E-02
 5414.79   0.24351E-02   0.23209E-02   0.22363E-02
 5428.39   0.24160E-02   0.23018E-02   0.22180E-02
 5442.00   0.23972E-02   0.22829E-02   0.21999E-02
 5455.60   0.23787E-02   0.22644E-02   0.21821E-02
 5469.21   0.23605E-02   0.22461E-02   0.21645E-02
 5482.81   0.23423E-02   0.22279E-02   0.21471E-02
 5496.42   0.23243E-02   0.22098E-02   0.21298E-02
 5510.02   0.23057E-02   0.21913E-02   0.21120E-02
 5523.63   0.22912E-02   0.21765E-02   0.20979E-02
 5537.23   0.22721E-02   0.21576E-02   0.20797E-02
 5550.84   0.22544E-02   0.21399E-02   0.20627E-02
 5564.44   0.22369E-02   0.21224E-02   0.20460E-02
 5578.05   0.22197E-02   0.21052E-02   0.20295E-02
 5591.65   0.22027E-02   0.20883E-02   0.20132E-02
 5605.26   0.21860E-02   0.20716E-02   0.19972E-02
 5618.86   0.21696E-02   0.20551E-02   0.19815E-02
 5632.47   0.21533E-02   0.20389E-02   0.19659E-02
 5646.07   0.21372E-02   0.20227E-02   0.19504E-02
 5659.68   0.21210E-02   0.20066E-02   0.19349E-02
 5673.28   0.21060E-02   0.19916E-02   0.19206E-02
 5686.89   0.20900E-02   0.19756E-02   0.19053E-02
 5700.49   0.20742E-02   0.19599E-02   0.18902E-02
 5714.10   0.20585E-02   0.19443E-02   0.18752E-02
 5727.70   0.20430E-02   0.19288E-02   0.18604E-02
 5741.31   0.20276E-02   0.19135E-02   0.18458E-02
 5754.91   0.20125E-02   0.18984E-02   0.18313E-02
 5768.52   0.19976E-02   0.18836E-02   0.18171E-02
 5782.12   0.19829E-02   0.18689E-02   0.18030E-02
 5795.73   0.19683E-02   0.18544E-02   0.17892E-02
 5809.33   0.19539E-02   0.18401E-02   0.17754E-02
 5822.94   0.19398E-02   0.18261E-02   0.17620E-02
 5836.54   0.19257E-02   0.18120E-02   0.17485E-02
 5850.15   0.19116E-02   0.17980E-02   0.17351E-02
 5863.75   0.18975E-02   0.17840E-02   0.17217E-02
 5877.36   0.18835E-02   0.17701E-02   0.17084E-02
 5890.96   0.18696E-02   0.17563E-02   0.16952E-02
 5904.57   0.18558E-02   0.17426E-02   0.16821E-02
 5918.17   0.18422E-02   0.17291E-02   0.16692E-02
 5931.78   0.18288E-02   0.17158E-02   0.16564E-02
 5945.38   0.18155E-02   0.17025E-02   0.16437E-02
 5958.99   0.18026E-02   0.16897E-02   0.16315E-02
 5972.59   0.17899E-02   0.16772E-02   0.16195E-02
 5986.20   0.17771E-02   0.16645E-02   0.16073E-02
 5999.80   0.17644E-02   0.16519E-02   0.15953E-02
 6013.41   0.17518E-02   0.16394E-02   0.15833E-02
 6027.01   0.17392E-02   0.16269E-02   0.15714E-02
 6040.62   0.17267E-02   0.16145E-02   0.15595E-02
 6054.22   0.17142E-02   0.16021E-02   0.15476E-02
 6067.83   0.17017E-02   0.15898E-02   0.15359E-02
 6081.43   0.16894E-02   0.15776E-02   0.15242E-02
 6095.04   0.16769E-02   0.15653E-02   0.15124E-02
 6108.64   0.16651E-02   0.15536E-02   0.15012E-02
 6122.25   0.16544E-02   0.15430E-02   0.14911E-02
 6135.85   0.16426E-02   0.15313E-02   0.14799E-02
 6149.46   0.16310E-02   0.15199E-02   0.14690E-02
 6163.06   0.16196E-02   0.15087E-02   0.14582E-02
 6176.67   0.16083E-02   0.14975E-02   0.14475E-02
 6190.27   0.15970E-02   0.14863E-02   0.14369E-02
 6203.88   0.15857E-02   0.14752E-02   0.14262E-02
 6217.48   0.15744E-02   0.14641E-02   0.14156E-02
 6231.09   0.15631E-02   0.14529E-02   0.14049E-02
 6244.69   0.15515E-02   0.14416E-02   0.13941E-02
 6258.30   0.15405E-02   0.14307E-02   0.13837E-02
 6271.90   0.15317E-02   0.14220E-02   0.13753E-02
 6285.51   0.15206E-02   0.14110E-02   0.13649E-02
 6299.11   0.15099E-02   0.14006E-02   0.13549E-02
 6312.72   0.14995E-02   0.13903E-02   0.13451E-02
 6326.32   0.14892E-02   0.13802E-02   0.13354E-02
 6339.93   0.14790E-02   0.13701E-02   0.13258E-02
 6353.53   0.14689E-02   0.13602E-02   0.13162E-02
 6367.14   0.14587E-02   0.13502E-02   0.13067E-02
 6380.74   0.14485E-02   0.13402E-02   0.12971E-02
 6394.35   0.14380E-02   0.13299E-02   0.12873E-02
 6407.95   0.14279E-02   0.13200E-02   0.12778E-02
 6421.56   0.14207E-02   0.13128E-02   0.12710E-02
 6435.16   0.14099E-02   0.13022E-02   0.12609E-02
 6448.77   0.13999E-02   0.12925E-02   0.12516E-02
 6462.37   0.13903E-02   0.12831E-02   0.12426E-02
 6475.98   0.13808E-02   0.12738E-02   0.12337E-02
 6489.58   0.13715E-02   0.12647E-02   0.12250E-02
 6503.19   0.13623E-02   0.12556E-02   0.12164E-02
 6516.79   0.13531E-02   0.12467E-02   0.12078E-02
 6530.40   0.13440E-02   0.12377E-02   0.11992E-02
 6544.00   0.13347E-02   0.12287E-02   0.11906E-02
 6557.61   0.13249E-02   0.12192E-02   0.11815E-02
 6571.21   0.13151E-02   0.12097E-02   0.11724E-02
 6584.82   0.13090E-02   0.12036E-02   0.11666E-02
 6598.42   0.12998E-02   0.11945E-02   0.11580E-02
 6612.03   0.12908E-02   0.11858E-02   0.11497E-02
 6625.63   0.12820E-02   0.11773E-02   0.11415E-02
 6639.24   0.12734E-02   0.11689E-02   0.11334E-02
 6652.84   0.12649E-02   0.11606E-02   0.11256E-02
 6666.45   0.12565E-02   0.11524E-02   0.11178E-02
 6680.05   0.12483E-02   0.11444E-02   0.11101E-02
 6693.66   0.12400E-02   0.11364E-02   0.11024E-02
 6707.26   0.12317E-02   0.11283E-02   0.10947E-02
 6720.87   0.12234E-02   0.11202E-02   0.10870E-02
 6734.47   0.12168E-02   0.11136E-02   0.10808E-02
 6748.08   0.12082E-02   0.11054E-02   0.10728E-02
 6761.68   0.12000E-02   0.10974E-02   0.10652E-02
 6775.29   0.11919E-02   0.10896E-02   0.10577E-02
 6788.89   0.11839E-02   0.10818E-02   0.10503E-02
 6802.50   0.11760E-02   0.10742E-02   0.10430E-02
 6816.10   0.11682E-02   0.10667E-02   0.10359E-02
 6829.71   0.11606E-02   0.10592E-02   0.10288E-02
 6843.31   0.11531E-02   0.10520E-02   0.10218E-02
 6856.92   0.11456E-02   0.10447E-02   0.10149E-02
 6870.52   0.11382E-02   0.10375E-02   0.10081E-02
 6884.13   0.11307E-02   0.10303E-02   0.10012E-02
 6897.73   0.11240E-02   0.10238E-02   0.99492E-03
 6911.34   0.11166E-02   0.10166E-02   0.98813E-03
 6924.94   0.11093E-02   0.10096E-02   0.98139E-03
 6938.55   0.11020E-02   0.10026E-02   0.97468E-03
 6952.15   0.10948E-02   0.99556E-03   0.96800E-03
 6965.76   0.10876E-02   0.98862E-03   0.96137E-03
 6979.36   0.10804E-02   0.98175E-03   0.95481E-03
 6992.97   0.10734E-02   0.97497E-03   0.94834E-03
 7006.57   0.10665E-02   0.96830E-03   0.94197E-03
 7020.18   0.10597E-02   0.96173E-03   0.93571E-03
 7033.78   0.10529E-02   0.95524E-03   0.92951E-03
 7047.39   0.10463E-02   0.94886E-03   0.92343E-03
 7060.99   0.10398E-02   0.94262E-03   0.91747E-03
 7074.60   0.10333E-02   0.93631E-03   0.91145E-03
 7088.20   0.10267E-02   0.93001E-03   0.90544E-03
 7101.81   0.10202E-02   0.92372E-03   0.89944E-03
 7115.41   0.10136E-02   0.91742E-03   0.89343E-03
 7129.02   0.10071E-02   0.91114E-03   0.88743E-03
 7142.62   0.10005E-02   0.90489E-03   0.88146E-03
 7156.23   0.99405E-03   0.89868E-03   0.87553E-03
 7169.83   0.98763E-03   0.89253E-03   0.86967E-03
 7183.44   0.98128E-03   0.88645E-03   0.86386E-03
 7197.04   0.97492E-03   0.88035E-03   0.85804E-03
 7210.65   0.96902E-03   0.87468E-03   0.85264E-03
 7224.25   0.96332E-03   0.86924E-03   0.84745E-03
 7237.86   0.95729E-03   0.86346E-03   0.84193E-03
 7251.46   0.95135E-03   0.85777E-03   0.83651E-03
 7265.07   0.94544E-03   0.85212E-03   0.83112E-03
 7278.67   0.93954E-03   0.84647E-03   0.82573E-03
 7292.28   0.93362E-03   0.84083E-03   0.82034E-03
 7305.88   0.92769E-03   0.83517E-03   0.81495E-03
 7319.49   0.92175E-03   0.82952E-03   0.80955E-03
 7333.09   0.91581E-03   0.82387E-03   0.80415E-03
 7346.70   0.90986E-03   0.81822E-03   0.79875E-03
 7360.30   0.90372E-03   0.81240E-03   0.79319E-03
 7373.91   0.89824E-03   0.80716E-03   0.78820E-03
 7387.51   0.89379E-03   0.80288E-03   0.78413E-03
 7401.12   0.88801E-03   0.79739E-03   0.77890E-03
 7414.72   0.88250E-03   0.79215E-03   0.77389E-03
 7428.33   0.87710E-03   0.78700E-03   0.76899E-03
 7441.93   0.87174E-03   0.78191E-03   0.76413E-03
 7455.54   0.86640E-03   0.77683E-03   0.75929E-03
 7469.14   0.86106E-03   0.77176E-03   0.75445E-03
 7482.75   0.85568E-03   0.76667E-03   0.74959E-03
 7496.35   0.85027E-03   0.76155E-03   0.74470E-03
 7509.96   0.84479E-03   0.75637E-03   0.73976E-03
 7523.56   0.83908E-03   0.75100E-03   0.73461E-03
 7537.17   0.83387E-03   0.74607E-03   0.72991E-03
 7550.77   0.83066E-03   0.74291E-03   0.72695E-03
 7564.38   0.82487E-03   0.73748E-03   0.72175E-03
 7577.98   0.81964E-03   0.73254E-03   0.71703E-03
 7591.59   0.81458E-03   0.72777E-03   0.71248E-03
 7605.19   0.80964E-03   0.72310E-03   0.70802E-03
 7618.80   0.80477E-03   0.71849E-03   0.70363E-03
 7632.40   0.79993E-03   0.71392E-03   0.69927E-03
 7646.01   0.79510E-03   0.70936E-03   0.69492E-03
 7659.61   0.79024E-03   0.70478E-03   0.69055E-03
 7673.22   0.78532E-03   0.70015E-03   0.68613E-03
 7686.82   0.78023E-03   0.69538E-03   0.68157E-03
 7700.43   0.77416E-03   0.68976E-03   0.67616E-03
 7714.03   0.77367E-03   0.68901E-03   0.67557E-03
 7727.64   0.76725E-03   0.68309E-03   0.66988E-03
 7741.24   0.76222E-03   0.67840E-03   0.66538E-03
 7754.85   0.75744E-03   0.67391E-03   0.66110E-03
 7768.45   0.75279E-03   0.66956E-03   0.65694E-03
 7782.06   0.74825E-03   0.66529E-03   0.65287E-03
 7795.66   0.74378E-03   0.66110E-03   0.64887E-03
 7809.27   0.73938E-03   0.65696E-03   0.64493E-03
 7822.87   0.73501E-03   0.65286E-03   0.64101E-03
 7836.48   0.73062E-03   0.64875E-03   0.63709E-03
 7850.08   0.72618E-03   0.64459E-03   0.63312E-03
 7863.69   0.72148E-03   0.64022E-03   0.62894E-03
 7877.29   0.71695E-03   0.63599E-03   0.62490E-03
 7890.90   0.71441E-03   0.63351E-03   0.62258E-03
 7904.50   0.70960E-03   0.62905E-03   0.61831E-03
 7918.11   0.70512E-03   0.62488E-03   0.61433E-03
 7931.71   0.70075E-03   0.62082E-03   0.61044E-03
 7945.32   0.69647E-03   0.61683E-03   0.60664E-03
 7958.92   0.69228E-03   0.61292E-03   0.60290E-03
 7972.53   0.68816E-03   0.60909E-03   0.59924E-03
 7986.13   0.68412E-03   0.60532E-03   0.59564E-03
 7999.74   0.68014E-03   0.60160E-03   0.59210E-03
 8013.34   0.67618E-03   0.59791E-03   0.58858E-03
 8026.95   0.67220E-03   0.59420E-03   0.58504E-03
 8040.55   0.66799E-03   0.59029E-03   0.58131E-03
 8054.16   0.66380E-03   0.58641E-03   0.57760E-03
 8067.76   0.66103E-03   0.58379E-03   0.57513E-03
 8081.37   0.65696E-03   0.58002E-03   0.57152E-03
 8094.97   0.65296E-03   0.57632E-03   0.56798E-03
 8108.58   0.64900E-03   0.57265E-03   0.56448E-03
 8122.18   0.64507E-03   0.56902E-03   0.56100E-03
 8135.79   0.64119E-03   0.56543E-03   0.55757E-03
 8149.39   0.63737E-03   0.56190E-03   0.55420E-03
 8163.00   0.63362E-03   0.55843E-03   0.55089E-03
 8176.60   0.62995E-03   0.55502E-03   0.54764E-03
 8190.21   0.62633E-03   0.55166E-03   0.54444E-03
 8203.81   0.62275E-03   0.54834E-03   0.54127E-03
 8217.42   0.61911E-03   0.54496E-03   0.53805E-03
 8231.02   0.61594E-03   0.54208E-03   0.53529E-03
 8244.63   0.61231E-03   0.53870E-03   0.53207E-03
 8258.23   0.60876E-03   0.53542E-03   0.52894E-03
 8271.84   0.60520E-03   0.53214E-03   0.52581E-03
 8285.44   0.60162E-03   0.52885E-03   0.52266E-03
 8299.05   0.59805E-03   0.52556E-03   0.51952E-03
 8312.65   0.59448E-03   0.52229E-03   0.51639E-03
 8326.26   0.59094E-03   0.51904E-03   0.51328E-03
 8339.86   0.58744E-03   0.51583E-03   0.51021E-03
 8353.47   0.58400E-03   0.51266E-03   0.50719E-03
 8367.07   0.58062E-03   0.50956E-03   0.50422E-03
 8380.68   0.57730E-03   0.50649E-03   0.50130E-03
 8394.28   0.57394E-03   0.50338E-03   0.49835E-03
 8407.89   0.57099E-03   0.50073E-03   0.49579E-03
 8421.49   0.56773E-03   0.49772E-03   0.49293E-03
 8435.10   0.56454E-03   0.49479E-03   0.49013E-03
 8448.70   0.56136E-03   0.49186E-03   0.48734E-03
 8462.31   0.55815E-03   0.48893E-03   0.48454E-03
 8475.91   0.55493E-03   0.48598E-03   0.48172E-03
 8489.52   0.55169E-03   0.48302E-03   0.47889E-03
 8503.12   0.54844E-03   0.48006E-03   0.47605E-03
 8516.73   0.54519E-03   0.47710E-03   0.47322E-03
 8530.33   0.54196E-03   0.47416E-03   0.47041E-03
 8543.94   0.53876E-03   0.47124E-03   0.46761E-03
 8557.54   0.53556E-03   0.46832E-03   0.46482E-03
 8571.15   0.53209E-03   0.46516E-03   0.46180E-03
 8584.75   0.53041E-03   0.46362E-03   0.46035E-03
 8598.36   0.52700E-03   0.46051E-03   0.45737E-03
 8611.96   0.52400E-03   0.45777E-03   0.45476E-03
 8625.57   0.52108E-03   0.45511E-03   0.45221E-03
 8639.17   0.51818E-03   0.45247E-03   0.44969E-03
 8652.78   0.51528E-03   0.44983E-03   0.44717E-03
 8666.38   0.51236E-03   0.44718E-03   0.44464E-03
 8679.99   0.50942E-03   0.44451E-03   0.44209E-03
 8693.59   0.50646E-03   0.44183E-03   0.43952E-03
 8707.20   0.50347E-03   0.43913E-03   0.43693E-03
 8720.80   0.50046E-03   0.43641E-03   0.43432E-03
 8734.41   0.49740E-03   0.43364E-03   0.43167E-03
 8748.01   0.49395E-03   0.43055E-03   0.42869E-03
 8761.62   0.49147E-03   0.42828E-03   0.42653E-03
 8775.22   0.48986E-03   0.42679E-03   0.42514E-03
 8788.83   0.48688E-03   0.42410E-03   0.42257E-03
 8802.43   0.48410E-03   0.42159E-03   0.42017E-03
 8816.04   0.48141E-03   0.41916E-03   0.41784E-03
 8829.64   0.47876E-03   0.41676E-03   0.41555E-03
 8843.25   0.47612E-03   0.41438E-03   0.41327E-03
 8856.85   0.47348E-03   0.41199E-03   0.41099E-03
 8870.46   0.47082E-03   0.40959E-03   0.40869E-03
 8884.06   0.46813E-03   0.40717E-03   0.40637E-03
 8897.67   0.46539E-03   0.40471E-03   0.40401E-03
 8911.27   0.46256E-03   0.40218E-03   0.40158E-03
 8924.88   0.45946E-03   0.39941E-03   0.39890E-03
 8938.48   0.45695E-03   0.39715E-03   0.39674E-03
 8952.09   0.45608E-03   0.39630E-03   0.39601E-03
 8965.69   0.45295E-03   0.39351E-03   0.39331E-03
 8979.30   0.45023E-03   0.39108E-03   0.39097E-03
 8992.90   0.44765E-03   0.38877E-03   0.38876E-03
 9006.51   0.44515E-03   0.38653E-03   0.38661E-03
 9020.11   0.44271E-03   0.38434E-03   0.38451E-03
 9033.72   0.44030E-03   0.38217E-03   0.38244E-03
 9047.32   0.43790E-03   0.38002E-03   0.38039E-03
 9060.93   0.43550E-03   0.37787E-03   0.37833E-03
 9074.53   0.43306E-03   0.37569E-03   0.37624E-03
 9088.14   0.43057E-03   0.37346E-03   0.37410E-03
 9101.74   0.42792E-03   0.37111E-03   0.37184E-03
 9115.35   0.42443E-03   0.36804E-03   0.36884E-03
 9128.95   0.42574E-03   0.36906E-03   0.36999E-03
 9142.56   0.42186E-03   0.36566E-03   0.36666E-03
 9156.16   0.41919E-03   0.36330E-03   0.36438E-03
 9169.77   0.41670E-03   0.36109E-03   0.36225E-03
 9183.37   0.41430E-03   0.35895E-03   0.36020E-03
 9196.98   0.41197E-03   0.35688E-03   0.35821E-03
 9210.58   0.40970E-03   0.35486E-03   0.35627E-03
 9224.19   0.40748E-03   0.35288E-03   0.35438E-03
 9237.79   0.40528E-03   0.35092E-03   0.35251E-03
 9251.40   0.40310E-03   0.34898E-03   0.35065E-03
 9265.00   0.40091E-03   0.34704E-03   0.34879E-03
 9278.61   0.39868E-03   0.34505E-03   0.34688E-03
 9292.21   0.39627E-03   0.34292E-03   0.34483E-03
 9305.82   0.39401E-03   0.34092E-03   0.34290E-03
 9319.42   0.39319E-03   0.34016E-03   0.34224E-03
 9333.03   0.39057E-03   0.33785E-03   0.34000E-03
 9346.63   0.38823E-03   0.33579E-03   0.33801E-03
 9360.24   0.38597E-03   0.33379E-03   0.33609E-03
 9373.84   0.38375E-03   0.33184E-03   0.33420E-03
 9387.45   0.38158E-03   0.32992E-03   0.33236E-03
 9401.05   0.37945E-03   0.32804E-03   0.33055E-03
 9414.66   0.37737E-03   0.32620E-03   0.32879E-03
 9428.26   0.37534E-03   0.32441E-03   0.32707E-03
 9441.87   0.37334E-03   0.32264E-03   0.32538E-03
 9455.47   0.37136E-03   0.32089E-03   0.32370E-03
 9469.08   0.36937E-03   0.31913E-03   0.32202E-03
 9482.68   0.36728E-03   0.31729E-03   0.32025E-03
 9496.29   0.36522E-03   0.31548E-03   0.31850E-03
 9509.89   0.36391E-03   0.31432E-03   0.31742E-03
 9523.50   0.36181E-03   0.31247E-03   0.31564E-03
 9537.10   0.35977E-03   0.31068E-03   0.31391E-03
 9550.71   0.35774E-03   0.30890E-03   0.31220E-03
 9564.31   0.35571E-03   0.30713E-03   0.31049E-03
 9577.92   0.35370E-03   0.30536E-03   0.30879E-03
 9591.52   0.35171E-03   0.30362E-03   0.30711E-03
 9605.13   0.34976E-03   0.30191E-03   0.30546E-03
 9618.73   0.34784E-03   0.30023E-03   0.30385E-03
 9632.34   0.34597E-03   0.29859E-03   0.30227E-03
 9645.94   0.34413E-03   0.29698E-03   0.30073E-03
 9659.55   0.34233E-03   0.29540E-03   0.29921E-03
 9673.15   0.34052E-03   0.29380E-03   0.29769E-03
 9686.76   0.33872E-03   0.29223E-03   0.29618E-03
 9700.36   0.33711E-03   0.29084E-03   0.29484E-03
 9713.97   0.33533E-03   0.28928E-03   0.29334E-03
 9727.57   0.33354E-03   0.28772E-03   0.29184E-03
 9741.18   0.33174E-03   0.28614E-03   0.29032E-03
 9754.78   0.32991E-03   0.28455E-03   0.28879E-03
 9768.39   0.32808E-03   0.28296E-03   0.28725E-03
 9781.99   0.32625E-03   0.28136E-03   0.28571E-03
 9795.60   0.32442E-03   0.27977E-03   0.28418E-03
 9809.20   0.32261E-03   0.27820E-03   0.28266E-03
 9822.81   0.32083E-03   0.27665E-03   0.28117E-03
 9836.41   0.31907E-03   0.27513E-03   0.27970E-03
 9850.02   0.31735E-03   0.27363E-03   0.27826E-03
 9863.62   0.31562E-03   0.27212E-03   0.27681E-03
 9877.23   0.31411E-03   0.27081E-03   0.27555E-03
 9890.83   0.31259E-03   0.26951E-03   0.27430E-03
 9904.44   0.31096E-03   0.26808E-03   0.27293E-03
 9918.04   0.30934E-03   0.26668E-03   0.27159E-03
 9931.65   0.30773E-03   0.26529E-03   0.27024E-03
 9945.25   0.30611E-03   0.26388E-03   0.26889E-03
 9958.86   0.30446E-03   0.26246E-03   0.26752E-03
 9972.46   0.30280E-03   0.26102E-03   0.26613E-03
 9986.07   0.30112E-03   0.25957E-03   0.26473E-03
 9999.67   0.29944E-03   0.25812E-03   0.26332E-03
