  965.95   0.31765E+00   0.32722E+00   0.31359E+00
  979.56   0.31426E+00   0.32369E+00   0.31020E+00
  993.16   0.31089E+00   0.32017E+00   0.30684E+00
 1006.77   0.30756E+00   0.31670E+00   0.30351E+00
 1020.37   0.30435E+00   0.31336E+00   0.30030E+00
 1033.98   0.30115E+00   0.31001E+00   0.29709E+00
 1047.58   0.29797E+00   0.30670E+00   0.29391E+00
 1061.19   0.29481E+00   0.30339E+00   0.29074E+00
 1074.79   0.29158E+00   0.30002E+00   0.28750E+00
 1088.40   0.28867E+00   0.29698E+00   0.28458E+00
 1102.00   0.28566E+00   0.29382E+00   0.28155E+00
 1115.61   0.28268E+00   0.29071E+00   0.27855E+00
 1129.21   0.27971E+00   0.28759E+00   0.27556E+00
 1142.82   0.27693E+00   0.28468E+00   0.27276E+00
 1156.42   0.27396E+00   0.28158E+00   0.26977E+00
 1170.03   0.27113E+00   0.27861E+00   0.26692E+00
 1183.63   0.26835E+00   0.27569E+00   0.26411E+00
 1197.24   0.26558E+00   0.27278E+00   0.26131E+00
 1210.84   0.26294E+00   0.27001E+00   0.25864E+00
 1224.45   0.26020E+00   0.26713E+00   0.25587E+00
 1238.05   0.25753E+00   0.26433E+00   0.25317E+00
 1251.66   0.25492E+00   0.26158E+00   0.25053E+00
 1265.26   0.25234E+00   0.25886E+00   0.24791E+00
 1278.87   0.24984E+00   0.25624E+00   0.24537E+00
 1292.47   0.24728E+00   0.25355E+00   0.24278E+00
 1306.08   0.24478E+00   0.25091E+00   0.24024E+00
 1319.68   0.24232E+00   0.24832E+00   0.23774E+00
 1333.29   0.23991E+00   0.24577E+00   0.23529E+00
 1346.89   0.23754E+00   0.24328E+00   0.23289E+00
 1360.50   0.23518E+00   0.24079E+00   0.23048E+00
 1374.10   0.23284E+00   0.23832E+00   0.22810E+00
 1387.71   0.23052E+00   0.23588E+00   0.22574E+00
 1401.31   0.22825E+00   0.23348E+00   0.22343E+00
 1414.92   0.22602E+00   0.23112E+00   0.22115E+00
 1428.52   0.22382E+00   0.22879E+00   0.21891E+00
 1442.13   0.22163E+00   0.22648E+00   0.21668E+00
 1455.73   0.21946E+00   0.22419E+00   0.21447E+00
 1469.34   0.21732E+00   0.22192E+00   0.21228E+00
 1482.94   0.21519E+00   0.21967E+00   0.21012E+00
 1496.55   0.21315E+00   0.21751E+00   0.20803E+00
 1510.15   0.21110E+00   0.21534E+00   0.20594E+00
 1523.76   0.20908E+00   0.21320E+00   0.20387E+00
 1537.36   0.20708E+00   0.21108E+00   0.20182E+00
 1550.97   0.20508E+00   0.20896E+00   0.19978E+00
 1564.57   0.20310E+00   0.20687E+00   0.19776E+00
 1578.18   0.20123E+00   0.20488E+00   0.19584E+00
 1591.78   0.19934E+00   0.20286E+00   0.19390E+00
 1605.39   0.19746E+00   0.20088E+00   0.19198E+00
 1618.99   0.19561E+00   0.19891E+00   0.19008E+00
 1632.60   0.19374E+00   0.19693E+00   0.18818E+00
 1646.20   0.19202E+00   0.19509E+00   0.18640E+00
 1659.81   0.19018E+00   0.19314E+00   0.18452E+00
 1673.41   0.18841E+00   0.19126E+00   0.18271E+00
 1687.02   0.18667E+00   0.18941E+00   0.18093E+00
 1700.62   0.18495E+00   0.18758E+00   0.17916E+00
 1714.23   0.18322E+00   0.18574E+00   0.17739E+00
 1727.83   0.18161E+00   0.18402E+00   0.17573E+00
 1741.44   0.17992E+00   0.18223E+00   0.17400E+00
 1755.04   0.17827E+00   0.18047E+00   0.17231E+00
 1768.65   0.17666E+00   0.17875E+00   0.17065E+00
 1782.25   0.17506E+00   0.17706E+00   0.16901E+00
 1795.86   0.17347E+00   0.17536E+00   0.16738E+00
 1809.46   0.17195E+00   0.17374E+00   0.16582E+00
 1823.07   0.17039E+00   0.17208E+00   0.16422E+00
 1836.67   0.16886E+00   0.17044E+00   0.16264E+00
 1850.28   0.16735E+00   0.16883E+00   0.16109E+00
 1863.88   0.16587E+00   0.16725E+00   0.15957E+00
 1877.49   0.16440E+00   0.16569E+00   0.15806E+00
 1891.09   0.16296E+00   0.16415E+00   0.15659E+00
 1904.70   0.16152E+00   0.16262E+00   0.15511E+00
 1918.30   0.16010E+00   0.16110E+00   0.15364E+00
 1931.91   0.15869E+00   0.15959E+00   0.15219E+00
 1945.51   0.15730E+00   0.15811E+00   0.15077E+00
 1959.12   0.15593E+00   0.15665E+00   0.14936E+00
 1972.72   0.15459E+00   0.15521E+00   0.14798E+00
 1986.33   0.15326E+00   0.15379E+00   0.14661E+00
 1999.93   0.15194E+00   0.15238E+00   0.14526E+00
 2013.54   0.15063E+00   0.15098E+00   0.14391E+00
 2027.14   0.14933E+00   0.14959E+00   0.14257E+00
 2040.75   0.14805E+00   0.14822E+00   0.14126E+00
 2054.35   0.14678E+00   0.14687E+00   0.13996E+00
 2067.96   0.14555E+00   0.14555E+00   0.13869E+00
 2081.56   0.14433E+00   0.14424E+00   0.13743E+00
 2095.17   0.14311E+00   0.14294E+00   0.13618E+00
 2108.77   0.14190E+00   0.14165E+00   0.13494E+00
 2122.38   0.14070E+00   0.14036E+00   0.13371E+00
 2135.98   0.13950E+00   0.13908E+00   0.13248E+00
 2149.59   0.13838E+00   0.13788E+00   0.13132E+00
 2163.19   0.13721E+00   0.13663E+00   0.13012E+00
 2176.80   0.13608E+00   0.13542E+00   0.12896E+00
 2190.40   0.13495E+00   0.13421E+00   0.12780E+00
 2204.01   0.13384E+00   0.13302E+00   0.12666E+00
 2217.61   0.13273E+00   0.13183E+00   0.12552E+00
 2231.22   0.13161E+00   0.13064E+00   0.12438E+00
 2244.82   0.13059E+00   0.12954E+00   0.12332E+00
 2258.43   0.12951E+00   0.12839E+00   0.12222E+00
 2272.03   0.12845E+00   0.12726E+00   0.12114E+00
 2285.64   0.12742E+00   0.12615E+00   0.12007E+00
 2299.24   0.12639E+00   0.12505E+00   0.11902E+00
 2312.85   0.12536E+00   0.12395E+00   0.11796E+00
 2326.45   0.12430E+00   0.12282E+00   0.11688E+00
 2340.06   0.12338E+00   0.12182E+00   0.11593E+00
 2353.66   0.12238E+00   0.12075E+00   0.11491E+00
 2367.27   0.12140E+00   0.11971E+00   0.11390E+00
 2380.87   0.12043E+00   0.11867E+00   0.11292E+00
 2394.48   0.11948E+00   0.11766E+00   0.11194E+00
 2408.08   0.11853E+00   0.11664E+00   0.11097E+00
 2421.69   0.11758E+00   0.11563E+00   0.11000E+00
 2435.29   0.11669E+00   0.11467E+00   0.10909E+00
 2448.90   0.11577E+00   0.11368E+00   0.10814E+00
 2462.50   0.11486E+00   0.11271E+00   0.10721E+00
 2476.11   0.11396E+00   0.11175E+00   0.10629E+00
 2489.71   0.11307E+00   0.11080E+00   0.10539E+00
 2503.32   0.11220E+00   0.10987E+00   0.10450E+00
 2516.92   0.11132E+00   0.10893E+00   0.10360E+00
 2530.53   0.11049E+00   0.10803E+00   0.10275E+00
 2544.13   0.10963E+00   0.10712E+00   0.10188E+00
 2557.74   0.10878E+00   0.10621E+00   0.10101E+00
 2571.34   0.10794E+00   0.10532E+00   0.10016E+00
 2584.95   0.10712E+00   0.10444E+00   0.99316E-01
 2598.55   0.10630E+00   0.10357E+00   0.98486E-01
 2612.16   0.10550E+00   0.10271E+00   0.97668E-01
 2625.76   0.10471E+00   0.10186E+00   0.96859E-01
 2639.37   0.10392E+00   0.10102E+00   0.96056E-01
 2652.97   0.10313E+00   0.10018E+00   0.95258E-01
 2666.58   0.10235E+00   0.99346E-01   0.94465E-01
 2680.18   0.10158E+00   0.98522E-01   0.93680E-01
 2693.79   0.10081E+00   0.97708E-01   0.92905E-01
 2707.39   0.10006E+00   0.96902E-01   0.92138E-01
 2721.00   0.99327E-01   0.96121E-01   0.91395E-01
 2734.60   0.98592E-01   0.95337E-01   0.90649E-01
 2748.21   0.97865E-01   0.94561E-01   0.89912E-01
 2761.81   0.97142E-01   0.93791E-01   0.89179E-01
 2775.42   0.96422E-01   0.93025E-01   0.88451E-01
 2789.02   0.95707E-01   0.92264E-01   0.87728E-01
 2802.63   0.94995E-01   0.91507E-01   0.87009E-01
 2816.23   0.94282E-01   0.90750E-01   0.86289E-01
 2829.84   0.93629E-01   0.90051E-01   0.85626E-01
 2843.44   0.92946E-01   0.89326E-01   0.84937E-01
 2857.05   0.92274E-01   0.88610E-01   0.84258E-01
 2870.65   0.91606E-01   0.87900E-01   0.83584E-01
 2884.26   0.90941E-01   0.87194E-01   0.82914E-01
 2897.86   0.90277E-01   0.86490E-01   0.82246E-01
 2911.47   0.89603E-01   0.85777E-01   0.81570E-01
 2925.07   0.89013E-01   0.85145E-01   0.80971E-01
 2938.68   0.88355E-01   0.84448E-01   0.80310E-01
 2952.28   0.87721E-01   0.83776E-01   0.79673E-01
 2965.89   0.87097E-01   0.83114E-01   0.79046E-01
 2979.49   0.86479E-01   0.82460E-01   0.78426E-01
 2993.10   0.85865E-01   0.81809E-01   0.77810E-01
 3006.70   0.85250E-01   0.81158E-01   0.77194E-01
 3020.31   0.84630E-01   0.80504E-01   0.76574E-01
 3033.91   0.84075E-01   0.79913E-01   0.76015E-01
 3047.52   0.83469E-01   0.79272E-01   0.75409E-01
 3061.12   0.82878E-01   0.78649E-01   0.74819E-01
 3074.73   0.82297E-01   0.78035E-01   0.74239E-01
 3088.33   0.81724E-01   0.77429E-01   0.73666E-01
 3101.94   0.81155E-01   0.76829E-01   0.73098E-01
 3115.54   0.80588E-01   0.76230E-01   0.72532E-01
 3129.15   0.80010E-01   0.75623E-01   0.71959E-01
 3142.75   0.79492E-01   0.75073E-01   0.71439E-01
 3156.36   0.78931E-01   0.74483E-01   0.70882E-01
 3169.96   0.78381E-01   0.73904E-01   0.70335E-01
 3183.57   0.77838E-01   0.73333E-01   0.69796E-01
 3197.17   0.77303E-01   0.72770E-01   0.69265E-01
 3210.78   0.76775E-01   0.72214E-01   0.68741E-01
 3224.38   0.76251E-01   0.71663E-01   0.68221E-01
 3237.99   0.75723E-01   0.71110E-01   0.67699E-01
 3251.59   0.75226E-01   0.70586E-01   0.67205E-01
 3265.20   0.74709E-01   0.70044E-01   0.66694E-01
 3278.80   0.74197E-01   0.69507E-01   0.66189E-01
 3292.41   0.73690E-01   0.68976E-01   0.65688E-01
 3306.01   0.73189E-01   0.68452E-01   0.65194E-01
 3319.62   0.72695E-01   0.67935E-01   0.64707E-01
 3333.22   0.72207E-01   0.67424E-01   0.64226E-01
 3346.83   0.71724E-01   0.66919E-01   0.63751E-01
 3360.43   0.71248E-01   0.66421E-01   0.63282E-01
 3374.04   0.70771E-01   0.65923E-01   0.62814E-01
 3387.64   0.70297E-01   0.65428E-01   0.62348E-01
 3401.25   0.69824E-01   0.64936E-01   0.61885E-01
 3414.85   0.69355E-01   0.64447E-01   0.61425E-01
 3428.46   0.68890E-01   0.63963E-01   0.60970E-01
 3442.06   0.68432E-01   0.63486E-01   0.60521E-01
 3455.67   0.67978E-01   0.63014E-01   0.60078E-01
 3469.27   0.67535E-01   0.62553E-01   0.59645E-01
 3482.88   0.67091E-01   0.62092E-01   0.59212E-01
 3496.48   0.66651E-01   0.61635E-01   0.58782E-01
 3510.09   0.66213E-01   0.61180E-01   0.58355E-01
 3523.69   0.65775E-01   0.60727E-01   0.57930E-01
 3537.30   0.65340E-01   0.60277E-01   0.57507E-01
 3550.90   0.64907E-01   0.59829E-01   0.57087E-01
 3564.51   0.64477E-01   0.59385E-01   0.56670E-01
 3578.11   0.64052E-01   0.58946E-01   0.56258E-01
 3591.72   0.63653E-01   0.58532E-01   0.55870E-01
 3605.32   0.63239E-01   0.58105E-01   0.55470E-01
 3618.93   0.62831E-01   0.57683E-01   0.55075E-01
 3632.53   0.62425E-01   0.57265E-01   0.54682E-01
 3646.14   0.62020E-01   0.56848E-01   0.54292E-01
 3659.74   0.61615E-01   0.56432E-01   0.53902E-01
 3673.35   0.61211E-01   0.56018E-01   0.53513E-01
 3686.95   0.60796E-01   0.55594E-01   0.53116E-01
 3700.56   0.60453E-01   0.55236E-01   0.52782E-01
 3714.16   0.60048E-01   0.54823E-01   0.52395E-01
 3727.77   0.59661E-01   0.54427E-01   0.52024E-01
 3741.37   0.59280E-01   0.54037E-01   0.51659E-01
 3754.98   0.58903E-01   0.53651E-01   0.51298E-01
 3768.58   0.58528E-01   0.53267E-01   0.50939E-01
 3782.19   0.58152E-01   0.52884E-01   0.50581E-01
 3795.79   0.57774E-01   0.52499E-01   0.50220E-01
 3809.40   0.57393E-01   0.52112E-01   0.49858E-01
 3823.00   0.57068E-01   0.51777E-01   0.49546E-01
 3836.61   0.56694E-01   0.51397E-01   0.49190E-01
 3850.21   0.56331E-01   0.51030E-01   0.48847E-01
 3863.82   0.55975E-01   0.50668E-01   0.48509E-01
 3877.42   0.55624E-01   0.50311E-01   0.48175E-01
 3891.03   0.55275E-01   0.49957E-01   0.47845E-01
 3904.63   0.54927E-01   0.49605E-01   0.47516E-01
 3918.24   0.54576E-01   0.49250E-01   0.47184E-01
 3931.84   0.54215E-01   0.48887E-01   0.46845E-01
 3945.45   0.53916E-01   0.48581E-01   0.46559E-01
 3959.05   0.53568E-01   0.48231E-01   0.46233E-01
 3972.66   0.53229E-01   0.47889E-01   0.45914E-01
 3986.26   0.52895E-01   0.47553E-01   0.45600E-01
 3999.87   0.52565E-01   0.47221E-01   0.45290E-01
 4013.47   0.52240E-01   0.46894E-01   0.44985E-01
 4027.08   0.51917E-01   0.46569E-01   0.44682E-01
 4040.68   0.51593E-01   0.46244E-01   0.44380E-01
 4054.29   0.51261E-01   0.45913E-01   0.44070E-01
 4067.89   0.50970E-01   0.45619E-01   0.43797E-01
 4081.50   0.50649E-01   0.45298E-01   0.43498E-01
 4095.10   0.50332E-01   0.44982E-01   0.43202E-01
 4108.71   0.50018E-01   0.44669E-01   0.42911E-01
 4122.31   0.49708E-01   0.44359E-01   0.42622E-01
 4135.92   0.49402E-01   0.44055E-01   0.42338E-01
 4149.52   0.49100E-01   0.43754E-01   0.42058E-01
 4163.13   0.48800E-01   0.43456E-01   0.41781E-01
 4176.73   0.48500E-01   0.43158E-01   0.41503E-01
 4190.34   0.48212E-01   0.42871E-01   0.41236E-01
 4203.94   0.47916E-01   0.42578E-01   0.40964E-01
 4217.55   0.47621E-01   0.42286E-01   0.40692E-01
 4231.15   0.47328E-01   0.41996E-01   0.40422E-01
 4244.76   0.47036E-01   0.41708E-01   0.40154E-01
 4258.36   0.46747E-01   0.41423E-01   0.39888E-01
 4271.97   0.46461E-01   0.41142E-01   0.39626E-01
 4285.57   0.46180E-01   0.40865E-01   0.39368E-01
 4299.18   0.45901E-01   0.40591E-01   0.39114E-01
 4312.78   0.45626E-01   0.40320E-01   0.38862E-01
 4326.39   0.45352E-01   0.40051E-01   0.38612E-01
 4339.99   0.45079E-01   0.39783E-01   0.38362E-01
 4353.60   0.44806E-01   0.39515E-01   0.38114E-01
 4367.20   0.44533E-01   0.39249E-01   0.37865E-01
 4380.81   0.44261E-01   0.38983E-01   0.37618E-01
 4394.41   0.43991E-01   0.38719E-01   0.37373E-01
 4408.02   0.43722E-01   0.38458E-01   0.37130E-01
 4421.62   0.43455E-01   0.38199E-01   0.36889E-01
 4435.23   0.43213E-01   0.37961E-01   0.36669E-01
 4448.83   0.42946E-01   0.37703E-01   0.36428E-01
 4462.44   0.42690E-01   0.37454E-01   0.36197E-01
 4476.04   0.42436E-01   0.37207E-01   0.35968E-01
 4489.65   0.42182E-01   0.36962E-01   0.35740E-01
 4503.25   0.41928E-01   0.36716E-01   0.35512E-01
 4516.86   0.41675E-01   0.36472E-01   0.35284E-01
 4530.46   0.41421E-01   0.36227E-01   0.35057E-01
 4544.07   0.41167E-01   0.35983E-01   0.34830E-01
 4557.67   0.40917E-01   0.35743E-01   0.34607E-01
 4571.28   0.40696E-01   0.35528E-01   0.34409E-01
 4584.88   0.40447E-01   0.35290E-01   0.34187E-01
 4598.49   0.40207E-01   0.35059E-01   0.33973E-01
 4612.09   0.39969E-01   0.34832E-01   0.33761E-01
 4625.70   0.39733E-01   0.34606E-01   0.33551E-01
 4639.30   0.39497E-01   0.34380E-01   0.33342E-01
 4652.91   0.39260E-01   0.34155E-01   0.33133E-01
 4666.51   0.39022E-01   0.33929E-01   0.32922E-01
 4680.12   0.38778E-01   0.33697E-01   0.32707E-01
 4693.72   0.38530E-01   0.33463E-01   0.32489E-01
 4707.33   0.38347E-01   0.33285E-01   0.32325E-01
 4720.93   0.38113E-01   0.33064E-01   0.32120E-01
 4734.54   0.37886E-01   0.32849E-01   0.31920E-01
 4748.14   0.37663E-01   0.32638E-01   0.31724E-01
 4761.75   0.37442E-01   0.32429E-01   0.31531E-01
 4775.35   0.37222E-01   0.32222E-01   0.31338E-01
 4788.96   0.37002E-01   0.32015E-01   0.31146E-01
 4802.56   0.36781E-01   0.31806E-01   0.30952E-01
 4816.17   0.36548E-01   0.31588E-01   0.30749E-01
 4829.77   0.36397E-01   0.31442E-01   0.30617E-01
 4843.38   0.36149E-01   0.31212E-01   0.30401E-01
 4856.98   0.35929E-01   0.31007E-01   0.30211E-01
 4870.59   0.35715E-01   0.30807E-01   0.30025E-01
 4884.19   0.35504E-01   0.30610E-01   0.29842E-01
 4897.80   0.35297E-01   0.30416E-01   0.29662E-01
 4911.40   0.35091E-01   0.30225E-01   0.29485E-01
 4925.01   0.34887E-01   0.30035E-01   0.29308E-01
 4938.61   0.34682E-01   0.29844E-01   0.29131E-01
 4952.22   0.34467E-01   0.29645E-01   0.28946E-01
 4965.82   0.34308E-01   0.29495E-01   0.28809E-01
 4979.43   0.34088E-01   0.29293E-01   0.28621E-01
 4993.03   0.33883E-01   0.29104E-01   0.28445E-01
 5006.64   0.33681E-01   0.28918E-01   0.28272E-01
 5020.24   0.33482E-01   0.28735E-01   0.28101E-01
 5033.85   0.33286E-01   0.28554E-01   0.27933E-01
 5047.45   0.33092E-01   0.28376E-01   0.27768E-01
 5061.06   0.32900E-01   0.28200E-01   0.27605E-01
 5074.66   0.32710E-01   0.28025E-01   0.27443E-01
 5088.27   0.32518E-01   0.27849E-01   0.27280E-01
 5101.87   0.32347E-01   0.27692E-01   0.27135E-01
 5115.48   0.32151E-01   0.27514E-01   0.26969E-01
 5129.08   0.31962E-01   0.27341E-01   0.26808E-01
 5142.69   0.31773E-01   0.27169E-01   0.26649E-01
 5156.29   0.31586E-01   0.26999E-01   0.26490E-01
 5169.90   0.31400E-01   0.26830E-01   0.26333E-01
 5183.50   0.31216E-01   0.26663E-01   0.26178E-01
 5197.11   0.31034E-01   0.26499E-01   0.26026E-01
 5210.71   0.30855E-01   0.26337E-01   0.25875E-01
 5224.32   0.30679E-01   0.26177E-01   0.25727E-01
 5237.92   0.30501E-01   0.26017E-01   0.25578E-01
 5251.53   0.30329E-01   0.25862E-01   0.25434E-01
 5265.13   0.30154E-01   0.25705E-01   0.25288E-01
 5278.74   0.29980E-01   0.25547E-01   0.25142E-01
 5292.34   0.29804E-01   0.25390E-01   0.24996E-01
 5305.95   0.29629E-01   0.25234E-01   0.24850E-01
 5319.55   0.29455E-01   0.25078E-01   0.24705E-01
 5333.16   0.29282E-01   0.24923E-01   0.24562E-01
 5346.76   0.29111E-01   0.24771E-01   0.24420E-01
 5360.37   0.28942E-01   0.24620E-01   0.24280E-01
 5373.97   0.28778E-01   0.24474E-01   0.24144E-01
 5387.58   0.28616E-01   0.24330E-01   0.24010E-01
 5401.18   0.28452E-01   0.24184E-01   0.23875E-01
 5414.79   0.28289E-01   0.24040E-01   0.23741E-01
 5428.39   0.28126E-01   0.23896E-01   0.23607E-01
 5442.00   0.27964E-01   0.23752E-01   0.23473E-01
 5455.60   0.27800E-01   0.23608E-01   0.23339E-01
 5469.21   0.27637E-01   0.23464E-01   0.23205E-01
 5482.81   0.27474E-01   0.23320E-01   0.23071E-01
 5496.42   0.27311E-01   0.23177E-01   0.22938E-01
 5510.02   0.27144E-01   0.23031E-01   0.22801E-01
 5523.63   0.27020E-01   0.22921E-01   0.22700E-01
 5537.23   0.26851E-01   0.22774E-01   0.22563E-01
 5550.84   0.26696E-01   0.22638E-01   0.22436E-01
 5564.44   0.26543E-01   0.22505E-01   0.22312E-01
 5578.05   0.26392E-01   0.22372E-01   0.22189E-01
 5591.65   0.26240E-01   0.22240E-01   0.22066E-01
 5605.26   0.26088E-01   0.22108E-01   0.21943E-01
 5618.86   0.25935E-01   0.21976E-01   0.21819E-01
 5632.47   0.25781E-01   0.21842E-01   0.21695E-01
 5646.07   0.25625E-01   0.21707E-01   0.21568E-01
 5659.68   0.25473E-01   0.21576E-01   0.21446E-01
 5673.28   0.25356E-01   0.21474E-01   0.21353E-01
 5686.89   0.25199E-01   0.21339E-01   0.21226E-01
 5700.49   0.25052E-01   0.21213E-01   0.21108E-01
 5714.10   0.24908E-01   0.21089E-01   0.20993E-01
 5727.70   0.24766E-01   0.20967E-01   0.20879E-01
 5741.31   0.24624E-01   0.20845E-01   0.20766E-01
 5754.91   0.24483E-01   0.20724E-01   0.20652E-01
 5768.52   0.24341E-01   0.20602E-01   0.20539E-01
 5782.12   0.24197E-01   0.20479E-01   0.20424E-01
 5795.73   0.24046E-01   0.20351E-01   0.20304E-01
 5809.33   0.23898E-01   0.20225E-01   0.20185E-01
 5822.94   0.23799E-01   0.20140E-01   0.20108E-01
 5836.54   0.23652E-01   0.20016E-01   0.19991E-01
 5850.15   0.23512E-01   0.19897E-01   0.19880E-01
 5863.75   0.23375E-01   0.19781E-01   0.19772E-01
 5877.36   0.23241E-01   0.19668E-01   0.19666E-01
 5890.96   0.23108E-01   0.19556E-01   0.19561E-01
 5904.57   0.22976E-01   0.19444E-01   0.19457E-01
 5918.17   0.22844E-01   0.19333E-01   0.19353E-01
 5931.78   0.22711E-01   0.19221E-01   0.19248E-01
 5945.38   0.22571E-01   0.19103E-01   0.19137E-01
 5958.99   0.22428E-01   0.18983E-01   0.19024E-01
 5972.59   0.22337E-01   0.18907E-01   0.18955E-01
 5986.20   0.22200E-01   0.18793E-01   0.18848E-01
 5999.80   0.22068E-01   0.18682E-01   0.18744E-01
 6013.41   0.21938E-01   0.18574E-01   0.18642E-01
 6027.01   0.21811E-01   0.18468E-01   0.18543E-01
 6040.62   0.21685E-01   0.18363E-01   0.18445E-01
 6054.22   0.21561E-01   0.18260E-01   0.18348E-01
 6067.83   0.21438E-01   0.18158E-01   0.18253E-01
 6081.43   0.21315E-01   0.18056E-01   0.18157E-01
 6095.04   0.21189E-01   0.17952E-01   0.18059E-01
 6108.64   0.21059E-01   0.17844E-01   0.17958E-01
 6122.25   0.20961E-01   0.17764E-01   0.17884E-01
 6135.85   0.20835E-01   0.17660E-01   0.17786E-01
 6149.46   0.20712E-01   0.17558E-01   0.17690E-01
 6163.06   0.20590E-01   0.17458E-01   0.17596E-01
 6176.67   0.20469E-01   0.17358E-01   0.17502E-01
 6190.27   0.20349E-01   0.17260E-01   0.17410E-01
 6203.88   0.20231E-01   0.17164E-01   0.17319E-01
 6217.48   0.20115E-01   0.17069E-01   0.17230E-01
 6231.09   0.20001E-01   0.16975E-01   0.17142E-01
 6244.69   0.19887E-01   0.16882E-01   0.17055E-01
 6258.30   0.19771E-01   0.16788E-01   0.16966E-01
 6271.90   0.19664E-01   0.16702E-01   0.16885E-01
 6285.51   0.19550E-01   0.16609E-01   0.16798E-01
 6299.11   0.19437E-01   0.16517E-01   0.16711E-01
 6312.72   0.19323E-01   0.16424E-01   0.16624E-01
 6326.32   0.19209E-01   0.16332E-01   0.16537E-01
 6339.93   0.19096E-01   0.16240E-01   0.16450E-01
 6353.53   0.18983E-01   0.16150E-01   0.16365E-01
 6367.14   0.18872E-01   0.16060E-01   0.16280E-01
 6380.74   0.18763E-01   0.15972E-01   0.16197E-01
 6394.35   0.18655E-01   0.15886E-01   0.16116E-01
 6407.95   0.18550E-01   0.15801E-01   0.16036E-01
 6421.56   0.18445E-01   0.15717E-01   0.15957E-01
 6435.16   0.18340E-01   0.15633E-01   0.15877E-01
 6448.77   0.18235E-01   0.15549E-01   0.15798E-01
 6462.37   0.18130E-01   0.15465E-01   0.15719E-01
 6475.98   0.18024E-01   0.15381E-01   0.15639E-01
 6489.58   0.17918E-01   0.15296E-01   0.15559E-01
 6503.19   0.17812E-01   0.15212E-01   0.15479E-01
 6516.79   0.17707E-01   0.15128E-01   0.15399E-01
 6530.40   0.17602E-01   0.15044E-01   0.15320E-01
 6544.00   0.17497E-01   0.14961E-01   0.15242E-01
 6557.61   0.17392E-01   0.14878E-01   0.15162E-01
 6571.21   0.17294E-01   0.14801E-01   0.15090E-01
 6584.82   0.17203E-01   0.14729E-01   0.15022E-01
 6598.42   0.17103E-01   0.14650E-01   0.14947E-01
 6612.03   0.17005E-01   0.14573E-01   0.14874E-01
 6625.63   0.16907E-01   0.14496E-01   0.14801E-01
 6639.24   0.16809E-01   0.14419E-01   0.14728E-01
 6652.84   0.16711E-01   0.14342E-01   0.14655E-01
 6666.45   0.16612E-01   0.14264E-01   0.14581E-01
 6680.05   0.16513E-01   0.14186E-01   0.14507E-01
 6693.66   0.16413E-01   0.14108E-01   0.14432E-01
 6707.26   0.16312E-01   0.14028E-01   0.14356E-01
 6720.87   0.16217E-01   0.13954E-01   0.14285E-01
 6734.47   0.16145E-01   0.13899E-01   0.14235E-01
 6748.08   0.16042E-01   0.13819E-01   0.14157E-01
 6761.68   0.15947E-01   0.13745E-01   0.14087E-01
 6775.29   0.15855E-01   0.13673E-01   0.14019E-01
 6788.89   0.15763E-01   0.13603E-01   0.13951E-01
 6802.50   0.15672E-01   0.13532E-01   0.13884E-01
 6816.10   0.15581E-01   0.13462E-01   0.13817E-01
 6829.71   0.15489E-01   0.13390E-01   0.13749E-01
 6843.31   0.15397E-01   0.13319E-01   0.13681E-01
 6856.92   0.15303E-01   0.13246E-01   0.13610E-01
 6870.52   0.15203E-01   0.13168E-01   0.13535E-01
 6884.13   0.15111E-01   0.13097E-01   0.13467E-01
 6897.73   0.15053E-01   0.13056E-01   0.13430E-01
 6911.34   0.14957E-01   0.12980E-01   0.13357E-01
 6924.94   0.14866E-01   0.12911E-01   0.13291E-01
 6938.55   0.14779E-01   0.12843E-01   0.13226E-01
 6952.15   0.14693E-01   0.12778E-01   0.13163E-01
 6965.76   0.14607E-01   0.12713E-01   0.13101E-01
 6979.36   0.14523E-01   0.12648E-01   0.13039E-01
 6992.97   0.14438E-01   0.12584E-01   0.12977E-01
 7006.57   0.14352E-01   0.12518E-01   0.12915E-01
 7020.18   0.14265E-01   0.12451E-01   0.12850E-01
 7033.78   0.14170E-01   0.12377E-01   0.12778E-01
 7047.39   0.14080E-01   0.12308E-01   0.12711E-01
 7060.99   0.14032E-01   0.12276E-01   0.12683E-01
 7074.60   0.13942E-01   0.12207E-01   0.12616E-01
 7088.20   0.13856E-01   0.12141E-01   0.12553E-01
 7101.81   0.13773E-01   0.12078E-01   0.12492E-01
 7115.41   0.13691E-01   0.12016E-01   0.12432E-01
 7129.02   0.13611E-01   0.11956E-01   0.12374E-01
 7142.62   0.13531E-01   0.11896E-01   0.12317E-01
 7156.23   0.13453E-01   0.11837E-01   0.12260E-01
 7169.83   0.13374E-01   0.11778E-01   0.12203E-01
 7183.44   0.13294E-01   0.11718E-01   0.12145E-01
 7197.04   0.13209E-01   0.11652E-01   0.12081E-01
 7210.65   0.13124E-01   0.11588E-01   0.12018E-01
 7224.25   0.13074E-01   0.11554E-01   0.11988E-01
 7237.86   0.12991E-01   0.11491E-01   0.11927E-01
 7251.46   0.12911E-01   0.11431E-01   0.11868E-01
 7265.07   0.12832E-01   0.11372E-01   0.11810E-01
 7278.67   0.12755E-01   0.11313E-01   0.11754E-01
 7292.28   0.12678E-01   0.11256E-01   0.11699E-01
 7305.88   0.12603E-01   0.11200E-01   0.11645E-01
 7319.49   0.12529E-01   0.11146E-01   0.11591E-01
 7333.09   0.12456E-01   0.11091E-01   0.11539E-01
 7346.70   0.12383E-01   0.11037E-01   0.11487E-01
 7360.30   0.12309E-01   0.10982E-01   0.11433E-01
 7373.91   0.12234E-01   0.10925E-01   0.11378E-01
 7387.51   0.12174E-01   0.10884E-01   0.11338E-01
 7401.12   0.12099E-01   0.10828E-01   0.11284E-01
 7414.72   0.12026E-01   0.10773E-01   0.11230E-01
 7428.33   0.11953E-01   0.10719E-01   0.11177E-01
 7441.93   0.11880E-01   0.10664E-01   0.11124E-01
 7455.54   0.11807E-01   0.10611E-01   0.11072E-01
 7469.14   0.11736E-01   0.10558E-01   0.11020E-01
 7482.75   0.11665E-01   0.10506E-01   0.10970E-01
 7496.35   0.11596E-01   0.10455E-01   0.10920E-01
 7509.96   0.11528E-01   0.10405E-01   0.10871E-01
 7523.56   0.11461E-01   0.10356E-01   0.10823E-01
 7537.17   0.11394E-01   0.10307E-01   0.10776E-01
 7550.77   0.11329E-01   0.10260E-01   0.10730E-01
 7564.38   0.11262E-01   0.10211E-01   0.10682E-01
 7577.98   0.11196E-01   0.10162E-01   0.10635E-01
 7591.59   0.11128E-01   0.10113E-01   0.10586E-01
 7605.19   0.11061E-01   0.10064E-01   0.10538E-01
 7618.80   0.10994E-01   0.10014E-01   0.10489E-01
 7632.40   0.10926E-01   0.99643E-02   0.10440E-01
 7646.01   0.10859E-01   0.99151E-02   0.10392E-01
 7659.61   0.10793E-01   0.98666E-02   0.10344E-01
 7673.22   0.10727E-01   0.98188E-02   0.10297E-01
 7686.82   0.10663E-01   0.97719E-02   0.10251E-01
 7700.43   0.10597E-01   0.97246E-02   0.10205E-01
 7714.03   0.10543E-01   0.96851E-02   0.10166E-01
 7727.64   0.10478E-01   0.96387E-02   0.10121E-01
 7741.24   0.10417E-01   0.95942E-02   0.10077E-01
 7754.85   0.10355E-01   0.95499E-02   0.10033E-01
 7768.45   0.10294E-01   0.95054E-02   0.99894E-02
 7782.06   0.10232E-01   0.94604E-02   0.99451E-02
 7795.66   0.10169E-01   0.94151E-02   0.99003E-02
 7809.27   0.10107E-01   0.93695E-02   0.98551E-02
 7822.87   0.10044E-01   0.93237E-02   0.98098E-02
 7836.48   0.99814E-02   0.92780E-02   0.97645E-02
 7850.08   0.99189E-02   0.92324E-02   0.97193E-02
 7863.69   0.98550E-02   0.91857E-02   0.96728E-02
 7877.29   0.97983E-02   0.91455E-02   0.96332E-02
 7890.90   0.97509E-02   0.91130E-02   0.96017E-02
 7904.50   0.96892E-02   0.90683E-02   0.95572E-02
 7918.11   0.96309E-02   0.90265E-02   0.95158E-02
 7931.71   0.95737E-02   0.89856E-02   0.94752E-02
 7945.32   0.95168E-02   0.89449E-02   0.94349E-02
 7958.92   0.94598E-02   0.89041E-02   0.93944E-02
 7972.53   0.94026E-02   0.88630E-02   0.93535E-02
 7986.13   0.93449E-02   0.88213E-02   0.93120E-02
 7999.74   0.92867E-02   0.87791E-02   0.92699E-02
 8013.34   0.92279E-02   0.87362E-02   0.92271E-02
 8026.95   0.91678E-02   0.86921E-02   0.91829E-02
 8040.55   0.91007E-02   0.86414E-02   0.91317E-02
 8054.16   0.90476E-02   0.86042E-02   0.90947E-02
 8067.76   0.90159E-02   0.85865E-02   0.90783E-02
 8081.37   0.89569E-02   0.85434E-02   0.90350E-02
 8094.97   0.89015E-02   0.85036E-02   0.89952E-02
 8108.58   0.88476E-02   0.84653E-02   0.89569E-02
 8122.18   0.87946E-02   0.84277E-02   0.89194E-02
 8135.79   0.87420E-02   0.83904E-02   0.88821E-02
 8149.39   0.86895E-02   0.83531E-02   0.88447E-02
 8163.00   0.86367E-02   0.83153E-02   0.88069E-02
 8176.60   0.85833E-02   0.82770E-02   0.87684E-02
 8190.21   0.85288E-02   0.82375E-02   0.87287E-02
 8203.81   0.84720E-02   0.81955E-02   0.86863E-02
 8217.42   0.84004E-02   0.81390E-02   0.86284E-02
 8231.02   0.84069E-02   0.81598E-02   0.86524E-02
 8244.63   0.83334E-02   0.81011E-02   0.85922E-02
 8258.23   0.82775E-02   0.80600E-02   0.85505E-02
 8271.84   0.82248E-02   0.80220E-02   0.85121E-02
 8285.44   0.81738E-02   0.79855E-02   0.84754E-02
 8299.05   0.81239E-02   0.79502E-02   0.84398E-02
 8312.65   0.80749E-02   0.79156E-02   0.84049E-02
 8326.26   0.80264E-02   0.78814E-02   0.83704E-02
 8339.86   0.79780E-02   0.78473E-02   0.83360E-02
 8353.47   0.79294E-02   0.78129E-02   0.83012E-02
 8367.07   0.78800E-02   0.77774E-02   0.82653E-02
 8380.68   0.78283E-02   0.77396E-02   0.82268E-02
 8394.28   0.77613E-02   0.76858E-02   0.81714E-02
 8407.89   0.77624E-02   0.77025E-02   0.81908E-02
 8421.49   0.76989E-02   0.76521E-02   0.81389E-02
 8435.10   0.76472E-02   0.76140E-02   0.81000E-02
 8448.70   0.75977E-02   0.75781E-02   0.80634E-02
 8462.31   0.75494E-02   0.75434E-02   0.80281E-02
 8475.91   0.75022E-02   0.75097E-02   0.79938E-02
 8489.52   0.74559E-02   0.74770E-02   0.79605E-02
 8503.12   0.74105E-02   0.74451E-02   0.79280E-02
 8516.73   0.73657E-02   0.74137E-02   0.78961E-02
 8530.33   0.73212E-02   0.73825E-02   0.78644E-02
 8543.94   0.72767E-02   0.73512E-02   0.78325E-02
 8557.54   0.72312E-02   0.73186E-02   0.77992E-02
 8571.15   0.71787E-02   0.72785E-02   0.77578E-02
 8584.75   0.71624E-02   0.72773E-02   0.77579E-02
 8598.36   0.71080E-02   0.72349E-02   0.77140E-02
 8611.96   0.70615E-02   0.72009E-02   0.76792E-02
 8625.57   0.70160E-02   0.71679E-02   0.76454E-02
 8639.17   0.69710E-02   0.71355E-02   0.76121E-02
 8652.78   0.69266E-02   0.71036E-02   0.75793E-02
 8666.38   0.68829E-02   0.70724E-02   0.75472E-02
 8679.99   0.68399E-02   0.70419E-02   0.75159E-02
 8693.59   0.67976E-02   0.70121E-02   0.74854E-02
 8707.20   0.67562E-02   0.69831E-02   0.74556E-02
 8720.80   0.67153E-02   0.69546E-02   0.74263E-02
 8734.41   0.66746E-02   0.69263E-02   0.73971E-02
 8748.01   0.66330E-02   0.68969E-02   0.73668E-02
 8761.62   0.65910E-02   0.68665E-02   0.73355E-02
 8775.22   0.65575E-02   0.68456E-02   0.73142E-02
 8788.83   0.65165E-02   0.68164E-02   0.72841E-02
 8802.43   0.64757E-02   0.67873E-02   0.72540E-02
 8816.04   0.64348E-02   0.67579E-02   0.72237E-02
 8829.64   0.63938E-02   0.67285E-02   0.71932E-02
 8843.25   0.63530E-02   0.66991E-02   0.71628E-02
 8856.85   0.63124E-02   0.66700E-02   0.71326E-02
 8870.46   0.62724E-02   0.66414E-02   0.71030E-02
 8884.06   0.62330E-02   0.66135E-02   0.70740E-02
 8897.67   0.61943E-02   0.65862E-02   0.70457E-02
 8911.27   0.61563E-02   0.65597E-02   0.70181E-02
 8924.88   0.61187E-02   0.65337E-02   0.69911E-02
 8938.48   0.60824E-02   0.65085E-02   0.69650E-02
 8952.09   0.60467E-02   0.64833E-02   0.69390E-02
 8965.69   0.60100E-02   0.64579E-02   0.69126E-02
 8979.30   0.59734E-02   0.64324E-02   0.68860E-02
 8992.90   0.59367E-02   0.64066E-02   0.68591E-02
 9006.51   0.58997E-02   0.63803E-02   0.68317E-02
 9020.11   0.58625E-02   0.63536E-02   0.68038E-02
 9033.72   0.58252E-02   0.63267E-02   0.67757E-02
 9047.32   0.57878E-02   0.62997E-02   0.67475E-02
 9060.93   0.57505E-02   0.62728E-02   0.67193E-02
 9074.53   0.57136E-02   0.62462E-02   0.66914E-02
 9088.14   0.56770E-02   0.62200E-02   0.66640E-02
 9101.74   0.56406E-02   0.61940E-02   0.66367E-02
 9115.35   0.56017E-02   0.61659E-02   0.66071E-02
 9128.95   0.55809E-02   0.61542E-02   0.65953E-02
 9142.56   0.55422E-02   0.61261E-02   0.65657E-02
 9156.16   0.55079E-02   0.61022E-02   0.65405E-02
 9169.77   0.54744E-02   0.60788E-02   0.65159E-02
 9183.37   0.54410E-02   0.60554E-02   0.64913E-02
 9196.98   0.54075E-02   0.60318E-02   0.64665E-02
 9210.58   0.53739E-02   0.60078E-02   0.64412E-02
 9224.19   0.53399E-02   0.59834E-02   0.64155E-02
 9237.79   0.53057E-02   0.59586E-02   0.63893E-02
 9251.40   0.52713E-02   0.59334E-02   0.63627E-02
 9265.00   0.52368E-02   0.59080E-02   0.63359E-02
 9278.61   0.52019E-02   0.58822E-02   0.63086E-02
 9292.21   0.51654E-02   0.58547E-02   0.62793E-02
 9305.82   0.51355E-02   0.58346E-02   0.62581E-02
 9319.42   0.51170E-02   0.58262E-02   0.62495E-02
 9333.03   0.50802E-02   0.57982E-02   0.62197E-02
 9346.63   0.50476E-02   0.57748E-02   0.61948E-02
 9360.24   0.50163E-02   0.57527E-02   0.61714E-02
 9373.84   0.49856E-02   0.57311E-02   0.61484E-02
 9387.45   0.49552E-02   0.57096E-02   0.61256E-02
 9401.05   0.49247E-02   0.56880E-02   0.61027E-02
 9414.66   0.48941E-02   0.56661E-02   0.60794E-02
 9428.26   0.48632E-02   0.56437E-02   0.60555E-02
 9441.87   0.48318E-02   0.56206E-02   0.60309E-02
 9455.47   0.47999E-02   0.55968E-02   0.60055E-02
 9469.08   0.47669E-02   0.55716E-02   0.59786E-02
 9482.68   0.47295E-02   0.55411E-02   0.59460E-02
 9496.29   0.47023E-02   0.55229E-02   0.59265E-02
 9509.89   0.46921E-02   0.55243E-02   0.59281E-02
 9523.50   0.46572E-02   0.54965E-02   0.58984E-02
 9537.10   0.46263E-02   0.54734E-02   0.58736E-02
 9550.71   0.45968E-02   0.54520E-02   0.58507E-02
 9564.31   0.45682E-02   0.54315E-02   0.58287E-02
 9577.92   0.45401E-02   0.54116E-02   0.58073E-02
 9591.52   0.45124E-02   0.53919E-02   0.57861E-02
 9605.13   0.44848E-02   0.53722E-02   0.57650E-02
 9618.73   0.44570E-02   0.53522E-02   0.57435E-02
 9632.34   0.44289E-02   0.53316E-02   0.57213E-02
 9645.94   0.44001E-02   0.53101E-02   0.56982E-02
 9659.55   0.43700E-02   0.52867E-02   0.56730E-02
 9673.15   0.43341E-02   0.52559E-02   0.56399E-02
 9686.76   0.43083E-02   0.52379E-02   0.56205E-02
 9700.36   0.43024E-02   0.52449E-02   0.56277E-02
 9713.97   0.42701E-02   0.52184E-02   0.55992E-02
 9727.57   0.42411E-02   0.51959E-02   0.55750E-02
 9741.18   0.42133E-02   0.51750E-02   0.55524E-02
 9754.78   0.41865E-02   0.51552E-02   0.55308E-02
 9768.39   0.41603E-02   0.51361E-02   0.55101E-02
 9781.99   0.41346E-02   0.51176E-02   0.54901E-02
 9795.60   0.41094E-02   0.50994E-02   0.54704E-02
 9809.20   0.40844E-02   0.50815E-02   0.54509E-02
 9822.81   0.40593E-02   0.50633E-02   0.54311E-02
 9836.41   0.40339E-02   0.50446E-02   0.54108E-02
 9850.02   0.40076E-02   0.50244E-02   0.53889E-02
 9863.62   0.39772E-02   0.49987E-02   0.53611E-02
 9877.23   0.39522E-02   0.49801E-02   0.53408E-02
 9890.83   0.39443E-02   0.49843E-02   0.53449E-02
 9904.44   0.39156E-02   0.49605E-02   0.53191E-02
 9918.04   0.38891E-02   0.49396E-02   0.52963E-02
 9931.65   0.38634E-02   0.49197E-02   0.52746E-02
 9945.25   0.38383E-02   0.49004E-02   0.52536E-02
 9958.86   0.38137E-02   0.48818E-02   0.52333E-02
 9972.46   0.37897E-02   0.48639E-02   0.52137E-02
 9986.07   0.37662E-02   0.48466E-02   0.51947E-02
 9999.67   0.37432E-02   0.48298E-02   0.51762E-02
