   27.21   0.85516E+01   0.85297E+01   0.79121E+01
   40.81   0.14524E+02   0.14484E+02   0.13902E+02
   54.42   0.16419E+02   0.16370E+02   0.15813E+02
   68.02   0.14575E+02   0.14526E+02   0.14027E+02
   81.63   0.11000E+02   0.10957E+02   0.10544E+02
   95.23   0.73432E+01   0.73090E+01   0.69899E+01
  108.84   0.45487E+01   0.45231E+01   0.42855E+01
  122.44   0.26670E+01   0.26486E+01   0.24753E+01
  136.05   0.14945E+01   0.14818E+01   0.13562E+01
  149.65   0.80473E+00   0.79631E+00   0.70505E+00
  163.26   0.41416E+00   0.40898E+00   0.34237E+00
  176.86   0.20415E+00   0.20142E+00   0.15261E+00
  190.47   0.10098E+00   0.10010E+00   0.64258E-01
  204.07   0.59964E-01   0.60495E-01   0.34137E-01
  217.68   0.53917E-01   0.55524E-01   0.36174E-01
  231.28   0.66698E-01   0.69132E-01   0.54988E-01
  244.89   0.88617E-01   0.91684E-01   0.81447E-01
  258.49   0.11404E+00   0.11759E+00   0.11029E+00
  272.10   0.13969E+00   0.14361E+00   0.13854E+00
  285.70   0.16386E+00   0.16806E+00   0.16466E+00
  299.31   0.18575E+00   0.19016E+00   0.18804E+00
  312.91   0.20460E+00   0.20916E+00   0.20800E+00
  326.52   0.22065E+00   0.22531E+00   0.22487E+00
  340.12   0.23384E+00   0.23857E+00   0.23865E+00
  353.73   0.24451E+00   0.24928E+00   0.24975E+00
  367.33   0.25281E+00   0.25758E+00   0.25833E+00
  380.94   0.25899E+00   0.26375E+00   0.26469E+00
  394.54   0.26339E+00   0.26812E+00   0.26919E+00
  408.15   0.26617E+00   0.27086E+00   0.27200E+00
  421.75   0.26744E+00   0.27209E+00   0.27325E+00
  435.36   0.26758E+00   0.27216E+00   0.27333E+00
  448.96   0.26666E+00   0.27117E+00   0.27231E+00
  462.57   0.26485E+00   0.26929E+00   0.27038E+00
  476.17   0.26240E+00   0.26676E+00   0.26780E+00
  489.78   0.25932E+00   0.26360E+00   0.26457E+00
  503.38   0.25571E+00   0.25990E+00   0.26081E+00
  516.99   0.25173E+00   0.25584E+00   0.25668E+00
  530.59   0.24743E+00   0.25145E+00   0.25221E+00
  544.20   0.24280E+00   0.24673E+00   0.24740E+00
  557.80   0.23799E+00   0.24183E+00   0.24243E+00
  571.41   0.23308E+00   0.23684E+00   0.23735E+00
  585.01   0.22801E+00   0.23167E+00   0.23211E+00
  598.62   0.22293E+00   0.22650E+00   0.22687E+00
  612.22   0.21780E+00   0.22129E+00   0.22158E+00
  625.83   0.21274E+00   0.21615E+00   0.21637E+00
  639.43   0.20753E+00   0.21085E+00   0.21100E+00
  653.04   0.20243E+00   0.20566E+00   0.20575E+00
  666.64   0.19737E+00   0.20052E+00   0.20055E+00
  680.25   0.19228E+00   0.19535E+00   0.19532E+00
  693.85   0.18745E+00   0.19045E+00   0.19036E+00
  707.46   0.18262E+00   0.18553E+00   0.18539E+00
  721.06   0.17788E+00   0.18072E+00   0.18053E+00
  734.67   0.17320E+00   0.17596E+00   0.17573E+00
  748.27   0.16869E+00   0.17138E+00   0.17110E+00
  761.88   0.16425E+00   0.16687E+00   0.16654E+00
  775.48   0.15990E+00   0.16245E+00   0.16208E+00
  789.09   0.15564E+00   0.15812E+00   0.15772E+00
  802.69   0.15152E+00   0.15393E+00   0.15350E+00
  816.30   0.14750E+00   0.14984E+00   0.14938E+00
  829.90   0.14357E+00   0.14585E+00   0.14536E+00
  843.51   0.13975E+00   0.14196E+00   0.14144E+00
  857.11   0.13605E+00   0.13820E+00   0.13765E+00
  870.72   0.13245E+00   0.13454E+00   0.13397E+00
  884.32   0.12895E+00   0.13099E+00   0.13039E+00
  897.93   0.12554E+00   0.12752E+00   0.12690E+00
  911.53   0.12223E+00   0.12415E+00   0.12352E+00
  925.14   0.11902E+00   0.12089E+00   0.12024E+00
  938.74   0.11591E+00   0.11772E+00   0.11706E+00
  952.35   0.11289E+00   0.11465E+00   0.11397E+00
  965.95   0.10993E+00   0.11164E+00   0.11095E+00
  979.56   0.10707E+00   0.10874E+00   0.10803E+00
  993.16   0.10431E+00   0.10593E+00   0.10521E+00
 1006.77   0.10164E+00   0.10321E+00   0.10249E+00
 1020.37   0.99016E-01   0.10054E+00   0.99809E-01
 1033.98   0.96492E-01   0.97976E-01   0.97234E-01
 1047.58   0.94038E-01   0.95480E-01   0.94731E-01
 1061.19   0.91664E-01   0.93064E-01   0.92309E-01
 1074.79   0.89387E-01   0.90747E-01   0.89987E-01
 1088.40   0.87109E-01   0.88429E-01   0.87664E-01
 1102.00   0.84935E-01   0.86217E-01   0.85449E-01
 1115.61   0.82822E-01   0.84066E-01   0.83295E-01
 1129.21   0.80777E-01   0.81985E-01   0.81211E-01
 1142.82   0.78760E-01   0.79932E-01   0.79157E-01
 1156.42   0.76857E-01   0.77994E-01   0.77218E-01
 1170.03   0.74989E-01   0.76092E-01   0.75316E-01
 1183.63   0.73171E-01   0.74242E-01   0.73465E-01
 1197.24   0.71410E-01   0.72449E-01   0.71672E-01
 1210.84   0.69685E-01   0.70692E-01   0.69917E-01
 1224.45   0.68034E-01   0.69011E-01   0.68237E-01
 1238.05   0.66424E-01   0.67371E-01   0.66599E-01
 1251.66   0.64856E-01   0.65774E-01   0.65004E-01
 1265.26   0.63333E-01   0.64222E-01   0.63454E-01
 1278.87   0.61847E-01   0.62709E-01   0.61943E-01
 1292.47   0.60414E-01   0.61249E-01   0.60487E-01
 1306.08   0.59022E-01   0.59831E-01   0.59071E-01
 1319.68   0.57668E-01   0.58451E-01   0.57695E-01
 1333.29   0.56350E-01   0.57108E-01   0.56356E-01
 1346.89   0.55067E-01   0.55801E-01   0.55053E-01
 1360.50   0.53823E-01   0.54533E-01   0.53789E-01
 1374.10   0.52615E-01   0.53302E-01   0.52562E-01
 1387.71   0.51442E-01   0.52106E-01   0.51371E-01
 1401.31   0.50300E-01   0.50942E-01   0.50212E-01
 1414.92   0.49187E-01   0.49808E-01   0.49082E-01
 1428.52   0.48103E-01   0.48702E-01   0.47982E-01
 1442.13   0.47049E-01   0.47629E-01   0.46913E-01
 1455.73   0.46026E-01   0.46586E-01   0.45876E-01
 1469.34   0.45032E-01   0.45572E-01   0.44868E-01
 1482.94   0.44066E-01   0.44587E-01   0.43888E-01
 1496.55   0.43117E-01   0.43620E-01   0.42926E-01
 1510.15   0.42199E-01   0.42684E-01   0.41996E-01
 1523.76   0.41305E-01   0.41772E-01   0.41090E-01
 1537.36   0.40435E-01   0.40886E-01   0.40209E-01
 1550.97   0.39591E-01   0.40025E-01   0.39354E-01
 1564.57   0.38769E-01   0.39187E-01   0.38522E-01
 1578.18   0.37959E-01   0.38361E-01   0.37702E-01
 1591.78   0.37177E-01   0.37563E-01   0.36910E-01
 1605.39   0.36413E-01   0.36785E-01   0.36138E-01
 1618.99   0.35670E-01   0.36027E-01   0.35386E-01
 1632.60   0.34948E-01   0.35291E-01   0.34657E-01
 1646.20   0.34233E-01   0.34562E-01   0.33934E-01
 1659.81   0.33550E-01   0.33866E-01   0.33243E-01
 1673.41   0.32880E-01   0.33182E-01   0.32566E-01
 1687.02   0.32225E-01   0.32515E-01   0.31904E-01
 1700.62   0.31587E-01   0.31864E-01   0.31260E-01
 1714.23   0.30967E-01   0.31232E-01   0.30634E-01
 1727.83   0.30354E-01   0.30608E-01   0.30016E-01
 1741.44   0.29765E-01   0.30008E-01   0.29422E-01
 1755.04   0.29189E-01   0.29420E-01   0.28840E-01
 1768.65   0.28626E-01   0.28846E-01   0.28272E-01
 1782.25   0.28076E-01   0.28285E-01   0.27717E-01
 1795.86   0.27540E-01   0.27739E-01   0.27177E-01
 1809.46   0.27013E-01   0.27201E-01   0.26646E-01
 1823.07   0.26503E-01   0.26682E-01   0.26133E-01
 1836.67   0.26005E-01   0.26174E-01   0.25631E-01
 1850.28   0.25518E-01   0.25678E-01   0.25140E-01
 1863.88   0.25041E-01   0.25192E-01   0.24660E-01
 1877.49   0.24576E-01   0.24718E-01   0.24192E-01
 1891.09   0.24120E-01   0.24254E-01   0.23734E-01
 1904.70   0.23677E-01   0.23802E-01   0.23288E-01
 1918.30   0.23244E-01   0.23361E-01   0.22853E-01
 1931.91   0.22822E-01   0.22930E-01   0.22428E-01
 1945.51   0.22408E-01   0.22509E-01   0.22012E-01
 1959.12   0.22004E-01   0.22097E-01   0.21606E-01
 1972.72   0.21608E-01   0.21694E-01   0.21208E-01
 1986.33   0.21221E-01   0.21300E-01   0.20820E-01
 1999.93   0.20844E-01   0.20915E-01   0.20441E-01
 2013.54   0.20475E-01   0.20540E-01   0.20071E-01
 2027.14   0.20114E-01   0.20172E-01   0.19709E-01
 2040.75   0.19761E-01   0.19813E-01   0.19355E-01
 2054.35   0.19416E-01   0.19461E-01   0.19009E-01
 2067.96   0.19077E-01   0.19116E-01   0.18670E-01
 2081.56   0.18746E-01   0.18780E-01   0.18338E-01
 2095.17   0.18423E-01   0.18450E-01   0.18014E-01
 2108.77   0.18107E-01   0.18129E-01   0.17698E-01
 2122.38   0.17798E-01   0.17814E-01   0.17388E-01
 2135.98   0.17496E-01   0.17506E-01   0.17086E-01
 2149.59   0.17197E-01   0.17203E-01   0.16787E-01
 2163.19   0.16908E-01   0.16908E-01   0.16498E-01
 2176.80   0.16624E-01   0.16619E-01   0.16213E-01
 2190.40   0.16345E-01   0.16336E-01   0.15935E-01
 2204.01   0.16073E-01   0.16059E-01   0.15664E-01
 2217.61   0.15807E-01   0.15789E-01   0.15398E-01
 2231.22   0.15548E-01   0.15526E-01   0.15139E-01
 2244.82   0.15290E-01   0.15262E-01   0.14881E-01
 2258.43   0.15040E-01   0.15008E-01   0.14632E-01
 2272.03   0.14794E-01   0.14759E-01   0.14387E-01
 2285.64   0.14554E-01   0.14514E-01   0.14147E-01
 2299.24   0.14318E-01   0.14275E-01   0.13912E-01
 2312.85   0.14088E-01   0.14041E-01   0.13683E-01
 2326.45   0.13863E-01   0.13813E-01   0.13459E-01
 2340.06   0.13639E-01   0.13585E-01   0.13236E-01
 2353.66   0.13423E-01   0.13365E-01   0.13020E-01
 2367.27   0.13210E-01   0.13149E-01   0.12809E-01
 2380.87   0.13001E-01   0.12937E-01   0.12601E-01
 2394.48   0.12797E-01   0.12729E-01   0.12398E-01
 2408.08   0.12596E-01   0.12526E-01   0.12199E-01
 2421.69   0.12401E-01   0.12328E-01   0.12005E-01
 2435.29   0.12207E-01   0.12131E-01   0.11811E-01
 2448.90   0.12018E-01   0.11939E-01   0.11624E-01
 2462.50   0.11833E-01   0.11751E-01   0.11440E-01
 2476.11   0.11651E-01   0.11567E-01   0.11260E-01
 2489.71   0.11472E-01   0.11386E-01   0.11083E-01
 2503.32   0.11297E-01   0.11208E-01   0.10909E-01
 2516.92   0.11126E-01   0.11035E-01   0.10740E-01
 2530.53   0.10957E-01   0.10864E-01   0.10572E-01
 2544.13   0.10792E-01   0.10696E-01   0.10409E-01
 2557.74   0.10630E-01   0.10532E-01   0.10248E-01
 2571.34   0.10471E-01   0.10371E-01   0.10091E-01
 2584.95   0.10314E-01   0.10213E-01   0.99366E-02
 2598.55   0.10161E-01   0.10058E-01   0.97850E-02
 2612.16   0.10011E-01   0.99053E-02   0.96363E-02
 2625.76   0.98627E-02   0.97557E-02   0.94903E-02
 2639.37   0.97177E-02   0.96091E-02   0.93471E-02
 2652.97   0.95755E-02   0.94652E-02   0.92067E-02
 2666.58   0.94358E-02   0.93240E-02   0.90689E-02
 2680.18   0.92986E-02   0.91853E-02   0.89337E-02
 2693.79   0.91638E-02   0.90491E-02   0.88008E-02
 2707.39   0.90315E-02   0.89154E-02   0.86704E-02
 2721.00   0.89014E-02   0.87840E-02   0.85424E-02
 2734.60   0.87737E-02   0.86550E-02   0.84166E-02
 2748.21   0.86483E-02   0.85284E-02   0.82932E-02
 2761.81   0.85251E-02   0.84041E-02   0.81721E-02
 2775.42   0.84041E-02   0.82820E-02   0.80531E-02
 2789.02   0.82852E-02   0.81620E-02   0.79363E-02
 2802.63   0.81683E-02   0.80442E-02   0.78215E-02
 2816.23   0.80535E-02   0.79284E-02   0.77088E-02
 2829.84   0.79406E-02   0.78146E-02   0.75980E-02
 2843.44   0.78297E-02   0.77029E-02   0.74892E-02
 2857.05   0.77207E-02   0.75931E-02   0.73823E-02
 2870.65   0.76136E-02   0.74853E-02   0.72774E-02
 2884.26   0.75084E-02   0.73793E-02   0.71743E-02
 2897.86   0.74049E-02   0.72752E-02   0.70730E-02
 2911.47   0.73033E-02   0.71729E-02   0.69735E-02
 2925.07   0.72032E-02   0.70723E-02   0.68756E-02
 2938.68   0.71049E-02   0.69734E-02   0.67795E-02
 2952.28   0.70083E-02   0.68763E-02   0.66850E-02
 2965.89   0.69133E-02   0.67808E-02   0.65922E-02
 2979.49   0.68198E-02   0.66869E-02   0.65010E-02
 2993.10   0.67279E-02   0.65946E-02   0.64113E-02
 3006.70   0.66375E-02   0.65039E-02   0.63231E-02
 3020.31   0.65485E-02   0.64146E-02   0.62363E-02
 3033.91   0.64613E-02   0.63270E-02   0.61512E-02
 3047.52   0.63752E-02   0.62407E-02   0.60674E-02
 3061.12   0.62906E-02   0.61558E-02   0.59850E-02
 3074.73   0.62074E-02   0.60724E-02   0.59040E-02
 3088.33   0.61255E-02   0.59903E-02   0.58243E-02
 3101.94   0.60450E-02   0.59096E-02   0.57460E-02
 3115.54   0.59657E-02   0.58302E-02   0.56689E-02
 3129.15   0.58876E-02   0.57521E-02   0.55930E-02
 3142.75   0.58111E-02   0.56755E-02   0.55187E-02
 3156.36   0.57355E-02   0.55999E-02   0.54453E-02
 3169.96   0.56612E-02   0.55255E-02   0.53732E-02
 3183.57   0.55880E-02   0.54524E-02   0.53023E-02
 3197.17   0.55161E-02   0.53805E-02   0.52325E-02
 3210.78   0.54453E-02   0.53097E-02   0.51639E-02
 3224.38   0.53755E-02   0.52401E-02   0.50963E-02
 3237.99   0.53068E-02   0.51714E-02   0.50298E-02
 3251.59   0.52395E-02   0.51042E-02   0.49646E-02
 3265.20   0.51729E-02   0.50378E-02   0.49002E-02
 3278.80   0.51074E-02   0.49724E-02   0.48369E-02
 3292.41   0.50428E-02   0.49081E-02   0.47745E-02
 3306.01   0.49793E-02   0.48448E-02   0.47132E-02
 3319.62   0.49168E-02   0.47825E-02   0.46528E-02
 3333.22   0.48553E-02   0.47212E-02   0.45935E-02
 3346.83   0.47946E-02   0.46608E-02   0.45349E-02
 3360.43   0.47351E-02   0.46016E-02   0.44775E-02
 3374.04   0.46762E-02   0.45430E-02   0.44208E-02
 3387.64   0.46183E-02   0.44854E-02   0.43650E-02
 3401.25   0.45612E-02   0.44287E-02   0.43101E-02
 3414.85   0.45049E-02   0.43728E-02   0.42560E-02
 3428.46   0.44496E-02   0.43178E-02   0.42027E-02
 3442.06   0.43950E-02   0.42637E-02   0.41503E-02
 3455.67   0.43414E-02   0.42104E-02   0.40987E-02
 3469.27   0.42885E-02   0.41579E-02   0.40480E-02
 3482.88   0.42364E-02   0.41063E-02   0.39980E-02
 3496.48   0.41850E-02   0.40554E-02   0.39487E-02
 3510.09   0.41344E-02   0.40052E-02   0.39002E-02
 3523.69   0.40845E-02   0.39558E-02   0.38523E-02
 3537.30   0.40353E-02   0.39070E-02   0.38052E-02
 3550.90   0.39868E-02   0.38591E-02   0.37588E-02
 3564.51   0.39391E-02   0.38118E-02   0.37131E-02
 3578.11   0.38921E-02   0.37654E-02   0.36681E-02
 3591.72   0.38458E-02   0.37196E-02   0.36239E-02
 3605.32   0.38001E-02   0.36745E-02   0.35802E-02
 3618.93   0.37551E-02   0.36300E-02   0.35372E-02
 3632.53   0.37107E-02   0.35862E-02   0.34948E-02
 3646.14   0.36669E-02   0.35430E-02   0.34530E-02
 3659.74   0.36236E-02   0.35003E-02   0.34118E-02
 3673.35   0.35810E-02   0.34583E-02   0.33711E-02
 3686.95   0.35389E-02   0.34168E-02   0.33310E-02
 3700.56   0.34980E-02   0.33765E-02   0.32921E-02
 3714.16   0.34571E-02   0.33362E-02   0.32531E-02
 3727.77   0.34169E-02   0.32967E-02   0.32149E-02
 3741.37   0.33773E-02   0.32577E-02   0.31772E-02
 3754.98   0.33382E-02   0.32193E-02   0.31401E-02
 3768.58   0.32996E-02   0.31814E-02   0.31034E-02
 3782.19   0.32615E-02   0.31440E-02   0.30673E-02
 3795.79   0.32239E-02   0.31070E-02   0.30315E-02
 3809.40   0.31867E-02   0.30706E-02   0.29963E-02
 3823.00   0.31508E-02   0.30353E-02   0.29623E-02
 3836.61   0.31146E-02   0.29999E-02   0.29280E-02
 3850.21   0.30791E-02   0.29651E-02   0.28944E-02
 3863.82   0.30441E-02   0.29308E-02   0.28613E-02
 3877.42   0.30096E-02   0.28971E-02   0.28287E-02
 3891.03   0.29756E-02   0.28637E-02   0.27964E-02
 3904.63   0.29419E-02   0.28308E-02   0.27646E-02
 3918.24   0.29086E-02   0.27982E-02   0.27331E-02
 3931.84   0.28755E-02   0.27659E-02   0.27019E-02
 3945.45   0.28440E-02   0.27352E-02   0.26722E-02
 3959.05   0.28120E-02   0.27039E-02   0.26420E-02
 3972.66   0.27805E-02   0.26732E-02   0.26123E-02
 3986.26   0.27495E-02   0.26429E-02   0.25831E-02
 3999.87   0.27189E-02   0.26131E-02   0.25543E-02
 4013.47   0.26887E-02   0.25838E-02   0.25259E-02
 4027.08   0.26589E-02   0.25547E-02   0.24979E-02
 4040.68   0.26294E-02   0.25260E-02   0.24701E-02
 4054.29   0.26000E-02   0.24974E-02   0.24425E-02
 4067.89   0.25722E-02   0.24704E-02   0.24164E-02
 4081.50   0.25437E-02   0.24427E-02   0.23896E-02
 4095.10   0.25157E-02   0.24155E-02   0.23634E-02
 4108.71   0.24881E-02   0.23887E-02   0.23375E-02
 4122.31   0.24609E-02   0.23623E-02   0.23120E-02
 4135.92   0.24341E-02   0.23363E-02   0.22869E-02
 4149.52   0.24077E-02   0.23107E-02   0.22621E-02
 4163.13   0.23815E-02   0.22853E-02   0.22376E-02
 4176.73   0.23555E-02   0.22602E-02   0.22133E-02
 4190.34   0.23305E-02   0.22360E-02   0.21899E-02
 4203.94   0.23052E-02   0.22115E-02   0.21663E-02
 4217.55   0.22803E-02   0.21874E-02   0.21429E-02
 4231.15   0.22557E-02   0.21636E-02   0.21200E-02
 4244.76   0.22314E-02   0.21401E-02   0.20973E-02
 4258.36   0.22075E-02   0.21170E-02   0.20750E-02
 4271.97   0.21839E-02   0.20943E-02   0.20530E-02
 4285.57   0.21606E-02   0.20718E-02   0.20313E-02
 4299.18   0.21376E-02   0.20496E-02   0.20098E-02
 4312.78   0.21151E-02   0.20279E-02   0.19888E-02
 4326.39   0.20926E-02   0.20062E-02   0.19679E-02
 4339.99   0.20704E-02   0.19849E-02   0.19472E-02
 4353.60   0.20485E-02   0.19637E-02   0.19268E-02
 4367.20   0.20268E-02   0.19428E-02   0.19066E-02
 4380.81   0.20054E-02   0.19223E-02   0.18867E-02
 4394.41   0.19843E-02   0.19020E-02   0.18671E-02
 4408.02   0.19635E-02   0.18820E-02   0.18477E-02
 4421.62   0.19429E-02   0.18622E-02   0.18287E-02
 4435.23   0.19227E-02   0.18428E-02   0.18099E-02
 4448.83   0.19027E-02   0.18236E-02   0.17913E-02
 4462.44   0.18829E-02   0.18046E-02   0.17729E-02
 4476.04   0.18633E-02   0.17858E-02   0.17548E-02
 4489.65   0.18440E-02   0.17673E-02   0.17368E-02
 4503.25   0.18248E-02   0.17489E-02   0.17191E-02
 4516.86   0.18059E-02   0.17308E-02   0.17015E-02
 4530.46   0.17871E-02   0.17128E-02   0.16842E-02
 4544.07   0.17687E-02   0.16952E-02   0.16671E-02
 4557.67   0.17505E-02   0.16778E-02   0.16503E-02
 4571.28   0.17327E-02   0.16608E-02   0.16338E-02
 4584.88   0.17150E-02   0.16438E-02   0.16174E-02
 4598.49   0.16974E-02   0.16271E-02   0.16012E-02
 4612.09   0.16801E-02   0.16105E-02   0.15852E-02
 4625.70   0.16630E-02   0.15942E-02   0.15693E-02
 4639.30   0.16460E-02   0.15780E-02   0.15537E-02
 4652.91   0.16292E-02   0.15619E-02   0.15381E-02
 4666.51   0.16125E-02   0.15461E-02   0.15228E-02
 4680.12   0.15960E-02   0.15303E-02   0.15075E-02
 4693.72   0.15797E-02   0.15148E-02   0.14925E-02
 4707.33   0.15643E-02   0.15001E-02   0.14783E-02
 4720.93   0.15485E-02   0.14851E-02   0.14637E-02
 4734.54   0.15329E-02   0.14703E-02   0.14494E-02
 4748.14   0.15176E-02   0.14557E-02   0.14352E-02
 4761.75   0.15024E-02   0.14412E-02   0.14212E-02
 4775.35   0.14873E-02   0.14269E-02   0.14074E-02
 4788.96   0.14724E-02   0.14127E-02   0.13936E-02
 4802.56   0.14575E-02   0.13986E-02   0.13800E-02
 4816.17   0.14426E-02   0.13845E-02   0.13662E-02
 4829.77   0.14298E-02   0.13723E-02   0.13545E-02
 4843.38   0.14148E-02   0.13580E-02   0.13406E-02
 4856.98   0.14006E-02   0.13446E-02   0.13276E-02
 4870.59   0.13867E-02   0.13315E-02   0.13149E-02
 4884.19   0.13730E-02   0.13185E-02   0.13023E-02
 4897.80   0.13595E-02   0.13057E-02   0.12899E-02
 4911.40   0.13461E-02   0.12930E-02   0.12776E-02
 4925.01   0.13328E-02   0.12805E-02   0.12654E-02
 4938.61   0.13196E-02   0.12680E-02   0.12533E-02
 4952.22   0.13062E-02   0.12553E-02   0.12410E-02
 4965.82   0.12949E-02   0.12447E-02   0.12307E-02
 4979.43   0.12815E-02   0.12320E-02   0.12184E-02
 4993.03   0.12689E-02   0.12200E-02   0.12068E-02
 5006.64   0.12564E-02   0.12083E-02   0.11954E-02
 5020.24   0.12442E-02   0.11967E-02   0.11841E-02
 5033.85   0.12321E-02   0.11854E-02   0.11731E-02
 5047.45   0.12201E-02   0.11741E-02   0.11622E-02
 5061.06   0.12083E-02   0.11630E-02   0.11513E-02
 5074.66   0.11966E-02   0.11519E-02   0.11406E-02
 5088.27   0.11847E-02   0.11408E-02   0.11298E-02
 5101.87   0.11746E-02   0.11312E-02   0.11205E-02
 5115.48   0.11626E-02   0.11199E-02   0.11095E-02
 5129.08   0.11512E-02   0.11092E-02   0.10991E-02
 5142.69   0.11400E-02   0.10987E-02   0.10889E-02
 5156.29   0.11290E-02   0.10884E-02   0.10789E-02
 5169.90   0.11182E-02   0.10782E-02   0.10690E-02
 5183.50   0.11075E-02   0.10682E-02   0.10592E-02
 5197.11   0.10969E-02   0.10583E-02   0.10496E-02
 5210.71   0.10865E-02   0.10485E-02   0.10400E-02
 5224.32   0.10761E-02   0.10387E-02   0.10305E-02
 5237.92   0.10656E-02   0.10289E-02   0.10210E-02
 5251.53   0.10560E-02   0.10199E-02   0.10123E-02
 5265.13   0.10458E-02   0.10104E-02   0.10030E-02
 5278.74   0.10358E-02   0.10011E-02   0.99390E-03
 5292.34   0.10259E-02   0.99182E-03   0.98488E-03
 5305.95   0.10162E-02   0.98269E-03   0.97598E-03
 5319.55   0.10065E-02   0.97368E-03   0.96721E-03
 5333.16   0.99701E-03   0.96480E-03   0.95856E-03
 5346.76   0.98763E-03   0.95605E-03   0.95003E-03
 5360.37   0.97836E-03   0.94741E-03   0.94161E-03
 5373.97   0.96917E-03   0.93883E-03   0.93325E-03
 5387.58   0.96020E-03   0.93048E-03   0.92510E-03
 5401.18   0.95119E-03   0.92209E-03   0.91692E-03
 5414.79   0.94226E-03   0.91377E-03   0.90880E-03
 5428.39   0.93340E-03   0.90551E-03   0.90075E-03
 5442.00   0.92461E-03   0.89733E-03   0.89276E-03
 5455.60   0.91591E-03   0.88924E-03   0.88486E-03
 5469.21   0.90732E-03   0.88124E-03   0.87706E-03
 5482.81   0.89884E-03   0.87336E-03   0.86936E-03
 5496.42   0.89047E-03   0.86558E-03   0.86177E-03
 5510.02   0.88221E-03   0.85791E-03   0.85427E-03
 5523.63   0.87414E-03   0.85042E-03   0.84695E-03
 5537.23   0.86606E-03   0.84292E-03   0.83962E-03
 5550.84   0.85808E-03   0.83551E-03   0.83238E-03
 5564.44   0.85016E-03   0.82816E-03   0.82520E-03
 5578.05   0.84230E-03   0.82087E-03   0.81807E-03
 5591.65   0.83449E-03   0.81362E-03   0.81098E-03
 5605.26   0.82674E-03   0.80644E-03   0.80395E-03
 5618.86   0.81907E-03   0.79932E-03   0.79699E-03
 5632.47   0.81147E-03   0.79228E-03   0.79009E-03
 5646.07   0.80395E-03   0.78531E-03   0.78327E-03
 5659.68   0.79661E-03   0.77851E-03   0.77662E-03
 5673.28   0.78955E-03   0.77198E-03   0.77023E-03
 5686.89   0.78229E-03   0.76526E-03   0.76364E-03
 5700.49   0.77516E-03   0.75867E-03   0.75718E-03
 5714.10   0.76812E-03   0.75215E-03   0.75080E-03
 5727.70   0.76114E-03   0.74569E-03   0.74447E-03
 5741.31   0.75420E-03   0.73927E-03   0.73817E-03
 5754.91   0.74730E-03   0.73289E-03   0.73191E-03
 5768.52   0.74045E-03   0.72654E-03   0.72569E-03
 5782.12   0.73363E-03   0.72023E-03   0.71950E-03
 5795.73   0.72680E-03   0.71391E-03   0.71329E-03
 5809.33   0.72018E-03   0.70778E-03   0.70728E-03
 5822.94   0.71419E-03   0.70228E-03   0.70188E-03
 5836.54   0.70763E-03   0.69621E-03   0.69593E-03
 5850.15   0.70125E-03   0.69032E-03   0.69013E-03
 5863.75   0.69496E-03   0.68451E-03   0.68443E-03
 5877.36   0.68874E-03   0.67877E-03   0.67879E-03
 5890.96   0.68257E-03   0.67307E-03   0.67319E-03
 5904.57   0.67643E-03   0.66740E-03   0.66762E-03
 5918.17   0.67032E-03   0.66176E-03   0.66207E-03
 5931.78   0.66422E-03   0.65612E-03   0.65652E-03
 5945.38   0.65802E-03   0.65037E-03   0.65086E-03
 5958.99   0.65195E-03   0.64476E-03   0.64534E-03
 5972.59   0.64695E-03   0.64020E-03   0.64086E-03
 5986.20   0.64101E-03   0.63471E-03   0.63546E-03
 5999.80   0.63526E-03   0.62940E-03   0.63022E-03
 6013.41   0.62961E-03   0.62419E-03   0.62509E-03
 6027.01   0.62404E-03   0.61905E-03   0.62003E-03
 6040.62   0.61854E-03   0.61398E-03   0.61503E-03
 6054.22   0.61308E-03   0.60894E-03   0.61007E-03
 6067.83   0.60765E-03   0.60394E-03   0.60513E-03
 6081.43   0.60222E-03   0.59892E-03   0.60019E-03
 6095.04   0.59668E-03   0.59379E-03   0.59512E-03
 6108.64   0.59119E-03   0.58871E-03   0.59011E-03
 6122.25   0.58681E-03   0.58475E-03   0.58621E-03
 6135.85   0.58146E-03   0.57980E-03   0.58132E-03
 6149.46   0.57626E-03   0.57500E-03   0.57658E-03
 6163.06   0.57117E-03   0.57030E-03   0.57194E-03
 6176.67   0.56615E-03   0.56568E-03   0.56737E-03
 6190.27   0.56121E-03   0.56113E-03   0.56287E-03
 6203.88   0.55633E-03   0.55663E-03   0.55843E-03
 6217.48   0.55150E-03   0.55218E-03   0.55403E-03
 6231.09   0.54668E-03   0.54775E-03   0.54965E-03
 6244.69   0.54183E-03   0.54326E-03   0.54521E-03
 6258.30   0.53697E-03   0.53878E-03   0.54077E-03
 6271.90   0.53288E-03   0.53506E-03   0.53710E-03
 6285.51   0.52809E-03   0.53063E-03   0.53272E-03
 6299.11   0.52342E-03   0.52633E-03   0.52845E-03
 6312.72   0.51882E-03   0.52209E-03   0.52425E-03
 6326.32   0.51429E-03   0.51791E-03   0.52010E-03
 6339.93   0.50983E-03   0.51379E-03   0.51603E-03
 6353.53   0.50543E-03   0.50974E-03   0.51201E-03
 6367.14   0.50109E-03   0.50575E-03   0.50805E-03
 6380.74   0.49680E-03   0.50180E-03   0.50414E-03
 6394.35   0.49254E-03   0.49788E-03   0.50025E-03
 6407.95   0.48828E-03   0.49395E-03   0.49635E-03
 6421.56   0.48438E-03   0.49039E-03   0.49281E-03
 6435.16   0.48014E-03   0.48647E-03   0.48893E-03
 6448.77   0.47598E-03   0.48264E-03   0.48512E-03
 6462.37   0.47186E-03   0.47884E-03   0.48134E-03
 6475.98   0.46778E-03   0.47507E-03   0.47759E-03
 6489.58   0.46374E-03   0.47134E-03   0.47389E-03
 6503.19   0.45975E-03   0.46767E-03   0.47024E-03
 6516.79   0.45582E-03   0.46405E-03   0.46663E-03
 6530.40   0.45195E-03   0.46048E-03   0.46309E-03
 6544.00   0.44813E-03   0.45697E-03   0.45959E-03
 6557.61   0.44436E-03   0.45349E-03   0.45614E-03
 6571.21   0.44059E-03   0.45002E-03   0.45268E-03
 6584.82   0.43696E-03   0.44668E-03   0.44935E-03
 6598.42   0.43328E-03   0.44329E-03   0.44598E-03
 6612.03   0.42962E-03   0.43992E-03   0.44261E-03
 6625.63   0.42597E-03   0.43655E-03   0.43926E-03
 6639.24   0.42234E-03   0.43320E-03   0.43592E-03
 6652.84   0.41874E-03   0.42987E-03   0.43260E-03
 6666.45   0.41517E-03   0.42658E-03   0.42931E-03
 6680.05   0.41165E-03   0.42333E-03   0.42606E-03
 6693.66   0.40817E-03   0.42012E-03   0.42286E-03
 6707.26   0.40474E-03   0.41696E-03   0.41970E-03
 6720.87   0.40141E-03   0.41388E-03   0.41663E-03
 6734.47   0.39813E-03   0.41086E-03   0.41361E-03
 6748.08   0.39481E-03   0.40780E-03   0.41056E-03
 6761.68   0.39154E-03   0.40479E-03   0.40754E-03
 6775.29   0.38829E-03   0.40179E-03   0.40455E-03
 6788.89   0.38506E-03   0.39881E-03   0.40156E-03
 6802.50   0.38184E-03   0.39583E-03   0.39859E-03
 6816.10   0.37863E-03   0.39286E-03   0.39561E-03
 6829.71   0.37544E-03   0.38991E-03   0.39266E-03
 6843.31   0.37227E-03   0.38697E-03   0.38972E-03
 6856.92   0.36913E-03   0.38406E-03   0.38680E-03
 6870.52   0.36598E-03   0.38115E-03   0.38388E-03
 6884.13   0.36300E-03   0.37840E-03   0.38113E-03
 6897.73   0.36024E-03   0.37587E-03   0.37859E-03
 6911.34   0.35722E-03   0.37308E-03   0.37579E-03
 6924.94   0.35429E-03   0.37037E-03   0.37307E-03
 6938.55   0.35139E-03   0.36769E-03   0.37039E-03
 6952.15   0.34852E-03   0.36504E-03   0.36772E-03
 6965.76   0.34566E-03   0.36239E-03   0.36507E-03
 6979.36   0.34281E-03   0.35975E-03   0.36241E-03
 6992.97   0.33996E-03   0.35711E-03   0.35976E-03
 7006.57   0.33712E-03   0.35447E-03   0.35711E-03
 7020.18   0.33428E-03   0.35182E-03   0.35444E-03
 7033.78   0.33134E-03   0.34908E-03   0.35169E-03
 7047.39   0.32863E-03   0.34656E-03   0.34916E-03
 7060.99   0.32643E-03   0.34459E-03   0.34717E-03
 7074.60   0.32367E-03   0.34201E-03   0.34458E-03
 7088.20   0.32102E-03   0.33955E-03   0.34210E-03
 7101.81   0.31842E-03   0.33714E-03   0.33967E-03
 7115.41   0.31585E-03   0.33476E-03   0.33728E-03
 7129.02   0.31331E-03   0.33240E-03   0.33490E-03
 7142.62   0.31078E-03   0.33005E-03   0.33253E-03
 7156.23   0.30826E-03   0.32770E-03   0.33016E-03
 7169.83   0.30573E-03   0.32534E-03   0.32779E-03
 7183.44   0.30318E-03   0.32296E-03   0.32538E-03
 7197.04   0.30049E-03   0.32043E-03   0.32282E-03
 7210.65   0.29800E-03   0.31809E-03   0.32046E-03
 7224.25   0.29624E-03   0.31655E-03   0.31891E-03
 7237.86   0.29372E-03   0.31417E-03   0.31651E-03
 7251.46   0.29130E-03   0.31192E-03   0.31423E-03
 7265.07   0.28895E-03   0.30972E-03   0.31201E-03
 7278.67   0.28664E-03   0.30756E-03   0.30983E-03
 7292.28   0.28437E-03   0.30544E-03   0.30769E-03
 7305.88   0.28212E-03   0.30334E-03   0.30557E-03
 7319.49   0.27988E-03   0.30126E-03   0.30345E-03
 7333.09   0.27765E-03   0.29917E-03   0.30134E-03
 7346.70   0.27540E-03   0.29705E-03   0.29920E-03
 7360.30   0.27306E-03   0.29483E-03   0.29695E-03
 7373.91   0.27080E-03   0.29270E-03   0.29479E-03
 7387.51   0.26924E-03   0.29133E-03   0.29340E-03
 7401.12   0.26695E-03   0.28915E-03   0.29120E-03
 7414.72   0.26476E-03   0.28709E-03   0.28911E-03
 7428.33   0.26263E-03   0.28508E-03   0.28707E-03
 7441.93   0.26054E-03   0.28312E-03   0.28507E-03
 7455.54   0.25849E-03   0.28119E-03   0.28312E-03
 7469.14   0.25647E-03   0.27929E-03   0.28119E-03
 7482.75   0.25448E-03   0.27741E-03   0.27929E-03
 7496.35   0.25250E-03   0.27556E-03   0.27740E-03
 7509.96   0.25053E-03   0.27370E-03   0.27551E-03
 7523.56   0.24853E-03   0.27180E-03   0.27359E-03
 7537.17   0.24654E-03   0.26991E-03   0.27167E-03
 7550.77   0.24502E-03   0.26854E-03   0.27027E-03
 7564.38   0.24298E-03   0.26659E-03   0.26828E-03
 7577.98   0.24103E-03   0.26473E-03   0.26640E-03
 7591.59   0.23912E-03   0.26291E-03   0.26454E-03
 7605.19   0.23723E-03   0.26111E-03   0.26272E-03
 7618.80   0.23537E-03   0.25934E-03   0.26091E-03
 7632.40   0.23353E-03   0.25760E-03   0.25914E-03
 7646.01   0.23174E-03   0.25590E-03   0.25740E-03
 7659.61   0.22996E-03   0.25422E-03   0.25569E-03
 7673.22   0.22822E-03   0.25256E-03   0.25400E-03
 7686.82   0.22648E-03   0.25091E-03   0.25232E-03
 7700.43   0.22471E-03   0.24922E-03   0.25060E-03
 7714.03   0.22324E-03   0.24785E-03   0.24920E-03
 7727.64   0.22145E-03   0.24614E-03   0.24745E-03
 7741.24   0.21975E-03   0.24450E-03   0.24578E-03
 7754.85   0.21805E-03   0.24288E-03   0.24412E-03
 7768.45   0.21636E-03   0.24126E-03   0.24247E-03
 7782.06   0.21468E-03   0.23965E-03   0.24083E-03
 7795.66   0.21302E-03   0.23805E-03   0.23920E-03
 7809.27   0.21139E-03   0.23648E-03   0.23759E-03
 7822.87   0.20977E-03   0.23493E-03   0.23601E-03
 7836.48   0.20819E-03   0.23341E-03   0.23445E-03
 7850.08   0.20663E-03   0.23191E-03   0.23292E-03
 7863.69   0.20509E-03   0.23044E-03   0.23142E-03
 7877.29   0.20358E-03   0.22899E-03   0.22993E-03
 7890.90   0.20210E-03   0.22756E-03   0.22847E-03
 7904.50   0.20060E-03   0.22613E-03   0.22700E-03
 7918.11   0.19911E-03   0.22469E-03   0.22553E-03
 7931.71   0.19762E-03   0.22326E-03   0.22406E-03
 7945.32   0.19614E-03   0.22182E-03   0.22259E-03
 7958.92   0.19465E-03   0.22038E-03   0.22111E-03
 7972.53   0.19317E-03   0.21895E-03   0.21964E-03
 7986.13   0.19171E-03   0.21752E-03   0.21818E-03
 7999.74   0.19026E-03   0.21611E-03   0.21673E-03
 8013.34   0.18883E-03   0.21472E-03   0.21531E-03
 8026.95   0.18741E-03   0.21334E-03   0.21390E-03
 8040.55   0.18600E-03   0.21197E-03   0.21249E-03
 8054.16   0.18469E-03   0.21071E-03   0.21119E-03
 8067.76   0.18341E-03   0.20946E-03   0.20991E-03
 8081.37   0.18207E-03   0.20816E-03   0.20857E-03
 8094.97   0.18075E-03   0.20688E-03   0.20726E-03
 8108.58   0.17944E-03   0.20560E-03   0.20594E-03
 8122.18   0.17813E-03   0.20432E-03   0.20463E-03
 8135.79   0.17682E-03   0.20304E-03   0.20331E-03
 8149.39   0.17551E-03   0.20176E-03   0.20199E-03
 8163.00   0.17420E-03   0.20047E-03   0.20067E-03
 8176.60   0.17289E-03   0.19919E-03   0.19935E-03
 8190.21   0.17160E-03   0.19790E-03   0.19803E-03
 8203.81   0.17029E-03   0.19661E-03   0.19670E-03
 8217.42   0.16888E-03   0.19520E-03   0.19525E-03
 8231.02   0.16823E-03   0.19465E-03   0.19467E-03
 8244.63   0.16680E-03   0.19321E-03   0.19319E-03
 8258.23   0.16558E-03   0.19200E-03   0.19195E-03
 8271.84   0.16439E-03   0.19083E-03   0.19074E-03
 8285.44   0.16323E-03   0.18968E-03   0.18956E-03
 8299.05   0.16207E-03   0.18854E-03   0.18838E-03
 8312.65   0.16092E-03   0.18740E-03   0.18721E-03
 8326.26   0.15976E-03   0.18626E-03   0.18602E-03
 8339.86   0.15861E-03   0.18511E-03   0.18484E-03
 8353.47   0.15744E-03   0.18395E-03   0.18364E-03
 8367.07   0.15627E-03   0.18277E-03   0.18243E-03
 8380.68   0.15507E-03   0.18156E-03   0.18119E-03
 8394.28   0.15364E-03   0.18007E-03   0.17966E-03
 8407.89   0.15344E-03   0.18004E-03   0.17959E-03
 8421.49   0.15205E-03   0.17859E-03   0.17811E-03
 8435.10   0.15092E-03   0.17744E-03   0.17693E-03
 8448.70   0.14984E-03   0.17636E-03   0.17581E-03
 8462.31   0.14879E-03   0.17531E-03   0.17472E-03
 8475.91   0.14776E-03   0.17427E-03   0.17365E-03
 8489.52   0.14674E-03   0.17325E-03   0.17259E-03
 8503.12   0.14573E-03   0.17223E-03   0.17154E-03
 8516.73   0.14472E-03   0.17121E-03   0.17048E-03
 8530.33   0.14370E-03   0.17018E-03   0.16941E-03
 8543.94   0.14266E-03   0.16913E-03   0.16833E-03
 8557.54   0.14160E-03   0.16803E-03   0.16720E-03
 8571.15   0.14030E-03   0.16666E-03   0.16579E-03
 8584.75   0.14035E-03   0.16689E-03   0.16598E-03
 8598.36   0.13895E-03   0.16539E-03   0.16445E-03
 8611.96   0.13791E-03   0.16431E-03   0.16334E-03
 8625.57   0.13692E-03   0.16330E-03   0.16229E-03
 8639.17   0.13597E-03   0.16232E-03   0.16128E-03
 8652.78   0.13504E-03   0.16137E-03   0.16029E-03
 8666.38   0.13412E-03   0.16043E-03   0.15932E-03
 8679.99   0.13323E-03   0.15951E-03   0.15837E-03
 8693.59   0.13234E-03   0.15860E-03   0.15742E-03
 8707.20   0.13145E-03   0.15769E-03   0.15647E-03
 8720.80   0.13056E-03   0.15677E-03   0.15552E-03
 8734.41   0.12964E-03   0.15581E-03   0.15453E-03
 8748.01   0.12862E-03   0.15472E-03   0.15341E-03
 8761.62   0.12772E-03   0.15379E-03   0.15244E-03
 8775.22   0.12730E-03   0.15342E-03   0.15204E-03
 8788.83   0.12636E-03   0.15242E-03   0.15100E-03
 8802.43   0.12546E-03   0.15149E-03   0.15003E-03
 8816.04   0.12460E-03   0.15058E-03   0.14909E-03
 8829.64   0.12375E-03   0.14969E-03   0.14817E-03
 8843.25   0.12293E-03   0.14882E-03   0.14727E-03
 8856.85   0.12212E-03   0.14797E-03   0.14639E-03
 8870.46   0.12133E-03   0.14714E-03   0.14552E-03
 8884.06   0.12055E-03   0.14632E-03   0.14467E-03
 8897.67   0.11977E-03   0.14550E-03   0.14382E-03
 8911.27   0.11900E-03   0.14468E-03   0.14297E-03
 8924.88   0.11819E-03   0.14383E-03   0.14208E-03
 8938.48   0.11740E-03   0.14298E-03   0.14120E-03
 8952.09   0.11690E-03   0.14249E-03   0.14067E-03
 8965.69   0.11607E-03   0.14159E-03   0.13975E-03
 8979.30   0.11528E-03   0.14075E-03   0.13887E-03
 8992.90   0.11451E-03   0.13992E-03   0.13802E-03
 9006.51   0.11375E-03   0.13910E-03   0.13717E-03
 9020.11   0.11300E-03   0.13830E-03   0.13633E-03
 9033.72   0.11227E-03   0.13750E-03   0.13550E-03
 9047.32   0.11155E-03   0.13673E-03   0.13469E-03
 9060.93   0.11084E-03   0.13597E-03   0.13390E-03
 9074.53   0.11015E-03   0.13522E-03   0.13313E-03
 9088.14   0.10947E-03   0.13449E-03   0.13236E-03
 9101.74   0.10880E-03   0.13376E-03   0.13161E-03
 9115.35   0.10811E-03   0.13301E-03   0.13082E-03
 9128.95   0.10742E-03   0.13226E-03   0.13004E-03
 9142.56   0.10686E-03   0.13166E-03   0.12942E-03
 9156.16   0.10620E-03   0.13093E-03   0.12865E-03
 9169.77   0.10553E-03   0.13020E-03   0.12789E-03
 9183.37   0.10486E-03   0.12947E-03   0.12713E-03
 9196.98   0.10420E-03   0.12873E-03   0.12637E-03
 9210.58   0.10354E-03   0.12800E-03   0.12561E-03
 9224.19   0.10288E-03   0.12728E-03   0.12485E-03
 9237.79   0.10224E-03   0.12656E-03   0.12411E-03
 9251.40   0.10160E-03   0.12586E-03   0.12338E-03
 9265.00   0.10098E-03   0.12517E-03   0.12266E-03
 9278.61   0.10038E-03   0.12450E-03   0.12196E-03
 9292.21   0.99784E-04   0.12384E-03   0.12127E-03
 9305.82   0.99211E-04   0.12320E-03   0.12061E-03
 9319.42   0.98639E-04   0.12256E-03   0.11994E-03
 9333.03   0.98065E-04   0.12192E-03   0.11927E-03
 9346.63   0.97494E-04   0.12128E-03   0.11860E-03
 9360.24   0.96922E-04   0.12064E-03   0.11793E-03
 9373.84   0.96347E-04   0.11999E-03   0.11725E-03
 9387.45   0.95769E-04   0.11934E-03   0.11657E-03
 9401.05   0.95189E-04   0.11868E-03   0.11589E-03
 9414.66   0.94609E-04   0.11802E-03   0.11520E-03
 9428.26   0.94031E-04   0.11736E-03   0.11452E-03
 9441.87   0.93460E-04   0.11670E-03   0.11384E-03
 9455.47   0.92896E-04   0.11606E-03   0.11317E-03
 9469.08   0.92339E-04   0.11542E-03   0.11250E-03
 9482.68   0.91775E-04   0.11477E-03   0.11183E-03
 9496.29   0.91300E-04   0.11423E-03   0.11126E-03
 9509.89   0.90848E-04   0.11372E-03   0.11072E-03
 9523.50   0.90320E-04   0.11311E-03   0.11008E-03
 9537.10   0.89815E-04   0.11252E-03   0.10947E-03
 9550.71   0.89316E-04   0.11195E-03   0.10887E-03
 9564.31   0.88818E-04   0.11137E-03   0.10827E-03
 9577.92   0.88319E-04   0.11079E-03   0.10766E-03
 9591.52   0.87816E-04   0.11020E-03   0.10705E-03
 9605.13   0.87310E-04   0.10961E-03   0.10643E-03
 9618.73   0.86800E-04   0.10901E-03   0.10581E-03
 9632.34   0.86288E-04   0.10841E-03   0.10518E-03
 9645.94   0.85774E-04   0.10780E-03   0.10455E-03
 9659.55   0.85252E-04   0.10718E-03   0.10391E-03
 9673.15   0.84677E-04   0.10649E-03   0.10321E-03
 9686.76   0.84283E-04   0.10603E-03   0.10272E-03
 9700.36   0.84022E-04   0.10574E-03   0.10239E-03
 9713.97   0.83513E-04   0.10513E-03   0.10176E-03
 9727.57   0.83050E-04   0.10457E-03   0.10118E-03
 9741.18   0.82604E-04   0.10404E-03   0.10063E-03
 9754.78   0.82167E-04   0.10352E-03   0.10008E-03
 9768.39   0.81734E-04   0.10300E-03   0.99539E-04
 9781.99   0.81300E-04   0.10247E-03   0.98994E-04
 9795.60   0.80864E-04   0.10195E-03   0.98445E-04
 9809.20   0.80422E-04   0.10141E-03   0.97889E-04
 9822.81   0.79973E-04   0.10087E-03   0.97323E-04
 9836.41   0.79515E-04   0.10031E-03   0.96744E-04
 9850.02   0.79036E-04   0.99724E-04   0.96140E-04
 9863.62   0.78472E-04   0.99030E-04   0.95432E-04
 9877.23   0.78116E-04   0.98596E-04   0.94974E-04
 9890.83   0.78040E-04   0.98512E-04   0.94853E-04
 9904.44   0.77538E-04   0.97891E-04   0.94216E-04
 9918.04   0.77102E-04   0.97353E-04   0.93659E-04
 9931.65   0.76692E-04   0.96845E-04   0.93131E-04
 9945.25   0.76299E-04   0.96356E-04   0.92622E-04
 9958.86   0.75915E-04   0.95879E-04   0.92124E-04
 9972.46   0.75537E-04   0.95408E-04   0.91632E-04
 9986.07   0.75162E-04   0.94938E-04   0.91143E-04
 9999.67   0.74785E-04   0.94465E-04   0.90650E-04
