  244.89   0.24149E+00   0.24529E+00   0.25502E+00
  258.49   0.23490E+00   0.23867E+00   0.24782E+00
  272.10   0.22847E+00   0.23220E+00   0.24080E+00
  285.70   0.22232E+00   0.22601E+00   0.23411E+00
  299.31   0.21650E+00   0.22017E+00   0.22780E+00
  312.91   0.21065E+00   0.21428E+00   0.22147E+00
  326.52   0.20513E+00   0.20872E+00   0.21551E+00
  340.12   0.19975E+00   0.20331E+00   0.20972E+00
  353.73   0.19461E+00   0.19814E+00   0.20420E+00
  367.33   0.18961E+00   0.19311E+00   0.19884E+00
  380.94   0.18476E+00   0.18822E+00   0.19364E+00
  394.54   0.18012E+00   0.18356E+00   0.18869E+00
  408.15   0.17566E+00   0.17906E+00   0.18392E+00
  421.75   0.17129E+00   0.17467E+00   0.17927E+00
  435.36   0.16713E+00   0.17047E+00   0.17484E+00
  448.96   0.16314E+00   0.16646E+00   0.17059E+00
  462.57   0.15917E+00   0.16246E+00   0.16638E+00
  476.17   0.15539E+00   0.15864E+00   0.16236E+00
  489.78   0.15180E+00   0.15503E+00   0.15856E+00
  503.38   0.14819E+00   0.15139E+00   0.15474E+00
  516.99   0.14478E+00   0.14795E+00   0.15112E+00
  530.59   0.14150E+00   0.14464E+00   0.14766E+00
  544.20   0.13828E+00   0.14140E+00   0.14426E+00
  557.80   0.13521E+00   0.13829E+00   0.14101E+00
  571.41   0.13222E+00   0.13527E+00   0.13785E+00
  585.01   0.12929E+00   0.13232E+00   0.13477E+00
  598.62   0.12651E+00   0.12951E+00   0.13183E+00
  612.22   0.12379E+00   0.12676E+00   0.12897E+00
  625.83   0.12115E+00   0.12410E+00   0.12619E+00
  639.43   0.11858E+00   0.12150E+00   0.12348E+00
  653.04   0.11612E+00   0.11901E+00   0.12089E+00
  666.64   0.11373E+00   0.11659E+00   0.11838E+00
  680.25   0.11139E+00   0.11423E+00   0.11592E+00
  693.85   0.10913E+00   0.11195E+00   0.11355E+00
  707.46   0.10695E+00   0.10974E+00   0.11125E+00
  721.06   0.10483E+00   0.10760E+00   0.10903E+00
  734.67   0.10275E+00   0.10549E+00   0.10684E+00
  748.27   0.10074E+00   0.10345E+00   0.10473E+00
  761.88   0.98790E-01   0.10148E+00   0.10268E+00
  775.48   0.96911E-01   0.99572E-01   0.10071E+00
  789.09   0.95050E-01   0.97685E-01   0.98758E-01
  802.69   0.93266E-01   0.95878E-01   0.96888E-01
  816.30   0.91526E-01   0.94113E-01   0.95063E-01
  829.90   0.89847E-01   0.92409E-01   0.93301E-01
  843.51   0.88183E-01   0.90721E-01   0.91557E-01
  857.11   0.86594E-01   0.89108E-01   0.89891E-01
  870.72   0.85035E-01   0.87525E-01   0.88256E-01
  884.32   0.83516E-01   0.85983E-01   0.86665E-01
  897.93   0.82021E-01   0.84464E-01   0.85098E-01
  911.53   0.80595E-01   0.83015E-01   0.83603E-01
  925.14   0.79196E-01   0.81593E-01   0.82138E-01
  938.74   0.77829E-01   0.80203E-01   0.80706E-01
  952.35   0.76504E-01   0.78855E-01   0.79318E-01
  965.95   0.75197E-01   0.77526E-01   0.77949E-01
  979.56   0.73939E-01   0.76245E-01   0.76631E-01
  993.16   0.72711E-01   0.74995E-01   0.75345E-01
 1006.77   0.71510E-01   0.73772E-01   0.74086E-01
 1020.37   0.70333E-01   0.72573E-01   0.72854E-01
 1033.98   0.69188E-01   0.71406E-01   0.71655E-01
 1047.58   0.68074E-01   0.70270E-01   0.70488E-01
 1061.19   0.66988E-01   0.69163E-01   0.69350E-01
 1074.79   0.65925E-01   0.68079E-01   0.68237E-01
 1088.40   0.64878E-01   0.67011E-01   0.67141E-01
 1102.00   0.63862E-01   0.65974E-01   0.66077E-01
 1115.61   0.62873E-01   0.64964E-01   0.65041E-01
 1129.21   0.61912E-01   0.63982E-01   0.64035E-01
 1142.82   0.60953E-01   0.63002E-01   0.63030E-01
 1156.42   0.60039E-01   0.62067E-01   0.62072E-01
 1170.03   0.59136E-01   0.61144E-01   0.61126E-01
 1183.63   0.58254E-01   0.60242E-01   0.60203E-01
 1197.24   0.57398E-01   0.59366E-01   0.59306E-01
 1210.84   0.56540E-01   0.58488E-01   0.58408E-01
 1224.45   0.55723E-01   0.57652E-01   0.57552E-01
 1238.05   0.54916E-01   0.56825E-01   0.56706E-01
 1251.66   0.54125E-01   0.56015E-01   0.55877E-01
 1265.26   0.53356E-01   0.55226E-01   0.55071E-01
 1278.87   0.52588E-01   0.54439E-01   0.54267E-01
 1292.47   0.51856E-01   0.53688E-01   0.53499E-01
 1306.08   0.51134E-01   0.52947E-01   0.52743E-01
 1319.68   0.50425E-01   0.52219E-01   0.51999E-01
 1333.29   0.49731E-01   0.51506E-01   0.51272E-01
 1346.89   0.49045E-01   0.50801E-01   0.50552E-01
 1360.50   0.48384E-01   0.50122E-01   0.49860E-01
 1374.10   0.47735E-01   0.49455E-01   0.49179E-01
 1387.71   0.47098E-01   0.48799E-01   0.48510E-01
 1401.31   0.46471E-01   0.48155E-01   0.47853E-01
 1414.92   0.45857E-01   0.47523E-01   0.47209E-01
 1428.52   0.45253E-01   0.46901E-01   0.46575E-01
 1442.13   0.44664E-01   0.46294E-01   0.45958E-01
 1455.73   0.44088E-01   0.45700E-01   0.45353E-01
 1469.34   0.43523E-01   0.45118E-01   0.44760E-01
 1482.94   0.42968E-01   0.44545E-01   0.44177E-01
 1496.55   0.42421E-01   0.43981E-01   0.43603E-01
 1510.15   0.41886E-01   0.43429E-01   0.43042E-01
 1523.76   0.41363E-01   0.42888E-01   0.42492E-01
 1537.36   0.40850E-01   0.42359E-01   0.41954E-01
 1550.97   0.40348E-01   0.41841E-01   0.41427E-01
 1564.57   0.39855E-01   0.41331E-01   0.40909E-01
 1578.18   0.39365E-01   0.40824E-01   0.40394E-01
 1591.78   0.38888E-01   0.40330E-01   0.39893E-01
 1605.39   0.38420E-01   0.39846E-01   0.39401E-01
 1618.99   0.37961E-01   0.39371E-01   0.38919E-01
 1632.60   0.37514E-01   0.38907E-01   0.38448E-01
 1646.20   0.37062E-01   0.38440E-01   0.37974E-01
 1659.81   0.36631E-01   0.37993E-01   0.37521E-01
 1673.41   0.36204E-01   0.37549E-01   0.37072E-01
 1687.02   0.35784E-01   0.37113E-01   0.36630E-01
 1700.62   0.35372E-01   0.36686E-01   0.36197E-01
 1714.23   0.34971E-01   0.36270E-01   0.35775E-01
 1727.83   0.34566E-01   0.35849E-01   0.35349E-01
 1741.44   0.34178E-01   0.35446E-01   0.34941E-01
 1755.04   0.33795E-01   0.35047E-01   0.34537E-01
 1768.65   0.33417E-01   0.34654E-01   0.34140E-01
 1782.25   0.33045E-01   0.34268E-01   0.33749E-01
 1795.86   0.32683E-01   0.33891E-01   0.33367E-01
 1809.46   0.32319E-01   0.33512E-01   0.32984E-01
 1823.07   0.31968E-01   0.33147E-01   0.32615E-01
 1836.67   0.31622E-01   0.32786E-01   0.32250E-01
 1850.28   0.31281E-01   0.32430E-01   0.31891E-01
 1863.88   0.30945E-01   0.32080E-01   0.31537E-01
 1877.49   0.30615E-01   0.31735E-01   0.31189E-01
 1891.09   0.30288E-01   0.31394E-01   0.30845E-01
 1904.70   0.29970E-01   0.31062E-01   0.30509E-01
 1918.30   0.29656E-01   0.30734E-01   0.30179E-01
 1931.91   0.29348E-01   0.30412E-01   0.29854E-01
 1945.51   0.29044E-01   0.30094E-01   0.29533E-01
 1959.12   0.28744E-01   0.29781E-01   0.29217E-01
 1972.72   0.28449E-01   0.29472E-01   0.28906E-01
 1986.33   0.28159E-01   0.29168E-01   0.28600E-01
 1999.93   0.27874E-01   0.28869E-01   0.28299E-01
 2013.54   0.27593E-01   0.28575E-01   0.28003E-01
 2027.14   0.27317E-01   0.28286E-01   0.27712E-01
 2040.75   0.27045E-01   0.28001E-01   0.27425E-01
 2054.35   0.26777E-01   0.27719E-01   0.27141E-01
 2067.96   0.26512E-01   0.27441E-01   0.26861E-01
 2081.56   0.26251E-01   0.27167E-01   0.26586E-01
 2095.17   0.25995E-01   0.26898E-01   0.26316E-01
 2108.77   0.25743E-01   0.26633E-01   0.26049E-01
 2122.38   0.25495E-01   0.26373E-01   0.25788E-01
 2135.98   0.25251E-01   0.26116E-01   0.25530E-01
 2149.59   0.25007E-01   0.25860E-01   0.25272E-01
 2163.19   0.24770E-01   0.25610E-01   0.25022E-01
 2176.80   0.24536E-01   0.25363E-01   0.24774E-01
 2190.40   0.24305E-01   0.25120E-01   0.24530E-01
 2204.01   0.24078E-01   0.24881E-01   0.24290E-01
 2217.61   0.23854E-01   0.24645E-01   0.24054E-01
 2231.22   0.23635E-01   0.24414E-01   0.23822E-01
 2244.82   0.23415E-01   0.24181E-01   0.23588E-01
 2258.43   0.23201E-01   0.23955E-01   0.23362E-01
 2272.03   0.22989E-01   0.23732E-01   0.23138E-01
 2285.64   0.22780E-01   0.23511E-01   0.22917E-01
 2299.24   0.22574E-01   0.23293E-01   0.22699E-01
 2312.85   0.22372E-01   0.23079E-01   0.22485E-01
 2326.45   0.22175E-01   0.22871E-01   0.22277E-01
 2340.06   0.21973E-01   0.22658E-01   0.22063E-01
 2353.66   0.21779E-01   0.22452E-01   0.21858E-01
 2367.27   0.21588E-01   0.22249E-01   0.21655E-01
 2380.87   0.21398E-01   0.22048E-01   0.21454E-01
 2394.48   0.21211E-01   0.21850E-01   0.21256E-01
 2408.08   0.21027E-01   0.21655E-01   0.21062E-01
 2421.69   0.20847E-01   0.21463E-01   0.20870E-01
 2435.29   0.20666E-01   0.21272E-01   0.20679E-01
 2448.90   0.20490E-01   0.21084E-01   0.20492E-01
 2462.50   0.20315E-01   0.20899E-01   0.20307E-01
 2476.11   0.20143E-01   0.20716E-01   0.20125E-01
 2489.71   0.19973E-01   0.20536E-01   0.19945E-01
 2503.32   0.19805E-01   0.20357E-01   0.19767E-01
 2516.92   0.19641E-01   0.20182E-01   0.19592E-01
 2530.53   0.19476E-01   0.20007E-01   0.19418E-01
 2544.13   0.19315E-01   0.19835E-01   0.19247E-01
 2557.74   0.19156E-01   0.19666E-01   0.19078E-01
 2571.34   0.18999E-01   0.19499E-01   0.18912E-01
 2584.95   0.18844E-01   0.19333E-01   0.18747E-01
 2598.55   0.18691E-01   0.19170E-01   0.18584E-01
 2612.16   0.18539E-01   0.19008E-01   0.18424E-01
 2625.76   0.18390E-01   0.18849E-01   0.18265E-01
 2639.37   0.18242E-01   0.18691E-01   0.18109E-01
 2652.97   0.18097E-01   0.18536E-01   0.17954E-01
 2666.58   0.17953E-01   0.18382E-01   0.17802E-01
 2680.18   0.17811E-01   0.18231E-01   0.17651E-01
 2693.79   0.17671E-01   0.18081E-01   0.17502E-01
 2707.39   0.17532E-01   0.17933E-01   0.17355E-01
 2721.00   0.17395E-01   0.17786E-01   0.17210E-01
 2734.60   0.17260E-01   0.17641E-01   0.17066E-01
 2748.21   0.17127E-01   0.17498E-01   0.16925E-01
 2761.81   0.16995E-01   0.17357E-01   0.16785E-01
 2775.42   0.16864E-01   0.17217E-01   0.16646E-01
 2789.02   0.16736E-01   0.17079E-01   0.16510E-01
 2802.63   0.16608E-01   0.16943E-01   0.16374E-01
 2816.23   0.16482E-01   0.16808E-01   0.16241E-01
 2829.84   0.16358E-01   0.16674E-01   0.16109E-01
 2843.44   0.16235E-01   0.16542E-01   0.15978E-01
 2857.05   0.16114E-01   0.16412E-01   0.15849E-01
 2870.65   0.15994E-01   0.16283E-01   0.15722E-01
 2884.26   0.15875E-01   0.16156E-01   0.15596E-01
 2897.86   0.15758E-01   0.16030E-01   0.15471E-01
 2911.47   0.15642E-01   0.15905E-01   0.15348E-01
 2925.07   0.15527E-01   0.15782E-01   0.15227E-01
 2938.68   0.15414E-01   0.15660E-01   0.15106E-01
 2952.28   0.15302E-01   0.15540E-01   0.14988E-01
 2965.89   0.15191E-01   0.15420E-01   0.14870E-01
 2979.49   0.15082E-01   0.15303E-01   0.14754E-01
 2993.10   0.14974E-01   0.15186E-01   0.14639E-01
 3006.70   0.14867E-01   0.15071E-01   0.14525E-01
 3020.31   0.14761E-01   0.14957E-01   0.14413E-01
 3033.91   0.14657E-01   0.14844E-01   0.14302E-01
 3047.52   0.14553E-01   0.14733E-01   0.14192E-01
 3061.12   0.14451E-01   0.14622E-01   0.14084E-01
 3074.73   0.14350E-01   0.14513E-01   0.13976E-01
 3088.33   0.14250E-01   0.14405E-01   0.13870E-01
 3101.94   0.14151E-01   0.14298E-01   0.13765E-01
 3115.54   0.14053E-01   0.14192E-01   0.13661E-01
 3129.15   0.13956E-01   0.14088E-01   0.13558E-01
 3142.75   0.13860E-01   0.13984E-01   0.13456E-01
 3156.36   0.13765E-01   0.13882E-01   0.13356E-01
 3169.96   0.13671E-01   0.13780E-01   0.13256E-01
 3183.57   0.13578E-01   0.13680E-01   0.13157E-01
 3197.17   0.13487E-01   0.13581E-01   0.13060E-01
 3210.78   0.13396E-01   0.13482E-01   0.12964E-01
 3224.38   0.13306E-01   0.13385E-01   0.12868E-01
 3237.99   0.13217E-01   0.13289E-01   0.12774E-01
 3251.59   0.13129E-01   0.13194E-01   0.12681E-01
 3265.20   0.13042E-01   0.13099E-01   0.12588E-01
 3278.80   0.12956E-01   0.13006E-01   0.12497E-01
 3292.41   0.12870E-01   0.12913E-01   0.12406E-01
 3306.01   0.12786E-01   0.12822E-01   0.12316E-01
 3319.62   0.12702E-01   0.12731E-01   0.12228E-01
 3333.22   0.12619E-01   0.12642E-01   0.12140E-01
 3346.83   0.12538E-01   0.12553E-01   0.12053E-01
 3360.43   0.12457E-01   0.12465E-01   0.11967E-01
 3374.04   0.12377E-01   0.12378E-01   0.11882E-01
 3387.64   0.12297E-01   0.12292E-01   0.11798E-01
 3401.25   0.12218E-01   0.12206E-01   0.11715E-01
 3414.85   0.12140E-01   0.12122E-01   0.11632E-01
 3428.46   0.12063E-01   0.12038E-01   0.11550E-01
 3442.06   0.11987E-01   0.11955E-01   0.11469E-01
 3455.67   0.11911E-01   0.11873E-01   0.11389E-01
 3469.27   0.11836E-01   0.11792E-01   0.11310E-01
 3482.88   0.11762E-01   0.11711E-01   0.11232E-01
 3496.48   0.11689E-01   0.11632E-01   0.11154E-01
 3510.09   0.11616E-01   0.11553E-01   0.11077E-01
 3523.69   0.11544E-01   0.11474E-01   0.11001E-01
 3537.30   0.11473E-01   0.11397E-01   0.10926E-01
 3550.90   0.11402E-01   0.11320E-01   0.10851E-01
 3564.51   0.11332E-01   0.11244E-01   0.10776E-01
 3578.11   0.11262E-01   0.11168E-01   0.10703E-01
 3591.72   0.11195E-01   0.11094E-01   0.10631E-01
 3605.32   0.11127E-01   0.11020E-01   0.10559E-01
 3618.93   0.11060E-01   0.10947E-01   0.10488E-01
 3632.53   0.10993E-01   0.10875E-01   0.10418E-01
 3646.14   0.10927E-01   0.10803E-01   0.10348E-01
 3659.74   0.10861E-01   0.10732E-01   0.10279E-01
 3673.35   0.10796E-01   0.10661E-01   0.10210E-01
 3686.95   0.10731E-01   0.10590E-01   0.10141E-01
 3700.56   0.10670E-01   0.10523E-01   0.10077E-01
 3714.16   0.10606E-01   0.10453E-01   0.10009E-01
 3727.77   0.10543E-01   0.10385E-01   0.99430E-02
 3741.37   0.10481E-01   0.10318E-01   0.98777E-02
 3754.98   0.10420E-01   0.10251E-01   0.98131E-02
 3768.58   0.10359E-01   0.10185E-01   0.97491E-02
 3782.19   0.10299E-01   0.10119E-01   0.96855E-02
 3795.79   0.10239E-01   0.10054E-01   0.96222E-02
 3809.40   0.10178E-01   0.99887E-02   0.95590E-02
 3823.00   0.10122E-01   0.99271E-02   0.94995E-02
 3836.61   0.10063E-01   0.98630E-02   0.94375E-02
 3850.21   0.10005E-01   0.98000E-02   0.93766E-02
 3863.82   0.99481E-02   0.97377E-02   0.93165E-02
 3877.42   0.98915E-02   0.96761E-02   0.92570E-02
 3891.03   0.98355E-02   0.96151E-02   0.91981E-02
 3904.63   0.97799E-02   0.95546E-02   0.91397E-02
 3918.24   0.97245E-02   0.94944E-02   0.90815E-02
 3931.84   0.96688E-02   0.94338E-02   0.90231E-02
 3945.45   0.96168E-02   0.93770E-02   0.89683E-02
 3959.05   0.95625E-02   0.93180E-02   0.89114E-02
 3972.66   0.95089E-02   0.92596E-02   0.88551E-02
 3986.26   0.94558E-02   0.92019E-02   0.87995E-02
 3999.87   0.94033E-02   0.91448E-02   0.87445E-02
 4013.47   0.93514E-02   0.90883E-02   0.86902E-02
 4027.08   0.93001E-02   0.90324E-02   0.86363E-02
 4040.68   0.92491E-02   0.89769E-02   0.85829E-02
 4054.29   0.91980E-02   0.89214E-02   0.85295E-02
 4067.89   0.91489E-02   0.88679E-02   0.84781E-02
 4081.50   0.90989E-02   0.88136E-02   0.84258E-02
 4095.10   0.90493E-02   0.87596E-02   0.83739E-02
 4108.71   0.90000E-02   0.87061E-02   0.83225E-02
 4122.31   0.89512E-02   0.86530E-02   0.82715E-02
 4135.92   0.89030E-02   0.86006E-02   0.82211E-02
 4149.52   0.88552E-02   0.85487E-02   0.81713E-02
 4163.13   0.88080E-02   0.84973E-02   0.81220E-02
 4176.73   0.87612E-02   0.84464E-02   0.80732E-02
 4190.34   0.87148E-02   0.83960E-02   0.80249E-02
 4203.94   0.86687E-02   0.83459E-02   0.79768E-02
 4217.55   0.86228E-02   0.82961E-02   0.79290E-02
 4231.15   0.85771E-02   0.82465E-02   0.78815E-02
 4244.76   0.85317E-02   0.81972E-02   0.78343E-02
 4258.36   0.84867E-02   0.81483E-02   0.77875E-02
 4271.97   0.84420E-02   0.80998E-02   0.77410E-02
 4285.57   0.83977E-02   0.80518E-02   0.76951E-02
 4299.18   0.83542E-02   0.80045E-02   0.76499E-02
 4312.78   0.83112E-02   0.79579E-02   0.76052E-02
 4326.39   0.82683E-02   0.79113E-02   0.75606E-02
 4339.99   0.82257E-02   0.78651E-02   0.75165E-02
 4353.60   0.81833E-02   0.78191E-02   0.74726E-02
 4367.20   0.81411E-02   0.77734E-02   0.74289E-02
 4380.81   0.80991E-02   0.77279E-02   0.73855E-02
 4394.41   0.80573E-02   0.76827E-02   0.73422E-02
 4408.02   0.80157E-02   0.76377E-02   0.72993E-02
 4421.62   0.79740E-02   0.75926E-02   0.72563E-02
 4435.23   0.79369E-02   0.75521E-02   0.72176E-02
 4448.83   0.78951E-02   0.75070E-02   0.71746E-02
 4462.44   0.78551E-02   0.74638E-02   0.71334E-02
 4476.04   0.78157E-02   0.74211E-02   0.70927E-02
 4489.65   0.77765E-02   0.73787E-02   0.70523E-02
 4503.25   0.77375E-02   0.73366E-02   0.70121E-02
 4516.86   0.76986E-02   0.72946E-02   0.69721E-02
 4530.46   0.76598E-02   0.72526E-02   0.69322E-02
 4544.07   0.76208E-02   0.72106E-02   0.68922E-02
 4557.67   0.75821E-02   0.71690E-02   0.68526E-02
 4571.28   0.75478E-02   0.71315E-02   0.68169E-02
 4584.88   0.75094E-02   0.70902E-02   0.67777E-02
 4598.49   0.74722E-02   0.70501E-02   0.67395E-02
 4612.09   0.74355E-02   0.70105E-02   0.67019E-02
 4625.70   0.73991E-02   0.69713E-02   0.66646E-02
 4639.30   0.73630E-02   0.69324E-02   0.66276E-02
 4652.91   0.73269E-02   0.68935E-02   0.65907E-02
 4666.51   0.72908E-02   0.68547E-02   0.65538E-02
 4680.12   0.72540E-02   0.68153E-02   0.65164E-02
 4693.72   0.72162E-02   0.67749E-02   0.64781E-02
 4707.33   0.71867E-02   0.67425E-02   0.64473E-02
 4720.93   0.71510E-02   0.67042E-02   0.64111E-02
 4734.54   0.71162E-02   0.66668E-02   0.63756E-02
 4748.14   0.70818E-02   0.66300E-02   0.63406E-02
 4761.75   0.70479E-02   0.65935E-02   0.63061E-02
 4775.35   0.70143E-02   0.65575E-02   0.62719E-02
 4788.96   0.69809E-02   0.65216E-02   0.62379E-02
 4802.56   0.69474E-02   0.64858E-02   0.62040E-02
 4816.17   0.69130E-02   0.64490E-02   0.61692E-02
 4829.77   0.68857E-02   0.64190E-02   0.61409E-02
 4843.38   0.68503E-02   0.63815E-02   0.61053E-02
 4856.98   0.68172E-02   0.63461E-02   0.60719E-02
 4870.59   0.67845E-02   0.63113E-02   0.60389E-02
 4884.19   0.67523E-02   0.62769E-02   0.60063E-02
 4897.80   0.67205E-02   0.62429E-02   0.59742E-02
 4911.40   0.66891E-02   0.62093E-02   0.59425E-02
 4925.01   0.66579E-02   0.61760E-02   0.59110E-02
 4938.61   0.66270E-02   0.61430E-02   0.58798E-02
 4952.22   0.65956E-02   0.61095E-02   0.58482E-02
 4965.82   0.65675E-02   0.60792E-02   0.58196E-02
 4979.43   0.65360E-02   0.60459E-02   0.57881E-02
 4993.03   0.65053E-02   0.60133E-02   0.57573E-02
 5006.64   0.64749E-02   0.59809E-02   0.57268E-02
 5020.24   0.64446E-02   0.59487E-02   0.56964E-02
 5033.85   0.64146E-02   0.59169E-02   0.56664E-02
 5047.45   0.63850E-02   0.58854E-02   0.56368E-02
 5061.06   0.63557E-02   0.58543E-02   0.56075E-02
 5074.66   0.63268E-02   0.58236E-02   0.55785E-02
 5088.27   0.62981E-02   0.57932E-02   0.55498E-02
 5101.87   0.62699E-02   0.57632E-02   0.55216E-02
 5115.48   0.62415E-02   0.57331E-02   0.54932E-02
 5129.08   0.62131E-02   0.57031E-02   0.54650E-02
 5142.69   0.61848E-02   0.56731E-02   0.54368E-02
 5156.29   0.61565E-02   0.56432E-02   0.54087E-02
 5169.90   0.61283E-02   0.56135E-02   0.53807E-02
 5183.50   0.61003E-02   0.55840E-02   0.53529E-02
 5197.11   0.60726E-02   0.55547E-02   0.53254E-02
 5210.71   0.60452E-02   0.55258E-02   0.52982E-02
 5224.32   0.60180E-02   0.54972E-02   0.52713E-02
 5237.92   0.59915E-02   0.54692E-02   0.52450E-02
 5251.53   0.59651E-02   0.54414E-02   0.52189E-02
 5265.13   0.59387E-02   0.54136E-02   0.51928E-02
 5278.74   0.59124E-02   0.53859E-02   0.51668E-02
 5292.34   0.58861E-02   0.53583E-02   0.51408E-02
 5305.95   0.58598E-02   0.53306E-02   0.51149E-02
 5319.55   0.58334E-02   0.53031E-02   0.50890E-02
 5333.16   0.58071E-02   0.52756E-02   0.50632E-02
 5346.76   0.57809E-02   0.52482E-02   0.50375E-02
 5360.37   0.57548E-02   0.52209E-02   0.50119E-02
 5373.97   0.57294E-02   0.51944E-02   0.49871E-02
 5387.58   0.57061E-02   0.51697E-02   0.49640E-02
 5401.18   0.56807E-02   0.51433E-02   0.49391E-02
 5414.79   0.56559E-02   0.51174E-02   0.49149E-02
 5428.39   0.56313E-02   0.50917E-02   0.48908E-02
 5442.00   0.56068E-02   0.50661E-02   0.48669E-02
 5455.60   0.55822E-02   0.50406E-02   0.48429E-02
 5469.21   0.55576E-02   0.50150E-02   0.48190E-02
 5482.81   0.55329E-02   0.49894E-02   0.47950E-02
 5496.42   0.55079E-02   0.49636E-02   0.47708E-02
 5510.02   0.54815E-02   0.49365E-02   0.47454E-02
 5523.63   0.54655E-02   0.49189E-02   0.47291E-02
 5537.23   0.54384E-02   0.48913E-02   0.47032E-02
 5550.84   0.54144E-02   0.48665E-02   0.46800E-02
 5564.44   0.53910E-02   0.48423E-02   0.46574E-02
 5578.05   0.53679E-02   0.48184E-02   0.46350E-02
 5591.65   0.53450E-02   0.47947E-02   0.46129E-02
 5605.26   0.53221E-02   0.47711E-02   0.45908E-02
 5618.86   0.52991E-02   0.47474E-02   0.45687E-02
 5632.47   0.52759E-02   0.47236E-02   0.45464E-02
 5646.07   0.52521E-02   0.46992E-02   0.45236E-02
 5659.68   0.52285E-02   0.46752E-02   0.45011E-02
 5673.28   0.52117E-02   0.46571E-02   0.44844E-02
 5686.89   0.51875E-02   0.46325E-02   0.44614E-02
 5700.49   0.51647E-02   0.46093E-02   0.44397E-02
 5714.10   0.51425E-02   0.45865E-02   0.44184E-02
 5727.70   0.51206E-02   0.45642E-02   0.43976E-02
 5741.31   0.50991E-02   0.45421E-02   0.43770E-02
 5754.91   0.50777E-02   0.45202E-02   0.43566E-02
 5768.52   0.50562E-02   0.44983E-02   0.43362E-02
 5782.12   0.50346E-02   0.44763E-02   0.43156E-02
 5795.73   0.50121E-02   0.44535E-02   0.42944E-02
 5809.33   0.49892E-02   0.44305E-02   0.42728E-02
 5822.94   0.49738E-02   0.44141E-02   0.42576E-02
 5836.54   0.49515E-02   0.43916E-02   0.42366E-02
 5850.15   0.49299E-02   0.43698E-02   0.42163E-02
 5863.75   0.49088E-02   0.43484E-02   0.41964E-02
 5877.36   0.48880E-02   0.43274E-02   0.41768E-02
 5890.96   0.48676E-02   0.43067E-02   0.41576E-02
 5904.57   0.48474E-02   0.42863E-02   0.41385E-02
 5918.17   0.48274E-02   0.42660E-02   0.41197E-02
 5931.78   0.48073E-02   0.42458E-02   0.41008E-02
 5945.38   0.47867E-02   0.42251E-02   0.40815E-02
 5958.99   0.47652E-02   0.42037E-02   0.40616E-02
 5972.59   0.47494E-02   0.41872E-02   0.40464E-02
 5986.20   0.47290E-02   0.41668E-02   0.40273E-02
 5999.80   0.47088E-02   0.41466E-02   0.40085E-02
 6013.41   0.46888E-02   0.41266E-02   0.39899E-02
 6027.01   0.46690E-02   0.41068E-02   0.39715E-02
 6040.62   0.46494E-02   0.40873E-02   0.39533E-02
 6054.22   0.46302E-02   0.40680E-02   0.39354E-02
 6067.83   0.46112E-02   0.40490E-02   0.39178E-02
 6081.43   0.45924E-02   0.40303E-02   0.39004E-02
 6095.04   0.45737E-02   0.40116E-02   0.38830E-02
 6108.64   0.45546E-02   0.39926E-02   0.38653E-02
 6122.25   0.45372E-02   0.39752E-02   0.38492E-02
 6135.85   0.45185E-02   0.39566E-02   0.38319E-02
 6149.46   0.44998E-02   0.39380E-02   0.38147E-02
 6163.06   0.44810E-02   0.39195E-02   0.37974E-02
 6176.67   0.44623E-02   0.39009E-02   0.37802E-02
 6190.27   0.44436E-02   0.38825E-02   0.37630E-02
 6203.88   0.44251E-02   0.38643E-02   0.37461E-02
 6217.48   0.44068E-02   0.38463E-02   0.37294E-02
 6231.09   0.43888E-02   0.38285E-02   0.37129E-02
 6244.69   0.43711E-02   0.38111E-02   0.36967E-02
 6258.30   0.43538E-02   0.37940E-02   0.36808E-02
 6271.90   0.43364E-02   0.37768E-02   0.36649E-02
 6285.51   0.43190E-02   0.37598E-02   0.36491E-02
 6299.11   0.43017E-02   0.37427E-02   0.36333E-02
 6312.72   0.42842E-02   0.37257E-02   0.36175E-02
 6326.32   0.42667E-02   0.37085E-02   0.36015E-02
 6339.93   0.42490E-02   0.36913E-02   0.35856E-02
 6353.53   0.42314E-02   0.36741E-02   0.35696E-02
 6367.14   0.42138E-02   0.36570E-02   0.35537E-02
 6380.74   0.41963E-02   0.36401E-02   0.35380E-02
 6394.35   0.41788E-02   0.36231E-02   0.35223E-02
 6407.95   0.41623E-02   0.36071E-02   0.35074E-02
 6421.56   0.41472E-02   0.35922E-02   0.34937E-02
 6435.16   0.41301E-02   0.35757E-02   0.34783E-02
 6448.77   0.41136E-02   0.35597E-02   0.34635E-02
 6462.37   0.40973E-02   0.35439E-02   0.34489E-02
 6475.98   0.40809E-02   0.35281E-02   0.34342E-02
 6489.58   0.40645E-02   0.35123E-02   0.34195E-02
 6503.19   0.40479E-02   0.34963E-02   0.34048E-02
 6516.79   0.40312E-02   0.34803E-02   0.33899E-02
 6530.40   0.40144E-02   0.34642E-02   0.33750E-02
 6544.00   0.39974E-02   0.34480E-02   0.33599E-02
 6557.61   0.39791E-02   0.34307E-02   0.33438E-02
 6571.21   0.39628E-02   0.34152E-02   0.33294E-02
 6584.82   0.39518E-02   0.34042E-02   0.33193E-02
 6598.42   0.39354E-02   0.33885E-02   0.33048E-02
 6612.03   0.39196E-02   0.33735E-02   0.32909E-02
 6625.63   0.39041E-02   0.33587E-02   0.32772E-02
 6639.24   0.38887E-02   0.33441E-02   0.32637E-02
 6652.84   0.38733E-02   0.33294E-02   0.32501E-02
 6666.45   0.38578E-02   0.33147E-02   0.32364E-02
 6680.05   0.38420E-02   0.32998E-02   0.32227E-02
 6693.66   0.38260E-02   0.32847E-02   0.32086E-02
 6707.26   0.38093E-02   0.32690E-02   0.31940E-02
 6720.87   0.37934E-02   0.32541E-02   0.31802E-02
 6734.47   0.37850E-02   0.32456E-02   0.31726E-02
 6748.08   0.37671E-02   0.32290E-02   0.31571E-02
 6761.68   0.37513E-02   0.32142E-02   0.31434E-02
 6775.29   0.37361E-02   0.32000E-02   0.31302E-02
 6788.89   0.37213E-02   0.31861E-02   0.31173E-02
 6802.50   0.37067E-02   0.31724E-02   0.31046E-02
 6816.10   0.36922E-02   0.31588E-02   0.30920E-02
 6829.71   0.36776E-02   0.31452E-02   0.30795E-02
 6843.31   0.36630E-02   0.31315E-02   0.30668E-02
 6856.92   0.36479E-02   0.31175E-02   0.30538E-02
 6870.52   0.36316E-02   0.31025E-02   0.30398E-02
 6884.13   0.36159E-02   0.30880E-02   0.30263E-02
 6897.73   0.36083E-02   0.30805E-02   0.30197E-02
 6911.34   0.35921E-02   0.30656E-02   0.30058E-02
 6924.94   0.35771E-02   0.30517E-02   0.29929E-02
 6938.55   0.35624E-02   0.30382E-02   0.29804E-02
 6952.15   0.35481E-02   0.30250E-02   0.29682E-02
 6965.76   0.35341E-02   0.30121E-02   0.29562E-02
 6979.36   0.35203E-02   0.29994E-02   0.29444E-02
 6992.97   0.35066E-02   0.29868E-02   0.29327E-02
 7006.57   0.34929E-02   0.29742E-02   0.29211E-02
 7020.18   0.34790E-02   0.29614E-02   0.29093E-02
 7033.78   0.34640E-02   0.29478E-02   0.28966E-02
 7047.39   0.34488E-02   0.29340E-02   0.28837E-02
 7060.99   0.34406E-02   0.29262E-02   0.28768E-02
 7074.60   0.34259E-02   0.29129E-02   0.28644E-02
 7088.20   0.34117E-02   0.28999E-02   0.28524E-02
 7101.81   0.33977E-02   0.28872E-02   0.28406E-02
 7115.41   0.33839E-02   0.28747E-02   0.28290E-02
 7129.02   0.33703E-02   0.28624E-02   0.28176E-02
 7142.62   0.33570E-02   0.28503E-02   0.28064E-02
 7156.23   0.33439E-02   0.28385E-02   0.27954E-02
 7169.83   0.33310E-02   0.28268E-02   0.27846E-02
 7183.44   0.33181E-02   0.28152E-02   0.27739E-02
 7197.04   0.33049E-02   0.28033E-02   0.27629E-02
 7210.65   0.32912E-02   0.27910E-02   0.27514E-02
 7224.25   0.32808E-02   0.27815E-02   0.27428E-02
 7237.86   0.32676E-02   0.27697E-02   0.27318E-02
 7251.46   0.32544E-02   0.27579E-02   0.27209E-02
 7265.07   0.32412E-02   0.27461E-02   0.27099E-02
 7278.67   0.32280E-02   0.27344E-02   0.26990E-02
 7292.28   0.32149E-02   0.27227E-02   0.26881E-02
 7305.88   0.32020E-02   0.27112E-02   0.26775E-02
 7319.49   0.31892E-02   0.26998E-02   0.26669E-02
 7333.09   0.31767E-02   0.26887E-02   0.26566E-02
 7346.70   0.31644E-02   0.26778E-02   0.26465E-02
 7360.30   0.31523E-02   0.26671E-02   0.26366E-02
 7373.91   0.31402E-02   0.26564E-02   0.26267E-02
 7387.51   0.31284E-02   0.26459E-02   0.26170E-02
 7401.12   0.31164E-02   0.26353E-02   0.26072E-02
 7414.72   0.31043E-02   0.26246E-02   0.25973E-02
 7428.33   0.30921E-02   0.26139E-02   0.25873E-02
 7441.93   0.30797E-02   0.26030E-02   0.25773E-02
 7455.54   0.30673E-02   0.25921E-02   0.25671E-02
 7469.14   0.30548E-02   0.25812E-02   0.25570E-02
 7482.75   0.30424E-02   0.25703E-02   0.25469E-02
 7496.35   0.30301E-02   0.25596E-02   0.25369E-02
 7509.96   0.30179E-02   0.25490E-02   0.25270E-02
 7523.56   0.30058E-02   0.25385E-02   0.25173E-02
 7537.17   0.29947E-02   0.25288E-02   0.25083E-02
 7550.77   0.29840E-02   0.25194E-02   0.24997E-02
 7564.38   0.29723E-02   0.25093E-02   0.24903E-02
 7577.98   0.29609E-02   0.24994E-02   0.24811E-02
 7591.59   0.29495E-02   0.24896E-02   0.24720E-02
 7605.19   0.29380E-02   0.24797E-02   0.24628E-02
 7618.80   0.29265E-02   0.24697E-02   0.24535E-02
 7632.40   0.29147E-02   0.24596E-02   0.24441E-02
 7646.01   0.29029E-02   0.24494E-02   0.24346E-02
 7659.61   0.28910E-02   0.24391E-02   0.24251E-02
 7673.22   0.28790E-02   0.24289E-02   0.24155E-02
 7686.82   0.28668E-02   0.24184E-02   0.24058E-02
 7700.43   0.28527E-02   0.24064E-02   0.23945E-02
 7714.03   0.28497E-02   0.24037E-02   0.23924E-02
 7727.64   0.28357E-02   0.23918E-02   0.23812E-02
 7741.24   0.28243E-02   0.23821E-02   0.23722E-02
 7754.85   0.28133E-02   0.23728E-02   0.23635E-02
 7768.45   0.28025E-02   0.23636E-02   0.23550E-02
 7782.06   0.27917E-02   0.23544E-02   0.23465E-02
 7795.66   0.27808E-02   0.23452E-02   0.23379E-02
 7809.27   0.27698E-02   0.23359E-02   0.23293E-02
 7822.87   0.27587E-02   0.23265E-02   0.23205E-02
 7836.48   0.27473E-02   0.23169E-02   0.23115E-02
 7850.08   0.27355E-02   0.23070E-02   0.23022E-02
 7863.69   0.27227E-02   0.22962E-02   0.22921E-02
 7877.29   0.27120E-02   0.22872E-02   0.22837E-02
 7890.90   0.27076E-02   0.22835E-02   0.22806E-02
 7904.50   0.26950E-02   0.22729E-02   0.22706E-02
 7918.11   0.26838E-02   0.22636E-02   0.22619E-02
 7931.71   0.26731E-02   0.22547E-02   0.22536E-02
 7945.32   0.26627E-02   0.22460E-02   0.22455E-02
 7958.92   0.26525E-02   0.22375E-02   0.22376E-02
 7972.53   0.26422E-02   0.22290E-02   0.22297E-02
 7986.13   0.26320E-02   0.22204E-02   0.22217E-02
 7999.74   0.26215E-02   0.22117E-02   0.22136E-02
 8013.34   0.26108E-02   0.22028E-02   0.22053E-02
 8026.95   0.25995E-02   0.21935E-02   0.21965E-02
 8040.55   0.25857E-02   0.21820E-02   0.21856E-02
 8054.16   0.25748E-02   0.21731E-02   0.21772E-02
 8067.76   0.25730E-02   0.21717E-02   0.21765E-02
 8081.37   0.25612E-02   0.21620E-02   0.21673E-02
 8094.97   0.25503E-02   0.21530E-02   0.21589E-02
 8108.58   0.25399E-02   0.21445E-02   0.21509E-02
 8122.18   0.25298E-02   0.21362E-02   0.21432E-02
 8135.79   0.25199E-02   0.21281E-02   0.21356E-02
 8149.39   0.25102E-02   0.21202E-02   0.21282E-02
 8163.00   0.25005E-02   0.21123E-02   0.21209E-02
 8176.60   0.24908E-02   0.21044E-02   0.21135E-02
 8190.21   0.24809E-02   0.20963E-02   0.21059E-02
 8203.81   0.24704E-02   0.20878E-02   0.20979E-02
 8217.42   0.24567E-02   0.20764E-02   0.20871E-02
 8231.02   0.24586E-02   0.20785E-02   0.20897E-02
 8244.63   0.24447E-02   0.20670E-02   0.20787E-02
 8258.23   0.24338E-02   0.20582E-02   0.20704E-02
 8271.84   0.24235E-02   0.20498E-02   0.20625E-02
 8285.44   0.24134E-02   0.20417E-02   0.20548E-02
 8299.05   0.24035E-02   0.20337E-02   0.20474E-02
 8312.65   0.23938E-02   0.20259E-02   0.20401E-02
 8326.26   0.23844E-02   0.20184E-02   0.20330E-02
 8339.86   0.23751E-02   0.20110E-02   0.20261E-02
 8353.47   0.23660E-02   0.20037E-02   0.20193E-02
 8367.07   0.23569E-02   0.19964E-02   0.20124E-02
 8380.68   0.23475E-02   0.19889E-02   0.20054E-02
 8394.28   0.23363E-02   0.19798E-02   0.19968E-02
 8407.89   0.23327E-02   0.19774E-02   0.19949E-02
 8421.49   0.23219E-02   0.19686E-02   0.19866E-02
 8435.10   0.23122E-02   0.19609E-02   0.19793E-02
 8448.70   0.23025E-02   0.19532E-02   0.19720E-02
 8462.31   0.22929E-02   0.19456E-02   0.19648E-02
 8475.91   0.22834E-02   0.19380E-02   0.19577E-02
 8489.52   0.22740E-02   0.19306E-02   0.19507E-02
 8503.12   0.22647E-02   0.19232E-02   0.19438E-02
 8516.73   0.22557E-02   0.19161E-02   0.19371E-02
 8530.33   0.22468E-02   0.19092E-02   0.19306E-02
 8543.94   0.22381E-02   0.19024E-02   0.19242E-02
 8557.54   0.22295E-02   0.18956E-02   0.19179E-02
 8571.15   0.22208E-02   0.18888E-02   0.19115E-02
 8584.75   0.22131E-02   0.18829E-02   0.19060E-02
 8598.36   0.22044E-02   0.18761E-02   0.18996E-02
 8611.96   0.21957E-02   0.18693E-02   0.18932E-02
 8625.57   0.21869E-02   0.18624E-02   0.18868E-02
 8639.17   0.21780E-02   0.18555E-02   0.18802E-02
 8652.78   0.21691E-02   0.18485E-02   0.18736E-02
 8666.38   0.21600E-02   0.18415E-02   0.18670E-02
 8679.99   0.21510E-02   0.18345E-02   0.18603E-02
 8693.59   0.21421E-02   0.18275E-02   0.18538E-02
 8707.20   0.21333E-02   0.18207E-02   0.18474E-02
 8720.80   0.21247E-02   0.18141E-02   0.18411E-02
 8734.41   0.21163E-02   0.18076E-02   0.18350E-02
 8748.01   0.21078E-02   0.18011E-02   0.18289E-02
 8761.62   0.21002E-02   0.17953E-02   0.18235E-02
 8775.22   0.20923E-02   0.17893E-02   0.18178E-02
 8788.83   0.20843E-02   0.17831E-02   0.18120E-02
 8802.43   0.20762E-02   0.17770E-02   0.18062E-02
 8816.04   0.20681E-02   0.17707E-02   0.18003E-02
 8829.64   0.20598E-02   0.17644E-02   0.17943E-02
 8843.25   0.20514E-02   0.17580E-02   0.17883E-02
 8856.85   0.20429E-02   0.17515E-02   0.17821E-02
 8870.46   0.20343E-02   0.17449E-02   0.17758E-02
 8884.06   0.20257E-02   0.17383E-02   0.17696E-02
 8897.67   0.20171E-02   0.17317E-02   0.17633E-02
 8911.27   0.20085E-02   0.17252E-02   0.17570E-02
 8924.88   0.19995E-02   0.17183E-02   0.17505E-02
 8938.48   0.19925E-02   0.17131E-02   0.17456E-02
 8952.09   0.19869E-02   0.17090E-02   0.17419E-02
 8965.69   0.19783E-02   0.17025E-02   0.17357E-02
 8979.30   0.19705E-02   0.16966E-02   0.17301E-02
 8992.90   0.19628E-02   0.16909E-02   0.17247E-02
 9006.51   0.19551E-02   0.16852E-02   0.17193E-02
 9020.11   0.19474E-02   0.16794E-02   0.17138E-02
 9033.72   0.19396E-02   0.16735E-02   0.17082E-02
 9047.32   0.19316E-02   0.16675E-02   0.17025E-02
 9060.93   0.19235E-02   0.16614E-02   0.16967E-02
 9074.53   0.19152E-02   0.16551E-02   0.16907E-02
 9088.14   0.19068E-02   0.16487E-02   0.16846E-02
 9101.74   0.18978E-02   0.16419E-02   0.16780E-02
 9115.35   0.18858E-02   0.16325E-02   0.16688E-02
 9128.95   0.18911E-02   0.16379E-02   0.16747E-02
 9142.56   0.18787E-02   0.16281E-02   0.16651E-02
 9156.16   0.18702E-02   0.16218E-02   0.16590E-02
 9169.77   0.18625E-02   0.16160E-02   0.16535E-02
 9183.37   0.18551E-02   0.16105E-02   0.16483E-02
 9196.98   0.18478E-02   0.16052E-02   0.16432E-02
 9210.58   0.18405E-02   0.15998E-02   0.16381E-02
 9224.19   0.18332E-02   0.15945E-02   0.16330E-02
 9237.79   0.18258E-02   0.15890E-02   0.16278E-02
 9251.40   0.18183E-02   0.15834E-02   0.16225E-02
 9265.00   0.18105E-02   0.15776E-02   0.16169E-02
 9278.61   0.18022E-02   0.15714E-02   0.16110E-02
 9292.21   0.17929E-02   0.15643E-02   0.16040E-02
 9305.82   0.17858E-02   0.15591E-02   0.15990E-02
 9319.42   0.17862E-02   0.15605E-02   0.16009E-02
 9333.03   0.17760E-02   0.15526E-02   0.15931E-02
 9346.63   0.17678E-02   0.15465E-02   0.15872E-02
 9360.24   0.17602E-02   0.15409E-02   0.15818E-02
 9373.84   0.17529E-02   0.15355E-02   0.15767E-02
 9387.45   0.17458E-02   0.15304E-02   0.15718E-02
 9401.05   0.17389E-02   0.15254E-02   0.15670E-02
 9414.66   0.17320E-02   0.15204E-02   0.15623E-02
 9428.26   0.17251E-02   0.15155E-02   0.15575E-02
 9441.87   0.17182E-02   0.15104E-02   0.15527E-02
 9455.47   0.17110E-02   0.15052E-02   0.15476E-02
 9469.08   0.17033E-02   0.14995E-02   0.15421E-02
 9482.68   0.16940E-02   0.14924E-02   0.15352E-02
 9496.29   0.16870E-02   0.14873E-02   0.15303E-02
 9509.89   0.16873E-02   0.14887E-02   0.15321E-02
 9523.50   0.16784E-02   0.14820E-02   0.15254E-02
 9537.10   0.16706E-02   0.14762E-02   0.15198E-02
 9550.71   0.16631E-02   0.14708E-02   0.15146E-02
 9564.31   0.16560E-02   0.14656E-02   0.15096E-02
 9577.92   0.16491E-02   0.14606E-02   0.15047E-02
 9591.52   0.16423E-02   0.14557E-02   0.15001E-02
 9605.13   0.16357E-02   0.14511E-02   0.14956E-02
 9618.73   0.16292E-02   0.14465E-02   0.14912E-02
 9632.34   0.16228E-02   0.14419E-02   0.14868E-02
 9645.94   0.16162E-02   0.14373E-02   0.14823E-02
 9659.55   0.16094E-02   0.14323E-02   0.14775E-02
 9673.15   0.16014E-02   0.14263E-02   0.14716E-02
 9686.76   0.15944E-02   0.14213E-02   0.14668E-02
 9700.36   0.15929E-02   0.14212E-02   0.14670E-02
 9713.97   0.15853E-02   0.14156E-02   0.14615E-02
 9727.57   0.15781E-02   0.14104E-02   0.14564E-02
 9741.18   0.15711E-02   0.14053E-02   0.14515E-02
 9754.78   0.15642E-02   0.14003E-02   0.14466E-02
 9768.39   0.15574E-02   0.13955E-02   0.14419E-02
 9781.99   0.15508E-02   0.13907E-02   0.14373E-02
 9795.60   0.15443E-02   0.13862E-02   0.14328E-02
 9809.20   0.15380E-02   0.13817E-02   0.14286E-02
 9822.81   0.15319E-02   0.13774E-02   0.14244E-02
 9836.41   0.15258E-02   0.13732E-02   0.14203E-02
 9850.02   0.15197E-02   0.13690E-02   0.14162E-02
 9863.62   0.15134E-02   0.13645E-02   0.14119E-02
 9877.23   0.15069E-02   0.13599E-02   0.14074E-02
 9890.83   0.15027E-02   0.13574E-02   0.14051E-02
 9904.44   0.14964E-02   0.13529E-02   0.14007E-02
 9918.04   0.14900E-02   0.13484E-02   0.13963E-02
 9931.65   0.14836E-02   0.13439E-02   0.13919E-02
 9945.25   0.14771E-02   0.13393E-02   0.13874E-02
 9958.86   0.14707E-02   0.13347E-02   0.13829E-02
 9972.46   0.14642E-02   0.13301E-02   0.13784E-02
 9986.07   0.14579E-02   0.13256E-02   0.13740E-02
 9999.67   0.14516E-02   0.13212E-02   0.13697E-02
