 1809.46   0.20363E-01   0.19644E-01   0.18909E-01
 1823.07   0.20242E-01   0.19514E-01   0.18785E-01
 1836.67   0.20122E-01   0.19386E-01   0.18663E-01
 1850.28   0.20003E-01   0.19258E-01   0.18543E-01
 1863.88   0.19885E-01   0.19132E-01   0.18422E-01
 1877.49   0.19767E-01   0.19005E-01   0.18302E-01
 1891.09   0.19654E-01   0.18885E-01   0.18187E-01
 1904.70   0.19538E-01   0.18761E-01   0.18070E-01
 1918.30   0.19425E-01   0.18639E-01   0.17954E-01
 1931.91   0.19312E-01   0.18519E-01   0.17840E-01
 1945.51   0.19201E-01   0.18400E-01   0.17727E-01
 1959.12   0.19089E-01   0.18281E-01   0.17614E-01
 1972.72   0.18983E-01   0.18167E-01   0.17506E-01
 1986.33   0.18872E-01   0.18049E-01   0.17394E-01
 1999.93   0.18763E-01   0.17933E-01   0.17284E-01
 2013.54   0.18656E-01   0.17819E-01   0.17176E-01
 2027.14   0.18550E-01   0.17706E-01   0.17069E-01
 2040.75   0.18445E-01   0.17594E-01   0.16962E-01
 2054.35   0.18339E-01   0.17482E-01   0.16856E-01
 2067.96   0.18238E-01   0.17374E-01   0.16754E-01
 2081.56   0.18135E-01   0.17264E-01   0.16649E-01
 2095.17   0.18033E-01   0.17156E-01   0.16547E-01
 2108.77   0.17932E-01   0.17048E-01   0.16445E-01
 2122.38   0.17832E-01   0.16942E-01   0.16344E-01
 2135.98   0.17733E-01   0.16837E-01   0.16245E-01
 2149.59   0.17635E-01   0.16733E-01   0.16146E-01
 2163.19   0.17538E-01   0.16630E-01   0.16048E-01
 2176.80   0.17440E-01   0.16527E-01   0.15951E-01
 2190.40   0.17344E-01   0.16425E-01   0.15854E-01
 2204.01   0.17249E-01   0.16323E-01   0.15758E-01
 2217.61   0.17154E-01   0.16223E-01   0.15664E-01
 2231.22   0.17061E-01   0.16125E-01   0.15570E-01
 2244.82   0.16968E-01   0.16027E-01   0.15477E-01
 2258.43   0.16876E-01   0.15929E-01   0.15385E-01
 2272.03   0.16784E-01   0.15833E-01   0.15294E-01
 2285.64   0.16693E-01   0.15736E-01   0.15203E-01
 2299.24   0.16603E-01   0.15641E-01   0.15113E-01
 2312.85   0.16513E-01   0.15546E-01   0.15023E-01
 2326.45   0.16423E-01   0.15452E-01   0.14934E-01
 2340.06   0.16337E-01   0.15361E-01   0.14848E-01
 2353.66   0.16250E-01   0.15269E-01   0.14761E-01
 2367.27   0.16163E-01   0.15178E-01   0.14675E-01
 2380.87   0.16077E-01   0.15088E-01   0.14590E-01
 2394.48   0.15991E-01   0.14998E-01   0.14505E-01
 2408.08   0.15906E-01   0.14908E-01   0.14420E-01
 2421.69   0.15821E-01   0.14820E-01   0.14336E-01
 2435.29   0.15740E-01   0.14734E-01   0.14256E-01
 2448.90   0.15657E-01   0.14647E-01   0.14174E-01
 2462.50   0.15575E-01   0.14562E-01   0.14093E-01
 2476.11   0.15494E-01   0.14476E-01   0.14012E-01
 2489.71   0.15412E-01   0.14392E-01   0.13932E-01
 2503.32   0.15331E-01   0.14307E-01   0.13852E-01
 2516.92   0.15250E-01   0.14223E-01   0.13773E-01
 2530.53   0.15174E-01   0.14143E-01   0.13697E-01
 2544.13   0.15095E-01   0.14060E-01   0.13619E-01
 2557.74   0.15017E-01   0.13979E-01   0.13543E-01
 2571.34   0.14939E-01   0.13899E-01   0.13467E-01
 2584.95   0.14863E-01   0.13819E-01   0.13392E-01
 2598.55   0.14786E-01   0.13739E-01   0.13316E-01
 2612.16   0.14708E-01   0.13659E-01   0.13240E-01
 2625.76   0.14636E-01   0.13584E-01   0.13170E-01
 2639.37   0.14561E-01   0.13506E-01   0.13096E-01
 2652.97   0.14486E-01   0.13428E-01   0.13023E-01
 2666.58   0.14412E-01   0.13352E-01   0.12952E-01
 2680.18   0.14339E-01   0.13277E-01   0.12881E-01
 2693.79   0.14267E-01   0.13202E-01   0.12810E-01
 2707.39   0.14194E-01   0.13127E-01   0.12739E-01
 2721.00   0.14125E-01   0.13055E-01   0.12672E-01
 2734.60   0.14053E-01   0.12981E-01   0.12602E-01
 2748.21   0.13982E-01   0.12908E-01   0.12533E-01
 2761.81   0.13911E-01   0.12836E-01   0.12465E-01
 2775.42   0.13841E-01   0.12764E-01   0.12397E-01
 2789.02   0.13772E-01   0.12693E-01   0.12331E-01
 2802.63   0.13704E-01   0.12623E-01   0.12265E-01
 2816.23   0.13636E-01   0.12553E-01   0.12199E-01
 2829.84   0.13569E-01   0.12484E-01   0.12134E-01
 2843.44   0.13501E-01   0.12415E-01   0.12069E-01
 2857.05   0.13434E-01   0.12347E-01   0.12005E-01
 2870.65   0.13367E-01   0.12279E-01   0.11940E-01
 2884.26   0.13301E-01   0.12211E-01   0.11877E-01
 2897.86   0.13236E-01   0.12144E-01   0.11814E-01
 2911.47   0.13171E-01   0.12078E-01   0.11752E-01
 2925.07   0.13106E-01   0.12013E-01   0.11690E-01
 2938.68   0.13042E-01   0.11948E-01   0.11629E-01
 2952.28   0.12979E-01   0.11883E-01   0.11568E-01
 2965.89   0.12915E-01   0.11819E-01   0.11508E-01
 2979.49   0.12852E-01   0.11755E-01   0.11448E-01
 2993.10   0.12789E-01   0.11691E-01   0.11388E-01
 3006.70   0.12726E-01   0.11628E-01   0.11328E-01
 3020.31   0.12665E-01   0.11566E-01   0.11269E-01
 3033.91   0.12604E-01   0.11505E-01   0.11212E-01
 3047.52   0.12544E-01   0.11443E-01   0.11155E-01
 3061.12   0.12483E-01   0.11383E-01   0.11098E-01
 3074.73   0.12423E-01   0.11322E-01   0.11041E-01
 3088.33   0.12363E-01   0.11262E-01   0.10984E-01
 3101.94   0.12303E-01   0.11202E-01   0.10928E-01
 3115.54   0.12243E-01   0.11142E-01   0.10871E-01
 3129.15   0.12183E-01   0.11082E-01   0.10815E-01
 3142.75   0.12128E-01   0.11026E-01   0.10763E-01
 3156.36   0.12070E-01   0.10968E-01   0.10708E-01
 3169.96   0.12012E-01   0.10911E-01   0.10654E-01
 3183.57   0.11955E-01   0.10854E-01   0.10600E-01
 3197.17   0.11898E-01   0.10797E-01   0.10547E-01
 3210.78   0.11841E-01   0.10741E-01   0.10494E-01
 3224.38   0.11784E-01   0.10684E-01   0.10441E-01
 3237.99   0.11726E-01   0.10627E-01   0.10387E-01
 3251.59   0.11675E-01   0.10575E-01   0.10339E-01
 3265.20   0.11619E-01   0.10520E-01   0.10287E-01
 3278.80   0.11564E-01   0.10465E-01   0.10235E-01
 3292.41   0.11510E-01   0.10412E-01   0.10185E-01
 3306.01   0.11456E-01   0.10358E-01   0.10135E-01
 3319.62   0.11402E-01   0.10305E-01   0.10085E-01
 3333.22   0.11348E-01   0.10252E-01   0.10035E-01
 3346.83   0.11293E-01   0.10199E-01   0.99847E-02
 3360.43   0.11244E-01   0.10150E-01   0.99393E-02
 3374.04   0.11190E-01   0.10097E-01   0.98896E-02
 3387.64   0.11137E-01   0.10046E-01   0.98410E-02
 3401.25   0.11085E-01   0.99945E-02   0.97930E-02
 3414.85   0.11034E-01   0.99440E-02   0.97456E-02
 3428.46   0.10982E-01   0.98941E-02   0.96987E-02
 3442.06   0.10932E-01   0.98444E-02   0.96520E-02
 3455.67   0.10880E-01   0.97941E-02   0.96047E-02
 3469.27   0.10833E-01   0.97480E-02   0.95615E-02
 3482.88   0.10781E-01   0.96980E-02   0.95145E-02
 3496.48   0.10731E-01   0.96490E-02   0.94685E-02
 3510.09   0.10681E-01   0.96005E-02   0.94229E-02
 3523.69   0.10631E-01   0.95525E-02   0.93778E-02
 3537.30   0.10582E-01   0.95050E-02   0.93332E-02
 3550.90   0.10533E-01   0.94581E-02   0.92891E-02
 3564.51   0.10485E-01   0.94116E-02   0.92454E-02
 3578.11   0.10437E-01   0.93648E-02   0.92014E-02
 3591.72   0.10390E-01   0.93199E-02   0.91593E-02
 3605.32   0.10342E-01   0.92739E-02   0.91162E-02
 3618.93   0.10294E-01   0.92282E-02   0.90731E-02
 3632.53   0.10247E-01   0.91826E-02   0.90303E-02
 3646.14   0.10200E-01   0.91374E-02   0.89878E-02
 3659.74   0.10153E-01   0.90927E-02   0.89458E-02
 3673.35   0.10107E-01   0.90484E-02   0.89042E-02
 3686.95   0.10061E-01   0.90047E-02   0.88632E-02
 3700.56   0.10015E-01   0.89614E-02   0.88225E-02
 3714.16   0.99702E-02   0.89184E-02   0.87821E-02
 3727.77   0.99250E-02   0.88755E-02   0.87418E-02
 3741.37   0.98798E-02   0.88326E-02   0.87015E-02
 3754.98   0.98347E-02   0.87898E-02   0.86613E-02
 3768.58   0.97896E-02   0.87472E-02   0.86212E-02
 3782.19   0.97448E-02   0.87048E-02   0.85814E-02
 3795.79   0.97003E-02   0.86628E-02   0.85419E-02
 3809.40   0.96564E-02   0.86215E-02   0.85030E-02
 3823.00   0.96140E-02   0.85815E-02   0.84655E-02
 3836.61   0.95707E-02   0.85407E-02   0.84272E-02
 3850.21   0.95277E-02   0.85004E-02   0.83893E-02
 3863.82   0.94849E-02   0.84602E-02   0.83515E-02
 3877.42   0.94421E-02   0.84201E-02   0.83138E-02
 3891.03   0.93992E-02   0.83800E-02   0.82761E-02
 3904.63   0.93563E-02   0.83399E-02   0.82384E-02
 3918.24   0.93131E-02   0.82997E-02   0.82005E-02
 3931.84   0.92700E-02   0.82596E-02   0.81627E-02
 3945.45   0.92321E-02   0.82242E-02   0.81296E-02
 3959.05   0.91902E-02   0.81853E-02   0.80930E-02
 3972.66   0.91491E-02   0.81472E-02   0.80571E-02
 3986.26   0.91084E-02   0.81094E-02   0.80216E-02
 3999.87   0.90678E-02   0.80718E-02   0.79863E-02
 4013.47   0.90271E-02   0.80342E-02   0.79509E-02
 4027.08   0.89862E-02   0.79965E-02   0.79154E-02
 4040.68   0.89446E-02   0.79582E-02   0.78793E-02
 4054.29   0.89020E-02   0.79191E-02   0.78423E-02
 4067.89   0.88682E-02   0.78878E-02   0.78132E-02
 4081.50   0.88276E-02   0.78506E-02   0.77781E-02
 4095.10   0.87880E-02   0.78143E-02   0.77439E-02
 4108.71   0.87490E-02   0.77786E-02   0.77103E-02
 4122.31   0.87103E-02   0.77432E-02   0.76770E-02
 4135.92   0.86717E-02   0.77080E-02   0.76439E-02
 4149.52   0.86331E-02   0.76728E-02   0.76107E-02
 4163.13   0.85937E-02   0.76370E-02   0.75769E-02
 4176.73   0.85533E-02   0.76003E-02   0.75423E-02
 4190.34   0.85209E-02   0.75707E-02   0.75147E-02
 4203.94   0.84816E-02   0.75352E-02   0.74811E-02
 4217.55   0.84434E-02   0.75006E-02   0.74485E-02
 4231.15   0.84058E-02   0.74665E-02   0.74164E-02
 4244.76   0.83686E-02   0.74330E-02   0.73848E-02
 4258.36   0.83318E-02   0.73998E-02   0.73536E-02
 4271.97   0.82952E-02   0.73669E-02   0.73225E-02
 4285.57   0.82585E-02   0.73338E-02   0.72913E-02
 4299.18   0.82212E-02   0.73003E-02   0.72597E-02
 4312.78   0.81885E-02   0.72710E-02   0.72322E-02
 4326.39   0.81510E-02   0.72374E-02   0.72005E-02
 4339.99   0.81144E-02   0.72047E-02   0.71696E-02
 4353.60   0.80781E-02   0.71723E-02   0.71390E-02
 4367.20   0.80422E-02   0.71403E-02   0.71088E-02
 4380.81   0.80068E-02   0.71087E-02   0.70790E-02
 4394.41   0.79717E-02   0.70775E-02   0.70496E-02
 4408.02   0.79369E-02   0.70467E-02   0.70205E-02
 4421.62   0.79021E-02   0.70158E-02   0.69913E-02
 4435.23   0.78693E-02   0.69868E-02   0.69640E-02
 4448.83   0.78341E-02   0.69556E-02   0.69346E-02
 4462.44   0.77995E-02   0.69250E-02   0.69057E-02
 4476.04   0.77649E-02   0.68945E-02   0.68768E-02
 4489.65   0.77303E-02   0.68641E-02   0.68481E-02
 4503.25   0.76960E-02   0.68339E-02   0.68196E-02
 4516.86   0.76620E-02   0.68041E-02   0.67913E-02
 4530.46   0.76285E-02   0.67746E-02   0.67635E-02
 4544.07   0.75953E-02   0.67456E-02   0.67360E-02
 4557.67   0.75625E-02   0.67169E-02   0.67089E-02
 4571.28   0.75298E-02   0.66883E-02   0.66819E-02
 4584.88   0.74971E-02   0.66599E-02   0.66551E-02
 4598.49   0.74645E-02   0.66314E-02   0.66282E-02
 4612.09   0.74317E-02   0.66029E-02   0.66012E-02
 4625.70   0.73989E-02   0.65744E-02   0.65742E-02
 4639.30   0.73661E-02   0.65460E-02   0.65473E-02
 4652.91   0.73335E-02   0.65177E-02   0.65205E-02
 4666.51   0.73011E-02   0.64897E-02   0.64939E-02
 4680.12   0.72688E-02   0.64618E-02   0.64675E-02
 4693.72   0.72374E-02   0.64347E-02   0.64419E-02
 4707.33   0.72071E-02   0.64087E-02   0.64172E-02
 4720.93   0.71759E-02   0.63819E-02   0.63918E-02
 4734.54   0.71449E-02   0.63552E-02   0.63666E-02
 4748.14   0.71139E-02   0.63286E-02   0.63414E-02
 4761.75   0.70828E-02   0.63020E-02   0.63161E-02
 4775.35   0.70515E-02   0.62752E-02   0.62907E-02
 4788.96   0.70202E-02   0.62485E-02   0.62653E-02
 4802.56   0.69888E-02   0.62216E-02   0.62398E-02
 4816.17   0.69564E-02   0.61939E-02   0.62135E-02
 4829.77   0.69325E-02   0.61739E-02   0.61947E-02
 4843.38   0.68997E-02   0.61459E-02   0.61680E-02
 4856.98   0.68695E-02   0.61203E-02   0.61437E-02
 4870.59   0.68398E-02   0.60951E-02   0.61198E-02
 4884.19   0.68104E-02   0.60702E-02   0.60961E-02
 4897.80   0.67809E-02   0.60453E-02   0.60725E-02
 4911.40   0.67513E-02   0.60203E-02   0.60487E-02
 4925.01   0.67214E-02   0.59951E-02   0.60248E-02
 4938.61   0.66912E-02   0.59696E-02   0.60005E-02
 4952.22   0.66584E-02   0.59419E-02   0.59739E-02
 4965.82   0.66392E-02   0.59263E-02   0.59595E-02
 4979.43   0.66066E-02   0.58987E-02   0.59331E-02
 4993.03   0.65772E-02   0.58741E-02   0.59096E-02
 5006.64   0.65485E-02   0.58501E-02   0.58868E-02
 5020.24   0.65203E-02   0.58265E-02   0.58644E-02
 5033.85   0.64922E-02   0.58032E-02   0.58422E-02
 5047.45   0.64642E-02   0.57799E-02   0.58200E-02
 5061.06   0.64361E-02   0.57565E-02   0.57976E-02
 5074.66   0.64074E-02   0.57326E-02   0.57749E-02
 5088.27   0.63764E-02   0.57067E-02   0.57500E-02
 5101.87   0.63593E-02   0.56932E-02   0.57377E-02
 5115.48   0.63268E-02   0.56660E-02   0.57115E-02
 5129.08   0.62982E-02   0.56424E-02   0.56889E-02
 5142.69   0.62704E-02   0.56194E-02   0.56669E-02
 5156.29   0.62431E-02   0.55969E-02   0.56454E-02
 5169.90   0.62162E-02   0.55747E-02   0.56243E-02
 5183.50   0.61895E-02   0.55528E-02   0.56034E-02
 5197.11   0.61629E-02   0.55310E-02   0.55825E-02
 5210.71   0.61362E-02   0.55091E-02   0.55616E-02
 5224.32   0.61084E-02   0.54862E-02   0.55397E-02
 5237.92   0.60786E-02   0.54616E-02   0.55160E-02
 5251.53   0.60591E-02   0.54463E-02   0.55017E-02
 5265.13   0.60318E-02   0.54239E-02   0.54802E-02
 5278.74   0.60050E-02   0.54020E-02   0.54592E-02
 5292.34   0.59785E-02   0.53804E-02   0.54385E-02
 5305.95   0.59524E-02   0.53592E-02   0.54182E-02
 5319.55   0.59266E-02   0.53383E-02   0.53982E-02
 5333.16   0.59012E-02   0.53177E-02   0.53785E-02
 5346.76   0.58760E-02   0.52974E-02   0.53589E-02
 5360.37   0.58507E-02   0.52769E-02   0.53394E-02
 5373.97   0.58249E-02   0.52561E-02   0.53193E-02
 5387.58   0.58021E-02   0.52380E-02   0.53021E-02
 5401.18   0.57765E-02   0.52173E-02   0.52822E-02
 5414.79   0.57511E-02   0.51968E-02   0.52626E-02
 5428.39   0.57258E-02   0.51764E-02   0.52430E-02
 5442.00   0.57005E-02   0.51561E-02   0.52234E-02
 5455.60   0.56755E-02   0.51361E-02   0.52041E-02
 5469.21   0.56508E-02   0.51163E-02   0.51851E-02
 5482.81   0.56265E-02   0.50968E-02   0.51664E-02
 5496.42   0.56024E-02   0.50776E-02   0.51480E-02
 5510.02   0.55786E-02   0.50587E-02   0.51298E-02
 5523.63   0.55550E-02   0.50400E-02   0.51118E-02
 5537.23   0.55314E-02   0.50212E-02   0.50938E-02
 5550.84   0.55077E-02   0.50024E-02   0.50757E-02
 5564.44   0.54838E-02   0.49835E-02   0.50574E-02
 5578.05   0.54599E-02   0.49645E-02   0.50391E-02
 5591.65   0.54358E-02   0.49454E-02   0.50207E-02
 5605.26   0.54119E-02   0.49264E-02   0.50024E-02
 5618.86   0.53881E-02   0.49076E-02   0.49842E-02
 5632.47   0.53646E-02   0.48890E-02   0.49662E-02
 5646.07   0.53412E-02   0.48706E-02   0.49485E-02
 5659.68   0.53187E-02   0.48529E-02   0.49315E-02
 5673.28   0.52966E-02   0.48356E-02   0.49148E-02
 5686.89   0.52739E-02   0.48179E-02   0.48976E-02
 5700.49   0.52515E-02   0.48003E-02   0.48807E-02
 5714.10   0.52290E-02   0.47827E-02   0.48637E-02
 5727.70   0.52064E-02   0.47650E-02   0.48466E-02
 5741.31   0.51837E-02   0.47472E-02   0.48294E-02
 5754.91   0.51608E-02   0.47293E-02   0.48120E-02
 5768.52   0.51379E-02   0.47114E-02   0.47946E-02
 5782.12   0.51150E-02   0.46935E-02   0.47772E-02
 5795.73   0.50917E-02   0.46752E-02   0.47594E-02
 5809.33   0.50698E-02   0.46581E-02   0.47429E-02
 5822.94   0.50510E-02   0.46440E-02   0.47294E-02
 5836.54   0.50288E-02   0.46268E-02   0.47126E-02
 5850.15   0.50073E-02   0.46101E-02   0.46965E-02
 5863.75   0.49860E-02   0.45936E-02   0.46805E-02
 5877.36   0.49646E-02   0.45772E-02   0.46645E-02
 5890.96   0.49432E-02   0.45606E-02   0.46485E-02
 5904.57   0.49216E-02   0.45439E-02   0.46322E-02
 5918.17   0.48998E-02   0.45270E-02   0.46158E-02
 5931.78   0.48776E-02   0.45098E-02   0.45990E-02
 5945.38   0.48541E-02   0.44913E-02   0.45809E-02
 5958.99   0.48317E-02   0.44739E-02   0.45639E-02
 5972.59   0.48176E-02   0.44641E-02   0.45546E-02
 5986.20   0.47957E-02   0.44471E-02   0.45381E-02
 5999.80   0.47747E-02   0.44311E-02   0.45224E-02
 6013.41   0.47543E-02   0.44154E-02   0.45071E-02
 6027.01   0.47340E-02   0.44000E-02   0.44921E-02
 6040.62   0.47138E-02   0.43846E-02   0.44771E-02
 6054.22   0.46935E-02   0.43691E-02   0.44620E-02
 6067.83   0.46730E-02   0.43535E-02   0.44467E-02
 6081.43   0.46520E-02   0.43373E-02   0.44309E-02
 6095.04   0.46293E-02   0.43196E-02   0.44135E-02
 6108.64   0.46070E-02   0.43022E-02   0.43964E-02
 6122.25   0.45954E-02   0.42949E-02   0.43896E-02
 6135.85   0.45739E-02   0.42783E-02   0.43733E-02
 6149.46   0.45535E-02   0.42627E-02   0.43580E-02
 6163.06   0.45336E-02   0.42476E-02   0.43432E-02
 6176.67   0.45141E-02   0.42329E-02   0.43288E-02
 6190.27   0.44948E-02   0.42184E-02   0.43146E-02
 6203.88   0.44757E-02   0.42040E-02   0.43005E-02
 6217.48   0.44565E-02   0.41895E-02   0.42863E-02
 6231.09   0.44371E-02   0.41748E-02   0.42719E-02
 6244.69   0.44165E-02   0.41591E-02   0.42564E-02
 6258.30   0.43958E-02   0.41432E-02   0.42407E-02
 6271.90   0.43834E-02   0.41351E-02   0.42330E-02
 6285.51   0.43627E-02   0.41193E-02   0.42174E-02
 6299.11   0.43430E-02   0.41043E-02   0.42027E-02
 6312.72   0.43237E-02   0.40897E-02   0.41883E-02
 6326.32   0.43047E-02   0.40755E-02   0.41742E-02
 6339.93   0.42861E-02   0.40615E-02   0.41605E-02
 6353.53   0.42677E-02   0.40478E-02   0.41470E-02
 6367.14   0.42496E-02   0.40343E-02   0.41338E-02
 6380.74   0.42316E-02   0.40209E-02   0.41205E-02
 6394.35   0.42133E-02   0.40073E-02   0.41071E-02
 6407.95   0.41946E-02   0.39932E-02   0.40932E-02
 6421.56   0.41801E-02   0.39832E-02   0.40835E-02
 6435.16   0.41610E-02   0.39687E-02   0.40691E-02
 6448.77   0.41424E-02   0.39548E-02   0.40554E-02
 6462.37   0.41240E-02   0.39410E-02   0.40417E-02
 6475.98   0.41057E-02   0.39273E-02   0.40282E-02
 6489.58   0.40876E-02   0.39138E-02   0.40148E-02
 6503.19   0.40698E-02   0.39005E-02   0.40016E-02
 6516.79   0.40522E-02   0.38876E-02   0.39888E-02
 6530.40   0.40349E-02   0.38748E-02   0.39762E-02
 6544.00   0.40179E-02   0.38623E-02   0.39638E-02
 6557.61   0.40009E-02   0.38498E-02   0.39514E-02
 6571.21   0.39833E-02   0.38367E-02   0.39384E-02
 6584.82   0.39676E-02   0.38255E-02   0.39273E-02
 6598.42   0.39506E-02   0.38130E-02   0.39149E-02
 6612.03   0.39335E-02   0.38003E-02   0.39024E-02
 6625.63   0.39163E-02   0.37876E-02   0.38897E-02
 6639.24   0.38990E-02   0.37748E-02   0.38769E-02
 6652.84   0.38817E-02   0.37620E-02   0.38642E-02
 6666.45   0.38646E-02   0.37493E-02   0.38516E-02
 6680.05   0.38477E-02   0.37368E-02   0.38392E-02
 6693.66   0.38311E-02   0.37246E-02   0.38270E-02
 6707.26   0.38147E-02   0.37126E-02   0.38150E-02
 6720.87   0.37989E-02   0.37012E-02   0.38037E-02
 6734.47   0.37830E-02   0.36897E-02   0.37922E-02
 6748.08   0.37671E-02   0.36781E-02   0.37806E-02
 6761.68   0.37512E-02   0.36666E-02   0.37692E-02
 6775.29   0.37352E-02   0.36549E-02   0.37576E-02
 6788.89   0.37192E-02   0.36432E-02   0.37458E-02
 6802.50   0.37029E-02   0.36313E-02   0.37339E-02
 6816.10   0.36866E-02   0.36193E-02   0.37219E-02
 6829.71   0.36702E-02   0.36072E-02   0.37098E-02
 6843.31   0.36539E-02   0.35952E-02   0.36977E-02
 6856.92   0.36376E-02   0.35832E-02   0.36857E-02
 6870.52   0.36211E-02   0.35709E-02   0.36734E-02
 6884.13   0.36062E-02   0.35602E-02   0.36627E-02
 6897.73   0.35929E-02   0.35511E-02   0.36537E-02
 6911.34   0.35773E-02   0.35397E-02   0.36422E-02
 6924.94   0.35621E-02   0.35288E-02   0.36312E-02
 6938.55   0.35471E-02   0.35179E-02   0.36203E-02
 6952.15   0.35321E-02   0.35071E-02   0.36094E-02
 6965.76   0.35170E-02   0.34961E-02   0.35984E-02
 6979.36   0.35017E-02   0.34850E-02   0.35872E-02
 6992.97   0.34862E-02   0.34736E-02   0.35758E-02
 7006.57   0.34705E-02   0.34621E-02   0.35641E-02
 7020.18   0.34546E-02   0.34503E-02   0.35522E-02
 7033.78   0.34373E-02   0.34371E-02   0.35388E-02
 7047.39   0.34226E-02   0.34264E-02   0.35281E-02
 7060.99   0.34135E-02   0.34214E-02   0.35231E-02
 7074.60   0.33979E-02   0.34098E-02   0.35114E-02
 7088.20   0.33831E-02   0.33991E-02   0.35007E-02
 7101.81   0.33688E-02   0.33888E-02   0.34902E-02
 7115.41   0.33546E-02   0.33786E-02   0.34800E-02
 7129.02   0.33405E-02   0.33685E-02   0.34697E-02
 7142.62   0.33263E-02   0.33583E-02   0.34594E-02
 7156.23   0.33118E-02   0.33478E-02   0.34488E-02
 7169.83   0.32971E-02   0.33371E-02   0.34379E-02
 7183.44   0.32819E-02   0.33258E-02   0.34264E-02
 7197.04   0.32646E-02   0.33123E-02   0.34127E-02
 7210.65   0.32496E-02   0.33012E-02   0.34014E-02
 7224.25   0.32439E-02   0.32995E-02   0.33999E-02
 7237.86   0.32284E-02   0.32879E-02   0.33880E-02
 7251.46   0.32140E-02   0.32773E-02   0.33773E-02
 7265.07   0.32000E-02   0.32672E-02   0.33670E-02
 7278.67   0.31864E-02   0.32575E-02   0.33571E-02
 7292.28   0.31731E-02   0.32479E-02   0.33474E-02
 7305.88   0.31598E-02   0.32384E-02   0.33377E-02
 7319.49   0.31464E-02   0.32289E-02   0.33280E-02
 7333.09   0.31329E-02   0.32191E-02   0.33181E-02
 7346.70   0.31189E-02   0.32089E-02   0.33077E-02
 7360.30   0.31034E-02   0.31970E-02   0.32955E-02
 7373.91   0.30888E-02   0.31861E-02   0.32843E-02
 7387.51   0.30833E-02   0.31846E-02   0.32829E-02
 7401.12   0.30683E-02   0.31732E-02   0.32712E-02
 7414.72   0.30543E-02   0.31628E-02   0.32606E-02
 7428.33   0.30407E-02   0.31529E-02   0.32505E-02
 7441.93   0.30275E-02   0.31434E-02   0.32407E-02
 7455.54   0.30146E-02   0.31341E-02   0.32312E-02
 7469.14   0.30019E-02   0.31250E-02   0.32220E-02
 7482.75   0.29894E-02   0.31162E-02   0.32129E-02
 7496.35   0.29769E-02   0.31073E-02   0.32038E-02
 7509.96   0.29643E-02   0.30983E-02   0.31945E-02
 7523.56   0.29511E-02   0.30886E-02   0.31846E-02
 7537.17   0.29378E-02   0.30788E-02   0.31745E-02
 7550.77   0.29304E-02   0.30751E-02   0.31708E-02
 7564.38   0.29164E-02   0.30646E-02   0.31600E-02
 7577.98   0.29033E-02   0.30549E-02   0.31500E-02
 7591.59   0.28903E-02   0.30455E-02   0.31402E-02
 7605.19   0.28776E-02   0.30361E-02   0.31306E-02
 7618.80   0.28650E-02   0.30270E-02   0.31212E-02
 7632.40   0.28527E-02   0.30181E-02   0.31121E-02
 7646.01   0.28406E-02   0.30095E-02   0.31032E-02
 7659.61   0.28288E-02   0.30011E-02   0.30945E-02
 7673.22   0.28172E-02   0.29928E-02   0.30860E-02
 7686.82   0.28055E-02   0.29846E-02   0.30775E-02
 7700.43   0.27934E-02   0.29757E-02   0.30684E-02
 7714.03   0.27842E-02   0.29701E-02   0.30625E-02
 7727.64   0.27718E-02   0.29610E-02   0.30531E-02
 7741.24   0.27599E-02   0.29524E-02   0.30442E-02
 7754.85   0.27480E-02   0.29438E-02   0.30353E-02
 7768.45   0.27361E-02   0.29351E-02   0.30263E-02
 7782.06   0.27241E-02   0.29264E-02   0.30172E-02
 7795.66   0.27122E-02   0.29177E-02   0.30082E-02
 7809.27   0.27004E-02   0.29091E-02   0.29993E-02
 7822.87   0.26889E-02   0.29008E-02   0.29907E-02
 7836.48   0.26776E-02   0.28926E-02   0.29822E-02
 7850.08   0.26665E-02   0.28847E-02   0.29740E-02
 7863.69   0.26556E-02   0.28771E-02   0.29660E-02
 7877.29   0.26450E-02   0.28696E-02   0.29583E-02
 7890.90   0.26343E-02   0.28620E-02   0.29504E-02
 7904.50   0.26236E-02   0.28545E-02   0.29426E-02
 7918.11   0.26128E-02   0.28469E-02   0.29346E-02
 7931.71   0.26020E-02   0.28391E-02   0.29265E-02
 7945.32   0.25910E-02   0.28311E-02   0.29182E-02
 7958.92   0.25798E-02   0.28230E-02   0.29098E-02
 7972.53   0.25686E-02   0.28149E-02   0.29012E-02
 7986.13   0.25575E-02   0.28066E-02   0.28926E-02
 7999.74   0.25463E-02   0.27985E-02   0.28841E-02
 8013.34   0.25354E-02   0.27904E-02   0.28757E-02
 8026.95   0.25245E-02   0.27825E-02   0.28674E-02
 8040.55   0.25133E-02   0.27742E-02   0.28588E-02
 8054.16   0.25040E-02   0.27680E-02   0.28522E-02
 8067.76   0.24948E-02   0.27618E-02   0.28457E-02
 8081.37   0.24846E-02   0.27545E-02   0.28381E-02
 8094.97   0.24746E-02   0.27474E-02   0.28306E-02
 8108.58   0.24645E-02   0.27403E-02   0.28231E-02
 8122.18   0.24544E-02   0.27330E-02   0.28155E-02
 8135.79   0.24442E-02   0.27256E-02   0.28077E-02
 8149.39   0.24338E-02   0.27180E-02   0.27997E-02
 8163.00   0.24233E-02   0.27103E-02   0.27916E-02
 8176.60   0.24127E-02   0.27024E-02   0.27833E-02
 8190.21   0.24020E-02   0.26944E-02   0.27749E-02
 8203.81   0.23910E-02   0.26860E-02   0.27661E-02
 8217.42   0.23774E-02   0.26747E-02   0.27543E-02
 8231.02   0.23775E-02   0.26787E-02   0.27582E-02
 8244.63   0.23646E-02   0.26681E-02   0.27471E-02
 8258.23   0.23544E-02   0.26606E-02   0.27392E-02
 8271.84   0.23448E-02   0.26536E-02   0.27319E-02
 8285.44   0.23354E-02   0.26469E-02   0.27248E-02
 8299.05   0.23260E-02   0.26402E-02   0.27177E-02
 8312.65   0.23166E-02   0.26335E-02   0.27106E-02
 8326.26   0.23071E-02   0.26266E-02   0.27033E-02
 8339.86   0.22975E-02   0.26195E-02   0.26957E-02
 8353.47   0.22876E-02   0.26121E-02   0.26879E-02
 8367.07   0.22774E-02   0.26043E-02   0.26797E-02
 8380.68   0.22665E-02   0.25958E-02   0.26707E-02
 8394.28   0.22502E-02   0.25809E-02   0.26552E-02
 8407.89   0.22567E-02   0.25922E-02   0.26666E-02
 8421.49   0.22430E-02   0.25804E-02   0.26542E-02
 8435.10   0.22328E-02   0.25725E-02   0.26459E-02
 8448.70   0.22234E-02   0.25655E-02   0.26384E-02
 8462.31   0.22143E-02   0.25588E-02   0.26314E-02
 8475.91   0.22055E-02   0.25524E-02   0.26246E-02
 8489.52   0.21968E-02   0.25462E-02   0.26179E-02
 8503.12   0.21881E-02   0.25399E-02   0.26112E-02
 8516.73   0.21793E-02   0.25335E-02   0.26044E-02
 8530.33   0.21703E-02   0.25269E-02   0.25973E-02
 8543.94   0.21610E-02   0.25198E-02   0.25898E-02
 8557.54   0.21510E-02   0.25119E-02   0.25814E-02
 8571.15   0.21362E-02   0.24984E-02   0.25673E-02
 8584.75   0.21437E-02   0.25110E-02   0.25799E-02
 8598.36   0.21294E-02   0.24979E-02   0.25662E-02
 8611.96   0.21193E-02   0.24899E-02   0.25577E-02
 8625.57   0.21101E-02   0.24827E-02   0.25501E-02
 8639.17   0.21012E-02   0.24760E-02   0.25429E-02
 8652.78   0.20927E-02   0.24696E-02   0.25361E-02
 8666.38   0.20843E-02   0.24635E-02   0.25296E-02
 8679.99   0.20762E-02   0.24576E-02   0.25232E-02
 8693.59   0.20681E-02   0.24518E-02   0.25169E-02
 8707.20   0.20600E-02   0.24459E-02   0.25106E-02
 8720.80   0.20518E-02   0.24398E-02   0.25040E-02
 8734.41   0.20432E-02   0.24331E-02   0.24969E-02
 8748.01   0.20325E-02   0.24240E-02   0.24873E-02
 8761.62   0.20236E-02   0.24171E-02   0.24799E-02
 8775.22   0.20225E-02   0.24194E-02   0.24820E-02
 8788.83   0.20131E-02   0.24118E-02   0.24738E-02
 8802.43   0.20043E-02   0.24049E-02   0.24664E-02
 8816.04   0.19958E-02   0.23983E-02   0.24593E-02
 8829.64   0.19875E-02   0.23919E-02   0.24525E-02
 8843.25   0.19794E-02   0.23857E-02   0.24458E-02
 8856.85   0.19715E-02   0.23798E-02   0.24395E-02
 8870.46   0.19639E-02   0.23741E-02   0.24333E-02
 8884.06   0.19564E-02   0.23686E-02   0.24273E-02
 8897.67   0.19489E-02   0.23631E-02   0.24214E-02
 8911.27   0.19415E-02   0.23576E-02   0.24154E-02
 8924.88   0.19336E-02   0.23516E-02   0.24089E-02
 8938.48   0.19256E-02   0.23454E-02   0.24023E-02
 8952.09   0.19214E-02   0.23437E-02   0.24002E-02
 8965.69   0.19131E-02   0.23372E-02   0.23932E-02
 8979.30   0.19053E-02   0.23310E-02   0.23865E-02
 8992.90   0.18974E-02   0.23249E-02   0.23799E-02
 9006.51   0.18896E-02   0.23187E-02   0.23733E-02
 9020.11   0.18818E-02   0.23126E-02   0.23667E-02
 9033.72   0.18742E-02   0.23067E-02   0.23602E-02
 9047.32   0.18667E-02   0.23009E-02   0.23540E-02
 9060.93   0.18594E-02   0.22953E-02   0.23479E-02
 9074.53   0.18523E-02   0.22899E-02   0.23421E-02
 9088.14   0.18454E-02   0.22848E-02   0.23364E-02
 9101.74   0.18386E-02   0.22798E-02   0.23309E-02
 9115.35   0.18318E-02   0.22747E-02   0.23254E-02
 9128.95   0.18255E-02   0.22703E-02   0.23205E-02
 9142.56   0.18187E-02   0.22652E-02   0.23149E-02
 9156.16   0.18119E-02   0.22600E-02   0.23093E-02
 9169.77   0.18050E-02   0.22547E-02   0.23035E-02
 9183.37   0.17980E-02   0.22493E-02   0.22976E-02
 9196.98   0.17909E-02   0.22437E-02   0.22915E-02
 9210.58   0.17837E-02   0.22380E-02   0.22853E-02
 9224.19   0.17765E-02   0.22322E-02   0.22791E-02
 9237.79   0.17694E-02   0.22266E-02   0.22729E-02
 9251.40   0.17624E-02   0.22210E-02   0.22668E-02
 9265.00   0.17556E-02   0.22156E-02   0.22609E-02
 9278.61   0.17489E-02   0.22104E-02   0.22552E-02
 9292.21   0.17423E-02   0.22053E-02   0.22496E-02
 9305.82   0.17365E-02   0.22011E-02   0.22450E-02
 9319.42   0.17305E-02   0.21967E-02   0.22401E-02
 9333.03   0.17242E-02   0.21919E-02   0.22348E-02
 9346.63   0.17181E-02   0.21872E-02   0.22297E-02
 9360.24   0.17119E-02   0.21825E-02   0.22245E-02
 9373.84   0.17056E-02   0.21777E-02   0.22191E-02
 9387.45   0.16992E-02   0.21726E-02   0.22136E-02
 9401.05   0.16927E-02   0.21674E-02   0.22079E-02
 9414.66   0.16861E-02   0.21621E-02   0.22020E-02
 9428.26   0.16794E-02   0.21566E-02   0.21960E-02
 9441.87   0.16727E-02   0.21510E-02   0.21900E-02
 9455.47   0.16660E-02   0.21455E-02   0.21839E-02
 9469.08   0.16593E-02   0.21398E-02   0.21778E-02
 9482.68   0.16520E-02   0.21334E-02   0.21708E-02
 9496.29   0.16472E-02   0.21303E-02   0.21672E-02
 9509.89   0.16437E-02   0.21287E-02   0.21652E-02
 9523.50   0.16372E-02   0.21233E-02   0.21592E-02
 9537.10   0.16313E-02   0.21186E-02   0.21541E-02
 9550.71   0.16255E-02   0.21141E-02   0.21491E-02
 9564.31   0.16199E-02   0.21097E-02   0.21442E-02
 9577.92   0.16141E-02   0.21052E-02   0.21392E-02
 9591.52   0.16083E-02   0.21005E-02   0.21340E-02
 9605.13   0.16024E-02   0.20957E-02   0.21287E-02
 9618.73   0.15963E-02   0.20906E-02   0.21231E-02
 9632.34   0.15900E-02   0.20853E-02   0.21173E-02
 9645.94   0.15836E-02   0.20797E-02   0.21112E-02
 9659.55   0.15768E-02   0.20736E-02   0.21046E-02
 9673.15   0.15682E-02   0.20651E-02   0.20955E-02
 9686.76   0.15641E-02   0.20626E-02   0.20925E-02
 9700.36   0.15641E-02   0.20653E-02   0.20948E-02
 9713.97   0.15572E-02   0.20590E-02   0.20880E-02
 9727.57   0.15513E-02   0.20540E-02   0.20825E-02
 9741.18   0.15458E-02   0.20495E-02   0.20775E-02
 9754.78   0.15404E-02   0.20452E-02   0.20727E-02
 9768.39   0.15352E-02   0.20410E-02   0.20680E-02
 9781.99   0.15300E-02   0.20368E-02   0.20633E-02
 9795.60   0.15248E-02   0.20325E-02   0.20585E-02
 9809.20   0.15194E-02   0.20280E-02   0.20535E-02
 9822.81   0.15138E-02   0.20232E-02   0.20482E-02
 9836.41   0.15079E-02   0.20180E-02   0.20425E-02
 9850.02   0.15015E-02   0.20121E-02   0.20361E-02
 9863.62   0.14928E-02   0.20031E-02   0.20265E-02
 9877.23   0.14885E-02   0.20000E-02   0.20229E-02
 9890.83   0.14910E-02   0.20059E-02   0.20284E-02
 9904.44   0.14838E-02   0.19989E-02   0.20209E-02
 9918.04   0.14779E-02   0.19934E-02   0.20150E-02
 9931.65   0.14724E-02   0.19886E-02   0.20096E-02
 9945.25   0.14673E-02   0.19842E-02   0.20047E-02
 9958.86   0.14623E-02   0.19800E-02   0.20000E-02
 9972.46   0.14575E-02   0.19760E-02   0.19956E-02
 9986.07   0.14528E-02   0.19721E-02   0.19911E-02
 9999.67   0.14480E-02   0.19682E-02   0.19867E-02
