   54.42   0.18596E+00   0.18478E+00   0.12066E+00
   68.02   0.16846E+00   0.16743E+00   0.11633E+00
   81.63   0.15230E+00   0.15140E+00   0.10994E+00
   95.23   0.13755E+00   0.13675E+00   0.10266E+00
  108.84   0.12427E+00   0.12356E+00   0.95199E-01
  122.44   0.11262E+00   0.11200E+00   0.88119E-01
  136.05   0.10253E+00   0.10198E+00   0.81637E-01
  149.65   0.93742E-01   0.93240E-01   0.75743E-01
  163.26   0.86014E-01   0.85561E-01   0.70381E-01
  176.86   0.79160E-01   0.78750E-01   0.65488E-01
  190.47   0.73089E-01   0.72718E-01   0.61051E-01
  204.07   0.67706E-01   0.67369E-01   0.57042E-01
  217.68   0.62930E-01   0.62623E-01   0.53426E-01
  231.28   0.58669E-01   0.58389E-01   0.50154E-01
  244.89   0.54844E-01   0.54589E-01   0.47180E-01
  258.49   0.51383E-01   0.51149E-01   0.44457E-01
  272.10   0.48249E-01   0.48035E-01   0.41965E-01
  285.70   0.45398E-01   0.45202E-01   0.39678E-01
  299.31   0.42799E-01   0.42619E-01   0.37574E-01
  312.91   0.40441E-01   0.40276E-01   0.35653E-01
  326.52   0.38278E-01   0.38127E-01   0.33877E-01
  340.12   0.36296E-01   0.36157E-01   0.32240E-01
  353.73   0.34468E-01   0.34340E-01   0.30721E-01
  367.33   0.32775E-01   0.32658E-01   0.29306E-01
  380.94   0.31212E-01   0.31105E-01   0.27993E-01
  394.54   0.29759E-01   0.29661E-01   0.26767E-01
  408.15   0.28407E-01   0.28318E-01   0.25620E-01
  421.75   0.27156E-01   0.27075E-01   0.24556E-01
  435.36   0.25988E-01   0.25914E-01   0.23557E-01
  448.96   0.24898E-01   0.24831E-01   0.22621E-01
  462.57   0.23879E-01   0.23818E-01   0.21744E-01
  476.17   0.22921E-01   0.22866E-01   0.20917E-01
  489.78   0.22022E-01   0.21973E-01   0.20138E-01
  503.38   0.21177E-01   0.21134E-01   0.19403E-01
  516.99   0.20380E-01   0.20342E-01   0.18708E-01
  530.59   0.19628E-01   0.19594E-01   0.18051E-01
  544.20   0.18921E-01   0.18892E-01   0.17431E-01
  557.80   0.18252E-01   0.18228E-01   0.16844E-01
  571.41   0.17619E-01   0.17599E-01   0.16286E-01
  585.01   0.17022E-01   0.17005E-01   0.15759E-01
  598.62   0.16453E-01   0.16441E-01   0.15257E-01
  612.22   0.15915E-01   0.15905E-01   0.14779E-01
  625.83   0.15400E-01   0.15393E-01   0.14321E-01
  639.43   0.14915E-01   0.14912E-01   0.13890E-01
  653.04   0.14450E-01   0.14450E-01   0.13476E-01
  666.64   0.14008E-01   0.14011E-01   0.13081E-01
  680.25   0.13588E-01   0.13594E-01   0.12705E-01
  693.85   0.13184E-01   0.13193E-01   0.12343E-01
  707.46   0.12800E-01   0.12812E-01   0.11999E-01
  721.06   0.12434E-01   0.12447E-01   0.11669E-01
  734.67   0.12083E-01   0.12100E-01   0.11354E-01
  748.27   0.11747E-01   0.11766E-01   0.11051E-01
  761.88   0.11425E-01   0.11446E-01   0.10760E-01
  775.48   0.11117E-01   0.11140E-01   0.10481E-01
  789.09   0.10821E-01   0.10846E-01   0.10214E-01
  802.69   0.10537E-01   0.10564E-01   0.99562E-02
  816.30   0.10264E-01   0.10292E-01   0.97081E-02
  829.90   0.10001E-01   0.10032E-01   0.94695E-02
  843.51   0.97492E-02   0.97817E-02   0.92405E-02
  857.11   0.95068E-02   0.95411E-02   0.90198E-02
  870.72   0.92735E-02   0.93094E-02   0.88070E-02
  884.32   0.90486E-02   0.90859E-02   0.86016E-02
  897.93   0.88329E-02   0.88718E-02   0.84045E-02
  911.53   0.86241E-02   0.86643E-02   0.82134E-02
  925.14   0.84229E-02   0.84646E-02   0.80293E-02
  938.74   0.82286E-02   0.82716E-02   0.78511E-02
  952.35   0.80399E-02   0.80841E-02   0.76779E-02
  965.95   0.78601E-02   0.79055E-02   0.75127E-02
  979.56   0.76849E-02   0.77315E-02   0.73516E-02
  993.16   0.75159E-02   0.75634E-02   0.71959E-02
 1006.77   0.73521E-02   0.74006E-02   0.70449E-02
 1020.37   0.71944E-02   0.72440E-02   0.68995E-02
 1033.98   0.70410E-02   0.70915E-02   0.67579E-02
 1047.58   0.68928E-02   0.69442E-02   0.66209E-02
 1061.19   0.67494E-02   0.68017E-02   0.64884E-02
 1074.79   0.66103E-02   0.66634E-02   0.63595E-02
 1088.40   0.64759E-02   0.65298E-02   0.62351E-02
 1102.00   0.63452E-02   0.63998E-02   0.61139E-02
 1115.61   0.62184E-02   0.62738E-02   0.59963E-02
 1129.21   0.60956E-02   0.61516E-02   0.58821E-02
 1142.82   0.59764E-02   0.60331E-02   0.57714E-02
 1156.42   0.58606E-02   0.59179E-02   0.56636E-02
 1170.03   0.57480E-02   0.58059E-02   0.55588E-02
 1183.63   0.56386E-02   0.56970E-02   0.54569E-02
 1197.24   0.55323E-02   0.55913E-02   0.53578E-02
 1210.84   0.54293E-02   0.54888E-02   0.52617E-02
 1224.45   0.53290E-02   0.53891E-02   0.51682E-02
 1238.05   0.52315E-02   0.52921E-02   0.50771E-02
 1251.66   0.51365E-02   0.51976E-02   0.49883E-02
 1265.26   0.50440E-02   0.51056E-02   0.49018E-02
 1278.87   0.49546E-02   0.50165E-02   0.48180E-02
 1292.47   0.48671E-02   0.49294E-02   0.47361E-02
 1306.08   0.47819E-02   0.48447E-02   0.46563E-02
 1319.68   0.46989E-02   0.47621E-02   0.45785E-02
 1333.29   0.46178E-02   0.46814E-02   0.45024E-02
 1346.89   0.45396E-02   0.46036E-02   0.44290E-02
 1360.50   0.44623E-02   0.45267E-02   0.43565E-02
 1374.10   0.43874E-02   0.44522E-02   0.42861E-02
 1387.71   0.43144E-02   0.43795E-02   0.42174E-02
 1401.31   0.42431E-02   0.43085E-02   0.41504E-02
 1414.92   0.41732E-02   0.42390E-02   0.40846E-02
 1428.52   0.41060E-02   0.41720E-02   0.40212E-02
 1442.13   0.40397E-02   0.41061E-02   0.39588E-02
 1455.73   0.39752E-02   0.40418E-02   0.38979E-02
 1469.34   0.39122E-02   0.39791E-02   0.38385E-02
 1482.94   0.38506E-02   0.39177E-02   0.37803E-02
 1496.55   0.37908E-02   0.38581E-02   0.37238E-02
 1510.15   0.37319E-02   0.37995E-02   0.36682E-02
 1523.76   0.36744E-02   0.37422E-02   0.36139E-02
 1537.36   0.36183E-02   0.36863E-02   0.35608E-02
 1550.97   0.35635E-02   0.36317E-02   0.35089E-02
 1564.57   0.35098E-02   0.35782E-02   0.34581E-02
 1578.18   0.34576E-02   0.35261E-02   0.34086E-02
 1591.78   0.34062E-02   0.34750E-02   0.33599E-02
 1605.39   0.33560E-02   0.34249E-02   0.33123E-02
 1618.99   0.33070E-02   0.33760E-02   0.32657E-02
 1632.60   0.32590E-02   0.33282E-02   0.32201E-02
 1646.20   0.32121E-02   0.32814E-02   0.31756E-02
 1659.81   0.31662E-02   0.32356E-02   0.31320E-02
 1673.41   0.31212E-02   0.31908E-02   0.30892E-02
 1687.02   0.30771E-02   0.31468E-02   0.30473E-02
 1700.62   0.30339E-02   0.31037E-02   0.30062E-02
 1714.23   0.29916E-02   0.30615E-02   0.29659E-02
 1727.83   0.29504E-02   0.30204E-02   0.29266E-02
 1741.44   0.29100E-02   0.29800E-02   0.28881E-02
 1755.04   0.28703E-02   0.29404E-02   0.28502E-02
 1768.65   0.28314E-02   0.29015E-02   0.28131E-02
 1782.25   0.27932E-02   0.28634E-02   0.27766E-02
 1795.86   0.27556E-02   0.28258E-02   0.27407E-02
 1809.46   0.27193E-02   0.27896E-02   0.27060E-02
 1823.07   0.26834E-02   0.27537E-02   0.26716E-02
 1836.67   0.26482E-02   0.27185E-02   0.26380E-02
 1850.28   0.26137E-02   0.26840E-02   0.26049E-02
 1863.88   0.25798E-02   0.26501E-02   0.25725E-02
 1877.49   0.25463E-02   0.26167E-02   0.25404E-02
 1891.09   0.25142E-02   0.25846E-02   0.25096E-02
 1904.70   0.24820E-02   0.25524E-02   0.24788E-02
 1918.30   0.24507E-02   0.25211E-02   0.24487E-02
 1931.91   0.24199E-02   0.24903E-02   0.24192E-02
 1945.51   0.23897E-02   0.24601E-02   0.23902E-02
 1959.12   0.23600E-02   0.24303E-02   0.23616E-02
 1972.72   0.23313E-02   0.24017E-02   0.23341E-02
 1986.33   0.23025E-02   0.23728E-02   0.23063E-02
 1999.93   0.22743E-02   0.23446E-02   0.22793E-02
 2013.54   0.22468E-02   0.23170E-02   0.22528E-02
 2027.14   0.22197E-02   0.22899E-02   0.22267E-02
 2040.75   0.21931E-02   0.22633E-02   0.22011E-02
 2054.35   0.21668E-02   0.22370E-02   0.21758E-02
 2067.96   0.21414E-02   0.22115E-02   0.21513E-02
 2081.56   0.21161E-02   0.21862E-02   0.21269E-02
 2095.17   0.20912E-02   0.21613E-02   0.21030E-02
 2108.77   0.20668E-02   0.21369E-02   0.20795E-02
 2122.38   0.20429E-02   0.21129E-02   0.20564E-02
 2135.98   0.20194E-02   0.20894E-02   0.20337E-02
 2149.59   0.19963E-02   0.20663E-02   0.20114E-02
 2163.19   0.19736E-02   0.20434E-02   0.19894E-02
 2176.80   0.19512E-02   0.20210E-02   0.19678E-02
 2190.40   0.19292E-02   0.19989E-02   0.19465E-02
 2204.01   0.19075E-02   0.19772E-02   0.19255E-02
 2217.61   0.18862E-02   0.19558E-02   0.19049E-02
 2231.22   0.18653E-02   0.19349E-02   0.18847E-02
 2244.82   0.18448E-02   0.19143E-02   0.18648E-02
 2258.43   0.18246E-02   0.18940E-02   0.18452E-02
 2272.03   0.18046E-02   0.18740E-02   0.18259E-02
 2285.64   0.17850E-02   0.18543E-02   0.18068E-02
 2299.24   0.17656E-02   0.18349E-02   0.17881E-02
 2312.85   0.17466E-02   0.18158E-02   0.17696E-02
 2326.45   0.17279E-02   0.17969E-02   0.17514E-02
 2340.06   0.17096E-02   0.17786E-02   0.17337E-02
 2353.66   0.16916E-02   0.17605E-02   0.17161E-02
 2367.27   0.16738E-02   0.17426E-02   0.16988E-02
 2380.87   0.16562E-02   0.17249E-02   0.16818E-02
 2394.48   0.16389E-02   0.17075E-02   0.16649E-02
 2408.08   0.16219E-02   0.16903E-02   0.16483E-02
 2421.69   0.16051E-02   0.16734E-02   0.16319E-02
 2435.29   0.15888E-02   0.16571E-02   0.16161E-02
 2448.90   0.15725E-02   0.16407E-02   0.16002E-02
 2462.50   0.15566E-02   0.16247E-02   0.15847E-02
 2476.11   0.15408E-02   0.16088E-02   0.15693E-02
 2489.71   0.15253E-02   0.15932E-02   0.15541E-02
 2503.32   0.15099E-02   0.15777E-02   0.15391E-02
 2516.92   0.14948E-02   0.15624E-02   0.15243E-02
 2530.53   0.14802E-02   0.15477E-02   0.15101E-02
 2544.13   0.14655E-02   0.15329E-02   0.14957E-02
 2557.74   0.14512E-02   0.15184E-02   0.14816E-02
 2571.34   0.14370E-02   0.15041E-02   0.14677E-02
 2584.95   0.14230E-02   0.14900E-02   0.14540E-02
 2598.55   0.14092E-02   0.14760E-02   0.14405E-02
 2612.16   0.13955E-02   0.14621E-02   0.14270E-02
 2625.76   0.13824E-02   0.14489E-02   0.14142E-02
 2639.37   0.13691E-02   0.14355E-02   0.14011E-02
 2652.97   0.13561E-02   0.14223E-02   0.13883E-02
 2666.58   0.13433E-02   0.14093E-02   0.13757E-02
 2680.18   0.13306E-02   0.13965E-02   0.13633E-02
 2693.79   0.13182E-02   0.13839E-02   0.13510E-02
 2707.39   0.13058E-02   0.13714E-02   0.13388E-02
 2721.00   0.12939E-02   0.13594E-02   0.13271E-02
 2734.60   0.12819E-02   0.13472E-02   0.13153E-02
 2748.21   0.12700E-02   0.13352E-02   0.13036E-02
 2761.81   0.12584E-02   0.13233E-02   0.12921E-02
 2775.42   0.12469E-02   0.13117E-02   0.12807E-02
 2789.02   0.12356E-02   0.13002E-02   0.12696E-02
 2802.63   0.12245E-02   0.12889E-02   0.12586E-02
 2816.23   0.12134E-02   0.12777E-02   0.12477E-02
 2829.84   0.12026E-02   0.12668E-02   0.12370E-02
 2843.44   0.11919E-02   0.12559E-02   0.12264E-02
 2857.05   0.11813E-02   0.12451E-02   0.12159E-02
 2870.65   0.11708E-02   0.12344E-02   0.12055E-02
 2884.26   0.11605E-02   0.12239E-02   0.11953E-02
 2897.86   0.11503E-02   0.12136E-02   0.11852E-02
 2911.47   0.11403E-02   0.12034E-02   0.11753E-02
 2925.07   0.11304E-02   0.11933E-02   0.11655E-02
 2938.68   0.11206E-02   0.11834E-02   0.11558E-02
 2952.28   0.11110E-02   0.11736E-02   0.11462E-02
 2965.89   0.11015E-02   0.11639E-02   0.11368E-02
 2979.49   0.10920E-02   0.11543E-02   0.11274E-02
 2993.10   0.10827E-02   0.11448E-02   0.11181E-02
 3006.70   0.10735E-02   0.11354E-02   0.11090E-02
 3020.31   0.10644E-02   0.11261E-02   0.10999E-02
 3033.91   0.10556E-02   0.11171E-02   0.10911E-02
 3047.52   0.10468E-02   0.11081E-02   0.10824E-02
 3061.12   0.10381E-02   0.10993E-02   0.10737E-02
 3074.73   0.10295E-02   0.10905E-02   0.10651E-02
 3088.33   0.10210E-02   0.10818E-02   0.10566E-02
 3101.94   0.10125E-02   0.10731E-02   0.10482E-02
 3115.54   0.10042E-02   0.10646E-02   0.10398E-02
 3129.15   0.99586E-03   0.10561E-02   0.10315E-02
 3142.75   0.98802E-03   0.10481E-02   0.10237E-02
 3156.36   0.97998E-03   0.10399E-02   0.10157E-02
 3169.96   0.97209E-03   0.10318E-02   0.10078E-02
 3183.57   0.96430E-03   0.10238E-02   0.10000E-02
 3197.17   0.95660E-03   0.10159E-02   0.99229E-03
 3210.78   0.94896E-03   0.10081E-02   0.98463E-03
 3224.38   0.94136E-03   0.10003E-02   0.97701E-03
 3237.99   0.93376E-03   0.99247E-03   0.96937E-03
 3251.59   0.92677E-03   0.98531E-03   0.96236E-03
 3265.20   0.91943E-03   0.97777E-03   0.95499E-03
 3278.80   0.91224E-03   0.97038E-03   0.94776E-03
 3292.41   0.90516E-03   0.96310E-03   0.94065E-03
 3306.01   0.89817E-03   0.95592E-03   0.93362E-03
 3319.62   0.89124E-03   0.94880E-03   0.92665E-03
 3333.22   0.88436E-03   0.94172E-03   0.91973E-03
 3346.83   0.87747E-03   0.93464E-03   0.91279E-03
 3360.43   0.87108E-03   0.92807E-03   0.90637E-03
 3374.04   0.86435E-03   0.92115E-03   0.89959E-03
 3387.64   0.85776E-03   0.91436E-03   0.89295E-03
 3401.25   0.85128E-03   0.90768E-03   0.88641E-03
 3414.85   0.84489E-03   0.90110E-03   0.87996E-03
 3428.46   0.83858E-03   0.89461E-03   0.87360E-03
 3442.06   0.83234E-03   0.88817E-03   0.86730E-03
 3455.67   0.82610E-03   0.88172E-03   0.86098E-03
 3469.27   0.82024E-03   0.87568E-03   0.85506E-03
 3482.88   0.81410E-03   0.86933E-03   0.84885E-03
 3496.48   0.80809E-03   0.86311E-03   0.84275E-03
 3510.09   0.80215E-03   0.85697E-03   0.83673E-03
 3523.69   0.79629E-03   0.85090E-03   0.83079E-03
 3537.30   0.79051E-03   0.84493E-03   0.82493E-03
 3550.90   0.78481E-03   0.83903E-03   0.81915E-03
 3564.51   0.77918E-03   0.83320E-03   0.81343E-03
 3578.11   0.77356E-03   0.82737E-03   0.80772E-03
 3591.72   0.76813E-03   0.82175E-03   0.80221E-03
 3605.32   0.76264E-03   0.81607E-03   0.79664E-03
 3618.93   0.75721E-03   0.81044E-03   0.79112E-03
 3632.53   0.75182E-03   0.80485E-03   0.78564E-03
 3646.14   0.74649E-03   0.79933E-03   0.78022E-03
 3659.74   0.74124E-03   0.79387E-03   0.77487E-03
 3673.35   0.73605E-03   0.78849E-03   0.76959E-03
 3686.95   0.73094E-03   0.78318E-03   0.76439E-03
 3700.56   0.72590E-03   0.77795E-03   0.75925E-03
 3714.16   0.72091E-03   0.77275E-03   0.75415E-03
 3727.77   0.71596E-03   0.76760E-03   0.74909E-03
 3741.37   0.71104E-03   0.76247E-03   0.74406E-03
 3754.98   0.70615E-03   0.75738E-03   0.73907E-03
 3768.58   0.70131E-03   0.75233E-03   0.73411E-03
 3782.19   0.69651E-03   0.74733E-03   0.72920E-03
 3795.79   0.69177E-03   0.74238E-03   0.72434E-03
 3809.40   0.68710E-03   0.73752E-03   0.71957E-03
 3823.00   0.68257E-03   0.73279E-03   0.71493E-03
 3836.61   0.67800E-03   0.72802E-03   0.71025E-03
 3850.21   0.67349E-03   0.72331E-03   0.70562E-03
 3863.82   0.66902E-03   0.71864E-03   0.70104E-03
 3877.42   0.66457E-03   0.71400E-03   0.69648E-03
 3891.03   0.66015E-03   0.70938E-03   0.69194E-03
 3904.63   0.65576E-03   0.70479E-03   0.68743E-03
 3918.24   0.65137E-03   0.70020E-03   0.68292E-03
 3931.84   0.64703E-03   0.69565E-03   0.67845E-03
 3945.45   0.64307E-03   0.69151E-03   0.67438E-03
 3959.05   0.63886E-03   0.68709E-03   0.67005E-03
 3972.66   0.63474E-03   0.68277E-03   0.66580E-03
 3986.26   0.63067E-03   0.67850E-03   0.66160E-03
 3999.87   0.62663E-03   0.67425E-03   0.65743E-03
 4013.47   0.62261E-03   0.67003E-03   0.65328E-03
 4027.08   0.61861E-03   0.66582E-03   0.64914E-03
 4040.68   0.61458E-03   0.66158E-03   0.64497E-03
 4054.29   0.61051E-03   0.65728E-03   0.64076E-03
 4067.89   0.60706E-03   0.65366E-03   0.63719E-03
 4081.50   0.60317E-03   0.64956E-03   0.63316E-03
 4095.10   0.59937E-03   0.64556E-03   0.62923E-03
 4108.71   0.59563E-03   0.64162E-03   0.62536E-03
 4122.31   0.59194E-03   0.63772E-03   0.62153E-03
 4135.92   0.58828E-03   0.63386E-03   0.61773E-03
 4149.52   0.58463E-03   0.63001E-03   0.61394E-03
 4163.13   0.58096E-03   0.62613E-03   0.61013E-03
 4176.73   0.57724E-03   0.62220E-03   0.60626E-03
 4190.34   0.57408E-03   0.61886E-03   0.60298E-03
 4203.94   0.57049E-03   0.61505E-03   0.59923E-03
 4217.55   0.56698E-03   0.61133E-03   0.59558E-03
 4231.15   0.56353E-03   0.60768E-03   0.59198E-03
 4244.76   0.56014E-03   0.60407E-03   0.58844E-03
 4258.36   0.55679E-03   0.60052E-03   0.58494E-03
 4271.97   0.55348E-03   0.59699E-03   0.58147E-03
 4285.57   0.55017E-03   0.59347E-03   0.57801E-03
 4299.18   0.54685E-03   0.58993E-03   0.57453E-03
 4312.78   0.54385E-03   0.58674E-03   0.57139E-03
 4326.39   0.54055E-03   0.58323E-03   0.56793E-03
 4339.99   0.53733E-03   0.57979E-03   0.56455E-03
 4353.60   0.53414E-03   0.57639E-03   0.56121E-03
 4367.20   0.53100E-03   0.57304E-03   0.55791E-03
 4380.81   0.52790E-03   0.56973E-03   0.55466E-03
 4394.41   0.52485E-03   0.56647E-03   0.55145E-03
 4408.02   0.52183E-03   0.56324E-03   0.54828E-03
 4421.62   0.51882E-03   0.56003E-03   0.54512E-03
 4435.23   0.51597E-03   0.55698E-03   0.54211E-03
 4448.83   0.51297E-03   0.55377E-03   0.53896E-03
 4462.44   0.51002E-03   0.55061E-03   0.53585E-03
 4476.04   0.50709E-03   0.54748E-03   0.53277E-03
 4489.65   0.50419E-03   0.54436E-03   0.52970E-03
 4503.25   0.50131E-03   0.54127E-03   0.52666E-03
 4516.86   0.49848E-03   0.53822E-03   0.52366E-03
 4530.46   0.49568E-03   0.53522E-03   0.52070E-03
 4544.07   0.49293E-03   0.53225E-03   0.51779E-03
 4557.67   0.49021E-03   0.52933E-03   0.51491E-03
 4571.28   0.48751E-03   0.52642E-03   0.51205E-03
 4584.88   0.48484E-03   0.52353E-03   0.50921E-03
 4598.49   0.48217E-03   0.52066E-03   0.50638E-03
 4612.09   0.47951E-03   0.51779E-03   0.50355E-03
 4625.70   0.47686E-03   0.51493E-03   0.50074E-03
 4639.30   0.47423E-03   0.51208E-03   0.49794E-03
 4652.91   0.47161E-03   0.50926E-03   0.49516E-03
 4666.51   0.46903E-03   0.50646E-03   0.49241E-03
 4680.12   0.46646E-03   0.50369E-03   0.48968E-03
 4693.72   0.46396E-03   0.50099E-03   0.48702E-03
 4707.33   0.46155E-03   0.49837E-03   0.48445E-03
 4720.93   0.45909E-03   0.49571E-03   0.48183E-03
 4734.54   0.45665E-03   0.49307E-03   0.47923E-03
 4748.14   0.45423E-03   0.49043E-03   0.47664E-03
 4761.75   0.45181E-03   0.48781E-03   0.47406E-03
 4775.35   0.44939E-03   0.48518E-03   0.47147E-03
 4788.96   0.44699E-03   0.48257E-03   0.46890E-03
 4802.56   0.44458E-03   0.47995E-03   0.46633E-03
 4816.17   0.44213E-03   0.47728E-03   0.46370E-03
 4829.77   0.44023E-03   0.47520E-03   0.46165E-03
 4843.38   0.43777E-03   0.47252E-03   0.45902E-03
 4856.98   0.43549E-03   0.47003E-03   0.45657E-03
 4870.59   0.43325E-03   0.46759E-03   0.45416E-03
 4884.19   0.43104E-03   0.46517E-03   0.45178E-03
 4897.80   0.42883E-03   0.46276E-03   0.44941E-03
 4911.40   0.42663E-03   0.46034E-03   0.44704E-03
 4925.01   0.42442E-03   0.45793E-03   0.44466E-03
 4938.61   0.42219E-03   0.45549E-03   0.44226E-03
 4952.22   0.41981E-03   0.45289E-03   0.43971E-03
 4965.82   0.41830E-03   0.45122E-03   0.43806E-03
 4979.43   0.41595E-03   0.44865E-03   0.43553E-03
 4993.03   0.41381E-03   0.44631E-03   0.43323E-03
 5006.64   0.41173E-03   0.44402E-03   0.43098E-03
 5020.24   0.40968E-03   0.44178E-03   0.42877E-03
 5033.85   0.40765E-03   0.43955E-03   0.42658E-03
 5047.45   0.40564E-03   0.43734E-03   0.42440E-03
 5061.06   0.40362E-03   0.43512E-03   0.42222E-03
 5074.66   0.40159E-03   0.43288E-03   0.42002E-03
 5088.27   0.39941E-03   0.43048E-03   0.41767E-03
 5101.87   0.39811E-03   0.42903E-03   0.41623E-03
 5115.48   0.39586E-03   0.42656E-03   0.41380E-03
 5129.08   0.39386E-03   0.42435E-03   0.41163E-03
 5142.69   0.39192E-03   0.42220E-03   0.40952E-03
 5156.29   0.39002E-03   0.42009E-03   0.40745E-03
 5169.90   0.38814E-03   0.41802E-03   0.40541E-03
 5183.50   0.38629E-03   0.41597E-03   0.40339E-03
 5197.11   0.38446E-03   0.41393E-03   0.40139E-03
 5210.71   0.38262E-03   0.41189E-03   0.39939E-03
 5224.32   0.38071E-03   0.40979E-03   0.39732E-03
 5237.92   0.37870E-03   0.40756E-03   0.39513E-03
 5251.53   0.37733E-03   0.40603E-03   0.39362E-03
 5265.13   0.37548E-03   0.40397E-03   0.39160E-03
 5278.74   0.37367E-03   0.40196E-03   0.38962E-03
 5292.34   0.37188E-03   0.39997E-03   0.38767E-03
 5305.95   0.37012E-03   0.39802E-03   0.38575E-03
 5319.55   0.36840E-03   0.39610E-03   0.38386E-03
 5333.16   0.36670E-03   0.39420E-03   0.38200E-03
 5346.76   0.36501E-03   0.39233E-03   0.38015E-03
 5360.37   0.36333E-03   0.39045E-03   0.37831E-03
 5373.97   0.36163E-03   0.38855E-03   0.37644E-03
 5387.58   0.36012E-03   0.38686E-03   0.37478E-03
 5401.18   0.35844E-03   0.38498E-03   0.37294E-03
 5414.79   0.35678E-03   0.38312E-03   0.37111E-03
 5428.39   0.35513E-03   0.38127E-03   0.36929E-03
 5442.00   0.35349E-03   0.37943E-03   0.36749E-03
 5455.60   0.35187E-03   0.37762E-03   0.36570E-03
 5469.21   0.35028E-03   0.37583E-03   0.36394E-03
 5482.81   0.34871E-03   0.37406E-03   0.36221E-03
 5496.42   0.34716E-03   0.37232E-03   0.36051E-03
 5510.02   0.34564E-03   0.37061E-03   0.35882E-03
 5523.63   0.34413E-03   0.36891E-03   0.35715E-03
 5537.23   0.34262E-03   0.36722E-03   0.35549E-03
 5550.84   0.34112E-03   0.36552E-03   0.35382E-03
 5564.44   0.33961E-03   0.36382E-03   0.35215E-03
 5578.05   0.33809E-03   0.36212E-03   0.35048E-03
 5591.65   0.33658E-03   0.36041E-03   0.34881E-03
 5605.26   0.33508E-03   0.35872E-03   0.34715E-03
 5618.86   0.33359E-03   0.35704E-03   0.34550E-03
 5632.47   0.33212E-03   0.35538E-03   0.34388E-03
 5646.07   0.33067E-03   0.35375E-03   0.34227E-03
 5659.68   0.32927E-03   0.35217E-03   0.34072E-03
 5673.28   0.32790E-03   0.35061E-03   0.33919E-03
 5686.89   0.32650E-03   0.34903E-03   0.33764E-03
 5700.49   0.32512E-03   0.34746E-03   0.33610E-03
 5714.10   0.32374E-03   0.34590E-03   0.33457E-03
 5727.70   0.32236E-03   0.34434E-03   0.33303E-03
 5741.31   0.32098E-03   0.34276E-03   0.33149E-03
 5754.91   0.31959E-03   0.34119E-03   0.32995E-03
 5768.52   0.31821E-03   0.33961E-03   0.32840E-03
 5782.12   0.31682E-03   0.33804E-03   0.32686E-03
 5795.73   0.31542E-03   0.33645E-03   0.32530E-03
 5809.33   0.31410E-03   0.33495E-03   0.32383E-03
 5822.94   0.31298E-03   0.33366E-03   0.32256E-03
 5836.54   0.31166E-03   0.33215E-03   0.32108E-03
 5850.15   0.31037E-03   0.33068E-03   0.31965E-03
 5863.75   0.30910E-03   0.32923E-03   0.31823E-03
 5877.36   0.30784E-03   0.32779E-03   0.31681E-03
 5890.96   0.30657E-03   0.32634E-03   0.31539E-03
 5904.57   0.30530E-03   0.32489E-03   0.31397E-03
 5918.17   0.30401E-03   0.32342E-03   0.31253E-03
 5931.78   0.30270E-03   0.32193E-03   0.31107E-03
 5945.38   0.30131E-03   0.32036E-03   0.30953E-03
 5958.99   0.30000E-03   0.31886E-03   0.30807E-03
 5972.59   0.29920E-03   0.31791E-03   0.30713E-03
 5986.20   0.29793E-03   0.31646E-03   0.30571E-03
 5999.80   0.29671E-03   0.31507E-03   0.30434E-03
 6013.41   0.29553E-03   0.31371E-03   0.30301E-03
 6027.01   0.29436E-03   0.31236E-03   0.30170E-03
 6040.62   0.29320E-03   0.31103E-03   0.30039E-03
 6054.22   0.29204E-03   0.30969E-03   0.29908E-03
 6067.83   0.29087E-03   0.30834E-03   0.29776E-03
 6081.43   0.28966E-03   0.30696E-03   0.29641E-03
 6095.04   0.28836E-03   0.30547E-03   0.29495E-03
 6108.64   0.28708E-03   0.30401E-03   0.29352E-03
 6122.25   0.28647E-03   0.30326E-03   0.29278E-03
 6135.85   0.28525E-03   0.30185E-03   0.29141E-03
 6149.46   0.28409E-03   0.30052E-03   0.29011E-03
 6163.06   0.28297E-03   0.29923E-03   0.28884E-03
 6176.67   0.28187E-03   0.29796E-03   0.28760E-03
 6190.27   0.28080E-03   0.29671E-03   0.28638E-03
 6203.88   0.27973E-03   0.29548E-03   0.28517E-03
 6217.48   0.27866E-03   0.29424E-03   0.28396E-03
 6231.09   0.27757E-03   0.29299E-03   0.28274E-03
 6244.69   0.27642E-03   0.29166E-03   0.28145E-03
 6258.30   0.27526E-03   0.29033E-03   0.28014E-03
 6271.90   0.27462E-03   0.28954E-03   0.27937E-03
 6285.51   0.27347E-03   0.28822E-03   0.27808E-03
 6299.11   0.27237E-03   0.28696E-03   0.27684E-03
 6312.72   0.27131E-03   0.28572E-03   0.27564E-03
 6326.32   0.27026E-03   0.28451E-03   0.27446E-03
 6339.93   0.26925E-03   0.28333E-03   0.27330E-03
 6353.53   0.26825E-03   0.28216E-03   0.27216E-03
 6367.14   0.26726E-03   0.28102E-03   0.27104E-03
 6380.74   0.26629E-03   0.27987E-03   0.26992E-03
 6394.35   0.26529E-03   0.27872E-03   0.26879E-03
 6407.95   0.26428E-03   0.27754E-03   0.26764E-03
 6421.56   0.26354E-03   0.27664E-03   0.26676E-03
 6435.16   0.26250E-03   0.27543E-03   0.26558E-03
 6448.77   0.26150E-03   0.27426E-03   0.26444E-03
 6462.37   0.26050E-03   0.27310E-03   0.26331E-03
 6475.98   0.25952E-03   0.27196E-03   0.26219E-03
 6489.58   0.25855E-03   0.27082E-03   0.26109E-03
 6503.19   0.25760E-03   0.26971E-03   0.26000E-03
 6516.79   0.25667E-03   0.26861E-03   0.25893E-03
 6530.40   0.25575E-03   0.26754E-03   0.25788E-03
 6544.00   0.25485E-03   0.26648E-03   0.25685E-03
 6557.61   0.25396E-03   0.26542E-03   0.25582E-03
 6571.21   0.25303E-03   0.26433E-03   0.25476E-03
 6584.82   0.25222E-03   0.26337E-03   0.25382E-03
 6598.42   0.25132E-03   0.26231E-03   0.25279E-03
 6612.03   0.25043E-03   0.26126E-03   0.25176E-03
 6625.63   0.24952E-03   0.26019E-03   0.25072E-03
 6639.24   0.24861E-03   0.25912E-03   0.24968E-03
 6652.84   0.24771E-03   0.25806E-03   0.24864E-03
 6666.45   0.24682E-03   0.25701E-03   0.24762E-03
 6680.05   0.24594E-03   0.25597E-03   0.24661E-03
 6693.66   0.24508E-03   0.25495E-03   0.24561E-03
 6707.26   0.24423E-03   0.25394E-03   0.24463E-03
 6720.87   0.24343E-03   0.25298E-03   0.24370E-03
 6734.47   0.24262E-03   0.25201E-03   0.24275E-03
 6748.08   0.24181E-03   0.25104E-03   0.24181E-03
 6761.68   0.24100E-03   0.25008E-03   0.24087E-03
 6775.29   0.24019E-03   0.24911E-03   0.23992E-03
 6788.89   0.23937E-03   0.24813E-03   0.23897E-03
 6802.50   0.23854E-03   0.24714E-03   0.23801E-03
 6816.10   0.23770E-03   0.24615E-03   0.23705E-03
 6829.71   0.23687E-03   0.24515E-03   0.23608E-03
 6843.31   0.23603E-03   0.24416E-03   0.23511E-03
 6856.92   0.23520E-03   0.24317E-03   0.23415E-03
 6870.52   0.23435E-03   0.24217E-03   0.23318E-03
 6884.13   0.23361E-03   0.24127E-03   0.23231E-03
 6897.73   0.23297E-03   0.24049E-03   0.23154E-03
 6911.34   0.23218E-03   0.23954E-03   0.23062E-03
 6924.94   0.23142E-03   0.23863E-03   0.22974E-03
 6938.55   0.23067E-03   0.23773E-03   0.22886E-03
 6952.15   0.22992E-03   0.23683E-03   0.22799E-03
 6965.76   0.22916E-03   0.23592E-03   0.22710E-03
 6979.36   0.22839E-03   0.23500E-03   0.22621E-03
 6992.97   0.22761E-03   0.23407E-03   0.22531E-03
 7006.57   0.22682E-03   0.23313E-03   0.22440E-03
 7020.18   0.22601E-03   0.23217E-03   0.22346E-03
 7033.78   0.22511E-03   0.23112E-03   0.22244E-03
 7047.39   0.22438E-03   0.23024E-03   0.22159E-03
 7060.99   0.22402E-03   0.22974E-03   0.22110E-03
 7074.60   0.22323E-03   0.22880E-03   0.22019E-03
 7088.20   0.22250E-03   0.22792E-03   0.21934E-03
 7101.81   0.22180E-03   0.22707E-03   0.21851E-03
 7115.41   0.22110E-03   0.22623E-03   0.21770E-03
 7129.02   0.22041E-03   0.22539E-03   0.21689E-03
 7142.62   0.21971E-03   0.22455E-03   0.21607E-03
 7156.23   0.21900E-03   0.22369E-03   0.21524E-03
 7169.83   0.21827E-03   0.22281E-03   0.21439E-03
 7183.44   0.21750E-03   0.22190E-03   0.21351E-03
 7197.04   0.21660E-03   0.22085E-03   0.21249E-03
 7210.65   0.21584E-03   0.21995E-03   0.21162E-03
 7224.25   0.21571E-03   0.21969E-03   0.21136E-03
 7237.86   0.21492E-03   0.21876E-03   0.21046E-03
 7251.46   0.21420E-03   0.21790E-03   0.20963E-03
 7265.07   0.21352E-03   0.21708E-03   0.20883E-03
 7278.67   0.21286E-03   0.21628E-03   0.20805E-03
 7292.28   0.21221E-03   0.21549E-03   0.20729E-03
 7305.88   0.21156E-03   0.21471E-03   0.20654E-03
 7319.49   0.21092E-03   0.21393E-03   0.20578E-03
 7333.09   0.21026E-03   0.21313E-03   0.20501E-03
 7346.70   0.20957E-03   0.21230E-03   0.20421E-03
 7360.30   0.20877E-03   0.21137E-03   0.20330E-03
 7373.91   0.20803E-03   0.21050E-03   0.20246E-03
 7387.51   0.20792E-03   0.21025E-03   0.20222E-03
 7401.12   0.20715E-03   0.20935E-03   0.20135E-03
 7414.72   0.20646E-03   0.20852E-03   0.20055E-03
 7428.33   0.20579E-03   0.20772E-03   0.19978E-03
 7441.93   0.20515E-03   0.20694E-03   0.19902E-03
 7455.54   0.20453E-03   0.20618E-03   0.19829E-03
 7469.14   0.20392E-03   0.20544E-03   0.19758E-03
 7482.75   0.20333E-03   0.20471E-03   0.19687E-03
 7496.35   0.20274E-03   0.20399E-03   0.19617E-03
 7509.96   0.20213E-03   0.20325E-03   0.19546E-03
 7523.56   0.20149E-03   0.20248E-03   0.19471E-03
 7537.17   0.20083E-03   0.20169E-03   0.19395E-03
 7550.77   0.20058E-03   0.20131E-03   0.19358E-03
 7564.38   0.19988E-03   0.20048E-03   0.19278E-03
 7577.98   0.19924E-03   0.19970E-03   0.19203E-03
 7591.59   0.19860E-03   0.19894E-03   0.19130E-03
 7605.19   0.19798E-03   0.19819E-03   0.19058E-03
 7618.80   0.19737E-03   0.19745E-03   0.18987E-03
 7632.40   0.19678E-03   0.19673E-03   0.18917E-03
 7646.01   0.19621E-03   0.19603E-03   0.18850E-03
 7659.61   0.19565E-03   0.19534E-03   0.18783E-03
 7673.22   0.19510E-03   0.19467E-03   0.18718E-03
 7686.82   0.19455E-03   0.19399E-03   0.18653E-03
 7700.43   0.19396E-03   0.19328E-03   0.18585E-03
 7714.03   0.19358E-03   0.19278E-03   0.18536E-03
 7727.64   0.19298E-03   0.19205E-03   0.18466E-03
 7741.24   0.19242E-03   0.19136E-03   0.18399E-03
 7754.85   0.19185E-03   0.19066E-03   0.18332E-03
 7768.45   0.19127E-03   0.18996E-03   0.18265E-03
 7782.06   0.19070E-03   0.18926E-03   0.18197E-03
 7795.66   0.19013E-03   0.18856E-03   0.18130E-03
 7809.27   0.18956E-03   0.18788E-03   0.18064E-03
 7822.87   0.18902E-03   0.18720E-03   0.17999E-03
 7836.48   0.18848E-03   0.18654E-03   0.17936E-03
 7850.08   0.18796E-03   0.18590E-03   0.17874E-03
 7863.69   0.18746E-03   0.18527E-03   0.17814E-03
 7877.29   0.18697E-03   0.18466E-03   0.17755E-03
 7890.90   0.18647E-03   0.18404E-03   0.17695E-03
 7904.50   0.18598E-03   0.18342E-03   0.17636E-03
 7918.11   0.18548E-03   0.18280E-03   0.17576E-03
 7931.71   0.18497E-03   0.18217E-03   0.17516E-03
 7945.32   0.18445E-03   0.18153E-03   0.17454E-03
 7958.92   0.18392E-03   0.18088E-03   0.17392E-03
 7972.53   0.18338E-03   0.18022E-03   0.17329E-03
 7986.13   0.18284E-03   0.17957E-03   0.17266E-03
 7999.74   0.18231E-03   0.17892E-03   0.17203E-03
 8013.34   0.18178E-03   0.17827E-03   0.17141E-03
 8026.95   0.18127E-03   0.17764E-03   0.17080E-03
 8040.55   0.18072E-03   0.17698E-03   0.17017E-03
 8054.16   0.18032E-03   0.17645E-03   0.16967E-03
 8067.76   0.17991E-03   0.17593E-03   0.16917E-03
 8081.37   0.17944E-03   0.17534E-03   0.16860E-03
 8094.97   0.17897E-03   0.17476E-03   0.16804E-03
 8108.58   0.17851E-03   0.17418E-03   0.16749E-03
 8122.18   0.17804E-03   0.17359E-03   0.16692E-03
 8135.79   0.17755E-03   0.17299E-03   0.16635E-03
 8149.39   0.17706E-03   0.17239E-03   0.16577E-03
 8163.00   0.17656E-03   0.17177E-03   0.16518E-03
 8176.60   0.17604E-03   0.17114E-03   0.16458E-03
 8190.21   0.17552E-03   0.17051E-03   0.16397E-03
 8203.81   0.17498E-03   0.16986E-03   0.16334E-03
 8217.42   0.17424E-03   0.16902E-03   0.16254E-03
 8231.02   0.17450E-03   0.16914E-03   0.16266E-03
 8244.63   0.17382E-03   0.16835E-03   0.16190E-03
 8258.23   0.17333E-03   0.16775E-03   0.16133E-03
 8271.84   0.17288E-03   0.16719E-03   0.16080E-03
 8285.44   0.17244E-03   0.16664E-03   0.16027E-03
 8299.05   0.17201E-03   0.16610E-03   0.15975E-03
 8312.65   0.17157E-03   0.16555E-03   0.15923E-03
 8326.26   0.17112E-03   0.16500E-03   0.15870E-03
 8339.86   0.17065E-03   0.16443E-03   0.15815E-03
 8353.47   0.17017E-03   0.16384E-03   0.15759E-03
 8367.07   0.16967E-03   0.16324E-03   0.15701E-03
 8380.68   0.16911E-03   0.16258E-03   0.15638E-03
 8394.28   0.16814E-03   0.16153E-03   0.15538E-03
 8407.89   0.16888E-03   0.16211E-03   0.15595E-03
 8421.49   0.16810E-03   0.16125E-03   0.15512E-03
 8435.10   0.16759E-03   0.16064E-03   0.15454E-03
 8448.70   0.16713E-03   0.16008E-03   0.15400E-03
 8462.31   0.16670E-03   0.15955E-03   0.15349E-03
 8475.91   0.16628E-03   0.15903E-03   0.15300E-03
 8489.52   0.16587E-03   0.15852E-03   0.15251E-03
 8503.12   0.16546E-03   0.15801E-03   0.15203E-03
 8516.73   0.16505E-03   0.15749E-03   0.15153E-03
 8530.33   0.16462E-03   0.15696E-03   0.15103E-03
 8543.94   0.16416E-03   0.15641E-03   0.15050E-03
 8557.54   0.16364E-03   0.15580E-03   0.14991E-03
 8571.15   0.16276E-03   0.15484E-03   0.14900E-03
 8584.75   0.16358E-03   0.15550E-03   0.14964E-03
 8598.36   0.16273E-03   0.15458E-03   0.14876E-03
 8611.96   0.16221E-03   0.15396E-03   0.14817E-03
 8625.57   0.16174E-03   0.15340E-03   0.14764E-03
 8639.17   0.16131E-03   0.15287E-03   0.14713E-03
 8652.78   0.16089E-03   0.15237E-03   0.14665E-03
 8666.38   0.16049E-03   0.15187E-03   0.14618E-03
 8679.99   0.16010E-03   0.15139E-03   0.14572E-03
 8693.59   0.15972E-03   0.15092E-03   0.14527E-03
 8707.20   0.15934E-03   0.15044E-03   0.14481E-03
 8720.80   0.15894E-03   0.14995E-03   0.14435E-03
 8734.41   0.15850E-03   0.14942E-03   0.14385E-03
 8748.01   0.15791E-03   0.14875E-03   0.14321E-03
 8761.62   0.15746E-03   0.14821E-03   0.14270E-03
 8775.22   0.15761E-03   0.14824E-03   0.14273E-03
 8788.83   0.15711E-03   0.14766E-03   0.14218E-03
 8802.43   0.15666E-03   0.14713E-03   0.14167E-03
 8816.04   0.15622E-03   0.14661E-03   0.14117E-03
 8829.64   0.15580E-03   0.14610E-03   0.14069E-03
 8843.25   0.15540E-03   0.14561E-03   0.14023E-03
 8856.85   0.15501E-03   0.14514E-03   0.13978E-03
 8870.46   0.15464E-03   0.14468E-03   0.13934E-03
 8884.06   0.15428E-03   0.14423E-03   0.13892E-03
 8897.67   0.15393E-03   0.14379E-03   0.13850E-03
 8911.27   0.15357E-03   0.14334E-03   0.13807E-03
 8924.88   0.15317E-03   0.14286E-03   0.13762E-03
 8938.48   0.15277E-03   0.14238E-03   0.13716E-03
 8952.09   0.15266E-03   0.14216E-03   0.13696E-03
 8965.69   0.15223E-03   0.14166E-03   0.13648E-03
 8979.30   0.15183E-03   0.14117E-03   0.13602E-03
 8992.90   0.15143E-03   0.14069E-03   0.13556E-03
 9006.51   0.15103E-03   0.14021E-03   0.13510E-03
 9020.11   0.15063E-03   0.13973E-03   0.13465E-03
 9033.72   0.15025E-03   0.13926E-03   0.13420E-03
 9047.32   0.14987E-03   0.13880E-03   0.13377E-03
 9060.93   0.14950E-03   0.13836E-03   0.13335E-03
 9074.53   0.14915E-03   0.13793E-03   0.13294E-03
 9088.14   0.14881E-03   0.13751E-03   0.13254E-03
 9101.74   0.14849E-03   0.13710E-03   0.13215E-03
 9115.35   0.14816E-03   0.13668E-03   0.13176E-03
 9128.95   0.14786E-03   0.13631E-03   0.13141E-03
 9142.56   0.14753E-03   0.13589E-03   0.13102E-03
 9156.16   0.14719E-03   0.13548E-03   0.13062E-03
 9169.77   0.14684E-03   0.13506E-03   0.13022E-03
 9183.37   0.14649E-03   0.13462E-03   0.12981E-03
 9196.98   0.14612E-03   0.13418E-03   0.12939E-03
 9210.58   0.14574E-03   0.13373E-03   0.12897E-03
 9224.19   0.14537E-03   0.13328E-03   0.12854E-03
 9237.79   0.14499E-03   0.13284E-03   0.12812E-03
 9251.40   0.14463E-03   0.13240E-03   0.12771E-03
 9265.00   0.14427E-03   0.13197E-03   0.12730E-03
 9278.61   0.14393E-03   0.13156E-03   0.12691E-03
 9292.21   0.14360E-03   0.13115E-03   0.12652E-03
 9305.82   0.14332E-03   0.13079E-03   0.12619E-03
 9319.42   0.14303E-03   0.13043E-03   0.12585E-03
 9333.03   0.14272E-03   0.13004E-03   0.12548E-03
 9346.63   0.14241E-03   0.12966E-03   0.12512E-03
 9360.24   0.14210E-03   0.12927E-03   0.12476E-03
 9373.84   0.14178E-03   0.12888E-03   0.12439E-03
 9387.45   0.14145E-03   0.12848E-03   0.12401E-03
 9401.05   0.14111E-03   0.12807E-03   0.12362E-03
 9414.66   0.14076E-03   0.12765E-03   0.12322E-03
 9428.26   0.14040E-03   0.12722E-03   0.12282E-03
 9441.87   0.14003E-03   0.12679E-03   0.12242E-03
 9455.47   0.13967E-03   0.12636E-03   0.12201E-03
 9469.08   0.13930E-03   0.12593E-03   0.12160E-03
 9482.68   0.13887E-03   0.12545E-03   0.12114E-03
 9496.29   0.13866E-03   0.12516E-03   0.12087E-03
 9509.89   0.13856E-03   0.12497E-03   0.12069E-03
 9523.50   0.13820E-03   0.12455E-03   0.12030E-03
 9537.10   0.13789E-03   0.12417E-03   0.11994E-03
 9550.71   0.13759E-03   0.12381E-03   0.11960E-03
 9564.31   0.13730E-03   0.12345E-03   0.11926E-03
 9577.92   0.13700E-03   0.12308E-03   0.11892E-03
 9591.52   0.13669E-03   0.12271E-03   0.11857E-03
 9605.13   0.13637E-03   0.12233E-03   0.11821E-03
 9618.73   0.13603E-03   0.12193E-03   0.11783E-03
 9632.34   0.13568E-03   0.12152E-03   0.11745E-03
 9645.94   0.13531E-03   0.12110E-03   0.11705E-03
 9659.55   0.13491E-03   0.12064E-03   0.11662E-03
 9673.15   0.13435E-03   0.12005E-03   0.11605E-03
 9686.76   0.13418E-03   0.11980E-03   0.11582E-03
 9700.36   0.13435E-03   0.11986E-03   0.11589E-03
 9713.97   0.13393E-03   0.11940E-03   0.11545E-03
 9727.57   0.13360E-03   0.11901E-03   0.11509E-03
 9741.18   0.13330E-03   0.11865E-03   0.11475E-03
 9754.78   0.13301E-03   0.11830E-03   0.11442E-03
 9768.39   0.13274E-03   0.11796E-03   0.11410E-03
 9781.99   0.13246E-03   0.11762E-03   0.11378E-03
 9795.60   0.13217E-03   0.11727E-03   0.11346E-03
 9809.20   0.13187E-03   0.11692E-03   0.11312E-03
 9822.81   0.13156E-03   0.11654E-03   0.11277E-03
 9836.41   0.13121E-03   0.11615E-03   0.11240E-03
 9850.02   0.13082E-03   0.11571E-03   0.11199E-03
 9863.62   0.13022E-03   0.11509E-03   0.11140E-03
 9877.23   0.13002E-03   0.11482E-03   0.11115E-03
 9890.83   0.13039E-03   0.11506E-03   0.11139E-03
 9904.44   0.12993E-03   0.11457E-03   0.11092E-03
 9918.04   0.12957E-03   0.11416E-03   0.11053E-03
 9931.65   0.12925E-03   0.11379E-03   0.11019E-03
 9945.25   0.12895E-03   0.11344E-03   0.10986E-03
 9958.86   0.12867E-03   0.11311E-03   0.10955E-03
 9972.46   0.12840E-03   0.11278E-03   0.10924E-03
 9986.07   0.12813E-03   0.11246E-03   0.10895E-03
 9999.67   0.12787E-03   0.11214E-03   0.10865E-03
