   27.21   0.28151E+01   0.28019E+01   0.25399E+01
   40.81   0.44063E+01   0.43993E+01   0.41620E+01
   54.42   0.57033E+01   0.57007E+01   0.55359E+01
   68.02   0.65065E+01   0.65071E+01   0.64055E+01
   81.63   0.69023E+01   0.69045E+01   0.68503E+01
   95.23   0.70751E+01   0.70807E+01   0.70610E+01
  108.84   0.70911E+01   0.70974E+01   0.71028E+01
  122.44   0.69709E+01   0.69784E+01   0.70019E+01
  136.05   0.67694E+01   0.67792E+01   0.68157E+01
  149.65   0.65234E+01   0.65340E+01   0.65795E+01
  163.26   0.62451E+01   0.62558E+01   0.63076E+01
  176.86   0.59408E+01   0.59528E+01   0.60085E+01
  190.47   0.56224E+01   0.56358E+01   0.56936E+01
  204.07   0.53046E+01   0.53181E+01   0.53767E+01
  217.68   0.49934E+01   0.50067E+01   0.50654E+01
  231.28   0.46908E+01   0.47046E+01   0.47626E+01
  244.89   0.43975E+01   0.44121E+01   0.44689E+01
  258.49   0.41172E+01   0.41320E+01   0.41871E+01
  272.10   0.38495E+01   0.38639E+01   0.39169E+01
  285.70   0.35987E+01   0.36127E+01   0.36637E+01
  299.31   0.33618E+01   0.33760E+01   0.34248E+01
  312.91   0.31396E+01   0.31542E+01   0.32008E+01
  326.52   0.29327E+01   0.29473E+01   0.29915E+01
  340.12   0.27388E+01   0.27528E+01   0.27949E+01
  353.73   0.25583E+01   0.25717E+01   0.26115E+01
  367.33   0.23902E+01   0.24034E+01   0.24411E+01
  380.94   0.22331E+01   0.22464E+01   0.22820E+01
  394.54   0.20879E+01   0.21012E+01   0.21348E+01
  408.15   0.19542E+01   0.19672E+01   0.19989E+01
  421.75   0.18289E+01   0.18414E+01   0.18713E+01
  435.36   0.17132E+01   0.17252E+01   0.17533E+01
  448.96   0.16063E+01   0.16180E+01   0.16445E+01
  462.57   0.15053E+01   0.15169E+01   0.15418E+01
  476.17   0.14122E+01   0.14237E+01   0.14472E+01
  489.78   0.13267E+01   0.13379E+01   0.13600E+01
  503.38   0.12463E+01   0.12571E+01   0.12779E+01
  516.99   0.11723E+01   0.11826E+01   0.12021E+01
  530.59   0.11035E+01   0.11134E+01   0.11318E+01
  544.20   0.10390E+01   0.10487E+01   0.10660E+01
  557.80   0.97912E+00   0.98870E+00   0.10049E+01
  571.41   0.92315E+00   0.93262E+00   0.94787E+00
  585.01   0.87092E+00   0.88017E+00   0.89450E+00
  598.62   0.82270E+00   0.83161E+00   0.84507E+00
  612.22   0.77765E+00   0.78615E+00   0.79880E+00
  625.83   0.73553E+00   0.74367E+00   0.75555E+00
  639.43   0.69603E+00   0.70391E+00   0.71507E+00
  653.04   0.65913E+00   0.66685E+00   0.67734E+00
  666.64   0.62449E+00   0.63211E+00   0.64197E+00
  680.25   0.59200E+00   0.59950E+00   0.60875E+00
  693.85   0.56166E+00   0.56894E+00   0.57762E+00
  707.46   0.53332E+00   0.54032E+00   0.54846E+00
  721.06   0.50675E+00   0.51342E+00   0.52107E+00
  734.67   0.48172E+00   0.48810E+00   0.49527E+00
  748.27   0.45815E+00   0.46432E+00   0.47104E+00
  761.88   0.43596E+00   0.44200E+00   0.44831E+00
  775.48   0.41508E+00   0.42103E+00   0.42693E+00
  789.09   0.39533E+00   0.40118E+00   0.40671E+00
  802.69   0.37682E+00   0.38252E+00   0.38769E+00
  816.30   0.35943E+00   0.36493E+00   0.36977E+00
  829.90   0.34311E+00   0.34836E+00   0.35289E+00
  843.51   0.32760E+00   0.33261E+00   0.33684E+00
  857.11   0.31299E+00   0.31780E+00   0.32175E+00
  870.72   0.29910E+00   0.30377E+00   0.30746E+00
  884.32   0.28596E+00   0.29053E+00   0.29397E+00
  897.93   0.27342E+00   0.27791E+00   0.28111E+00
  911.53   0.26168E+00   0.26610E+00   0.26907E+00
  925.14   0.25054E+00   0.25484E+00   0.25761E+00
  938.74   0.24003E+00   0.24418E+00   0.24674E+00
  952.35   0.23020E+00   0.23417E+00   0.23654E+00
  965.95   0.22068E+00   0.22446E+00   0.22666E+00
  979.56   0.21174E+00   0.21535E+00   0.21738E+00
  993.16   0.20320E+00   0.20669E+00   0.20856E+00
 1006.77   0.19505E+00   0.19846E+00   0.20018E+00
 1020.37   0.18726E+00   0.19059E+00   0.19217E+00
 1033.98   0.17988E+00   0.18316E+00   0.18461E+00
 1047.58   0.17287E+00   0.17608E+00   0.17740E+00
 1061.19   0.16621E+00   0.16932E+00   0.17052E+00
 1074.79   0.15991E+00   0.16290E+00   0.16398E+00
 1088.40   0.15390E+00   0.15675E+00   0.15772E+00
 1102.00   0.14821E+00   0.15092E+00   0.15179E+00
 1115.61   0.14276E+00   0.14535E+00   0.14612E+00
 1129.21   0.13753E+00   0.14002E+00   0.14071E+00
 1142.82   0.13251E+00   0.13493E+00   0.13553E+00
 1156.42   0.12770E+00   0.13008E+00   0.13060E+00
 1170.03   0.12311E+00   0.12544E+00   0.12589E+00
 1183.63   0.11873E+00   0.12101E+00   0.12138E+00
 1197.24   0.11456E+00   0.11678E+00   0.11707E+00
 1210.84   0.11058E+00   0.11271E+00   0.11294E+00
 1224.45   0.10680E+00   0.10882E+00   0.10900E+00
 1238.05   0.10319E+00   0.10511E+00   0.10522E+00
 1251.66   0.99727E-01   0.10155E+00   0.10161E+00
 1265.26   0.96404E-01   0.98143E-01   0.98152E-01
 1278.87   0.93187E-01   0.94862E-01   0.94823E-01
 1292.47   0.90099E-01   0.91729E-01   0.91644E-01
 1306.08   0.87125E-01   0.88721E-01   0.88592E-01
 1319.68   0.84274E-01   0.85838E-01   0.85669E-01
 1333.29   0.81550E-01   0.83076E-01   0.82868E-01
 1346.89   0.78923E-01   0.80398E-01   0.80153E-01
 1360.50   0.76446E-01   0.77858E-01   0.77579E-01
 1374.10   0.74066E-01   0.75403E-01   0.75092E-01
 1387.71   0.71785E-01   0.73044E-01   0.72702E-01
 1401.31   0.69595E-01   0.70780E-01   0.70409E-01
 1414.92   0.67498E-01   0.68617E-01   0.68220E-01
 1428.52   0.65429E-01   0.66497E-01   0.66076E-01
 1442.13   0.63450E-01   0.64481E-01   0.64037E-01
 1455.73   0.61534E-01   0.62538E-01   0.62072E-01
 1469.34   0.59686E-01   0.60667E-01   0.60181E-01
 1482.94   0.57915E-01   0.58873E-01   0.58367E-01
 1496.55   0.56201E-01   0.57127E-01   0.56604E-01
 1510.15   0.54576E-01   0.55462E-01   0.54921E-01
 1523.76   0.53017E-01   0.53853E-01   0.53296E-01
 1537.36   0.51520E-01   0.52299E-01   0.51728E-01
 1550.97   0.50079E-01   0.50800E-01   0.50216E-01
 1564.57   0.48693E-01   0.49359E-01   0.48762E-01
 1578.18   0.47338E-01   0.47958E-01   0.47350E-01
 1591.78   0.46031E-01   0.46614E-01   0.45995E-01
 1605.39   0.44758E-01   0.45315E-01   0.44687E-01
 1618.99   0.43522E-01   0.44059E-01   0.43423E-01
 1632.60   0.42325E-01   0.42847E-01   0.42203E-01
 1646.20   0.41167E-01   0.41673E-01   0.41021E-01
 1659.81   0.40058E-01   0.40543E-01   0.39885E-01
 1673.41   0.38994E-01   0.39452E-01   0.38787E-01
 1687.02   0.37973E-01   0.38396E-01   0.37726E-01
 1700.62   0.36992E-01   0.37374E-01   0.36699E-01
 1714.23   0.36046E-01   0.36385E-01   0.35706E-01
 1727.83   0.35131E-01   0.35428E-01   0.34745E-01
 1741.44   0.34243E-01   0.34502E-01   0.33817E-01
 1755.04   0.33378E-01   0.33607E-01   0.32919E-01
 1768.65   0.32535E-01   0.32741E-01   0.32051E-01
 1782.25   0.31712E-01   0.31901E-01   0.31210E-01
 1795.86   0.30911E-01   0.31088E-01   0.30396E-01
 1809.46   0.30131E-01   0.30299E-01   0.29606E-01
 1823.07   0.29378E-01   0.29536E-01   0.28841E-01
 1836.67   0.28653E-01   0.28796E-01   0.28102E-01
 1850.28   0.27957E-01   0.28080E-01   0.27385E-01
 1863.88   0.27288E-01   0.27386E-01   0.26692E-01
 1877.49   0.26645E-01   0.26713E-01   0.26020E-01
 1891.09   0.26021E-01   0.26057E-01   0.25365E-01
 1904.70   0.25418E-01   0.25424E-01   0.24733E-01
 1918.30   0.24831E-01   0.24809E-01   0.24120E-01
 1931.91   0.24258E-01   0.24212E-01   0.23526E-01
 1945.51   0.23697E-01   0.23634E-01   0.22949E-01
 1959.12   0.23148E-01   0.23073E-01   0.22391E-01
 1972.72   0.22606E-01   0.22523E-01   0.21844E-01
 1986.33   0.22085E-01   0.21996E-01   0.21320E-01
 1999.93   0.21576E-01   0.21481E-01   0.20808E-01
 2013.54   0.21084E-01   0.20981E-01   0.20311E-01
 2027.14   0.20610E-01   0.20496E-01   0.19829E-01
 2040.75   0.20154E-01   0.20025E-01   0.19361E-01
 2054.35   0.19716E-01   0.19568E-01   0.18908E-01
 2067.96   0.19289E-01   0.19119E-01   0.18463E-01
 2081.56   0.18879E-01   0.18686E-01   0.18034E-01
 2095.17   0.18480E-01   0.18265E-01   0.17616E-01
 2108.77   0.18089E-01   0.17855E-01   0.17211E-01
 2122.38   0.17707E-01   0.17456E-01   0.16816E-01
 2135.98   0.17331E-01   0.17069E-01   0.16434E-01
 2149.59   0.16959E-01   0.16689E-01   0.16059E-01
 2163.19   0.16597E-01   0.16324E-01   0.15697E-01
 2176.80   0.16243E-01   0.15967E-01   0.15345E-01
 2190.40   0.15898E-01   0.15619E-01   0.15002E-01
 2204.01   0.15563E-01   0.15281E-01   0.14669E-01
 2217.61   0.15240E-01   0.14952E-01   0.14344E-01
 2231.22   0.14930E-01   0.14632E-01   0.14029E-01
 2244.82   0.14629E-01   0.14318E-01   0.13720E-01
 2258.43   0.14340E-01   0.14014E-01   0.13421E-01
 2272.03   0.14060E-01   0.13718E-01   0.13130E-01
 2285.64   0.13787E-01   0.13429E-01   0.12846E-01
 2299.24   0.13520E-01   0.13147E-01   0.12569E-01
 2312.85   0.13258E-01   0.12873E-01   0.12300E-01
 2326.45   0.13000E-01   0.12605E-01   0.12038E-01
 2340.06   0.12744E-01   0.12344E-01   0.11782E-01
 2353.66   0.12493E-01   0.12090E-01   0.11533E-01
 2367.27   0.12246E-01   0.11842E-01   0.11291E-01
 2380.87   0.12005E-01   0.11600E-01   0.11054E-01
 2394.48   0.11769E-01   0.11365E-01   0.10824E-01
 2408.08   0.11541E-01   0.11135E-01   0.10599E-01
 2421.69   0.11321E-01   0.10911E-01   0.10380E-01
 2435.29   0.11108E-01   0.10692E-01   0.10167E-01
 2448.90   0.10903E-01   0.10478E-01   0.99585E-02
 2462.50   0.10705E-01   0.10270E-01   0.97555E-02
 2476.11   0.10513E-01   0.10067E-01   0.95575E-02
 2489.71   0.10326E-01   0.98686E-02   0.93644E-02
 2503.32   0.10143E-01   0.96748E-02   0.91760E-02
 2516.92   0.99618E-02   0.94855E-02   0.89921E-02
 2530.53   0.97829E-02   0.93006E-02   0.88125E-02
 2544.13   0.96058E-02   0.91201E-02   0.86373E-02
 2557.74   0.94307E-02   0.89438E-02   0.84663E-02
 2571.34   0.92580E-02   0.87716E-02   0.82995E-02
 2584.95   0.90883E-02   0.86035E-02   0.81366E-02
 2598.55   0.89225E-02   0.84393E-02   0.79776E-02
 2612.16   0.87612E-02   0.82789E-02   0.78224E-02
 2625.76   0.86048E-02   0.81220E-02   0.76705E-02
 2639.37   0.84540E-02   0.79688E-02   0.75224E-02
 2652.97   0.83086E-02   0.78190E-02   0.73777E-02
 2666.58   0.81683E-02   0.76727E-02   0.72364E-02
 2680.18   0.80324E-02   0.75296E-02   0.70984E-02
 2693.79   0.79002E-02   0.73897E-02   0.69636E-02
 2707.39   0.77709E-02   0.72530E-02   0.68319E-02
 2721.00   0.76433E-02   0.71190E-02   0.67030E-02
 2734.60   0.75173E-02   0.69882E-02   0.65772E-02
 2748.21   0.73923E-02   0.68602E-02   0.64542E-02
 2761.81   0.72681E-02   0.67350E-02   0.63339E-02
 2775.42   0.71449E-02   0.66125E-02   0.62164E-02
 2789.02   0.70230E-02   0.64927E-02   0.61015E-02
 2802.63   0.69031E-02   0.63755E-02   0.59892E-02
 2816.23   0.67856E-02   0.62609E-02   0.58793E-02
 2829.84   0.66712E-02   0.61486E-02   0.57718E-02
 2843.44   0.65603E-02   0.60389E-02   0.56667E-02
 2857.05   0.64532E-02   0.59314E-02   0.55639E-02
 2870.65   0.63499E-02   0.58262E-02   0.54634E-02
 2884.26   0.62502E-02   0.57233E-02   0.53650E-02
 2897.86   0.61537E-02   0.56225E-02   0.52688E-02
 2911.47   0.60598E-02   0.55237E-02   0.51746E-02
 2925.07   0.59680E-02   0.54271E-02   0.50825E-02
 2938.68   0.58775E-02   0.53324E-02   0.49923E-02
 2952.28   0.57879E-02   0.52396E-02   0.49041E-02
 2965.89   0.56989E-02   0.51488E-02   0.48177E-02
 2979.49   0.56101E-02   0.50598E-02   0.47332E-02
 2993.10   0.55218E-02   0.49727E-02   0.46504E-02
 3006.70   0.54339E-02   0.48873E-02   0.45694E-02
 3020.31   0.53469E-02   0.48036E-02   0.44901E-02
 3033.91   0.52615E-02   0.47218E-02   0.44125E-02
 3047.52   0.51777E-02   0.46415E-02   0.43365E-02
 3061.12   0.50962E-02   0.45629E-02   0.42620E-02
 3074.73   0.50172E-02   0.44858E-02   0.41890E-02
 3088.33   0.49409E-02   0.44103E-02   0.41176E-02
 3101.94   0.48674E-02   0.43363E-02   0.40476E-02
 3115.54   0.47964E-02   0.42637E-02   0.39790E-02
 3129.15   0.47276E-02   0.41926E-02   0.39119E-02
 3142.75   0.46607E-02   0.41229E-02   0.38461E-02
 3156.36   0.45950E-02   0.40544E-02   0.37817E-02
 3169.96   0.45302E-02   0.39873E-02   0.37185E-02
 3183.57   0.44658E-02   0.39215E-02   0.36565E-02
 3197.17   0.44016E-02   0.38570E-02   0.35958E-02
 3210.78   0.43374E-02   0.37936E-02   0.35364E-02
 3224.38   0.42733E-02   0.37316E-02   0.34781E-02
 3237.99   0.42094E-02   0.36707E-02   0.34210E-02
 3251.59   0.41460E-02   0.36111E-02   0.33650E-02
 3265.20   0.40833E-02   0.35525E-02   0.33101E-02
 3278.80   0.40217E-02   0.34951E-02   0.32563E-02
 3292.41   0.39616E-02   0.34387E-02   0.32035E-02
 3306.01   0.39033E-02   0.33834E-02   0.31517E-02
 3319.62   0.38469E-02   0.33292E-02   0.31010E-02
 3333.22   0.37924E-02   0.32759E-02   0.30511E-02
 3346.83   0.37399E-02   0.32236E-02   0.30022E-02
 3360.43   0.36894E-02   0.31726E-02   0.29546E-02
 3374.04   0.36401E-02   0.31223E-02   0.29076E-02
 3387.64   0.35920E-02   0.30729E-02   0.28616E-02
 3401.25   0.35446E-02   0.30244E-02   0.28164E-02
 3414.85   0.34976E-02   0.29768E-02   0.27720E-02
 3428.46   0.34508E-02   0.29300E-02   0.27285E-02
 3442.06   0.34038E-02   0.28840E-02   0.26857E-02
 3455.67   0.33566E-02   0.28388E-02   0.26437E-02
 3469.27   0.33099E-02   0.27949E-02   0.26030E-02
 3482.88   0.32626E-02   0.27513E-02   0.25625E-02
 3496.48   0.32158E-02   0.27086E-02   0.25229E-02
 3510.09   0.31695E-02   0.26667E-02   0.24840E-02
 3523.69   0.31239E-02   0.26256E-02   0.24459E-02
 3537.30   0.30795E-02   0.25852E-02   0.24085E-02
 3550.90   0.30362E-02   0.25455E-02   0.23717E-02
 3564.51   0.29944E-02   0.25064E-02   0.23355E-02
 3578.11   0.29538E-02   0.24679E-02   0.22998E-02
 3591.72   0.29156E-02   0.24308E-02   0.22655E-02
 3605.32   0.28780E-02   0.23938E-02   0.22313E-02
 3618.93   0.28416E-02   0.23575E-02   0.21977E-02
 3632.53   0.28062E-02   0.23218E-02   0.21648E-02
 3646.14   0.27712E-02   0.22868E-02   0.21325E-02
 3659.74   0.27366E-02   0.22524E-02   0.21007E-02
 3673.35   0.27020E-02   0.22185E-02   0.20695E-02
 3686.95   0.26671E-02   0.21849E-02   0.20386E-02
 3700.56   0.26331E-02   0.21529E-02   0.20092E-02
 3714.16   0.25976E-02   0.21204E-02   0.19793E-02
 3727.77   0.25624E-02   0.20888E-02   0.19502E-02
 3741.37   0.25272E-02   0.20577E-02   0.19216E-02
 3754.98   0.24923E-02   0.20272E-02   0.18936E-02
 3768.58   0.24578E-02   0.19972E-02   0.18661E-02
 3782.19   0.24239E-02   0.19677E-02   0.18390E-02
 3795.79   0.23909E-02   0.19387E-02   0.18124E-02
 3809.40   0.23587E-02   0.19101E-02   0.17862E-02
 3823.00   0.23283E-02   0.18825E-02   0.17608E-02
 3836.61   0.22983E-02   0.18548E-02   0.17354E-02
 3850.21   0.22695E-02   0.18276E-02   0.17106E-02
 3863.82   0.22417E-02   0.18010E-02   0.16861E-02
 3877.42   0.22148E-02   0.17748E-02   0.16621E-02
 3891.03   0.21885E-02   0.17490E-02   0.16386E-02
 3904.63   0.21625E-02   0.17237E-02   0.16155E-02
 3918.24   0.21367E-02   0.16988E-02   0.15927E-02
 3931.84   0.21108E-02   0.16742E-02   0.15702E-02
 3945.45   0.20852E-02   0.16503E-02   0.15484E-02
 3959.05   0.20590E-02   0.16265E-02   0.15267E-02
 3972.66   0.20326E-02   0.16031E-02   0.15054E-02
 3986.26   0.20060E-02   0.15801E-02   0.14844E-02
 3999.87   0.19793E-02   0.15575E-02   0.14638E-02
 4013.47   0.19528E-02   0.15353E-02   0.14436E-02
 4027.08   0.19265E-02   0.15134E-02   0.14237E-02
 4040.68   0.19007E-02   0.14919E-02   0.14042E-02
 4054.29   0.18754E-02   0.14708E-02   0.13849E-02
 4067.89   0.18510E-02   0.14501E-02   0.13660E-02
 4081.50   0.18273E-02   0.14296E-02   0.13474E-02
 4095.10   0.18044E-02   0.14095E-02   0.13291E-02
 4108.71   0.17823E-02   0.13896E-02   0.13110E-02
 4122.31   0.17611E-02   0.13701E-02   0.12933E-02
 4135.92   0.17405E-02   0.13509E-02   0.12758E-02
 4149.52   0.17204E-02   0.13319E-02   0.12586E-02
 4163.13   0.17008E-02   0.13133E-02   0.12417E-02
 4176.73   0.16813E-02   0.12950E-02   0.12251E-02
 4190.34   0.16620E-02   0.12771E-02   0.12088E-02
 4203.94   0.16425E-02   0.12593E-02   0.11927E-02
 4217.55   0.16228E-02   0.12419E-02   0.11769E-02
 4231.15   0.16029E-02   0.12247E-02   0.11613E-02
 4244.76   0.15827E-02   0.12077E-02   0.11460E-02
 4258.36   0.15624E-02   0.11910E-02   0.11308E-02
 4271.97   0.15420E-02   0.11745E-02   0.11159E-02
 4285.57   0.15216E-02   0.11583E-02   0.11013E-02
 4299.18   0.15013E-02   0.11423E-02   0.10867E-02
 4312.78   0.14818E-02   0.11269E-02   0.10729E-02
 4326.39   0.14625E-02   0.11115E-02   0.10589E-02
 4339.99   0.14437E-02   0.10963E-02   0.10452E-02
 4353.60   0.14256E-02   0.10814E-02   0.10317E-02
 4367.20   0.14081E-02   0.10667E-02   0.10184E-02
 4380.81   0.13912E-02   0.10522E-02   0.10052E-02
 4394.41   0.13750E-02   0.10379E-02   0.99229E-03
 4408.02   0.13592E-02   0.10238E-02   0.97952E-03
 4421.62   0.13438E-02   0.10098E-02   0.96687E-03
 4435.23   0.13289E-02   0.99628E-03   0.95463E-03
 4448.83   0.13144E-02   0.98304E-03   0.94269E-03
 4462.44   0.12996E-02   0.96977E-03   0.93071E-03
 4476.04   0.12848E-02   0.95674E-03   0.91895E-03
 4489.65   0.12698E-02   0.94392E-03   0.90738E-03
 4503.25   0.12547E-02   0.93128E-03   0.89598E-03
 4516.86   0.12393E-02   0.91880E-03   0.88473E-03
 4530.46   0.12237E-02   0.90649E-03   0.87362E-03
 4544.07   0.12079E-02   0.89430E-03   0.86261E-03
 4557.67   0.11920E-02   0.88228E-03   0.85176E-03
 4571.28   0.11769E-02   0.87098E-03   0.84160E-03
 4584.88   0.11613E-02   0.85927E-03   0.83102E-03
 4598.49   0.11460E-02   0.84785E-03   0.82071E-03
 4612.09   0.11312E-02   0.83663E-03   0.81058E-03
 4625.70   0.11169E-02   0.82560E-03   0.80063E-03
 4639.30   0.11031E-02   0.81474E-03   0.79082E-03
 4652.91   0.10898E-02   0.80402E-03   0.78114E-03
 4666.51   0.10770E-02   0.79343E-03   0.77158E-03
 4680.12   0.10645E-02   0.78291E-03   0.76206E-03
 4693.72   0.10523E-02   0.77242E-03   0.75257E-03
 4707.33   0.10414E-02   0.76283E-03   0.74396E-03
 4720.93   0.10299E-02   0.75275E-03   0.73486E-03
 4734.54   0.10185E-02   0.74288E-03   0.72594E-03
 4748.14   0.10072E-02   0.73317E-03   0.71719E-03
 4761.75   0.99584E-03   0.72362E-03   0.70858E-03
 4775.35   0.98437E-03   0.71423E-03   0.70011E-03
 4788.96   0.97273E-03   0.70496E-03   0.69176E-03
 4802.56   0.96088E-03   0.69581E-03   0.68351E-03
 4816.17   0.94873E-03   0.68670E-03   0.67528E-03
 4829.77   0.93734E-03   0.67834E-03   0.66779E-03
 4843.38   0.92475E-03   0.66929E-03   0.65960E-03
 4856.98   0.91249E-03   0.66059E-03   0.65174E-03
 4870.59   0.90038E-03   0.65205E-03   0.64402E-03
 4884.19   0.88849E-03   0.64364E-03   0.63642E-03
 4897.80   0.87691E-03   0.63537E-03   0.62894E-03
 4911.40   0.86569E-03   0.62723E-03   0.62159E-03
 4925.01   0.85489E-03   0.61922E-03   0.61435E-03
 4938.61   0.84449E-03   0.61133E-03   0.60722E-03
 4952.22   0.83446E-03   0.60351E-03   0.60014E-03
 4965.82   0.82513E-03   0.59604E-03   0.59339E-03
 4979.43   0.81575E-03   0.58838E-03   0.58645E-03
 4993.03   0.80671E-03   0.58087E-03   0.57966E-03
 5006.64   0.79788E-03   0.57347E-03   0.57296E-03
 5020.24   0.78916E-03   0.56617E-03   0.56635E-03
 5033.85   0.78050E-03   0.55897E-03   0.55983E-03
 5047.45   0.77183E-03   0.55188E-03   0.55342E-03
 5061.06   0.76309E-03   0.54491E-03   0.54711E-03
 5074.66   0.75423E-03   0.53804E-03   0.54090E-03
 5088.27   0.74523E-03   0.53127E-03   0.53478E-03
 5101.87   0.73613E-03   0.52465E-03   0.52878E-03
 5115.48   0.72682E-03   0.51806E-03   0.52282E-03
 5129.08   0.71742E-03   0.51156E-03   0.51693E-03
 5142.69   0.70796E-03   0.50514E-03   0.51111E-03
 5156.29   0.69850E-03   0.49879E-03   0.50535E-03
 5169.90   0.68912E-03   0.49253E-03   0.49967E-03
 5183.50   0.67990E-03   0.48636E-03   0.49406E-03
 5197.11   0.67091E-03   0.48028E-03   0.48853E-03
 5210.71   0.66220E-03   0.47430E-03   0.48309E-03
 5224.32   0.65382E-03   0.46840E-03   0.47772E-03
 5237.92   0.64581E-03   0.46261E-03   0.47247E-03
 5251.53   0.63815E-03   0.45694E-03   0.46729E-03
 5265.13   0.63075E-03   0.45130E-03   0.46216E-03
 5278.74   0.62363E-03   0.44574E-03   0.45709E-03
 5292.34   0.61672E-03   0.44023E-03   0.45208E-03
 5305.95   0.60996E-03   0.43479E-03   0.44712E-03
 5319.55   0.60330E-03   0.42941E-03   0.44221E-03
 5333.16   0.59667E-03   0.42410E-03   0.43736E-03
 5346.76   0.59002E-03   0.41885E-03   0.43256E-03
 5360.37   0.58329E-03   0.41366E-03   0.42782E-03
 5373.97   0.57654E-03   0.40859E-03   0.42320E-03
 5387.58   0.56984E-03   0.40372E-03   0.41877E-03
 5401.18   0.56279E-03   0.39875E-03   0.41422E-03
 5414.79   0.55566E-03   0.39388E-03   0.40978E-03
 5428.39   0.54844E-03   0.38908E-03   0.40540E-03
 5442.00   0.54116E-03   0.38435E-03   0.40106E-03
 5455.60   0.53384E-03   0.37966E-03   0.39678E-03
 5469.21   0.52654E-03   0.37503E-03   0.39253E-03
 5482.81   0.51931E-03   0.37045E-03   0.38831E-03
 5496.42   0.51220E-03   0.36591E-03   0.38414E-03
 5510.02   0.50516E-03   0.36134E-03   0.37992E-03
 5523.63   0.49927E-03   0.35750E-03   0.37646E-03
 5537.23   0.49253E-03   0.35293E-03   0.37221E-03
 5550.84   0.48638E-03   0.34864E-03   0.36826E-03
 5564.44   0.48052E-03   0.34445E-03   0.36439E-03
 5578.05   0.47493E-03   0.34032E-03   0.36058E-03
 5591.65   0.46954E-03   0.33624E-03   0.35683E-03
 5605.26   0.46432E-03   0.33221E-03   0.35311E-03
 5618.86   0.45921E-03   0.32823E-03   0.34942E-03
 5632.47   0.45415E-03   0.32427E-03   0.34576E-03
 5646.07   0.44907E-03   0.32032E-03   0.34210E-03
 5659.68   0.44399E-03   0.31644E-03   0.33850E-03
 5673.28   0.43940E-03   0.31298E-03   0.33536E-03
 5686.89   0.43408E-03   0.30912E-03   0.33176E-03
 5700.49   0.42879E-03   0.30541E-03   0.32831E-03
 5714.10   0.42343E-03   0.30176E-03   0.32493E-03
 5727.70   0.41799E-03   0.29818E-03   0.32161E-03
 5741.31   0.41248E-03   0.29465E-03   0.31834E-03
 5754.91   0.40691E-03   0.29117E-03   0.31510E-03
 5768.52   0.40131E-03   0.28773E-03   0.31190E-03
 5782.12   0.39570E-03   0.28431E-03   0.30872E-03
 5795.73   0.39007E-03   0.28089E-03   0.30551E-03
 5809.33   0.38453E-03   0.27750E-03   0.30233E-03
 5822.94   0.37966E-03   0.27455E-03   0.29962E-03
 5836.54   0.37443E-03   0.27124E-03   0.29652E-03
 5850.15   0.36945E-03   0.26803E-03   0.29350E-03
 5863.75   0.36469E-03   0.26487E-03   0.29053E-03
 5877.36   0.36016E-03   0.26177E-03   0.28762E-03
 5890.96   0.35584E-03   0.25872E-03   0.28475E-03
 5904.57   0.35171E-03   0.25571E-03   0.28193E-03
 5918.17   0.34773E-03   0.25275E-03   0.27914E-03
 5931.78   0.34387E-03   0.24981E-03   0.27637E-03
 5945.38   0.34003E-03   0.24686E-03   0.27359E-03
 5958.99   0.33619E-03   0.24392E-03   0.27080E-03
 5972.59   0.33278E-03   0.24132E-03   0.26839E-03
 5986.20   0.32897E-03   0.23848E-03   0.26570E-03
 5999.80   0.32513E-03   0.23569E-03   0.26306E-03
 6013.41   0.32123E-03   0.23294E-03   0.26045E-03
 6027.01   0.31726E-03   0.23023E-03   0.25789E-03
 6040.62   0.31321E-03   0.22757E-03   0.25537E-03
 6054.22   0.30910E-03   0.22495E-03   0.25288E-03
 6067.83   0.30493E-03   0.22237E-03   0.25044E-03
 6081.43   0.30072E-03   0.21983E-03   0.24802E-03
 6095.04   0.29648E-03   0.21731E-03   0.24562E-03
 6108.64   0.29222E-03   0.21480E-03   0.24322E-03
 6122.25   0.28820E-03   0.21245E-03   0.24099E-03
 6135.85   0.28408E-03   0.21001E-03   0.23866E-03
 6149.46   0.28007E-03   0.20761E-03   0.23636E-03
 6163.06   0.27619E-03   0.20523E-03   0.23408E-03
 6176.67   0.27245E-03   0.20289E-03   0.23182E-03
 6190.27   0.26888E-03   0.20058E-03   0.22959E-03
 6203.88   0.26548E-03   0.19830E-03   0.22739E-03
 6217.48   0.26224E-03   0.19606E-03   0.22523E-03
 6231.09   0.25916E-03   0.19385E-03   0.22311E-03
 6244.69   0.25620E-03   0.19167E-03   0.22101E-03
 6258.30   0.25335E-03   0.18953E-03   0.21894E-03
 6271.90   0.25063E-03   0.18743E-03   0.21691E-03
 6285.51   0.24789E-03   0.18533E-03   0.21488E-03
 6299.11   0.24517E-03   0.18326E-03   0.21287E-03
 6312.72   0.24244E-03   0.18120E-03   0.21087E-03
 6326.32   0.23967E-03   0.17916E-03   0.20889E-03
 6339.93   0.23684E-03   0.17714E-03   0.20693E-03
 6353.53   0.23395E-03   0.17515E-03   0.20498E-03
 6367.14   0.23100E-03   0.17318E-03   0.20306E-03
 6380.74   0.22799E-03   0.17125E-03   0.20117E-03
 6394.35   0.22491E-03   0.16933E-03   0.19930E-03
 6407.95   0.22183E-03   0.16747E-03   0.19748E-03
 6421.56   0.21878E-03   0.16566E-03   0.19571E-03
 6435.16   0.21563E-03   0.16383E-03   0.19391E-03
 6448.77   0.21252E-03   0.16203E-03   0.19214E-03
 6462.37   0.20946E-03   0.16026E-03   0.19039E-03
 6475.98   0.20645E-03   0.15850E-03   0.18866E-03
 6489.58   0.20352E-03   0.15675E-03   0.18693E-03
 6503.19   0.20070E-03   0.15503E-03   0.18522E-03
 6516.79   0.19798E-03   0.15332E-03   0.18351E-03
 6530.40   0.19538E-03   0.15163E-03   0.18182E-03
 6544.00   0.19291E-03   0.14995E-03   0.18015E-03
 6557.61   0.19052E-03   0.14827E-03   0.17846E-03
 6571.21   0.18830E-03   0.14667E-03   0.17687E-03
 6584.82   0.18634E-03   0.14519E-03   0.17541E-03
 6598.42   0.18428E-03   0.14361E-03   0.17383E-03
 6612.03   0.18230E-03   0.14206E-03   0.17228E-03
 6625.63   0.18036E-03   0.14053E-03   0.17075E-03
 6639.24   0.17844E-03   0.13902E-03   0.16923E-03
 6652.84   0.17651E-03   0.13752E-03   0.16773E-03
 6666.45   0.17455E-03   0.13604E-03   0.16623E-03
 6680.05   0.17255E-03   0.13456E-03   0.16473E-03
 6693.66   0.17050E-03   0.13309E-03   0.16325E-03
 6707.26   0.16837E-03   0.13162E-03   0.16175E-03
 6720.87   0.16623E-03   0.13021E-03   0.16031E-03
 6734.47   0.16427E-03   0.12901E-03   0.15914E-03
 6748.08   0.16196E-03   0.12755E-03   0.15764E-03
 6761.68   0.15970E-03   0.12618E-03   0.15624E-03
 6775.29   0.15744E-03   0.12484E-03   0.15487E-03
 6788.89   0.15519E-03   0.12353E-03   0.15352E-03
 6802.50   0.15297E-03   0.12223E-03   0.15219E-03
 6816.10   0.15079E-03   0.12095E-03   0.15088E-03
 6829.71   0.14866E-03   0.11968E-03   0.14957E-03
 6843.31   0.14660E-03   0.11841E-03   0.14826E-03
 6856.92   0.14461E-03   0.11715E-03   0.14695E-03
 6870.52   0.14267E-03   0.11587E-03   0.14561E-03
 6884.13   0.14087E-03   0.11463E-03   0.14431E-03
 6897.73   0.13938E-03   0.11365E-03   0.14334E-03
 6911.34   0.13773E-03   0.11240E-03   0.14203E-03
 6924.94   0.13620E-03   0.11122E-03   0.14079E-03
 6938.55   0.13475E-03   0.11006E-03   0.13957E-03
 6952.15   0.13336E-03   0.10892E-03   0.13838E-03
 6965.76   0.13202E-03   0.10780E-03   0.13721E-03
 6979.36   0.13071E-03   0.10669E-03   0.13605E-03
 6992.97   0.12941E-03   0.10560E-03   0.13491E-03
 7006.57   0.12810E-03   0.10452E-03   0.13377E-03
 7020.18   0.12676E-03   0.10343E-03   0.13262E-03
 7033.78   0.12536E-03   0.10232E-03   0.13143E-03
 7047.39   0.12395E-03   0.10123E-03   0.13027E-03
 7060.99   0.12272E-03   0.10040E-03   0.12943E-03
 7074.60   0.12122E-03   0.99331E-04   0.12829E-03
 7088.20   0.11970E-03   0.98301E-04   0.12718E-03
 7101.81   0.11817E-03   0.97292E-04   0.12610E-03
 7115.41   0.11661E-03   0.96304E-04   0.12504E-03
 7129.02   0.11505E-03   0.95333E-04   0.12400E-03
 7142.62   0.11349E-03   0.94380E-04   0.12298E-03
 7156.23   0.11194E-03   0.93442E-04   0.12197E-03
 7169.83   0.11042E-03   0.92515E-04   0.12097E-03
 7183.44   0.10893E-03   0.91594E-04   0.11997E-03
 7197.04   0.10745E-03   0.90660E-04   0.11895E-03
 7210.65   0.10606E-03   0.89731E-04   0.11793E-03
 7224.25   0.10490E-03   0.88971E-04   0.11713E-03
 7237.86   0.10364E-03   0.88069E-04   0.11614E-03
 7251.46   0.10247E-03   0.87186E-04   0.11517E-03
 7265.07   0.10137E-03   0.86317E-04   0.11421E-03
 7278.67   0.10033E-03   0.85461E-04   0.11326E-03
 7292.28   0.99366E-04   0.84618E-04   0.11233E-03
 7305.88   0.98449E-04   0.83790E-04   0.11142E-03
 7319.49   0.97573E-04   0.82976E-04   0.11052E-03
 7333.09   0.96725E-04   0.82175E-04   0.10964E-03
 7346.70   0.95889E-04   0.81385E-04   0.10876E-03
 7360.30   0.95036E-04   0.80600E-04   0.10789E-03
 7373.91   0.94199E-04   0.79815E-04   0.10701E-03
 7387.51   0.93479E-04   0.79096E-04   0.10622E-03
 7401.12   0.92591E-04   0.78332E-04   0.10537E-03
 7414.72   0.91691E-04   0.77576E-04   0.10452E-03
 7428.33   0.90765E-04   0.76828E-04   0.10367E-03
 7441.93   0.89811E-04   0.76087E-04   0.10284E-03
 7455.54   0.88830E-04   0.75354E-04   0.10201E-03
 7469.14   0.87826E-04   0.74632E-04   0.10119E-03
 7482.75   0.86803E-04   0.73923E-04   0.10038E-03
 7496.35   0.85769E-04   0.73226E-04   0.99584E-04
 7509.96   0.84728E-04   0.72542E-04   0.98802E-04
 7523.56   0.83680E-04   0.71869E-04   0.98033E-04
 7537.17   0.82663E-04   0.71210E-04   0.97279E-04
 7550.77   0.81793E-04   0.70564E-04   0.96533E-04
 7564.38   0.80807E-04   0.69917E-04   0.95788E-04
 7577.98   0.79886E-04   0.69278E-04   0.95048E-04
 7591.59   0.79018E-04   0.68642E-04   0.94310E-04
 7605.19   0.78204E-04   0.68011E-04   0.93573E-04
 7618.80   0.77445E-04   0.67383E-04   0.92839E-04
 7632.40   0.76741E-04   0.66760E-04   0.92108E-04
 7646.01   0.76090E-04   0.66144E-04   0.91382E-04
 7659.61   0.75486E-04   0.65535E-04   0.90664E-04
 7673.22   0.74923E-04   0.64934E-04   0.89955E-04
 7686.82   0.74388E-04   0.64342E-04   0.89255E-04
 7700.43   0.73834E-04   0.63746E-04   0.88547E-04
 7714.03   0.73544E-04   0.63250E-04   0.87972E-04
 7727.64   0.73004E-04   0.62663E-04   0.87272E-04
 7741.24   0.72520E-04   0.62107E-04   0.86611E-04
 7754.85   0.72036E-04   0.61560E-04   0.85960E-04
 7768.45   0.71541E-04   0.61019E-04   0.85313E-04
 7782.06   0.71029E-04   0.60481E-04   0.84668E-04
 7795.66   0.70495E-04   0.59946E-04   0.84023E-04
 7809.27   0.69939E-04   0.59413E-04   0.83379E-04
 7822.87   0.69360E-04   0.58884E-04   0.82736E-04
 7836.48   0.68757E-04   0.58360E-04   0.82096E-04
 7850.08   0.68133E-04   0.57838E-04   0.81457E-04
 7863.69   0.67483E-04   0.57313E-04   0.80808E-04
 7877.29   0.66829E-04   0.56831E-04   0.80219E-04
 7890.90   0.66250E-04   0.56422E-04   0.79729E-04
 7904.50   0.65579E-04   0.55918E-04   0.79102E-04
 7918.11   0.64928E-04   0.55441E-04   0.78510E-04
 7931.71   0.64295E-04   0.54975E-04   0.77931E-04
 7945.32   0.63685E-04   0.54517E-04   0.77360E-04
 7958.92   0.63105E-04   0.54063E-04   0.76793E-04
 7972.53   0.62560E-04   0.53613E-04   0.76227E-04
 7986.13   0.62054E-04   0.53163E-04   0.75660E-04
 7999.74   0.61591E-04   0.52714E-04   0.75093E-04
 8013.34   0.61170E-04   0.52265E-04   0.74522E-04
 8026.95   0.60790E-04   0.51812E-04   0.73943E-04
 8040.55   0.60440E-04   0.51326E-04   0.73315E-04
 8054.16   0.60136E-04   0.50911E-04   0.72787E-04
 8067.76   0.59907E-04   0.50624E-04   0.72440E-04
 8081.37   0.59651E-04   0.50185E-04   0.71874E-04
 8094.97   0.59414E-04   0.49770E-04   0.71340E-04
 8108.58   0.59187E-04   0.49367E-04   0.70821E-04
 8122.18   0.58961E-04   0.48973E-04   0.70312E-04
 8135.79   0.58731E-04   0.48585E-04   0.69810E-04
 8149.39   0.58491E-04   0.48201E-04   0.69312E-04
 8163.00   0.58237E-04   0.47819E-04   0.68814E-04
 8176.60   0.57967E-04   0.47438E-04   0.68315E-04
 8190.21   0.57676E-04   0.47055E-04   0.67811E-04
 8203.81   0.57364E-04   0.46664E-04   0.67292E-04
 8217.42   0.57011E-04   0.46208E-04   0.66678E-04
 8231.02   0.56748E-04   0.46143E-04   0.66626E-04
 8244.63   0.56353E-04   0.45663E-04   0.65972E-04
 8258.23   0.55966E-04   0.45286E-04   0.65463E-04
 8271.84   0.55571E-04   0.44927E-04   0.64980E-04
 8285.44   0.55167E-04   0.44581E-04   0.64511E-04
 8299.05   0.54760E-04   0.44243E-04   0.64053E-04
 8312.65   0.54355E-04   0.43912E-04   0.63604E-04
 8326.26   0.53958E-04   0.43588E-04   0.63161E-04
 8339.86   0.53575E-04   0.43267E-04   0.62723E-04
 8353.47   0.53212E-04   0.42949E-04   0.62285E-04
 8367.07   0.52873E-04   0.42630E-04   0.61845E-04
 8380.68   0.52559E-04   0.42303E-04   0.61391E-04
 8394.28   0.52225E-04   0.41913E-04   0.60847E-04
 8407.89   0.52168E-04   0.41832E-04   0.60748E-04
 8421.49   0.51924E-04   0.41449E-04   0.60208E-04
 8435.10   0.51751E-04   0.41127E-04   0.59758E-04
 8448.70   0.51615E-04   0.40818E-04   0.59324E-04
 8462.31   0.51506E-04   0.40517E-04   0.58900E-04
 8475.91   0.51417E-04   0.40223E-04   0.58485E-04
 8489.52   0.51340E-04   0.39936E-04   0.58078E-04
 8503.12   0.51270E-04   0.39655E-04   0.57680E-04
 8516.73   0.51200E-04   0.39380E-04   0.57288E-04
 8530.33   0.51122E-04   0.39110E-04   0.56901E-04
 8543.94   0.51032E-04   0.38842E-04   0.56517E-04
 8557.54   0.50916E-04   0.38572E-04   0.56128E-04
 8571.15   0.50704E-04   0.38279E-04   0.55703E-04
 8584.75   0.50883E-04   0.38135E-04   0.55496E-04
 8598.36   0.50632E-04   0.37831E-04   0.55051E-04
 8611.96   0.50445E-04   0.37564E-04   0.54660E-04
 8625.57   0.50249E-04   0.37304E-04   0.54276E-04
 8639.17   0.50038E-04   0.37048E-04   0.53897E-04
 8652.78   0.49811E-04   0.36795E-04   0.53522E-04
 8666.38   0.49568E-04   0.36548E-04   0.53152E-04
 8679.99   0.49312E-04   0.36306E-04   0.52790E-04
 8693.59   0.49045E-04   0.36070E-04   0.52434E-04
 8707.20   0.48770E-04   0.35840E-04   0.52085E-04
 8720.80   0.48492E-04   0.35615E-04   0.51742E-04
 8734.41   0.48207E-04   0.35393E-04   0.51403E-04
 8748.01   0.47877E-04   0.35172E-04   0.51064E-04
 8761.62   0.47660E-04   0.34947E-04   0.50719E-04
 8775.22   0.47639E-04   0.34755E-04   0.50420E-04
 8788.83   0.47423E-04   0.34539E-04   0.50086E-04
 8802.43   0.47258E-04   0.34324E-04   0.49752E-04
 8816.04   0.47129E-04   0.34109E-04   0.49418E-04
 8829.64   0.47035E-04   0.33895E-04   0.49084E-04
 8843.25   0.46972E-04   0.33682E-04   0.48751E-04
 8856.85   0.46935E-04   0.33472E-04   0.48421E-04
 8870.46   0.46920E-04   0.33265E-04   0.48096E-04
 8884.06   0.46919E-04   0.33062E-04   0.47775E-04
 8897.67   0.46925E-04   0.32864E-04   0.47461E-04
 8911.27   0.46928E-04   0.32672E-04   0.47153E-04
 8924.88   0.46902E-04   0.32484E-04   0.46850E-04
 8938.48   0.46902E-04   0.32304E-04   0.46559E-04
 8952.09   0.47075E-04   0.32122E-04   0.46266E-04
 8965.69   0.47007E-04   0.31944E-04   0.45973E-04
 8979.30   0.46953E-04   0.31766E-04   0.45682E-04
 8992.90   0.46888E-04   0.31590E-04   0.45390E-04
 9006.51   0.46804E-04   0.31413E-04   0.45097E-04
 9020.11   0.46701E-04   0.31236E-04   0.44803E-04
 9033.72   0.46579E-04   0.31058E-04   0.44508E-04
 9047.32   0.46436E-04   0.30882E-04   0.44214E-04
 9060.93   0.46274E-04   0.30708E-04   0.43920E-04
 9074.53   0.46094E-04   0.30535E-04   0.43630E-04
 9088.14   0.45896E-04   0.30366E-04   0.43342E-04
 9101.74   0.45680E-04   0.30199E-04   0.43057E-04
 9115.35   0.45407E-04   0.30021E-04   0.42757E-04
 9128.95   0.45391E-04   0.29891E-04   0.42524E-04
 9142.56   0.45105E-04   0.29759E-04   0.42286E-04
 9156.16   0.44885E-04   0.29606E-04   0.42019E-04
 9169.77   0.44686E-04   0.29459E-04   0.41759E-04
 9183.37   0.44508E-04   0.29313E-04   0.41500E-04
 9196.98   0.44354E-04   0.29167E-04   0.41243E-04
 9210.58   0.44227E-04   0.29022E-04   0.40984E-04
 9224.19   0.44129E-04   0.28875E-04   0.40723E-04
 9237.79   0.44061E-04   0.28727E-04   0.40461E-04
 9251.40   0.44021E-04   0.28578E-04   0.40198E-04
 9265.00   0.44007E-04   0.28429E-04   0.39933E-04
 9278.61   0.44014E-04   0.28279E-04   0.39667E-04
 9292.21   0.44034E-04   0.28121E-04   0.39390E-04
 9305.82   0.44060E-04   0.27998E-04   0.39161E-04
 9319.42   0.44138E-04   0.27940E-04   0.39021E-04
 9333.03   0.44170E-04   0.27780E-04   0.38739E-04
 9346.63   0.44200E-04   0.27645E-04   0.38491E-04
 9360.24   0.44219E-04   0.27518E-04   0.38255E-04
 9373.84   0.44222E-04   0.27395E-04   0.38023E-04
 9387.45   0.44206E-04   0.27275E-04   0.37794E-04
 9401.05   0.44169E-04   0.27156E-04   0.37565E-04
 9414.66   0.44110E-04   0.27036E-04   0.37335E-04
 9428.26   0.44028E-04   0.26915E-04   0.37104E-04
 9441.87   0.43923E-04   0.26793E-04   0.36870E-04
 9455.47   0.43797E-04   0.26667E-04   0.36631E-04
 9469.08   0.43651E-04   0.26537E-04   0.36385E-04
 9482.68   0.43485E-04   0.26384E-04   0.36109E-04
 9496.29   0.43308E-04   0.26284E-04   0.35905E-04
 9509.89   0.43117E-04   0.26281E-04   0.35830E-04
 9523.50   0.42911E-04   0.26140E-04   0.35568E-04
 9537.10   0.42700E-04   0.26022E-04   0.35338E-04
 9550.71   0.42487E-04   0.25913E-04   0.35119E-04
 9564.31   0.42276E-04   0.25809E-04   0.34908E-04
 9577.92   0.42072E-04   0.25709E-04   0.34701E-04
 9591.52   0.41881E-04   0.25610E-04   0.34497E-04
 9605.13   0.41706E-04   0.25513E-04   0.34294E-04
 9618.73   0.41552E-04   0.25415E-04   0.34090E-04
 9632.34   0.41422E-04   0.25316E-04   0.33884E-04
 9645.94   0.41317E-04   0.25213E-04   0.33674E-04
 9659.55   0.41236E-04   0.25102E-04   0.33453E-04
 9673.15   0.41167E-04   0.24961E-04   0.33193E-04
 9686.76   0.41168E-04   0.24873E-04   0.33002E-04
 9700.36   0.41193E-04   0.24900E-04   0.32962E-04
 9713.97   0.41192E-04   0.24775E-04   0.32724E-04
 9727.57   0.41207E-04   0.24671E-04   0.32512E-04
 9741.18   0.41228E-04   0.24574E-04   0.32309E-04
 9754.78   0.41246E-04   0.24483E-04   0.32113E-04
 9768.39   0.41257E-04   0.24395E-04   0.31923E-04
 9781.99   0.41254E-04   0.24312E-04   0.31737E-04
 9795.60   0.41233E-04   0.24232E-04   0.31555E-04
 9809.20   0.41190E-04   0.24153E-04   0.31375E-04
 9822.81   0.41122E-04   0.24074E-04   0.31194E-04
 9836.41   0.41028E-04   0.23994E-04   0.31011E-04
 9850.02   0.40901E-04   0.23908E-04   0.30822E-04
 9863.62   0.40717E-04   0.23801E-04   0.30604E-04
 9877.23   0.40600E-04   0.23721E-04   0.30422E-04
 9890.83   0.40528E-04   0.23744E-04   0.30370E-04
 9904.44   0.40303E-04   0.23643E-04   0.30161E-04
 9918.04   0.40080E-04   0.23557E-04   0.29969E-04
 9931.65   0.39849E-04   0.23475E-04   0.29784E-04
 9945.25   0.39612E-04   0.23396E-04   0.29603E-04
 9958.86   0.39370E-04   0.23321E-04   0.29427E-04
 9972.46   0.39126E-04   0.23249E-04   0.29254E-04
 9986.07   0.38884E-04   0.23180E-04   0.29087E-04
 9999.67   0.38648E-04   0.23115E-04   0.28923E-04
