  326.52   0.79879E-01   0.80095E-01   0.74010E-01
  340.12   0.77603E-01   0.77824E-01   0.72004E-01
  353.73   0.75405E-01   0.75630E-01   0.70059E-01
  367.33   0.73286E-01   0.73515E-01   0.68179E-01
  380.94   0.71269E-01   0.71502E-01   0.66386E-01
  394.54   0.69324E-01   0.69561E-01   0.64653E-01
  408.15   0.67453E-01   0.67694E-01   0.62982E-01
  421.75   0.65680E-01   0.65924E-01   0.61395E-01
  435.36   0.63959E-01   0.64206E-01   0.59852E-01
  448.96   0.62309E-01   0.62559E-01   0.58370E-01
  462.57   0.60719E-01   0.60972E-01   0.56939E-01
  476.17   0.59179E-01   0.59434E-01   0.55549E-01
  489.78   0.57696E-01   0.57953E-01   0.54210E-01
  503.38   0.56276E-01   0.56535E-01   0.52924E-01
  516.99   0.54901E-01   0.55162E-01   0.51679E-01
  530.59   0.53571E-01   0.53834E-01   0.50471E-01
  544.20   0.52305E-01   0.52569E-01   0.49320E-01
  557.80   0.51077E-01   0.51343E-01   0.48203E-01
  571.41   0.49887E-01   0.50155E-01   0.47118E-01
  585.01   0.48746E-01   0.49015E-01   0.46077E-01
  598.62   0.47632E-01   0.47902E-01   0.45059E-01
  612.22   0.46559E-01   0.46830E-01   0.44077E-01
  625.83   0.45507E-01   0.45779E-01   0.43113E-01
  639.43   0.44516E-01   0.44789E-01   0.42205E-01
  653.04   0.43543E-01   0.43817E-01   0.41311E-01
  666.64   0.42605E-01   0.42879E-01   0.40449E-01
  680.25   0.41702E-01   0.41977E-01   0.39619E-01
  693.85   0.40817E-01   0.41092E-01   0.38803E-01
  707.46   0.39962E-01   0.40238E-01   0.38015E-01
  721.06   0.39136E-01   0.39413E-01   0.37253E-01
  734.67   0.38336E-01   0.38613E-01   0.36515E-01
  748.27   0.37557E-01   0.37834E-01   0.35794E-01
  761.88   0.36800E-01   0.37077E-01   0.35093E-01
  775.48   0.36066E-01   0.36343E-01   0.34414E-01
  789.09   0.35357E-01   0.35634E-01   0.33756E-01
  802.69   0.34667E-01   0.34944E-01   0.33117E-01
  816.30   0.33996E-01   0.34273E-01   0.32493E-01
  829.90   0.33342E-01   0.33619E-01   0.31886E-01
  843.51   0.32713E-01   0.32990E-01   0.31301E-01
  857.11   0.32099E-01   0.32376E-01   0.30730E-01
  870.72   0.31502E-01   0.31778E-01   0.30173E-01
  884.32   0.30918E-01   0.31194E-01   0.29629E-01
  897.93   0.30356E-01   0.30632E-01   0.29106E-01
  911.53   0.29803E-01   0.30078E-01   0.28589E-01
  925.14   0.29267E-01   0.29542E-01   0.28089E-01
  938.74   0.28744E-01   0.29019E-01   0.27601E-01
  952.35   0.28229E-01   0.28503E-01   0.27118E-01
  965.95   0.27742E-01   0.28016E-01   0.26663E-01
  979.56   0.27259E-01   0.27533E-01   0.26211E-01
  993.16   0.26791E-01   0.27064E-01   0.25772E-01
 1006.77   0.26333E-01   0.26605E-01   0.25343E-01
 1020.37   0.25890E-01   0.26162E-01   0.24928E-01
 1033.98   0.25453E-01   0.25725E-01   0.24518E-01
 1047.58   0.25029E-01   0.25300E-01   0.24120E-01
 1061.19   0.24616E-01   0.24886E-01   0.23732E-01
 1074.79   0.24212E-01   0.24481E-01   0.23352E-01
 1088.40   0.23820E-01   0.24088E-01   0.22983E-01
 1102.00   0.23434E-01   0.23702E-01   0.22620E-01
 1115.61   0.23058E-01   0.23325E-01   0.22266E-01
 1129.21   0.22691E-01   0.22958E-01   0.21921E-01
 1142.82   0.22334E-01   0.22600E-01   0.21585E-01
 1156.42   0.21986E-01   0.22251E-01   0.21256E-01
 1170.03   0.21644E-01   0.21908E-01   0.20933E-01
 1183.63   0.21310E-01   0.21573E-01   0.20618E-01
 1197.24   0.20983E-01   0.21246E-01   0.20310E-01
 1210.84   0.20666E-01   0.20929E-01   0.20011E-01
 1224.45   0.20355E-01   0.20617E-01   0.19717E-01
 1238.05   0.20051E-01   0.20312E-01   0.19429E-01
 1251.66   0.19753E-01   0.20013E-01   0.19147E-01
 1265.26   0.19460E-01   0.19719E-01   0.18870E-01
 1278.87   0.19178E-01   0.19436E-01   0.18603E-01
 1292.47   0.18898E-01   0.19155E-01   0.18338E-01
 1306.08   0.18626E-01   0.18882E-01   0.18080E-01
 1319.68   0.18359E-01   0.18614E-01   0.17827E-01
 1333.29   0.18096E-01   0.18351E-01   0.17578E-01
 1346.89   0.17844E-01   0.18098E-01   0.17339E-01
 1360.50   0.17591E-01   0.17844E-01   0.17099E-01
 1374.10   0.17346E-01   0.17598E-01   0.16866E-01
 1387.71   0.17106E-01   0.17357E-01   0.16638E-01
 1401.31   0.16871E-01   0.17121E-01   0.16414E-01
 1414.92   0.16638E-01   0.16887E-01   0.16193E-01
 1428.52   0.16416E-01   0.16664E-01   0.15982E-01
 1442.13   0.16194E-01   0.16441E-01   0.15770E-01
 1455.73   0.15977E-01   0.16223E-01   0.15564E-01
 1469.34   0.15764E-01   0.16010E-01   0.15362E-01
 1482.94   0.15555E-01   0.15800E-01   0.15163E-01
 1496.55   0.15353E-01   0.15596E-01   0.14970E-01
 1510.15   0.15151E-01   0.15394E-01   0.14778E-01
 1523.76   0.14954E-01   0.15196E-01   0.14590E-01
 1537.36   0.14761E-01   0.15002E-01   0.14406E-01
 1550.97   0.14573E-01   0.14813E-01   0.14226E-01
 1564.57   0.14387E-01   0.14626E-01   0.14049E-01
 1578.18   0.14206E-01   0.14444E-01   0.13876E-01
 1591.78   0.14027E-01   0.14265E-01   0.13706E-01
 1605.39   0.13852E-01   0.14088E-01   0.13538E-01
 1618.99   0.13679E-01   0.13915E-01   0.13373E-01
 1632.60   0.13511E-01   0.13745E-01   0.13212E-01
 1646.20   0.13345E-01   0.13579E-01   0.13054E-01
 1659.81   0.13183E-01   0.13415E-01   0.12898E-01
 1673.41   0.13023E-01   0.13255E-01   0.12745E-01
 1687.02   0.12866E-01   0.13096E-01   0.12595E-01
 1700.62   0.12711E-01   0.12941E-01   0.12447E-01
 1714.23   0.12559E-01   0.12788E-01   0.12301E-01
 1727.83   0.12411E-01   0.12639E-01   0.12160E-01
 1741.44   0.12265E-01   0.12492E-01   0.12020E-01
 1755.04   0.12122E-01   0.12348E-01   0.11882E-01
 1768.65   0.11981E-01   0.12206E-01   0.11747E-01
 1782.25   0.11841E-01   0.12065E-01   0.11613E-01
 1795.86   0.11703E-01   0.11927E-01   0.11481E-01
 1809.46   0.11572E-01   0.11794E-01   0.11355E-01
 1823.07   0.11440E-01   0.11661E-01   0.11228E-01
 1836.67   0.11311E-01   0.11531E-01   0.11104E-01
 1850.28   0.11183E-01   0.11403E-01   0.10982E-01
 1863.88   0.11058E-01   0.11276E-01   0.10861E-01
 1877.49   0.10933E-01   0.11151E-01   0.10742E-01
 1891.09   0.10815E-01   0.11032E-01   0.10628E-01
 1904.70   0.10695E-01   0.10910E-01   0.10512E-01
 1918.30   0.10577E-01   0.10792E-01   0.10399E-01
 1931.91   0.10462E-01   0.10676E-01   0.10288E-01
 1945.51   0.10349E-01   0.10562E-01   0.10179E-01
 1959.12   0.10237E-01   0.10449E-01   0.10071E-01
 1972.72   0.10129E-01   0.10340E-01   0.99679E-02
 1986.33   0.10020E-01   0.10230E-01   0.98622E-02
 1999.93   0.99128E-02   0.10122E-01   0.97593E-02
 2013.54   0.98080E-02   0.10016E-01   0.96583E-02
 2027.14   0.97051E-02   0.99122E-02   0.95590E-02
 2040.75   0.96038E-02   0.98100E-02   0.94614E-02
 2054.35   0.95033E-02   0.97086E-02   0.93644E-02
 2067.96   0.94063E-02   0.96107E-02   0.92709E-02
 2081.56   0.93092E-02   0.95126E-02   0.91771E-02
 2095.17   0.92135E-02   0.94161E-02   0.90848E-02
 2108.77   0.91194E-02   0.93211E-02   0.89939E-02
 2122.38   0.90270E-02   0.92277E-02   0.89047E-02
 2135.98   0.89361E-02   0.91359E-02   0.88169E-02
 2149.59   0.88467E-02   0.90456E-02   0.87305E-02
 2163.19   0.87584E-02   0.89563E-02   0.86451E-02
 2176.80   0.86711E-02   0.88682E-02   0.85607E-02
 2190.40   0.85850E-02   0.87812E-02   0.84775E-02
 2204.01   0.85002E-02   0.86955E-02   0.83954E-02
 2217.61   0.84168E-02   0.86111E-02   0.83147E-02
 2231.22   0.83348E-02   0.85282E-02   0.82353E-02
 2244.82   0.82542E-02   0.84467E-02   0.81573E-02
 2258.43   0.81746E-02   0.83663E-02   0.80802E-02
 2272.03   0.80960E-02   0.82868E-02   0.80041E-02
 2285.64   0.80184E-02   0.82083E-02   0.79289E-02
 2299.24   0.79417E-02   0.81307E-02   0.78546E-02
 2312.85   0.78660E-02   0.80541E-02   0.77812E-02
 2326.45   0.77910E-02   0.79782E-02   0.77085E-02
 2340.06   0.77192E-02   0.79056E-02   0.76389E-02
 2353.66   0.76471E-02   0.78326E-02   0.75690E-02
 2367.27   0.75760E-02   0.77607E-02   0.75000E-02
 2380.87   0.75058E-02   0.76896E-02   0.74319E-02
 2394.48   0.74363E-02   0.76192E-02   0.73644E-02
 2408.08   0.73674E-02   0.75494E-02   0.72975E-02
 2421.69   0.72995E-02   0.74806E-02   0.72315E-02
 2435.29   0.72345E-02   0.74147E-02   0.71684E-02
 2448.90   0.71687E-02   0.73481E-02   0.71045E-02
 2462.50   0.71041E-02   0.72827E-02   0.70417E-02
 2476.11   0.70404E-02   0.72181E-02   0.69798E-02
 2489.71   0.69774E-02   0.71542E-02   0.69185E-02
 2503.32   0.69147E-02   0.70907E-02   0.68576E-02
 2516.92   0.68527E-02   0.70278E-02   0.67972E-02
 2530.53   0.67938E-02   0.69682E-02   0.67400E-02
 2544.13   0.67337E-02   0.69072E-02   0.66815E-02
 2557.74   0.66747E-02   0.68474E-02   0.66240E-02
 2571.34   0.66167E-02   0.67885E-02   0.65675E-02
 2584.95   0.65594E-02   0.67304E-02   0.65117E-02
 2598.55   0.65026E-02   0.66728E-02   0.64564E-02
 2612.16   0.64457E-02   0.66150E-02   0.64009E-02
 2625.76   0.63922E-02   0.65608E-02   0.63489E-02
 2639.37   0.63372E-02   0.65049E-02   0.62952E-02
 2652.97   0.62831E-02   0.64500E-02   0.62425E-02
 2666.58   0.62298E-02   0.63959E-02   0.61905E-02
 2680.18   0.61774E-02   0.63427E-02   0.61394E-02
 2693.79   0.61257E-02   0.62902E-02   0.60889E-02
 2707.39   0.60743E-02   0.62380E-02   0.60388E-02
 2721.00   0.60246E-02   0.61876E-02   0.59904E-02
 2734.60   0.59744E-02   0.61365E-02   0.59413E-02
 2748.21   0.59248E-02   0.60861E-02   0.58929E-02
 2761.81   0.58759E-02   0.60364E-02   0.58451E-02
 2775.42   0.58276E-02   0.59874E-02   0.57980E-02
 2789.02   0.57801E-02   0.59391E-02   0.57515E-02
 2802.63   0.57333E-02   0.58915E-02   0.57058E-02
 2816.23   0.56870E-02   0.58444E-02   0.56605E-02
 2829.84   0.56414E-02   0.57981E-02   0.56160E-02
 2843.44   0.55962E-02   0.57521E-02   0.55717E-02
 2857.05   0.55513E-02   0.57064E-02   0.55279E-02
 2870.65   0.55069E-02   0.56613E-02   0.54844E-02
 2884.26   0.54631E-02   0.56167E-02   0.54415E-02
 2897.86   0.54198E-02   0.55726E-02   0.53992E-02
 2911.47   0.53771E-02   0.55292E-02   0.53574E-02
 2925.07   0.53353E-02   0.54867E-02   0.53165E-02
 2938.68   0.52937E-02   0.54444E-02   0.52758E-02
 2952.28   0.52526E-02   0.54025E-02   0.52355E-02
 2965.89   0.52119E-02   0.53610E-02   0.51956E-02
 2979.49   0.51715E-02   0.53199E-02   0.51560E-02
 2993.10   0.51315E-02   0.52791E-02   0.51168E-02
 3006.70   0.50919E-02   0.52388E-02   0.50780E-02
 3020.31   0.50528E-02   0.51990E-02   0.50396E-02
 3033.91   0.50151E-02   0.51606E-02   0.50027E-02
 3047.52   0.49770E-02   0.51218E-02   0.49654E-02
 3061.12   0.49395E-02   0.50836E-02   0.49286E-02
 3074.73   0.49024E-02   0.50458E-02   0.48922E-02
 3088.33   0.48657E-02   0.50083E-02   0.48561E-02
 3101.94   0.48291E-02   0.49710E-02   0.48202E-02
 3115.54   0.47927E-02   0.49339E-02   0.47845E-02
 3129.15   0.47564E-02   0.48969E-02   0.47488E-02
 3142.75   0.47229E-02   0.48628E-02   0.47160E-02
 3156.36   0.46879E-02   0.48270E-02   0.46815E-02
 3169.96   0.46535E-02   0.47920E-02   0.46478E-02
 3183.57   0.46196E-02   0.47574E-02   0.46144E-02
 3197.17   0.45860E-02   0.47231E-02   0.45814E-02
 3210.78   0.45527E-02   0.46891E-02   0.45486E-02
 3224.38   0.45194E-02   0.46551E-02   0.45159E-02
 3237.99   0.44858E-02   0.46208E-02   0.44829E-02
 3251.59   0.44556E-02   0.45900E-02   0.44532E-02
 3265.20   0.44232E-02   0.45570E-02   0.44213E-02
 3278.80   0.43916E-02   0.45246E-02   0.43902E-02
 3292.41   0.43604E-02   0.44928E-02   0.43595E-02
 3306.01   0.43296E-02   0.44613E-02   0.43292E-02
 3319.62   0.42991E-02   0.44302E-02   0.42992E-02
 3333.22   0.42688E-02   0.43992E-02   0.42693E-02
 3346.83   0.42383E-02   0.43681E-02   0.42393E-02
 3360.43   0.42103E-02   0.43394E-02   0.42117E-02
 3374.04   0.41804E-02   0.43089E-02   0.41823E-02
 3387.64   0.41512E-02   0.42790E-02   0.41534E-02
 3401.25   0.41224E-02   0.42496E-02   0.41250E-02
 3414.85   0.40940E-02   0.42205E-02   0.40970E-02
 3428.46   0.40660E-02   0.41919E-02   0.40694E-02
 3442.06   0.40382E-02   0.41636E-02   0.40421E-02
 3455.67   0.40105E-02   0.41352E-02   0.40147E-02
 3469.27   0.39843E-02   0.41084E-02   0.39889E-02
 3482.88   0.39569E-02   0.40804E-02   0.39619E-02
 3496.48   0.39300E-02   0.40529E-02   0.39353E-02
 3510.09   0.39034E-02   0.40256E-02   0.39090E-02
 3523.69   0.38771E-02   0.39987E-02   0.38831E-02
 3537.30   0.38511E-02   0.39721E-02   0.38574E-02
 3550.90   0.38256E-02   0.39459E-02   0.38322E-02
 3564.51   0.38003E-02   0.39201E-02   0.38072E-02
 3578.11   0.37752E-02   0.38943E-02   0.37824E-02
 3591.72   0.37506E-02   0.38692E-02   0.37581E-02
 3605.32   0.37260E-02   0.38439E-02   0.37337E-02
 3618.93   0.37015E-02   0.38188E-02   0.37095E-02
 3632.53   0.36771E-02   0.37939E-02   0.36855E-02
 3646.14   0.36530E-02   0.37692E-02   0.36616E-02
 3659.74   0.36292E-02   0.37448E-02   0.36381E-02
 3673.35   0.36057E-02   0.37207E-02   0.36148E-02
 3686.95   0.35824E-02   0.36969E-02   0.35918E-02
 3700.56   0.35598E-02   0.36736E-02   0.35693E-02
 3714.16   0.35371E-02   0.36503E-02   0.35469E-02
 3727.77   0.35146E-02   0.36273E-02   0.35246E-02
 3741.37   0.34922E-02   0.36044E-02   0.35025E-02
 3754.98   0.34700E-02   0.35815E-02   0.34804E-02
 3768.58   0.34478E-02   0.35588E-02   0.34585E-02
 3782.19   0.34259E-02   0.35363E-02   0.34368E-02
 3795.79   0.34041E-02   0.35140E-02   0.34152E-02
 3809.40   0.33827E-02   0.34920E-02   0.33939E-02
 3823.00   0.33623E-02   0.34710E-02   0.33737E-02
 3836.61   0.33413E-02   0.34495E-02   0.33529E-02
 3850.21   0.33206E-02   0.34283E-02   0.33324E-02
 3863.82   0.33001E-02   0.34072E-02   0.33121E-02
 3877.42   0.32798E-02   0.33863E-02   0.32919E-02
 3891.03   0.32595E-02   0.33655E-02   0.32718E-02
 3904.63   0.32392E-02   0.33447E-02   0.32517E-02
 3918.24   0.32189E-02   0.33238E-02   0.32315E-02
 3931.84   0.31986E-02   0.33030E-02   0.32114E-02
 3945.45   0.31809E-02   0.32848E-02   0.31938E-02
 3959.05   0.31613E-02   0.32647E-02   0.31744E-02
 3972.66   0.31422E-02   0.32450E-02   0.31554E-02
 3986.26   0.31234E-02   0.32257E-02   0.31367E-02
 3999.87   0.31047E-02   0.32065E-02   0.31181E-02
 4013.47   0.30861E-02   0.31873E-02   0.30996E-02
 4027.08   0.30675E-02   0.31682E-02   0.30811E-02
 4040.68   0.30487E-02   0.31489E-02   0.30625E-02
 4054.29   0.30295E-02   0.31291E-02   0.30434E-02
 4067.89   0.30139E-02   0.31131E-02   0.30279E-02
 4081.50   0.29957E-02   0.30943E-02   0.30097E-02
 4095.10   0.29779E-02   0.30760E-02   0.29920E-02
 4108.71   0.29605E-02   0.30581E-02   0.29747E-02
 4122.31   0.29432E-02   0.30403E-02   0.29575E-02
 4135.92   0.29261E-02   0.30227E-02   0.29405E-02
 4149.52   0.29091E-02   0.30052E-02   0.29236E-02
 4163.13   0.28920E-02   0.29876E-02   0.29065E-02
 4176.73   0.28745E-02   0.29696E-02   0.28891E-02
 4190.34   0.28598E-02   0.29544E-02   0.28744E-02
 4203.94   0.28428E-02   0.29370E-02   0.28576E-02
 4217.55   0.28263E-02   0.29199E-02   0.28411E-02
 4231.15   0.28100E-02   0.29031E-02   0.28248E-02
 4244.76   0.27940E-02   0.28866E-02   0.28089E-02
 4258.36   0.27782E-02   0.28703E-02   0.27931E-02
 4271.97   0.27625E-02   0.28542E-02   0.27775E-02
 4285.57   0.27469E-02   0.28381E-02   0.27620E-02
 4299.18   0.27313E-02   0.28220E-02   0.27463E-02
 4312.78   0.27169E-02   0.28072E-02   0.27320E-02
 4326.39   0.27014E-02   0.27911E-02   0.27165E-02
 4339.99   0.26861E-02   0.27753E-02   0.27012E-02
 4353.60   0.26709E-02   0.27597E-02   0.26861E-02
 4367.20   0.26559E-02   0.27443E-02   0.26711E-02
 4380.81   0.26412E-02   0.27290E-02   0.26564E-02
 4394.41   0.26266E-02   0.27140E-02   0.26418E-02
 4408.02   0.26122E-02   0.26991E-02   0.26275E-02
 4421.62   0.25980E-02   0.26844E-02   0.26132E-02
 4435.23   0.25841E-02   0.26701E-02   0.25994E-02
 4448.83   0.25700E-02   0.26555E-02   0.25853E-02
 4462.44   0.25559E-02   0.26410E-02   0.25712E-02
 4476.04   0.25420E-02   0.26266E-02   0.25573E-02
 4489.65   0.25280E-02   0.26122E-02   0.25433E-02
 4503.25   0.25142E-02   0.25979E-02   0.25295E-02
 4516.86   0.25005E-02   0.25838E-02   0.25158E-02
 4530.46   0.24870E-02   0.25699E-02   0.25023E-02
 4544.07   0.24737E-02   0.25561E-02   0.24890E-02
 4557.67   0.24607E-02   0.25426E-02   0.24760E-02
 4571.28   0.24477E-02   0.25292E-02   0.24630E-02
 4584.88   0.24348E-02   0.25159E-02   0.24501E-02
 4598.49   0.24220E-02   0.25026E-02   0.24372E-02
 4612.09   0.24092E-02   0.24893E-02   0.24244E-02
 4625.70   0.23964E-02   0.24761E-02   0.24115E-02
 4639.30   0.23836E-02   0.24629E-02   0.23988E-02
 4652.91   0.23709E-02   0.24498E-02   0.23860E-02
 4666.51   0.23583E-02   0.24367E-02   0.23734E-02
 4680.12   0.23457E-02   0.24237E-02   0.23608E-02
 4693.72   0.23335E-02   0.24110E-02   0.23485E-02
 4707.33   0.23221E-02   0.23992E-02   0.23371E-02
 4720.93   0.23101E-02   0.23868E-02   0.23251E-02
 4734.54   0.22983E-02   0.23746E-02   0.23132E-02
 4748.14   0.22865E-02   0.23624E-02   0.23014E-02
 4761.75   0.22747E-02   0.23502E-02   0.22896E-02
 4775.35   0.22629E-02   0.23380E-02   0.22778E-02
 4788.96   0.22512E-02   0.23258E-02   0.22660E-02
 4802.56   0.22394E-02   0.23136E-02   0.22541E-02
 4816.17   0.22271E-02   0.23009E-02   0.22418E-02
 4829.77   0.22185E-02   0.22919E-02   0.22332E-02
 4843.38   0.22061E-02   0.22791E-02   0.22207E-02
 4856.98   0.21948E-02   0.22674E-02   0.22094E-02
 4870.59   0.21838E-02   0.22560E-02   0.21983E-02
 4884.19   0.21729E-02   0.22447E-02   0.21874E-02
 4897.80   0.21621E-02   0.22335E-02   0.21765E-02
 4911.40   0.21513E-02   0.22222E-02   0.21656E-02
 4925.01   0.21404E-02   0.22110E-02   0.21547E-02
 4938.61   0.21294E-02   0.21996E-02   0.21437E-02
 4952.22   0.21176E-02   0.21873E-02   0.21317E-02
 4965.82   0.21105E-02   0.21799E-02   0.21246E-02
 4979.43   0.20987E-02   0.21677E-02   0.21128E-02
 4993.03   0.20881E-02   0.21567E-02   0.21021E-02
 5006.64   0.20777E-02   0.21459E-02   0.20917E-02
 5020.24   0.20676E-02   0.21354E-02   0.20814E-02
 5033.85   0.20575E-02   0.21250E-02   0.20713E-02
 5047.45   0.20476E-02   0.21146E-02   0.20613E-02
 5061.06   0.20376E-02   0.21043E-02   0.20513E-02
 5074.66   0.20275E-02   0.20938E-02   0.20411E-02
 5088.27   0.20168E-02   0.20827E-02   0.20303E-02
 5101.87   0.20103E-02   0.20759E-02   0.20237E-02
 5115.48   0.19991E-02   0.20643E-02   0.20125E-02
 5129.08   0.19891E-02   0.20539E-02   0.20024E-02
 5142.69   0.19793E-02   0.20438E-02   0.19926E-02
 5156.29   0.19698E-02   0.20338E-02   0.19829E-02
 5169.90   0.19604E-02   0.20241E-02   0.19735E-02
 5183.50   0.19511E-02   0.20144E-02   0.19641E-02
 5197.11   0.19420E-02   0.20049E-02   0.19549E-02
 5210.71   0.19328E-02   0.19954E-02   0.19456E-02
 5224.32   0.19234E-02   0.19856E-02   0.19361E-02
 5237.92   0.19134E-02   0.19752E-02   0.19261E-02
 5251.53   0.19063E-02   0.19678E-02   0.19189E-02
 5265.13   0.18970E-02   0.19582E-02   0.19096E-02
 5278.74   0.18879E-02   0.19487E-02   0.19004E-02
 5292.34   0.18789E-02   0.19393E-02   0.18913E-02
 5305.95   0.18701E-02   0.19301E-02   0.18823E-02
 5319.55   0.18613E-02   0.19210E-02   0.18735E-02
 5333.16   0.18528E-02   0.19121E-02   0.18648E-02
 5346.76   0.18443E-02   0.19033E-02   0.18563E-02
 5360.37   0.18359E-02   0.18945E-02   0.18478E-02
 5373.97   0.18273E-02   0.18856E-02   0.18392E-02
 5387.58   0.18195E-02   0.18774E-02   0.18312E-02
 5401.18   0.18111E-02   0.18687E-02   0.18227E-02
 5414.79   0.18027E-02   0.18600E-02   0.18143E-02
 5428.39   0.17944E-02   0.18513E-02   0.18058E-02
 5442.00   0.17860E-02   0.18426E-02   0.17974E-02
 5455.60   0.17778E-02   0.18340E-02   0.17891E-02
 5469.21   0.17696E-02   0.18255E-02   0.17808E-02
 5482.81   0.17616E-02   0.18171E-02   0.17727E-02
 5496.42   0.17537E-02   0.18089E-02   0.17647E-02
 5510.02   0.17459E-02   0.18008E-02   0.17568E-02
 5523.63   0.17382E-02   0.17928E-02   0.17491E-02
 5537.23   0.17306E-02   0.17848E-02   0.17413E-02
 5550.84   0.17230E-02   0.17768E-02   0.17336E-02
 5564.44   0.17153E-02   0.17688E-02   0.17258E-02
 5578.05   0.17076E-02   0.17608E-02   0.17180E-02
 5591.65   0.16999E-02   0.17528E-02   0.17102E-02
 5605.26   0.16922E-02   0.17448E-02   0.17024E-02
 5618.86   0.16846E-02   0.17368E-02   0.16947E-02
 5632.47   0.16770E-02   0.17289E-02   0.16870E-02
 5646.07   0.16695E-02   0.17211E-02   0.16794E-02
 5659.68   0.16623E-02   0.17136E-02   0.16721E-02
 5673.28   0.16555E-02   0.17064E-02   0.16652E-02
 5686.89   0.16482E-02   0.16989E-02   0.16578E-02
 5700.49   0.16411E-02   0.16914E-02   0.16506E-02
 5714.10   0.16341E-02   0.16841E-02   0.16435E-02
 5727.70   0.16270E-02   0.16767E-02   0.16363E-02
 5741.31   0.16199E-02   0.16693E-02   0.16291E-02
 5754.91   0.16128E-02   0.16618E-02   0.16219E-02
 5768.52   0.16056E-02   0.16543E-02   0.16146E-02
 5782.12   0.15984E-02   0.16468E-02   0.16073E-02
 5795.73   0.15911E-02   0.16391E-02   0.15998E-02
 5809.33   0.15841E-02   0.16319E-02   0.15928E-02
 5822.94   0.15787E-02   0.16262E-02   0.15873E-02
 5836.54   0.15717E-02   0.16189E-02   0.15802E-02
 5850.15   0.15651E-02   0.16119E-02   0.15734E-02
 5863.75   0.15585E-02   0.16051E-02   0.15667E-02
 5877.36   0.15520E-02   0.15982E-02   0.15601E-02
 5890.96   0.15454E-02   0.15914E-02   0.15535E-02
 5904.57   0.15389E-02   0.15845E-02   0.15468E-02
 5918.17   0.15322E-02   0.15776E-02   0.15400E-02
 5931.78   0.15254E-02   0.15705E-02   0.15331E-02
 5945.38   0.15182E-02   0.15629E-02   0.15258E-02
 5958.99   0.15112E-02   0.15556E-02   0.15187E-02
 5972.59   0.15073E-02   0.15516E-02   0.15147E-02
 5986.20   0.15006E-02   0.15445E-02   0.15079E-02
 5999.80   0.14942E-02   0.15379E-02   0.15014E-02
 6013.41   0.14880E-02   0.15314E-02   0.14951E-02
 6027.01   0.14820E-02   0.15250E-02   0.14889E-02
 6040.62   0.14759E-02   0.15187E-02   0.14827E-02
 6054.22   0.14699E-02   0.15123E-02   0.14766E-02
 6067.83   0.14638E-02   0.15059E-02   0.14704E-02
 6081.43   0.14575E-02   0.14994E-02   0.14640E-02
 6095.04   0.14508E-02   0.14923E-02   0.14572E-02
 6108.64   0.14440E-02   0.14853E-02   0.14503E-02
 6122.25   0.14408E-02   0.14819E-02   0.14470E-02
 6135.85   0.14344E-02   0.14751E-02   0.14404E-02
 6149.46   0.14283E-02   0.14688E-02   0.14342E-02
 6163.06   0.14224E-02   0.14626E-02   0.14282E-02
 6176.67   0.14166E-02   0.14565E-02   0.14223E-02
 6190.27   0.14109E-02   0.14506E-02   0.14165E-02
 6203.88   0.14053E-02   0.14447E-02   0.14108E-02
 6217.48   0.13998E-02   0.14388E-02   0.14051E-02
 6231.09   0.13941E-02   0.14329E-02   0.13994E-02
 6244.69   0.13882E-02   0.14267E-02   0.13933E-02
 6258.30   0.13821E-02   0.14204E-02   0.13872E-02
 6271.90   0.13785E-02   0.14165E-02   0.13834E-02
 6285.51   0.13725E-02   0.14102E-02   0.13773E-02
 6299.11   0.13668E-02   0.14042E-02   0.13715E-02
 6312.72   0.13612E-02   0.13983E-02   0.13657E-02
 6326.32   0.13556E-02   0.13925E-02   0.13601E-02
 6339.93   0.13502E-02   0.13869E-02   0.13546E-02
 6353.53   0.13449E-02   0.13813E-02   0.13491E-02
 6367.14   0.13397E-02   0.13758E-02   0.13438E-02
 6380.74   0.13345E-02   0.13704E-02   0.13385E-02
 6394.35   0.13294E-02   0.13649E-02   0.13332E-02
 6407.95   0.13241E-02   0.13594E-02   0.13278E-02
 6421.56   0.13197E-02   0.13548E-02   0.13234E-02
 6435.16   0.13144E-02   0.13492E-02   0.13179E-02
 6448.77   0.13091E-02   0.13437E-02   0.13126E-02
 6462.37   0.13039E-02   0.13382E-02   0.13072E-02
 6475.98   0.12987E-02   0.13327E-02   0.13019E-02
 6489.58   0.12935E-02   0.13273E-02   0.12966E-02
 6503.19   0.12884E-02   0.13219E-02   0.12914E-02
 6516.79   0.12834E-02   0.13167E-02   0.12863E-02
 6530.40   0.12785E-02   0.13115E-02   0.12813E-02
 6544.00   0.12737E-02   0.13064E-02   0.12763E-02
 6557.61   0.12690E-02   0.13015E-02   0.12715E-02
 6571.21   0.12642E-02   0.12964E-02   0.12665E-02
 6584.82   0.12596E-02   0.12916E-02   0.12619E-02
 6598.42   0.12549E-02   0.12866E-02   0.12570E-02
 6612.03   0.12501E-02   0.12816E-02   0.12522E-02
 6625.63   0.12453E-02   0.12766E-02   0.12472E-02
 6639.24   0.12405E-02   0.12715E-02   0.12423E-02
 6652.84   0.12357E-02   0.12664E-02   0.12374E-02
 6666.45   0.12309E-02   0.12613E-02   0.12324E-02
 6680.05   0.12261E-02   0.12563E-02   0.12276E-02
 6693.66   0.12214E-02   0.12514E-02   0.12228E-02
 6707.26   0.12168E-02   0.12466E-02   0.12180E-02
 6720.87   0.12125E-02   0.12420E-02   0.12136E-02
 6734.47   0.12082E-02   0.12375E-02   0.12092E-02
 6748.08   0.12038E-02   0.12328E-02   0.12046E-02
 6761.68   0.11994E-02   0.12282E-02   0.12001E-02
 6775.29   0.11950E-02   0.12236E-02   0.11957E-02
 6788.89   0.11906E-02   0.12189E-02   0.11911E-02
 6802.50   0.11862E-02   0.12143E-02   0.11866E-02
 6816.10   0.11817E-02   0.12095E-02   0.11820E-02
 6829.71   0.11772E-02   0.12048E-02   0.11773E-02
 6843.31   0.11727E-02   0.12000E-02   0.11727E-02
 6856.92   0.11681E-02   0.11952E-02   0.11680E-02
 6870.52   0.11634E-02   0.11903E-02   0.11632E-02
 6884.13   0.11593E-02   0.11859E-02   0.11590E-02
 6897.73   0.11561E-02   0.11825E-02   0.11557E-02
 6911.34   0.11517E-02   0.11779E-02   0.11512E-02
 6924.94   0.11476E-02   0.11735E-02   0.11469E-02
 6938.55   0.11435E-02   0.11692E-02   0.11427E-02
 6952.15   0.11395E-02   0.11649E-02   0.11386E-02
 6965.76   0.11354E-02   0.11606E-02   0.11344E-02
 6979.36   0.11313E-02   0.11563E-02   0.11301E-02
 6992.97   0.11271E-02   0.11518E-02   0.11258E-02
 7006.57   0.11228E-02   0.11473E-02   0.11214E-02
 7020.18   0.11184E-02   0.11427E-02   0.11169E-02
 7033.78   0.11135E-02   0.11375E-02   0.11118E-02
 7047.39   0.11093E-02   0.11332E-02   0.11076E-02
 7060.99   0.11076E-02   0.11312E-02   0.11057E-02
 7074.60   0.11032E-02   0.11266E-02   0.11012E-02
 7088.20   0.10992E-02   0.11224E-02   0.10971E-02
 7101.81   0.10953E-02   0.11183E-02   0.10931E-02
 7115.41   0.10915E-02   0.11143E-02   0.10892E-02
 7129.02   0.10877E-02   0.11103E-02   0.10853E-02
 7142.62   0.10839E-02   0.11063E-02   0.10814E-02
 7156.23   0.10801E-02   0.11022E-02   0.10774E-02
 7169.83   0.10762E-02   0.10981E-02   0.10734E-02
 7183.44   0.10721E-02   0.10937E-02   0.10692E-02
 7197.04   0.10672E-02   0.10886E-02   0.10642E-02
 7210.65   0.10630E-02   0.10842E-02   0.10599E-02
 7224.25   0.10622E-02   0.10832E-02   0.10589E-02
 7237.86   0.10579E-02   0.10787E-02   0.10545E-02
 7251.46   0.10540E-02   0.10745E-02   0.10505E-02
 7265.07   0.10502E-02   0.10706E-02   0.10466E-02
 7278.67   0.10466E-02   0.10667E-02   0.10428E-02
 7292.28   0.10430E-02   0.10629E-02   0.10391E-02
 7305.88   0.10395E-02   0.10592E-02   0.10355E-02
 7319.49   0.10360E-02   0.10555E-02   0.10319E-02
 7333.09   0.10324E-02   0.10517E-02   0.10282E-02
 7346.70   0.10287E-02   0.10478E-02   0.10244E-02
 7360.30   0.10246E-02   0.10434E-02   0.10201E-02
 7373.91   0.10206E-02   0.10392E-02   0.10160E-02
 7387.51   0.10195E-02   0.10380E-02   0.10148E-02
 7401.12   0.10154E-02   0.10337E-02   0.10106E-02
 7414.72   0.10117E-02   0.10297E-02   0.10068E-02
 7428.33   0.10080E-02   0.10259E-02   0.10030E-02
 7441.93   0.10045E-02   0.10221E-02   0.99935E-03
 7455.54   0.10010E-02   0.10185E-02   0.99579E-03
 7469.14   0.99767E-03   0.10149E-02   0.99232E-03
 7482.75   0.99437E-03   0.10114E-02   0.98891E-03
 7496.35   0.99112E-03   0.10079E-02   0.98554E-03
 7509.96   0.98785E-03   0.10045E-02   0.98216E-03
 7523.56   0.98444E-03   0.10009E-02   0.97863E-03
 7537.17   0.98093E-03   0.99714E-03   0.97501E-03
 7550.77   0.97899E-03   0.99503E-03   0.97295E-03
 7564.38   0.97535E-03   0.99118E-03   0.96920E-03
 7577.98   0.97190E-03   0.98752E-03   0.96563E-03
 7591.59   0.96848E-03   0.98390E-03   0.96210E-03
 7605.19   0.96509E-03   0.98031E-03   0.95859E-03
 7618.80   0.96174E-03   0.97676E-03   0.95513E-03
 7632.40   0.95846E-03   0.97329E-03   0.95174E-03
 7646.01   0.95527E-03   0.96989E-03   0.94843E-03
 7659.61   0.95215E-03   0.96658E-03   0.94520E-03
 7673.22   0.94911E-03   0.96334E-03   0.94205E-03
 7686.82   0.94611E-03   0.96015E-03   0.93893E-03
 7700.43   0.94305E-03   0.95689E-03   0.93576E-03
 7714.03   0.94041E-03   0.95408E-03   0.93301E-03
 7727.64   0.93732E-03   0.95079E-03   0.92980E-03
 7741.24   0.93428E-03   0.94755E-03   0.92664E-03
 7754.85   0.93119E-03   0.94427E-03   0.92345E-03
 7768.45   0.92807E-03   0.94096E-03   0.92021E-03
 7782.06   0.92492E-03   0.93761E-03   0.91695E-03
 7795.66   0.92177E-03   0.93427E-03   0.91369E-03
 7809.27   0.91864E-03   0.93096E-03   0.91045E-03
 7822.87   0.91557E-03   0.92769E-03   0.90727E-03
 7836.48   0.91257E-03   0.92450E-03   0.90416E-03
 7850.08   0.90964E-03   0.92139E-03   0.90112E-03
 7863.69   0.90677E-03   0.91833E-03   0.89814E-03
 7877.29   0.90409E-03   0.91547E-03   0.89535E-03
 7890.90   0.90133E-03   0.91252E-03   0.89247E-03
 7904.50   0.89857E-03   0.90958E-03   0.88960E-03
 7918.11   0.89581E-03   0.90663E-03   0.88672E-03
 7931.71   0.89301E-03   0.90365E-03   0.88381E-03
 7945.32   0.89016E-03   0.90062E-03   0.88086E-03
 7958.92   0.88726E-03   0.89754E-03   0.87785E-03
 7972.53   0.88432E-03   0.89441E-03   0.87480E-03
 7986.13   0.88136E-03   0.89127E-03   0.87173E-03
 7999.74   0.87840E-03   0.88812E-03   0.86866E-03
 8013.34   0.87545E-03   0.88499E-03   0.86561E-03
 8026.95   0.87251E-03   0.88187E-03   0.86256E-03
 8040.55   0.86935E-03   0.87852E-03   0.85929E-03
 8054.16   0.86706E-03   0.87605E-03   0.85688E-03
 8067.76   0.86505E-03   0.87387E-03   0.85476E-03
 8081.37   0.86232E-03   0.87097E-03   0.85193E-03
 8094.97   0.85971E-03   0.86818E-03   0.84921E-03
 8108.58   0.85713E-03   0.86542E-03   0.84651E-03
 8122.18   0.85452E-03   0.86264E-03   0.84380E-03
 8135.79   0.85188E-03   0.85982E-03   0.84105E-03
 8149.39   0.84918E-03   0.85694E-03   0.83824E-03
 8163.00   0.84642E-03   0.85401E-03   0.83537E-03
 8176.60   0.84360E-03   0.85101E-03   0.83245E-03
 8190.21   0.84071E-03   0.84795E-03   0.82946E-03
 8203.81   0.83768E-03   0.84474E-03   0.82632E-03
 8217.42   0.83347E-03   0.84034E-03   0.82203E-03
 8231.02   0.83514E-03   0.84188E-03   0.82354E-03
 8244.63   0.83119E-03   0.83774E-03   0.81950E-03
 8258.23   0.82841E-03   0.83479E-03   0.81661E-03
 8271.84   0.82585E-03   0.83206E-03   0.81395E-03
 8285.44   0.82339E-03   0.82942E-03   0.81138E-03
 8299.05   0.82096E-03   0.82683E-03   0.80885E-03
 8312.65   0.81854E-03   0.82424E-03   0.80632E-03
 8326.26   0.81608E-03   0.82161E-03   0.80376E-03
 8339.86   0.81357E-03   0.81893E-03   0.80114E-03
 8353.47   0.81096E-03   0.81616E-03   0.79843E-03
 8367.07   0.80823E-03   0.81326E-03   0.79560E-03
 8380.68   0.80522E-03   0.81008E-03   0.79249E-03
 8394.28   0.80011E-03   0.80478E-03   0.78732E-03
 8407.89   0.80366E-03   0.80821E-03   0.79067E-03
 8421.49   0.79952E-03   0.80388E-03   0.78645E-03
 8435.10   0.79668E-03   0.80088E-03   0.78351E-03
 8448.70   0.79411E-03   0.79815E-03   0.78085E-03
 8462.31   0.79169E-03   0.79556E-03   0.77832E-03
 8475.91   0.78936E-03   0.79306E-03   0.77589E-03
 8489.52   0.78708E-03   0.79062E-03   0.77350E-03
 8503.12   0.78482E-03   0.78820E-03   0.77114E-03
 8516.73   0.78255E-03   0.78577E-03   0.76876E-03
 8530.33   0.78021E-03   0.78327E-03   0.76633E-03
 8543.94   0.77777E-03   0.78066E-03   0.76378E-03
 8557.54   0.77505E-03   0.77778E-03   0.76097E-03
 8571.15   0.77070E-03   0.77327E-03   0.75656E-03
 8584.75   0.77396E-03   0.77639E-03   0.75962E-03
 8598.36   0.76971E-03   0.77198E-03   0.75530E-03
 8611.96   0.76693E-03   0.76903E-03   0.75242E-03
 8625.57   0.76439E-03   0.76633E-03   0.74979E-03
 8639.17   0.76198E-03   0.76376E-03   0.74728E-03
 8652.78   0.75966E-03   0.76129E-03   0.74487E-03
 8666.38   0.75744E-03   0.75891E-03   0.74254E-03
 8679.99   0.75528E-03   0.75660E-03   0.74028E-03
 8693.59   0.75317E-03   0.75433E-03   0.73807E-03
 8707.20   0.75106E-03   0.75207E-03   0.73586E-03
 8720.80   0.74892E-03   0.74977E-03   0.73362E-03
 8734.41   0.74665E-03   0.74735E-03   0.73125E-03
 8748.01   0.74377E-03   0.74431E-03   0.72829E-03
 8761.62   0.74130E-03   0.74169E-03   0.72572E-03
 8775.22   0.74138E-03   0.74161E-03   0.72565E-03
 8788.83   0.73883E-03   0.73891E-03   0.72301E-03
 8802.43   0.73644E-03   0.73637E-03   0.72053E-03
 8816.04   0.73411E-03   0.73389E-03   0.71811E-03
 8829.64   0.73183E-03   0.73146E-03   0.71573E-03
 8843.25   0.72961E-03   0.72909E-03   0.71342E-03
 8856.85   0.72747E-03   0.72680E-03   0.71118E-03
 8870.46   0.72540E-03   0.72458E-03   0.70902E-03
 8884.06   0.72339E-03   0.72242E-03   0.70691E-03
 8897.67   0.72143E-03   0.72031E-03   0.70485E-03
 8911.27   0.71948E-03   0.71821E-03   0.70280E-03
 8924.88   0.71745E-03   0.71604E-03   0.70068E-03
 8938.48   0.71533E-03   0.71376E-03   0.69846E-03
 8952.09   0.71416E-03   0.71245E-03   0.69717E-03
 8965.69   0.71201E-03   0.71015E-03   0.69493E-03
 8979.30   0.70992E-03   0.70791E-03   0.69274E-03
 8992.90   0.70780E-03   0.70565E-03   0.69053E-03
 9006.51   0.70566E-03   0.70336E-03   0.68830E-03
 9020.11   0.70352E-03   0.70108E-03   0.68607E-03
 9033.72   0.70140E-03   0.69881E-03   0.68386E-03
 9047.32   0.69932E-03   0.69659E-03   0.68169E-03
 9060.93   0.69730E-03   0.69443E-03   0.67958E-03
 9074.53   0.69535E-03   0.69233E-03   0.67753E-03
 9088.14   0.69347E-03   0.69031E-03   0.67555E-03
 9101.74   0.69165E-03   0.68834E-03   0.67364E-03
 9115.35   0.68987E-03   0.68642E-03   0.67176E-03
 9128.95   0.68810E-03   0.68451E-03   0.66990E-03
 9142.56   0.68634E-03   0.68261E-03   0.66804E-03
 9156.16   0.68455E-03   0.68068E-03   0.66615E-03
 9169.77   0.68272E-03   0.67870E-03   0.66422E-03
 9183.37   0.68083E-03   0.67667E-03   0.66224E-03
 9196.98   0.67889E-03   0.67459E-03   0.66021E-03
 9210.58   0.67690E-03   0.67247E-03   0.65813E-03
 9224.19   0.67490E-03   0.67032E-03   0.65604E-03
 9237.79   0.67289E-03   0.66818E-03   0.65394E-03
 9251.40   0.67090E-03   0.66605E-03   0.65187E-03
 9265.00   0.66895E-03   0.66396E-03   0.64983E-03
 9278.61   0.66704E-03   0.66192E-03   0.64783E-03
 9292.21   0.66512E-03   0.65987E-03   0.64582E-03
 9305.82   0.66364E-03   0.65825E-03   0.64424E-03
 9319.42   0.66224E-03   0.65671E-03   0.64274E-03
 9333.03   0.66043E-03   0.65476E-03   0.64084E-03
 9346.63   0.65874E-03   0.65293E-03   0.63905E-03
 9360.24   0.65706E-03   0.65112E-03   0.63728E-03
 9373.84   0.65536E-03   0.64928E-03   0.63549E-03
 9387.45   0.65361E-03   0.64740E-03   0.63365E-03
 9401.05   0.65181E-03   0.64546E-03   0.63176E-03
 9414.66   0.64996E-03   0.64348E-03   0.62982E-03
 9428.26   0.64806E-03   0.64144E-03   0.62783E-03
 9441.87   0.64612E-03   0.63937E-03   0.62581E-03
 9455.47   0.64415E-03   0.63728E-03   0.62376E-03
 9469.08   0.64212E-03   0.63512E-03   0.62165E-03
 9482.68   0.63975E-03   0.63262E-03   0.61921E-03
 9496.29   0.63856E-03   0.63129E-03   0.61792E-03
 9509.89   0.63822E-03   0.63080E-03   0.61745E-03
 9523.50   0.63620E-03   0.62866E-03   0.61535E-03
 9537.10   0.63448E-03   0.62681E-03   0.61355E-03
 9550.71   0.63287E-03   0.62507E-03   0.61184E-03
 9564.31   0.63128E-03   0.62335E-03   0.61017E-03
 9577.92   0.62970E-03   0.62164E-03   0.60849E-03
 9591.52   0.62808E-03   0.61989E-03   0.60679E-03
 9605.13   0.62641E-03   0.61809E-03   0.60503E-03
 9618.73   0.62467E-03   0.61622E-03   0.60321E-03
 9632.34   0.62285E-03   0.61428E-03   0.60131E-03
 9645.94   0.62093E-03   0.61224E-03   0.59931E-03
 9659.55   0.61883E-03   0.61001E-03   0.59714E-03
 9673.15   0.61589E-03   0.60697E-03   0.59416E-03
 9686.76   0.61483E-03   0.60577E-03   0.59300E-03
 9700.36   0.61578E-03   0.60655E-03   0.59377E-03
 9713.97   0.61355E-03   0.60420E-03   0.59147E-03
 9727.57   0.61174E-03   0.60227E-03   0.58959E-03
 9741.18   0.61010E-03   0.60051E-03   0.58786E-03
 9754.78   0.60855E-03   0.59883E-03   0.58623E-03
 9768.39   0.60705E-03   0.59721E-03   0.58464E-03
 9781.99   0.60557E-03   0.59560E-03   0.58307E-03
 9795.60   0.60407E-03   0.59398E-03   0.58149E-03
 9809.20   0.60253E-03   0.59231E-03   0.57986E-03
 9822.81   0.60091E-03   0.59057E-03   0.57816E-03
 9836.41   0.59917E-03   0.58871E-03   0.57634E-03
 9850.02   0.59719E-03   0.58662E-03   0.57430E-03
 9863.62   0.59430E-03   0.58363E-03   0.57138E-03
 9877.23   0.59305E-03   0.58225E-03   0.57003E-03
 9890.83   0.59466E-03   0.58368E-03   0.57144E-03
 9904.44   0.59232E-03   0.58123E-03   0.56904E-03
 9918.04   0.59044E-03   0.57924E-03   0.56710E-03
 9931.65   0.58874E-03   0.57743E-03   0.56533E-03
 9945.25   0.58716E-03   0.57572E-03   0.56366E-03
 9958.86   0.58566E-03   0.57410E-03   0.56208E-03
 9972.46   0.58423E-03   0.57255E-03   0.56056E-03
 9986.07   0.58283E-03   0.57103E-03   0.55908E-03
 9999.67   0.58144E-03   0.56953E-03   0.55761E-03
