  299.31   0.38385E+01   0.38854E+01   0.39486E+01
  312.91   0.37372E+01   0.37837E+01   0.38452E+01
  326.52   0.36314E+01   0.36775E+01   0.37369E+01
  340.12   0.35251E+01   0.35706E+01   0.36280E+01
  353.73   0.34171E+01   0.34619E+01   0.35172E+01
  367.33   0.33117E+01   0.33559E+01   0.34090E+01
  380.94   0.32082E+01   0.32517E+01   0.33027E+01
  394.54   0.31057E+01   0.31484E+01   0.31973E+01
  408.15   0.30058E+01   0.30478E+01   0.30946E+01
  421.75   0.29081E+01   0.29493E+01   0.29939E+01
  435.36   0.28116E+01   0.28520E+01   0.28946E+01
  448.96   0.27182E+01   0.27577E+01   0.27983E+01
  462.57   0.26278E+01   0.26665E+01   0.27052E+01
  476.17   0.25397E+01   0.25776E+01   0.26143E+01
  489.78   0.24542E+01   0.24913E+01   0.25261E+01
  503.38   0.23730E+01   0.24092E+01   0.24423E+01
  516.99   0.22938E+01   0.23292E+01   0.23605E+01
  530.59   0.22166E+01   0.22511E+01   0.22808E+01
  544.20   0.21431E+01   0.21767E+01   0.22048E+01
  557.80   0.20716E+01   0.21045E+01   0.21310E+01
  571.41   0.20024E+01   0.20344E+01   0.20594E+01
  585.01   0.19365E+01   0.19677E+01   0.19912E+01
  598.62   0.18720E+01   0.19024E+01   0.19246E+01
  612.22   0.18105E+01   0.18401E+01   0.18610E+01
  625.83   0.17506E+01   0.17794E+01   0.17989E+01
  639.43   0.16943E+01   0.17223E+01   0.17407E+01
  653.04   0.16392E+01   0.16665E+01   0.16837E+01
  666.64   0.15864E+01   0.16129E+01   0.16290E+01
  680.25   0.15361E+01   0.15619E+01   0.15770E+01
  693.85   0.14862E+01   0.15113E+01   0.15253E+01
  707.46   0.14388E+01   0.14632E+01   0.14762E+01
  721.06   0.13933E+01   0.14170E+01   0.14291E+01
  734.67   0.13497E+01   0.13727E+01   0.13839E+01
  748.27   0.13073E+01   0.13296E+01   0.13400E+01
  761.88   0.12666E+01   0.12883E+01   0.12978E+01
  775.48   0.12276E+01   0.12486E+01   0.12574E+01
  789.09   0.11901E+01   0.12105E+01   0.12186E+01
  802.69   0.11538E+01   0.11736E+01   0.11810E+01
  816.30   0.11188E+01   0.11380E+01   0.11447E+01
  829.90   0.10851E+01   0.11037E+01   0.11097E+01
  843.51   0.10527E+01   0.10707E+01   0.10762E+01
  857.11   0.10214E+01   0.10389E+01   0.10438E+01
  870.72   0.99117E+00   0.10081E+01   0.10124E+01
  884.32   0.96198E+00   0.97835E+00   0.98214E+00
  897.93   0.93408E+00   0.94993E+00   0.95322E+00
  911.53   0.90706E+00   0.92239E+00   0.92521E+00
  925.14   0.88101E+00   0.89584E+00   0.89821E+00
  938.74   0.85580E+00   0.87013E+00   0.87207E+00
  952.35   0.83120E+00   0.84505E+00   0.84658E+00
  965.95   0.80820E+00   0.82159E+00   0.82274E+00
  979.56   0.78563E+00   0.79856E+00   0.79934E+00
  993.16   0.76380E+00   0.77628E+00   0.77671E+00
 1006.77   0.74256E+00   0.75461E+00   0.75471E+00
 1020.37   0.72241E+00   0.73403E+00   0.73382E+00
 1033.98   0.70263E+00   0.71384E+00   0.71333E+00
 1047.58   0.68364E+00   0.69443E+00   0.69364E+00
 1061.19   0.66525E+00   0.67565E+00   0.67460E+00
 1074.79   0.64719E+00   0.65720E+00   0.65589E+00
 1088.40   0.63037E+00   0.64001E+00   0.63846E+00
 1102.00   0.61373E+00   0.62299E+00   0.62122E+00
 1115.61   0.59770E+00   0.60660E+00   0.60462E+00
 1129.21   0.58218E+00   0.59073E+00   0.58855E+00
 1142.82   0.56737E+00   0.57558E+00   0.57321E+00
 1156.42   0.55266E+00   0.56053E+00   0.55797E+00
 1170.03   0.53853E+00   0.54608E+00   0.54335E+00
 1183.63   0.52490E+00   0.53213E+00   0.52924E+00
 1197.24   0.51172E+00   0.51863E+00   0.51560E+00
 1210.84   0.49900E+00   0.50561E+00   0.50244E+00
 1224.45   0.48656E+00   0.49288E+00   0.48957E+00
 1238.05   0.47452E+00   0.48055E+00   0.47712E+00
 1251.66   0.46288E+00   0.46862E+00   0.46508E+00
 1265.26   0.45162E+00   0.45709E+00   0.45344E+00
 1278.87   0.44073E+00   0.44593E+00   0.44218E+00
 1292.47   0.43014E+00   0.43508E+00   0.43124E+00
 1306.08   0.41985E+00   0.42454E+00   0.42060E+00
 1319.68   0.40987E+00   0.41430E+00   0.41028E+00
 1333.29   0.40019E+00   0.40438E+00   0.40029E+00
 1346.89   0.39084E+00   0.39479E+00   0.39063E+00
 1360.50   0.38174E+00   0.38547E+00   0.38124E+00
 1374.10   0.37290E+00   0.37640E+00   0.37212E+00
 1387.71   0.36430E+00   0.36758E+00   0.36324E+00
 1401.31   0.35593E+00   0.35899E+00   0.35461E+00
 1414.92   0.34778E+00   0.35064E+00   0.34621E+00
 1428.52   0.33999E+00   0.34265E+00   0.33818E+00
 1442.13   0.33236E+00   0.33482E+00   0.33031E+00
 1455.73   0.32493E+00   0.32720E+00   0.32266E+00
 1469.34   0.31770E+00   0.31977E+00   0.31521E+00
 1482.94   0.31063E+00   0.31252E+00   0.30793E+00
 1496.55   0.30390E+00   0.30561E+00   0.30100E+00
 1510.15   0.29725E+00   0.29879E+00   0.29416E+00
 1523.76   0.29081E+00   0.29218E+00   0.28753E+00
 1537.36   0.28454E+00   0.28575E+00   0.28109E+00
 1550.97   0.27842E+00   0.27946E+00   0.27479E+00
 1564.57   0.27242E+00   0.27331E+00   0.26863E+00
 1578.18   0.26673E+00   0.26747E+00   0.26278E+00
 1591.78   0.26109E+00   0.26168E+00   0.25699E+00
 1605.39   0.25562E+00   0.25606E+00   0.25138E+00
 1618.99   0.25029E+00   0.25059E+00   0.24591E+00
 1632.60   0.24507E+00   0.24524E+00   0.24056E+00
 1646.20   0.24011E+00   0.24014E+00   0.23547E+00
 1659.81   0.23512E+00   0.23502E+00   0.23036E+00
 1673.41   0.23031E+00   0.23008E+00   0.22543E+00
 1687.02   0.22563E+00   0.22528E+00   0.22065E+00
 1700.62   0.22109E+00   0.22061E+00   0.21599E+00
 1714.23   0.21663E+00   0.21605E+00   0.21144E+00
 1727.83   0.21236E+00   0.21166E+00   0.20707E+00
 1741.44   0.20812E+00   0.20730E+00   0.20273E+00
 1755.04   0.20399E+00   0.20307E+00   0.19852E+00
 1768.65   0.19998E+00   0.19895E+00   0.19442E+00
 1782.25   0.19607E+00   0.19495E+00   0.19044E+00
 1795.86   0.19226E+00   0.19104E+00   0.18655E+00
 1809.46   0.18856E+00   0.18724E+00   0.18278E+00
 1823.07   0.18492E+00   0.18351E+00   0.17907E+00
 1836.67   0.18136E+00   0.17986E+00   0.17545E+00
 1850.28   0.17790E+00   0.17631E+00   0.17193E+00
 1863.88   0.17452E+00   0.17284E+00   0.16849E+00
 1877.49   0.17123E+00   0.16947E+00   0.16515E+00
 1891.09   0.16802E+00   0.16618E+00   0.16189E+00
 1904.70   0.16488E+00   0.16297E+00   0.15870E+00
 1918.30   0.16181E+00   0.15982E+00   0.15559E+00
 1931.91   0.15881E+00   0.15675E+00   0.15255E+00
 1945.51   0.15588E+00   0.15375E+00   0.14957E+00
 1959.12   0.15302E+00   0.15082E+00   0.14668E+00
 1972.72   0.15025E+00   0.14798E+00   0.14387E+00
 1986.33   0.14752E+00   0.14518E+00   0.14111E+00
 1999.93   0.14486E+00   0.14246E+00   0.13842E+00
 2013.54   0.14225E+00   0.13979E+00   0.13579E+00
 2027.14   0.13970E+00   0.13718E+00   0.13321E+00
 2040.75   0.13720E+00   0.13463E+00   0.13069E+00
 2054.35   0.13475E+00   0.13212E+00   0.12822E+00
 2067.96   0.13240E+00   0.12972E+00   0.12585E+00
 2081.56   0.13007E+00   0.12734E+00   0.12351E+00
 2095.17   0.12780E+00   0.12502E+00   0.12122E+00
 2108.77   0.12557E+00   0.12274E+00   0.11898E+00
 2122.38   0.12339E+00   0.12051E+00   0.11679E+00
 2135.98   0.12124E+00   0.11832E+00   0.11463E+00
 2149.59   0.11920E+00   0.11624E+00   0.11259E+00
 2163.19   0.11714E+00   0.11414E+00   0.11052E+00
 2176.80   0.11514E+00   0.11210E+00   0.10852E+00
 2190.40   0.11319E+00   0.11011E+00   0.10657E+00
 2204.01   0.11128E+00   0.10817E+00   0.10466E+00
 2217.61   0.10941E+00   0.10625E+00   0.10279E+00
 2231.22   0.10753E+00   0.10434E+00   0.10091E+00
 2244.82   0.10580E+00   0.10258E+00   0.99186E-01
 2258.43   0.10403E+00   0.10078E+00   0.97423E-01
 2272.03   0.10231E+00   0.99031E-01   0.95708E-01
 2285.64   0.10063E+00   0.97320E-01   0.94034E-01
 2299.24   0.98982E-01   0.95646E-01   0.92395E-01
 2312.85   0.97362E-01   0.94000E-01   0.90786E-01
 2326.45   0.95750E-01   0.92364E-01   0.89187E-01
 2340.06   0.94243E-01   0.90831E-01   0.87690E-01
 2353.66   0.92713E-01   0.89279E-01   0.86174E-01
 2367.27   0.91220E-01   0.87765E-01   0.84695E-01
 2380.87   0.89760E-01   0.86285E-01   0.83251E-01
 2394.48   0.88332E-01   0.84837E-01   0.81839E-01
 2408.08   0.86931E-01   0.83417E-01   0.80455E-01
 2421.69   0.85535E-01   0.82005E-01   0.79079E-01
 2435.29   0.84220E-01   0.80672E-01   0.77781E-01
 2448.90   0.82893E-01   0.79330E-01   0.76474E-01
 2462.50   0.81593E-01   0.78017E-01   0.75195E-01
 2476.11   0.80322E-01   0.76731E-01   0.73945E-01
 2489.71   0.79077E-01   0.75474E-01   0.72723E-01
 2503.32   0.77858E-01   0.74244E-01   0.71527E-01
 2516.92   0.76659E-01   0.73033E-01   0.70350E-01
 2530.53   0.75493E-01   0.71857E-01   0.69208E-01
 2544.13   0.74339E-01   0.70694E-01   0.68079E-01
 2557.74   0.73204E-01   0.69552E-01   0.66970E-01
 2571.34   0.72091E-01   0.68431E-01   0.65883E-01
 2584.95   0.71000E-01   0.67333E-01   0.64818E-01
 2598.55   0.69932E-01   0.66259E-01   0.63777E-01
 2612.16   0.68886E-01   0.65207E-01   0.62758E-01
 2625.76   0.67859E-01   0.64176E-01   0.61759E-01
 2639.37   0.66850E-01   0.63163E-01   0.60779E-01
 2652.97   0.65858E-01   0.62168E-01   0.59816E-01
 2666.58   0.64882E-01   0.61190E-01   0.58869E-01
 2680.18   0.63922E-01   0.60228E-01   0.57940E-01
 2693.79   0.62981E-01   0.59286E-01   0.57029E-01
 2707.39   0.62055E-01   0.58360E-01   0.56135E-01
 2721.00   0.61161E-01   0.57465E-01   0.55270E-01
 2734.60   0.60272E-01   0.56577E-01   0.54412E-01
 2748.21   0.59401E-01   0.55707E-01   0.53573E-01
 2761.81   0.58544E-01   0.54852E-01   0.52748E-01
 2775.42   0.57700E-01   0.54010E-01   0.51936E-01
 2789.02   0.56869E-01   0.53183E-01   0.51138E-01
 2802.63   0.56051E-01   0.52368E-01   0.50353E-01
 2816.23   0.55241E-01   0.51563E-01   0.49578E-01
 2829.84   0.54477E-01   0.50803E-01   0.48846E-01
 2843.44   0.53705E-01   0.50036E-01   0.48107E-01
 2857.05   0.52949E-01   0.49284E-01   0.47385E-01
 2870.65   0.52205E-01   0.48546E-01   0.46675E-01
 2884.26   0.51472E-01   0.47820E-01   0.45976E-01
 2897.86   0.50748E-01   0.47103E-01   0.45287E-01
 2911.47   0.50029E-01   0.46392E-01   0.44604E-01
 2925.07   0.49363E-01   0.45732E-01   0.43969E-01
 2938.68   0.48666E-01   0.45044E-01   0.43309E-01
 2952.28   0.47992E-01   0.44379E-01   0.42671E-01
 2965.89   0.47332E-01   0.43728E-01   0.42046E-01
 2979.49   0.46684E-01   0.43088E-01   0.41432E-01
 2993.10   0.46045E-01   0.42459E-01   0.40829E-01
 3006.70   0.45413E-01   0.41837E-01   0.40233E-01
 3020.31   0.44771E-01   0.41208E-01   0.39630E-01
 3033.91   0.44200E-01   0.40644E-01   0.39090E-01
 3047.52   0.43594E-01   0.40050E-01   0.38521E-01
 3061.12   0.43003E-01   0.39471E-01   0.37967E-01
 3074.73   0.42425E-01   0.38904E-01   0.37424E-01
 3088.33   0.41857E-01   0.38348E-01   0.36892E-01
 3101.94   0.41298E-01   0.37801E-01   0.36369E-01
 3115.54   0.40745E-01   0.37261E-01   0.35853E-01
 3129.15   0.40196E-01   0.36725E-01   0.35341E-01
 3142.75   0.39679E-01   0.36220E-01   0.34858E-01
 3156.36   0.39149E-01   0.35704E-01   0.34365E-01
 3169.96   0.38629E-01   0.35198E-01   0.33882E-01
 3183.57   0.38119E-01   0.34702E-01   0.33409E-01
 3197.17   0.37619E-01   0.34216E-01   0.32944E-01
 3210.78   0.37127E-01   0.33738E-01   0.32489E-01
 3224.38   0.36643E-01   0.33269E-01   0.32041E-01
 3237.99   0.36163E-01   0.32803E-01   0.31597E-01
 3251.59   0.35701E-01   0.32356E-01   0.31171E-01
 3265.20   0.35236E-01   0.31906E-01   0.30742E-01
 3278.80   0.34778E-01   0.31464E-01   0.30321E-01
 3292.41   0.34327E-01   0.31029E-01   0.29907E-01
 3306.01   0.33884E-01   0.30602E-01   0.29500E-01
 3319.62   0.33449E-01   0.30183E-01   0.29101E-01
 3333.22   0.33022E-01   0.29772E-01   0.28710E-01
 3346.83   0.32601E-01   0.29367E-01   0.28324E-01
 3360.43   0.32188E-01   0.28971E-01   0.27947E-01
 3374.04   0.31779E-01   0.28579E-01   0.27574E-01
 3387.64   0.31376E-01   0.28192E-01   0.27206E-01
 3401.25   0.30977E-01   0.27810E-01   0.26844E-01
 3414.85   0.30584E-01   0.27435E-01   0.26487E-01
 3428.46   0.30197E-01   0.27065E-01   0.26136E-01
 3442.06   0.29817E-01   0.26703E-01   0.25791E-01
 3455.67   0.29443E-01   0.26346E-01   0.25453E-01
 3469.27   0.29077E-01   0.25998E-01   0.25122E-01
 3482.88   0.28715E-01   0.25653E-01   0.24794E-01
 3496.48   0.28358E-01   0.25314E-01   0.24472E-01
 3510.09   0.28005E-01   0.24979E-01   0.24155E-01
 3523.69   0.27657E-01   0.24648E-01   0.23841E-01
 3537.30   0.27312E-01   0.24323E-01   0.23532E-01
 3550.90   0.26973E-01   0.24001E-01   0.23227E-01
 3564.51   0.26638E-01   0.23685E-01   0.22927E-01
 3578.11   0.26309E-01   0.23375E-01   0.22633E-01
 3591.72   0.25992E-01   0.23075E-01   0.22349E-01
 3605.32   0.25673E-01   0.22775E-01   0.22065E-01
 3618.93   0.25360E-01   0.22480E-01   0.21785E-01
 3632.53   0.25050E-01   0.22190E-01   0.21510E-01
 3646.14   0.24744E-01   0.21903E-01   0.21238E-01
 3659.74   0.24442E-01   0.21619E-01   0.20969E-01
 3673.35   0.24142E-01   0.21339E-01   0.20704E-01
 3686.95   0.23843E-01   0.21059E-01   0.20439E-01
 3700.56   0.23571E-01   0.20805E-01   0.20198E-01
 3714.16   0.23280E-01   0.20533E-01   0.19941E-01
 3727.77   0.22999E-01   0.20271E-01   0.19694E-01
 3741.37   0.22723E-01   0.20014E-01   0.19450E-01
 3754.98   0.22450E-01   0.19761E-01   0.19211E-01
 3768.58   0.22181E-01   0.19511E-01   0.18974E-01
 3782.19   0.21914E-01   0.19264E-01   0.18740E-01
 3795.79   0.21650E-01   0.19018E-01   0.18508E-01
 3809.40   0.21387E-01   0.18775E-01   0.18278E-01
 3823.00   0.21145E-01   0.18552E-01   0.18067E-01
 3836.61   0.20889E-01   0.18315E-01   0.17843E-01
 3850.21   0.20640E-01   0.18086E-01   0.17626E-01
 3863.82   0.20395E-01   0.17860E-01   0.17413E-01
 3877.42   0.20154E-01   0.17639E-01   0.17203E-01
 3891.03   0.19917E-01   0.17420E-01   0.16997E-01
 3904.63   0.19681E-01   0.17205E-01   0.16793E-01
 3918.24   0.19447E-01   0.16990E-01   0.16590E-01
 3931.84   0.19212E-01   0.16775E-01   0.16387E-01
 3945.45   0.19000E-01   0.16581E-01   0.16204E-01
 3959.05   0.18773E-01   0.16374E-01   0.16008E-01
 3972.66   0.18552E-01   0.16172E-01   0.15817E-01
 3986.26   0.18334E-01   0.15974E-01   0.15630E-01
 3999.87   0.18120E-01   0.15780E-01   0.15446E-01
 4013.47   0.17910E-01   0.15588E-01   0.15265E-01
 4027.08   0.17702E-01   0.15399E-01   0.15087E-01
 4040.68   0.17495E-01   0.15212E-01   0.14910E-01
 4054.29   0.17287E-01   0.15024E-01   0.14732E-01
 4067.89   0.17097E-01   0.14851E-01   0.14569E-01
 4081.50   0.16896E-01   0.14670E-01   0.14398E-01
 4095.10   0.16699E-01   0.14493E-01   0.14230E-01
 4108.71   0.16505E-01   0.14318E-01   0.14065E-01
 4122.31   0.16314E-01   0.14146E-01   0.13903E-01
 4135.92   0.16126E-01   0.13978E-01   0.13744E-01
 4149.52   0.15941E-01   0.13812E-01   0.13587E-01
 4163.13   0.15758E-01   0.13648E-01   0.13432E-01
 4176.73   0.15577E-01   0.13485E-01   0.13278E-01
 4190.34   0.15402E-01   0.13329E-01   0.13131E-01
 4203.94   0.15225E-01   0.13171E-01   0.12981E-01
 4217.55   0.15050E-01   0.13015E-01   0.12834E-01
 4231.15   0.14877E-01   0.12861E-01   0.12688E-01
 4244.76   0.14706E-01   0.12709E-01   0.12544E-01
 4258.36   0.14538E-01   0.12559E-01   0.12403E-01
 4271.97   0.14372E-01   0.12412E-01   0.12264E-01
 4285.57   0.14209E-01   0.12268E-01   0.12128E-01
 4299.18   0.14048E-01   0.12126E-01   0.11993E-01
 4312.78   0.13890E-01   0.11986E-01   0.11861E-01
 4326.39   0.13733E-01   0.11847E-01   0.11730E-01
 4339.99   0.13577E-01   0.11710E-01   0.11600E-01
 4353.60   0.13423E-01   0.11574E-01   0.11472E-01
 4367.20   0.13270E-01   0.11440E-01   0.11345E-01
 4380.81   0.13120E-01   0.11308E-01   0.11220E-01
 4394.41   0.12971E-01   0.11177E-01   0.11096E-01
 4408.02   0.12824E-01   0.11048E-01   0.10974E-01
 4421.62   0.12679E-01   0.10922E-01   0.10855E-01
 4435.23   0.12539E-01   0.10799E-01   0.10738E-01
 4448.83   0.12398E-01   0.10676E-01   0.10622E-01
 4462.44   0.12259E-01   0.10555E-01   0.10508E-01
 4476.04   0.12122E-01   0.10436E-01   0.10395E-01
 4489.65   0.11986E-01   0.10317E-01   0.10283E-01
 4503.25   0.11851E-01   0.10200E-01   0.10172E-01
 4516.86   0.11717E-01   0.10084E-01   0.10062E-01
 4530.46   0.11585E-01   0.99698E-02   0.99532E-02
 4544.07   0.11454E-01   0.98565E-02   0.98457E-02
 4557.67   0.11326E-01   0.97456E-02   0.97406E-02
 4571.28   0.11204E-01   0.96402E-02   0.96409E-02
 4584.88   0.11078E-01   0.95316E-02   0.95379E-02
 4598.49   0.10955E-01   0.94255E-02   0.94373E-02
 4612.09   0.10833E-01   0.93210E-02   0.93382E-02
 4625.70   0.10713E-01   0.92176E-02   0.92401E-02
 4639.30   0.10593E-01   0.91151E-02   0.91429E-02
 4652.91   0.10475E-01   0.90136E-02   0.90465E-02
 4666.51   0.10357E-01   0.89129E-02   0.89508E-02
 4680.12   0.10239E-01   0.88121E-02   0.88550E-02
 4693.72   0.10123E-01   0.87125E-02   0.87602E-02
 4707.33   0.10020E-01   0.86245E-02   0.86771E-02
 4720.93   0.99071E-02   0.85288E-02   0.85860E-02
 4734.54   0.97973E-02   0.84354E-02   0.84973E-02
 4748.14   0.96892E-02   0.83435E-02   0.84100E-02
 4761.75   0.95824E-02   0.82529E-02   0.83238E-02
 4775.35   0.94766E-02   0.81632E-02   0.82385E-02
 4788.96   0.93716E-02   0.80743E-02   0.81538E-02
 4802.56   0.92670E-02   0.79857E-02   0.80695E-02
 4816.17   0.91606E-02   0.78958E-02   0.79836E-02
 4829.77   0.90766E-02   0.78254E-02   0.79175E-02
 4843.38   0.89670E-02   0.77327E-02   0.78287E-02
 4856.98   0.88666E-02   0.76482E-02   0.77480E-02
 4870.59   0.87684E-02   0.75656E-02   0.76693E-02
 4884.19   0.86719E-02   0.74845E-02   0.75920E-02
 4897.80   0.85768E-02   0.74047E-02   0.75159E-02
 4911.40   0.84828E-02   0.73260E-02   0.74408E-02
 4925.01   0.83897E-02   0.72480E-02   0.73664E-02
 4938.61   0.82969E-02   0.71704E-02   0.72923E-02
 4952.22   0.82023E-02   0.70912E-02   0.72164E-02
 4965.82   0.81249E-02   0.70272E-02   0.71561E-02
 4979.43   0.80297E-02   0.69476E-02   0.70795E-02
 4993.03   0.79401E-02   0.68729E-02   0.70080E-02
 5006.64   0.78522E-02   0.67997E-02   0.69380E-02
 5020.24   0.77658E-02   0.67279E-02   0.68693E-02
 5033.85   0.76807E-02   0.66573E-02   0.68017E-02
 5047.45   0.75968E-02   0.65878E-02   0.67352E-02
 5061.06   0.75140E-02   0.65193E-02   0.66696E-02
 5074.66   0.74319E-02   0.64514E-02   0.66045E-02
 5088.27   0.73493E-02   0.63830E-02   0.65389E-02
 5101.87   0.72767E-02   0.63236E-02   0.64823E-02
 5115.48   0.71932E-02   0.62545E-02   0.64158E-02
 5129.08   0.71137E-02   0.61888E-02   0.63527E-02
 5142.69   0.70352E-02   0.61242E-02   0.62906E-02
 5156.29   0.69577E-02   0.60605E-02   0.62294E-02
 5169.90   0.68814E-02   0.59978E-02   0.61691E-02
 5183.50   0.68062E-02   0.59361E-02   0.61097E-02
 5197.11   0.67321E-02   0.58754E-02   0.60514E-02
 5210.71   0.66590E-02   0.58156E-02   0.59939E-02
 5224.32   0.65866E-02   0.57564E-02   0.59369E-02
 5237.92   0.65140E-02   0.56970E-02   0.58796E-02
 5251.53   0.64455E-02   0.56412E-02   0.58260E-02
 5265.13   0.63751E-02   0.55837E-02   0.57706E-02
 5278.74   0.63053E-02   0.55268E-02   0.57156E-02
 5292.34   0.62361E-02   0.54704E-02   0.56612E-02
 5305.95   0.61677E-02   0.54147E-02   0.56074E-02
 5319.55   0.61001E-02   0.53597E-02   0.55542E-02
 5333.16   0.60334E-02   0.53056E-02   0.55019E-02
 5346.76   0.59677E-02   0.52523E-02   0.54504E-02
 5360.37   0.59030E-02   0.51999E-02   0.53997E-02
 5373.97   0.58392E-02   0.51484E-02   0.53499E-02
 5387.58   0.57764E-02   0.50975E-02   0.53006E-02
 5401.18   0.57139E-02   0.50470E-02   0.52517E-02
 5414.79   0.56520E-02   0.49970E-02   0.52032E-02
 5428.39   0.55905E-02   0.49474E-02   0.51551E-02
 5442.00   0.55294E-02   0.48981E-02   0.51072E-02
 5455.60   0.54689E-02   0.48492E-02   0.50598E-02
 5469.21   0.54089E-02   0.48009E-02   0.50128E-02
 5482.81   0.53497E-02   0.47532E-02   0.49664E-02
 5496.42   0.52912E-02   0.47062E-02   0.49206E-02
 5510.02   0.52330E-02   0.46595E-02   0.48752E-02
 5523.63   0.51795E-02   0.46166E-02   0.48335E-02
 5537.23   0.51222E-02   0.45707E-02   0.47887E-02
 5550.84   0.50667E-02   0.45263E-02   0.47455E-02
 5564.44   0.50119E-02   0.44825E-02   0.47028E-02
 5578.05   0.49576E-02   0.44391E-02   0.46604E-02
 5591.65   0.49037E-02   0.43960E-02   0.46183E-02
 5605.26   0.48502E-02   0.43531E-02   0.45764E-02
 5618.86   0.47970E-02   0.43106E-02   0.45348E-02
 5632.47   0.47443E-02   0.42684E-02   0.44935E-02
 5646.07   0.46917E-02   0.42265E-02   0.44523E-02
 5659.68   0.46406E-02   0.41858E-02   0.44124E-02
 5673.28   0.45939E-02   0.41488E-02   0.43764E-02
 5686.89   0.45428E-02   0.41082E-02   0.43365E-02
 5700.49   0.44934E-02   0.40689E-02   0.42979E-02
 5714.10   0.44449E-02   0.40304E-02   0.42601E-02
 5727.70   0.43968E-02   0.39923E-02   0.42226E-02
 5741.31   0.43492E-02   0.39545E-02   0.41855E-02
 5754.91   0.43018E-02   0.39169E-02   0.41485E-02
 5768.52   0.42548E-02   0.38795E-02   0.41116E-02
 5782.12   0.42078E-02   0.38422E-02   0.40748E-02
 5795.73   0.41605E-02   0.38044E-02   0.40374E-02
 5809.33   0.41143E-02   0.37678E-02   0.40012E-02
 5822.94   0.40750E-02   0.37374E-02   0.39716E-02
 5836.54   0.40294E-02   0.37012E-02   0.39357E-02
 5850.15   0.39853E-02   0.36663E-02   0.39012E-02
 5863.75   0.39420E-02   0.36322E-02   0.38674E-02
 5877.36   0.38994E-02   0.35986E-02   0.38341E-02
 5890.96   0.38573E-02   0.35654E-02   0.38013E-02
 5904.57   0.38155E-02   0.35324E-02   0.37686E-02
 5918.17   0.37739E-02   0.34996E-02   0.37360E-02
 5931.78   0.37324E-02   0.34668E-02   0.37034E-02
 5945.38   0.36901E-02   0.34331E-02   0.36697E-02
 5958.99   0.36483E-02   0.33999E-02   0.36366E-02
 5972.59   0.36147E-02   0.33747E-02   0.36119E-02
 5986.20   0.35742E-02   0.33425E-02   0.35798E-02
 5999.80   0.35348E-02   0.33114E-02   0.35487E-02
 6013.41   0.34962E-02   0.32811E-02   0.35184E-02
 6027.01   0.34582E-02   0.32513E-02   0.34887E-02
 6040.62   0.34208E-02   0.32219E-02   0.34593E-02
 6054.22   0.33838E-02   0.31929E-02   0.34304E-02
 6067.83   0.33471E-02   0.31642E-02   0.34016E-02
 6081.43   0.33105E-02   0.31355E-02   0.33728E-02
 6095.04   0.32735E-02   0.31062E-02   0.33434E-02
 6108.64   0.32365E-02   0.30768E-02   0.33138E-02
 6122.25   0.32061E-02   0.30541E-02   0.32913E-02
 6135.85   0.31702E-02   0.30256E-02   0.32627E-02
 6149.46   0.31351E-02   0.29980E-02   0.32349E-02
 6163.06   0.31007E-02   0.29709E-02   0.32076E-02
 6176.67   0.30668E-02   0.29443E-02   0.31808E-02
 6190.27   0.30334E-02   0.29182E-02   0.31544E-02
 6203.88   0.30005E-02   0.28925E-02   0.31285E-02
 6217.48   0.29680E-02   0.28672E-02   0.31029E-02
 6231.09   0.29358E-02   0.28420E-02   0.30776E-02
 6244.69   0.29037E-02   0.28169E-02   0.30521E-02
 6258.30   0.28715E-02   0.27916E-02   0.30264E-02
 6271.90   0.28428E-02   0.27697E-02   0.30045E-02
 6285.51   0.28113E-02   0.27449E-02   0.29793E-02
 6299.11   0.27803E-02   0.27206E-02   0.29545E-02
 6312.72   0.27497E-02   0.26965E-02   0.29301E-02
 6326.32   0.27195E-02   0.26728E-02   0.29059E-02
 6339.93   0.26897E-02   0.26494E-02   0.28821E-02
 6353.53   0.26603E-02   0.26264E-02   0.28587E-02
 6367.14   0.26313E-02   0.26038E-02   0.28357E-02
 6380.74   0.26028E-02   0.25816E-02   0.28130E-02
 6394.35   0.25746E-02   0.25597E-02   0.27906E-02
 6407.95   0.25466E-02   0.25379E-02   0.27684E-02
 6421.56   0.25199E-02   0.25170E-02   0.27471E-02
 6435.16   0.24923E-02   0.24955E-02   0.27251E-02
 6448.77   0.24651E-02   0.24743E-02   0.27033E-02
 6462.37   0.24381E-02   0.24531E-02   0.26816E-02
 6475.98   0.24114E-02   0.24321E-02   0.26600E-02
 6489.58   0.23848E-02   0.24113E-02   0.26386E-02
 6503.19   0.23586E-02   0.23907E-02   0.26173E-02
 6516.79   0.23327E-02   0.23704E-02   0.25964E-02
 6530.40   0.23071E-02   0.23504E-02   0.25758E-02
 6544.00   0.22819E-02   0.23307E-02   0.25556E-02
 6557.61   0.22569E-02   0.23114E-02   0.25356E-02
 6571.21   0.22325E-02   0.22925E-02   0.25161E-02
 6584.82   0.22090E-02   0.22737E-02   0.24967E-02
 6598.42   0.21850E-02   0.22551E-02   0.24774E-02
 6612.03   0.21612E-02   0.22365E-02   0.24582E-02
 6625.63   0.21376E-02   0.22181E-02   0.24390E-02
 6639.24   0.21142E-02   0.21997E-02   0.24199E-02
 6652.84   0.20909E-02   0.21814E-02   0.24009E-02
 6666.45   0.20679E-02   0.21632E-02   0.23820E-02
 6680.05   0.20450E-02   0.21452E-02   0.23632E-02
 6693.66   0.20224E-02   0.21274E-02   0.23446E-02
 6707.26   0.20000E-02   0.21097E-02   0.23262E-02
 6720.87   0.19783E-02   0.20929E-02   0.23086E-02
 6734.47   0.19582E-02   0.20771E-02   0.22922E-02
 6748.08   0.19363E-02   0.20600E-02   0.22742E-02
 6761.68   0.19152E-02   0.20435E-02   0.22570E-02
 6775.29   0.18943E-02   0.20272E-02   0.22399E-02
 6788.89   0.18737E-02   0.20110E-02   0.22229E-02
 6802.50   0.18532E-02   0.19949E-02   0.22060E-02
 6816.10   0.18328E-02   0.19789E-02   0.21891E-02
 6829.71   0.18126E-02   0.19629E-02   0.21722E-02
 6843.31   0.17925E-02   0.19469E-02   0.21554E-02
 6856.92   0.17725E-02   0.19309E-02   0.21385E-02
 6870.52   0.17523E-02   0.19148E-02   0.21214E-02
 6884.13   0.17331E-02   0.18997E-02   0.21055E-02
 6897.73   0.17165E-02   0.18872E-02   0.20924E-02
 6911.34   0.16971E-02   0.18718E-02   0.20760E-02
 6924.94   0.16784E-02   0.18570E-02   0.20603E-02
 6938.55   0.16600E-02   0.18426E-02   0.20450E-02
 6952.15   0.16419E-02   0.18283E-02   0.20299E-02
 6965.76   0.16240E-02   0.18142E-02   0.20149E-02
 6979.36   0.16062E-02   0.18001E-02   0.19999E-02
 6992.97   0.15885E-02   0.17861E-02   0.19849E-02
 7006.57   0.15709E-02   0.17720E-02   0.19698E-02
 7020.18   0.15533E-02   0.17578E-02   0.19546E-02
 7033.78   0.15351E-02   0.17428E-02   0.19386E-02
 7047.39   0.15179E-02   0.17290E-02   0.19238E-02
 7060.99   0.15044E-02   0.17197E-02   0.19139E-02
 7074.60   0.14872E-02   0.17056E-02   0.18988E-02
 7088.20   0.14706E-02   0.16924E-02   0.18846E-02
 7101.81   0.14544E-02   0.16794E-02   0.18707E-02
 7115.41   0.14385E-02   0.16668E-02   0.18571E-02
 7129.02   0.14227E-02   0.16543E-02   0.18436E-02
 7142.62   0.14072E-02   0.16420E-02   0.18303E-02
 7156.23   0.13917E-02   0.16297E-02   0.18170E-02
 7169.83   0.13764E-02   0.16173E-02   0.18037E-02
 7183.44   0.13610E-02   0.16048E-02   0.17902E-02
 7197.04   0.13451E-02   0.15915E-02   0.17757E-02
 7210.65   0.13298E-02   0.15789E-02   0.17620E-02
 7224.25   0.13181E-02   0.15713E-02   0.17539E-02
 7237.86   0.13030E-02   0.15587E-02   0.17402E-02
 7251.46   0.12884E-02   0.15468E-02   0.17272E-02
 7265.07   0.12740E-02   0.15352E-02   0.17145E-02
 7278.67   0.12600E-02   0.15238E-02   0.17021E-02
 7292.28   0.12461E-02   0.15127E-02   0.16900E-02
 7305.88   0.12324E-02   0.15018E-02   0.16780E-02
 7319.49   0.12189E-02   0.14909E-02   0.16662E-02
 7333.09   0.12056E-02   0.14802E-02   0.16544E-02
 7346.70   0.11922E-02   0.14693E-02   0.16425E-02
 7360.30   0.11786E-02   0.14581E-02   0.16301E-02
 7373.91   0.11653E-02   0.14470E-02   0.16179E-02
 7387.51   0.11545E-02   0.14396E-02   0.16098E-02
 7401.12   0.11413E-02   0.14285E-02   0.15976E-02
 7414.72   0.11285E-02   0.14178E-02   0.15859E-02
 7428.33   0.11159E-02   0.14074E-02   0.15743E-02
 7441.93   0.11035E-02   0.13972E-02   0.15630E-02
 7455.54   0.10912E-02   0.13871E-02   0.15519E-02
 7469.14   0.10792E-02   0.13773E-02   0.15411E-02
 7482.75   0.10673E-02   0.13677E-02   0.15304E-02
 7496.35   0.10556E-02   0.13582E-02   0.15198E-02
 7509.96   0.10439E-02   0.13487E-02   0.15094E-02
 7523.56   0.10323E-02   0.13393E-02   0.14988E-02
 7537.17   0.10209E-02   0.13298E-02   0.14882E-02
 7550.77   0.10108E-02   0.13220E-02   0.14796E-02
 7564.38   0.99933E-03   0.13124E-02   0.14689E-02
 7577.98   0.98817E-03   0.13031E-02   0.14585E-02
 7591.59   0.97714E-03   0.12939E-02   0.14482E-02
 7605.19   0.96623E-03   0.12848E-02   0.14379E-02
 7618.80   0.95545E-03   0.12757E-02   0.14278E-02
 7632.40   0.94481E-03   0.12668E-02   0.14178E-02
 7646.01   0.93432E-03   0.12581E-02   0.14080E-02
 7659.61   0.92397E-03   0.12495E-02   0.13983E-02
 7673.22   0.91376E-03   0.12411E-02   0.13889E-02
 7686.82   0.90366E-03   0.12329E-02   0.13796E-02
 7700.43   0.89341E-03   0.12247E-02   0.13703E-02
 7714.03   0.88474E-03   0.12169E-02   0.13615E-02
 7727.64   0.87463E-03   0.12087E-02   0.13523E-02
 7741.24   0.86493E-03   0.12007E-02   0.13432E-02
 7754.85   0.85534E-03   0.11927E-02   0.13341E-02
 7768.45   0.84584E-03   0.11847E-02   0.13250E-02
 7782.06   0.83641E-03   0.11766E-02   0.13158E-02
 7795.66   0.82707E-03   0.11687E-02   0.13068E-02
 7809.27   0.81782E-03   0.11607E-02   0.12977E-02
 7822.87   0.80868E-03   0.11529E-02   0.12888E-02
 7836.48   0.79966E-03   0.11453E-02   0.12801E-02
 7850.08   0.79073E-03   0.11377E-02   0.12715E-02
 7863.69   0.78184E-03   0.11303E-02   0.12630E-02
 7877.29   0.77330E-03   0.11233E-02   0.12549E-02
 7890.90   0.76540E-03   0.11162E-02   0.12468E-02
 7904.50   0.75681E-03   0.11091E-02   0.12386E-02
 7918.11   0.74843E-03   0.11021E-02   0.12306E-02
 7931.71   0.74015E-03   0.10951E-02   0.12225E-02
 7945.32   0.73195E-03   0.10881E-02   0.12144E-02
 7958.92   0.72381E-03   0.10811E-02   0.12063E-02
 7972.53   0.71572E-03   0.10740E-02   0.11982E-02
 7986.13   0.70771E-03   0.10670E-02   0.11901E-02
 7999.74   0.69975E-03   0.10600E-02   0.11820E-02
 8013.34   0.69187E-03   0.10531E-02   0.11740E-02
 8026.95   0.68403E-03   0.10462E-02   0.11660E-02
 8040.55   0.67599E-03   0.10391E-02   0.11577E-02
 8054.16   0.66864E-03   0.10330E-02   0.11507E-02
 8067.76   0.66222E-03   0.10276E-02   0.11443E-02
 8081.37   0.65473E-03   0.10211E-02   0.11367E-02
 8094.97   0.64744E-03   0.10148E-02   0.11294E-02
 8108.58   0.64027E-03   0.10087E-02   0.11222E-02
 8122.18   0.63317E-03   0.10025E-02   0.11150E-02
 8135.79   0.62614E-03   0.99638E-03   0.11078E-02
 8149.39   0.61916E-03   0.99021E-03   0.11006E-02
 8163.00   0.61222E-03   0.98402E-03   0.10933E-02
 8176.60   0.60533E-03   0.97779E-03   0.10860E-02
 8190.21   0.59847E-03   0.97151E-03   0.10786E-02
 8203.81   0.59157E-03   0.96510E-03   0.10711E-02
 8217.42   0.58412E-03   0.95759E-03   0.10624E-02
 8231.02   0.58038E-03   0.95704E-03   0.10613E-02
 8244.63   0.57285E-03   0.94919E-03   0.10522E-02
 8258.23   0.56628E-03   0.94317E-03   0.10451E-02
 8271.84   0.55992E-03   0.93747E-03   0.10384E-02
 8285.44   0.55368E-03   0.93194E-03   0.10318E-02
 8299.05   0.54753E-03   0.92650E-03   0.10253E-02
 8312.65   0.54145E-03   0.92110E-03   0.10189E-02
 8326.26   0.53542E-03   0.91571E-03   0.10125E-02
 8339.86   0.52944E-03   0.91029E-03   0.10060E-02
 8353.47   0.52349E-03   0.90481E-03   0.99950E-03
 8367.07   0.51754E-03   0.89922E-03   0.99286E-03
 8380.68   0.51154E-03   0.89337E-03   0.98593E-03
 8394.28   0.50481E-03   0.88570E-03   0.97700E-03
 8407.89   0.50198E-03   0.88711E-03   0.97801E-03
 8421.49   0.49541E-03   0.87965E-03   0.96931E-03
 8435.10   0.48967E-03   0.87404E-03   0.96263E-03
 8448.70   0.48411E-03   0.86880E-03   0.95636E-03
 8462.31   0.47867E-03   0.86375E-03   0.95029E-03
 8475.91   0.47331E-03   0.85885E-03   0.94438E-03
 8489.52   0.46804E-03   0.85404E-03   0.93857E-03
 8503.12   0.46282E-03   0.84928E-03   0.93282E-03
 8516.73   0.45766E-03   0.84454E-03   0.92708E-03
 8530.33   0.45254E-03   0.83978E-03   0.92131E-03
 8543.94   0.44743E-03   0.83492E-03   0.91545E-03
 8557.54   0.44227E-03   0.82983E-03   0.90932E-03
 8571.15   0.43663E-03   0.82334E-03   0.90169E-03
 8584.75   0.43413E-03   0.82484E-03   0.90272E-03
 8598.36   0.42830E-03   0.81767E-03   0.89434E-03
 8611.96   0.42331E-03   0.81254E-03   0.88817E-03
 8625.57   0.41847E-03   0.80773E-03   0.88236E-03
 8639.17   0.41372E-03   0.80309E-03   0.87673E-03
 8652.78   0.40906E-03   0.79859E-03   0.87124E-03
 8666.38   0.40447E-03   0.79421E-03   0.86589E-03
 8679.99   0.39994E-03   0.78993E-03   0.86064E-03
 8693.59   0.39547E-03   0.78573E-03   0.85548E-03
 8707.20   0.39106E-03   0.78156E-03   0.85035E-03
 8720.80   0.38667E-03   0.77739E-03   0.84521E-03
 8734.41   0.38228E-03   0.77310E-03   0.83996E-03
 8748.01   0.37770E-03   0.76829E-03   0.83414E-03
 8761.62   0.37344E-03   0.76387E-03   0.82874E-03
 8775.22   0.37015E-03   0.76205E-03   0.82615E-03
 8788.83   0.36584E-03   0.75752E-03   0.82064E-03
 8802.43   0.36166E-03   0.75322E-03   0.81537E-03
 8816.04   0.35754E-03   0.74901E-03   0.81021E-03
 8829.64   0.35349E-03   0.74488E-03   0.80513E-03
 8843.25   0.34949E-03   0.74085E-03   0.80015E-03
 8856.85   0.34556E-03   0.73691E-03   0.79527E-03
 8870.46   0.34168E-03   0.73307E-03   0.79050E-03
 8884.06   0.33785E-03   0.72932E-03   0.78583E-03
 8897.67   0.33407E-03   0.72563E-03   0.78122E-03
 8911.27   0.33031E-03   0.72198E-03   0.77665E-03
 8924.88   0.32652E-03   0.71826E-03   0.77202E-03
 8938.48   0.32288E-03   0.71448E-03   0.76732E-03
 8952.09   0.31982E-03   0.71177E-03   0.76377E-03
 8965.69   0.31610E-03   0.70796E-03   0.75903E-03
 8979.30   0.31251E-03   0.70424E-03   0.75441E-03
 8992.90   0.30898E-03   0.70054E-03   0.74979E-03
 9006.51   0.30548E-03   0.69684E-03   0.74519E-03
 9020.11   0.30202E-03   0.69316E-03   0.74061E-03
 9033.72   0.29861E-03   0.68953E-03   0.73607E-03
 9047.32   0.29524E-03   0.68596E-03   0.73161E-03
 9060.93   0.29191E-03   0.68247E-03   0.72724E-03
 9074.53   0.28864E-03   0.67908E-03   0.72295E-03
 9088.14   0.28540E-03   0.67576E-03   0.71877E-03
 9101.74   0.28218E-03   0.67253E-03   0.71466E-03
 9115.35   0.27881E-03   0.66934E-03   0.71059E-03
 9128.95   0.27646E-03   0.66612E-03   0.70656E-03
 9142.56   0.27316E-03   0.66309E-03   0.70265E-03
 9156.16   0.27008E-03   0.65994E-03   0.69864E-03
 9169.77   0.26705E-03   0.65677E-03   0.69461E-03
 9183.37   0.26406E-03   0.65356E-03   0.69054E-03
 9196.98   0.26110E-03   0.65032E-03   0.68645E-03
 9210.58   0.25817E-03   0.64706E-03   0.68233E-03
 9224.19   0.25526E-03   0.64380E-03   0.67822E-03
 9237.79   0.25239E-03   0.64056E-03   0.67413E-03
 9251.40   0.24955E-03   0.63736E-03   0.67009E-03
 9265.00   0.24674E-03   0.63422E-03   0.66612E-03
 9278.61   0.24397E-03   0.63114E-03   0.66221E-03
 9292.21   0.24118E-03   0.62811E-03   0.65834E-03
 9305.82   0.23857E-03   0.62542E-03   0.65484E-03
 9319.42   0.23632E-03   0.62279E-03   0.65142E-03
 9333.03   0.23359E-03   0.61988E-03   0.64768E-03
 9346.63   0.23099E-03   0.61708E-03   0.64407E-03
 9360.24   0.22844E-03   0.61429E-03   0.64048E-03
 9373.84   0.22592E-03   0.61150E-03   0.63687E-03
 9387.45   0.22343E-03   0.60867E-03   0.63324E-03
 9401.05   0.22096E-03   0.60580E-03   0.62957E-03
 9414.66   0.21850E-03   0.60290E-03   0.62587E-03
 9428.26   0.21607E-03   0.59998E-03   0.62215E-03
 9441.87   0.21366E-03   0.59704E-03   0.61842E-03
 9455.47   0.21127E-03   0.59411E-03   0.61470E-03
 9469.08   0.20889E-03   0.59115E-03   0.61096E-03
 9482.68   0.20644E-03   0.58799E-03   0.60700E-03
 9496.29   0.20428E-03   0.58576E-03   0.60401E-03
 9509.89   0.20251E-03   0.58420E-03   0.60171E-03
 9523.50   0.20019E-03   0.58130E-03   0.59804E-03
 9537.10   0.19799E-03   0.57869E-03   0.59466E-03
 9550.71   0.19585E-03   0.57617E-03   0.59138E-03
 9564.31   0.19373E-03   0.57368E-03   0.58814E-03
 9577.92   0.19165E-03   0.57120E-03   0.58490E-03
 9591.52   0.18958E-03   0.56870E-03   0.58164E-03
 9605.13   0.18753E-03   0.56615E-03   0.57835E-03
 9618.73   0.18550E-03   0.56356E-03   0.57501E-03
 9632.34   0.18348E-03   0.56091E-03   0.57163E-03
 9645.94   0.18146E-03   0.55820E-03   0.56818E-03
 9659.55   0.17944E-03   0.55536E-03   0.56460E-03
 9673.15   0.17728E-03   0.55194E-03   0.56045E-03
 9686.76   0.17551E-03   0.55000E-03   0.55779E-03
 9700.36   0.17422E-03   0.54970E-03   0.55679E-03
 9713.97   0.17224E-03   0.54677E-03   0.55313E-03
 9727.57   0.17038E-03   0.54425E-03   0.54990E-03
 9741.18   0.16858E-03   0.54188E-03   0.54682E-03
 9754.78   0.16682E-03   0.53961E-03   0.54384E-03
 9768.39   0.16509E-03   0.53738E-03   0.54090E-03
 9781.99   0.16339E-03   0.53517E-03   0.53799E-03
 9795.60   0.16170E-03   0.53294E-03   0.53507E-03
 9809.20   0.16003E-03   0.53068E-03   0.53212E-03
 9822.81   0.15837E-03   0.52836E-03   0.52911E-03
 9836.41   0.15671E-03   0.52595E-03   0.52601E-03
 9850.02   0.15503E-03   0.52335E-03   0.52273E-03
 9863.62   0.15321E-03   0.52006E-03   0.51878E-03
 9877.23   0.15173E-03   0.51814E-03   0.51619E-03
 9890.83   0.15084E-03   0.51868E-03   0.51602E-03
 9904.44   0.14915E-03   0.51574E-03   0.51243E-03
 9918.04   0.14760E-03   0.51329E-03   0.50932E-03
 9931.65   0.14611E-03   0.51102E-03   0.50639E-03
 9945.25   0.14465E-03   0.50886E-03   0.50358E-03
 9958.86   0.14323E-03   0.50679E-03   0.50085E-03
 9972.46   0.14185E-03   0.50477E-03   0.49818E-03
 9986.07   0.14048E-03   0.50279E-03   0.49554E-03
 9999.67   0.13914E-03   0.50081E-03   0.49292E-03
