  108.84   0.76081E+00   0.76223E+00   0.68808E+00
  122.44   0.75762E+00   0.75922E+00   0.69081E+00
  136.05   0.74766E+00   0.74942E+00   0.68647E+00
  149.65   0.73234E+00   0.73423E+00   0.67642E+00
  163.26   0.71284E+00   0.71486E+00   0.66185E+00
  176.86   0.69067E+00   0.69279E+00   0.64421E+00
  190.47   0.66699E+00   0.66921E+00   0.62465E+00
  204.07   0.64287E+00   0.64516E+00   0.60423E+00
  217.68   0.61875E+00   0.62111E+00   0.58345E+00
  231.28   0.59504E+00   0.59747E+00   0.56274E+00
  244.89   0.57176E+00   0.57424E+00   0.54216E+00
  258.49   0.54901E+00   0.55153E+00   0.52185E+00
  272.10   0.52680E+00   0.52937E+00   0.50186E+00
  285.70   0.50526E+00   0.50786E+00   0.48233E+00
  299.31   0.48451E+00   0.48713E+00   0.46341E+00
  312.91   0.46444E+00   0.46709E+00   0.44501E+00
  326.52   0.44531E+00   0.44798E+00   0.42739E+00
  340.12   0.42707E+00   0.42974E+00   0.41052E+00
  353.73   0.40973E+00   0.41242E+00   0.39444E+00
  367.33   0.39322E+00   0.39591E+00   0.37907E+00
  380.94   0.37748E+00   0.38018E+00   0.36438E+00
  394.54   0.36250E+00   0.36520E+00   0.35036E+00
  408.15   0.34819E+00   0.35089E+00   0.33693E+00
  421.75   0.33453E+00   0.33722E+00   0.32407E+00
  435.36   0.32149E+00   0.32419E+00   0.31178E+00
  448.96   0.30906E+00   0.31175E+00   0.30004E+00
  462.57   0.29719E+00   0.29987E+00   0.28880E+00
  476.17   0.28589E+00   0.28856E+00   0.27809E+00
  489.78   0.27516E+00   0.27781E+00   0.26789E+00
  503.38   0.26490E+00   0.26754E+00   0.25814E+00
  516.99   0.25515E+00   0.25778E+00   0.24885E+00
  530.59   0.24588E+00   0.24850E+00   0.24001E+00
  544.20   0.23702E+00   0.23962E+00   0.23154E+00
  557.80   0.22858E+00   0.23116E+00   0.22346E+00
  571.41   0.22051E+00   0.22307E+00   0.21574E+00
  585.01   0.21279E+00   0.21533E+00   0.20833E+00
  598.62   0.20542E+00   0.20795E+00   0.20126E+00
  612.22   0.19836E+00   0.20087E+00   0.19448E+00
  625.83   0.19162E+00   0.19410E+00   0.18799E+00
  639.43   0.18515E+00   0.18761E+00   0.18176E+00
  653.04   0.17897E+00   0.18141E+00   0.17580E+00
  666.64   0.17305E+00   0.17547E+00   0.17009E+00
  680.25   0.16738E+00   0.16978E+00   0.16462E+00
  693.85   0.16196E+00   0.16434E+00   0.15938E+00
  707.46   0.15678E+00   0.15913E+00   0.15437E+00
  721.06   0.15181E+00   0.15414E+00   0.14955E+00
  734.67   0.14704E+00   0.14935E+00   0.14493E+00
  748.27   0.14247E+00   0.14475E+00   0.14050E+00
  761.88   0.13808E+00   0.14034E+00   0.13625E+00
  775.48   0.13387E+00   0.13611E+00   0.13215E+00
  789.09   0.12981E+00   0.13203E+00   0.12822E+00
  802.69   0.12592E+00   0.12812E+00   0.12443E+00
  816.30   0.12218E+00   0.12435E+00   0.12078E+00
  829.90   0.11858E+00   0.12073E+00   0.11728E+00
  843.51   0.11511E+00   0.11723E+00   0.11390E+00
  857.11   0.11177E+00   0.11388E+00   0.11065E+00
  870.72   0.10856E+00   0.11064E+00   0.10752E+00
  884.32   0.10548E+00   0.10753E+00   0.10450E+00
  897.93   0.10250E+00   0.10453E+00   0.10159E+00
  911.53   0.99637E-01   0.10165E+00   0.98795E-01
  925.14   0.96879E-01   0.98867E-01   0.96097E-01
  938.74   0.94222E-01   0.96187E-01   0.93496E-01
  952.35   0.91665E-01   0.93608E-01   0.90993E-01
  965.95   0.89189E-01   0.91109E-01   0.88566E-01
  979.56   0.86806E-01   0.88703E-01   0.86229E-01
  993.16   0.84504E-01   0.86379E-01   0.83972E-01
 1006.77   0.82283E-01   0.84136E-01   0.81791E-01
 1020.37   0.80134E-01   0.81965E-01   0.79681E-01
 1033.98   0.78062E-01   0.79870E-01   0.77644E-01
 1047.58   0.76057E-01   0.77844E-01   0.75673E-01
 1061.19   0.74119E-01   0.75883E-01   0.73766E-01
 1074.79   0.72245E-01   0.73988E-01   0.71922E-01
 1088.40   0.70430E-01   0.72152E-01   0.70135E-01
 1102.00   0.68678E-01   0.70377E-01   0.68408E-01
 1115.61   0.66982E-01   0.68660E-01   0.66736E-01
 1129.21   0.65340E-01   0.66997E-01   0.65118E-01
 1142.82   0.63751E-01   0.65387E-01   0.63550E-01
 1156.42   0.62214E-01   0.63829E-01   0.62032E-01
 1170.03   0.60726E-01   0.62320E-01   0.60562E-01
 1183.63   0.59285E-01   0.60859E-01   0.59138E-01
 1197.24   0.57889E-01   0.59442E-01   0.57757E-01
 1210.84   0.56535E-01   0.58069E-01   0.56419E-01
 1224.45   0.55224E-01   0.56737E-01   0.55120E-01
 1238.05   0.53952E-01   0.55445E-01   0.53861E-01
 1251.66   0.52719E-01   0.54193E-01   0.52640E-01
 1265.26   0.51523E-01   0.52977E-01   0.51455E-01
 1278.87   0.50361E-01   0.51796E-01   0.50302E-01
 1292.47   0.49234E-01   0.50649E-01   0.49184E-01
 1306.08   0.48140E-01   0.49536E-01   0.48098E-01
 1319.68   0.47077E-01   0.48454E-01   0.47043E-01
 1333.29   0.46046E-01   0.47404E-01   0.46019E-01
 1346.89   0.45042E-01   0.46382E-01   0.45021E-01
 1360.50   0.44069E-01   0.45390E-01   0.44054E-01
 1374.10   0.43123E-01   0.44426E-01   0.43113E-01
 1387.71   0.42203E-01   0.43488E-01   0.42198E-01
 1401.31   0.41310E-01   0.42577E-01   0.41308E-01
 1414.92   0.40443E-01   0.41691E-01   0.40444E-01
 1428.52   0.39598E-01   0.40829E-01   0.39602E-01
 1442.13   0.38777E-01   0.39991E-01   0.38784E-01
 1455.73   0.37979E-01   0.39175E-01   0.37987E-01
 1469.34   0.37202E-01   0.38381E-01   0.37213E-01
 1482.94   0.36447E-01   0.37609E-01   0.36459E-01
 1496.55   0.35711E-01   0.36856E-01   0.35724E-01
 1510.15   0.34996E-01   0.36124E-01   0.35010E-01
 1523.76   0.34299E-01   0.35411E-01   0.34313E-01
 1537.36   0.33621E-01   0.34716E-01   0.33635E-01
 1550.97   0.32960E-01   0.34039E-01   0.32974E-01
 1564.57   0.32316E-01   0.33379E-01   0.32330E-01
 1578.18   0.31689E-01   0.32736E-01   0.31702E-01
 1591.78   0.31078E-01   0.32109E-01   0.31089E-01
 1605.39   0.30482E-01   0.31498E-01   0.30493E-01
 1618.99   0.29901E-01   0.30901E-01   0.29910E-01
 1632.60   0.29335E-01   0.30320E-01   0.29343E-01
 1646.20   0.28783E-01   0.29753E-01   0.28789E-01
 1659.81   0.28245E-01   0.29199E-01   0.28249E-01
 1673.41   0.27720E-01   0.28660E-01   0.27722E-01
 1687.02   0.27208E-01   0.28133E-01   0.27208E-01
 1700.62   0.26708E-01   0.27619E-01   0.26706E-01
 1714.23   0.26221E-01   0.27117E-01   0.26216E-01
 1727.83   0.25746E-01   0.26628E-01   0.25739E-01
 1741.44   0.25282E-01   0.26150E-01   0.25272E-01
 1755.04   0.24829E-01   0.25683E-01   0.24817E-01
 1768.65   0.24387E-01   0.25227E-01   0.24372E-01
 1782.25   0.23956E-01   0.24782E-01   0.23938E-01
 1795.86   0.23535E-01   0.24347E-01   0.23513E-01
 1809.46   0.23124E-01   0.23923E-01   0.23099E-01
 1823.07   0.22722E-01   0.23508E-01   0.22694E-01
 1836.67   0.22329E-01   0.23102E-01   0.22298E-01
 1850.28   0.21946E-01   0.22706E-01   0.21911E-01
 1863.88   0.21571E-01   0.22318E-01   0.21533E-01
 1877.49   0.21205E-01   0.21939E-01   0.21163E-01
 1891.09   0.20847E-01   0.21568E-01   0.20802E-01
 1904.70   0.20497E-01   0.21206E-01   0.20449E-01
 1918.30   0.20155E-01   0.20851E-01   0.20103E-01
 1931.91   0.19820E-01   0.20505E-01   0.19765E-01
 1945.51   0.19493E-01   0.20165E-01   0.19434E-01
 1959.12   0.19173E-01   0.19833E-01   0.19110E-01
 1972.72   0.18860E-01   0.19509E-01   0.18794E-01
 1986.33   0.18554E-01   0.19190E-01   0.18484E-01
 1999.93   0.18254E-01   0.18879E-01   0.18180E-01
 2013.54   0.17961E-01   0.18575E-01   0.17884E-01
 2027.14   0.17674E-01   0.18277E-01   0.17593E-01
 2040.75   0.17394E-01   0.17985E-01   0.17309E-01
 2054.35   0.17118E-01   0.17698E-01   0.17030E-01
 2067.96   0.16850E-01   0.17419E-01   0.16758E-01
 2081.56   0.16587E-01   0.17145E-01   0.16491E-01
 2095.17   0.16330E-01   0.16877E-01   0.16230E-01
 2108.77   0.16077E-01   0.16614E-01   0.15974E-01
 2122.38   0.15831E-01   0.16357E-01   0.15723E-01
 2135.98   0.15589E-01   0.16104E-01   0.15478E-01
 2149.59   0.15352E-01   0.15858E-01   0.15238E-01
 2163.19   0.15120E-01   0.15615E-01   0.15002E-01
 2176.80   0.14893E-01   0.15378E-01   0.14771E-01
 2190.40   0.14670E-01   0.15145E-01   0.14544E-01
 2204.01   0.14451E-01   0.14917E-01   0.14322E-01
 2217.61   0.14238E-01   0.14693E-01   0.14105E-01
 2231.22   0.14028E-01   0.14474E-01   0.13891E-01
 2244.82   0.13823E-01   0.14259E-01   0.13683E-01
 2258.43   0.13621E-01   0.14048E-01   0.13477E-01
 2272.03   0.13423E-01   0.13841E-01   0.13276E-01
 2285.64   0.13230E-01   0.13638E-01   0.13079E-01
 2299.24   0.13040E-01   0.13439E-01   0.12885E-01
 2312.85   0.12854E-01   0.13243E-01   0.12696E-01
 2326.45   0.12671E-01   0.13052E-01   0.12510E-01
 2340.06   0.12492E-01   0.12864E-01   0.12327E-01
 2353.66   0.12316E-01   0.12679E-01   0.12148E-01
 2367.27   0.12144E-01   0.12498E-01   0.11972E-01
 2380.87   0.11975E-01   0.12320E-01   0.11800E-01
 2394.48   0.11809E-01   0.12146E-01   0.11630E-01
 2408.08   0.11646E-01   0.11975E-01   0.11464E-01
 2421.69   0.11486E-01   0.11807E-01   0.11301E-01
 2435.29   0.11330E-01   0.11642E-01   0.11141E-01
 2448.90   0.11176E-01   0.11480E-01   0.10984E-01
 2462.50   0.11025E-01   0.11321E-01   0.10830E-01
 2476.11   0.10877E-01   0.11165E-01   0.10679E-01
 2489.71   0.10731E-01   0.11011E-01   0.10530E-01
 2503.32   0.10588E-01   0.10860E-01   0.10384E-01
 2516.92   0.10447E-01   0.10712E-01   0.10240E-01
 2530.53   0.10310E-01   0.10567E-01   0.10100E-01
 2544.13   0.10175E-01   0.10425E-01   0.99617E-02
 2557.74   0.10042E-01   0.10284E-01   0.98259E-02
 2571.34   0.99119E-02   0.10146E-01   0.96925E-02
 2584.95   0.97836E-02   0.10011E-01   0.95612E-02
 2598.55   0.96574E-02   0.98774E-02   0.94321E-02
 2612.16   0.95332E-02   0.97459E-02   0.93050E-02
 2625.76   0.94126E-02   0.96182E-02   0.91815E-02
 2639.37   0.92929E-02   0.94916E-02   0.90590E-02
 2652.97   0.91755E-02   0.93673E-02   0.89388E-02
 2666.58   0.90602E-02   0.92451E-02   0.88208E-02
 2680.18   0.89468E-02   0.91249E-02   0.87046E-02
 2693.79   0.88352E-02   0.90065E-02   0.85903E-02
 2707.39   0.87248E-02   0.88896E-02   0.84773E-02
 2721.00   0.86186E-02   0.87768E-02   0.83684E-02
 2734.60   0.85121E-02   0.86639E-02   0.82594E-02
 2748.21   0.84079E-02   0.85532E-02   0.81526E-02
 2761.81   0.83055E-02   0.84446E-02   0.80477E-02
 2775.42   0.82049E-02   0.83377E-02   0.79447E-02
 2789.02   0.81059E-02   0.82325E-02   0.78432E-02
 2802.63   0.80084E-02   0.81289E-02   0.77433E-02
 2816.23   0.79123E-02   0.80267E-02   0.76448E-02
 2829.84   0.78190E-02   0.79275E-02   0.75492E-02
 2843.44   0.77261E-02   0.78287E-02   0.74540E-02
 2857.05   0.76349E-02   0.77316E-02   0.73604E-02
 2870.65   0.75452E-02   0.76362E-02   0.72685E-02
 2884.26   0.74571E-02   0.75423E-02   0.71782E-02
 2897.86   0.73704E-02   0.74500E-02   0.70893E-02
 2911.47   0.72847E-02   0.73588E-02   0.70015E-02
 2925.07   0.72016E-02   0.72701E-02   0.69162E-02
 2938.68   0.71185E-02   0.71816E-02   0.68310E-02
 2952.28   0.70369E-02   0.70946E-02   0.67474E-02
 2965.89   0.69567E-02   0.70090E-02   0.66651E-02
 2979.49   0.68777E-02   0.69249E-02   0.65842E-02
 2993.10   0.68001E-02   0.68420E-02   0.65046E-02
 3006.70   0.67237E-02   0.67605E-02   0.64263E-02
 3020.31   0.66484E-02   0.66802E-02   0.63492E-02
 3033.91   0.65746E-02   0.66013E-02   0.62735E-02
 3047.52   0.65016E-02   0.65234E-02   0.61986E-02
 3061.12   0.64296E-02   0.64465E-02   0.61249E-02
 3074.73   0.63587E-02   0.63708E-02   0.60522E-02
 3088.33   0.62888E-02   0.62962E-02   0.59807E-02
 3101.94   0.62201E-02   0.62227E-02   0.59102E-02
 3115.54   0.61525E-02   0.61505E-02   0.58410E-02
 3129.15   0.60859E-02   0.60793E-02   0.57728E-02
 3142.75   0.60205E-02   0.60093E-02   0.57057E-02
 3156.36   0.59559E-02   0.59403E-02   0.56396E-02
 3169.96   0.58921E-02   0.58721E-02   0.55743E-02
 3183.57   0.58293E-02   0.58049E-02   0.55100E-02
 3197.17   0.57673E-02   0.57387E-02   0.54466E-02
 3210.78   0.57063E-02   0.56733E-02   0.53841E-02
 3224.38   0.56461E-02   0.56090E-02   0.53225E-02
 3237.99   0.55869E-02   0.55457E-02   0.52620E-02
 3251.59   0.55290E-02   0.54836E-02   0.52026E-02
 3265.20   0.54715E-02   0.54221E-02   0.51439E-02
 3278.80   0.54150E-02   0.53616E-02   0.50860E-02
 3292.41   0.53591E-02   0.53018E-02   0.50289E-02
 3306.01   0.53040E-02   0.52428E-02   0.49726E-02
 3319.62   0.52496E-02   0.51845E-02   0.49170E-02
 3333.22   0.51958E-02   0.51270E-02   0.48621E-02
 3346.83   0.51429E-02   0.50703E-02   0.48079E-02
 3360.43   0.50916E-02   0.50154E-02   0.47555E-02
 3374.04   0.50402E-02   0.49603E-02   0.47030E-02
 3387.64   0.49896E-02   0.49061E-02   0.46514E-02
 3401.25   0.49398E-02   0.48528E-02   0.46005E-02
 3414.85   0.48906E-02   0.48001E-02   0.45503E-02
 3428.46   0.48420E-02   0.47480E-02   0.45007E-02
 3442.06   0.47939E-02   0.46966E-02   0.44517E-02
 3455.67   0.47459E-02   0.46452E-02   0.44029E-02
 3469.27   0.47011E-02   0.45971E-02   0.43571E-02
 3482.88   0.46544E-02   0.45472E-02   0.43096E-02
 3496.48   0.46089E-02   0.44986E-02   0.42633E-02
 3510.09   0.45642E-02   0.44507E-02   0.42178E-02
 3523.69   0.45201E-02   0.44035E-02   0.41729E-02
 3537.30   0.44766E-02   0.43569E-02   0.41286E-02
 3550.90   0.44335E-02   0.43108E-02   0.40848E-02
 3564.51   0.43908E-02   0.42651E-02   0.40414E-02
 3578.11   0.43479E-02   0.42193E-02   0.39979E-02
 3591.72   0.43084E-02   0.41768E-02   0.39576E-02
 3605.32   0.42673E-02   0.41329E-02   0.39159E-02
 3618.93   0.42269E-02   0.40897E-02   0.38749E-02
 3632.53   0.41872E-02   0.40472E-02   0.38346E-02
 3646.14   0.41481E-02   0.40053E-02   0.37949E-02
 3659.74   0.41094E-02   0.39640E-02   0.37557E-02
 3673.35   0.40712E-02   0.39231E-02   0.37170E-02
 3686.95   0.40329E-02   0.38823E-02   0.36783E-02
 3700.56   0.39972E-02   0.38439E-02   0.36420E-02
 3714.16   0.39599E-02   0.38041E-02   0.36042E-02
 3727.77   0.39233E-02   0.37651E-02   0.35673E-02
 3741.37   0.38874E-02   0.37266E-02   0.35309E-02
 3754.98   0.38519E-02   0.36888E-02   0.34951E-02
 3768.58   0.38170E-02   0.36515E-02   0.34598E-02
 3782.19   0.37825E-02   0.36147E-02   0.34250E-02
 3795.79   0.37485E-02   0.35783E-02   0.33906E-02
 3809.40   0.37146E-02   0.35422E-02   0.33565E-02
 3823.00   0.36820E-02   0.35073E-02   0.33236E-02
 3836.61   0.36490E-02   0.34721E-02   0.32903E-02
 3850.21   0.36164E-02   0.34374E-02   0.32575E-02
 3863.82   0.35842E-02   0.34030E-02   0.32251E-02
 3877.42   0.35524E-02   0.33692E-02   0.31931E-02
 3891.03   0.35210E-02   0.33358E-02   0.31616E-02
 3904.63   0.34901E-02   0.33029E-02   0.31306E-02
 3918.24   0.34597E-02   0.32704E-02   0.31000E-02
 3931.84   0.34295E-02   0.32383E-02   0.30696E-02
 3945.45   0.33999E-02   0.32068E-02   0.30400E-02
 3959.05   0.33704E-02   0.31754E-02   0.30104E-02
 3972.66   0.33412E-02   0.31444E-02   0.29812E-02
 3986.26   0.33123E-02   0.31137E-02   0.29523E-02
 3999.87   0.32837E-02   0.30833E-02   0.29237E-02
 4013.47   0.32555E-02   0.30534E-02   0.28955E-02
 4027.08   0.32277E-02   0.30238E-02   0.28677E-02
 4040.68   0.32002E-02   0.29946E-02   0.28402E-02
 4054.29   0.31731E-02   0.29659E-02   0.28132E-02
 4067.89   0.31465E-02   0.29376E-02   0.27866E-02
 4081.50   0.31200E-02   0.29096E-02   0.27603E-02
 4095.10   0.30938E-02   0.28818E-02   0.27342E-02
 4108.71   0.30678E-02   0.28543E-02   0.27083E-02
 4122.31   0.30421E-02   0.28271E-02   0.26828E-02
 4135.92   0.30166E-02   0.28001E-02   0.26574E-02
 4149.52   0.29914E-02   0.27735E-02   0.26324E-02
 4163.13   0.29664E-02   0.27471E-02   0.26077E-02
 4176.73   0.29419E-02   0.27211E-02   0.25833E-02
 4190.34   0.29182E-02   0.26961E-02   0.25598E-02
 4203.94   0.28942E-02   0.26707E-02   0.25361E-02
 4217.55   0.28705E-02   0.26458E-02   0.25127E-02
 4231.15   0.28471E-02   0.26211E-02   0.24895E-02
 4244.76   0.28239E-02   0.25966E-02   0.24666E-02
 4258.36   0.28009E-02   0.25724E-02   0.24439E-02
 4271.97   0.27781E-02   0.25484E-02   0.24214E-02
 4285.57   0.27553E-02   0.25245E-02   0.23991E-02
 4299.18   0.27329E-02   0.25010E-02   0.23770E-02
 4312.78   0.27120E-02   0.24789E-02   0.23563E-02
 4326.39   0.26899E-02   0.24557E-02   0.23347E-02
 4339.99   0.26684E-02   0.24331E-02   0.23135E-02
 4353.60   0.26471E-02   0.24108E-02   0.22927E-02
 4367.20   0.26261E-02   0.23888E-02   0.22721E-02
 4380.81   0.26053E-02   0.23670E-02   0.22517E-02
 4394.41   0.25846E-02   0.23454E-02   0.22315E-02
 4408.02   0.25640E-02   0.23239E-02   0.22114E-02
 4421.62   0.25432E-02   0.23022E-02   0.21912E-02
 4435.23   0.25258E-02   0.22836E-02   0.21739E-02
 4448.83   0.25046E-02   0.22617E-02   0.21534E-02
 4462.44   0.24848E-02   0.22411E-02   0.21341E-02
 4476.04   0.24654E-02   0.22209E-02   0.21153E-02
 4489.65   0.24462E-02   0.22009E-02   0.20967E-02
 4503.25   0.24273E-02   0.21812E-02   0.20783E-02
 4516.86   0.24086E-02   0.21617E-02   0.20601E-02
 4530.46   0.23899E-02   0.21424E-02   0.20421E-02
 4544.07   0.23713E-02   0.21231E-02   0.20241E-02
 4557.67   0.23527E-02   0.21038E-02   0.20061E-02
 4571.28   0.23361E-02   0.20864E-02   0.19899E-02
 4584.88   0.23177E-02   0.20675E-02   0.19723E-02
 4598.49   0.22999E-02   0.20490E-02   0.19551E-02
 4612.09   0.22823E-02   0.20308E-02   0.19381E-02
 4625.70   0.22649E-02   0.20129E-02   0.19215E-02
 4639.30   0.22478E-02   0.19953E-02   0.19050E-02
 4652.91   0.22309E-02   0.19778E-02   0.18888E-02
 4666.51   0.22141E-02   0.19605E-02   0.18727E-02
 4680.12   0.21973E-02   0.19432E-02   0.18566E-02
 4693.72   0.21800E-02   0.19256E-02   0.18402E-02
 4707.33   0.21652E-02   0.19101E-02   0.18258E-02
 4720.93   0.21487E-02   0.18932E-02   0.18101E-02
 4734.54   0.21326E-02   0.18767E-02   0.17947E-02
 4748.14   0.21166E-02   0.18603E-02   0.17795E-02
 4761.75   0.21008E-02   0.18442E-02   0.17645E-02
 4775.35   0.20852E-02   0.18283E-02   0.17498E-02
 4788.96   0.20699E-02   0.18125E-02   0.17352E-02
 4802.56   0.20547E-02   0.17970E-02   0.17207E-02
 4816.17   0.20395E-02   0.17815E-02   0.17064E-02
 4829.77   0.20252E-02   0.17669E-02   0.16928E-02
 4843.38   0.20101E-02   0.17515E-02   0.16785E-02
 4856.98   0.19953E-02   0.17365E-02   0.16646E-02
 4870.59   0.19806E-02   0.17216E-02   0.16508E-02
 4884.19   0.19660E-02   0.17069E-02   0.16371E-02
 4897.80   0.19516E-02   0.16923E-02   0.16236E-02
 4911.40   0.19374E-02   0.16779E-02   0.16102E-02
 4925.01   0.19233E-02   0.16637E-02   0.15970E-02
 4938.61   0.19095E-02   0.16497E-02   0.15840E-02
 4952.22   0.18957E-02   0.16358E-02   0.15712E-02
 4965.82   0.18823E-02   0.16222E-02   0.15586E-02
 4979.43   0.18688E-02   0.16086E-02   0.15460E-02
 4993.03   0.18554E-02   0.15951E-02   0.15335E-02
 5006.64   0.18421E-02   0.15818E-02   0.15211E-02
 5020.24   0.18288E-02   0.15685E-02   0.15088E-02
 5033.85   0.18157E-02   0.15553E-02   0.14966E-02
 5047.45   0.18026E-02   0.15422E-02   0.14845E-02
 5061.06   0.17897E-02   0.15293E-02   0.14726E-02
 5074.66   0.17769E-02   0.15166E-02   0.14608E-02
 5088.27   0.17643E-02   0.15039E-02   0.14490E-02
 5101.87   0.17523E-02   0.14920E-02   0.14380E-02
 5115.48   0.17398E-02   0.14795E-02   0.14265E-02
 5129.08   0.17276E-02   0.14674E-02   0.14152E-02
 5142.69   0.17155E-02   0.14553E-02   0.14041E-02
 5156.29   0.17034E-02   0.14434E-02   0.13930E-02
 5169.90   0.16914E-02   0.14315E-02   0.13820E-02
 5183.50   0.16794E-02   0.14197E-02   0.13711E-02
 5197.11   0.16675E-02   0.14079E-02   0.13603E-02
 5210.71   0.16557E-02   0.13963E-02   0.13495E-02
 5224.32   0.16439E-02   0.13847E-02   0.13387E-02
 5237.92   0.16323E-02   0.13733E-02   0.13282E-02
 5251.53   0.16217E-02   0.13628E-02   0.13186E-02
 5265.13   0.16104E-02   0.13517E-02   0.13083E-02
 5278.74   0.15993E-02   0.13408E-02   0.12982E-02
 5292.34   0.15883E-02   0.13300E-02   0.12883E-02
 5305.95   0.15773E-02   0.13193E-02   0.12784E-02
 5319.55   0.15664E-02   0.13086E-02   0.12685E-02
 5333.16   0.15555E-02   0.12980E-02   0.12587E-02
 5346.76   0.15446E-02   0.12874E-02   0.12489E-02
 5360.37   0.15336E-02   0.12768E-02   0.12391E-02
 5373.97   0.15229E-02   0.12664E-02   0.12295E-02
 5387.58   0.15136E-02   0.12573E-02   0.12211E-02
 5401.18   0.15029E-02   0.12469E-02   0.12115E-02
 5414.79   0.14926E-02   0.12369E-02   0.12023E-02
 5428.39   0.14824E-02   0.12271E-02   0.11932E-02
 5442.00   0.14723E-02   0.12174E-02   0.11843E-02
 5455.60   0.14623E-02   0.12078E-02   0.11754E-02
 5469.21   0.14524E-02   0.11982E-02   0.11665E-02
 5482.81   0.14424E-02   0.11886E-02   0.11577E-02
 5496.42   0.14324E-02   0.11791E-02   0.11489E-02
 5510.02   0.14219E-02   0.11691E-02   0.11397E-02
 5523.63   0.14149E-02   0.11620E-02   0.11333E-02
 5537.23   0.14041E-02   0.11519E-02   0.11239E-02
 5550.84   0.13943E-02   0.11427E-02   0.11153E-02
 5564.44   0.13848E-02   0.11336E-02   0.11070E-02
 5578.05   0.13755E-02   0.11247E-02   0.10988E-02
 5591.65   0.13662E-02   0.11160E-02   0.10907E-02
 5605.26   0.13571E-02   0.11073E-02   0.10827E-02
 5618.86   0.13480E-02   0.10987E-02   0.10747E-02
 5632.47   0.13389E-02   0.10901E-02   0.10668E-02
 5646.07   0.13297E-02   0.10815E-02   0.10588E-02
 5659.68   0.13205E-02   0.10728E-02   0.10509E-02
 5673.28   0.13130E-02   0.10656E-02   0.10443E-02
 5686.89   0.13037E-02   0.10570E-02   0.10363E-02
 5700.49   0.12948E-02   0.10486E-02   0.10286E-02
 5714.10   0.12861E-02   0.10405E-02   0.10210E-02
 5727.70   0.12774E-02   0.10324E-02   0.10136E-02
 5741.31   0.12689E-02   0.10245E-02   0.10063E-02
 5754.91   0.12605E-02   0.10166E-02   0.99903E-03
 5768.52   0.12522E-02   0.10089E-02   0.99188E-03
 5782.12   0.12439E-02   0.10011E-02   0.98477E-03
 5795.73   0.12355E-02   0.99339E-03   0.97760E-03
 5809.33   0.12270E-02   0.98556E-03   0.97036E-03
 5822.94   0.12199E-02   0.97884E-03   0.96422E-03
 5836.54   0.12116E-02   0.97122E-03   0.95717E-03
 5850.15   0.12034E-02   0.96372E-03   0.95025E-03
 5863.75   0.11953E-02   0.95632E-03   0.94341E-03
 5877.36   0.11874E-02   0.94900E-03   0.93665E-03
 5890.96   0.11795E-02   0.94177E-03   0.92998E-03
 5904.57   0.11717E-02   0.93465E-03   0.92341E-03
 5918.17   0.11640E-02   0.92762E-03   0.91693E-03
 5931.78   0.11564E-02   0.92067E-03   0.91052E-03
 5945.38   0.11488E-02   0.91373E-03   0.90412E-03
 5958.99   0.11411E-02   0.90675E-03   0.89767E-03
 5972.59   0.11341E-02   0.90037E-03   0.89180E-03
 5986.20   0.11266E-02   0.89358E-03   0.88553E-03
 5999.80   0.11192E-02   0.88685E-03   0.87932E-03
 6013.41   0.11118E-02   0.88016E-03   0.87313E-03
 6027.01   0.11044E-02   0.87352E-03   0.86700E-03
 6040.62   0.10971E-02   0.86694E-03   0.86092E-03
 6054.22   0.10898E-02   0.86044E-03   0.85491E-03
 6067.83   0.10827E-02   0.85402E-03   0.84899E-03
 6081.43   0.10756E-02   0.84769E-03   0.84314E-03
 6095.04   0.10686E-02   0.84142E-03   0.83736E-03
 6108.64   0.10617E-02   0.83523E-03   0.83166E-03
 6122.25   0.10550E-02   0.82925E-03   0.82612E-03
 6135.85   0.10482E-02   0.82316E-03   0.82050E-03
 6149.46   0.10414E-02   0.81711E-03   0.81492E-03
 6163.06   0.10346E-02   0.81108E-03   0.80935E-03
 6176.67   0.10278E-02   0.80508E-03   0.80379E-03
 6190.27   0.10210E-02   0.79910E-03   0.79827E-03
 6203.88   0.10143E-02   0.79317E-03   0.79278E-03
 6217.48   0.10076E-02   0.78730E-03   0.78734E-03
 6231.09   0.10009E-02   0.78148E-03   0.78196E-03
 6244.69   0.99434E-03   0.77569E-03   0.77660E-03
 6258.30   0.98799E-03   0.77011E-03   0.77145E-03
 6271.90   0.98192E-03   0.76480E-03   0.76654E-03
 6285.51   0.97555E-03   0.75922E-03   0.76140E-03
 6299.11   0.96928E-03   0.75375E-03   0.75633E-03
 6312.72   0.96304E-03   0.74831E-03   0.75131E-03
 6326.32   0.95681E-03   0.74290E-03   0.74630E-03
 6339.93   0.95058E-03   0.73750E-03   0.74131E-03
 6353.53   0.94436E-03   0.73212E-03   0.73632E-03
 6367.14   0.93814E-03   0.72676E-03   0.73135E-03
 6380.74   0.93193E-03   0.72142E-03   0.72639E-03
 6394.35   0.92569E-03   0.71607E-03   0.72141E-03
 6407.95   0.91971E-03   0.71092E-03   0.71665E-03
 6421.56   0.91461E-03   0.70648E-03   0.71259E-03
 6435.16   0.90840E-03   0.70119E-03   0.70766E-03
 6448.77   0.90251E-03   0.69614E-03   0.70299E-03
 6462.37   0.89672E-03   0.69119E-03   0.69841E-03
 6475.98   0.89098E-03   0.68629E-03   0.69387E-03
 6489.58   0.88526E-03   0.68143E-03   0.68936E-03
 6503.19   0.87954E-03   0.67657E-03   0.68486E-03
 6516.79   0.87382E-03   0.67172E-03   0.68036E-03
 6530.40   0.86807E-03   0.66687E-03   0.67584E-03
 6544.00   0.86226E-03   0.66198E-03   0.67129E-03
 6557.61   0.85610E-03   0.65684E-03   0.66647E-03
 6571.21   0.85032E-03   0.65199E-03   0.66195E-03
 6584.82   0.84634E-03   0.64853E-03   0.65884E-03
 6598.42   0.84067E-03   0.64379E-03   0.65442E-03
 6612.03   0.83519E-03   0.63921E-03   0.65016E-03
 6625.63   0.82982E-03   0.63471E-03   0.64599E-03
 6639.24   0.82452E-03   0.63028E-03   0.64188E-03
 6652.84   0.81925E-03   0.62589E-03   0.63780E-03
 6666.45   0.81400E-03   0.62152E-03   0.63374E-03
 6680.05   0.80874E-03   0.61716E-03   0.62968E-03
 6693.66   0.80343E-03   0.61277E-03   0.62559E-03
 6707.26   0.79799E-03   0.60829E-03   0.62140E-03
 6720.87   0.79268E-03   0.60392E-03   0.61731E-03
 6734.47   0.78904E-03   0.60081E-03   0.61454E-03
 6748.08   0.78336E-03   0.59619E-03   0.61019E-03
 6761.68   0.77813E-03   0.59191E-03   0.60618E-03
 6775.29   0.77303E-03   0.58774E-03   0.60229E-03
 6788.89   0.76803E-03   0.58365E-03   0.59847E-03
 6802.50   0.76311E-03   0.57962E-03   0.59472E-03
 6816.10   0.75824E-03   0.57565E-03   0.59102E-03
 6829.71   0.75340E-03   0.57171E-03   0.58735E-03
 6843.31   0.74857E-03   0.56778E-03   0.58369E-03
 6856.92   0.74371E-03   0.56384E-03   0.58001E-03
 6870.52   0.73866E-03   0.55977E-03   0.57618E-03
 6884.13   0.73367E-03   0.55575E-03   0.57240E-03
 6897.73   0.73016E-03   0.55284E-03   0.56979E-03
 6911.34   0.72515E-03   0.54883E-03   0.56601E-03
 6924.94   0.72033E-03   0.54496E-03   0.56238E-03
 6938.55   0.71559E-03   0.54117E-03   0.55883E-03
 6952.15   0.71093E-03   0.53743E-03   0.55533E-03
 6965.76   0.70634E-03   0.53376E-03   0.55189E-03
 6979.36   0.70181E-03   0.53014E-03   0.54850E-03
 6992.97   0.69733E-03   0.52657E-03   0.54516E-03
 7006.57   0.69289E-03   0.52303E-03   0.54186E-03
 7020.18   0.68845E-03   0.51950E-03   0.53855E-03
 7033.78   0.68388E-03   0.51588E-03   0.53515E-03
 7047.39   0.67927E-03   0.51224E-03   0.53172E-03
 7060.99   0.67572E-03   0.50940E-03   0.52913E-03
 7074.60   0.67124E-03   0.50587E-03   0.52580E-03
 7088.20   0.66682E-03   0.50240E-03   0.52253E-03
 7101.81   0.66245E-03   0.49896E-03   0.51930E-03
 7115.41   0.65810E-03   0.49555E-03   0.51609E-03
 7129.02   0.65381E-03   0.49219E-03   0.51293E-03
 7142.62   0.64957E-03   0.48887E-03   0.50981E-03
 7156.23   0.64539E-03   0.48561E-03   0.50674E-03
 7169.83   0.64126E-03   0.48239E-03   0.50372E-03
 7183.44   0.63717E-03   0.47920E-03   0.50073E-03
 7197.04   0.63305E-03   0.47601E-03   0.49773E-03
 7210.65   0.62893E-03   0.47281E-03   0.49471E-03
 7224.25   0.62525E-03   0.46996E-03   0.49204E-03
 7237.86   0.62121E-03   0.46683E-03   0.48910E-03
 7251.46   0.61718E-03   0.46373E-03   0.48617E-03
 7265.07   0.61316E-03   0.46063E-03   0.48325E-03
 7278.67   0.60914E-03   0.45754E-03   0.48033E-03
 7292.28   0.60514E-03   0.45447E-03   0.47743E-03
 7305.88   0.60117E-03   0.45143E-03   0.47455E-03
 7319.49   0.59725E-03   0.44843E-03   0.47171E-03
 7333.09   0.59336E-03   0.44547E-03   0.46891E-03
 7346.70   0.58953E-03   0.44254E-03   0.46614E-03
 7360.30   0.58571E-03   0.43963E-03   0.46340E-03
 7373.91   0.58201E-03   0.43683E-03   0.46076E-03
 7387.51   0.57846E-03   0.43413E-03   0.45820E-03
 7401.12   0.57475E-03   0.43132E-03   0.45555E-03
 7414.72   0.57106E-03   0.42853E-03   0.45292E-03
 7428.33   0.56738E-03   0.42576E-03   0.45029E-03
 7441.93   0.56370E-03   0.42298E-03   0.44765E-03
 7455.54   0.56001E-03   0.42020E-03   0.44501E-03
 7469.14   0.55632E-03   0.41743E-03   0.44238E-03
 7482.75   0.55265E-03   0.41468E-03   0.43975E-03
 7496.35   0.54899E-03   0.41194E-03   0.43715E-03
 7509.96   0.54536E-03   0.40923E-03   0.43456E-03
 7523.56   0.54171E-03   0.40650E-03   0.43196E-03
 7537.17   0.53830E-03   0.40396E-03   0.42956E-03
 7550.77   0.53524E-03   0.40168E-03   0.42741E-03
 7564.38   0.53167E-03   0.39903E-03   0.42489E-03
 7577.98   0.52824E-03   0.39649E-03   0.42247E-03
 7591.59   0.52485E-03   0.39398E-03   0.42009E-03
 7605.19   0.52147E-03   0.39148E-03   0.41771E-03
 7618.80   0.51809E-03   0.38899E-03   0.41533E-03
 7632.40   0.51470E-03   0.38649E-03   0.41295E-03
 7646.01   0.51131E-03   0.38399E-03   0.41055E-03
 7659.61   0.50790E-03   0.38149E-03   0.40816E-03
 7673.22   0.50449E-03   0.37898E-03   0.40575E-03
 7686.82   0.50103E-03   0.37645E-03   0.40330E-03
 7700.43   0.49717E-03   0.37361E-03   0.40052E-03
 7714.03   0.49569E-03   0.37257E-03   0.39971E-03
 7727.64   0.49183E-03   0.36975E-03   0.39694E-03
 7741.24   0.48853E-03   0.36735E-03   0.39463E-03
 7754.85   0.48534E-03   0.36503E-03   0.39241E-03
 7768.45   0.48220E-03   0.36275E-03   0.39023E-03
 7782.06   0.47908E-03   0.36050E-03   0.38807E-03
 7795.66   0.47598E-03   0.35825E-03   0.38592E-03
 7809.27   0.47287E-03   0.35601E-03   0.38376E-03
 7822.87   0.46975E-03   0.35376E-03   0.38160E-03
 7836.48   0.46661E-03   0.35149E-03   0.37941E-03
 7850.08   0.46342E-03   0.34919E-03   0.37718E-03
 7863.69   0.46006E-03   0.34676E-03   0.37480E-03
 7877.29   0.45702E-03   0.34459E-03   0.37270E-03
 7890.90   0.45511E-03   0.34328E-03   0.37155E-03
 7904.50   0.45179E-03   0.34089E-03   0.36921E-03
 7918.11   0.44872E-03   0.33869E-03   0.36708E-03
 7931.71   0.44574E-03   0.33657E-03   0.36502E-03
 7945.32   0.44282E-03   0.33449E-03   0.36302E-03
 7958.92   0.43994E-03   0.33245E-03   0.36105E-03
 7972.53   0.43708E-03   0.33042E-03   0.35909E-03
 7986.13   0.43423E-03   0.32841E-03   0.35714E-03
 7999.74   0.43137E-03   0.32639E-03   0.35519E-03
 8013.34   0.42849E-03   0.32435E-03   0.35321E-03
 8026.95   0.42553E-03   0.32225E-03   0.35116E-03
 8040.55   0.42223E-03   0.31989E-03   0.34881E-03
 8054.16   0.41935E-03   0.31785E-03   0.34681E-03
 8067.76   0.41782E-03   0.31687E-03   0.34601E-03
 8081.37   0.41483E-03   0.31476E-03   0.34392E-03
 8094.97   0.41198E-03   0.31275E-03   0.34196E-03
 8108.58   0.40921E-03   0.31081E-03   0.34005E-03
 8122.18   0.40649E-03   0.30890E-03   0.33820E-03
 8135.79   0.40381E-03   0.30703E-03   0.33638E-03
 8149.39   0.40116E-03   0.30519E-03   0.33459E-03
 8163.00   0.39854E-03   0.30337E-03   0.33282E-03
 8176.60   0.39593E-03   0.30156E-03   0.33105E-03
 8190.21   0.39330E-03   0.29974E-03   0.32927E-03
 8203.81   0.39061E-03   0.29787E-03   0.32744E-03
 8217.42   0.38748E-03   0.29566E-03   0.32522E-03
 8231.02   0.38654E-03   0.29515E-03   0.32489E-03
 8244.63   0.38340E-03   0.29293E-03   0.32265E-03
 8258.23   0.38071E-03   0.29106E-03   0.32080E-03
 8271.84   0.37809E-03   0.28925E-03   0.31901E-03
 8285.44   0.37552E-03   0.28746E-03   0.31725E-03
 8299.05   0.37298E-03   0.28572E-03   0.31553E-03
 8312.65   0.37048E-03   0.28400E-03   0.31384E-03
 8326.26   0.36802E-03   0.28231E-03   0.31218E-03
 8339.86   0.36558E-03   0.28065E-03   0.31055E-03
 8353.47   0.36318E-03   0.27901E-03   0.30894E-03
 8367.07   0.36078E-03   0.27738E-03   0.30734E-03
 8380.68   0.35835E-03   0.27574E-03   0.30572E-03
 8394.28   0.35577E-03   0.27396E-03   0.30394E-03
 8407.89   0.35420E-03   0.27295E-03   0.30301E-03
 8421.49   0.35159E-03   0.27117E-03   0.30123E-03
 8435.10   0.34918E-03   0.26952E-03   0.29960E-03
 8448.70   0.34679E-03   0.26790E-03   0.29799E-03
 8462.31   0.34442E-03   0.26629E-03   0.29639E-03
 8475.91   0.34207E-03   0.26469E-03   0.29479E-03
 8489.52   0.33974E-03   0.26311E-03   0.29322E-03
 8503.12   0.33744E-03   0.26155E-03   0.29167E-03
 8516.73   0.33517E-03   0.26002E-03   0.29015E-03
 8530.33   0.33293E-03   0.25851E-03   0.28865E-03
 8543.94   0.33071E-03   0.25703E-03   0.28718E-03
 8557.54   0.32850E-03   0.25556E-03   0.28573E-03
 8571.15   0.32618E-03   0.25404E-03   0.28423E-03
 8584.75   0.32450E-03   0.25285E-03   0.28303E-03
 8598.36   0.32221E-03   0.25135E-03   0.28155E-03
 8611.96   0.32003E-03   0.24991E-03   0.28011E-03
 8625.57   0.31787E-03   0.24847E-03   0.27867E-03
 8639.17   0.31571E-03   0.24703E-03   0.27723E-03
 8652.78   0.31356E-03   0.24559E-03   0.27578E-03
 8666.38   0.31141E-03   0.24415E-03   0.27434E-03
 8679.99   0.30927E-03   0.24271E-03   0.27289E-03
 8693.59   0.30715E-03   0.24130E-03   0.27147E-03
 8707.20   0.30505E-03   0.23990E-03   0.27006E-03
 8720.80   0.30298E-03   0.23852E-03   0.26867E-03
 8734.41   0.30091E-03   0.23716E-03   0.26730E-03
 8748.01   0.29879E-03   0.23577E-03   0.26592E-03
 8761.62   0.29687E-03   0.23453E-03   0.26468E-03
 8775.22   0.29514E-03   0.23335E-03   0.26348E-03
 8788.83   0.29314E-03   0.23204E-03   0.26218E-03
 8802.43   0.29117E-03   0.23076E-03   0.26089E-03
 8816.04   0.28921E-03   0.22948E-03   0.25959E-03
 8829.64   0.28725E-03   0.22819E-03   0.25829E-03
 8843.25   0.28529E-03   0.22690E-03   0.25699E-03
 8856.85   0.28333E-03   0.22560E-03   0.25567E-03
 8870.46   0.28137E-03   0.22430E-03   0.25435E-03
 8884.06   0.27942E-03   0.22301E-03   0.25303E-03
 8897.67   0.27747E-03   0.22172E-03   0.25171E-03
 8911.27   0.27552E-03   0.22043E-03   0.25039E-03
 8924.88   0.27353E-03   0.21911E-03   0.24904E-03
 8938.48   0.27176E-03   0.21798E-03   0.24791E-03
 8952.09   0.27033E-03   0.21708E-03   0.24702E-03
 8965.69   0.26839E-03   0.21581E-03   0.24572E-03
 8979.30   0.26656E-03   0.21462E-03   0.24451E-03
 8992.90   0.26476E-03   0.21346E-03   0.24333E-03
 9006.51   0.26297E-03   0.21231E-03   0.24216E-03
 9020.11   0.26119E-03   0.21116E-03   0.24098E-03
 9033.72   0.25940E-03   0.21000E-03   0.23980E-03
 9047.32   0.25762E-03   0.20884E-03   0.23861E-03
 9060.93   0.25582E-03   0.20766E-03   0.23740E-03
 9074.53   0.25403E-03   0.20648E-03   0.23618E-03
 9088.14   0.25222E-03   0.20529E-03   0.23494E-03
 9101.74   0.25037E-03   0.20405E-03   0.23365E-03
 9115.35   0.24817E-03   0.20250E-03   0.23200E-03
 9128.95   0.24795E-03   0.20273E-03   0.23241E-03
 9142.56   0.24572E-03   0.20114E-03   0.23071E-03
 9156.16   0.24394E-03   0.19997E-03   0.22949E-03
 9169.77   0.24225E-03   0.19888E-03   0.22836E-03
 9183.37   0.24059E-03   0.19782E-03   0.22726E-03
 9196.98   0.23896E-03   0.19677E-03   0.22619E-03
 9210.58   0.23733E-03   0.19574E-03   0.22512E-03
 9224.19   0.23571E-03   0.19470E-03   0.22405E-03
 9237.79   0.23409E-03   0.19366E-03   0.22297E-03
 9251.40   0.23246E-03   0.19261E-03   0.22188E-03
 9265.00   0.23082E-03   0.19154E-03   0.22076E-03
 9278.61   0.22915E-03   0.19044E-03   0.21960E-03
 9292.21   0.22737E-03   0.18923E-03   0.21831E-03
 9305.82   0.22584E-03   0.18825E-03   0.21730E-03
 9319.42   0.22508E-03   0.18801E-03   0.21715E-03
 9333.03   0.22324E-03   0.18673E-03   0.21578E-03
 9346.63   0.22161E-03   0.18565E-03   0.21464E-03
 9360.24   0.22005E-03   0.18464E-03   0.21357E-03
 9373.84   0.21852E-03   0.18366E-03   0.21254E-03
 9387.45   0.21702E-03   0.18270E-03   0.21154E-03
 9401.05   0.21553E-03   0.18176E-03   0.21056E-03
 9414.66   0.21406E-03   0.18083E-03   0.20959E-03
 9428.26   0.21259E-03   0.17990E-03   0.20862E-03
 9441.87   0.21111E-03   0.17897E-03   0.20763E-03
 9455.47   0.20963E-03   0.17801E-03   0.20663E-03
 9469.08   0.20810E-03   0.17702E-03   0.20557E-03
 9482.68   0.20642E-03   0.17586E-03   0.20432E-03
 9496.29   0.20502E-03   0.17495E-03   0.20336E-03
 9509.89   0.20432E-03   0.17477E-03   0.20326E-03
 9523.50   0.20272E-03   0.17367E-03   0.20207E-03
 9537.10   0.20123E-03   0.17269E-03   0.20102E-03
 9550.71   0.19980E-03   0.17175E-03   0.20002E-03
 9564.31   0.19839E-03   0.17084E-03   0.19905E-03
 9577.92   0.19700E-03   0.16995E-03   0.19811E-03
 9591.52   0.19564E-03   0.16909E-03   0.19719E-03
 9605.13   0.19429E-03   0.16824E-03   0.19629E-03
 9618.73   0.19295E-03   0.16740E-03   0.19540E-03
 9632.34   0.19161E-03   0.16657E-03   0.19452E-03
 9645.94   0.19027E-03   0.16573E-03   0.19363E-03
 9659.55   0.18891E-03   0.16486E-03   0.19270E-03
 9673.15   0.18739E-03   0.16385E-03   0.19160E-03
 9686.76   0.18610E-03   0.16301E-03   0.19069E-03
 9700.36   0.18539E-03   0.16274E-03   0.19046E-03
 9713.97   0.18398E-03   0.16180E-03   0.18945E-03
 9727.57   0.18263E-03   0.16092E-03   0.18850E-03
 9741.18   0.18132E-03   0.16007E-03   0.18757E-03
 9754.78   0.18003E-03   0.15923E-03   0.18667E-03
 9768.39   0.17875E-03   0.15841E-03   0.18578E-03
 9781.99   0.17749E-03   0.15760E-03   0.18491E-03
 9795.60   0.17625E-03   0.15682E-03   0.18406E-03
 9809.20   0.17503E-03   0.15605E-03   0.18323E-03
 9822.81   0.17381E-03   0.15529E-03   0.18242E-03
 9836.41   0.17260E-03   0.15454E-03   0.18162E-03
 9850.02   0.17138E-03   0.15379E-03   0.18081E-03
 9863.62   0.17006E-03   0.15298E-03   0.17993E-03
 9877.23   0.16890E-03   0.15222E-03   0.17910E-03
 9890.83   0.16812E-03   0.15177E-03   0.17863E-03
 9904.44   0.16687E-03   0.15098E-03   0.17777E-03
 9918.04   0.16567E-03   0.15022E-03   0.17694E-03
 9931.65   0.16448E-03   0.14946E-03   0.17611E-03
 9945.25   0.16331E-03   0.14870E-03   0.17528E-03
 9958.86   0.16214E-03   0.14794E-03   0.17445E-03
 9972.46   0.16099E-03   0.14720E-03   0.17363E-03
 9986.07   0.15985E-03   0.14646E-03   0.17282E-03
 9999.67   0.15872E-03   0.14574E-03   0.17203E-03
