   13.60   0.87824E-01   0.88353E-01   0.16565E-03
   27.21   0.89149E-01   0.87305E-01   0.24502E-01
   40.81   0.68837E-01   0.67372E-01   0.31395E-01
   54.42   0.51700E-01   0.50850E-01   0.28810E-01
   68.02   0.39186E-01   0.39428E-01   0.24835E-01
   81.63   0.31211E-01   0.31562E-01   0.21315E-01
   95.23   0.26726E-01   0.26040E-01   0.18471E-01
  108.84   0.21870E-01   0.22002E-01   0.16193E-01
  122.44   0.18984E-01   0.18926E-01   0.14372E-01
  136.05   0.16831E-01   0.16578E-01   0.12879E-01
  149.65   0.14471E-01   0.14634E-01   0.11609E-01
  163.26   0.13319E-01   0.13041E-01   0.10503E-01
  176.86   0.11511E-01   0.11649E-01   0.95216E-02
  190.47   0.10644E-01   0.10482E-01   0.86558E-02
  204.07   0.94551E-02   0.94506E-02   0.78919E-02
  217.68   0.85445E-02   0.85864E-02   0.72225E-02
  231.28   0.80203E-02   0.78187E-02   0.66348E-02
  244.89   0.69629E-02   0.71674E-02   0.61195E-02
  258.49   0.68370E-02   0.65925E-02   0.56637E-02
  272.10   0.59876E-02   0.60869E-02   0.52634E-02
  285.70   0.56457E-02   0.56538E-02   0.49084E-02
  299.31   0.54343E-02   0.52568E-02   0.45911E-02
  312.91   0.47492E-02   0.49162E-02   0.43118E-02
  326.52   0.47132E-02   0.46106E-02   0.40577E-02
  340.12   0.44146E-02   0.43272E-02   0.38280E-02
  353.73   0.39273E-02   0.40773E-02   0.36172E-02
  367.33   0.39660E-02   0.38465E-02   0.34226E-02
  380.94   0.36919E-02   0.36307E-02   0.32445E-02
  394.54   0.33025E-02   0.34380E-02   0.30790E-02
  408.15   0.33505E-02   0.32587E-02   0.29250E-02
  421.75   0.31714E-02   0.30904E-02   0.27844E-02
  435.36   0.28145E-02   0.29387E-02   0.26528E-02
  448.96   0.28314E-02   0.27997E-02   0.25311E-02
  462.57   0.27830E-02   0.26662E-02   0.24182E-02
  476.17   0.24610E-02   0.25442E-02   0.23126E-02
  489.78   0.23858E-02   0.24343E-02   0.22146E-02
  503.38   0.24474E-02   0.23287E-02   0.21236E-02
  516.99   0.22327E-02   0.22292E-02   0.20383E-02
  530.59   0.20374E-02   0.21398E-02   0.19583E-02
  544.20   0.20996E-02   0.20565E-02   0.18842E-02
  557.80   0.20671E-02   0.19751E-02   0.18144E-02
  571.41   0.18387E-02   0.19001E-02   0.17484E-02
  585.01   0.17664E-02   0.18323E-02   0.16868E-02
  598.62   0.18437E-02   0.17657E-02   0.16279E-02
  612.22   0.17545E-02   0.17013E-02   0.15723E-02
  625.83   0.15634E-02   0.16415E-02   0.15186E-02
  639.43   0.15472E-02   0.15876E-02   0.14691E-02
  653.04   0.16136E-02   0.15334E-02   0.14211E-02
  666.64   0.15166E-02   0.14811E-02   0.13756E-02
  680.25   0.13575E-02   0.14337E-02   0.13325E-02
  693.85   0.13519E-02   0.13886E-02   0.12907E-02
  707.46   0.14151E-02   0.13443E-02   0.12512E-02
  721.06   0.13399E-02   0.13014E-02   0.12136E-02
  734.67   0.11972E-02   0.12621E-02   0.11779E-02
  748.27   0.11777E-02   0.12254E-02   0.11435E-02
  761.88   0.12426E-02   0.11891E-02   0.11107E-02
  775.48   0.12075E-02   0.11534E-02   0.10795E-02
  789.09   0.10786E-02   0.11205E-02   0.10497E-02
  802.69   0.10268E-02   0.10902E-02   0.10212E-02
  816.30   0.10815E-02   0.10605E-02   0.99380E-03
  829.90   0.10959E-02   0.10308E-02   0.96755E-03
  843.51   0.99823E-03   0.10029E-02   0.94265E-03
  857.11   0.91090E-03   0.97729E-03   0.91867E-03
  870.72   0.92969E-03   0.95285E-03   0.89562E-03
  884.32   0.98103E-03   0.92820E-03   0.87336E-03
  897.93   0.94278E-03   0.90430E-03   0.85225E-03
  911.53   0.84281E-03   0.88177E-03   0.83161E-03
  925.14   0.80379E-03   0.86102E-03   0.81184E-03
  938.74   0.84816E-03   0.84055E-03   0.79270E-03
  952.35   0.87571E-03   0.81955E-03   0.77390E-03
  965.95   0.81478E-03   0.79995E-03   0.75643E-03
  979.56   0.73167E-03   0.78147E-03   0.73917E-03
  993.16   0.71970E-03   0.76413E-03   0.72253E-03
 1006.77   0.76706E-03   0.74674E-03   0.70636E-03
 1020.37   0.78010E-03   0.72945E-03   0.69092E-03
 1033.98   0.71612E-03   0.71261E-03   0.67576E-03
 1047.58   0.64658E-03   0.69715E-03   0.66116E-03
 1061.19   0.64348E-03   0.68256E-03   0.64708E-03
 1074.79   0.68814E-03   0.66787E-03   0.63339E-03
 1088.40   0.69938E-03   0.65320E-03   0.62027E-03
 1102.00   0.64286E-03   0.63899E-03   0.60744E-03
 1115.61   0.57948E-03   0.62588E-03   0.59503E-03
 1129.21   0.57296E-03   0.61353E-03   0.58304E-03
 1142.82   0.61316E-03   0.60121E-03   0.57146E-03
 1156.42   0.63198E-03   0.58871E-03   0.56022E-03
 1170.03   0.58942E-03   0.57657E-03   0.54929E-03
 1183.63   0.52814E-03   0.56530E-03   0.53868E-03
 1197.24   0.50987E-03   0.55476E-03   0.52841E-03
 1210.84   0.54139E-03   0.54439E-03   0.51851E-03
 1224.45   0.57129E-03   0.53378E-03   0.50886E-03
 1238.05   0.54956E-03   0.52331E-03   0.49948E-03
 1251.66   0.49268E-03   0.51344E-03   0.49034E-03
 1265.26   0.45801E-03   0.50426E-03   0.48141E-03
 1278.87   0.47251E-03   0.49550E-03   0.47288E-03
 1292.47   0.50820E-03   0.48645E-03   0.46445E-03
 1306.08   0.51266E-03   0.47734E-03   0.45628E-03
 1319.68   0.47082E-03   0.46857E-03   0.44830E-03
 1333.29   0.42340E-03   0.46038E-03   0.44048E-03
 1346.89   0.41324E-03   0.45284E-03   0.43305E-03
 1360.50   0.44086E-03   0.44506E-03   0.42556E-03
 1374.10   0.46766E-03   0.43718E-03   0.41835E-03
 1387.71   0.45464E-03   0.42937E-03   0.41133E-03
 1401.31   0.40948E-03   0.42195E-03   0.40447E-03
 1414.92   0.37472E-03   0.41498E-03   0.39769E-03
 1428.52   0.37805E-03   0.40851E-03   0.39129E-03
 1442.13   0.40805E-03   0.40180E-03   0.38490E-03
 1455.73   0.42640E-03   0.39496E-03   0.37869E-03
 1469.34   0.40623E-03   0.38825E-03   0.37264E-03
 1482.94   0.36381E-03   0.38191E-03   0.36671E-03
 1496.55   0.33714E-03   0.37611E-03   0.36101E-03
 1510.15   0.34494E-03   0.37038E-03   0.35534E-03
 1523.76   0.37343E-03   0.36457E-03   0.34983E-03
 1537.36   0.38812E-03   0.35865E-03   0.34446E-03
 1550.97   0.36797E-03   0.35286E-03   0.33923E-03
 1564.57   0.32923E-03   0.34741E-03   0.33410E-03
 1578.18   0.30511E-03   0.34238E-03   0.32914E-03
 1591.78   0.31188E-03   0.33746E-03   0.32425E-03
 1605.39   0.33815E-03   0.33244E-03   0.31947E-03
 1618.99   0.35407E-03   0.32732E-03   0.31480E-03
 1632.60   0.33902E-03   0.32227E-03   0.31025E-03
 1646.20   0.30426E-03   0.31753E-03   0.30581E-03
 1659.81   0.27884E-03   0.31311E-03   0.30146E-03
 1673.41   0.28043E-03   0.30885E-03   0.29720E-03
 1687.02   0.30321E-03   0.30452E-03   0.29301E-03
 1700.62   0.32274E-03   0.30006E-03   0.28891E-03
 1714.23   0.31642E-03   0.29559E-03   0.28489E-03
 1727.83   0.28701E-03   0.29139E-03   0.28101E-03
 1741.44   0.25852E-03   0.28745E-03   0.27717E-03
 1755.04   0.25152E-03   0.28371E-03   0.27341E-03
 1768.65   0.26772E-03   0.27996E-03   0.26971E-03
 1782.25   0.29013E-03   0.27608E-03   0.26608E-03
 1795.86   0.29529E-03   0.27210E-03   0.26247E-03
 1809.46   0.27545E-03   0.26837E-03   0.25907E-03
 1823.07   0.24597E-03   0.26477E-03   0.25565E-03
 1836.67   0.22910E-03   0.26143E-03   0.25231E-03
 1850.28   0.23475E-03   0.25817E-03   0.24903E-03
 1863.88   0.25554E-03   0.25483E-03   0.24580E-03
 1877.49   0.27158E-03   0.25134E-03   0.24260E-03
 1891.09   0.26619E-03   0.24800E-03   0.23959E-03
 1904.70   0.24170E-03   0.24468E-03   0.23652E-03
 1918.30   0.21703E-03   0.24162E-03   0.23353E-03
 1931.91   0.20886E-03   0.23873E-03   0.23061E-03
 1945.51   0.22040E-03   0.23586E-03   0.22775E-03
 1959.12   0.24052E-03   0.23288E-03   0.22492E-03
 1972.72   0.25069E-03   0.22993E-03   0.22224E-03
 1986.33   0.23970E-03   0.22688E-03   0.21947E-03
 1999.93   0.21517E-03   0.22403E-03   0.21680E-03
 2013.54   0.19483E-03   0.22139E-03   0.21419E-03
 2027.14   0.19121E-03   0.21887E-03   0.21163E-03
 2040.75   0.20447E-03   0.21635E-03   0.20912E-03
 2054.35   0.22293E-03   0.21371E-03   0.20662E-03
 2067.96   0.23021E-03   0.21109E-03   0.20425E-03
 2081.56   0.21828E-03   0.20846E-03   0.20186E-03
 2095.17   0.19546E-03   0.20597E-03   0.19951E-03
 2108.77   0.17764E-03   0.20366E-03   0.19721E-03
 2122.38   0.17528E-03   0.20146E-03   0.19496E-03
 2135.98   0.18807E-03   0.19924E-03   0.19275E-03
 2149.59   0.20553E-03   0.19695E-03   0.19058E-03
 2163.19   0.21290E-03   0.19459E-03   0.18844E-03
 2176.80   0.20277E-03   0.19226E-03   0.18633E-03
 2190.40   0.18192E-03   0.19005E-03   0.18425E-03
 2204.01   0.16450E-03   0.18799E-03   0.18221E-03
 2217.61   0.16058E-03   0.18603E-03   0.18020E-03
 2231.22   0.17098E-03   0.18407E-03   0.17824E-03
 2244.82   0.18746E-03   0.18205E-03   0.17630E-03
 2258.43   0.19683E-03   0.17996E-03   0.17440E-03
 2272.03   0.19051E-03   0.17787E-03   0.17252E-03
 2285.64   0.17219E-03   0.17588E-03   0.17066E-03
 2299.24   0.15404E-03   0.17402E-03   0.16883E-03
 2312.85   0.14660E-03   0.17226E-03   0.16703E-03
 2326.45   0.15286E-03   0.17051E-03   0.16525E-03
 2340.06   0.16770E-03   0.16876E-03   0.16355E-03
 2353.66   0.17995E-03   0.16692E-03   0.16184E-03
 2367.27   0.17951E-03   0.16505E-03   0.16016E-03
 2380.87   0.16563E-03   0.16325E-03   0.15850E-03
 2394.48   0.14740E-03   0.16155E-03   0.15686E-03
 2408.08   0.13577E-03   0.15995E-03   0.15524E-03
 2421.69   0.13643E-03   0.15840E-03   0.15364E-03
 2435.29   0.14787E-03   0.15688E-03   0.15212E-03
 2448.90   0.16206E-03   0.15526E-03   0.15058E-03
 2462.50   0.16849E-03   0.15360E-03   0.14907E-03
 2476.11   0.16158E-03   0.15195E-03   0.14759E-03
 2489.71   0.14549E-03   0.15039E-03   0.14612E-03
 2503.32   0.13023E-03   0.14891E-03   0.14466E-03
 2516.92   0.12400E-03   0.14751E-03   0.14322E-03
 2530.53   0.12925E-03   0.14620E-03   0.14186E-03
 2544.13   0.14202E-03   0.14478E-03   0.14047E-03
 2557.74   0.15374E-03   0.14332E-03   0.13911E-03
 2571.34   0.15568E-03   0.14184E-03   0.13778E-03
 2584.95   0.14568E-03   0.14039E-03   0.13646E-03
 2598.55   0.12991E-03   0.13902E-03   0.13516E-03
 2612.16   0.11751E-03   0.13772E-03   0.13385E-03
 2625.76   0.11463E-03   0.13656E-03   0.13264E-03
 2639.37   0.12179E-03   0.13533E-03   0.13138E-03
 2652.97   0.13441E-03   0.13406E-03   0.13015E-03
 2666.58   0.14422E-03   0.13275E-03   0.12894E-03
 2680.18   0.14404E-03   0.13142E-03   0.12775E-03
 2693.79   0.13337E-03   0.13014E-03   0.12658E-03
 2707.39   0.11862E-03   0.12893E-03   0.12541E-03
 2721.00   0.10798E-03   0.12783E-03   0.12430E-03
 2734.60   0.10626E-03   0.12674E-03   0.12316E-03
 2748.21   0.11359E-03   0.12564E-03   0.12204E-03
 2761.81   0.12547E-03   0.12450E-03   0.12093E-03
 2775.42   0.13435E-03   0.12332E-03   0.11985E-03
 2789.02   0.13391E-03   0.12213E-03   0.11878E-03
 2802.63   0.12387E-03   0.12098E-03   0.11773E-03
 2816.23   0.11004E-03   0.11990E-03   0.11669E-03
 2829.84   0.99828E-04   0.11889E-03   0.11567E-03
 2843.44   0.97717E-04   0.11792E-03   0.11465E-03
 2857.05   0.10404E-03   0.11694E-03   0.11364E-03
 2870.65   0.11505E-03   0.11592E-03   0.11265E-03
 2884.26   0.12410E-03   0.11487E-03   0.11167E-03
 2897.86   0.12510E-03   0.11379E-03   0.11070E-03
 2911.47   0.11689E-03   0.11275E-03   0.10975E-03
 2925.07   0.10414E-03   0.11177E-03   0.10882E-03
 2938.68   0.93604E-04   0.11086E-03   0.10789E-03
 2952.28   0.89991E-04   0.10998E-03   0.10698E-03
 2965.89   0.94384E-04   0.10911E-03   0.10607E-03
 2979.49   0.10423E-03   0.10821E-03   0.10517E-03
 2993.10   0.11399E-03   0.10726E-03   0.10429E-03
 3006.70   0.11755E-03   0.10629E-03   0.10341E-03
 3020.31   0.11230E-03   0.10533E-03   0.10255E-03
 3033.91   0.10108E-03   0.10445E-03   0.10171E-03
 3047.52   0.89885E-04   0.10360E-03   0.10087E-03
 3061.12   0.83903E-04   0.10280E-03   0.10005E-03
 3074.73   0.85311E-04   0.10203E-03   0.99230E-04
 3088.33   0.93028E-04   0.10123E-03   0.98420E-04
 3101.94   0.10298E-03   0.10039E-03   0.97617E-04
 3115.54   0.10941E-03   0.99516E-04   0.96817E-04
 3129.15   0.10815E-03   0.98631E-04   0.96021E-04
 3142.75   0.99634E-04   0.97833E-04   0.95291E-04
 3156.36   0.88338E-04   0.97039E-04   0.94525E-04
 3169.96   0.79781E-04   0.96305E-04   0.93776E-04
 3183.57   0.77392E-04   0.95604E-04   0.93037E-04
 3197.17   0.81715E-04   0.94903E-04   0.92305E-04
 3210.78   0.90500E-04   0.94172E-04   0.91579E-04
 3224.38   0.99144E-04   0.93400E-04   0.90854E-04
 3237.99   0.10259E-03   0.92594E-04   0.90123E-04
 3251.59   0.98594E-04   0.91870E-04   0.89474E-04
 3265.20   0.89051E-04   0.91119E-04   0.88772E-04
 3278.80   0.78899E-04   0.90424E-04   0.88087E-04
 3292.41   0.72644E-04   0.89776E-04   0.87414E-04
 3306.01   0.72531E-04   0.89149E-04   0.86749E-04
 3319.62   0.78255E-04   0.88512E-04   0.86091E-04
 3333.22   0.87082E-04   0.87842E-04   0.85436E-04
 3346.83   0.94459E-04   0.87130E-04   0.84776E-04
 3360.43   0.96201E-04   0.86461E-04   0.84178E-04
 3374.04   0.90961E-04   0.85749E-04   0.83533E-04
 3387.64   0.81480E-04   0.85081E-04   0.82904E-04
 3401.25   0.72353E-04   0.84460E-04   0.82285E-04
 3414.85   0.67373E-04   0.83877E-04   0.81675E-04
 3428.46   0.68175E-04   0.83309E-04   0.81074E-04
 3442.06   0.74141E-04   0.82730E-04   0.80479E-04
 3455.67   0.82509E-04   0.82115E-04   0.79881E-04
 3469.27   0.89091E-04   0.81510E-04   0.79326E-04
 3482.88   0.90083E-04   0.80854E-04   0.78737E-04
 3496.48   0.84724E-04   0.80217E-04   0.78160E-04
 3510.09   0.75657E-04   0.79613E-04   0.77589E-04
 3523.69   0.67107E-04   0.79051E-04   0.77027E-04
 3537.30   0.62465E-04   0.78524E-04   0.76472E-04
 3550.90   0.63174E-04   0.78011E-04   0.75926E-04
 3564.51   0.68684E-04   0.77488E-04   0.75387E-04
 3578.11   0.76544E-04   0.76937E-04   0.74849E-04
 3591.72   0.82946E-04   0.76374E-04   0.74328E-04
 3605.32   0.84375E-04   0.75789E-04   0.73803E-04
 3618.93   0.79850E-04   0.75212E-04   0.73281E-04
 3632.53   0.71553E-04   0.74662E-04   0.72763E-04
 3646.14   0.63302E-04   0.74148E-04   0.72251E-04
 3659.74   0.58356E-04   0.73666E-04   0.71745E-04
 3673.35   0.58280E-04   0.73200E-04   0.71246E-04
 3686.95   0.62861E-04   0.72729E-04   0.70755E-04
 3700.56   0.70183E-04   0.72241E-04   0.70272E-04
 3714.16   0.76910E-04   0.71727E-04   0.69793E-04
 3727.77   0.79594E-04   0.71198E-04   0.69317E-04
 3741.37   0.76669E-04   0.70672E-04   0.68844E-04
 3754.98   0.69487E-04   0.70165E-04   0.68373E-04
 3768.58   0.61365E-04   0.69688E-04   0.67906E-04
 3782.19   0.55588E-04   0.69242E-04   0.67443E-04
 3795.79   0.54065E-04   0.68812E-04   0.66985E-04
 3809.40   0.57095E-04   0.68387E-04   0.66535E-04
 3823.00   0.63448E-04   0.67960E-04   0.66104E-04
 3836.61   0.70424E-04   0.67497E-04   0.65664E-04
 3850.21   0.74707E-04   0.67019E-04   0.65230E-04
 3863.82   0.74003E-04   0.66537E-04   0.64800E-04
 3877.42   0.68509E-04   0.66067E-04   0.64373E-04
 3891.03   0.60748E-04   0.65622E-04   0.63947E-04
 3904.63   0.53963E-04   0.65204E-04   0.63522E-04
 3918.24   0.50523E-04   0.64803E-04   0.63097E-04
 3931.84   0.51355E-04   0.64407E-04   0.62674E-04
 3945.45   0.56034E-04   0.64051E-04   0.62302E-04
 3959.05   0.62669E-04   0.63635E-04   0.61894E-04
 3972.66   0.68410E-04   0.63206E-04   0.61496E-04
 3986.26   0.70436E-04   0.62768E-04   0.61102E-04
 3999.87   0.67595E-04   0.62333E-04   0.60712E-04
 4013.47   0.61139E-04   0.61914E-04   0.60324E-04
 4027.08   0.53878E-04   0.61519E-04   0.59935E-04
 4040.68   0.48570E-04   0.61141E-04   0.59542E-04
 4054.29   0.46862E-04   0.60766E-04   0.59142E-04
 4067.89   0.49171E-04   0.60468E-04   0.58819E-04
 4081.50   0.54527E-04   0.60096E-04   0.58439E-04
 4095.10   0.60928E-04   0.59713E-04   0.58069E-04
 4108.71   0.65581E-04   0.59316E-04   0.57706E-04
 4122.31   0.66215E-04   0.58914E-04   0.57348E-04
 4135.92   0.62411E-04   0.58520E-04   0.56992E-04
 4149.52   0.55856E-04   0.58143E-04   0.56638E-04
 4163.13   0.49264E-04   0.57784E-04   0.56280E-04
 4176.73   0.44971E-04   0.57436E-04   0.55916E-04
 4190.34   0.44255E-04   0.57160E-04   0.55614E-04
 4203.94   0.47104E-04   0.56827E-04   0.55261E-04
 4217.55   0.52553E-04   0.56487E-04   0.54918E-04
 4231.15   0.58534E-04   0.56133E-04   0.54581E-04
 4244.76   0.62459E-04   0.55767E-04   0.54249E-04
 4258.36   0.62428E-04   0.55399E-04   0.53921E-04
 4271.97   0.58346E-04   0.55039E-04   0.53597E-04
 4285.57   0.51967E-04   0.54697E-04   0.53274E-04
 4299.18   0.45816E-04   0.54372E-04   0.52948E-04
 4312.78   0.41990E-04   0.54097E-04   0.52656E-04
 4326.39   0.41464E-04   0.53797E-04   0.52332E-04
 4339.99   0.44280E-04   0.53499E-04   0.52016E-04
 4353.60   0.49467E-04   0.53189E-04   0.51702E-04
 4367.20   0.55112E-04   0.52865E-04   0.51394E-04
 4380.81   0.58834E-04   0.52529E-04   0.51089E-04
 4394.41   0.58878E-04   0.52192E-04   0.50789E-04
 4408.02   0.55121E-04   0.51864E-04   0.50493E-04
 4421.62   0.49140E-04   0.51552E-04   0.50199E-04
 4435.23   0.43266E-04   0.51270E-04   0.49917E-04
 4448.83   0.39422E-04   0.50993E-04   0.49624E-04
 4462.44   0.38638E-04   0.50727E-04   0.49335E-04
 4476.04   0.41003E-04   0.50458E-04   0.49048E-04
 4489.65   0.45740E-04   0.50177E-04   0.48761E-04
 4503.25   0.51196E-04   0.49882E-04   0.48478E-04
 4516.86   0.55186E-04   0.49575E-04   0.48197E-04
 4530.46   0.55918E-04   0.49265E-04   0.47921E-04
 4544.07   0.52982E-04   0.48961E-04   0.47649E-04
 4557.67   0.47589E-04   0.48674E-04   0.47382E-04
 4571.28   0.41835E-04   0.48405E-04   0.47116E-04
 4584.88   0.37651E-04   0.48153E-04   0.46852E-04
 4598.49   0.36175E-04   0.47911E-04   0.46589E-04
 4612.09   0.37690E-04   0.47669E-04   0.46327E-04
 4625.70   0.41701E-04   0.47416E-04   0.46065E-04
 4639.30   0.46905E-04   0.47149E-04   0.45804E-04
 4652.91   0.51364E-04   0.46869E-04   0.45545E-04
 4666.51   0.53192E-04   0.46582E-04   0.45288E-04
 4680.12   0.51521E-04   0.46295E-04   0.45033E-04
 4693.72   0.47010E-04   0.46023E-04   0.44785E-04
 4707.33   0.41433E-04   0.45779E-04   0.44549E-04
 4720.93   0.36712E-04   0.45542E-04   0.44305E-04
 4734.54   0.34210E-04   0.45318E-04   0.44064E-04
 4748.14   0.34486E-04   0.45098E-04   0.43824E-04
 4761.75   0.37378E-04   0.44872E-04   0.43584E-04
 4775.35   0.42016E-04   0.44633E-04   0.43343E-04
 4788.96   0.46825E-04   0.44379E-04   0.43103E-04
 4802.56   0.49929E-04   0.44114E-04   0.42863E-04
 4816.17   0.49967E-04   0.43835E-04   0.42615E-04
 4829.77   0.46936E-04   0.43630E-04   0.42435E-04
 4843.38   0.41895E-04   0.43364E-04   0.42185E-04
 4856.98   0.36777E-04   0.43134E-04   0.41956E-04
 4870.59   0.33154E-04   0.42922E-04   0.41733E-04
 4884.19   0.31931E-04   0.42719E-04   0.41511E-04
 4897.80   0.33321E-04   0.42517E-04   0.41291E-04
 4911.40   0.36908E-04   0.42305E-04   0.41070E-04
 4925.01   0.41614E-04   0.42080E-04   0.40849E-04
 4938.61   0.45800E-04   0.41839E-04   0.40626E-04
 4952.22   0.47789E-04   0.41571E-04   0.40385E-04
 4965.82   0.46828E-04   0.41401E-04   0.40241E-04
 4979.43   0.43069E-04   0.41139E-04   0.40002E-04
 4993.03   0.38068E-04   0.40913E-04   0.39786E-04
 5006.64   0.33502E-04   0.40707E-04   0.39577E-04
 5020.24   0.30667E-04   0.40514E-04   0.39371E-04
 5033.85   0.30196E-04   0.40329E-04   0.39168E-04
 5047.45   0.32123E-04   0.40142E-04   0.38966E-04
 5061.06   0.35911E-04   0.39945E-04   0.38763E-04
 5074.66   0.40417E-04   0.39734E-04   0.38559E-04
 5088.27   0.44045E-04   0.39495E-04   0.38339E-04
 5101.87   0.45474E-04   0.39343E-04   0.38211E-04
 5115.48   0.43880E-04   0.39089E-04   0.37983E-04
 5129.08   0.39985E-04   0.38868E-04   0.37780E-04
 5142.69   0.35185E-04   0.38664E-04   0.37584E-04
 5156.29   0.31029E-04   0.38475E-04   0.37391E-04
 5169.90   0.28620E-04   0.38300E-04   0.37201E-04
 5183.50   0.28462E-04   0.38130E-04   0.37014E-04
 5197.11   0.30522E-04   0.37958E-04   0.36829E-04
 5210.71   0.34254E-04   0.37778E-04   0.36643E-04
 5224.32   0.38553E-04   0.37579E-04   0.36452E-04
 5237.92   0.41932E-04   0.37358E-04   0.36249E-04
 5251.53   0.43162E-04   0.37196E-04   0.36109E-04
 5265.13   0.41602E-04   0.36985E-04   0.35922E-04
 5278.74   0.37881E-04   0.36784E-04   0.35739E-04
 5292.34   0.33326E-04   0.36596E-04   0.35558E-04
 5305.95   0.29374E-04   0.36422E-04   0.35380E-04
 5319.55   0.27052E-04   0.36259E-04   0.35204E-04
 5333.16   0.26833E-04   0.36103E-04   0.35032E-04
 5346.76   0.28707E-04   0.35946E-04   0.34861E-04
 5360.37   0.32198E-04   0.35781E-04   0.34692E-04
 5373.97   0.36319E-04   0.35603E-04   0.34519E-04
 5387.58   0.39731E-04   0.35432E-04   0.34364E-04
 5401.18   0.41132E-04   0.35240E-04   0.34194E-04
 5414.79   0.39957E-04   0.35049E-04   0.34026E-04
 5428.39   0.36619E-04   0.34863E-04   0.33857E-04
 5442.00   0.32300E-04   0.34688E-04   0.33690E-04
 5455.60   0.28358E-04   0.34525E-04   0.33525E-04
 5469.21   0.25826E-04   0.34373E-04   0.33362E-04
 5482.81   0.25225E-04   0.34227E-04   0.33201E-04
 5496.42   0.26625E-04   0.34082E-04   0.33043E-04
 5510.02   0.29681E-04   0.33933E-04   0.32887E-04
 5523.63   0.33589E-04   0.33776E-04   0.32733E-04
 5537.23   0.37137E-04   0.33610E-04   0.32579E-04
 5550.84   0.39067E-04   0.33437E-04   0.32426E-04
 5564.44   0.38623E-04   0.33261E-04   0.32272E-04
 5578.05   0.35937E-04   0.33088E-04   0.32118E-04
 5591.65   0.31954E-04   0.32923E-04   0.31963E-04
 5605.26   0.27952E-04   0.32768E-04   0.31809E-04
 5618.86   0.25018E-04   0.32624E-04   0.31656E-04
 5632.47   0.23788E-04   0.32486E-04   0.31505E-04
 5646.07   0.24456E-04   0.32350E-04   0.31356E-04
 5659.68   0.26850E-04   0.32216E-04   0.31212E-04
 5673.28   0.30389E-04   0.32078E-04   0.31073E-04
 5686.89   0.34065E-04   0.31925E-04   0.30929E-04
 5700.49   0.36674E-04   0.31767E-04   0.30787E-04
 5714.10   0.37255E-04   0.31605E-04   0.30646E-04
 5727.70   0.35558E-04   0.31445E-04   0.30504E-04
 5741.31   0.32173E-04   0.31289E-04   0.30361E-04
 5754.91   0.28218E-04   0.31141E-04   0.30218E-04
 5768.52   0.24836E-04   0.31002E-04   0.30075E-04
 5782.12   0.22824E-04   0.30869E-04   0.29932E-04
 5795.73   0.22549E-04   0.30736E-04   0.29786E-04
 5809.33   0.24028E-04   0.30610E-04   0.29649E-04
 5822.94   0.26943E-04   0.30504E-04   0.29537E-04
 5836.54   0.30526E-04   0.30363E-04   0.29399E-04
 5850.15   0.33744E-04   0.30218E-04   0.29266E-04
 5863.75   0.35504E-04   0.30070E-04   0.29134E-04
 5877.36   0.35150E-04   0.29920E-04   0.29004E-04
 5890.96   0.32781E-04   0.29773E-04   0.28873E-04
 5904.57   0.29199E-04   0.29632E-04   0.28742E-04
 5918.17   0.25513E-04   0.29497E-04   0.28609E-04
 5931.78   0.22691E-04   0.29369E-04   0.28474E-04
 5945.38   0.21321E-04   0.29236E-04   0.28330E-04
 5958.99   0.21630E-04   0.29111E-04   0.28193E-04
 5972.59   0.23565E-04   0.29041E-04   0.28112E-04
 5986.20   0.26623E-04   0.28910E-04   0.27979E-04
 5999.80   0.30067E-04   0.28778E-04   0.27853E-04
 6013.41   0.32858E-04   0.28642E-04   0.27730E-04
 6027.01   0.34046E-04   0.28504E-04   0.27609E-04
 6040.62   0.33185E-04   0.28366E-04   0.27488E-04
 6054.22   0.30557E-04   0.28231E-04   0.27368E-04
 6067.83   0.27020E-04   0.28102E-04   0.27246E-04
 6081.43   0.23612E-04   0.27978E-04   0.27122E-04
 6095.04   0.21165E-04   0.27849E-04   0.26987E-04
 6108.64   0.20160E-04   0.27727E-04   0.26854E-04
 6122.25   0.20789E-04   0.27675E-04   0.26789E-04
 6135.85   0.22820E-04   0.27555E-04   0.26661E-04
 6149.46   0.25865E-04   0.27436E-04   0.26541E-04
 6163.06   0.29143E-04   0.27312E-04   0.26424E-04
 6176.67   0.31674E-04   0.27185E-04   0.26309E-04
 6190.27   0.32603E-04   0.27056E-04   0.26197E-04
 6203.88   0.31582E-04   0.26928E-04   0.26086E-04
 6217.48   0.28941E-04   0.26804E-04   0.25975E-04
 6231.09   0.25515E-04   0.26685E-04   0.25862E-04
 6244.69   0.22271E-04   0.26567E-04   0.25744E-04
 6258.30   0.19973E-04   0.26453E-04   0.25623E-04
 6271.90   0.19083E-04   0.26394E-04   0.25552E-04
 6285.51   0.19648E-04   0.26285E-04   0.25433E-04
 6299.11   0.21579E-04   0.26179E-04   0.25319E-04
 6312.72   0.24466E-04   0.26069E-04   0.25208E-04
 6326.32   0.27594E-04   0.25954E-04   0.25099E-04
 6339.93   0.30050E-04   0.25835E-04   0.24992E-04
 6353.53   0.31026E-04   0.25715E-04   0.24887E-04
 6367.14   0.30171E-04   0.25596E-04   0.24784E-04
 6380.74   0.27754E-04   0.25481E-04   0.24681E-04
 6394.35   0.24532E-04   0.25371E-04   0.24578E-04
 6407.95   0.21410E-04   0.25266E-04   0.24472E-04
 6421.56   0.19144E-04   0.25189E-04   0.24389E-04
 6435.16   0.18121E-04   0.25092E-04   0.24281E-04
 6448.77   0.18506E-04   0.24998E-04   0.24177E-04
 6462.37   0.20211E-04   0.24901E-04   0.24073E-04
 6475.98   0.22902E-04   0.24800E-04   0.23970E-04
 6489.58   0.25954E-04   0.24693E-04   0.23868E-04
 6503.19   0.28525E-04   0.24582E-04   0.23767E-04
 6516.79   0.29806E-04   0.24469E-04   0.23668E-04
 6530.40   0.29358E-04   0.24357E-04   0.23571E-04
 6544.00   0.27312E-04   0.24249E-04   0.23476E-04
 6557.61   0.24305E-04   0.24147E-04   0.23382E-04
 6571.21   0.21186E-04   0.24049E-04   0.23285E-04
 6584.82   0.18718E-04   0.23964E-04   0.23197E-04
 6598.42   0.17363E-04   0.23879E-04   0.23103E-04
 6612.03   0.17324E-04   0.23795E-04   0.23008E-04
 6625.63   0.18583E-04   0.23708E-04   0.22913E-04
 6639.24   0.20906E-04   0.23616E-04   0.22817E-04
 6652.84   0.23801E-04   0.23518E-04   0.22722E-04
 6666.45   0.26531E-04   0.23415E-04   0.22627E-04
 6680.05   0.28292E-04   0.23309E-04   0.22533E-04
 6693.66   0.28515E-04   0.23203E-04   0.22441E-04
 6707.26   0.27114E-04   0.23098E-04   0.22351E-04
 6720.87   0.24530E-04   0.23003E-04   0.22264E-04
 6734.47   0.21513E-04   0.22913E-04   0.22179E-04
 6748.08   0.18834E-04   0.22827E-04   0.22092E-04
 6761.68   0.17053E-04   0.22747E-04   0.22005E-04
 6775.29   0.16458E-04   0.22670E-04   0.21919E-04
 6788.89   0.17116E-04   0.22591E-04   0.21831E-04
 6802.50   0.18905E-04   0.22509E-04   0.21743E-04
 6816.10   0.21480E-04   0.22420E-04   0.21655E-04
 6829.71   0.24250E-04   0.22326E-04   0.21566E-04
 6843.31   0.26462E-04   0.22227E-04   0.21477E-04
 6856.92   0.27438E-04   0.22125E-04   0.21388E-04
 6870.52   0.26845E-04   0.22020E-04   0.21296E-04
 6884.13   0.24870E-04   0.21928E-04   0.21216E-04
 6897.73   0.22100E-04   0.21855E-04   0.21149E-04
 6911.34   0.19252E-04   0.21768E-04   0.21064E-04
 6924.94   0.17001E-04   0.21690E-04   0.20982E-04
 6938.55   0.15750E-04   0.21618E-04   0.20902E-04
 6952.15   0.15674E-04   0.21546E-04   0.20822E-04
 6965.76   0.16763E-04   0.21473E-04   0.20741E-04
 6979.36   0.18830E-04   0.21395E-04   0.20660E-04
 6992.97   0.21469E-04   0.21311E-04   0.20577E-04
 7006.57   0.24053E-04   0.21220E-04   0.20493E-04
 7020.18   0.25862E-04   0.21123E-04   0.20407E-04
 7033.78   0.26328E-04   0.21014E-04   0.20311E-04
 7047.39   0.25319E-04   0.20922E-04   0.20232E-04
 7060.99   0.23161E-04   0.20874E-04   0.20192E-04
 7074.60   0.20380E-04   0.20783E-04   0.20107E-04
 7088.20   0.17742E-04   0.20705E-04   0.20028E-04
 7101.81   0.15796E-04   0.20633E-04   0.19952E-04
 7115.41   0.14859E-04   0.20566E-04   0.19877E-04
 7129.02   0.15044E-04   0.20500E-04   0.19803E-04
 7142.62   0.16306E-04   0.20432E-04   0.19728E-04
 7156.23   0.18430E-04   0.20358E-04   0.19652E-04
 7169.83   0.20990E-04   0.20279E-04   0.19575E-04
 7183.44   0.23366E-04   0.20190E-04   0.19494E-04
 7197.04   0.24881E-04   0.20085E-04   0.19399E-04
 7210.65   0.25098E-04   0.19991E-04   0.19318E-04
 7224.25   0.23995E-04   0.19961E-04   0.19298E-04
 7237.86   0.21754E-04   0.19869E-04   0.19214E-04
 7251.46   0.19083E-04   0.19788E-04   0.19138E-04
 7265.07   0.16625E-04   0.19715E-04   0.19064E-04
 7278.67   0.14869E-04   0.19648E-04   0.18992E-04
 7292.28   0.14089E-04   0.19585E-04   0.18922E-04
 7305.88   0.14373E-04   0.19524E-04   0.18853E-04
 7319.49   0.15669E-04   0.19461E-04   0.18784E-04
 7333.09   0.17767E-04   0.19393E-04   0.18714E-04
 7346.70   0.20256E-04   0.19317E-04   0.18641E-04
 7360.30   0.22540E-04   0.19227E-04   0.18558E-04
 7373.91   0.24010E-04   0.19139E-04   0.18480E-04
 7387.51   0.24293E-04   0.19107E-04   0.18458E-04
 7401.12   0.23163E-04   0.19015E-04   0.18378E-04
 7414.72   0.21027E-04   0.18933E-04   0.18304E-04
 7428.33   0.18460E-04   0.18857E-04   0.18233E-04
 7441.93   0.16076E-04   0.18788E-04   0.18164E-04
 7455.54   0.14344E-04   0.18725E-04   0.18096E-04
 7469.14   0.13529E-04   0.18666E-04   0.18030E-04
 7482.75   0.13724E-04   0.18608E-04   0.17966E-04
 7496.35   0.14889E-04   0.18550E-04   0.17902E-04
 7509.96   0.16844E-04   0.18487E-04   0.17837E-04
 7523.56   0.19220E-04   0.18417E-04   0.17769E-04
 7537.17   0.21482E-04   0.18342E-04   0.17700E-04
 7550.77   0.23079E-04   0.18297E-04   0.17663E-04
 7564.38   0.23468E-04   0.18213E-04   0.17591E-04
 7577.98   0.22573E-04   0.18134E-04   0.17522E-04
 7591.59   0.20642E-04   0.18058E-04   0.17455E-04
 7605.19   0.18196E-04   0.17986E-04   0.17389E-04
 7618.80   0.15824E-04   0.17920E-04   0.17323E-04
 7632.40   0.14001E-04   0.17859E-04   0.17259E-04
 7646.01   0.13014E-04   0.17803E-04   0.17197E-04
 7659.61   0.12979E-04   0.17748E-04   0.17136E-04
 7673.22   0.13885E-04   0.17695E-04   0.17076E-04
 7686.82   0.15599E-04   0.17639E-04   0.17017E-04
 7700.43   0.17825E-04   0.17576E-04   0.16955E-04
 7714.03   0.20110E-04   0.17523E-04   0.16907E-04
 7727.64   0.21862E-04   0.17453E-04   0.16844E-04
 7741.24   0.22609E-04   0.17382E-04   0.16784E-04
 7754.85   0.22124E-04   0.17310E-04   0.16723E-04
 7768.45   0.20538E-04   0.17239E-04   0.16662E-04
 7782.06   0.18281E-04   0.17172E-04   0.16600E-04
 7795.66   0.15912E-04   0.17108E-04   0.16538E-04
 7809.27   0.13928E-04   0.17049E-04   0.16477E-04
 7822.87   0.12662E-04   0.16994E-04   0.16417E-04
 7836.48   0.12275E-04   0.16942E-04   0.16359E-04
 7850.08   0.12797E-04   0.16891E-04   0.16302E-04
 7863.69   0.14153E-04   0.16839E-04   0.16246E-04
 7877.29   0.16137E-04   0.16787E-04   0.16193E-04
 7890.90   0.18371E-04   0.16729E-04   0.16138E-04
 7904.50   0.20348E-04   0.16669E-04   0.16084E-04
 7918.11   0.21554E-04   0.16605E-04   0.16030E-04
 7931.71   0.21644E-04   0.16540E-04   0.15975E-04
 7945.32   0.20585E-04   0.16474E-04   0.15919E-04
 7958.92   0.18664E-04   0.16410E-04   0.15862E-04
 7972.53   0.16374E-04   0.16349E-04   0.15804E-04
 7986.13   0.14231E-04   0.16291E-04   0.15746E-04
 7999.74   0.12632E-04   0.16236E-04   0.15689E-04
 8013.34   0.11805E-04   0.16185E-04   0.15632E-04
 8026.95   0.11838E-04   0.16134E-04   0.15575E-04
 8040.55   0.12713E-04   0.16079E-04   0.15515E-04
 8054.16   0.14322E-04   0.16036E-04   0.15470E-04
 8067.76   0.16400E-04   0.15993E-04   0.15427E-04
 8081.37   0.18517E-04   0.15936E-04   0.15374E-04
 8094.97   0.20184E-04   0.15878E-04   0.15323E-04
 8108.58   0.20958E-04   0.15818E-04   0.15272E-04
 8122.18   0.20615E-04   0.15757E-04   0.15221E-04
 8135.79   0.19245E-04   0.15696E-04   0.15169E-04
 8149.39   0.17209E-04   0.15637E-04   0.15116E-04
 8163.00   0.14999E-04   0.15581E-04   0.15062E-04
 8176.60   0.13076E-04   0.15526E-04   0.15007E-04
 8190.21   0.11759E-04   0.15474E-04   0.14951E-04
 8203.81   0.11215E-04   0.15421E-04   0.14893E-04
 8217.42   0.11477E-04   0.15348E-04   0.14815E-04
 8231.02   0.12600E-04   0.15376E-04   0.14836E-04
 8244.63   0.14283E-04   0.15303E-04   0.14763E-04
 8258.23   0.16332E-04   0.15248E-04   0.14709E-04
 8271.84   0.18314E-04   0.15194E-04   0.14660E-04
 8285.44   0.19750E-04   0.15138E-04   0.14612E-04
 8299.05   0.20259E-04   0.15081E-04   0.14564E-04
 8312.65   0.19695E-04   0.15024E-04   0.14516E-04
 8326.26   0.18205E-04   0.14968E-04   0.14468E-04
 8339.86   0.16170E-04   0.14914E-04   0.14419E-04
 8353.47   0.14061E-04   0.14861E-04   0.14368E-04
 8367.07   0.12291E-04   0.14809E-04   0.14314E-04
 8380.68   0.11134E-04   0.14754E-04   0.14256E-04
 8394.28   0.10700E-04   0.14663E-04   0.14161E-04
 8407.89   0.11165E-04   0.14730E-04   0.14219E-04
 8421.49   0.12258E-04   0.14655E-04   0.14142E-04
 8435.10   0.13949E-04   0.14602E-04   0.14087E-04
 8448.70   0.15939E-04   0.14550E-04   0.14038E-04
 8462.31   0.17819E-04   0.14498E-04   0.13991E-04
 8475.91   0.19140E-04   0.14445E-04   0.13945E-04
 8489.52   0.19554E-04   0.14392E-04   0.13901E-04
 8503.12   0.18944E-04   0.14339E-04   0.13857E-04
 8516.73   0.17466E-04   0.14287E-04   0.13812E-04
 8530.33   0.15488E-04   0.14236E-04   0.13766E-04
 8543.94   0.13457E-04   0.14186E-04   0.13718E-04
 8557.54   0.11757E-04   0.14134E-04   0.13665E-04
 8571.15   0.10626E-04   0.14053E-04   0.13582E-04
 8584.75   0.10318E-04   0.14120E-04   0.13640E-04
 8598.36   0.10649E-04   0.14043E-04   0.13559E-04
 8611.96   0.11701E-04   0.13992E-04   0.13505E-04
 8625.57   0.13317E-04   0.13944E-04   0.13456E-04
 8639.17   0.15234E-04   0.13895E-04   0.13409E-04
 8652.78   0.17071E-04   0.13846E-04   0.13364E-04
 8666.38   0.18402E-04   0.13796E-04   0.13321E-04
 8679.99   0.18887E-04   0.13745E-04   0.13279E-04
 8693.59   0.18393E-04   0.13696E-04   0.13238E-04
 8707.20   0.17045E-04   0.13647E-04   0.13196E-04
 8720.80   0.15175E-04   0.13600E-04   0.13154E-04
 8734.41   0.13203E-04   0.13553E-04   0.13109E-04
 8748.01   0.11501E-04   0.13497E-04   0.13053E-04
 8761.62   0.10346E-04   0.13452E-04   0.13005E-04
 8775.22   0.98973E-05   0.13459E-04   0.13006E-04
 8788.83   0.10120E-04   0.13414E-04   0.12956E-04
 8802.43   0.11026E-04   0.13371E-04   0.12909E-04
 8816.04   0.12502E-04   0.13327E-04   0.12864E-04
 8829.64   0.14324E-04   0.13281E-04   0.12820E-04
 8843.25   0.16153E-04   0.13234E-04   0.12777E-04
 8856.85   0.17584E-04   0.13187E-04   0.12736E-04
 8870.46   0.18265E-04   0.13139E-04   0.12696E-04
 8884.06   0.18016E-04   0.13091E-04   0.12657E-04
 8897.67   0.16896E-04   0.13046E-04   0.12618E-04
 8911.27   0.15181E-04   0.13002E-04   0.12580E-04
 8924.88   0.13260E-04   0.12959E-04   0.12540E-04
 8938.48   0.11512E-04   0.12917E-04   0.12498E-04
 8952.09   0.10238E-04   0.12899E-04   0.12476E-04
 8965.69   0.95571E-05   0.12860E-04   0.12434E-04
 8979.30   0.95514E-05   0.12823E-04   0.12392E-04
 8992.90   0.10211E-04   0.12785E-04   0.12351E-04
 9006.51   0.11460E-04   0.12746E-04   0.12309E-04
 9020.11   0.13129E-04   0.12704E-04   0.12268E-04
 9033.72   0.14933E-04   0.12660E-04   0.12227E-04
 9047.32   0.16502E-04   0.12615E-04   0.12187E-04
 9060.93   0.17470E-04   0.12569E-04   0.12148E-04
 9074.53   0.17592E-04   0.12523E-04   0.12110E-04
 9088.14   0.16832E-04   0.12479E-04   0.12074E-04
 9101.74   0.15376E-04   0.12438E-04   0.12038E-04
 9115.35   0.13563E-04   0.12399E-04   0.12003E-04
 9128.95   0.11770E-04   0.12364E-04   0.11969E-04
 9142.56   0.10306E-04   0.12331E-04   0.11934E-04
 9156.16   0.93732E-05   0.12298E-04   0.11899E-04
 9169.77   0.90636E-05   0.12266E-04   0.11863E-04
 9183.37   0.93983E-05   0.12233E-04   0.11825E-04
 9196.98   0.10340E-04   0.12198E-04   0.11787E-04
 9210.58   0.11778E-04   0.12160E-04   0.11749E-04
 9224.19   0.13498E-04   0.12120E-04   0.11710E-04
 9237.79   0.15186E-04   0.12077E-04   0.11671E-04
 9251.40   0.16480E-04   0.12033E-04   0.11633E-04
 9265.00   0.17069E-04   0.11988E-04   0.11595E-04
 9278.61   0.16804E-04   0.11944E-04   0.11559E-04
 9292.21   0.15747E-04   0.11901E-04   0.11523E-04
 9305.82   0.14156E-04   0.11867E-04   0.11493E-04
 9319.42   0.12374E-04   0.11835E-04   0.11463E-04
 9333.03   0.10738E-04   0.11800E-04   0.11429E-04
 9346.63   0.95090E-05   0.11769E-04   0.11396E-04
 9360.24   0.88311E-05   0.11740E-04   0.11363E-04
 9373.84   0.87627E-05   0.11710E-04   0.11329E-04
 9387.45   0.93033E-05   0.11679E-04   0.11295E-04
 9401.05   0.10396E-04   0.11646E-04   0.11260E-04
 9414.66   0.11907E-04   0.11610E-04   0.11223E-04
 9428.26   0.13600E-04   0.11571E-04   0.11187E-04
 9441.87   0.15151E-04   0.11529E-04   0.11149E-04
 9455.47   0.16221E-04   0.11485E-04   0.11112E-04
 9469.08   0.16551E-04   0.11440E-04   0.11073E-04
 9482.68   0.16049E-04   0.11389E-04   0.11030E-04
 9496.29   0.14867E-04   0.11359E-04   0.11006E-04
 9509.89   0.13263E-04   0.11343E-04   0.10993E-04
 9523.50   0.11534E-04   0.11303E-04   0.10956E-04
 9537.10   0.10026E-04   0.11270E-04   0.10923E-04
 9550.71   0.89509E-05   0.11241E-04   0.10891E-04
 9564.31   0.84215E-05   0.11214E-04   0.10860E-04
 9577.92   0.84785E-05   0.11186E-04   0.10829E-04
 9591.52   0.91109E-05   0.11158E-04   0.10797E-04
 9605.13   0.10254E-04   0.11127E-04   0.10765E-04
 9618.73   0.11763E-04   0.11092E-04   0.10731E-04
 9632.34   0.13399E-04   0.11055E-04   0.10696E-04
 9645.94   0.14845E-04   0.11013E-04   0.10659E-04
 9659.55   0.15782E-04   0.10967E-04   0.10619E-04
 9673.15   0.15967E-04   0.10906E-04   0.10566E-04
 9686.76   0.15416E-04   0.10879E-04   0.10544E-04
 9700.36   0.14252E-04   0.10885E-04   0.10555E-04
 9713.97   0.12634E-04   0.10839E-04   0.10513E-04
 9727.57   0.10972E-04   0.10803E-04   0.10479E-04
 9741.18   0.95433E-05   0.10772E-04   0.10448E-04
 9754.78   0.85408E-05   0.10744E-04   0.10418E-04
 9768.39   0.80651E-05   0.10719E-04   0.10389E-04
 9781.99   0.81500E-05   0.10693E-04   0.10360E-04
 9795.60   0.87834E-05   0.10667E-04   0.10330E-04
 9809.20   0.99021E-05   0.10638E-04   0.10300E-04
 9822.81   0.11368E-04   0.10606E-04   0.10268E-04
 9836.41   0.12952E-04   0.10570E-04   0.10235E-04
 9850.02   0.14351E-04   0.10527E-04   0.10197E-04
 9863.62   0.15243E-04   0.10467E-04   0.10143E-04
 9877.23   0.15482E-04   0.10437E-04   0.10119E-04
 9890.83   0.15038E-04   0.10456E-04   0.10143E-04
 9904.44   0.13856E-04   0.10406E-04   0.10100E-04
 9918.04   0.12308E-04   0.10367E-04   0.10064E-04
 9931.65   0.10696E-04   0.10333E-04   0.10032E-04
 9945.25   0.92913E-05   0.10303E-04   0.10002E-04
 9958.86   0.82840E-05   0.10276E-04   0.99728E-05
 9972.46   0.77752E-05   0.10251E-04   0.99450E-05
 9986.07   0.78010E-05   0.10227E-04   0.99178E-05
 9999.67   0.83543E-05   0.10203E-04   0.98906E-05
