  176.86   0.15593E+00   0.15628E+00   0.15857E+00
  190.47   0.14903E+00   0.14940E+00   0.15152E+00
  204.07   0.14258E+00   0.14297E+00   0.14494E+00
  217.68   0.13650E+00   0.13691E+00   0.13874E+00
  231.28   0.13074E+00   0.13117E+00   0.13287E+00
  244.89   0.12527E+00   0.12572E+00   0.12730E+00
  258.49   0.12008E+00   0.12054E+00   0.12202E+00
  272.10   0.11517E+00   0.11565E+00   0.11703E+00
  285.70   0.11055E+00   0.11104E+00   0.11233E+00
  299.31   0.10620E+00   0.10670E+00   0.10791E+00
  312.91   0.10210E+00   0.10262E+00   0.10376E+00
  326.52   0.98247E-01   0.98771E-01   0.99847E-01
  340.12   0.94606E-01   0.95140E-01   0.96154E-01
  353.73   0.91157E-01   0.91700E-01   0.92657E-01
  367.33   0.87882E-01   0.88433E-01   0.89336E-01
  380.94   0.84766E-01   0.85325E-01   0.86179E-01
  394.54   0.81799E-01   0.82365E-01   0.83173E-01
  408.15   0.78973E-01   0.79547E-01   0.80311E-01
  421.75   0.76284E-01   0.76864E-01   0.77587E-01
  435.36   0.73726E-01   0.74311E-01   0.74997E-01
  448.96   0.71294E-01   0.71884E-01   0.72535E-01
  462.57   0.68981E-01   0.69576E-01   0.70194E-01
  476.17   0.66780E-01   0.67379E-01   0.67966E-01
  489.78   0.64684E-01   0.65287E-01   0.65845E-01
  503.38   0.62685E-01   0.63292E-01   0.63823E-01
  516.99   0.60775E-01   0.61386E-01   0.61890E-01
  530.59   0.58949E-01   0.59562E-01   0.60042E-01
  544.20   0.57199E-01   0.57815E-01   0.58273E-01
  557.80   0.55522E-01   0.56140E-01   0.56576E-01
  571.41   0.53913E-01   0.54534E-01   0.54949E-01
  585.01   0.52371E-01   0.52993E-01   0.53389E-01
  598.62   0.50890E-01   0.51514E-01   0.51892E-01
  612.22   0.49470E-01   0.50096E-01   0.50455E-01
  625.83   0.48108E-01   0.48735E-01   0.49077E-01
  639.43   0.46801E-01   0.47429E-01   0.47756E-01
  653.04   0.45547E-01   0.46175E-01   0.46487E-01
  666.64   0.44342E-01   0.44971E-01   0.45269E-01
  680.25   0.43184E-01   0.43815E-01   0.44098E-01
  693.85   0.42071E-01   0.42702E-01   0.42972E-01
  707.46   0.40999E-01   0.41630E-01   0.41888E-01
  721.06   0.39967E-01   0.40598E-01   0.40843E-01
  734.67   0.38971E-01   0.39603E-01   0.39837E-01
  748.27   0.38011E-01   0.38642E-01   0.38865E-01
  761.88   0.37084E-01   0.37715E-01   0.37927E-01
  775.48   0.36189E-01   0.36819E-01   0.37022E-01
  789.09   0.35324E-01   0.35954E-01   0.36147E-01
  802.69   0.34489E-01   0.35119E-01   0.35302E-01
  816.30   0.33683E-01   0.34311E-01   0.34486E-01
  829.90   0.32903E-01   0.33531E-01   0.33697E-01
  843.51   0.32150E-01   0.32778E-01   0.32935E-01
  857.11   0.31423E-01   0.32049E-01   0.32198E-01
  870.72   0.30719E-01   0.31345E-01   0.31486E-01
  884.32   0.30039E-01   0.30663E-01   0.30797E-01
  897.93   0.29381E-01   0.30004E-01   0.30131E-01
  911.53   0.28743E-01   0.29365E-01   0.29485E-01
  925.14   0.28126E-01   0.28747E-01   0.28860E-01
  938.74   0.27528E-01   0.28147E-01   0.28254E-01
  952.35   0.26947E-01   0.27565E-01   0.27666E-01
  965.95   0.26385E-01   0.27002E-01   0.27096E-01
  979.56   0.25839E-01   0.26454E-01   0.26543E-01
  993.16   0.25309E-01   0.25922E-01   0.26006E-01
 1006.77   0.24794E-01   0.25406E-01   0.25484E-01
 1020.37   0.24295E-01   0.24905E-01   0.24977E-01
 1033.98   0.23809E-01   0.24417E-01   0.24485E-01
 1047.58   0.23337E-01   0.23944E-01   0.24007E-01
 1061.19   0.22879E-01   0.23484E-01   0.23542E-01
 1074.79   0.22434E-01   0.23037E-01   0.23091E-01
 1088.40   0.22002E-01   0.22603E-01   0.22652E-01
 1102.00   0.21582E-01   0.22180E-01   0.22225E-01
 1115.61   0.21173E-01   0.21770E-01   0.21810E-01
 1129.21   0.20776E-01   0.21371E-01   0.21407E-01
 1142.82   0.20390E-01   0.20982E-01   0.21015E-01
 1156.42   0.20014E-01   0.20604E-01   0.20633E-01
 1170.03   0.19648E-01   0.20236E-01   0.20261E-01
 1183.63   0.19291E-01   0.19877E-01   0.19899E-01
 1197.24   0.18944E-01   0.19528E-01   0.19546E-01
 1210.84   0.18606E-01   0.19188E-01   0.19202E-01
 1224.45   0.18277E-01   0.18856E-01   0.18867E-01
 1238.05   0.17955E-01   0.18532E-01   0.18540E-01
 1251.66   0.17642E-01   0.18216E-01   0.18221E-01
 1265.26   0.17336E-01   0.17908E-01   0.17910E-01
 1278.87   0.17038E-01   0.17608E-01   0.17607E-01
 1292.47   0.16748E-01   0.17315E-01   0.17311E-01
 1306.08   0.16464E-01   0.17029E-01   0.17022E-01
 1319.68   0.16187E-01   0.16749E-01   0.16740E-01
 1333.29   0.15917E-01   0.16477E-01   0.16465E-01
 1346.89   0.15654E-01   0.16211E-01   0.16196E-01
 1360.50   0.15397E-01   0.15951E-01   0.15934E-01
 1374.10   0.15146E-01   0.15698E-01   0.15678E-01
 1387.71   0.14901E-01   0.15450E-01   0.15428E-01
 1401.31   0.14661E-01   0.15208E-01   0.15184E-01
 1414.92   0.14427E-01   0.14971E-01   0.14945E-01
 1428.52   0.14200E-01   0.14741E-01   0.14712E-01
 1442.13   0.13976E-01   0.14515E-01   0.14484E-01
 1455.73   0.13758E-01   0.14294E-01   0.14262E-01
 1469.34   0.13545E-01   0.14079E-01   0.14044E-01
 1482.94   0.13337E-01   0.13867E-01   0.13830E-01
 1496.55   0.13133E-01   0.13661E-01   0.13622E-01
 1510.15   0.12934E-01   0.13459E-01   0.13418E-01
 1523.76   0.12739E-01   0.13261E-01   0.13218E-01
 1537.36   0.12548E-01   0.13067E-01   0.13023E-01
 1550.97   0.12361E-01   0.12878E-01   0.12832E-01
 1564.57   0.12178E-01   0.12692E-01   0.12644E-01
 1578.18   0.11999E-01   0.12510E-01   0.12461E-01
 1591.78   0.11824E-01   0.12332E-01   0.12281E-01
 1605.39   0.11652E-01   0.12158E-01   0.12105E-01
 1618.99   0.11484E-01   0.11987E-01   0.11933E-01
 1632.60   0.11320E-01   0.11820E-01   0.11764E-01
 1646.20   0.11159E-01   0.11656E-01   0.11599E-01
 1659.81   0.11001E-01   0.11495E-01   0.11437E-01
 1673.41   0.10847E-01   0.11338E-01   0.11279E-01
 1687.02   0.10695E-01   0.11184E-01   0.11123E-01
 1700.62   0.10547E-01   0.11033E-01   0.10971E-01
 1714.23   0.10402E-01   0.10885E-01   0.10821E-01
 1727.83   0.10260E-01   0.10740E-01   0.10675E-01
 1741.44   0.10120E-01   0.10597E-01   0.10531E-01
 1755.04   0.99835E-02   0.10458E-01   0.10391E-01
 1768.65   0.98494E-02   0.10321E-01   0.10253E-01
 1782.25   0.97178E-02   0.10186E-01   0.10117E-01
 1795.86   0.95885E-02   0.10054E-01   0.99837E-02
 1809.46   0.94624E-02   0.99253E-02   0.98537E-02
 1823.07   0.93382E-02   0.97983E-02   0.97256E-02
 1836.67   0.92165E-02   0.96736E-02   0.96000E-02
 1850.28   0.90969E-02   0.95512E-02   0.94766E-02
 1863.88   0.89795E-02   0.94310E-02   0.93554E-02
 1877.49   0.88641E-02   0.93126E-02   0.92361E-02
 1891.09   0.87517E-02   0.91974E-02   0.91200E-02
 1904.70   0.86406E-02   0.90834E-02   0.90051E-02
 1918.30   0.85317E-02   0.89716E-02   0.88925E-02
 1931.91   0.84248E-02   0.88619E-02   0.87819E-02
 1945.51   0.83199E-02   0.87541E-02   0.86733E-02
 1959.12   0.82167E-02   0.86480E-02   0.85664E-02
 1972.72   0.81163E-02   0.85448E-02   0.84624E-02
 1986.33   0.80165E-02   0.84421E-02   0.83590E-02
 1999.93   0.79188E-02   0.83416E-02   0.82577E-02
 2013.54   0.78230E-02   0.82429E-02   0.81584E-02
 2027.14   0.77290E-02   0.81460E-02   0.80608E-02
 2040.75   0.76365E-02   0.80507E-02   0.79648E-02
 2054.35   0.75453E-02   0.79566E-02   0.78700E-02
 2067.96   0.74567E-02   0.78651E-02   0.77779E-02
 2081.56   0.73688E-02   0.77744E-02   0.76866E-02
 2095.17   0.72825E-02   0.76853E-02   0.75969E-02
 2108.77   0.71977E-02   0.75977E-02   0.75087E-02
 2122.38   0.71144E-02   0.75116E-02   0.74220E-02
 2135.98   0.70325E-02   0.74268E-02   0.73367E-02
 2149.59   0.69522E-02   0.73437E-02   0.72531E-02
 2163.19   0.68729E-02   0.72615E-02   0.71704E-02
 2176.80   0.67949E-02   0.71807E-02   0.70891E-02
 2190.40   0.67182E-02   0.71012E-02   0.70090E-02
 2204.01   0.66428E-02   0.70229E-02   0.69303E-02
 2217.61   0.65687E-02   0.69460E-02   0.68530E-02
 2231.22   0.64958E-02   0.68703E-02   0.67769E-02
 2244.82   0.64241E-02   0.67959E-02   0.67020E-02
 2258.43   0.63536E-02   0.67225E-02   0.66282E-02
 2272.03   0.62841E-02   0.66502E-02   0.65555E-02
 2285.64   0.62157E-02   0.65790E-02   0.64839E-02
 2299.24   0.61484E-02   0.65089E-02   0.64134E-02
 2312.85   0.60822E-02   0.64399E-02   0.63441E-02
 2326.45   0.60171E-02   0.63721E-02   0.62759E-02
 2340.06   0.59532E-02   0.63054E-02   0.62089E-02
 2353.66   0.58902E-02   0.62396E-02   0.61428E-02
 2367.27   0.58281E-02   0.61748E-02   0.60777E-02
 2380.87   0.57670E-02   0.61109E-02   0.60135E-02
 2394.48   0.57067E-02   0.60479E-02   0.59502E-02
 2408.08   0.56474E-02   0.59858E-02   0.58878E-02
 2421.69   0.55890E-02   0.59247E-02   0.58265E-02
 2435.29   0.55319E-02   0.58649E-02   0.57664E-02
 2448.90   0.54754E-02   0.58056E-02   0.57069E-02
 2462.50   0.54197E-02   0.57473E-02   0.56483E-02
 2476.11   0.53649E-02   0.56897E-02   0.55905E-02
 2489.71   0.53107E-02   0.56328E-02   0.55334E-02
 2503.32   0.52573E-02   0.55767E-02   0.54771E-02
 2516.92   0.52047E-02   0.55213E-02   0.54215E-02
 2530.53   0.51535E-02   0.54675E-02   0.53675E-02
 2544.13   0.51025E-02   0.54138E-02   0.53137E-02
 2557.74   0.50523E-02   0.53610E-02   0.52607E-02
 2571.34   0.50029E-02   0.53089E-02   0.52084E-02
 2584.95   0.49542E-02   0.52575E-02   0.51569E-02
 2598.55   0.49060E-02   0.52066E-02   0.51059E-02
 2612.16   0.48582E-02   0.51561E-02   0.50553E-02
 2625.76   0.48124E-02   0.51077E-02   0.50068E-02
 2639.37   0.47662E-02   0.50589E-02   0.49578E-02
 2652.97   0.47208E-02   0.50109E-02   0.49097E-02
 2666.58   0.46762E-02   0.49636E-02   0.48623E-02
 2680.18   0.46322E-02   0.49170E-02   0.48156E-02
 2693.79   0.45888E-02   0.48709E-02   0.47695E-02
 2707.39   0.45456E-02   0.48251E-02   0.47237E-02
 2721.00   0.45042E-02   0.47812E-02   0.46797E-02
 2734.60   0.44623E-02   0.47367E-02   0.46351E-02
 2748.21   0.44212E-02   0.46929E-02   0.45913E-02
 2761.81   0.43807E-02   0.46498E-02   0.45482E-02
 2775.42   0.43408E-02   0.46074E-02   0.45057E-02
 2789.02   0.43015E-02   0.45655E-02   0.44638E-02
 2802.63   0.42627E-02   0.45242E-02   0.44224E-02
 2816.23   0.42242E-02   0.44832E-02   0.43814E-02
 2829.84   0.41869E-02   0.44433E-02   0.43415E-02
 2843.44   0.41495E-02   0.44034E-02   0.43016E-02
 2857.05   0.41126E-02   0.43640E-02   0.42622E-02
 2870.65   0.40763E-02   0.43251E-02   0.42234E-02
 2884.26   0.40405E-02   0.42868E-02   0.41851E-02
 2897.86   0.40052E-02   0.42490E-02   0.41473E-02
 2911.47   0.39704E-02   0.42117E-02   0.41101E-02
 2925.07   0.39362E-02   0.41750E-02   0.40734E-02
 2938.68   0.39022E-02   0.41385E-02   0.40370E-02
 2952.28   0.38687E-02   0.41025E-02   0.40010E-02
 2965.89   0.38355E-02   0.40669E-02   0.39655E-02
 2979.49   0.38028E-02   0.40317E-02   0.39303E-02
 2993.10   0.37705E-02   0.39970E-02   0.38957E-02
 3006.70   0.37387E-02   0.39627E-02   0.38615E-02
 3020.31   0.37074E-02   0.39290E-02   0.38278E-02
 3033.91   0.36765E-02   0.38956E-02   0.37946E-02
 3047.52   0.36460E-02   0.38627E-02   0.37617E-02
 3061.12   0.36158E-02   0.38301E-02   0.37292E-02
 3074.73   0.35859E-02   0.37978E-02   0.36971E-02
 3088.33   0.35564E-02   0.37659E-02   0.36653E-02
 3101.94   0.35272E-02   0.37343E-02   0.36338E-02
 3115.54   0.34984E-02   0.37031E-02   0.36027E-02
 3129.15   0.34700E-02   0.36724E-02   0.35720E-02
 3142.75   0.34423E-02   0.36424E-02   0.35422E-02
 3156.36   0.34147E-02   0.36124E-02   0.35123E-02
 3169.96   0.33875E-02   0.35828E-02   0.34829E-02
 3183.57   0.33605E-02   0.35535E-02   0.34537E-02
 3197.17   0.33338E-02   0.35245E-02   0.34249E-02
 3210.78   0.33074E-02   0.34958E-02   0.33963E-02
 3224.38   0.32812E-02   0.34672E-02   0.33679E-02
 3237.99   0.32552E-02   0.34389E-02   0.33398E-02
 3251.59   0.32306E-02   0.34121E-02   0.33130E-02
 3265.20   0.32054E-02   0.33846E-02   0.32857E-02
 3278.80   0.31807E-02   0.33576E-02   0.32589E-02
 3292.41   0.31563E-02   0.33309E-02   0.32324E-02
 3306.01   0.31321E-02   0.33045E-02   0.32061E-02
 3319.62   0.31082E-02   0.32783E-02   0.31801E-02
 3333.22   0.30844E-02   0.32522E-02   0.31542E-02
 3346.83   0.30607E-02   0.32263E-02   0.31285E-02
 3360.43   0.30385E-02   0.32020E-02   0.31043E-02
 3374.04   0.30154E-02   0.31766E-02   0.30792E-02
 3387.64   0.29928E-02   0.31518E-02   0.30546E-02
 3401.25   0.29706E-02   0.31274E-02   0.30303E-02
 3414.85   0.29486E-02   0.31032E-02   0.30064E-02
 3428.46   0.29269E-02   0.30793E-02   0.29827E-02
 3442.06   0.29053E-02   0.30556E-02   0.29592E-02
 3455.67   0.28836E-02   0.30316E-02   0.29355E-02
 3469.27   0.28638E-02   0.30098E-02   0.29138E-02
 3482.88   0.28425E-02   0.29863E-02   0.28905E-02
 3496.48   0.28218E-02   0.29635E-02   0.28679E-02
 3510.09   0.28014E-02   0.29409E-02   0.28456E-02
 3523.69   0.27813E-02   0.29188E-02   0.28237E-02
 3537.30   0.27615E-02   0.28968E-02   0.28020E-02
 3550.90   0.27420E-02   0.28752E-02   0.27805E-02
 3564.51   0.27225E-02   0.28536E-02   0.27592E-02
 3578.11   0.27028E-02   0.28318E-02   0.27377E-02
 3591.72   0.26847E-02   0.28117E-02   0.27178E-02
 3605.32   0.26658E-02   0.27907E-02   0.26970E-02
 3618.93   0.26471E-02   0.27699E-02   0.26765E-02
 3632.53   0.26287E-02   0.27494E-02   0.26563E-02
 3646.14   0.26105E-02   0.27292E-02   0.26363E-02
 3659.74   0.25926E-02   0.27093E-02   0.26166E-02
 3673.35   0.25748E-02   0.26895E-02   0.25971E-02
 3686.95   0.25573E-02   0.26700E-02   0.25778E-02
 3700.56   0.25402E-02   0.26509E-02   0.25590E-02
 3714.16   0.25229E-02   0.26316E-02   0.25400E-02
 3727.77   0.25059E-02   0.26126E-02   0.25212E-02
 3741.37   0.24889E-02   0.25937E-02   0.25026E-02
 3754.98   0.24722E-02   0.25750E-02   0.24841E-02
 3768.58   0.24557E-02   0.25564E-02   0.24659E-02
 3782.19   0.24393E-02   0.25382E-02   0.24479E-02
 3795.79   0.24232E-02   0.25201E-02   0.24301E-02
 3809.40   0.24074E-02   0.25023E-02   0.24126E-02
 3823.00   0.23916E-02   0.24847E-02   0.23952E-02
 3836.61   0.23761E-02   0.24672E-02   0.23780E-02
 3850.21   0.23606E-02   0.24499E-02   0.23610E-02
 3863.82   0.23453E-02   0.24326E-02   0.23440E-02
 3877.42   0.23300E-02   0.24155E-02   0.23272E-02
 3891.03   0.23149E-02   0.23985E-02   0.23105E-02
 3904.63   0.23000E-02   0.23817E-02   0.22940E-02
 3918.24   0.22852E-02   0.23651E-02   0.22776E-02
 3931.84   0.22707E-02   0.23487E-02   0.22616E-02
 3945.45   0.22566E-02   0.23327E-02   0.22459E-02
 3959.05   0.22424E-02   0.23167E-02   0.22301E-02
 3972.66   0.22283E-02   0.23008E-02   0.22145E-02
 3986.26   0.22144E-02   0.22851E-02   0.21991E-02
 3999.87   0.22005E-02   0.22694E-02   0.21837E-02
 4013.47   0.21867E-02   0.22538E-02   0.21684E-02
 4027.08   0.21730E-02   0.22383E-02   0.21533E-02
 4040.68   0.21594E-02   0.22229E-02   0.21382E-02
 4054.29   0.21459E-02   0.22076E-02   0.21232E-02
 4067.89   0.21335E-02   0.21935E-02   0.21093E-02
 4081.50   0.21204E-02   0.21786E-02   0.20948E-02
 4095.10   0.21076E-02   0.21640E-02   0.20805E-02
 4108.71   0.20948E-02   0.21496E-02   0.20664E-02
 4122.31   0.20822E-02   0.21352E-02   0.20523E-02
 4135.92   0.20697E-02   0.21210E-02   0.20384E-02
 4149.52   0.20571E-02   0.21067E-02   0.20244E-02
 4163.13   0.20446E-02   0.20925E-02   0.20105E-02
 4176.73   0.20320E-02   0.20782E-02   0.19966E-02
 4190.34   0.20211E-02   0.20656E-02   0.19842E-02
 4203.94   0.20089E-02   0.20517E-02   0.19707E-02
 4217.55   0.19970E-02   0.20382E-02   0.19575E-02
 4231.15   0.19853E-02   0.20249E-02   0.19445E-02
 4244.76   0.19738E-02   0.20117E-02   0.19316E-02
 4258.36   0.19623E-02   0.19986E-02   0.19188E-02
 4271.97   0.19509E-02   0.19855E-02   0.19061E-02
 4285.57   0.19395E-02   0.19724E-02   0.18933E-02
 4299.18   0.19280E-02   0.19593E-02   0.18806E-02
 4312.78   0.19181E-02   0.19478E-02   0.18694E-02
 4326.39   0.19067E-02   0.19348E-02   0.18567E-02
 4339.99   0.18956E-02   0.19222E-02   0.18444E-02
 4353.60   0.18848E-02   0.19098E-02   0.18323E-02
 4367.20   0.18742E-02   0.18976E-02   0.18204E-02
 4380.81   0.18637E-02   0.18855E-02   0.18087E-02
 4394.41   0.18532E-02   0.18735E-02   0.17970E-02
 4408.02   0.18429E-02   0.18616E-02   0.17854E-02
 4421.62   0.18323E-02   0.18495E-02   0.17737E-02
 4435.23   0.18236E-02   0.18393E-02   0.17637E-02
 4448.83   0.18127E-02   0.18268E-02   0.17517E-02
 4462.44   0.18025E-02   0.18151E-02   0.17403E-02
 4476.04   0.17924E-02   0.18036E-02   0.17291E-02
 4489.65   0.17825E-02   0.17922E-02   0.17180E-02
 4503.25   0.17728E-02   0.17809E-02   0.17071E-02
 4516.86   0.17632E-02   0.17698E-02   0.16964E-02
 4530.46   0.17537E-02   0.17589E-02   0.16857E-02
 4544.07   0.17442E-02   0.17480E-02   0.16751E-02
 4557.67   0.17347E-02   0.17370E-02   0.16645E-02
 4571.28   0.17259E-02   0.17267E-02   0.16546E-02
 4584.88   0.17165E-02   0.17159E-02   0.16441E-02
 4598.49   0.17073E-02   0.17053E-02   0.16338E-02
 4612.09   0.16981E-02   0.16947E-02   0.16235E-02
 4625.70   0.16890E-02   0.16842E-02   0.16134E-02
 4639.30   0.16800E-02   0.16738E-02   0.16033E-02
 4652.91   0.16712E-02   0.16636E-02   0.15934E-02
 4666.51   0.16625E-02   0.16535E-02   0.15837E-02
 4680.12   0.16539E-02   0.16435E-02   0.15740E-02
 4693.72   0.16452E-02   0.16335E-02   0.15644E-02
 4707.33   0.16369E-02   0.16238E-02   0.15550E-02
 4720.93   0.16284E-02   0.16140E-02   0.15455E-02
 4734.54   0.16200E-02   0.16042E-02   0.15361E-02
 4748.14   0.16116E-02   0.15944E-02   0.15267E-02
 4761.75   0.16033E-02   0.15848E-02   0.15174E-02
 4775.35   0.15950E-02   0.15752E-02   0.15081E-02
 4788.96   0.15868E-02   0.15657E-02   0.14989E-02
 4802.56   0.15787E-02   0.15563E-02   0.14899E-02
 4816.17   0.15707E-02   0.15470E-02   0.14809E-02
 4829.77   0.15630E-02   0.15380E-02   0.14723E-02
 4843.38   0.15552E-02   0.15289E-02   0.14635E-02
 4856.98   0.15474E-02   0.15199E-02   0.14548E-02
 4870.59   0.15397E-02   0.15109E-02   0.14462E-02
 4884.19   0.15320E-02   0.15020E-02   0.14376E-02
 4897.80   0.15244E-02   0.14931E-02   0.14290E-02
 4911.40   0.15167E-02   0.14842E-02   0.14205E-02
 4925.01   0.15091E-02   0.14753E-02   0.14120E-02
 4938.61   0.15015E-02   0.14665E-02   0.14036E-02
 4952.22   0.14938E-02   0.14576E-02   0.13950E-02
 4965.82   0.14875E-02   0.14500E-02   0.13877E-02
 4979.43   0.14799E-02   0.14413E-02   0.13794E-02
 4993.03   0.14728E-02   0.14330E-02   0.13713E-02
 5006.64   0.14657E-02   0.14247E-02   0.13634E-02
 5020.24   0.14586E-02   0.14165E-02   0.13555E-02
 5033.85   0.14516E-02   0.14083E-02   0.13477E-02
 5047.45   0.14446E-02   0.14001E-02   0.13398E-02
 5061.06   0.14375E-02   0.13919E-02   0.13320E-02
 5074.66   0.14304E-02   0.13837E-02   0.13241E-02
 5088.27   0.14230E-02   0.13752E-02   0.13159E-02
 5101.87   0.14181E-02   0.13690E-02   0.13101E-02
 5115.48   0.14106E-02   0.13604E-02   0.13019E-02
 5129.08   0.14038E-02   0.13526E-02   0.12943E-02
 5142.69   0.13972E-02   0.13449E-02   0.12870E-02
 5156.29   0.13907E-02   0.13373E-02   0.12797E-02
 5169.90   0.13843E-02   0.13297E-02   0.12725E-02
 5183.50   0.13778E-02   0.13222E-02   0.12653E-02
 5197.11   0.13713E-02   0.13147E-02   0.12581E-02
 5210.71   0.13648E-02   0.13071E-02   0.12508E-02
 5224.32   0.13580E-02   0.12992E-02   0.12433E-02
 5237.92   0.13510E-02   0.12912E-02   0.12357E-02
 5251.53   0.13465E-02   0.12856E-02   0.12304E-02
 5265.13   0.13401E-02   0.12781E-02   0.12233E-02
 5278.74   0.13338E-02   0.12709E-02   0.12164E-02
 5292.34   0.13277E-02   0.12638E-02   0.12096E-02
 5305.95   0.13217E-02   0.12568E-02   0.12029E-02
 5319.55   0.13158E-02   0.12498E-02   0.11963E-02
 5333.16   0.13099E-02   0.12429E-02   0.11897E-02
 5346.76   0.13039E-02   0.12359E-02   0.11831E-02
 5360.37   0.12978E-02   0.12289E-02   0.11763E-02
 5373.97   0.12916E-02   0.12217E-02   0.11695E-02
 5387.58   0.12871E-02   0.12162E-02   0.11643E-02
 5401.18   0.12809E-02   0.12091E-02   0.11575E-02
 5414.79   0.12750E-02   0.12023E-02   0.11510E-02
 5428.39   0.12693E-02   0.11955E-02   0.11447E-02
 5442.00   0.12636E-02   0.11889E-02   0.11384E-02
 5455.60   0.12580E-02   0.11824E-02   0.11322E-02
 5469.21   0.12525E-02   0.11760E-02   0.11261E-02
 5482.81   0.12471E-02   0.11697E-02   0.11201E-02
 5496.42   0.12416E-02   0.11633E-02   0.11140E-02
 5510.02   0.12358E-02   0.11567E-02   0.11078E-02
 5523.63   0.12318E-02   0.11516E-02   0.11030E-02
 5537.23   0.12258E-02   0.11448E-02   0.10965E-02
 5550.84   0.12203E-02   0.11385E-02   0.10905E-02
 5564.44   0.12149E-02   0.11322E-02   0.10845E-02
 5578.05   0.12095E-02   0.11260E-02   0.10787E-02
 5591.65   0.12042E-02   0.11198E-02   0.10729E-02
 5605.26   0.11990E-02   0.11138E-02   0.10671E-02
 5618.86   0.11939E-02   0.11078E-02   0.10615E-02
 5632.47   0.11889E-02   0.11019E-02   0.10559E-02
 5646.07   0.11838E-02   0.10961E-02   0.10504E-02
 5659.68   0.11788E-02   0.10902E-02   0.10448E-02
 5673.28   0.11741E-02   0.10847E-02   0.10396E-02
 5686.89   0.11691E-02   0.10789E-02   0.10341E-02
 5700.49   0.11641E-02   0.10731E-02   0.10287E-02
 5714.10   0.11591E-02   0.10673E-02   0.10232E-02
 5727.70   0.11541E-02   0.10615E-02   0.10178E-02
 5741.31   0.11491E-02   0.10558E-02   0.10124E-02
 5754.91   0.11442E-02   0.10502E-02   0.10071E-02
 5768.52   0.11394E-02   0.10446E-02   0.10018E-02
 5782.12   0.11347E-02   0.10391E-02   0.99663E-03
 5795.73   0.11300E-02   0.10337E-02   0.99152E-03
 5809.33   0.11254E-02   0.10284E-02   0.98649E-03
 5822.94   0.11208E-02   0.10230E-02   0.98148E-03
 5836.54   0.11163E-02   0.10177E-02   0.97649E-03
 5850.15   0.11117E-02   0.10124E-02   0.97151E-03
 5863.75   0.11071E-02   0.10071E-02   0.96651E-03
 5877.36   0.11025E-02   0.10018E-02   0.96151E-03
 5890.96   0.10978E-02   0.99651E-03   0.95651E-03
 5904.57   0.10932E-02   0.99123E-03   0.95154E-03
 5918.17   0.10887E-02   0.98599E-03   0.94661E-03
 5931.78   0.10841E-02   0.98080E-03   0.94173E-03
 5945.38   0.10796E-02   0.97563E-03   0.93687E-03
 5958.99   0.10754E-02   0.97071E-03   0.93225E-03
 5972.59   0.10713E-02   0.96593E-03   0.92777E-03
 5986.20   0.10670E-02   0.96099E-03   0.92313E-03
 5999.80   0.10627E-02   0.95610E-03   0.91854E-03
 6013.41   0.10585E-02   0.95121E-03   0.91396E-03
 6027.01   0.10542E-02   0.94633E-03   0.90937E-03
 6040.62   0.10500E-02   0.94143E-03   0.90477E-03
 6054.22   0.10456E-02   0.93651E-03   0.90017E-03
 6067.83   0.10413E-02   0.93160E-03   0.89555E-03
 6081.43   0.10370E-02   0.92667E-03   0.89093E-03
 6095.04   0.10325E-02   0.92161E-03   0.88619E-03
 6108.64   0.10283E-02   0.91689E-03   0.88176E-03
 6122.25   0.10251E-02   0.91302E-03   0.87815E-03
 6135.85   0.10210E-02   0.90828E-03   0.87372E-03
 6149.46   0.10169E-02   0.90369E-03   0.86942E-03
 6163.06   0.10130E-02   0.89916E-03   0.86519E-03
 6176.67   0.10090E-02   0.89466E-03   0.86097E-03
 6190.27   0.10051E-02   0.89015E-03   0.85676E-03
 6203.88   0.10011E-02   0.88562E-03   0.85253E-03
 6217.48   0.99705E-03   0.88107E-03   0.84826E-03
 6231.09   0.99294E-03   0.87645E-03   0.84394E-03
 6244.69   0.98858E-03   0.87163E-03   0.83943E-03
 6258.30   0.98451E-03   0.86707E-03   0.83516E-03
 6271.90   0.98209E-03   0.86397E-03   0.83230E-03
 6285.51   0.97790E-03   0.85933E-03   0.82796E-03
 6299.11   0.97401E-03   0.85494E-03   0.82386E-03
 6312.72   0.97022E-03   0.85067E-03   0.81988E-03
 6326.32   0.96651E-03   0.84647E-03   0.81596E-03
 6339.93   0.96283E-03   0.84230E-03   0.81207E-03
 6353.53   0.95915E-03   0.83815E-03   0.80820E-03
 6367.14   0.95544E-03   0.83397E-03   0.80430E-03
 6380.74   0.95165E-03   0.82974E-03   0.80036E-03
 6394.35   0.94768E-03   0.82535E-03   0.79626E-03
 6407.95   0.94379E-03   0.82106E-03   0.79225E-03
 6421.56   0.94185E-03   0.81845E-03   0.78988E-03
 6435.16   0.93756E-03   0.81382E-03   0.78554E-03
 6448.77   0.93374E-03   0.80960E-03   0.78161E-03
 6462.37   0.93007E-03   0.80552E-03   0.77781E-03
 6475.98   0.92649E-03   0.80153E-03   0.77409E-03
 6489.58   0.92299E-03   0.79762E-03   0.77045E-03
 6503.19   0.91954E-03   0.79375E-03   0.76686E-03
 6516.79   0.91611E-03   0.78991E-03   0.76329E-03
 6530.40   0.91266E-03   0.78607E-03   0.75971E-03
 6544.00   0.90912E-03   0.78216E-03   0.75608E-03
 6557.61   0.90520E-03   0.77792E-03   0.75212E-03
 6571.21   0.90115E-03   0.77359E-03   0.74808E-03
 6584.82   0.89954E-03   0.77135E-03   0.74606E-03
 6598.42   0.89586E-03   0.76736E-03   0.74234E-03
 6612.03   0.89232E-03   0.76348E-03   0.73873E-03
 6625.63   0.88885E-03   0.75968E-03   0.73519E-03
 6639.24   0.88545E-03   0.75594E-03   0.73172E-03
 6652.84   0.88212E-03   0.75227E-03   0.72832E-03
 6666.45   0.87886E-03   0.74867E-03   0.72497E-03
 6680.05   0.87564E-03   0.74511E-03   0.72167E-03
 6693.66   0.87243E-03   0.74157E-03   0.71840E-03
 6707.26   0.86918E-03   0.73800E-03   0.71508E-03
 6720.87   0.86584E-03   0.73437E-03   0.71171E-03
 6734.47   0.86338E-03   0.73149E-03   0.70907E-03
 6748.08   0.85996E-03   0.72779E-03   0.70564E-03
 6761.68   0.85665E-03   0.72421E-03   0.70231E-03
 6775.29   0.85336E-03   0.72064E-03   0.69900E-03
 6788.89   0.85008E-03   0.71710E-03   0.69572E-03
 6802.50   0.84685E-03   0.71360E-03   0.69247E-03
 6816.10   0.84366E-03   0.71015E-03   0.68927E-03
 6829.71   0.84053E-03   0.70676E-03   0.68613E-03
 6843.31   0.83747E-03   0.70342E-03   0.68305E-03
 6856.92   0.83445E-03   0.70014E-03   0.68001E-03
 6870.52   0.83147E-03   0.69689E-03   0.67701E-03
 6884.13   0.82843E-03   0.69360E-03   0.67397E-03
 6897.73   0.82562E-03   0.69051E-03   0.67112E-03
 6911.34   0.82263E-03   0.68728E-03   0.66813E-03
 6924.94   0.81961E-03   0.68403E-03   0.66513E-03
 6938.55   0.81657E-03   0.68077E-03   0.66211E-03
 6952.15   0.81350E-03   0.67750E-03   0.65908E-03
 6965.76   0.81043E-03   0.67423E-03   0.65605E-03
 6979.36   0.80737E-03   0.67098E-03   0.65305E-03
 6992.97   0.80435E-03   0.66776E-03   0.65007E-03
 7006.57   0.80138E-03   0.66460E-03   0.64715E-03
 7020.18   0.79847E-03   0.66149E-03   0.64428E-03
 7033.78   0.79559E-03   0.65842E-03   0.64144E-03
 7047.39   0.79287E-03   0.65549E-03   0.63874E-03
 7060.99   0.79009E-03   0.65251E-03   0.63600E-03
 7074.60   0.78731E-03   0.64954E-03   0.63326E-03
 7088.20   0.78452E-03   0.64657E-03   0.63052E-03
 7101.81   0.78171E-03   0.64358E-03   0.62777E-03
 7115.41   0.77886E-03   0.64058E-03   0.62499E-03
 7129.02   0.77598E-03   0.63756E-03   0.62220E-03
 7142.62   0.77307E-03   0.63452E-03   0.61940E-03
 7156.23   0.77016E-03   0.63149E-03   0.61659E-03
 7169.83   0.76726E-03   0.62846E-03   0.61380E-03
 7183.44   0.76436E-03   0.62546E-03   0.61102E-03
 7197.04   0.76135E-03   0.62236E-03   0.60816E-03
 7210.65   0.75881E-03   0.61966E-03   0.60568E-03
 7224.25   0.75660E-03   0.61723E-03   0.60346E-03
 7237.86   0.75386E-03   0.61438E-03   0.60083E-03
 7251.46   0.75121E-03   0.61161E-03   0.59828E-03
 7265.07   0.74858E-03   0.60885E-03   0.59575E-03
 7278.67   0.74594E-03   0.60610E-03   0.59321E-03
 7292.28   0.74326E-03   0.60333E-03   0.59066E-03
 7305.88   0.74055E-03   0.60053E-03   0.58808E-03
 7319.49   0.73779E-03   0.59771E-03   0.58547E-03
 7333.09   0.73500E-03   0.59486E-03   0.58284E-03
 7346.70   0.73213E-03   0.59196E-03   0.58016E-03
 7360.30   0.72900E-03   0.58885E-03   0.57728E-03
 7373.91   0.72645E-03   0.58622E-03   0.57486E-03
 7387.51   0.72507E-03   0.58454E-03   0.57337E-03
 7401.12   0.72222E-03   0.58168E-03   0.57072E-03
 7414.72   0.71959E-03   0.57901E-03   0.56826E-03
 7428.33   0.71706E-03   0.57641E-03   0.56587E-03
 7441.93   0.71456E-03   0.57385E-03   0.56352E-03
 7455.54   0.71206E-03   0.57131E-03   0.56118E-03
 7469.14   0.70955E-03   0.56875E-03   0.55883E-03
 7482.75   0.70700E-03   0.56617E-03   0.55646E-03
 7496.35   0.70438E-03   0.56354E-03   0.55404E-03
 7509.96   0.70167E-03   0.56085E-03   0.55154E-03
 7523.56   0.69869E-03   0.55794E-03   0.54885E-03
 7537.17   0.69609E-03   0.55535E-03   0.54646E-03
 7550.77   0.69537E-03   0.55426E-03   0.54555E-03
 7564.38   0.69227E-03   0.55128E-03   0.54278E-03
 7577.98   0.68961E-03   0.54865E-03   0.54035E-03
 7591.59   0.68708E-03   0.54614E-03   0.53804E-03
 7605.19   0.68464E-03   0.54371E-03   0.53580E-03
 7618.80   0.68225E-03   0.54132E-03   0.53361E-03
 7632.40   0.67989E-03   0.53896E-03   0.53144E-03
 7646.01   0.67753E-03   0.53660E-03   0.52927E-03
 7659.61   0.67513E-03   0.53422E-03   0.52709E-03
 7673.22   0.67267E-03   0.53180E-03   0.52486E-03
 7686.82   0.67004E-03   0.52925E-03   0.52250E-03
 7700.43   0.66647E-03   0.52597E-03   0.51942E-03
 7714.03   0.66748E-03   0.52630E-03   0.51991E-03
 7727.64   0.66383E-03   0.52296E-03   0.51677E-03
 7741.24   0.66114E-03   0.52039E-03   0.51439E-03
 7754.85   0.65862E-03   0.51795E-03   0.51215E-03
 7768.45   0.65618E-03   0.51559E-03   0.50997E-03
 7782.06   0.65382E-03   0.51329E-03   0.50785E-03
 7795.66   0.65151E-03   0.51105E-03   0.50579E-03
 7809.27   0.64925E-03   0.50884E-03   0.50377E-03
 7822.87   0.64702E-03   0.50666E-03   0.50177E-03
 7836.48   0.64477E-03   0.50448E-03   0.49977E-03
 7850.08   0.64248E-03   0.50226E-03   0.49773E-03
 7863.69   0.63999E-03   0.49990E-03   0.49555E-03
 7877.29   0.63752E-03   0.49755E-03   0.49338E-03
 7890.90   0.63655E-03   0.49639E-03   0.49238E-03
 7904.50   0.63393E-03   0.49394E-03   0.49012E-03
 7918.11   0.63149E-03   0.49164E-03   0.48800E-03
 7931.71   0.62911E-03   0.48939E-03   0.48592E-03
 7945.32   0.62676E-03   0.48717E-03   0.48387E-03
 7958.92   0.62446E-03   0.48500E-03   0.48187E-03
 7972.53   0.62222E-03   0.48287E-03   0.47991E-03
 7986.13   0.62003E-03   0.48079E-03   0.47800E-03
 7999.74   0.61788E-03   0.47875E-03   0.47613E-03
 8013.34   0.61576E-03   0.47673E-03   0.47429E-03
 8026.95   0.61365E-03   0.47472E-03   0.47244E-03
 8040.55   0.61141E-03   0.47263E-03   0.47052E-03
 8054.16   0.60906E-03   0.47045E-03   0.46851E-03
 8067.76   0.60760E-03   0.46897E-03   0.46719E-03
 8081.37   0.60538E-03   0.46690E-03   0.46528E-03
 8094.97   0.60317E-03   0.46484E-03   0.46339E-03
 8108.58   0.60093E-03   0.46277E-03   0.46148E-03
 8122.18   0.59870E-03   0.46071E-03   0.45958E-03
 8135.79   0.59647E-03   0.45866E-03   0.45769E-03
 8149.39   0.59428E-03   0.45663E-03   0.45583E-03
 8163.00   0.59212E-03   0.45465E-03   0.45400E-03
 8176.60   0.59002E-03   0.45271E-03   0.45221E-03
 8190.21   0.58796E-03   0.45081E-03   0.45047E-03
 8203.81   0.58595E-03   0.44895E-03   0.44877E-03
 8217.42   0.58397E-03   0.44711E-03   0.44709E-03
 8231.02   0.58201E-03   0.44529E-03   0.44543E-03
 8244.63   0.58003E-03   0.44348E-03   0.44376E-03
 8258.23   0.57804E-03   0.44165E-03   0.44208E-03
 8271.84   0.57601E-03   0.43979E-03   0.44038E-03
 8285.44   0.57395E-03   0.43792E-03   0.43866E-03
 8299.05   0.57185E-03   0.43602E-03   0.43691E-03
 8312.65   0.56973E-03   0.43412E-03   0.43515E-03
 8326.26   0.56760E-03   0.43221E-03   0.43339E-03
 8339.86   0.56548E-03   0.43031E-03   0.43164E-03
 8353.47   0.56338E-03   0.42844E-03   0.42992E-03
 8367.07   0.56132E-03   0.42659E-03   0.42822E-03
 8380.68   0.55929E-03   0.42477E-03   0.42654E-03
 8394.28   0.55711E-03   0.42285E-03   0.42476E-03
 8407.89   0.55576E-03   0.42156E-03   0.42362E-03
 8421.49   0.55374E-03   0.41976E-03   0.42196E-03
 8435.10   0.55183E-03   0.41806E-03   0.42040E-03
 8448.70   0.54994E-03   0.41637E-03   0.41885E-03
 8462.31   0.54802E-03   0.41467E-03   0.41729E-03
 8475.91   0.54608E-03   0.41294E-03   0.41571E-03
 8489.52   0.54409E-03   0.41120E-03   0.41410E-03
 8503.12   0.54208E-03   0.40943E-03   0.41247E-03
 8516.73   0.54003E-03   0.40765E-03   0.41082E-03
 8530.33   0.53796E-03   0.40585E-03   0.40916E-03
 8543.94   0.53588E-03   0.40405E-03   0.40749E-03
 8557.54   0.53375E-03   0.40222E-03   0.40579E-03
 8571.15   0.53108E-03   0.39998E-03   0.40368E-03
 8584.75   0.53125E-03   0.39988E-03   0.40373E-03
 8598.36   0.52872E-03   0.39776E-03   0.40173E-03
 8611.96   0.52677E-03   0.39608E-03   0.40018E-03
 8625.57   0.52491E-03   0.39447E-03   0.39870E-03
 8639.17   0.52309E-03   0.39289E-03   0.39725E-03
 8652.78   0.52127E-03   0.39132E-03   0.39581E-03
 8666.38   0.51944E-03   0.38974E-03   0.39436E-03
 8679.99   0.51756E-03   0.38814E-03   0.39288E-03
 8693.59   0.51565E-03   0.38650E-03   0.39137E-03
 8707.20   0.51368E-03   0.38483E-03   0.38982E-03
 8720.80   0.51165E-03   0.38312E-03   0.38824E-03
 8734.41   0.50950E-03   0.38133E-03   0.38656E-03
 8748.01   0.50679E-03   0.37911E-03   0.38446E-03
 8761.62   0.50524E-03   0.37777E-03   0.38324E-03
 8775.22   0.50501E-03   0.37743E-03   0.38303E-03
 8788.83   0.50288E-03   0.37566E-03   0.38138E-03
 8802.43   0.50097E-03   0.37406E-03   0.37990E-03
 8816.04   0.49916E-03   0.37254E-03   0.37850E-03
 8829.64   0.49740E-03   0.37106E-03   0.37714E-03
 8843.25   0.49566E-03   0.36961E-03   0.37580E-03
 8856.85   0.49392E-03   0.36815E-03   0.37446E-03
 8870.46   0.49216E-03   0.36668E-03   0.37310E-03
 8884.06   0.49035E-03   0.36518E-03   0.37171E-03
 8897.67   0.48847E-03   0.36363E-03   0.37028E-03
 8911.27   0.48647E-03   0.36200E-03   0.36875E-03
 8924.88   0.48412E-03   0.36010E-03   0.36696E-03
 8938.48   0.48235E-03   0.35864E-03   0.36561E-03
 8952.09   0.48254E-03   0.35864E-03   0.36575E-03
 8965.69   0.48013E-03   0.35672E-03   0.36393E-03
 8979.30   0.47814E-03   0.35511E-03   0.36242E-03
 8992.90   0.47628E-03   0.35360E-03   0.36101E-03
 9006.51   0.47450E-03   0.35215E-03   0.35967E-03
 9020.11   0.47278E-03   0.35075E-03   0.35838E-03
 9033.72   0.47110E-03   0.34938E-03   0.35712E-03
 9047.32   0.46944E-03   0.34803E-03   0.35587E-03
 9060.93   0.46778E-03   0.34668E-03   0.35463E-03
 9074.53   0.46609E-03   0.34532E-03   0.35337E-03
 9088.14   0.46433E-03   0.34390E-03   0.35206E-03
 9101.74   0.46240E-03   0.34237E-03   0.35062E-03
 9115.35   0.45955E-03   0.34015E-03   0.34848E-03
 9128.95   0.46133E-03   0.34137E-03   0.34986E-03
 9142.56   0.45833E-03   0.33905E-03   0.34762E-03
 9156.16   0.45631E-03   0.33746E-03   0.34612E-03
 9169.77   0.45443E-03   0.33598E-03   0.34473E-03
 9183.37   0.45263E-03   0.33455E-03   0.34340E-03
 9196.98   0.45088E-03   0.33318E-03   0.34212E-03
 9210.58   0.44919E-03   0.33184E-03   0.34087E-03
 9224.19   0.44754E-03   0.33054E-03   0.33967E-03
 9237.79   0.44594E-03   0.32927E-03   0.33850E-03
 9251.40   0.44435E-03   0.32803E-03   0.33735E-03
 9265.00   0.44277E-03   0.32678E-03   0.33620E-03
 9278.61   0.44116E-03   0.32552E-03   0.33503E-03
 9292.21   0.43940E-03   0.32415E-03   0.33375E-03
 9305.82   0.43767E-03   0.32281E-03   0.33249E-03
 9319.42   0.43715E-03   0.32236E-03   0.33216E-03
 9333.03   0.43520E-03   0.32086E-03   0.33074E-03
 9346.63   0.43343E-03   0.31950E-03   0.32946E-03
 9360.24   0.43169E-03   0.31816E-03   0.32821E-03
 9373.84   0.42997E-03   0.31683E-03   0.32696E-03
 9387.45   0.42827E-03   0.31552E-03   0.32574E-03
 9401.05   0.42660E-03   0.31424E-03   0.32454E-03
 9414.66   0.42497E-03   0.31300E-03   0.32338E-03
 9428.26   0.42338E-03   0.31178E-03   0.32225E-03
 9441.87   0.42184E-03   0.31060E-03   0.32116E-03
 9455.47   0.42033E-03   0.30945E-03   0.32009E-03
 9469.08   0.41884E-03   0.30831E-03   0.31903E-03
 9482.68   0.41731E-03   0.30716E-03   0.31796E-03
 9496.29   0.41572E-03   0.30595E-03   0.31683E-03
 9509.89   0.41455E-03   0.30506E-03   0.31603E-03
 9523.50   0.41299E-03   0.30389E-03   0.31494E-03
 9537.10   0.41143E-03   0.30271E-03   0.31383E-03
 9550.71   0.40983E-03   0.30151E-03   0.31272E-03
 9564.31   0.40822E-03   0.30030E-03   0.31158E-03
 9577.92   0.40659E-03   0.29909E-03   0.31044E-03
 9591.52   0.40496E-03   0.29787E-03   0.30930E-03
 9605.13   0.40335E-03   0.29667E-03   0.30817E-03
 9618.73   0.40177E-03   0.29550E-03   0.30707E-03
 9632.34   0.40023E-03   0.29435E-03   0.30599E-03
 9645.94   0.39873E-03   0.29324E-03   0.30495E-03
 9659.55   0.39726E-03   0.29216E-03   0.30395E-03
 9673.15   0.39583E-03   0.29110E-03   0.30296E-03
 9686.76   0.39447E-03   0.29010E-03   0.30204E-03
 9700.36   0.39305E-03   0.28906E-03   0.30107E-03
 9713.97   0.39165E-03   0.28803E-03   0.30011E-03
 9727.57   0.39023E-03   0.28699E-03   0.29914E-03
 9741.18   0.38878E-03   0.28593E-03   0.29815E-03
 9754.78   0.38729E-03   0.28484E-03   0.29714E-03
 9768.39   0.38578E-03   0.28374E-03   0.29610E-03
 9781.99   0.38423E-03   0.28262E-03   0.29504E-03
 9795.60   0.38267E-03   0.28149E-03   0.29397E-03
 9809.20   0.38111E-03   0.28036E-03   0.29290E-03
 9822.81   0.37955E-03   0.27923E-03   0.29184E-03
 9836.41   0.37802E-03   0.27812E-03   0.29079E-03
 9850.02   0.37649E-03   0.27702E-03   0.28975E-03
 9863.62   0.37486E-03   0.27585E-03   0.28864E-03
 9877.23   0.37376E-03   0.27506E-03   0.28792E-03
 9890.83   0.37266E-03   0.27429E-03   0.28722E-03
 9904.44   0.37122E-03   0.27326E-03   0.28625E-03
 9918.04   0.36985E-03   0.27228E-03   0.28534E-03
 9931.65   0.36849E-03   0.27132E-03   0.28444E-03
 9945.25   0.36712E-03   0.27035E-03   0.28353E-03
 9958.86   0.36573E-03   0.26937E-03   0.28260E-03
 9972.46   0.36430E-03   0.26836E-03   0.28165E-03
 9986.07   0.36285E-03   0.26733E-03   0.28068E-03
 9999.67   0.36135E-03   0.26627E-03   0.27968E-03
