 1714.23   0.20189E+00   0.19679E+00   0.19203E+00
 1727.83   0.19955E+00   0.19448E+00   0.18978E+00
 1741.44   0.19725E+00   0.19220E+00   0.18757E+00
 1755.04   0.19497E+00   0.18996E+00   0.18539E+00
 1768.65   0.19274E+00   0.18775E+00   0.18324E+00
 1782.25   0.19053E+00   0.18557E+00   0.18112E+00
 1795.86   0.18835E+00   0.18342E+00   0.17903E+00
 1809.46   0.18620E+00   0.18130E+00   0.17697E+00
 1823.07   0.18409E+00   0.17921E+00   0.17494E+00
 1836.67   0.18200E+00   0.17715E+00   0.17294E+00
 1850.28   0.17994E+00   0.17512E+00   0.17097E+00
 1863.88   0.17791E+00   0.17312E+00   0.16902E+00
 1877.49   0.17591E+00   0.17115E+00   0.16711E+00
 1891.09   0.17394E+00   0.16920E+00   0.16522E+00
 1904.70   0.17199E+00   0.16729E+00   0.16336E+00
 1918.30   0.17007E+00   0.16540E+00   0.16153E+00
 1931.91   0.16818E+00   0.16354E+00   0.15972E+00
 1945.51   0.16632E+00   0.16170E+00   0.15794E+00
 1959.12   0.16448E+00   0.15989E+00   0.15618E+00
 1972.72   0.16266E+00   0.15811E+00   0.15445E+00
 1986.33   0.16087E+00   0.15635E+00   0.15274E+00
 1999.93   0.15910E+00   0.15462E+00   0.15106E+00
 2013.54   0.15736E+00   0.15291E+00   0.14939E+00
 2027.14   0.15564E+00   0.15122E+00   0.14776E+00
 2040.75   0.15394E+00   0.14955E+00   0.14614E+00
 2054.35   0.15227E+00   0.14791E+00   0.14454E+00
 2067.96   0.15062E+00   0.14629E+00   0.14298E+00
 2081.56   0.14899E+00   0.14469E+00   0.14142E+00
 2095.17   0.14738E+00   0.14312E+00   0.13989E+00
 2108.77   0.14579E+00   0.14156E+00   0.13838E+00
 2122.38   0.14422E+00   0.14003E+00   0.13690E+00
 2135.98   0.14268E+00   0.13852E+00   0.13543E+00
 2149.59   0.14116E+00   0.13703E+00   0.13398E+00
 2163.19   0.13965E+00   0.13556E+00   0.13255E+00
 2176.80   0.13816E+00   0.13410E+00   0.13114E+00
 2190.40   0.13670E+00   0.13267E+00   0.12975E+00
 2204.01   0.13525E+00   0.13126E+00   0.12838E+00
 2217.61   0.13382E+00   0.12986E+00   0.12703E+00
 2231.22   0.13241E+00   0.12849E+00   0.12569E+00
 2244.82   0.13102E+00   0.12713E+00   0.12438E+00
 2258.43   0.12965E+00   0.12579E+00   0.12308E+00
 2272.03   0.12829E+00   0.12447E+00   0.12179E+00
 2285.64   0.12695E+00   0.12317E+00   0.12053E+00
 2299.24   0.12563E+00   0.12188E+00   0.11928E+00
 2312.85   0.12433E+00   0.12061E+00   0.11804E+00
 2326.45   0.12304E+00   0.11935E+00   0.11683E+00
 2340.06   0.12177E+00   0.11812E+00   0.11563E+00
 2353.66   0.12051E+00   0.11689E+00   0.11444E+00
 2367.27   0.11927E+00   0.11569E+00   0.11327E+00
 2380.87   0.11804E+00   0.11450E+00   0.11211E+00
 2394.48   0.11683E+00   0.11332E+00   0.11097E+00
 2408.08   0.11564E+00   0.11216E+00   0.10984E+00
 2421.69   0.11446E+00   0.11101E+00   0.10873E+00
 2435.29   0.11330E+00   0.10988E+00   0.10764E+00
 2448.90   0.11215E+00   0.10877E+00   0.10655E+00
 2462.50   0.11101E+00   0.10767E+00   0.10548E+00
 2476.11   0.10989E+00   0.10658E+00   0.10443E+00
 2489.71   0.10878E+00   0.10550E+00   0.10338E+00
 2503.32   0.10768E+00   0.10444E+00   0.10235E+00
 2516.92   0.10659E+00   0.10339E+00   0.10133E+00
 2530.53   0.10554E+00   0.10236E+00   0.10033E+00
 2544.13   0.10448E+00   0.10134E+00   0.99343E-01
 2557.74   0.10344E+00   0.10033E+00   0.98364E-01
 2571.34   0.10241E+00   0.99339E-01   0.97398E-01
 2584.95   0.10139E+00   0.98355E-01   0.96442E-01
 2598.55   0.10038E+00   0.97381E-01   0.95497E-01
 2612.16   0.99386E-01   0.96417E-01   0.94560E-01
 2625.76   0.98415E-01   0.95479E-01   0.93650E-01
 2639.37   0.97443E-01   0.94540E-01   0.92738E-01
 2652.97   0.96485E-01   0.93616E-01   0.91840E-01
 2666.58   0.95539E-01   0.92703E-01   0.90954E-01
 2680.18   0.94604E-01   0.91801E-01   0.90078E-01
 2693.79   0.93679E-01   0.90909E-01   0.89212E-01
 2707.39   0.92760E-01   0.90023E-01   0.88351E-01
 2721.00   0.91871E-01   0.89167E-01   0.87519E-01
 2734.60   0.90974E-01   0.88302E-01   0.86679E-01
 2748.21   0.90091E-01   0.87452E-01   0.85854E-01
 2761.81   0.89220E-01   0.86614E-01   0.85039E-01
 2775.42   0.88360E-01   0.85786E-01   0.84235E-01
 2789.02   0.87510E-01   0.84968E-01   0.83440E-01
 2802.63   0.86668E-01   0.84159E-01   0.82654E-01
 2816.23   0.85828E-01   0.83351E-01   0.81868E-01
 2829.84   0.85021E-01   0.82575E-01   0.81115E-01
 2843.44   0.84207E-01   0.81793E-01   0.80354E-01
 2857.05   0.83403E-01   0.81021E-01   0.79604E-01
 2870.65   0.82609E-01   0.80258E-01   0.78863E-01
 2884.26   0.81825E-01   0.79506E-01   0.78131E-01
 2897.86   0.81051E-01   0.78763E-01   0.77409E-01
 2911.47   0.80284E-01   0.78027E-01   0.76694E-01
 2925.07   0.79532E-01   0.77305E-01   0.75992E-01
 2938.68   0.78781E-01   0.76585E-01   0.75292E-01
 2952.28   0.78039E-01   0.75874E-01   0.74600E-01
 2965.89   0.77305E-01   0.75171E-01   0.73917E-01
 2979.49   0.76580E-01   0.74476E-01   0.73241E-01
 2993.10   0.75864E-01   0.73791E-01   0.72574E-01
 3006.70   0.75157E-01   0.73114E-01   0.71916E-01
 3020.31   0.74458E-01   0.72445E-01   0.71265E-01
 3033.91   0.73768E-01   0.71784E-01   0.70622E-01
 3047.52   0.73084E-01   0.71130E-01   0.69986E-01
 3061.12   0.72407E-01   0.70483E-01   0.69356E-01
 3074.73   0.71737E-01   0.69842E-01   0.68733E-01
 3088.33   0.71075E-01   0.69209E-01   0.68116E-01
 3101.94   0.70419E-01   0.68583E-01   0.67507E-01
 3115.54   0.69772E-01   0.67964E-01   0.66905E-01
 3129.15   0.69134E-01   0.67354E-01   0.66311E-01
 3142.75   0.68503E-01   0.66752E-01   0.65725E-01
 3156.36   0.67878E-01   0.66156E-01   0.65144E-01
 3169.96   0.67260E-01   0.65566E-01   0.64570E-01
 3183.57   0.66647E-01   0.64982E-01   0.64001E-01
 3197.17   0.66041E-01   0.64403E-01   0.63437E-01
 3210.78   0.65440E-01   0.63830E-01   0.62879E-01
 3224.38   0.64846E-01   0.63263E-01   0.62327E-01
 3237.99   0.64259E-01   0.62703E-01   0.61782E-01
 3251.59   0.63685E-01   0.62157E-01   0.61250E-01
 3265.20   0.63112E-01   0.61611E-01   0.60717E-01
 3278.80   0.62546E-01   0.61072E-01   0.60192E-01
 3292.41   0.61985E-01   0.60538E-01   0.59672E-01
 3306.01   0.61430E-01   0.60009E-01   0.59157E-01
 3319.62   0.60880E-01   0.59485E-01   0.58646E-01
 3333.22   0.60334E-01   0.58965E-01   0.58139E-01
 3346.83   0.59793E-01   0.58450E-01   0.57637E-01
 3360.43   0.59273E-01   0.57956E-01   0.57155E-01
 3374.04   0.58744E-01   0.57453E-01   0.56664E-01
 3387.64   0.58223E-01   0.56958E-01   0.56182E-01
 3401.25   0.57709E-01   0.56469E-01   0.55705E-01
 3414.85   0.57201E-01   0.55986E-01   0.55233E-01
 3428.46   0.56697E-01   0.55507E-01   0.54766E-01
 3442.06   0.56196E-01   0.55031E-01   0.54302E-01
 3455.67   0.55695E-01   0.54554E-01   0.53836E-01
 3469.27   0.55229E-01   0.54113E-01   0.53406E-01
 3482.88   0.54736E-01   0.53645E-01   0.52949E-01
 3496.48   0.54256E-01   0.53189E-01   0.52504E-01
 3510.09   0.53783E-01   0.52740E-01   0.52065E-01
 3523.69   0.53316E-01   0.52296E-01   0.51632E-01
 3537.30   0.52854E-01   0.51857E-01   0.51204E-01
 3550.90   0.52395E-01   0.51422E-01   0.50779E-01
 3564.51   0.51939E-01   0.50989E-01   0.50356E-01
 3578.11   0.51480E-01   0.50554E-01   0.49930E-01
 3591.72   0.51055E-01   0.50151E-01   0.49537E-01
 3605.32   0.50611E-01   0.49730E-01   0.49126E-01
 3618.93   0.50174E-01   0.49316E-01   0.48721E-01
 3632.53   0.49743E-01   0.48907E-01   0.48321E-01
 3646.14   0.49317E-01   0.48503E-01   0.47927E-01
 3659.74   0.48897E-01   0.48104E-01   0.47537E-01
 3673.35   0.48480E-01   0.47709E-01   0.47150E-01
 3686.95   0.48063E-01   0.47315E-01   0.46764E-01
 3700.56   0.47667E-01   0.46939E-01   0.46397E-01
 3714.16   0.47257E-01   0.46551E-01   0.46018E-01
 3727.77   0.46854E-01   0.46169E-01   0.45644E-01
 3741.37   0.46456E-01   0.45792E-01   0.45275E-01
 3754.98   0.46062E-01   0.45419E-01   0.44910E-01
 3768.58   0.45674E-01   0.45051E-01   0.44550E-01
 3782.19   0.45290E-01   0.44688E-01   0.44194E-01
 3795.79   0.44910E-01   0.44328E-01   0.43842E-01
 3809.40   0.44533E-01   0.43971E-01   0.43493E-01
 3823.00   0.44164E-01   0.43622E-01   0.43151E-01
 3836.61   0.43794E-01   0.43272E-01   0.42808E-01
 3850.21   0.43428E-01   0.42925E-01   0.42468E-01
 3863.82   0.43065E-01   0.42581E-01   0.42131E-01
 3877.42   0.42705E-01   0.42241E-01   0.41798E-01
 3891.03   0.42349E-01   0.41904E-01   0.41468E-01
 3904.63   0.41998E-01   0.41571E-01   0.41142E-01
 3918.24   0.41650E-01   0.41243E-01   0.40820E-01
 3931.84   0.41308E-01   0.40919E-01   0.40502E-01
 3945.45   0.40968E-01   0.40597E-01   0.40187E-01
 3959.05   0.40632E-01   0.40279E-01   0.39875E-01
 3972.66   0.40298E-01   0.39963E-01   0.39565E-01
 3986.26   0.39966E-01   0.39649E-01   0.39257E-01
 3999.87   0.39637E-01   0.39338E-01   0.38952E-01
 4013.47   0.39311E-01   0.39030E-01   0.38649E-01
 4027.08   0.38988E-01   0.38724E-01   0.38350E-01
 4040.68   0.38669E-01   0.38422E-01   0.38053E-01
 4054.29   0.38355E-01   0.38125E-01   0.37761E-01
 4067.89   0.38047E-01   0.37834E-01   0.37476E-01
 4081.50   0.37739E-01   0.37542E-01   0.37190E-01
 4095.10   0.37434E-01   0.37254E-01   0.36906E-01
 4108.71   0.37131E-01   0.36968E-01   0.36625E-01
 4122.31   0.36831E-01   0.36684E-01   0.36346E-01
 4135.92   0.36533E-01   0.36401E-01   0.36069E-01
 4149.52   0.36236E-01   0.36121E-01   0.35793E-01
 4163.13   0.35942E-01   0.35842E-01   0.35519E-01
 4176.73   0.35651E-01   0.35567E-01   0.35249E-01
 4190.34   0.35376E-01   0.35307E-01   0.34993E-01
 4203.94   0.35091E-01   0.35037E-01   0.34728E-01
 4217.55   0.34812E-01   0.34773E-01   0.34468E-01
 4231.15   0.34535E-01   0.34511E-01   0.34211E-01
 4244.76   0.34261E-01   0.34251E-01   0.33955E-01
 4258.36   0.33988E-01   0.33993E-01   0.33701E-01
 4271.97   0.33717E-01   0.33737E-01   0.33449E-01
 4285.57   0.33446E-01   0.33480E-01   0.33197E-01
 4299.18   0.33164E-01   0.33212E-01   0.32933E-01
 4312.78   0.32932E-01   0.32995E-01   0.32719E-01
 4326.39   0.32666E-01   0.32742E-01   0.32470E-01
 4339.99   0.32408E-01   0.32498E-01   0.32229E-01
 4353.60   0.32154E-01   0.32257E-01   0.31992E-01
 4367.20   0.31902E-01   0.32019E-01   0.31757E-01
 4380.81   0.31653E-01   0.31783E-01   0.31525E-01
 4394.41   0.31405E-01   0.31548E-01   0.31294E-01
 4408.02   0.31159E-01   0.31314E-01   0.31063E-01
 4421.62   0.30909E-01   0.31077E-01   0.30830E-01
 4435.23   0.30702E-01   0.30883E-01   0.30639E-01
 4448.83   0.30444E-01   0.30637E-01   0.30396E-01
 4462.44   0.30204E-01   0.30410E-01   0.30172E-01
 4476.04   0.29969E-01   0.30187E-01   0.29952E-01
 4489.65   0.29737E-01   0.29967E-01   0.29735E-01
 4503.25   0.29508E-01   0.29750E-01   0.29521E-01
 4516.86   0.29282E-01   0.29535E-01   0.29309E-01
 4530.46   0.29057E-01   0.29322E-01   0.29099E-01
 4544.07   0.28833E-01   0.29109E-01   0.28889E-01
 4557.67   0.28608E-01   0.28895E-01   0.28677E-01
 4571.28   0.28403E-01   0.28702E-01   0.28487E-01
 4584.88   0.28181E-01   0.28491E-01   0.28279E-01
 4598.49   0.27964E-01   0.28285E-01   0.28075E-01
 4612.09   0.27749E-01   0.28081E-01   0.27873E-01
 4625.70   0.27538E-01   0.27880E-01   0.27675E-01
 4639.30   0.27329E-01   0.27681E-01   0.27479E-01
 4652.91   0.27123E-01   0.27485E-01   0.27285E-01
 4666.51   0.26918E-01   0.27291E-01   0.27093E-01
 4680.12   0.26715E-01   0.27098E-01   0.26902E-01
 4693.72   0.26509E-01   0.26901E-01   0.26708E-01
 4707.33   0.26320E-01   0.26722E-01   0.26531E-01
 4720.93   0.26120E-01   0.26533E-01   0.26343E-01
 4734.54   0.25923E-01   0.26345E-01   0.26157E-01
 4748.14   0.25727E-01   0.26158E-01   0.25973E-01
 4761.75   0.25534E-01   0.25974E-01   0.25791E-01
 4775.35   0.25342E-01   0.25792E-01   0.25610E-01
 4788.96   0.25154E-01   0.25612E-01   0.25433E-01
 4802.56   0.24968E-01   0.25435E-01   0.25257E-01
 4816.17   0.24783E-01   0.25259E-01   0.25083E-01
 4829.77   0.24602E-01   0.25087E-01   0.24912E-01
 4843.38   0.24420E-01   0.24913E-01   0.24741E-01
 4856.98   0.24240E-01   0.24742E-01   0.24571E-01
 4870.59   0.24061E-01   0.24570E-01   0.24401E-01
 4884.19   0.23883E-01   0.24400E-01   0.24232E-01
 4897.80   0.23706E-01   0.24231E-01   0.24065E-01
 4911.40   0.23530E-01   0.24064E-01   0.23899E-01
 4925.01   0.23357E-01   0.23898E-01   0.23735E-01
 4938.61   0.23186E-01   0.23735E-01   0.23573E-01
 4952.22   0.23017E-01   0.23573E-01   0.23413E-01
 4965.82   0.22853E-01   0.23416E-01   0.23257E-01
 4979.43   0.22687E-01   0.23258E-01   0.23100E-01
 4993.03   0.22523E-01   0.23101E-01   0.22944E-01
 5006.64   0.22360E-01   0.22945E-01   0.22790E-01
 5020.24   0.22198E-01   0.22790E-01   0.22636E-01
 5033.85   0.22037E-01   0.22635E-01   0.22482E-01
 5047.45   0.21876E-01   0.22481E-01   0.22329E-01
 5061.06   0.21717E-01   0.22329E-01   0.22178E-01
 5074.66   0.21559E-01   0.22177E-01   0.22027E-01
 5088.27   0.21401E-01   0.22025E-01   0.21876E-01
 5101.87   0.21260E-01   0.21891E-01   0.21743E-01
 5115.48   0.21103E-01   0.21740E-01   0.21594E-01
 5129.08   0.20953E-01   0.21596E-01   0.21450E-01
 5142.69   0.20804E-01   0.21453E-01   0.21308E-01
 5156.29   0.20657E-01   0.21311E-01   0.21167E-01
 5169.90   0.20510E-01   0.21170E-01   0.21027E-01
 5183.50   0.20364E-01   0.21029E-01   0.20887E-01
 5197.11   0.20218E-01   0.20889E-01   0.20748E-01
 5210.71   0.20072E-01   0.20749E-01   0.20608E-01
 5224.32   0.19925E-01   0.20606E-01   0.20467E-01
 5237.92   0.19781E-01   0.20467E-01   0.20328E-01
 5251.53   0.19657E-01   0.20349E-01   0.20211E-01
 5265.13   0.19517E-01   0.20214E-01   0.20076E-01
 5278.74   0.19381E-01   0.20082E-01   0.19945E-01
 5292.34   0.19246E-01   0.19952E-01   0.19816E-01
 5305.95   0.19112E-01   0.19823E-01   0.19687E-01
 5319.55   0.18979E-01   0.19694E-01   0.19559E-01
 5333.16   0.18846E-01   0.19566E-01   0.19432E-01
 5346.76   0.18714E-01   0.19438E-01   0.19304E-01
 5360.37   0.18579E-01   0.19307E-01   0.19174E-01
 5373.97   0.18447E-01   0.19179E-01   0.19046E-01
 5387.58   0.18338E-01   0.19074E-01   0.18942E-01
 5401.18   0.18205E-01   0.18945E-01   0.18813E-01
 5414.79   0.18078E-01   0.18822E-01   0.18690E-01
 5428.39   0.17953E-01   0.18701E-01   0.18570E-01
 5442.00   0.17831E-01   0.18582E-01   0.18451E-01
 5455.60   0.17709E-01   0.18464E-01   0.18334E-01
 5469.21   0.17589E-01   0.18347E-01   0.18217E-01
 5482.81   0.17469E-01   0.18230E-01   0.18101E-01
 5496.42   0.17348E-01   0.18113E-01   0.17984E-01
 5510.02   0.17222E-01   0.17989E-01   0.17860E-01
 5523.63   0.17136E-01   0.17908E-01   0.17780E-01
 5537.23   0.17004E-01   0.17779E-01   0.17651E-01
 5550.84   0.16886E-01   0.17663E-01   0.17535E-01
 5564.44   0.16770E-01   0.17550E-01   0.17422E-01
 5578.05   0.16656E-01   0.17439E-01   0.17311E-01
 5591.65   0.16544E-01   0.17329E-01   0.17202E-01
 5605.26   0.16434E-01   0.17222E-01   0.17094E-01
 5618.86   0.16324E-01   0.17115E-01   0.16988E-01
 5632.47   0.16216E-01   0.17008E-01   0.16882E-01
 5646.07   0.16106E-01   0.16901E-01   0.16775E-01
 5659.68   0.15996E-01   0.16793E-01   0.16667E-01
 5673.28   0.15903E-01   0.16703E-01   0.16576E-01
 5686.89   0.15793E-01   0.16595E-01   0.16468E-01
 5700.49   0.15686E-01   0.16490E-01   0.16364E-01
 5714.10   0.15581E-01   0.16386E-01   0.16260E-01
 5727.70   0.15477E-01   0.16284E-01   0.16158E-01
 5741.31   0.15374E-01   0.16183E-01   0.16057E-01
 5754.91   0.15273E-01   0.16083E-01   0.15958E-01
 5768.52   0.15173E-01   0.15985E-01   0.15860E-01
 5782.12   0.15075E-01   0.15888E-01   0.15763E-01
 5795.73   0.14976E-01   0.15791E-01   0.15666E-01
 5809.33   0.14877E-01   0.15693E-01   0.15568E-01
 5822.94   0.14787E-01   0.15605E-01   0.15479E-01
 5836.54   0.14690E-01   0.15509E-01   0.15383E-01
 5850.15   0.14593E-01   0.15413E-01   0.15288E-01
 5863.75   0.14498E-01   0.15319E-01   0.15193E-01
 5877.36   0.14403E-01   0.15225E-01   0.15099E-01
 5890.96   0.14309E-01   0.15131E-01   0.15006E-01
 5904.57   0.14216E-01   0.15040E-01   0.14914E-01
 5918.17   0.14124E-01   0.14949E-01   0.14823E-01
 5931.78   0.14034E-01   0.14859E-01   0.14734E-01
 5945.38   0.13945E-01   0.14771E-01   0.14645E-01
 5958.99   0.13857E-01   0.14683E-01   0.14558E-01
 5972.59   0.13771E-01   0.14598E-01   0.14472E-01
 5986.20   0.13684E-01   0.14511E-01   0.14385E-01
 5999.80   0.13597E-01   0.14425E-01   0.14299E-01
 6013.41   0.13510E-01   0.14338E-01   0.14212E-01
 6027.01   0.13424E-01   0.14252E-01   0.14126E-01
 6040.62   0.13338E-01   0.14166E-01   0.14040E-01
 6054.22   0.13253E-01   0.14081E-01   0.13955E-01
 6067.83   0.13168E-01   0.13997E-01   0.13870E-01
 6081.43   0.13085E-01   0.13913E-01   0.13786E-01
 6095.04   0.13002E-01   0.13831E-01   0.13704E-01
 6108.64   0.12923E-01   0.13751E-01   0.13624E-01
 6122.25   0.12845E-01   0.13673E-01   0.13546E-01
 6135.85   0.12766E-01   0.13593E-01   0.13466E-01
 6149.46   0.12687E-01   0.13515E-01   0.13387E-01
 6163.06   0.12609E-01   0.13436E-01   0.13308E-01
 6176.67   0.12531E-01   0.13357E-01   0.13229E-01
 6190.27   0.12453E-01   0.13279E-01   0.13151E-01
 6203.88   0.12375E-01   0.13200E-01   0.13072E-01
 6217.48   0.12297E-01   0.13122E-01   0.12993E-01
 6231.09   0.12220E-01   0.13044E-01   0.12915E-01
 6244.69   0.12142E-01   0.12965E-01   0.12836E-01
 6258.30   0.12068E-01   0.12890E-01   0.12761E-01
 6271.90   0.12003E-01   0.12825E-01   0.12695E-01
 6285.51   0.11928E-01   0.12749E-01   0.12619E-01
 6299.11   0.11856E-01   0.12676E-01   0.12546E-01
 6312.72   0.11785E-01   0.12604E-01   0.12474E-01
 6326.32   0.11714E-01   0.12532E-01   0.12402E-01
 6339.93   0.11644E-01   0.12460E-01   0.12330E-01
 6353.53   0.11573E-01   0.12389E-01   0.12258E-01
 6367.14   0.11502E-01   0.12316E-01   0.12186E-01
 6380.74   0.11431E-01   0.12244E-01   0.12113E-01
 6394.35   0.11359E-01   0.12170E-01   0.12039E-01
 6407.95   0.11290E-01   0.12100E-01   0.11968E-01
 6421.56   0.11239E-01   0.12048E-01   0.11916E-01
 6435.16   0.11165E-01   0.11973E-01   0.11840E-01
 6448.77   0.11098E-01   0.11903E-01   0.11771E-01
 6462.37   0.11032E-01   0.11836E-01   0.11703E-01
 6475.98   0.10967E-01   0.11769E-01   0.11637E-01
 6489.58   0.10903E-01   0.11704E-01   0.11571E-01
 6503.19   0.10839E-01   0.11638E-01   0.11505E-01
 6516.79   0.10775E-01   0.11573E-01   0.11439E-01
 6530.40   0.10711E-01   0.11507E-01   0.11373E-01
 6544.00   0.10646E-01   0.11440E-01   0.11306E-01
 6557.61   0.10576E-01   0.11367E-01   0.11233E-01
 6571.21   0.10509E-01   0.11298E-01   0.11163E-01
 6584.82   0.10470E-01   0.11259E-01   0.11124E-01
 6598.42   0.10406E-01   0.11192E-01   0.11057E-01
 6612.03   0.10344E-01   0.11128E-01   0.10992E-01
 6625.63   0.10284E-01   0.11065E-01   0.10930E-01
 6639.24   0.10225E-01   0.11004E-01   0.10868E-01
 6652.84   0.10166E-01   0.10944E-01   0.10807E-01
 6666.45   0.10109E-01   0.10884E-01   0.10747E-01
 6680.05   0.10051E-01   0.10824E-01   0.10687E-01
 6693.66   0.99936E-02   0.10764E-01   0.10627E-01
 6707.26   0.99343E-02   0.10702E-01   0.10565E-01
 6720.87   0.98755E-02   0.10641E-01   0.10503E-01
 6734.47   0.98367E-02   0.10601E-01   0.10463E-01
 6748.08   0.97740E-02   0.10535E-01   0.10397E-01
 6761.68   0.97162E-02   0.10474E-01   0.10336E-01
 6775.29   0.96598E-02   0.10415E-01   0.10277E-01
 6788.89   0.96046E-02   0.10357E-01   0.10219E-01
 6802.50   0.95504E-02   0.10301E-01   0.10162E-01
 6816.10   0.94972E-02   0.10245E-01   0.10106E-01
 6829.71   0.94448E-02   0.10190E-01   0.10050E-01
 6843.31   0.93929E-02   0.10135E-01   0.99955E-02
 6856.92   0.93411E-02   0.10081E-01   0.99407E-02
 6870.52   0.92881E-02   0.10025E-01   0.98846E-02
 6884.13   0.92344E-02   0.99680E-02   0.98277E-02
 6897.73   0.91940E-02   0.99255E-02   0.97848E-02
 6911.34   0.91410E-02   0.98693E-02   0.97285E-02
 6924.94   0.90892E-02   0.98145E-02   0.96735E-02
 6938.55   0.90381E-02   0.97603E-02   0.96190E-02
 6952.15   0.89875E-02   0.97066E-02   0.95652E-02
 6965.76   0.89377E-02   0.96537E-02   0.95120E-02
 6979.36   0.88887E-02   0.96016E-02   0.94597E-02
 6992.97   0.88406E-02   0.95504E-02   0.94083E-02
 7006.57   0.87933E-02   0.95000E-02   0.93577E-02
 7020.18   0.87466E-02   0.94502E-02   0.93076E-02
 7033.78   0.87000E-02   0.94004E-02   0.92575E-02
 7047.39   0.86524E-02   0.93496E-02   0.92066E-02
 7060.99   0.86104E-02   0.93047E-02   0.91614E-02
 7074.60   0.85643E-02   0.92553E-02   0.91117E-02
 7088.20   0.85182E-02   0.92059E-02   0.90621E-02
 7101.81   0.84721E-02   0.91564E-02   0.90125E-02
 7115.41   0.84262E-02   0.91070E-02   0.89629E-02
 7129.02   0.83805E-02   0.90579E-02   0.89136E-02
 7142.62   0.83353E-02   0.90092E-02   0.88647E-02
 7156.23   0.82908E-02   0.89612E-02   0.88165E-02
 7169.83   0.82470E-02   0.89140E-02   0.87691E-02
 7183.44   0.82041E-02   0.88675E-02   0.87225E-02
 7197.04   0.81617E-02   0.88217E-02   0.86764E-02
 7210.65   0.81205E-02   0.87770E-02   0.86315E-02
 7224.25   0.80794E-02   0.87326E-02   0.85869E-02
 7237.86   0.80383E-02   0.86879E-02   0.85420E-02
 7251.46   0.79972E-02   0.86432E-02   0.84972E-02
 7265.07   0.79559E-02   0.85984E-02   0.84521E-02
 7278.67   0.79146E-02   0.85533E-02   0.84069E-02
 7292.28   0.78731E-02   0.85081E-02   0.83616E-02
 7305.88   0.78317E-02   0.84629E-02   0.83162E-02
 7319.49   0.77905E-02   0.84179E-02   0.82711E-02
 7333.09   0.77496E-02   0.83733E-02   0.82263E-02
 7346.70   0.77092E-02   0.83290E-02   0.81819E-02
 7360.30   0.76687E-02   0.82845E-02   0.81373E-02
 7373.91   0.76318E-02   0.82440E-02   0.80966E-02
 7387.51   0.75970E-02   0.82058E-02   0.80582E-02
 7401.12   0.75587E-02   0.81636E-02   0.80158E-02
 7414.72   0.75213E-02   0.81224E-02   0.79745E-02
 7428.33   0.74842E-02   0.80815E-02   0.79334E-02
 7441.93   0.74472E-02   0.80405E-02   0.78923E-02
 7455.54   0.74099E-02   0.79994E-02   0.78511E-02
 7469.14   0.73725E-02   0.79580E-02   0.78096E-02
 7482.75   0.73349E-02   0.79164E-02   0.77678E-02
 7496.35   0.72971E-02   0.78745E-02   0.77259E-02
 7509.96   0.72592E-02   0.78325E-02   0.76838E-02
 7523.56   0.72202E-02   0.77892E-02   0.76405E-02
 7537.17   0.71855E-02   0.77506E-02   0.76017E-02
 7550.77   0.71609E-02   0.77228E-02   0.75736E-02
 7564.38   0.71223E-02   0.76799E-02   0.75307E-02
 7577.98   0.70871E-02   0.76406E-02   0.74913E-02
 7591.59   0.70530E-02   0.76024E-02   0.74530E-02
 7605.19   0.70194E-02   0.75647E-02   0.74152E-02
 7618.80   0.69860E-02   0.75272E-02   0.73776E-02
 7632.40   0.69525E-02   0.74896E-02   0.73400E-02
 7646.01   0.69188E-02   0.74518E-02   0.73020E-02
 7659.61   0.68847E-02   0.74135E-02   0.72637E-02
 7673.22   0.68501E-02   0.73746E-02   0.72248E-02
 7686.82   0.68142E-02   0.73343E-02   0.71845E-02
 7700.43   0.67703E-02   0.72855E-02   0.71359E-02
 7714.03   0.67727E-02   0.72861E-02   0.71356E-02
 7727.64   0.67265E-02   0.72347E-02   0.70845E-02
 7741.24   0.66920E-02   0.71958E-02   0.70456E-02
 7754.85   0.66596E-02   0.71590E-02   0.70088E-02
 7768.45   0.66282E-02   0.71234E-02   0.69732E-02
 7782.06   0.65976E-02   0.70885E-02   0.69382E-02
 7795.66   0.65673E-02   0.70540E-02   0.69036E-02
 7809.27   0.65372E-02   0.70196E-02   0.68692E-02
 7822.87   0.65069E-02   0.69851E-02   0.68346E-02
 7836.48   0.64762E-02   0.69501E-02   0.67996E-02
 7850.08   0.64446E-02   0.69141E-02   0.67637E-02
 7863.69   0.64102E-02   0.68751E-02   0.67248E-02
 7877.29   0.63791E-02   0.68395E-02   0.66892E-02
 7890.90   0.63679E-02   0.68251E-02   0.66744E-02
 7904.50   0.63327E-02   0.67852E-02   0.66346E-02
 7918.11   0.63014E-02   0.67494E-02   0.65989E-02
 7931.71   0.62715E-02   0.67150E-02   0.65645E-02
 7945.32   0.62425E-02   0.66816E-02   0.65312E-02
 7958.92   0.62142E-02   0.66490E-02   0.64985E-02
 7972.53   0.61866E-02   0.66170E-02   0.64665E-02
 7986.13   0.61593E-02   0.65853E-02   0.64349E-02
 7999.74   0.61322E-02   0.65538E-02   0.64033E-02
 8013.34   0.61048E-02   0.65220E-02   0.63716E-02
 8026.95   0.60765E-02   0.64893E-02   0.63390E-02
 8040.55   0.60442E-02   0.64523E-02   0.63021E-02
 8054.16   0.60145E-02   0.64180E-02   0.62680E-02
 8067.76   0.60042E-02   0.64041E-02   0.62537E-02
 8081.37   0.59744E-02   0.63697E-02   0.62195E-02
 8094.97   0.59462E-02   0.63370E-02   0.61868E-02
 8108.58   0.59187E-02   0.63050E-02   0.61549E-02
 8122.18   0.58918E-02   0.62736E-02   0.61236E-02
 8135.79   0.58656E-02   0.62429E-02   0.60930E-02
 8149.39   0.58400E-02   0.62129E-02   0.60630E-02
 8163.00   0.58150E-02   0.61834E-02   0.60336E-02
 8176.60   0.57904E-02   0.61543E-02   0.60046E-02
 8190.21   0.57660E-02   0.61254E-02   0.59758E-02
 8203.81   0.57412E-02   0.60962E-02   0.59466E-02
 8217.42   0.57135E-02   0.60637E-02   0.59143E-02
 8231.02   0.57016E-02   0.60481E-02   0.58985E-02
 8244.63   0.56729E-02   0.60147E-02   0.58653E-02
 8258.23   0.56475E-02   0.59847E-02   0.58355E-02
 8271.84   0.56224E-02   0.59551E-02   0.58060E-02
 8285.44   0.55975E-02   0.59257E-02   0.57767E-02
 8299.05   0.55727E-02   0.58964E-02   0.57475E-02
 8312.65   0.55484E-02   0.58675E-02   0.57188E-02
 8326.26   0.55244E-02   0.58390E-02   0.56905E-02
 8339.86   0.55011E-02   0.58112E-02   0.56627E-02
 8353.47   0.54783E-02   0.57839E-02   0.56356E-02
 8367.07   0.54560E-02   0.57571E-02   0.56089E-02
 8380.68   0.54341E-02   0.57306E-02   0.55825E-02
 8394.28   0.54119E-02   0.57037E-02   0.55557E-02
 8407.89   0.53922E-02   0.56800E-02   0.55322E-02
 8421.49   0.53701E-02   0.56534E-02   0.55057E-02
 8435.10   0.53483E-02   0.56270E-02   0.54795E-02
 8448.70   0.53263E-02   0.56005E-02   0.54531E-02
 8462.31   0.53041E-02   0.55737E-02   0.54265E-02
 8475.91   0.52817E-02   0.55468E-02   0.53998E-02
 8489.52   0.52593E-02   0.55199E-02   0.53731E-02
 8503.12   0.52370E-02   0.54931E-02   0.53465E-02
 8516.73   0.52150E-02   0.54666E-02   0.53202E-02
 8530.33   0.51935E-02   0.54405E-02   0.52943E-02
 8543.94   0.51724E-02   0.54149E-02   0.52689E-02
 8557.54   0.51518E-02   0.53897E-02   0.52439E-02
 8571.15   0.51310E-02   0.53642E-02   0.52185E-02
 8584.75   0.51138E-02   0.53433E-02   0.51977E-02
 8598.36   0.50936E-02   0.53183E-02   0.51730E-02
 8611.96   0.50741E-02   0.52943E-02   0.51492E-02
 8625.57   0.50547E-02   0.52704E-02   0.51254E-02
 8639.17   0.50350E-02   0.52463E-02   0.51015E-02
 8652.78   0.50152E-02   0.52219E-02   0.50774E-02
 8666.38   0.49950E-02   0.51973E-02   0.50530E-02
 8679.99   0.49747E-02   0.51725E-02   0.50284E-02
 8693.59   0.49542E-02   0.51475E-02   0.50037E-02
 8707.20   0.49338E-02   0.51227E-02   0.49791E-02
 8720.80   0.49135E-02   0.50979E-02   0.49546E-02
 8734.41   0.48932E-02   0.50730E-02   0.49300E-02
 8748.01   0.48714E-02   0.50465E-02   0.49038E-02
 8761.62   0.48558E-02   0.50265E-02   0.48840E-02
 8775.22   0.48423E-02   0.50090E-02   0.48666E-02
 8788.83   0.48233E-02   0.49855E-02   0.48434E-02
 8802.43   0.48054E-02   0.49631E-02   0.48212E-02
 8816.04   0.47877E-02   0.49410E-02   0.47993E-02
 8829.64   0.47701E-02   0.49189E-02   0.47775E-02
 8843.25   0.47522E-02   0.48966E-02   0.47555E-02
 8856.85   0.47341E-02   0.48741E-02   0.47332E-02
 8870.46   0.47157E-02   0.48513E-02   0.47107E-02
 8884.06   0.46970E-02   0.48281E-02   0.46879E-02
 8897.67   0.46779E-02   0.48047E-02   0.46647E-02
 8911.27   0.46583E-02   0.47806E-02   0.46411E-02
 8924.88   0.46367E-02   0.47546E-02   0.46154E-02
 8938.48   0.46212E-02   0.47346E-02   0.45957E-02
 8952.09   0.46164E-02   0.47258E-02   0.45868E-02
 8965.69   0.45952E-02   0.47001E-02   0.45616E-02
 8979.30   0.45774E-02   0.46779E-02   0.45396E-02
 8992.90   0.45606E-02   0.46567E-02   0.45187E-02
 9006.51   0.45443E-02   0.46360E-02   0.44984E-02
 9020.11   0.45283E-02   0.46156E-02   0.44783E-02
 9033.72   0.45122E-02   0.45952E-02   0.44582E-02
 9047.32   0.44960E-02   0.45747E-02   0.44380E-02
 9060.93   0.44795E-02   0.45538E-02   0.44174E-02
 9074.53   0.44625E-02   0.45325E-02   0.43965E-02
 9088.14   0.44447E-02   0.45105E-02   0.43748E-02
 9101.74   0.44254E-02   0.44869E-02   0.43517E-02
 9115.35   0.43970E-02   0.44543E-02   0.43198E-02
 9128.95   0.44209E-02   0.44737E-02   0.43383E-02
 9142.56   0.43887E-02   0.44373E-02   0.43028E-02
 9156.16   0.43698E-02   0.44141E-02   0.42801E-02
 9169.77   0.43529E-02   0.43930E-02   0.42593E-02
 9183.37   0.43370E-02   0.43729E-02   0.42396E-02
 9196.98   0.43218E-02   0.43534E-02   0.42204E-02
 9210.58   0.43070E-02   0.43343E-02   0.42017E-02
 9224.19   0.42925E-02   0.43155E-02   0.41832E-02
 9237.79   0.42779E-02   0.42967E-02   0.41648E-02
 9251.40   0.42632E-02   0.42777E-02   0.41462E-02
 9265.00   0.42480E-02   0.42583E-02   0.41272E-02
 9278.61   0.42319E-02   0.42381E-02   0.41073E-02
 9292.21   0.42131E-02   0.42153E-02   0.40850E-02
 9305.82   0.41979E-02   0.41959E-02   0.40661E-02
 9319.42   0.42022E-02   0.41956E-02   0.40655E-02
 9333.03   0.41805E-02   0.41699E-02   0.40405E-02
 9346.63   0.41635E-02   0.41488E-02   0.40199E-02
 9360.24   0.41477E-02   0.41289E-02   0.40004E-02
 9373.84   0.41326E-02   0.41098E-02   0.39817E-02
 9387.45   0.41181E-02   0.40912E-02   0.39635E-02
 9401.05   0.41042E-02   0.40731E-02   0.39458E-02
 9414.66   0.40907E-02   0.40555E-02   0.39286E-02
 9428.26   0.40774E-02   0.40381E-02   0.39116E-02
 9441.87   0.40642E-02   0.40208E-02   0.38947E-02
 9455.47   0.40509E-02   0.40033E-02   0.38776E-02
 9469.08   0.40368E-02   0.39852E-02   0.38599E-02
 9482.68   0.40202E-02   0.39646E-02   0.38398E-02
 9496.29   0.40057E-02   0.39462E-02   0.38219E-02
 9509.89   0.40056E-02   0.39416E-02   0.38173E-02
 9523.50   0.39889E-02   0.39210E-02   0.37973E-02
 9537.10   0.39739E-02   0.39021E-02   0.37788E-02
 9550.71   0.39593E-02   0.38837E-02   0.37609E-02
 9564.31   0.39452E-02   0.38656E-02   0.37432E-02
 9577.92   0.39314E-02   0.38479E-02   0.37260E-02
 9591.52   0.39181E-02   0.38306E-02   0.37092E-02
 9605.13   0.39052E-02   0.38138E-02   0.36928E-02
 9618.73   0.38927E-02   0.37973E-02   0.36768E-02
 9632.34   0.38806E-02   0.37812E-02   0.36611E-02
 9645.94   0.38686E-02   0.37653E-02   0.36456E-02
 9659.55   0.38566E-02   0.37493E-02   0.36301E-02
 9673.15   0.38435E-02   0.37322E-02   0.36135E-02
 9686.76   0.38303E-02   0.37153E-02   0.35970E-02
 9700.36   0.38245E-02   0.37055E-02   0.35874E-02
 9713.97   0.38114E-02   0.36885E-02   0.35710E-02
 9727.57   0.37985E-02   0.36719E-02   0.35548E-02
 9741.18   0.37856E-02   0.36552E-02   0.35386E-02
 9754.78   0.37727E-02   0.36385E-02   0.35224E-02
 9768.39   0.37598E-02   0.36219E-02   0.35063E-02
 9781.99   0.37470E-02   0.36054E-02   0.34903E-02
 9795.60   0.37345E-02   0.35892E-02   0.34746E-02
 9809.20   0.37224E-02   0.35733E-02   0.34592E-02
 9822.81   0.37107E-02   0.35579E-02   0.34442E-02
 9836.41   0.36995E-02   0.35428E-02   0.34296E-02
 9850.02   0.36885E-02   0.35280E-02   0.34154E-02
 9863.62   0.36778E-02   0.35134E-02   0.34012E-02
 9877.23   0.36670E-02   0.34989E-02   0.33871E-02
 9890.83   0.36571E-02   0.34856E-02   0.33742E-02
 9904.44   0.36464E-02   0.34711E-02   0.33602E-02
 9918.04   0.36355E-02   0.34565E-02   0.33461E-02
 9931.65   0.36243E-02   0.34416E-02   0.33318E-02
 9945.25   0.36129E-02   0.34266E-02   0.33172E-02
 9958.86   0.36012E-02   0.34113E-02   0.33025E-02
 9972.46   0.35893E-02   0.33960E-02   0.32876E-02
 9986.07   0.35774E-02   0.33806E-02   0.32727E-02
 9999.67   0.35656E-02   0.33653E-02   0.32580E-02
