  231.28   0.67071E+00   0.67401E+00   0.60094E+00
  244.89   0.68179E+00   0.68534E+00   0.61497E+00
  258.49   0.68977E+00   0.69356E+00   0.62595E+00
  272.10   0.69496E+00   0.69899E+00   0.63413E+00
  285.70   0.69787E+00   0.70212E+00   0.63997E+00
  299.31   0.69887E+00   0.70333E+00   0.64380E+00
  312.91   0.69799E+00   0.70265E+00   0.64568E+00
  326.52   0.69568E+00   0.70053E+00   0.64602E+00
  340.12   0.69195E+00   0.69698E+00   0.64484E+00
  353.73   0.68703E+00   0.69224E+00   0.64237E+00
  367.33   0.68099E+00   0.68636E+00   0.63867E+00
  380.94   0.67402E+00   0.67955E+00   0.63395E+00
  394.54   0.66638E+00   0.67205E+00   0.62844E+00
  408.15   0.65816E+00   0.66396E+00   0.62225E+00
  421.75   0.64943E+00   0.65536E+00   0.61546E+00
  435.36   0.64037E+00   0.64642E+00   0.60822E+00
  448.96   0.63101E+00   0.63716E+00   0.60059E+00
  462.57   0.62124E+00   0.62749E+00   0.59247E+00
  476.17   0.61129E+00   0.61764E+00   0.58409E+00
  489.78   0.60123E+00   0.60767E+00   0.57552E+00
  503.38   0.59089E+00   0.59741E+00   0.56659E+00
  516.99   0.58057E+00   0.58716E+00   0.55761E+00
  530.59   0.57027E+00   0.57693E+00   0.54858E+00
  544.20   0.55994E+00   0.56666E+00   0.53945E+00
  557.80   0.54971E+00   0.55648E+00   0.53035E+00
  571.41   0.53953E+00   0.54636E+00   0.52125E+00
  585.01   0.52940E+00   0.53627E+00   0.51214E+00
  598.62   0.51941E+00   0.52632E+00   0.50312E+00
  612.22   0.50948E+00   0.51642E+00   0.49410E+00
  625.83   0.49967E+00   0.50665E+00   0.48516E+00
  639.43   0.48994E+00   0.49694E+00   0.47626E+00
  653.04   0.48039E+00   0.48741E+00   0.46749E+00
  666.64   0.47097E+00   0.47801E+00   0.45881E+00
  680.25   0.46170E+00   0.46876E+00   0.45025E+00
  693.85   0.45262E+00   0.45969E+00   0.44183E+00
  707.46   0.44372E+00   0.45079E+00   0.43356E+00
  721.06   0.43497E+00   0.44205E+00   0.42541E+00
  734.67   0.42637E+00   0.43345E+00   0.41738E+00
  748.27   0.41794E+00   0.42502E+00   0.40949E+00
  761.88   0.40968E+00   0.41675E+00   0.40174E+00
  775.48   0.40158E+00   0.40865E+00   0.39412E+00
  789.09   0.39362E+00   0.40067E+00   0.38662E+00
  802.69   0.38582E+00   0.39287E+00   0.37927E+00
  816.30   0.37820E+00   0.38523E+00   0.37206E+00
  829.90   0.37075E+00   0.37776E+00   0.36500E+00
  843.51   0.36344E+00   0.37043E+00   0.35806E+00
  857.11   0.35630E+00   0.36328E+00   0.35128E+00
  870.72   0.34933E+00   0.35628E+00   0.34464E+00
  884.32   0.34251E+00   0.34944E+00   0.33815E+00
  897.93   0.33582E+00   0.34272E+00   0.33176E+00
  911.53   0.32931E+00   0.33619E+00   0.32553E+00
  925.14   0.32293E+00   0.32977E+00   0.31942E+00
  938.74   0.31668E+00   0.32350E+00   0.31343E+00
  952.35   0.31059E+00   0.31738E+00   0.30759E+00
  965.95   0.30460E+00   0.31135E+00   0.30182E+00
  979.56   0.29876E+00   0.30548E+00   0.29620E+00
  993.16   0.29305E+00   0.29973E+00   0.29070E+00
 1006.77   0.28747E+00   0.29412E+00   0.28532E+00
 1020.37   0.28201E+00   0.28862E+00   0.28004E+00
 1033.98   0.27669E+00   0.28326E+00   0.27490E+00
 1047.58   0.27149E+00   0.27802E+00   0.26987E+00
 1061.19   0.26640E+00   0.27289E+00   0.26494E+00
 1074.79   0.26143E+00   0.26788E+00   0.26012E+00
 1088.40   0.25656E+00   0.26298E+00   0.25540E+00
 1102.00   0.25181E+00   0.25818E+00   0.25078E+00
 1115.61   0.24717E+00   0.25350E+00   0.24626E+00
 1129.21   0.24263E+00   0.24891E+00   0.24184E+00
 1142.82   0.23818E+00   0.24442E+00   0.23750E+00
 1156.42   0.23383E+00   0.24003E+00   0.23326E+00
 1170.03   0.22958E+00   0.23573E+00   0.22912E+00
 1183.63   0.22543E+00   0.23154E+00   0.22506E+00
 1197.24   0.22137E+00   0.22743E+00   0.22109E+00
 1210.84   0.21740E+00   0.22341E+00   0.21720E+00
 1224.45   0.21352E+00   0.21948E+00   0.21340E+00
 1238.05   0.20972E+00   0.21564E+00   0.20968E+00
 1251.66   0.20601E+00   0.21188E+00   0.20604E+00
 1265.26   0.20239E+00   0.20821E+00   0.20248E+00
 1278.87   0.19884E+00   0.20461E+00   0.19898E+00
 1292.47   0.19536E+00   0.20109E+00   0.19557E+00
 1306.08   0.19197E+00   0.19764E+00   0.19223E+00
 1319.68   0.18864E+00   0.19427E+00   0.18895E+00
 1333.29   0.18539E+00   0.19097E+00   0.18575E+00
 1346.89   0.18220E+00   0.18773E+00   0.18260E+00
 1360.50   0.17909E+00   0.18457E+00   0.17953E+00
 1374.10   0.17604E+00   0.18147E+00   0.17652E+00
 1387.71   0.17306E+00   0.17844E+00   0.17357E+00
 1401.31   0.17014E+00   0.17547E+00   0.17068E+00
 1414.92   0.16729E+00   0.17257E+00   0.16786E+00
 1428.52   0.16448E+00   0.16971E+00   0.16508E+00
 1442.13   0.16174E+00   0.16693E+00   0.16236E+00
 1455.73   0.15906E+00   0.16420E+00   0.15971E+00
 1469.34   0.15644E+00   0.16153E+00   0.15710E+00
 1482.94   0.15388E+00   0.15891E+00   0.15455E+00
 1496.55   0.15136E+00   0.15634E+00   0.15205E+00
 1510.15   0.14890E+00   0.15383E+00   0.14960E+00
 1523.76   0.14648E+00   0.15137E+00   0.14720E+00
 1537.36   0.14412E+00   0.14896E+00   0.14485E+00
 1550.97   0.14181E+00   0.14660E+00   0.14254E+00
 1564.57   0.13954E+00   0.14428E+00   0.14028E+00
 1578.18   0.13732E+00   0.14201E+00   0.13806E+00
 1591.78   0.13514E+00   0.13978E+00   0.13589E+00
 1605.39   0.13301E+00   0.13760E+00   0.13376E+00
 1618.99   0.13092E+00   0.13546E+00   0.13167E+00
 1632.60   0.12887E+00   0.13336E+00   0.12962E+00
 1646.20   0.12686E+00   0.13131E+00   0.12762E+00
 1659.81   0.12489E+00   0.12929E+00   0.12565E+00
 1673.41   0.12297E+00   0.12732E+00   0.12372E+00
 1687.02   0.12108E+00   0.12538E+00   0.12183E+00
 1700.62   0.11923E+00   0.12348E+00   0.11997E+00
 1714.23   0.11741E+00   0.12162E+00   0.11815E+00
 1727.83   0.11563E+00   0.11979E+00   0.11636E+00
 1741.44   0.11389E+00   0.11800E+00   0.11461E+00
 1755.04   0.11218E+00   0.11624E+00   0.11289E+00
 1768.65   0.11050E+00   0.11452E+00   0.11120E+00
 1782.25   0.10886E+00   0.11283E+00   0.10955E+00
 1795.86   0.10724E+00   0.11117E+00   0.10792E+00
 1809.46   0.10566E+00   0.10953E+00   0.10633E+00
 1823.07   0.10410E+00   0.10793E+00   0.10476E+00
 1836.67   0.10258E+00   0.10636E+00   0.10322E+00
 1850.28   0.10108E+00   0.10482E+00   0.10172E+00
 1863.88   0.99615E-01   0.10331E+00   0.10023E+00
 1877.49   0.98176E-01   0.10183E+00   0.98781E-01
 1891.09   0.96763E-01   0.10037E+00   0.97354E-01
 1904.70   0.95377E-01   0.98937E-01   0.95954E-01
 1918.30   0.94017E-01   0.97532E-01   0.94578E-01
 1931.91   0.92682E-01   0.96153E-01   0.93228E-01
 1945.51   0.91372E-01   0.94799E-01   0.91902E-01
 1959.12   0.90086E-01   0.93468E-01   0.90599E-01
 1972.72   0.88824E-01   0.92164E-01   0.89322E-01
 1986.33   0.87584E-01   0.90880E-01   0.88064E-01
 1999.93   0.86367E-01   0.89619E-01   0.86830E-01
 2013.54   0.85171E-01   0.88381E-01   0.85618E-01
 2027.14   0.83998E-01   0.87165E-01   0.84427E-01
 2040.75   0.82845E-01   0.85970E-01   0.83256E-01
 2054.35   0.81711E-01   0.84794E-01   0.82105E-01
 2067.96   0.80601E-01   0.83642E-01   0.80976E-01
 2081.56   0.79508E-01   0.82507E-01   0.79865E-01
 2095.17   0.78435E-01   0.81393E-01   0.78773E-01
 2108.77   0.77380E-01   0.80297E-01   0.77700E-01
 2122.38   0.76345E-01   0.79221E-01   0.76646E-01
 2135.98   0.75327E-01   0.78163E-01   0.75610E-01
 2149.59   0.74329E-01   0.77124E-01   0.74593E-01
 2163.19   0.73346E-01   0.76101E-01   0.73591E-01
 2176.80   0.72380E-01   0.75096E-01   0.72606E-01
 2190.40   0.71432E-01   0.74108E-01   0.71639E-01
 2204.01   0.70500E-01   0.73137E-01   0.70687E-01
 2217.61   0.69584E-01   0.72182E-01   0.69753E-01
 2231.22   0.68684E-01   0.71243E-01   0.68833E-01
 2244.82   0.67799E-01   0.70320E-01   0.67930E-01
 2258.43   0.66929E-01   0.69412E-01   0.67040E-01
 2272.03   0.66073E-01   0.68518E-01   0.66165E-01
 2285.64   0.65232E-01   0.67639E-01   0.65304E-01
 2299.24   0.64404E-01   0.66774E-01   0.64458E-01
 2312.85   0.63591E-01   0.65924E-01   0.63625E-01
 2326.45   0.62792E-01   0.65087E-01   0.62807E-01
 2340.06   0.62005E-01   0.64265E-01   0.62001E-01
 2353.66   0.61232E-01   0.63455E-01   0.61209E-01
 2367.27   0.60471E-01   0.62658E-01   0.60428E-01
 2380.87   0.59722E-01   0.61873E-01   0.59660E-01
 2394.48   0.58985E-01   0.61100E-01   0.58905E-01
 2408.08   0.58260E-01   0.60340E-01   0.58161E-01
 2421.69   0.57548E-01   0.59593E-01   0.57430E-01
 2435.29   0.56848E-01   0.58858E-01   0.56711E-01
 2448.90   0.56159E-01   0.58135E-01   0.56003E-01
 2462.50   0.55480E-01   0.57422E-01   0.55306E-01
 2476.11   0.54813E-01   0.56720E-01   0.54620E-01
 2489.71   0.54155E-01   0.56029E-01   0.53944E-01
 2503.32   0.53508E-01   0.55348E-01   0.53278E-01
 2516.92   0.52869E-01   0.54677E-01   0.52621E-01
 2530.53   0.52247E-01   0.54022E-01   0.51981E-01
 2544.13   0.51631E-01   0.53373E-01   0.51347E-01
 2557.74   0.51025E-01   0.52734E-01   0.50723E-01
 2571.34   0.50428E-01   0.52105E-01   0.50108E-01
 2584.95   0.49839E-01   0.51485E-01   0.49502E-01
 2598.55   0.49260E-01   0.50873E-01   0.48904E-01
 2612.16   0.48687E-01   0.50269E-01   0.48314E-01
 2625.76   0.48131E-01   0.49682E-01   0.47741E-01
 2639.37   0.47577E-01   0.49097E-01   0.47170E-01
 2652.97   0.47033E-01   0.48523E-01   0.46608E-01
 2666.58   0.46497E-01   0.47957E-01   0.46056E-01
 2680.18   0.45970E-01   0.47399E-01   0.45511E-01
 2693.79   0.45450E-01   0.46849E-01   0.44974E-01
 2707.39   0.44935E-01   0.46304E-01   0.44443E-01
 2721.00   0.44437E-01   0.45778E-01   0.43929E-01
 2734.60   0.43938E-01   0.45249E-01   0.43413E-01
 2748.21   0.43448E-01   0.44730E-01   0.42907E-01
 2761.81   0.42966E-01   0.44220E-01   0.42409E-01
 2775.42   0.42492E-01   0.43717E-01   0.41918E-01
 2789.02   0.42024E-01   0.43221E-01   0.41435E-01
 2802.63   0.41563E-01   0.42732E-01   0.40958E-01
 2816.23   0.41104E-01   0.42245E-01   0.40484E-01
 2829.84   0.40664E-01   0.41778E-01   0.40028E-01
 2843.44   0.40222E-01   0.41308E-01   0.39570E-01
 2857.05   0.39787E-01   0.40846E-01   0.39120E-01
 2870.65   0.39358E-01   0.40391E-01   0.38677E-01
 2884.26   0.38936E-01   0.39942E-01   0.38240E-01
 2897.86   0.38521E-01   0.39500E-01   0.37809E-01
 2911.47   0.38110E-01   0.39064E-01   0.37385E-01
 2925.07   0.37709E-01   0.38637E-01   0.36968E-01
 2938.68   0.37309E-01   0.38212E-01   0.36555E-01
 2952.28   0.36916E-01   0.37793E-01   0.36147E-01
 2965.89   0.36528E-01   0.37380E-01   0.35745E-01
 2979.49   0.36145E-01   0.36972E-01   0.35349E-01
 2993.10   0.35769E-01   0.36571E-01   0.34959E-01
 3006.70   0.35398E-01   0.36176E-01   0.34574E-01
 3020.31   0.35032E-01   0.35786E-01   0.34195E-01
 3033.91   0.34672E-01   0.35402E-01   0.33822E-01
 3047.52   0.34317E-01   0.35022E-01   0.33453E-01
 3061.12   0.33965E-01   0.34648E-01   0.33089E-01
 3074.73   0.33619E-01   0.34278E-01   0.32730E-01
 3088.33   0.33277E-01   0.33912E-01   0.32375E-01
 3101.94   0.32940E-01   0.33552E-01   0.32025E-01
 3115.54   0.32607E-01   0.33197E-01   0.31680E-01
 3129.15   0.32280E-01   0.32848E-01   0.31341E-01
 3142.75   0.31958E-01   0.32503E-01   0.31007E-01
 3156.36   0.31640E-01   0.32163E-01   0.30676E-01
 3169.96   0.31325E-01   0.31826E-01   0.30350E-01
 3183.57   0.31015E-01   0.31494E-01   0.30028E-01
 3197.17   0.30708E-01   0.31166E-01   0.29710E-01
 3210.78   0.30405E-01   0.30842E-01   0.29396E-01
 3224.38   0.30106E-01   0.30522E-01   0.29085E-01
 3237.99   0.29811E-01   0.30206E-01   0.28780E-01
 3251.59   0.29524E-01   0.29898E-01   0.28481E-01
 3265.20   0.29237E-01   0.29591E-01   0.28184E-01
 3278.80   0.28955E-01   0.29288E-01   0.27891E-01
 3292.41   0.28676E-01   0.28990E-01   0.27602E-01
 3306.01   0.28401E-01   0.28694E-01   0.27316E-01
 3319.62   0.28128E-01   0.28402E-01   0.27033E-01
 3333.22   0.27858E-01   0.28113E-01   0.26753E-01
 3346.83   0.27592E-01   0.27827E-01   0.26477E-01
 3360.43   0.27336E-01   0.27552E-01   0.26211E-01
 3374.04   0.27076E-01   0.27273E-01   0.25941E-01
 3387.64   0.26821E-01   0.27000E-01   0.25677E-01
 3401.25   0.26570E-01   0.26730E-01   0.25416E-01
 3414.85   0.26322E-01   0.26464E-01   0.25159E-01
 3428.46   0.26077E-01   0.26200E-01   0.24905E-01
 3442.06   0.25834E-01   0.25939E-01   0.24653E-01
 3455.67   0.25591E-01   0.25678E-01   0.24401E-01
 3469.27   0.25365E-01   0.25435E-01   0.24166E-01
 3482.88   0.25127E-01   0.25180E-01   0.23920E-01
 3496.48   0.24896E-01   0.24932E-01   0.23680E-01
 3510.09   0.24669E-01   0.24687E-01   0.23444E-01
 3523.69   0.24444E-01   0.24446E-01   0.23212E-01
 3537.30   0.24223E-01   0.24208E-01   0.22982E-01
 3550.90   0.24004E-01   0.23972E-01   0.22755E-01
 3564.51   0.23786E-01   0.23738E-01   0.22530E-01
 3578.11   0.23567E-01   0.23503E-01   0.22304E-01
 3591.72   0.23365E-01   0.23285E-01   0.22093E-01
 3605.32   0.23154E-01   0.23059E-01   0.21876E-01
 3618.93   0.22947E-01   0.22836E-01   0.21661E-01
 3632.53   0.22744E-01   0.22617E-01   0.21450E-01
 3646.14   0.22542E-01   0.22400E-01   0.21242E-01
 3659.74   0.22344E-01   0.22187E-01   0.21037E-01
 3673.35   0.22148E-01   0.21975E-01   0.20834E-01
 3686.95   0.21952E-01   0.21765E-01   0.20632E-01
 3700.56   0.21766E-01   0.21564E-01   0.20439E-01
 3714.16   0.21574E-01   0.21358E-01   0.20241E-01
 3727.77   0.21386E-01   0.21156E-01   0.20046E-01
 3741.37   0.21200E-01   0.20956E-01   0.19854E-01
 3754.98   0.21017E-01   0.20758E-01   0.19665E-01
 3768.58   0.20836E-01   0.20564E-01   0.19478E-01
 3782.19   0.20658E-01   0.20371E-01   0.19294E-01
 3795.79   0.20482E-01   0.20182E-01   0.19112E-01
 3809.40   0.20307E-01   0.19994E-01   0.18932E-01
 3823.00   0.20136E-01   0.19810E-01   0.18755E-01
 3836.61   0.19966E-01   0.19626E-01   0.18579E-01
 3850.21   0.19797E-01   0.19444E-01   0.18405E-01
 3863.82   0.19629E-01   0.19264E-01   0.18233E-01
 3877.42   0.19464E-01   0.19086E-01   0.18062E-01
 3891.03   0.19300E-01   0.18910E-01   0.17894E-01
 3904.63   0.19139E-01   0.18737E-01   0.17728E-01
 3918.24   0.18980E-01   0.18566E-01   0.17564E-01
 3931.84   0.18824E-01   0.18397E-01   0.17403E-01
 3945.45   0.18668E-01   0.18230E-01   0.17243E-01
 3959.05   0.18515E-01   0.18065E-01   0.17085E-01
 3972.66   0.18363E-01   0.17901E-01   0.16929E-01
 3986.26   0.18212E-01   0.17739E-01   0.16773E-01
 3999.87   0.18062E-01   0.17578E-01   0.16620E-01
 4013.47   0.17914E-01   0.17419E-01   0.16468E-01
 4027.08   0.17768E-01   0.17261E-01   0.16318E-01
 4040.68   0.17623E-01   0.17106E-01   0.16169E-01
 4054.29   0.17481E-01   0.16953E-01   0.16023E-01
 4067.89   0.17342E-01   0.16803E-01   0.15881E-01
 4081.50   0.17203E-01   0.16653E-01   0.15738E-01
 4095.10   0.17065E-01   0.16506E-01   0.15597E-01
 4108.71   0.16929E-01   0.16359E-01   0.15458E-01
 4122.31   0.16794E-01   0.16214E-01   0.15319E-01
 4135.92   0.16660E-01   0.16070E-01   0.15182E-01
 4149.52   0.16527E-01   0.15927E-01   0.15046E-01
 4163.13   0.16395E-01   0.15785E-01   0.14911E-01
 4176.73   0.16264E-01   0.15645E-01   0.14778E-01
 4190.34   0.16141E-01   0.15513E-01   0.14652E-01
 4203.94   0.16014E-01   0.15376E-01   0.14522E-01
 4217.55   0.15889E-01   0.15242E-01   0.14394E-01
 4231.15   0.15765E-01   0.15109E-01   0.14268E-01
 4244.76   0.15643E-01   0.14978E-01   0.14143E-01
 4258.36   0.15521E-01   0.14847E-01   0.14020E-01
 4271.97   0.15400E-01   0.14718E-01   0.13897E-01
 4285.57   0.15280E-01   0.14589E-01   0.13774E-01
 4299.18   0.15154E-01   0.14455E-01   0.13647E-01
 4312.78   0.15051E-01   0.14344E-01   0.13541E-01
 4326.39   0.14933E-01   0.14217E-01   0.13422E-01
 4339.99   0.14818E-01   0.14095E-01   0.13305E-01
 4353.60   0.14706E-01   0.13974E-01   0.13191E-01
 4367.20   0.14594E-01   0.13855E-01   0.13078E-01
 4380.81   0.14484E-01   0.13736E-01   0.12966E-01
 4394.41   0.14374E-01   0.13619E-01   0.12855E-01
 4408.02   0.14265E-01   0.13503E-01   0.12744E-01
 4421.62   0.14154E-01   0.13385E-01   0.12633E-01
 4435.23   0.14064E-01   0.13286E-01   0.12539E-01
 4448.83   0.13949E-01   0.13165E-01   0.12425E-01
 4462.44   0.13843E-01   0.13052E-01   0.12318E-01
 4476.04   0.13740E-01   0.12941E-01   0.12214E-01
 4489.65   0.13637E-01   0.12832E-01   0.12111E-01
 4503.25   0.13537E-01   0.12725E-01   0.12009E-01
 4516.86   0.13437E-01   0.12618E-01   0.11908E-01
 4530.46   0.13338E-01   0.12513E-01   0.11809E-01
 4544.07   0.13239E-01   0.12408E-01   0.11709E-01
 4557.67   0.13140E-01   0.12303E-01   0.11610E-01
 4571.28   0.13051E-01   0.12206E-01   0.11519E-01
 4584.88   0.12953E-01   0.12103E-01   0.11422E-01
 4598.49   0.12857E-01   0.12001E-01   0.11326E-01
 4612.09   0.12763E-01   0.11901E-01   0.11232E-01
 4625.70   0.12670E-01   0.11802E-01   0.11139E-01
 4639.30   0.12578E-01   0.11705E-01   0.11047E-01
 4652.91   0.12488E-01   0.11609E-01   0.10956E-01
 4666.51   0.12398E-01   0.11514E-01   0.10867E-01
 4680.12   0.12309E-01   0.11419E-01   0.10778E-01
 4693.72   0.12218E-01   0.11323E-01   0.10688E-01
 4707.33   0.12136E-01   0.11235E-01   0.10605E-01
 4720.93   0.12048E-01   0.11143E-01   0.10518E-01
 4734.54   0.11962E-01   0.11051E-01   0.10432E-01
 4748.14   0.11876E-01   0.10961E-01   0.10346E-01
 4761.75   0.11791E-01   0.10871E-01   0.10262E-01
 4775.35   0.11708E-01   0.10783E-01   0.10179E-01
 4788.96   0.11625E-01   0.10695E-01   0.10097E-01
 4802.56   0.11543E-01   0.10609E-01   0.10016E-01
 4816.17   0.11463E-01   0.10524E-01   0.99362E-02
 4829.77   0.11384E-01   0.10440E-01   0.98577E-02
 4843.38   0.11304E-01   0.10357E-01   0.97790E-02
 4856.98   0.11225E-01   0.10273E-01   0.97010E-02
 4870.59   0.11146E-01   0.10191E-01   0.96236E-02
 4884.19   0.11068E-01   0.10109E-01   0.95466E-02
 4897.80   0.10991E-01   0.10027E-01   0.94704E-02
 4911.40   0.10914E-01   0.99468E-02   0.93949E-02
 4925.01   0.10838E-01   0.98672E-02   0.93203E-02
 4938.61   0.10763E-01   0.97886E-02   0.92467E-02
 4952.22   0.10689E-01   0.97108E-02   0.91739E-02
 4965.82   0.10617E-01   0.96354E-02   0.91032E-02
 4979.43   0.10545E-01   0.95593E-02   0.90320E-02
 4993.03   0.10473E-01   0.94841E-02   0.89617E-02
 5006.64   0.10402E-01   0.94094E-02   0.88919E-02
 5020.24   0.10330E-01   0.93352E-02   0.88225E-02
 5033.85   0.10260E-01   0.92614E-02   0.87535E-02
 5047.45   0.10189E-01   0.91880E-02   0.86849E-02
 5061.06   0.10119E-01   0.91153E-02   0.86169E-02
 5074.66   0.10050E-01   0.90431E-02   0.85496E-02
 5088.27   0.99806E-02   0.89709E-02   0.84821E-02
 5101.87   0.99193E-02   0.89064E-02   0.84220E-02
 5115.48   0.98503E-02   0.88349E-02   0.83552E-02
 5129.08   0.97842E-02   0.87663E-02   0.82912E-02
 5142.69   0.97190E-02   0.86985E-02   0.82279E-02
 5156.29   0.96542E-02   0.86312E-02   0.81652E-02
 5169.90   0.95896E-02   0.85643E-02   0.81028E-02
 5183.50   0.95252E-02   0.84978E-02   0.80408E-02
 5197.11   0.94610E-02   0.84314E-02   0.79790E-02
 5210.71   0.93969E-02   0.83653E-02   0.79173E-02
 5224.32   0.93319E-02   0.82986E-02   0.78551E-02
 5237.92   0.92681E-02   0.82329E-02   0.77940E-02
 5251.53   0.92142E-02   0.81764E-02   0.77414E-02
 5265.13   0.91524E-02   0.81128E-02   0.76823E-02
 5278.74   0.90921E-02   0.80507E-02   0.76244E-02
 5292.34   0.90326E-02   0.79894E-02   0.75674E-02
 5305.95   0.89735E-02   0.79287E-02   0.75110E-02
 5319.55   0.89148E-02   0.78683E-02   0.74549E-02
 5333.16   0.88561E-02   0.78082E-02   0.73990E-02
 5346.76   0.87974E-02   0.77481E-02   0.73431E-02
 5360.37   0.87378E-02   0.76875E-02   0.72867E-02
 5373.97   0.86790E-02   0.76275E-02   0.72310E-02
 5387.58   0.86311E-02   0.75773E-02   0.71845E-02
 5401.18   0.85722E-02   0.75175E-02   0.71289E-02
 5414.79   0.85157E-02   0.74601E-02   0.70755E-02
 5428.39   0.84604E-02   0.74037E-02   0.70232E-02
 5442.00   0.84058E-02   0.73481E-02   0.69716E-02
 5455.60   0.83519E-02   0.72931E-02   0.69207E-02
 5469.21   0.82983E-02   0.72386E-02   0.68701E-02
 5482.81   0.82448E-02   0.71843E-02   0.68197E-02
 5496.42   0.81909E-02   0.71298E-02   0.67692E-02
 5510.02   0.81344E-02   0.70732E-02   0.67166E-02
 5523.63   0.80971E-02   0.70331E-02   0.66798E-02
 5537.23   0.80379E-02   0.69744E-02   0.66252E-02
 5550.84   0.79848E-02   0.69210E-02   0.65758E-02
 5564.44   0.79330E-02   0.68688E-02   0.65274E-02
 5578.05   0.78820E-02   0.68175E-02   0.64799E-02
 5591.65   0.78318E-02   0.67669E-02   0.64330E-02
 5605.26   0.77823E-02   0.67170E-02   0.63869E-02
 5618.86   0.77332E-02   0.66677E-02   0.63412E-02
 5632.47   0.76844E-02   0.66186E-02   0.62958E-02
 5646.07   0.76352E-02   0.65694E-02   0.62503E-02
 5659.68   0.75857E-02   0.65200E-02   0.62045E-02
 5673.28   0.75438E-02   0.64771E-02   0.61651E-02
 5686.89   0.74942E-02   0.64278E-02   0.61194E-02
 5700.49   0.74459E-02   0.63798E-02   0.60750E-02
 5714.10   0.73983E-02   0.63324E-02   0.60312E-02
 5727.70   0.73512E-02   0.62856E-02   0.59879E-02
 5741.31   0.73048E-02   0.62394E-02   0.59453E-02
 5754.91   0.72590E-02   0.61939E-02   0.59032E-02
 5768.52   0.72139E-02   0.61490E-02   0.58618E-02
 5782.12   0.71691E-02   0.61046E-02   0.58208E-02
 5795.73   0.71245E-02   0.60603E-02   0.57799E-02
 5809.33   0.70793E-02   0.60157E-02   0.57388E-02
 5822.94   0.70382E-02   0.59747E-02   0.57010E-02
 5836.54   0.69940E-02   0.59311E-02   0.56607E-02
 5850.15   0.69501E-02   0.58878E-02   0.56208E-02
 5863.75   0.69064E-02   0.58449E-02   0.55811E-02
 5877.36   0.68629E-02   0.58022E-02   0.55418E-02
 5890.96   0.68199E-02   0.57600E-02   0.55028E-02
 5904.57   0.67773E-02   0.57183E-02   0.54644E-02
 5918.17   0.67354E-02   0.56771E-02   0.54265E-02
 5931.78   0.66940E-02   0.56366E-02   0.53891E-02
 5945.38   0.66531E-02   0.55965E-02   0.53522E-02
 5958.99   0.66125E-02   0.55568E-02   0.53156E-02
 5972.59   0.65727E-02   0.55178E-02   0.52798E-02
 5986.20   0.65326E-02   0.54787E-02   0.52437E-02
 5999.80   0.64925E-02   0.54397E-02   0.52078E-02
 6013.41   0.64525E-02   0.54008E-02   0.51720E-02
 6027.01   0.64125E-02   0.53621E-02   0.51363E-02
 6040.62   0.63726E-02   0.53235E-02   0.51008E-02
 6054.22   0.63330E-02   0.52853E-02   0.50656E-02
 6067.83   0.62938E-02   0.52474E-02   0.50307E-02
 6081.43   0.62550E-02   0.52100E-02   0.49963E-02
 6095.04   0.62165E-02   0.51728E-02   0.49621E-02
 6108.64   0.61794E-02   0.51370E-02   0.49292E-02
 6122.25   0.61430E-02   0.51019E-02   0.48970E-02
 6135.85   0.61059E-02   0.50662E-02   0.48641E-02
 6149.46   0.60691E-02   0.50309E-02   0.48316E-02
 6163.06   0.60324E-02   0.49957E-02   0.47993E-02
 6176.67   0.59958E-02   0.49606E-02   0.47671E-02
 6190.27   0.59591E-02   0.49256E-02   0.47348E-02
 6203.88   0.59224E-02   0.48906E-02   0.47027E-02
 6217.48   0.58857E-02   0.48558E-02   0.46707E-02
 6231.09   0.58492E-02   0.48212E-02   0.46388E-02
 6244.69   0.58124E-02   0.47863E-02   0.46068E-02
 6258.30   0.57774E-02   0.47531E-02   0.45763E-02
 6271.90   0.57465E-02   0.47234E-02   0.45491E-02
 6285.51   0.57111E-02   0.46899E-02   0.45183E-02
 6299.11   0.56768E-02   0.46575E-02   0.44885E-02
 6312.72   0.56429E-02   0.46254E-02   0.44591E-02
 6326.32   0.56091E-02   0.45936E-02   0.44299E-02
 6339.93   0.55755E-02   0.45619E-02   0.44008E-02
 6353.53   0.55417E-02   0.45302E-02   0.43717E-02
 6367.14   0.55079E-02   0.44985E-02   0.43426E-02
 6380.74   0.54738E-02   0.44667E-02   0.43133E-02
 6394.35   0.54392E-02   0.44345E-02   0.42837E-02
 6407.95   0.54059E-02   0.44035E-02   0.42552E-02
 6421.56   0.53812E-02   0.43795E-02   0.42335E-02
 6435.16   0.53457E-02   0.43468E-02   0.42034E-02
 6448.77   0.53130E-02   0.43164E-02   0.41755E-02
 6462.37   0.52811E-02   0.42868E-02   0.41483E-02
 6475.98   0.52497E-02   0.42576E-02   0.41216E-02
 6489.58   0.52186E-02   0.42288E-02   0.40951E-02
 6503.19   0.51876E-02   0.42001E-02   0.40688E-02
 6516.79   0.51566E-02   0.41714E-02   0.40425E-02
 6530.40   0.51254E-02   0.41427E-02   0.40161E-02
 6544.00   0.50937E-02   0.41136E-02   0.39894E-02
 6557.61   0.50595E-02   0.40826E-02   0.39608E-02
 6571.21   0.50267E-02   0.40528E-02   0.39333E-02
 6584.82   0.50073E-02   0.40338E-02   0.39164E-02
 6598.42   0.49757E-02   0.40050E-02   0.38899E-02
 6612.03   0.49453E-02   0.39773E-02   0.38644E-02
 6625.63   0.49156E-02   0.39502E-02   0.38396E-02
 6639.24   0.48864E-02   0.39236E-02   0.38152E-02
 6652.84   0.48576E-02   0.38973E-02   0.37911E-02
 6666.45   0.48290E-02   0.38713E-02   0.37673E-02
 6680.05   0.48005E-02   0.38454E-02   0.37435E-02
 6693.66   0.47718E-02   0.38194E-02   0.37197E-02
 6707.26   0.47424E-02   0.37929E-02   0.36954E-02
 6720.87   0.47131E-02   0.37666E-02   0.36712E-02
 6734.47   0.46933E-02   0.37478E-02   0.36544E-02
 6748.08   0.46621E-02   0.37201E-02   0.36288E-02
 6761.68   0.46332E-02   0.36943E-02   0.36050E-02
 6775.29   0.46050E-02   0.36690E-02   0.35818E-02
 6788.89   0.45773E-02   0.36442E-02   0.35591E-02
 6802.50   0.45500E-02   0.36198E-02   0.35367E-02
 6816.10   0.45231E-02   0.35958E-02   0.35147E-02
 6829.71   0.44966E-02   0.35721E-02   0.34929E-02
 6843.31   0.44703E-02   0.35486E-02   0.34715E-02
 6856.92   0.44441E-02   0.35252E-02   0.34500E-02
 6870.52   0.44172E-02   0.35014E-02   0.34282E-02
 6884.13   0.43900E-02   0.34774E-02   0.34061E-02
 6897.73   0.43690E-02   0.34583E-02   0.33888E-02
 6911.34   0.43421E-02   0.34346E-02   0.33670E-02
 6924.94   0.43157E-02   0.34114E-02   0.33457E-02
 6938.55   0.42896E-02   0.33884E-02   0.33246E-02
 6952.15   0.42637E-02   0.33657E-02   0.33037E-02
 6965.76   0.42381E-02   0.33432E-02   0.32831E-02
 6979.36   0.42129E-02   0.33211E-02   0.32629E-02
 6992.97   0.41881E-02   0.32994E-02   0.32429E-02
 7006.57   0.41637E-02   0.32779E-02   0.32233E-02
 7020.18   0.41394E-02   0.32568E-02   0.32039E-02
 7033.78   0.41152E-02   0.32356E-02   0.31845E-02
 7047.39   0.40906E-02   0.32142E-02   0.31649E-02
 7060.99   0.40686E-02   0.31949E-02   0.31473E-02
 7074.60   0.40445E-02   0.31740E-02   0.31281E-02
 7088.20   0.40205E-02   0.31532E-02   0.31090E-02
 7101.81   0.39965E-02   0.31325E-02   0.30900E-02
 7115.41   0.39725E-02   0.31118E-02   0.30709E-02
 7129.02   0.39486E-02   0.30912E-02   0.30520E-02
 7142.62   0.39249E-02   0.30709E-02   0.30333E-02
 7156.23   0.39015E-02   0.30508E-02   0.30149E-02
 7169.83   0.38785E-02   0.30310E-02   0.29967E-02
 7183.44   0.38557E-02   0.30115E-02   0.29788E-02
 7197.04   0.38332E-02   0.29922E-02   0.29611E-02
 7210.65   0.38112E-02   0.29734E-02   0.29439E-02
 7224.25   0.37895E-02   0.29548E-02   0.29269E-02
 7237.86   0.37676E-02   0.29361E-02   0.29097E-02
 7251.46   0.37456E-02   0.29174E-02   0.28926E-02
 7265.07   0.37236E-02   0.28987E-02   0.28754E-02
 7278.67   0.37015E-02   0.28800E-02   0.28582E-02
 7292.28   0.36794E-02   0.28613E-02   0.28410E-02
 7305.88   0.36573E-02   0.28426E-02   0.28238E-02
 7319.49   0.36352E-02   0.28240E-02   0.28067E-02
 7333.09   0.36133E-02   0.28056E-02   0.27898E-02
 7346.70   0.35916E-02   0.27874E-02   0.27730E-02
 7360.30   0.35697E-02   0.27691E-02   0.27561E-02
 7373.91   0.35496E-02   0.27521E-02   0.27406E-02
 7387.51   0.35306E-02   0.27361E-02   0.27260E-02
 7401.12   0.35097E-02   0.27187E-02   0.27100E-02
 7414.72   0.34893E-02   0.27016E-02   0.26943E-02
 7428.33   0.34691E-02   0.26847E-02   0.26788E-02
 7441.93   0.34488E-02   0.26679E-02   0.26633E-02
 7455.54   0.34284E-02   0.26510E-02   0.26478E-02
 7469.14   0.34080E-02   0.26340E-02   0.26322E-02
 7482.75   0.33875E-02   0.26171E-02   0.26165E-02
 7496.35   0.33669E-02   0.26001E-02   0.26008E-02
 7509.96   0.33462E-02   0.25831E-02   0.25851E-02
 7523.56   0.33250E-02   0.25657E-02   0.25690E-02
 7537.17   0.33057E-02   0.25498E-02   0.25544E-02
 7550.77   0.32911E-02   0.25376E-02   0.25435E-02
 7564.38   0.32701E-02   0.25204E-02   0.25276E-02
 7577.98   0.32505E-02   0.25044E-02   0.25128E-02
 7591.59   0.32315E-02   0.24889E-02   0.24985E-02
 7605.19   0.32127E-02   0.24735E-02   0.24844E-02
 7618.80   0.31940E-02   0.24583E-02   0.24703E-02
 7632.40   0.31752E-02   0.24430E-02   0.24563E-02
 7646.01   0.31564E-02   0.24277E-02   0.24422E-02
 7659.61   0.31373E-02   0.24123E-02   0.24279E-02
 7673.22   0.31181E-02   0.23967E-02   0.24135E-02
 7686.82   0.30983E-02   0.23808E-02   0.23987E-02
 7700.43   0.30749E-02   0.23621E-02   0.23811E-02
 7714.03   0.30721E-02   0.23593E-02   0.23796E-02
 7727.64   0.30477E-02   0.23399E-02   0.23612E-02
 7741.24   0.30285E-02   0.23245E-02   0.23469E-02
 7754.85   0.30102E-02   0.23098E-02   0.23333E-02
 7768.45   0.29923E-02   0.22955E-02   0.23202E-02
 7782.06   0.29748E-02   0.22815E-02   0.23072E-02
 7795.66   0.29574E-02   0.22676E-02   0.22944E-02
 7809.27   0.29401E-02   0.22539E-02   0.22817E-02
 7822.87   0.29227E-02   0.22401E-02   0.22689E-02
 7836.48   0.29052E-02   0.22261E-02   0.22561E-02
 7850.08   0.28873E-02   0.22120E-02   0.22429E-02
 7863.69   0.28682E-02   0.21969E-02   0.22288E-02
 7877.29   0.28505E-02   0.21829E-02   0.22158E-02
 7890.90   0.28414E-02   0.21756E-02   0.22096E-02
 7904.50   0.28220E-02   0.21603E-02   0.21952E-02
 7918.11   0.28042E-02   0.21463E-02   0.21822E-02
 7931.71   0.27870E-02   0.21328E-02   0.21697E-02
 7945.32   0.27703E-02   0.21197E-02   0.21575E-02
 7958.92   0.27538E-02   0.21068E-02   0.21456E-02
 7972.53   0.27376E-02   0.20941E-02   0.21338E-02
 7986.13   0.27215E-02   0.20816E-02   0.21222E-02
 7999.74   0.27056E-02   0.20691E-02   0.21107E-02
 8013.34   0.26895E-02   0.20566E-02   0.20991E-02
 8026.95   0.26731E-02   0.20439E-02   0.20873E-02
 8040.55   0.26550E-02   0.20298E-02   0.20740E-02
 8054.16   0.26381E-02   0.20167E-02   0.20617E-02
 8067.76   0.26292E-02   0.20098E-02   0.20559E-02
 8081.37   0.26122E-02   0.19967E-02   0.20436E-02
 8094.97   0.25958E-02   0.19841E-02   0.20318E-02
 8108.58   0.25798E-02   0.19717E-02   0.20203E-02
 8122.18   0.25640E-02   0.19596E-02   0.20090E-02
 8135.79   0.25485E-02   0.19477E-02   0.19979E-02
 8149.39   0.25333E-02   0.19360E-02   0.19870E-02
 8163.00   0.25183E-02   0.19246E-02   0.19764E-02
 8176.60   0.25035E-02   0.19132E-02   0.19658E-02
 8190.21   0.24887E-02   0.19020E-02   0.19554E-02
 8203.81   0.24739E-02   0.18907E-02   0.19449E-02
 8217.42   0.24577E-02   0.18784E-02   0.19333E-02
 8231.02   0.24484E-02   0.18714E-02   0.19272E-02
 8244.63   0.24319E-02   0.18588E-02   0.19153E-02
 8258.23   0.24169E-02   0.18474E-02   0.19047E-02
 8271.84   0.24020E-02   0.18361E-02   0.18941E-02
 8285.44   0.23872E-02   0.18249E-02   0.18836E-02
 8299.05   0.23724E-02   0.18138E-02   0.18732E-02
 8312.65   0.23578E-02   0.18028E-02   0.18629E-02
 8326.26   0.23435E-02   0.17920E-02   0.18527E-02
 8339.86   0.23293E-02   0.17814E-02   0.18428E-02
 8353.47   0.23154E-02   0.17709E-02   0.18330E-02
 8367.07   0.23016E-02   0.17607E-02   0.18235E-02
 8380.68   0.22880E-02   0.17505E-02   0.18140E-02
 8394.28   0.22740E-02   0.17402E-02   0.18044E-02
 8407.89   0.22621E-02   0.17311E-02   0.17959E-02
 8421.49   0.22484E-02   0.17210E-02   0.17864E-02
 8435.10   0.22349E-02   0.17110E-02   0.17771E-02
 8448.70   0.22214E-02   0.17010E-02   0.17677E-02
 8462.31   0.22078E-02   0.16909E-02   0.17582E-02
 8475.91   0.21943E-02   0.16808E-02   0.17488E-02
 8489.52   0.21807E-02   0.16707E-02   0.17393E-02
 8503.12   0.21671E-02   0.16607E-02   0.17299E-02
 8516.73   0.21537E-02   0.16508E-02   0.17205E-02
 8530.33   0.21405E-02   0.16411E-02   0.17114E-02
 8543.94   0.21274E-02   0.16315E-02   0.17023E-02
 8557.54   0.21145E-02   0.16221E-02   0.16935E-02
 8571.15   0.21012E-02   0.16125E-02   0.16845E-02
 8584.75   0.20908E-02   0.16046E-02   0.16771E-02
 8598.36   0.20778E-02   0.15952E-02   0.16683E-02
 8611.96   0.20654E-02   0.15862E-02   0.16598E-02
 8625.57   0.20531E-02   0.15772E-02   0.16514E-02
 8639.17   0.20407E-02   0.15683E-02   0.16429E-02
 8652.78   0.20283E-02   0.15592E-02   0.16344E-02
 8666.38   0.20158E-02   0.15501E-02   0.16258E-02
 8679.99   0.20033E-02   0.15410E-02   0.16172E-02
 8693.59   0.19907E-02   0.15319E-02   0.16086E-02
 8707.20   0.19782E-02   0.15228E-02   0.15999E-02
 8720.80   0.19657E-02   0.15138E-02   0.15913E-02
 8734.41   0.19532E-02   0.15047E-02   0.15828E-02
 8748.01   0.19399E-02   0.14952E-02   0.15736E-02
 8761.62   0.19292E-02   0.14876E-02   0.15666E-02
 8775.22   0.19199E-02   0.14809E-02   0.15603E-02
 8788.83   0.19079E-02   0.14723E-02   0.15522E-02
 8802.43   0.18964E-02   0.14640E-02   0.15444E-02
 8816.04   0.18849E-02   0.14559E-02   0.15367E-02
 8829.64   0.18736E-02   0.14478E-02   0.15291E-02
 8843.25   0.18622E-02   0.14397E-02   0.15214E-02
 8856.85   0.18507E-02   0.14315E-02   0.15136E-02
 8870.46   0.18392E-02   0.14233E-02   0.15058E-02
 8884.06   0.18276E-02   0.14150E-02   0.14978E-02
 8897.67   0.18158E-02   0.14066E-02   0.14898E-02
 8911.27   0.18039E-02   0.13981E-02   0.14816E-02
 8924.88   0.17913E-02   0.13890E-02   0.14728E-02
 8938.48   0.17808E-02   0.13816E-02   0.14659E-02
 8952.09   0.17746E-02   0.13776E-02   0.14625E-02
 8965.69   0.17621E-02   0.13687E-02   0.14538E-02
 8979.30   0.17509E-02   0.13607E-02   0.14462E-02
 8992.90   0.17400E-02   0.13531E-02   0.14390E-02
 9006.51   0.17294E-02   0.13457E-02   0.14319E-02
 9020.11   0.17189E-02   0.13384E-02   0.14249E-02
 9033.72   0.17085E-02   0.13310E-02   0.14179E-02
 9047.32   0.16980E-02   0.13237E-02   0.14109E-02
 9060.93   0.16874E-02   0.13163E-02   0.14038E-02
 9074.53   0.16767E-02   0.13088E-02   0.13966E-02
 9088.14   0.16658E-02   0.13011E-02   0.13892E-02
 9101.74   0.16543E-02   0.12929E-02   0.13813E-02
 9115.35   0.16398E-02   0.12823E-02   0.13706E-02
 9128.95   0.16433E-02   0.12864E-02   0.13759E-02
 9142.56   0.16275E-02   0.12747E-02   0.13641E-02
 9156.16   0.16162E-02   0.12667E-02   0.13564E-02
 9169.77   0.16057E-02   0.12594E-02   0.13493E-02
 9183.37   0.15955E-02   0.12523E-02   0.13425E-02
 9196.98   0.15856E-02   0.12455E-02   0.13359E-02
 9210.58   0.15758E-02   0.12388E-02   0.13295E-02
 9224.19   0.15662E-02   0.12322E-02   0.13231E-02
 9237.79   0.15566E-02   0.12256E-02   0.13168E-02
 9251.40   0.15469E-02   0.12189E-02   0.13104E-02
 9265.00   0.15371E-02   0.12122E-02   0.13039E-02
 9278.61   0.15271E-02   0.12052E-02   0.12971E-02
 9292.21   0.15163E-02   0.11976E-02   0.12896E-02
 9305.82   0.15066E-02   0.11909E-02   0.12831E-02
 9319.42   0.15033E-02   0.11896E-02   0.12824E-02
 9333.03   0.14916E-02   0.11812E-02   0.12741E-02
 9346.63   0.14814E-02   0.11741E-02   0.12671E-02
 9360.24   0.14716E-02   0.11673E-02   0.12605E-02
 9373.84   0.14621E-02   0.11608E-02   0.12541E-02
 9387.45   0.14527E-02   0.11544E-02   0.12480E-02
 9401.05   0.14436E-02   0.11482E-02   0.12419E-02
 9414.66   0.14346E-02   0.11421E-02   0.12360E-02
 9428.26   0.14257E-02   0.11361E-02   0.12303E-02
 9441.87   0.14169E-02   0.11302E-02   0.12245E-02
 9455.47   0.14080E-02   0.11242E-02   0.12187E-02
 9469.08   0.13990E-02   0.11180E-02   0.12127E-02
 9482.68   0.13891E-02   0.11112E-02   0.12060E-02
 9496.29   0.13801E-02   0.11050E-02   0.11999E-02
 9509.89   0.13755E-02   0.11027E-02   0.11980E-02
 9523.50   0.13658E-02   0.10959E-02   0.11913E-02
 9537.10   0.13566E-02   0.10896E-02   0.11851E-02
 9550.71   0.13477E-02   0.10835E-02   0.11791E-02
 9564.31   0.13388E-02   0.10775E-02   0.11731E-02
 9577.92   0.13301E-02   0.10715E-02   0.11673E-02
 9591.52   0.13215E-02   0.10658E-02   0.11617E-02
 9605.13   0.13130E-02   0.10601E-02   0.11561E-02
 9618.73   0.13047E-02   0.10546E-02   0.11507E-02
 9632.34   0.12966E-02   0.10492E-02   0.11454E-02
 9645.94   0.12885E-02   0.10438E-02   0.11402E-02
 9659.55   0.12803E-02   0.10384E-02   0.11349E-02
 9673.15   0.12718E-02   0.10328E-02   0.11293E-02
 9686.76   0.12636E-02   0.10272E-02   0.11238E-02
 9700.36   0.12578E-02   0.10236E-02   0.11205E-02
 9713.97   0.12494E-02   0.10180E-02   0.11150E-02
 9727.57   0.12412E-02   0.10125E-02   0.11096E-02
 9741.18   0.12331E-02   0.10071E-02   0.11041E-02
 9754.78   0.12250E-02   0.10016E-02   0.10987E-02
 9768.39   0.12169E-02   0.99615E-03   0.10933E-02
 9781.99   0.12089E-02   0.99077E-03   0.10880E-02
 9795.60   0.12010E-02   0.98548E-03   0.10827E-02
 9809.20   0.11931E-02   0.98029E-03   0.10776E-02
 9822.81   0.11855E-02   0.97523E-03   0.10726E-02
 9836.41   0.11779E-02   0.97028E-03   0.10677E-02
 9850.02   0.11704E-02   0.96542E-03   0.10629E-02
 9863.62   0.11628E-02   0.96059E-03   0.10581E-02
 9877.23   0.11556E-02   0.95584E-03   0.10535E-02
 9890.83   0.11492E-02   0.95145E-03   0.10491E-02
 9904.44   0.11418E-02   0.94671E-03   0.10444E-02
 9918.04   0.11345E-02   0.94196E-03   0.10397E-02
 9931.65   0.11272E-02   0.93716E-03   0.10350E-02
 9945.25   0.11198E-02   0.93231E-03   0.10301E-02
 9958.86   0.11125E-02   0.92742E-03   0.10252E-02
 9972.46   0.11051E-02   0.92250E-03   0.10203E-02
 9986.07   0.10977E-02   0.91760E-03   0.10154E-02
 9999.67   0.10904E-02   0.91273E-03   0.10105E-02
