  299.31   0.29184E+00   0.29235E+00   0.27931E+00
  312.91   0.28520E+00   0.28577E+00   0.27341E+00
  326.52   0.27891E+00   0.27952E+00   0.26780E+00
  340.12   0.27273E+00   0.27339E+00   0.26226E+00
  353.73   0.26679E+00   0.26750E+00   0.25693E+00
  367.33   0.26098E+00   0.26174E+00   0.25168E+00
  380.94   0.25525E+00   0.25604E+00   0.24648E+00
  394.54   0.24971E+00   0.25054E+00   0.24143E+00
  408.15   0.24429E+00   0.24516E+00   0.23648E+00
  421.75   0.23894E+00   0.23985E+00   0.23157E+00
  435.36   0.23381E+00   0.23475E+00   0.22686E+00
  448.96   0.22879E+00   0.22977E+00   0.22223E+00
  462.57   0.22389E+00   0.22490E+00   0.21770E+00
  476.17   0.21917E+00   0.22022E+00   0.21333E+00
  489.78   0.21460E+00   0.21567E+00   0.20909E+00
  503.38   0.21006E+00   0.21116E+00   0.20486E+00
  516.99   0.20569E+00   0.20681E+00   0.20077E+00
  530.59   0.20147E+00   0.20262E+00   0.19684E+00
  544.20   0.19727E+00   0.19845E+00   0.19290E+00
  557.80   0.19323E+00   0.19443E+00   0.18911E+00
  571.41   0.18931E+00   0.19053E+00   0.18543E+00
  585.01   0.18545E+00   0.18669E+00   0.18179E+00
  598.62   0.18177E+00   0.18304E+00   0.17833E+00
  612.22   0.17816E+00   0.17944E+00   0.17492E+00
  625.83   0.17470E+00   0.17601E+00   0.17165E+00
  639.43   0.17121E+00   0.17253E+00   0.16835E+00
  653.04   0.16789E+00   0.16923E+00   0.16520E+00
  666.64   0.16463E+00   0.16599E+00   0.16211E+00
  680.25   0.16143E+00   0.16280E+00   0.15907E+00
  693.85   0.15837E+00   0.15975E+00   0.15616E+00
  707.46   0.15537E+00   0.15677E+00   0.15331E+00
  721.06   0.15244E+00   0.15386E+00   0.15051E+00
  734.67   0.14958E+00   0.15101E+00   0.14778E+00
  748.27   0.14681E+00   0.14825E+00   0.14514E+00
  761.88   0.14412E+00   0.14557E+00   0.14256E+00
  775.48   0.14149E+00   0.14295E+00   0.14005E+00
  789.09   0.13891E+00   0.14038E+00   0.13758E+00
  802.69   0.13640E+00   0.13788E+00   0.13517E+00
  816.30   0.13396E+00   0.13545E+00   0.13283E+00
  829.90   0.13158E+00   0.13309E+00   0.13055E+00
  843.51   0.12923E+00   0.13074E+00   0.12829E+00
  857.11   0.12696E+00   0.12848E+00   0.12610E+00
  870.72   0.12474E+00   0.12627E+00   0.12397E+00
  884.32   0.12259E+00   0.12413E+00   0.12190E+00
  897.93   0.12045E+00   0.12199E+00   0.11984E+00
  911.53   0.11841E+00   0.11996E+00   0.11787E+00
  925.14   0.11640E+00   0.11795E+00   0.11593E+00
  938.74   0.11444E+00   0.11600E+00   0.11403E+00
  952.35   0.11256E+00   0.11413E+00   0.11222E+00
  965.95   0.11065E+00   0.11222E+00   0.11037E+00
  979.56   0.10882E+00   0.11039E+00   0.10860E+00
  993.16   0.10703E+00   0.10861E+00   0.10686E+00
 1006.77   0.10528E+00   0.10687E+00   0.10517E+00
 1020.37   0.10356E+00   0.10514E+00   0.10350E+00
 1033.98   0.10190E+00   0.10348E+00   0.10189E+00
 1047.58   0.10027E+00   0.10186E+00   0.10030E+00
 1061.19   0.98666E-01   0.10026E+00   0.98749E-01
 1074.79   0.97108E-01   0.98705E-01   0.97234E-01
 1088.40   0.95571E-01   0.97171E-01   0.95740E-01
 1102.00   0.94084E-01   0.95686E-01   0.94293E-01
 1115.61   0.92629E-01   0.94232E-01   0.92876E-01
 1129.21   0.91200E-01   0.92804E-01   0.91484E-01
 1142.82   0.89797E-01   0.91403E-01   0.90116E-01
 1156.42   0.88426E-01   0.90033E-01   0.88779E-01
 1170.03   0.87087E-01   0.88695E-01   0.87473E-01
 1183.63   0.85780E-01   0.87388E-01   0.86197E-01
 1197.24   0.84498E-01   0.86107E-01   0.84945E-01
 1210.84   0.83232E-01   0.84841E-01   0.83708E-01
 1224.45   0.81998E-01   0.83607E-01   0.82501E-01
 1238.05   0.80790E-01   0.82399E-01   0.81320E-01
 1251.66   0.79612E-01   0.81220E-01   0.80166E-01
 1265.26   0.78462E-01   0.80070E-01   0.79041E-01
 1278.87   0.77314E-01   0.78921E-01   0.77916E-01
 1292.47   0.76208E-01   0.77814E-01   0.76832E-01
 1306.08   0.75117E-01   0.76722E-01   0.75762E-01
 1319.68   0.74051E-01   0.75655E-01   0.74716E-01
 1333.29   0.73011E-01   0.74614E-01   0.73696E-01
 1346.89   0.71965E-01   0.73566E-01   0.72668E-01
 1360.50   0.70974E-01   0.72573E-01   0.71695E-01
 1374.10   0.69988E-01   0.71586E-01   0.70726E-01
 1387.71   0.69019E-01   0.70615E-01   0.69773E-01
 1401.31   0.68071E-01   0.69665E-01   0.68841E-01
 1414.92   0.67152E-01   0.68744E-01   0.67937E-01
 1428.52   0.66223E-01   0.67812E-01   0.67022E-01
 1442.13   0.65331E-01   0.66918E-01   0.66143E-01
 1455.73   0.64453E-01   0.66037E-01   0.65277E-01
 1469.34   0.63589E-01   0.65171E-01   0.64426E-01
 1482.94   0.62746E-01   0.64325E-01   0.63594E-01
 1496.55   0.61907E-01   0.63483E-01   0.62766E-01
 1510.15   0.61097E-01   0.62669E-01   0.61966E-01
 1523.76   0.60299E-01   0.61869E-01   0.61179E-01
 1537.36   0.59514E-01   0.61081E-01   0.60403E-01
 1550.97   0.58742E-01   0.60305E-01   0.59640E-01
 1564.57   0.57986E-01   0.59546E-01   0.58892E-01
 1578.18   0.57237E-01   0.58794E-01   0.58151E-01
 1591.78   0.56508E-01   0.58061E-01   0.57430E-01
 1605.39   0.55792E-01   0.57342E-01   0.56721E-01
 1618.99   0.55088E-01   0.56634E-01   0.56024E-01
 1632.60   0.54395E-01   0.55937E-01   0.55336E-01
 1646.20   0.53712E-01   0.55250E-01   0.54660E-01
 1659.81   0.53043E-01   0.54576E-01   0.53996E-01
 1673.41   0.52386E-01   0.53916E-01   0.53344E-01
 1687.02   0.51742E-01   0.53267E-01   0.52705E-01
 1700.62   0.51109E-01   0.52631E-01   0.52076E-01
 1714.23   0.50487E-01   0.52005E-01   0.51459E-01
 1727.83   0.49870E-01   0.51383E-01   0.50845E-01
 1741.44   0.49267E-01   0.50776E-01   0.50246E-01
 1755.04   0.48674E-01   0.50179E-01   0.49656E-01
 1768.65   0.48093E-01   0.49592E-01   0.49077E-01
 1782.25   0.47522E-01   0.49017E-01   0.48509E-01
 1795.86   0.46964E-01   0.48454E-01   0.47953E-01
 1809.46   0.46402E-01   0.47887E-01   0.47393E-01
 1823.07   0.45858E-01   0.47339E-01   0.46851E-01
 1836.67   0.45321E-01   0.46797E-01   0.46316E-01
 1850.28   0.44793E-01   0.46264E-01   0.45789E-01
 1863.88   0.44275E-01   0.45742E-01   0.45273E-01
 1877.49   0.43770E-01   0.45231E-01   0.44768E-01
 1891.09   0.43259E-01   0.44715E-01   0.44257E-01
 1904.70   0.42768E-01   0.44219E-01   0.43767E-01
 1918.30   0.42282E-01   0.43728E-01   0.43281E-01
 1931.91   0.41803E-01   0.43244E-01   0.42802E-01
 1945.51   0.41332E-01   0.42768E-01   0.42331E-01
 1959.12   0.40870E-01   0.42301E-01   0.41869E-01
 1972.72   0.40406E-01   0.41831E-01   0.41404E-01
 1986.33   0.39963E-01   0.41383E-01   0.40960E-01
 1999.93   0.39522E-01   0.40936E-01   0.40518E-01
 2013.54   0.39087E-01   0.40496E-01   0.40082E-01
 2027.14   0.38657E-01   0.40061E-01   0.39652E-01
 2040.75   0.38235E-01   0.39634E-01   0.39228E-01
 2054.35   0.37823E-01   0.39216E-01   0.38814E-01
 2067.96   0.37408E-01   0.38795E-01   0.38398E-01
 2081.56   0.37006E-01   0.38388E-01   0.37994E-01
 2095.17   0.36610E-01   0.37986E-01   0.37596E-01
 2108.77   0.36219E-01   0.37589E-01   0.37203E-01
 2122.38   0.35833E-01   0.37198E-01   0.36815E-01
 2135.98   0.35453E-01   0.36812E-01   0.36432E-01
 2149.59   0.35078E-01   0.36431E-01   0.36054E-01
 2163.19   0.34709E-01   0.36057E-01   0.35684E-01
 2176.80   0.34347E-01   0.35689E-01   0.35319E-01
 2190.40   0.33990E-01   0.35326E-01   0.34959E-01
 2204.01   0.33638E-01   0.34969E-01   0.34604E-01
 2217.61   0.33291E-01   0.34615E-01   0.34254E-01
 2231.22   0.32948E-01   0.34267E-01   0.33908E-01
 2244.82   0.32610E-01   0.33923E-01   0.33567E-01
 2258.43   0.32277E-01   0.33584E-01   0.33231E-01
 2272.03   0.31950E-01   0.33251E-01   0.32900E-01
 2285.64   0.31627E-01   0.32922E-01   0.32574E-01
 2299.24   0.31309E-01   0.32598E-01   0.32252E-01
 2312.85   0.30995E-01   0.32279E-01   0.31935E-01
 2326.45   0.30686E-01   0.31963E-01   0.31621E-01
 2340.06   0.30379E-01   0.31650E-01   0.31311E-01
 2353.66   0.30078E-01   0.31343E-01   0.31006E-01
 2367.27   0.29780E-01   0.31040E-01   0.30705E-01
 2380.87   0.29488E-01   0.30741E-01   0.30408E-01
 2394.48   0.29199E-01   0.30447E-01   0.30116E-01
 2408.08   0.28915E-01   0.30157E-01   0.29827E-01
 2421.69   0.28635E-01   0.29870E-01   0.29543E-01
 2435.29   0.28356E-01   0.29585E-01   0.29260E-01
 2448.90   0.28083E-01   0.29306E-01   0.28982E-01
 2462.50   0.27813E-01   0.29030E-01   0.28708E-01
 2476.11   0.27547E-01   0.28758E-01   0.28438E-01
 2489.71   0.27285E-01   0.28490E-01   0.28171E-01
 2503.32   0.27027E-01   0.28225E-01   0.27909E-01
 2516.92   0.26774E-01   0.27966E-01   0.27651E-01
 2530.53   0.26518E-01   0.27705E-01   0.27391E-01
 2544.13   0.26270E-01   0.27450E-01   0.27138E-01
 2557.74   0.26025E-01   0.27198E-01   0.26888E-01
 2571.34   0.25782E-01   0.26950E-01   0.26641E-01
 2584.95   0.25543E-01   0.26705E-01   0.26397E-01
 2598.55   0.25308E-01   0.26463E-01   0.26156E-01
 2612.16   0.25076E-01   0.26225E-01   0.25920E-01
 2625.76   0.24844E-01   0.25987E-01   0.25683E-01
 2639.37   0.24618E-01   0.25754E-01   0.25452E-01
 2652.97   0.24394E-01   0.25524E-01   0.25223E-01
 2666.58   0.24173E-01   0.25297E-01   0.24997E-01
 2680.18   0.23954E-01   0.25072E-01   0.24774E-01
 2693.79   0.23739E-01   0.24851E-01   0.24553E-01
 2707.39   0.23527E-01   0.24632E-01   0.24336E-01
 2721.00   0.23316E-01   0.24415E-01   0.24120E-01
 2734.60   0.23109E-01   0.24202E-01   0.23908E-01
 2748.21   0.22904E-01   0.23991E-01   0.23698E-01
 2761.81   0.22702E-01   0.23783E-01   0.23491E-01
 2775.42   0.22502E-01   0.23577E-01   0.23286E-01
 2789.02   0.22305E-01   0.23373E-01   0.23083E-01
 2802.63   0.22110E-01   0.23172E-01   0.22883E-01
 2816.23   0.21918E-01   0.22974E-01   0.22686E-01
 2829.84   0.21728E-01   0.22778E-01   0.22491E-01
 2843.44   0.21540E-01   0.22584E-01   0.22298E-01
 2857.05   0.21355E-01   0.22392E-01   0.22107E-01
 2870.65   0.21172E-01   0.22203E-01   0.21919E-01
 2884.26   0.20991E-01   0.22016E-01   0.21732E-01
 2897.86   0.20812E-01   0.21831E-01   0.21548E-01
 2911.47   0.20636E-01   0.21648E-01   0.21366E-01
 2925.07   0.20461E-01   0.21467E-01   0.21186E-01
 2938.68   0.20289E-01   0.21289E-01   0.21009E-01
 2952.28   0.20118E-01   0.21112E-01   0.20833E-01
 2965.89   0.19950E-01   0.20938E-01   0.20659E-01
 2979.49   0.19784E-01   0.20765E-01   0.20488E-01
 2993.10   0.19619E-01   0.20595E-01   0.20318E-01
 3006.70   0.19457E-01   0.20426E-01   0.20150E-01
 3020.31   0.19297E-01   0.20260E-01   0.19984E-01
 3033.91   0.19138E-01   0.20095E-01   0.19820E-01
 3047.52   0.18981E-01   0.19932E-01   0.19658E-01
 3061.12   0.18827E-01   0.19771E-01   0.19498E-01
 3074.73   0.18673E-01   0.19612E-01   0.19339E-01
 3088.33   0.18522E-01   0.19455E-01   0.19183E-01
 3101.94   0.18372E-01   0.19299E-01   0.19028E-01
 3115.54   0.18224E-01   0.19145E-01   0.18874E-01
 3129.15   0.18078E-01   0.18992E-01   0.18722E-01
 3142.75   0.17934E-01   0.18842E-01   0.18573E-01
 3156.36   0.17791E-01   0.18693E-01   0.18425E-01
 3169.96   0.17650E-01   0.18546E-01   0.18278E-01
 3183.57   0.17510E-01   0.18400E-01   0.18133E-01
 3197.17   0.17372E-01   0.18256E-01   0.17989E-01
 3210.78   0.17236E-01   0.18113E-01   0.17847E-01
 3224.38   0.17100E-01   0.17972E-01   0.17707E-01
 3237.99   0.16966E-01   0.17832E-01   0.17567E-01
 3251.59   0.16835E-01   0.17695E-01   0.17431E-01
 3265.20   0.16705E-01   0.17558E-01   0.17295E-01
 3278.80   0.16576E-01   0.17423E-01   0.17160E-01
 3292.41   0.16448E-01   0.17290E-01   0.17027E-01
 3306.01   0.16322E-01   0.17158E-01   0.16896E-01
 3319.62   0.16197E-01   0.17027E-01   0.16765E-01
 3333.22   0.16073E-01   0.16897E-01   0.16636E-01
 3346.83   0.15950E-01   0.16769E-01   0.16508E-01
 3360.43   0.15831E-01   0.16643E-01   0.16384E-01
 3374.04   0.15711E-01   0.16517E-01   0.16258E-01
 3387.64   0.15593E-01   0.16393E-01   0.16135E-01
 3401.25   0.15476E-01   0.16270E-01   0.16012E-01
 3414.85   0.15360E-01   0.16149E-01   0.15891E-01
 3428.46   0.15246E-01   0.16029E-01   0.15772E-01
 3442.06   0.15133E-01   0.15910E-01   0.15653E-01
 3455.67   0.15020E-01   0.15791E-01   0.15535E-01
 3469.27   0.14911E-01   0.15677E-01   0.15421E-01
 3482.88   0.14801E-01   0.15560E-01   0.15305E-01
 3496.48   0.14692E-01   0.15446E-01   0.15191E-01
 3510.09   0.14584E-01   0.15332E-01   0.15078E-01
 3523.69   0.14478E-01   0.15220E-01   0.14967E-01
 3537.30   0.14373E-01   0.15109E-01   0.14856E-01
 3550.90   0.14269E-01   0.15000E-01   0.14747E-01
 3564.51   0.14166E-01   0.14891E-01   0.14639E-01
 3578.11   0.14064E-01   0.14783E-01   0.14532E-01
 3591.72   0.13964E-01   0.14678E-01   0.14427E-01
 3605.32   0.13864E-01   0.14572E-01   0.14322E-01
 3618.93   0.13765E-01   0.14468E-01   0.14218E-01
 3632.53   0.13667E-01   0.14364E-01   0.14114E-01
 3646.14   0.13571E-01   0.14261E-01   0.14012E-01
 3659.74   0.13475E-01   0.14160E-01   0.13912E-01
 3673.35   0.13380E-01   0.14060E-01   0.13812E-01
 3686.95   0.13287E-01   0.13961E-01   0.13713E-01
 3700.56   0.13194E-01   0.13863E-01   0.13615E-01
 3714.16   0.13102E-01   0.13765E-01   0.13519E-01
 3727.77   0.13011E-01   0.13669E-01   0.13423E-01
 3741.37   0.12921E-01   0.13573E-01   0.13327E-01
 3754.98   0.12832E-01   0.13478E-01   0.13233E-01
 3768.58   0.12743E-01   0.13384E-01   0.13139E-01
 3782.19   0.12656E-01   0.13291E-01   0.13047E-01
 3795.79   0.12569E-01   0.13199E-01   0.12955E-01
 3809.40   0.12484E-01   0.13108E-01   0.12865E-01
 3823.00   0.12399E-01   0.13018E-01   0.12775E-01
 3836.61   0.12316E-01   0.12929E-01   0.12687E-01
 3850.21   0.12233E-01   0.12840E-01   0.12599E-01
 3863.82   0.12150E-01   0.12753E-01   0.12511E-01
 3877.42   0.12069E-01   0.12666E-01   0.12425E-01
 3891.03   0.11987E-01   0.12579E-01   0.12339E-01
 3904.63   0.11907E-01   0.12493E-01   0.12254E-01
 3918.24   0.11827E-01   0.12408E-01   0.12169E-01
 3931.84   0.11749E-01   0.12324E-01   0.12085E-01
 3945.45   0.11673E-01   0.12243E-01   0.12005E-01
 3959.05   0.11596E-01   0.12161E-01   0.11923E-01
 3972.66   0.11520E-01   0.12079E-01   0.11842E-01
 3986.26   0.11444E-01   0.11999E-01   0.11762E-01
 3999.87   0.11370E-01   0.11919E-01   0.11682E-01
 4013.47   0.11295E-01   0.11839E-01   0.11603E-01
 4027.08   0.11222E-01   0.11760E-01   0.11525E-01
 4040.68   0.11148E-01   0.11682E-01   0.11447E-01
 4054.29   0.11075E-01   0.11603E-01   0.11369E-01
 4067.89   0.11007E-01   0.11530E-01   0.11296E-01
 4081.50   0.10936E-01   0.11454E-01   0.11220E-01
 4095.10   0.10866E-01   0.11379E-01   0.11146E-01
 4108.71   0.10797E-01   0.11305E-01   0.11072E-01
 4122.31   0.10729E-01   0.11231E-01   0.10999E-01
 4135.92   0.10661E-01   0.11158E-01   0.10926E-01
 4149.52   0.10593E-01   0.11085E-01   0.10854E-01
 4163.13   0.10525E-01   0.11013E-01   0.10782E-01
 4176.73   0.10458E-01   0.10940E-01   0.10710E-01
 4190.34   0.10396E-01   0.10874E-01   0.10644E-01
 4203.94   0.10330E-01   0.10803E-01   0.10573E-01
 4217.55   0.10266E-01   0.10733E-01   0.10504E-01
 4231.15   0.10202E-01   0.10664E-01   0.10436E-01
 4244.76   0.10139E-01   0.10596E-01   0.10368E-01
 4258.36   0.10076E-01   0.10529E-01   0.10302E-01
 4271.97   0.10014E-01   0.10462E-01   0.10235E-01
 4285.57   0.99527E-02   0.10395E-01   0.10169E-01
 4299.18   0.98909E-02   0.10328E-01   0.10103E-01
 4312.78   0.98341E-02   0.10267E-01   0.10042E-01
 4326.39   0.97729E-02   0.10201E-01   0.99760E-02
 4339.99   0.97130E-02   0.10136E-01   0.99118E-02
 4353.60   0.96539E-02   0.10072E-01   0.98484E-02
 4367.20   0.95956E-02   0.10009E-01   0.97858E-02
 4380.81   0.95380E-02   0.99466E-02   0.97239E-02
 4394.41   0.94811E-02   0.98849E-02   0.96627E-02
 4408.02   0.94245E-02   0.98236E-02   0.96019E-02
 4421.62   0.93680E-02   0.97623E-02   0.95411E-02
 4435.23   0.93157E-02   0.97054E-02   0.94846E-02
 4448.83   0.92587E-02   0.96436E-02   0.94235E-02
 4462.44   0.92035E-02   0.95837E-02   0.93641E-02
 4476.04   0.91489E-02   0.95244E-02   0.93052E-02
 4489.65   0.90948E-02   0.94656E-02   0.92470E-02
 4503.25   0.90413E-02   0.94074E-02   0.91893E-02
 4516.86   0.89884E-02   0.93499E-02   0.91324E-02
 4530.46   0.89362E-02   0.92931E-02   0.90761E-02
 4544.07   0.88845E-02   0.92369E-02   0.90203E-02
 4557.67   0.88331E-02   0.91809E-02   0.89648E-02
 4571.28   0.87829E-02   0.91261E-02   0.89106E-02
 4584.88   0.87323E-02   0.90710E-02   0.88560E-02
 4598.49   0.86820E-02   0.90162E-02   0.88017E-02
 4612.09   0.86320E-02   0.89616E-02   0.87477E-02
 4625.70   0.85823E-02   0.89074E-02   0.86940E-02
 4639.30   0.85331E-02   0.88537E-02   0.86408E-02
 4652.91   0.84844E-02   0.88005E-02   0.85882E-02
 4666.51   0.84363E-02   0.87480E-02   0.85362E-02
 4680.12   0.83887E-02   0.86960E-02   0.84847E-02
 4693.72   0.83419E-02   0.86448E-02   0.84340E-02
 4707.33   0.82954E-02   0.85939E-02   0.83837E-02
 4720.93   0.82492E-02   0.85433E-02   0.83336E-02
 4734.54   0.82032E-02   0.84930E-02   0.82838E-02
 4748.14   0.81574E-02   0.84428E-02   0.82342E-02
 4761.75   0.81118E-02   0.83929E-02   0.81848E-02
 4775.35   0.80664E-02   0.83432E-02   0.81357E-02
 4788.96   0.80214E-02   0.82939E-02   0.80869E-02
 4802.56   0.79768E-02   0.82450E-02   0.80386E-02
 4816.17   0.79322E-02   0.81961E-02   0.79903E-02
 4829.77   0.78915E-02   0.81513E-02   0.79459E-02
 4843.38   0.78475E-02   0.81030E-02   0.78982E-02
 4856.98   0.78048E-02   0.80561E-02   0.78519E-02
 4870.59   0.77626E-02   0.80097E-02   0.78060E-02
 4884.19   0.77206E-02   0.79636E-02   0.77604E-02
 4897.80   0.76788E-02   0.79176E-02   0.77150E-02
 4911.40   0.76370E-02   0.78717E-02   0.76697E-02
 4925.01   0.75954E-02   0.78260E-02   0.76245E-02
 4938.61   0.75539E-02   0.77803E-02   0.75794E-02
 4952.22   0.75111E-02   0.77334E-02   0.75331E-02
 4965.82   0.74772E-02   0.76956E-02   0.74957E-02
 4979.43   0.74351E-02   0.76494E-02   0.74501E-02
 4993.03   0.73954E-02   0.76056E-02   0.74069E-02
 5006.64   0.73563E-02   0.75625E-02   0.73644E-02
 5020.24   0.73177E-02   0.75199E-02   0.73223E-02
 5033.85   0.72792E-02   0.74775E-02   0.72804E-02
 5047.45   0.72409E-02   0.74352E-02   0.72387E-02
 5061.06   0.72026E-02   0.73930E-02   0.71971E-02
 5074.66   0.71641E-02   0.73505E-02   0.71552E-02
 5088.27   0.71239E-02   0.73064E-02   0.71117E-02
 5101.87   0.70959E-02   0.72747E-02   0.70803E-02
 5115.48   0.70549E-02   0.72297E-02   0.70360E-02
 5129.08   0.70176E-02   0.71885E-02   0.69954E-02
 5142.69   0.69812E-02   0.71482E-02   0.69557E-02
 5156.29   0.69453E-02   0.71085E-02   0.69166E-02
 5169.90   0.69098E-02   0.70693E-02   0.68779E-02
 5183.50   0.68746E-02   0.70303E-02   0.68394E-02
 5197.11   0.68395E-02   0.69914E-02   0.68011E-02
 5210.71   0.68042E-02   0.69523E-02   0.67627E-02
 5224.32   0.67679E-02   0.69122E-02   0.67232E-02
 5237.92   0.67304E-02   0.68710E-02   0.66826E-02
 5251.53   0.67035E-02   0.68405E-02   0.66525E-02
 5265.13   0.66685E-02   0.68018E-02   0.66144E-02
 5278.74   0.66343E-02   0.67639E-02   0.65771E-02
 5292.34   0.66008E-02   0.67267E-02   0.65405E-02
 5305.95   0.65677E-02   0.66900E-02   0.65044E-02
 5319.55   0.65351E-02   0.66537E-02   0.64687E-02
 5333.16   0.65027E-02   0.66178E-02   0.64333E-02
 5346.76   0.64705E-02   0.65820E-02   0.63981E-02
 5360.37   0.64380E-02   0.65459E-02   0.63627E-02
 5373.97   0.64051E-02   0.65095E-02   0.63268E-02
 5387.58   0.63775E-02   0.64784E-02   0.62962E-02
 5401.18   0.63449E-02   0.64423E-02   0.62607E-02
 5414.79   0.63131E-02   0.64069E-02   0.62259E-02
 5428.39   0.62817E-02   0.63720E-02   0.61916E-02
 5442.00   0.62507E-02   0.63375E-02   0.61577E-02
 5455.60   0.62201E-02   0.63035E-02   0.61243E-02
 5469.21   0.61899E-02   0.62699E-02   0.60913E-02
 5482.81   0.61601E-02   0.62366E-02   0.60586E-02
 5496.42   0.61306E-02   0.62037E-02   0.60263E-02
 5510.02   0.61008E-02   0.61705E-02   0.59937E-02
 5523.63   0.60739E-02   0.61403E-02   0.59640E-02
 5537.23   0.60439E-02   0.61069E-02   0.59312E-02
 5550.84   0.60146E-02   0.60743E-02   0.58992E-02
 5564.44   0.59855E-02   0.60419E-02   0.58674E-02
 5578.05   0.59566E-02   0.60097E-02   0.58358E-02
 5591.65   0.59278E-02   0.59776E-02   0.58044E-02
 5605.26   0.58994E-02   0.59459E-02   0.57733E-02
 5618.86   0.58714E-02   0.59146E-02   0.57426E-02
 5632.47   0.58437E-02   0.58838E-02   0.57123E-02
 5646.07   0.58164E-02   0.58533E-02   0.56824E-02
 5659.68   0.57895E-02   0.58231E-02   0.56528E-02
 5673.28   0.57628E-02   0.57932E-02   0.56235E-02
 5686.89   0.57361E-02   0.57634E-02   0.55942E-02
 5700.49   0.57095E-02   0.57336E-02   0.55650E-02
 5714.10   0.56828E-02   0.57038E-02   0.55358E-02
 5727.70   0.56561E-02   0.56740E-02   0.55066E-02
 5741.31   0.56295E-02   0.56443E-02   0.54775E-02
 5754.91   0.56030E-02   0.56147E-02   0.54486E-02
 5768.52   0.55768E-02   0.55854E-02   0.54199E-02
 5782.12   0.55509E-02   0.55564E-02   0.53915E-02
 5795.73   0.55251E-02   0.55276E-02   0.53633E-02
 5809.33   0.55004E-02   0.54998E-02   0.53361E-02
 5822.94   0.54761E-02   0.54726E-02   0.53094E-02
 5836.54   0.54513E-02   0.54448E-02   0.52823E-02
 5850.15   0.54268E-02   0.54173E-02   0.52553E-02
 5863.75   0.54023E-02   0.53898E-02   0.52285E-02
 5877.36   0.53778E-02   0.53624E-02   0.52016E-02
 5890.96   0.53532E-02   0.53349E-02   0.51748E-02
 5904.57   0.53286E-02   0.53074E-02   0.51479E-02
 5918.17   0.53041E-02   0.52799E-02   0.51211E-02
 5931.78   0.52795E-02   0.52525E-02   0.50943E-02
 5945.38   0.52545E-02   0.52247E-02   0.50670E-02
 5958.99   0.52310E-02   0.51982E-02   0.50412E-02
 5972.59   0.52109E-02   0.51754E-02   0.50189E-02
 5986.20   0.51874E-02   0.51490E-02   0.49931E-02
 5999.80   0.51645E-02   0.51233E-02   0.49680E-02
 6013.41   0.51418E-02   0.50979E-02   0.49432E-02
 6027.01   0.51193E-02   0.50725E-02   0.49184E-02
 6040.62   0.50967E-02   0.50472E-02   0.48937E-02
 6054.22   0.50740E-02   0.50218E-02   0.48689E-02
 6067.83   0.50512E-02   0.49963E-02   0.48440E-02
 6081.43   0.50281E-02   0.49705E-02   0.48189E-02
 6095.04   0.50039E-02   0.49436E-02   0.47926E-02
 6108.64   0.49809E-02   0.49179E-02   0.47676E-02
 6122.25   0.49653E-02   0.48996E-02   0.47497E-02
 6135.85   0.49426E-02   0.48743E-02   0.47250E-02
 6149.46   0.49209E-02   0.48499E-02   0.47013E-02
 6163.06   0.48996E-02   0.48261E-02   0.46780E-02
 6176.67   0.48787E-02   0.48025E-02   0.46551E-02
 6190.27   0.48578E-02   0.47791E-02   0.46322E-02
 6203.88   0.48370E-02   0.47557E-02   0.46095E-02
 6217.48   0.48161E-02   0.47322E-02   0.45866E-02
 6231.09   0.47948E-02   0.47084E-02   0.45634E-02
 6244.69   0.47723E-02   0.46835E-02   0.45391E-02
 6258.30   0.47505E-02   0.46592E-02   0.45155E-02
 6271.90   0.47372E-02   0.46433E-02   0.44999E-02
 6285.51   0.47151E-02   0.46188E-02   0.44761E-02
 6299.11   0.46944E-02   0.45956E-02   0.44535E-02
 6312.72   0.46742E-02   0.45730E-02   0.44315E-02
 6326.32   0.46544E-02   0.45508E-02   0.44099E-02
 6339.93   0.46350E-02   0.45289E-02   0.43886E-02
 6353.53   0.46157E-02   0.45072E-02   0.43676E-02
 6367.14   0.45965E-02   0.44856E-02   0.43466E-02
 6380.74   0.45772E-02   0.44639E-02   0.43255E-02
 6394.35   0.45572E-02   0.44417E-02   0.43038E-02
 6407.95   0.45372E-02   0.44194E-02   0.42822E-02
 6421.56   0.45245E-02   0.44041E-02   0.42673E-02
 6435.16   0.45032E-02   0.43806E-02   0.42445E-02
 6448.77   0.44835E-02   0.43587E-02   0.42232E-02
 6462.37   0.44644E-02   0.43372E-02   0.42023E-02
 6475.98   0.44455E-02   0.43161E-02   0.41819E-02
 6489.58   0.44270E-02   0.42954E-02   0.41617E-02
 6503.19   0.44089E-02   0.42750E-02   0.41419E-02
 6516.79   0.43910E-02   0.42548E-02   0.41224E-02
 6530.40   0.43732E-02   0.42349E-02   0.41030E-02
 6544.00   0.43554E-02   0.42149E-02   0.40836E-02
 6557.61   0.43368E-02   0.41942E-02   0.40635E-02
 6571.21   0.43174E-02   0.41726E-02   0.40426E-02
 6584.82   0.43045E-02   0.41574E-02   0.40279E-02
 6598.42   0.42864E-02   0.41372E-02   0.40082E-02
 6612.03   0.42684E-02   0.41171E-02   0.39888E-02
 6625.63   0.42506E-02   0.40973E-02   0.39695E-02
 6639.24   0.42330E-02   0.40776E-02   0.39505E-02
 6652.84   0.42156E-02   0.40581E-02   0.39316E-02
 6666.45   0.41985E-02   0.40390E-02   0.39131E-02
 6680.05   0.41818E-02   0.40201E-02   0.38948E-02
 6693.66   0.41652E-02   0.40016E-02   0.38768E-02
 6707.26   0.41489E-02   0.39832E-02   0.38590E-02
 6720.87   0.41325E-02   0.39647E-02   0.38412E-02
 6734.47   0.41171E-02   0.39474E-02   0.38244E-02
 6748.08   0.41008E-02   0.39290E-02   0.38066E-02
 6761.68   0.40845E-02   0.39108E-02   0.37889E-02
 6775.29   0.40681E-02   0.38924E-02   0.37712E-02
 6788.89   0.40516E-02   0.38741E-02   0.37534E-02
 6802.50   0.40352E-02   0.38557E-02   0.37357E-02
 6816.10   0.40188E-02   0.38375E-02   0.37181E-02
 6829.71   0.40026E-02   0.38195E-02   0.37006E-02
 6843.31   0.39867E-02   0.38017E-02   0.36834E-02
 6856.92   0.39711E-02   0.37841E-02   0.36665E-02
 6870.52   0.39556E-02   0.37668E-02   0.36497E-02
 6884.13   0.39408E-02   0.37501E-02   0.36336E-02
 6897.73   0.39259E-02   0.37334E-02   0.36175E-02
 6911.34   0.39109E-02   0.37166E-02   0.36012E-02
 6924.94   0.38960E-02   0.36998E-02   0.35850E-02
 6938.55   0.38810E-02   0.36830E-02   0.35688E-02
 6952.15   0.38658E-02   0.36661E-02   0.35525E-02
 6965.76   0.38506E-02   0.36491E-02   0.35361E-02
 6979.36   0.38353E-02   0.36321E-02   0.35196E-02
 6992.97   0.38200E-02   0.36151E-02   0.35032E-02
 7006.57   0.38047E-02   0.35982E-02   0.34869E-02
 7020.18   0.37896E-02   0.35814E-02   0.34707E-02
 7033.78   0.37741E-02   0.35642E-02   0.34541E-02
 7047.39   0.37604E-02   0.35488E-02   0.34392E-02
 7060.99   0.37481E-02   0.35348E-02   0.34257E-02
 7074.60   0.37337E-02   0.35187E-02   0.34103E-02
 7088.20   0.37197E-02   0.35030E-02   0.33952E-02
 7101.81   0.37058E-02   0.34875E-02   0.33802E-02
 7115.41   0.36919E-02   0.34719E-02   0.33652E-02
 7129.02   0.36778E-02   0.34563E-02   0.33501E-02
 7142.62   0.36637E-02   0.34406E-02   0.33350E-02
 7156.23   0.36493E-02   0.34247E-02   0.33197E-02
 7169.83   0.36349E-02   0.34087E-02   0.33043E-02
 7183.44   0.36201E-02   0.33925E-02   0.32887E-02
 7197.04   0.36041E-02   0.33751E-02   0.32719E-02
 7210.65   0.35907E-02   0.33601E-02   0.32575E-02
 7224.25   0.35825E-02   0.33501E-02   0.32479E-02
 7237.86   0.35682E-02   0.33344E-02   0.32327E-02
 7251.46   0.35547E-02   0.33194E-02   0.32183E-02
 7265.07   0.35416E-02   0.33048E-02   0.32043E-02
 7278.67   0.35286E-02   0.32904E-02   0.31904E-02
 7292.28   0.35157E-02   0.32760E-02   0.31765E-02
 7305.88   0.35026E-02   0.32615E-02   0.31626E-02
 7319.49   0.34894E-02   0.32469E-02   0.31486E-02
 7333.09   0.34760E-02   0.32321E-02   0.31344E-02
 7346.70   0.34621E-02   0.32168E-02   0.31197E-02
 7360.30   0.34465E-02   0.32001E-02   0.31036E-02
 7373.91   0.34332E-02   0.31854E-02   0.30895E-02
 7387.51   0.34280E-02   0.31784E-02   0.30828E-02
 7401.12   0.34135E-02   0.31627E-02   0.30677E-02
 7414.72   0.34003E-02   0.31482E-02   0.30537E-02
 7428.33   0.33876E-02   0.31342E-02   0.30403E-02
 7441.93   0.33753E-02   0.31205E-02   0.30272E-02
 7455.54   0.33631E-02   0.31070E-02   0.30143E-02
 7469.14   0.33511E-02   0.30937E-02   0.30014E-02
 7482.75   0.33390E-02   0.30803E-02   0.29886E-02
 7496.35   0.33267E-02   0.30668E-02   0.29757E-02
 7509.96   0.33141E-02   0.30529E-02   0.29624E-02
 7523.56   0.33003E-02   0.30381E-02   0.29481E-02
 7537.17   0.32874E-02   0.30241E-02   0.29347E-02
 7550.77   0.32833E-02   0.30180E-02   0.29290E-02
 7564.38   0.32686E-02   0.30024E-02   0.29140E-02
 7577.98   0.32557E-02   0.29884E-02   0.29005E-02
 7591.59   0.32433E-02   0.29749E-02   0.28875E-02
 7605.19   0.32313E-02   0.29617E-02   0.28749E-02
 7618.80   0.32196E-02   0.29489E-02   0.28626E-02
 7632.40   0.32081E-02   0.29363E-02   0.28505E-02
 7646.01   0.31968E-02   0.29238E-02   0.28386E-02
 7659.61   0.31856E-02   0.29114E-02   0.28268E-02
 7673.22   0.31743E-02   0.28990E-02   0.28149E-02
 7686.82   0.31625E-02   0.28862E-02   0.28026E-02
 7700.43   0.31482E-02   0.28711E-02   0.27881E-02
 7714.03   0.31468E-02   0.28677E-02   0.27850E-02
 7727.64   0.31318E-02   0.28520E-02   0.27699E-02
 7741.24   0.31196E-02   0.28389E-02   0.27573E-02
 7754.85   0.31078E-02   0.28261E-02   0.27451E-02
 7768.45   0.30962E-02   0.28135E-02   0.27330E-02
 7782.06   0.30848E-02   0.28011E-02   0.27212E-02
 7795.66   0.30736E-02   0.27889E-02   0.27096E-02
 7809.27   0.30627E-02   0.27770E-02   0.26982E-02
 7822.87   0.30520E-02   0.27654E-02   0.26870E-02
 7836.48   0.30415E-02   0.27538E-02   0.26760E-02
 7850.08   0.30311E-02   0.27424E-02   0.26651E-02
 7863.69   0.30204E-02   0.27308E-02   0.26540E-02
 7877.29   0.30094E-02   0.27189E-02   0.26426E-02
 7890.90   0.30016E-02   0.27098E-02   0.26340E-02
 7904.50   0.29906E-02   0.26980E-02   0.26227E-02
 7918.11   0.29797E-02   0.26863E-02   0.26115E-02
 7931.71   0.29689E-02   0.26746E-02   0.26003E-02
 7945.32   0.29581E-02   0.26629E-02   0.25892E-02
 7958.92   0.29473E-02   0.26513E-02   0.25781E-02
 7972.53   0.29366E-02   0.26398E-02   0.25671E-02
 7986.13   0.29261E-02   0.26285E-02   0.25563E-02
 7999.74   0.29158E-02   0.26174E-02   0.25457E-02
 8013.34   0.29058E-02   0.26065E-02   0.25353E-02
 8026.95   0.28960E-02   0.25958E-02   0.25251E-02
 8040.55   0.28862E-02   0.25852E-02   0.25150E-02
 8054.16   0.28765E-02   0.25746E-02   0.25050E-02
 8067.76   0.28673E-02   0.25647E-02   0.24955E-02
 8081.37   0.28577E-02   0.25542E-02   0.24855E-02
 8094.97   0.28479E-02   0.25437E-02   0.24754E-02
 8108.58   0.28380E-02   0.25330E-02   0.24653E-02
 8122.18   0.28280E-02   0.25223E-02   0.24550E-02
 8135.79   0.28179E-02   0.25115E-02   0.24447E-02
 8149.39   0.28077E-02   0.25006E-02   0.24344E-02
 8163.00   0.27976E-02   0.24899E-02   0.24241E-02
 8176.60   0.27876E-02   0.24792E-02   0.24140E-02
 8190.21   0.27778E-02   0.24687E-02   0.24040E-02
 8203.81   0.27681E-02   0.24583E-02   0.23941E-02
 8217.42   0.27579E-02   0.24475E-02   0.23837E-02
 8231.02   0.27515E-02   0.24402E-02   0.23768E-02
 8244.63   0.27416E-02   0.24296E-02   0.23668E-02
 8258.23   0.27325E-02   0.24199E-02   0.23575E-02
 8271.84   0.27235E-02   0.24102E-02   0.23483E-02
 8285.44   0.27144E-02   0.24004E-02   0.23390E-02
 8299.05   0.27052E-02   0.23906E-02   0.23297E-02
 8312.65   0.26958E-02   0.23807E-02   0.23202E-02
 8326.26   0.26863E-02   0.23706E-02   0.23106E-02
 8339.86   0.26767E-02   0.23605E-02   0.23010E-02
 8353.47   0.26670E-02   0.23503E-02   0.22913E-02
 8367.07   0.26573E-02   0.23401E-02   0.22816E-02
 8380.68   0.26473E-02   0.23296E-02   0.22716E-02
 8394.28   0.26349E-02   0.23171E-02   0.22596E-02
 8407.89   0.26349E-02   0.23156E-02   0.22583E-02
 8421.49   0.26236E-02   0.23040E-02   0.22473E-02
 8435.10   0.26145E-02   0.22944E-02   0.22381E-02
 8448.70   0.26058E-02   0.22852E-02   0.22294E-02
 8462.31   0.25973E-02   0.22761E-02   0.22208E-02
 8475.91   0.25888E-02   0.22671E-02   0.22122E-02
 8489.52   0.25802E-02   0.22580E-02   0.22036E-02
 8503.12   0.25715E-02   0.22488E-02   0.21949E-02
 8516.73   0.25626E-02   0.22395E-02   0.21860E-02
 8530.33   0.25534E-02   0.22299E-02   0.21769E-02
 8543.94   0.25440E-02   0.22202E-02   0.21676E-02
 8557.54   0.25340E-02   0.22099E-02   0.21578E-02
 8571.15   0.25197E-02   0.21959E-02   0.21444E-02
 8584.75   0.25270E-02   0.22008E-02   0.21494E-02
 8598.36   0.25130E-02   0.21871E-02   0.21363E-02
 8611.96   0.25035E-02   0.21773E-02   0.21270E-02
 8625.57   0.24948E-02   0.21683E-02   0.21185E-02
 8639.17   0.24865E-02   0.21596E-02   0.21102E-02
 8652.78   0.24784E-02   0.21511E-02   0.21022E-02
 8666.38   0.24704E-02   0.21427E-02   0.20942E-02
 8679.99   0.24624E-02   0.21343E-02   0.20862E-02
 8693.59   0.24543E-02   0.21258E-02   0.20782E-02
 8707.20   0.24459E-02   0.21172E-02   0.20700E-02
 8720.80   0.24373E-02   0.21083E-02   0.20615E-02
 8734.41   0.24279E-02   0.20988E-02   0.20524E-02
 8748.01   0.24156E-02   0.20867E-02   0.20409E-02
 8761.62   0.24078E-02   0.20786E-02   0.20332E-02
 8775.22   0.24089E-02   0.20782E-02   0.20331E-02
 8788.83   0.23990E-02   0.20682E-02   0.20236E-02
 8802.43   0.23902E-02   0.20593E-02   0.20151E-02
 8816.04   0.23819E-02   0.20508E-02   0.20070E-02
 8829.64   0.23739E-02   0.20425E-02   0.19992E-02
 8843.25   0.23662E-02   0.20345E-02   0.19916E-02
 8856.85   0.23586E-02   0.20266E-02   0.19842E-02
 8870.46   0.23511E-02   0.20188E-02   0.19768E-02
 8884.06   0.23435E-02   0.20110E-02   0.19694E-02
 8897.67   0.23358E-02   0.20031E-02   0.19618E-02
 8911.27   0.23276E-02   0.19948E-02   0.19540E-02
 8924.88   0.23181E-02   0.19854E-02   0.19450E-02
 8938.48   0.23100E-02   0.19771E-02   0.19372E-02
 8952.09   0.23101E-02   0.19759E-02   0.19363E-02
 8965.69   0.23001E-02   0.19660E-02   0.19269E-02
 8979.30   0.22914E-02   0.19574E-02   0.19186E-02
 8992.90   0.22832E-02   0.19491E-02   0.19107E-02
 9006.51   0.22752E-02   0.19410E-02   0.19031E-02
 9020.11   0.22675E-02   0.19332E-02   0.18957E-02
 9033.72   0.22600E-02   0.19256E-02   0.18885E-02
 9047.32   0.22527E-02   0.19181E-02   0.18814E-02
 9060.93   0.22456E-02   0.19108E-02   0.18745E-02
 9074.53   0.22385E-02   0.19036E-02   0.18677E-02
 9088.14   0.22314E-02   0.18963E-02   0.18609E-02
 9101.74   0.22239E-02   0.18888E-02   0.18537E-02
 9115.35   0.22143E-02   0.18795E-02   0.18448E-02
 9128.95   0.22156E-02   0.18793E-02   0.18450E-02
 9142.56   0.22052E-02   0.18694E-02   0.18355E-02
 9156.16   0.21972E-02   0.18615E-02   0.18279E-02
 9169.77   0.21895E-02   0.18538E-02   0.18206E-02
 9183.37   0.21818E-02   0.18461E-02   0.18134E-02
 9196.98   0.21742E-02   0.18385E-02   0.18062E-02
 9210.58   0.21667E-02   0.18311E-02   0.17991E-02
 9224.19   0.21594E-02   0.18238E-02   0.17922E-02
 9237.79   0.21523E-02   0.18167E-02   0.17855E-02
 9251.40   0.21454E-02   0.18097E-02   0.17789E-02
 9265.00   0.21387E-02   0.18029E-02   0.17725E-02
 9278.61   0.21321E-02   0.17963E-02   0.17662E-02
 9292.21   0.21254E-02   0.17895E-02   0.17599E-02
 9305.82   0.21185E-02   0.17827E-02   0.17534E-02
 9319.42   0.21135E-02   0.17774E-02   0.17484E-02
 9333.03   0.21065E-02   0.17704E-02   0.17419E-02
 9346.63   0.20996E-02   0.17636E-02   0.17354E-02
 9360.24   0.20927E-02   0.17567E-02   0.17289E-02
 9373.84   0.20856E-02   0.17497E-02   0.17223E-02
 9387.45   0.20785E-02   0.17427E-02   0.17157E-02
 9401.05   0.20713E-02   0.17357E-02   0.17090E-02
 9414.66   0.20642E-02   0.17287E-02   0.17024E-02
 9428.26   0.20572E-02   0.17219E-02   0.16959E-02
 9441.87   0.20504E-02   0.17151E-02   0.16896E-02
 9455.47   0.20437E-02   0.17086E-02   0.16834E-02
 9469.08   0.20372E-02   0.17021E-02   0.16773E-02
 9482.68   0.20308E-02   0.16958E-02   0.16713E-02
 9496.29   0.20250E-02   0.16899E-02   0.16658E-02
 9509.89   0.20191E-02   0.16841E-02   0.16603E-02
 9523.50   0.20129E-02   0.16779E-02   0.16545E-02
 9537.10   0.20067E-02   0.16718E-02   0.16487E-02
 9550.71   0.20004E-02   0.16656E-02   0.16429E-02
 9564.31   0.19940E-02   0.16593E-02   0.16370E-02
 9577.92   0.19874E-02   0.16529E-02   0.16309E-02
 9591.52   0.19807E-02   0.16464E-02   0.16247E-02
 9605.13   0.19739E-02   0.16399E-02   0.16185E-02
 9618.73   0.19671E-02   0.16333E-02   0.16123E-02
 9632.34   0.19603E-02   0.16267E-02   0.16061E-02
 9645.94   0.19535E-02   0.16202E-02   0.16000E-02
 9659.55   0.19468E-02   0.16137E-02   0.15938E-02
 9673.15   0.19394E-02   0.16067E-02   0.15872E-02
 9686.76   0.19348E-02   0.16020E-02   0.15828E-02
 9700.36   0.19306E-02   0.15977E-02   0.15788E-02
 9713.97   0.19242E-02   0.15916E-02   0.15730E-02
 9727.57   0.19183E-02   0.15858E-02   0.15675E-02
 9741.18   0.19124E-02   0.15801E-02   0.15622E-02
 9754.78   0.19065E-02   0.15743E-02   0.15568E-02
 9768.39   0.19005E-02   0.15686E-02   0.15513E-02
 9781.99   0.18943E-02   0.15626E-02   0.15457E-02
 9795.60   0.18880E-02   0.15566E-02   0.15400E-02
 9809.20   0.18816E-02   0.15505E-02   0.15342E-02
 9822.81   0.18750E-02   0.15442E-02   0.15283E-02
 9836.41   0.18682E-02   0.15378E-02   0.15222E-02
 9850.02   0.18611E-02   0.15312E-02   0.15160E-02
 9863.62   0.18524E-02   0.15233E-02   0.15084E-02
 9877.23   0.18483E-02   0.15191E-02   0.15045E-02
 9890.83   0.18476E-02   0.15178E-02   0.15035E-02
 9904.44   0.18405E-02   0.15111E-02   0.14971E-02
 9918.04   0.18343E-02   0.15053E-02   0.14916E-02
 9931.65   0.18285E-02   0.14998E-02   0.14865E-02
 9945.25   0.18229E-02   0.14945E-02   0.14814E-02
 9958.86   0.18173E-02   0.14891E-02   0.14764E-02
 9972.46   0.18117E-02   0.14838E-02   0.14714E-02
 9986.07   0.18060E-02   0.14784E-02   0.14662E-02
 9999.67   0.18001E-02   0.14728E-02   0.14610E-02
