 4557.67   0.23705E-01   0.23380E-01   0.23415E-01
 4571.28   0.23601E-01   0.23278E-01   0.23314E-01
 4584.88   0.23495E-01   0.23174E-01   0.23211E-01
 4598.49   0.23390E-01   0.23071E-01   0.23109E-01
 4612.09   0.23285E-01   0.22968E-01   0.23007E-01
 4625.70   0.23181E-01   0.22865E-01   0.22906E-01
 4639.30   0.23076E-01   0.22762E-01   0.22804E-01
 4652.91   0.22972E-01   0.22659E-01   0.22702E-01
 4666.51   0.22867E-01   0.22556E-01   0.22600E-01
 4680.12   0.22762E-01   0.22453E-01   0.22498E-01
 4693.72   0.22658E-01   0.22350E-01   0.22396E-01
 4707.33   0.22567E-01   0.22261E-01   0.22308E-01
 4720.93   0.22466E-01   0.22162E-01   0.22210E-01
 4734.54   0.22367E-01   0.22064E-01   0.22114E-01
 4748.14   0.22269E-01   0.21967E-01   0.22018E-01
 4761.75   0.22171E-01   0.21871E-01   0.21922E-01
 4775.35   0.22072E-01   0.21774E-01   0.21826E-01
 4788.96   0.21974E-01   0.21677E-01   0.21730E-01
 4802.56   0.21875E-01   0.21579E-01   0.21633E-01
 4816.17   0.21771E-01   0.21477E-01   0.21532E-01
 4829.77   0.21700E-01   0.21408E-01   0.21464E-01
 4843.38   0.21593E-01   0.21302E-01   0.21359E-01
 4856.98   0.21496E-01   0.21207E-01   0.21265E-01
 4870.59   0.21402E-01   0.21114E-01   0.21173E-01
 4884.19   0.21309E-01   0.21022E-01   0.21082E-01
 4897.80   0.21217E-01   0.20931E-01   0.20992E-01
 4911.40   0.21125E-01   0.20841E-01   0.20902E-01
 4925.01   0.21032E-01   0.20749E-01   0.20812E-01
 4938.61   0.20939E-01   0.20657E-01   0.20721E-01
 4952.22   0.20838E-01   0.20558E-01   0.20623E-01
 4965.82   0.20775E-01   0.20496E-01   0.20561E-01
 4979.43   0.20674E-01   0.20396E-01   0.20462E-01
 4993.03   0.20581E-01   0.20305E-01   0.20372E-01
 5006.64   0.20491E-01   0.20216E-01   0.20284E-01
 5020.24   0.20403E-01   0.20129E-01   0.20198E-01
 5033.85   0.20315E-01   0.20043E-01   0.20112E-01
 5047.45   0.20229E-01   0.19957E-01   0.20028E-01
 5061.06   0.20142E-01   0.19872E-01   0.19943E-01
 5074.66   0.20055E-01   0.19786E-01   0.19858E-01
 5088.27   0.19963E-01   0.19696E-01   0.19768E-01
 5101.87   0.19900E-01   0.19633E-01   0.19707E-01
 5115.48   0.19804E-01   0.19539E-01   0.19613E-01
 5129.08   0.19717E-01   0.19453E-01   0.19528E-01
 5142.69   0.19631E-01   0.19368E-01   0.19444E-01
 5156.29   0.19546E-01   0.19284E-01   0.19361E-01
 5169.90   0.19463E-01   0.19202E-01   0.19279E-01
 5183.50   0.19380E-01   0.19121E-01   0.19199E-01
 5197.11   0.19299E-01   0.19040E-01   0.19119E-01
 5210.71   0.19218E-01   0.18960E-01   0.19040E-01
 5224.32   0.19135E-01   0.18879E-01   0.18959E-01
 5237.92   0.19049E-01   0.18794E-01   0.18875E-01
 5251.53   0.18980E-01   0.18726E-01   0.18807E-01
 5265.13   0.18898E-01   0.18645E-01   0.18727E-01
 5278.74   0.18817E-01   0.18565E-01   0.18648E-01
 5292.34   0.18737E-01   0.18485E-01   0.18569E-01
 5305.95   0.18657E-01   0.18407E-01   0.18491E-01
 5319.55   0.18578E-01   0.18329E-01   0.18414E-01
 5333.16   0.18500E-01   0.18252E-01   0.18337E-01
 5346.76   0.18423E-01   0.18176E-01   0.18262E-01
 5360.37   0.18347E-01   0.18101E-01   0.18188E-01
 5373.97   0.18271E-01   0.18026E-01   0.18113E-01
 5387.58   0.18198E-01   0.17953E-01   0.18041E-01
 5401.18   0.18122E-01   0.17878E-01   0.17967E-01
 5414.79   0.18047E-01   0.17804E-01   0.17894E-01
 5428.39   0.17971E-01   0.17729E-01   0.17819E-01
 5442.00   0.17895E-01   0.17654E-01   0.17745E-01
 5455.60   0.17820E-01   0.17580E-01   0.17671E-01
 5469.21   0.17745E-01   0.17506E-01   0.17598E-01
 5482.81   0.17671E-01   0.17433E-01   0.17525E-01
 5496.42   0.17598E-01   0.17361E-01   0.17454E-01
 5510.02   0.17525E-01   0.17289E-01   0.17383E-01
 5523.63   0.17457E-01   0.17221E-01   0.17315E-01
 5537.23   0.17385E-01   0.17150E-01   0.17245E-01
 5550.84   0.17315E-01   0.17081E-01   0.17176E-01
 5564.44   0.17244E-01   0.17011E-01   0.17107E-01
 5578.05   0.17173E-01   0.16941E-01   0.17038E-01
 5591.65   0.17102E-01   0.16871E-01   0.16968E-01
 5605.26   0.17031E-01   0.16800E-01   0.16898E-01
 5618.86   0.16960E-01   0.16730E-01   0.16828E-01
 5632.47   0.16889E-01   0.16660E-01   0.16759E-01
 5646.07   0.16818E-01   0.16590E-01   0.16689E-01
 5659.68   0.16751E-01   0.16523E-01   0.16623E-01
 5673.28   0.16689E-01   0.16462E-01   0.16562E-01
 5686.89   0.16620E-01   0.16394E-01   0.16495E-01
 5700.49   0.16553E-01   0.16328E-01   0.16429E-01
 5714.10   0.16487E-01   0.16262E-01   0.16364E-01
 5727.70   0.16421E-01   0.16197E-01   0.16299E-01
 5741.31   0.16354E-01   0.16131E-01   0.16234E-01
 5754.91   0.16287E-01   0.16065E-01   0.16168E-01
 5768.52   0.16220E-01   0.15998E-01   0.16102E-01
 5782.12   0.16152E-01   0.15931E-01   0.16035E-01
 5795.73   0.16082E-01   0.15862E-01   0.15967E-01
 5809.33   0.16015E-01   0.15796E-01   0.15901E-01
 5822.94   0.15966E-01   0.15747E-01   0.15852E-01
 5836.54   0.15899E-01   0.15680E-01   0.15787E-01
 5850.15   0.15835E-01   0.15617E-01   0.15724E-01
 5863.75   0.15772E-01   0.15555E-01   0.15662E-01
 5877.36   0.15710E-01   0.15493E-01   0.15601E-01
 5890.96   0.15647E-01   0.15432E-01   0.15540E-01
 5904.57   0.15585E-01   0.15370E-01   0.15479E-01
 5918.17   0.15522E-01   0.15307E-01   0.15416E-01
 5931.78   0.15457E-01   0.15244E-01   0.15353E-01
 5945.38   0.15389E-01   0.15176E-01   0.15285E-01
 5958.99   0.15321E-01   0.15109E-01   0.15219E-01
 5972.59   0.15284E-01   0.15072E-01   0.15182E-01
 5986.20   0.15219E-01   0.15007E-01   0.15119E-01
 5999.80   0.15157E-01   0.14946E-01   0.15058E-01
 6013.41   0.15097E-01   0.14887E-01   0.14999E-01
 6027.01   0.15038E-01   0.14828E-01   0.14941E-01
 6040.62   0.14979E-01   0.14770E-01   0.14883E-01
 6054.22   0.14921E-01   0.14713E-01   0.14826E-01
 6067.83   0.14862E-01   0.14655E-01   0.14768E-01
 6081.43   0.14802E-01   0.14595E-01   0.14709E-01
 6095.04   0.14738E-01   0.14532E-01   0.14646E-01
 6108.64   0.14673E-01   0.14467E-01   0.14582E-01
 6122.25   0.14639E-01   0.14433E-01   0.14548E-01
 6135.85   0.14577E-01   0.14372E-01   0.14487E-01
 6149.46   0.14517E-01   0.14313E-01   0.14429E-01
 6163.06   0.14459E-01   0.14256E-01   0.14372E-01
 6176.67   0.14403E-01   0.14200E-01   0.14316E-01
 6190.27   0.14347E-01   0.14144E-01   0.14261E-01
 6203.88   0.14292E-01   0.14090E-01   0.14207E-01
 6217.48   0.14237E-01   0.14036E-01   0.14153E-01
 6231.09   0.14182E-01   0.13981E-01   0.14099E-01
 6244.69   0.14125E-01   0.13925E-01   0.14043E-01
 6258.30   0.14066E-01   0.13867E-01   0.13985E-01
 6271.90   0.14027E-01   0.13827E-01   0.13946E-01
 6285.51   0.13969E-01   0.13770E-01   0.13889E-01
 6299.11   0.13913E-01   0.13715E-01   0.13834E-01
 6312.72   0.13858E-01   0.13660E-01   0.13780E-01
 6326.32   0.13803E-01   0.13606E-01   0.13726E-01
 6339.93   0.13749E-01   0.13552E-01   0.13673E-01
 6353.53   0.13696E-01   0.13500E-01   0.13621E-01
 6367.14   0.13644E-01   0.13449E-01   0.13570E-01
 6380.74   0.13593E-01   0.13398E-01   0.13519E-01
 6394.35   0.13542E-01   0.13347E-01   0.13468E-01
 6407.95   0.13490E-01   0.13295E-01   0.13417E-01
 6421.56   0.13444E-01   0.13251E-01   0.13373E-01
 6435.16   0.13392E-01   0.13198E-01   0.13321E-01
 6448.77   0.13340E-01   0.13147E-01   0.13270E-01
 6462.37   0.13288E-01   0.13096E-01   0.13219E-01
 6475.98   0.13236E-01   0.13044E-01   0.13168E-01
 6489.58   0.13185E-01   0.12993E-01   0.13117E-01
 6503.19   0.13134E-01   0.12943E-01   0.13067E-01
 6516.79   0.13083E-01   0.12893E-01   0.13017E-01
 6530.40   0.13034E-01   0.12844E-01   0.12968E-01
 6544.00   0.12985E-01   0.12795E-01   0.12920E-01
 6557.61   0.12937E-01   0.12748E-01   0.12873E-01
 6571.21   0.12889E-01   0.12700E-01   0.12826E-01
 6584.82   0.12843E-01   0.12654E-01   0.12780E-01
 6598.42   0.12795E-01   0.12607E-01   0.12733E-01
 6612.03   0.12747E-01   0.12560E-01   0.12686E-01
 6625.63   0.12699E-01   0.12512E-01   0.12639E-01
 6639.24   0.12651E-01   0.12464E-01   0.12591E-01
 6652.84   0.12602E-01   0.12416E-01   0.12543E-01
 6666.45   0.12553E-01   0.12368E-01   0.12495E-01
 6680.05   0.12505E-01   0.12320E-01   0.12447E-01
 6693.66   0.12457E-01   0.12273E-01   0.12400E-01
 6707.26   0.12410E-01   0.12226E-01   0.12353E-01
 6720.87   0.12365E-01   0.12182E-01   0.12310E-01
 6734.47   0.12323E-01   0.12140E-01   0.12268E-01
 6748.08   0.12277E-01   0.12094E-01   0.12223E-01
 6761.68   0.12232E-01   0.12050E-01   0.12178E-01
 6775.29   0.12188E-01   0.12006E-01   0.12134E-01
 6788.89   0.12143E-01   0.11961E-01   0.12090E-01
 6802.50   0.12098E-01   0.11916E-01   0.12046E-01
 6816.10   0.12052E-01   0.11871E-01   0.12001E-01
 6829.71   0.12006E-01   0.11825E-01   0.11955E-01
 6843.31   0.11959E-01   0.11780E-01   0.11910E-01
 6856.92   0.11913E-01   0.11733E-01   0.11864E-01
 6870.52   0.11865E-01   0.11686E-01   0.11816E-01
 6884.13   0.11822E-01   0.11643E-01   0.11774E-01
 6897.73   0.11790E-01   0.11611E-01   0.11742E-01
 6911.34   0.11744E-01   0.11566E-01   0.11697E-01
 6924.94   0.11701E-01   0.11524E-01   0.11655E-01
 6938.55   0.11659E-01   0.11482E-01   0.11613E-01
 6952.15   0.11617E-01   0.11440E-01   0.11572E-01
 6965.76   0.11575E-01   0.11399E-01   0.11530E-01
 6979.36   0.11532E-01   0.11356E-01   0.11488E-01
 6992.97   0.11489E-01   0.11314E-01   0.11446E-01
 7006.57   0.11445E-01   0.11270E-01   0.11403E-01
 7020.18   0.11400E-01   0.11226E-01   0.11358E-01
 7033.78   0.11350E-01   0.11176E-01   0.11308E-01
 7047.39   0.11307E-01   0.11133E-01   0.11266E-01
 7060.99   0.11287E-01   0.11114E-01   0.11247E-01
 7074.60   0.11242E-01   0.11069E-01   0.11202E-01
 7088.20   0.11200E-01   0.11027E-01   0.11161E-01
 7101.81   0.11159E-01   0.10987E-01   0.11121E-01
 7115.41   0.11119E-01   0.10948E-01   0.11081E-01
 7129.02   0.11080E-01   0.10909E-01   0.11042E-01
 7142.62   0.11040E-01   0.10869E-01   0.11003E-01
 7156.23   0.11000E-01   0.10830E-01   0.10964E-01
 7169.83   0.10959E-01   0.10789E-01   0.10924E-01
 7183.44   0.10917E-01   0.10747E-01   0.10882E-01
 7197.04   0.10868E-01   0.10699E-01   0.10833E-01
 7210.65   0.10825E-01   0.10656E-01   0.10791E-01
 7224.25   0.10812E-01   0.10644E-01   0.10779E-01
 7237.86   0.10768E-01   0.10600E-01   0.10735E-01
 7251.46   0.10727E-01   0.10559E-01   0.10694E-01
 7265.07   0.10687E-01   0.10520E-01   0.10655E-01
 7278.67   0.10649E-01   0.10482E-01   0.10617E-01
 7292.28   0.10611E-01   0.10445E-01   0.10580E-01
 7305.88   0.10574E-01   0.10408E-01   0.10544E-01
 7319.49   0.10537E-01   0.10371E-01   0.10507E-01
 7333.09   0.10499E-01   0.10334E-01   0.10470E-01
 7346.70   0.10461E-01   0.10296E-01   0.10432E-01
 7360.30   0.10418E-01   0.10253E-01   0.10390E-01
 7373.91   0.10376E-01   0.10213E-01   0.10349E-01
 7387.51   0.10361E-01   0.10198E-01   0.10334E-01
 7401.12   0.10319E-01   0.10156E-01   0.10293E-01
 7414.72   0.10280E-01   0.10117E-01   0.10254E-01
 7428.33   0.10241E-01   0.10079E-01   0.10216E-01
 7441.93   0.10204E-01   0.10042E-01   0.10179E-01
 7455.54   0.10167E-01   0.10006E-01   0.10143E-01
 7469.14   0.10131E-01   0.99705E-02   0.10108E-01
 7482.75   0.10096E-01   0.99357E-02   0.10073E-01
 7496.35   0.10061E-01   0.99013E-02   0.10039E-01
 7509.96   0.10027E-01   0.98668E-02   0.10004E-01
 7523.56   0.99903E-02   0.98310E-02   0.99687E-02
 7537.17   0.99534E-02   0.97945E-02   0.99322E-02
 7550.77   0.99310E-02   0.97724E-02   0.99104E-02
 7564.38   0.98926E-02   0.97345E-02   0.98725E-02
 7577.98   0.98560E-02   0.96983E-02   0.98365E-02
 7591.59   0.98197E-02   0.96625E-02   0.98007E-02
 7605.19   0.97837E-02   0.96269E-02   0.97652E-02
 7618.80   0.97481E-02   0.95917E-02   0.97301E-02
 7632.40   0.97131E-02   0.95572E-02   0.96956E-02
 7646.01   0.96789E-02   0.95234E-02   0.96619E-02
 7659.61   0.96454E-02   0.94903E-02   0.96289E-02
 7673.22   0.96125E-02   0.94578E-02   0.95966E-02
 7686.82   0.95799E-02   0.94257E-02   0.95645E-02
 7700.43   0.95465E-02   0.93928E-02   0.95317E-02
 7714.03   0.95190E-02   0.93655E-02   0.95046E-02
 7727.64   0.94852E-02   0.93322E-02   0.94713E-02
 7741.24   0.94523E-02   0.92997E-02   0.94389E-02
 7754.85   0.94191E-02   0.92669E-02   0.94062E-02
 7768.45   0.93855E-02   0.92338E-02   0.93732E-02
 7782.06   0.93518E-02   0.92005E-02   0.93399E-02
 7795.66   0.93180E-02   0.91672E-02   0.93067E-02
 7809.27   0.92845E-02   0.91341E-02   0.92737E-02
 7822.87   0.92515E-02   0.91015E-02   0.92411E-02
 7836.48   0.92190E-02   0.90696E-02   0.92092E-02
 7850.08   0.91873E-02   0.90383E-02   0.91780E-02
 7863.69   0.91559E-02   0.90074E-02   0.91472E-02
 7877.29   0.91264E-02   0.89784E-02   0.91182E-02
 7890.90   0.90971E-02   0.89493E-02   0.90892E-02
 7904.50   0.90667E-02   0.89194E-02   0.90594E-02
 7918.11   0.90364E-02   0.88896E-02   0.90297E-02
 7931.71   0.90059E-02   0.88595E-02   0.89996E-02
 7945.32   0.89749E-02   0.88289E-02   0.89692E-02
 7958.92   0.89435E-02   0.87979E-02   0.89382E-02
 7972.53   0.89117E-02   0.87666E-02   0.89069E-02
 7986.13   0.88797E-02   0.87351E-02   0.88755E-02
 7999.74   0.88478E-02   0.87037E-02   0.88440E-02
 8013.34   0.88160E-02   0.86723E-02   0.88127E-02
 8026.95   0.87842E-02   0.86411E-02   0.87815E-02
 8040.55   0.87504E-02   0.86079E-02   0.87483E-02
 8054.16   0.87244E-02   0.85824E-02   0.87229E-02
 8067.76   0.87017E-02   0.85598E-02   0.87005E-02
 8081.37   0.86719E-02   0.85305E-02   0.86712E-02
 8094.97   0.86431E-02   0.85022E-02   0.86430E-02
 8108.58   0.86146E-02   0.84742E-02   0.86150E-02
 8122.18   0.85859E-02   0.84460E-02   0.85868E-02
 8135.79   0.85569E-02   0.84174E-02   0.85583E-02
 8149.39   0.85273E-02   0.83883E-02   0.85292E-02
 8163.00   0.84972E-02   0.83587E-02   0.84996E-02
 8176.60   0.84667E-02   0.83286E-02   0.84695E-02
 8190.21   0.84355E-02   0.82980E-02   0.84389E-02
 8203.81   0.84031E-02   0.82660E-02   0.84069E-02
 8217.42   0.83606E-02   0.82243E-02   0.83650E-02
 8231.02   0.83708E-02   0.82343E-02   0.83757E-02
 8244.63   0.83296E-02   0.81938E-02   0.83350E-02
 8258.23   0.82994E-02   0.81642E-02   0.83053E-02
 8271.84   0.82713E-02   0.81366E-02   0.82778E-02
 8285.44   0.82440E-02   0.81098E-02   0.82510E-02
 8299.05   0.82171E-02   0.80834E-02   0.82246E-02
 8312.65   0.81902E-02   0.80569E-02   0.81982E-02
 8326.26   0.81629E-02   0.80301E-02   0.81714E-02
 8339.86   0.81351E-02   0.80028E-02   0.81441E-02
 8353.47   0.81065E-02   0.79747E-02   0.81161E-02
 8367.07   0.80768E-02   0.79455E-02   0.80868E-02
 8380.68   0.80446E-02   0.79139E-02   0.80551E-02
 8394.28   0.79948E-02   0.78648E-02   0.80056E-02
 8407.89   0.80217E-02   0.78916E-02   0.80334E-02
 8421.49   0.79786E-02   0.78492E-02   0.79907E-02
 8435.10   0.79480E-02   0.78192E-02   0.79606E-02
 8448.70   0.79200E-02   0.77917E-02   0.79331E-02
 8462.31   0.78932E-02   0.77655E-02   0.79069E-02
 8475.91   0.78673E-02   0.77401E-02   0.78815E-02
 8489.52   0.78418E-02   0.77151E-02   0.78566E-02
 8503.12   0.78165E-02   0.76903E-02   0.78318E-02
 8516.73   0.77910E-02   0.76653E-02   0.78068E-02
 8530.33   0.77649E-02   0.76397E-02   0.77812E-02
 8543.94   0.77378E-02   0.76131E-02   0.77546E-02
 8557.54   0.77081E-02   0.75840E-02   0.77254E-02
 8571.15   0.76639E-02   0.75404E-02   0.76815E-02
 8584.75   0.76910E-02   0.75676E-02   0.77097E-02
 8598.36   0.76462E-02   0.75235E-02   0.76652E-02
 8611.96   0.76160E-02   0.74939E-02   0.76355E-02
 8625.57   0.75883E-02   0.74667E-02   0.76082E-02
 8639.17   0.75618E-02   0.74408E-02   0.75823E-02
 8652.78   0.75362E-02   0.74157E-02   0.75572E-02
 8666.38   0.75114E-02   0.73915E-02   0.75330E-02
 8679.99   0.74872E-02   0.73678E-02   0.75093E-02
 8693.59   0.74633E-02   0.73445E-02   0.74860E-02
 8707.20   0.74395E-02   0.73212E-02   0.74627E-02
 8720.80   0.74152E-02   0.72975E-02   0.74390E-02
 8734.41   0.73896E-02   0.72724E-02   0.74139E-02
 8748.01   0.73580E-02   0.72414E-02   0.73827E-02
 8761.62   0.73312E-02   0.72152E-02   0.73564E-02
 8775.22   0.73291E-02   0.72134E-02   0.73550E-02
 8788.83   0.73008E-02   0.71857E-02   0.73273E-02
 8802.43   0.72744E-02   0.71598E-02   0.73013E-02
 8816.04   0.72486E-02   0.71347E-02   0.72760E-02
 8829.64   0.72234E-02   0.71100E-02   0.72514E-02
 8843.25   0.71988E-02   0.70860E-02   0.72273E-02
 8856.85   0.71750E-02   0.70627E-02   0.72040E-02
 8870.46   0.71517E-02   0.70401E-02   0.71813E-02
 8884.06   0.71290E-02   0.70180E-02   0.71592E-02
 8897.67   0.71067E-02   0.69962E-02   0.71374E-02
 8911.27   0.70842E-02   0.69743E-02   0.71155E-02
 8924.88   0.70606E-02   0.69513E-02   0.70925E-02
 8938.48   0.70367E-02   0.69279E-02   0.70691E-02
 8952.09   0.70240E-02   0.69157E-02   0.70570E-02
 8965.69   0.69991E-02   0.68914E-02   0.70327E-02
 8979.30   0.69752E-02   0.68681E-02   0.70093E-02
 8992.90   0.69513E-02   0.68448E-02   0.69859E-02
 9006.51   0.69274E-02   0.68214E-02   0.69625E-02
 9020.11   0.69035E-02   0.67981E-02   0.69391E-02
 9033.72   0.68799E-02   0.67751E-02   0.69160E-02
 9047.32   0.68567E-02   0.67526E-02   0.68934E-02
 9060.93   0.68341E-02   0.67306E-02   0.68714E-02
 9074.53   0.68122E-02   0.67092E-02   0.68500E-02
 9088.14   0.67908E-02   0.66884E-02   0.68292E-02
 9101.74   0.67697E-02   0.66681E-02   0.68088E-02
 9115.35   0.67483E-02   0.66474E-02   0.67881E-02
 9128.95   0.67308E-02   0.66300E-02   0.67707E-02
 9142.56   0.67093E-02   0.66092E-02   0.67500E-02
 9156.16   0.66883E-02   0.65889E-02   0.67296E-02
 9169.77   0.66670E-02   0.65682E-02   0.67088E-02
 9183.37   0.66453E-02   0.65470E-02   0.66877E-02
 9196.98   0.66231E-02   0.65255E-02   0.66661E-02
 9210.58   0.66007E-02   0.65037E-02   0.66442E-02
 9224.19   0.65782E-02   0.64818E-02   0.66222E-02
 9237.79   0.65558E-02   0.64600E-02   0.66003E-02
 9251.40   0.65336E-02   0.64385E-02   0.65787E-02
 9265.00   0.65119E-02   0.64174E-02   0.65575E-02
 9278.61   0.64905E-02   0.63967E-02   0.65368E-02
 9292.21   0.64693E-02   0.63762E-02   0.65162E-02
 9305.82   0.64513E-02   0.63588E-02   0.64988E-02
 9319.42   0.64343E-02   0.63421E-02   0.64821E-02
 9333.03   0.64137E-02   0.63223E-02   0.64623E-02
 9346.63   0.63942E-02   0.63034E-02   0.64433E-02
 9360.24   0.63746E-02   0.62844E-02   0.64244E-02
 9373.84   0.63547E-02   0.62652E-02   0.64051E-02
 9387.45   0.63345E-02   0.62456E-02   0.63854E-02
 9401.05   0.63138E-02   0.62255E-02   0.63653E-02
 9414.66   0.62926E-02   0.62050E-02   0.63447E-02
 9428.26   0.62712E-02   0.61842E-02   0.63238E-02
 9441.87   0.62495E-02   0.61632E-02   0.63027E-02
 9455.47   0.62278E-02   0.61421E-02   0.62815E-02
 9469.08   0.62057E-02   0.61207E-02   0.62599E-02
 9482.68   0.61811E-02   0.60969E-02   0.62360E-02
 9496.29   0.61659E-02   0.60823E-02   0.62215E-02
 9509.89   0.61570E-02   0.60737E-02   0.62130E-02
 9523.50   0.61352E-02   0.60527E-02   0.61918E-02
 9537.10   0.61158E-02   0.60340E-02   0.61731E-02
 9550.71   0.60971E-02   0.60160E-02   0.61550E-02
 9564.31   0.60786E-02   0.59981E-02   0.61372E-02
 9577.92   0.60600E-02   0.59802E-02   0.61191E-02
 9591.52   0.60411E-02   0.59619E-02   0.61008E-02
 9605.13   0.60216E-02   0.59431E-02   0.60819E-02
 9618.73   0.60016E-02   0.59238E-02   0.60625E-02
 9632.34   0.59810E-02   0.59038E-02   0.60424E-02
 9645.94   0.59597E-02   0.58831E-02   0.60216E-02
 9659.55   0.59369E-02   0.58610E-02   0.59993E-02
 9673.15   0.59076E-02   0.58325E-02   0.59705E-02
 9686.76   0.58941E-02   0.58197E-02   0.59577E-02
 9700.36   0.58963E-02   0.58222E-02   0.59607E-02
 9713.97   0.58727E-02   0.57994E-02   0.59376E-02
 9727.57   0.58528E-02   0.57802E-02   0.59183E-02
 9741.18   0.58342E-02   0.57623E-02   0.59003E-02
 9754.78   0.58163E-02   0.57451E-02   0.58831E-02
 9768.39   0.57988E-02   0.57283E-02   0.58662E-02
 9781.99   0.57813E-02   0.57115E-02   0.58493E-02
 9795.60   0.57636E-02   0.56945E-02   0.58322E-02
 9809.20   0.57454E-02   0.56770E-02   0.58147E-02
 9822.81   0.57265E-02   0.56588E-02   0.57964E-02
 9836.41   0.57066E-02   0.56396E-02   0.57770E-02
 9850.02   0.56847E-02   0.56183E-02   0.57556E-02
 9863.62   0.56550E-02   0.55893E-02   0.57262E-02
 9877.23   0.56404E-02   0.55754E-02   0.57123E-02
 9890.83   0.56500E-02   0.55856E-02   0.57230E-02
 9904.44   0.56251E-02   0.55614E-02   0.56986E-02
 9918.04   0.56045E-02   0.55416E-02   0.56786E-02
 9931.65   0.55856E-02   0.55234E-02   0.56602E-02
 9945.25   0.55677E-02   0.55062E-02   0.56430E-02
 9958.86   0.55505E-02   0.54897E-02   0.56264E-02
 9972.46   0.55338E-02   0.54737E-02   0.56103E-02
 9986.07   0.55173E-02   0.54579E-02   0.55945E-02
 9999.67   0.55008E-02   0.54421E-02   0.55786E-02
