  775.48   0.41803E-01   0.44221E-01   0.42984E-01
  789.09   0.41212E-01   0.43609E-01   0.42383E-01
  802.69   0.40638E-01   0.43014E-01   0.41800E-01
  816.30   0.40075E-01   0.42430E-01   0.41227E-01
  829.90   0.39525E-01   0.41860E-01   0.40667E-01
  843.51   0.38984E-01   0.41298E-01   0.40115E-01
  857.11   0.38457E-01   0.40750E-01   0.39577E-01
  870.72   0.37939E-01   0.40212E-01   0.39048E-01
  884.32   0.37431E-01   0.39683E-01   0.38529E-01
  897.93   0.36932E-01   0.39162E-01   0.38017E-01
  911.53   0.36445E-01   0.38654E-01   0.37518E-01
  925.14   0.35966E-01   0.38155E-01   0.37027E-01
  938.74   0.35497E-01   0.37664E-01   0.36545E-01
  952.35   0.35036E-01   0.37183E-01   0.36071E-01
  965.95   0.34584E-01   0.36710E-01   0.35606E-01
  979.56   0.34142E-01   0.36247E-01   0.35151E-01
  993.16   0.33709E-01   0.35793E-01   0.34704E-01
 1006.77   0.33285E-01   0.35348E-01   0.34266E-01
 1020.37   0.32867E-01   0.34910E-01   0.33835E-01
 1033.98   0.32459E-01   0.34480E-01   0.33413E-01
 1047.58   0.32059E-01   0.34060E-01   0.32999E-01
 1061.19   0.31667E-01   0.33647E-01   0.32593E-01
 1074.79   0.31282E-01   0.33242E-01   0.32194E-01
 1088.40   0.30903E-01   0.32841E-01   0.31800E-01
 1102.00   0.30531E-01   0.32449E-01   0.31414E-01
 1115.61   0.30166E-01   0.32064E-01   0.31034E-01
 1129.21   0.29809E-01   0.31686E-01   0.30662E-01
 1142.82   0.29455E-01   0.31311E-01   0.30293E-01
 1156.42   0.29111E-01   0.30947E-01   0.29934E-01
 1170.03   0.28771E-01   0.30587E-01   0.29580E-01
 1183.63   0.28438E-01   0.30233E-01   0.29232E-01
 1197.24   0.28111E-01   0.29886E-01   0.28890E-01
 1210.84   0.27788E-01   0.29542E-01   0.28552E-01
 1224.45   0.27473E-01   0.29208E-01   0.28222E-01
 1238.05   0.27164E-01   0.28878E-01   0.27897E-01
 1251.66   0.26859E-01   0.28553E-01   0.27578E-01
 1265.26   0.26560E-01   0.28234E-01   0.27264E-01
 1278.87   0.26265E-01   0.27920E-01   0.26954E-01
 1292.47   0.25978E-01   0.27612E-01   0.26651E-01
 1306.08   0.25694E-01   0.27309E-01   0.26352E-01
 1319.68   0.25415E-01   0.27010E-01   0.26059E-01
 1333.29   0.25141E-01   0.26716E-01   0.25769E-01
 1346.89   0.24871E-01   0.26427E-01   0.25484E-01
 1360.50   0.24606E-01   0.26142E-01   0.25204E-01
 1374.10   0.24346E-01   0.25862E-01   0.24929E-01
 1387.71   0.24090E-01   0.25587E-01   0.24657E-01
 1401.31   0.23837E-01   0.25315E-01   0.24390E-01
 1414.92   0.23589E-01   0.25047E-01   0.24127E-01
 1428.52   0.23345E-01   0.24784E-01   0.23867E-01
 1442.13   0.23104E-01   0.24524E-01   0.23612E-01
 1455.73   0.22868E-01   0.24269E-01   0.23361E-01
 1469.34   0.22636E-01   0.24018E-01   0.23114E-01
 1482.94   0.22408E-01   0.23771E-01   0.22871E-01
 1496.55   0.22183E-01   0.23527E-01   0.22631E-01
 1510.15   0.21961E-01   0.23287E-01   0.22395E-01
 1523.76   0.21744E-01   0.23050E-01   0.22163E-01
 1537.36   0.21530E-01   0.22818E-01   0.21934E-01
 1550.97   0.21319E-01   0.22589E-01   0.21709E-01
 1564.57   0.21112E-01   0.22363E-01   0.21487E-01
 1578.18   0.20907E-01   0.22140E-01   0.21268E-01
 1591.78   0.20706E-01   0.21921E-01   0.21053E-01
 1605.39   0.20508E-01   0.21704E-01   0.20840E-01
 1618.99   0.20313E-01   0.21491E-01   0.20631E-01
 1632.60   0.20121E-01   0.21282E-01   0.20425E-01
 1646.20   0.19931E-01   0.21074E-01   0.20221E-01
 1659.81   0.19745E-01   0.20870E-01   0.20021E-01
 1673.41   0.19562E-01   0.20668E-01   0.19823E-01
 1687.02   0.19381E-01   0.20470E-01   0.19628E-01
 1700.62   0.19203E-01   0.20274E-01   0.19436E-01
 1714.23   0.19027E-01   0.20081E-01   0.19247E-01
 1727.83   0.18854E-01   0.19890E-01   0.19060E-01
 1741.44   0.18683E-01   0.19703E-01   0.18876E-01
 1755.04   0.18516E-01   0.19517E-01   0.18694E-01
 1768.65   0.18350E-01   0.19335E-01   0.18515E-01
 1782.25   0.18187E-01   0.19155E-01   0.18339E-01
 1795.86   0.18027E-01   0.18977E-01   0.18165E-01
 1809.46   0.17868E-01   0.18802E-01   0.17993E-01
 1823.07   0.17712E-01   0.18629E-01   0.17824E-01
 1836.67   0.17558E-01   0.18458E-01   0.17657E-01
 1850.28   0.17407E-01   0.18290E-01   0.17492E-01
 1863.88   0.17257E-01   0.18124E-01   0.17330E-01
 1877.49   0.17110E-01   0.17960E-01   0.17169E-01
 1891.09   0.16965E-01   0.17799E-01   0.17011E-01
 1904.70   0.16821E-01   0.17639E-01   0.16855E-01
 1918.30   0.16680E-01   0.17481E-01   0.16701E-01
 1931.91   0.16541E-01   0.17326E-01   0.16549E-01
 1945.51   0.16403E-01   0.17172E-01   0.16399E-01
 1959.12   0.16268E-01   0.17021E-01   0.16251E-01
 1972.72   0.16134E-01   0.16871E-01   0.16105E-01
 1986.33   0.16002E-01   0.16723E-01   0.15960E-01
 1999.93   0.15871E-01   0.16577E-01   0.15818E-01
 2013.54   0.15743E-01   0.16433E-01   0.15677E-01
 2027.14   0.15616E-01   0.16291E-01   0.15538E-01
 2040.75   0.15491E-01   0.16150E-01   0.15401E-01
 2054.35   0.15367E-01   0.16011E-01   0.15266E-01
 2067.96   0.15246E-01   0.15874E-01   0.15132E-01
 2081.56   0.15126E-01   0.15739E-01   0.15000E-01
 2095.17   0.15007E-01   0.15605E-01   0.14870E-01
 2108.77   0.14890E-01   0.15473E-01   0.14742E-01
 2122.38   0.14775E-01   0.15343E-01   0.14615E-01
 2135.98   0.14660E-01   0.15214E-01   0.14489E-01
 2149.59   0.14548E-01   0.15087E-01   0.14366E-01
 2163.19   0.14437E-01   0.14961E-01   0.14243E-01
 2176.80   0.14327E-01   0.14837E-01   0.14122E-01
 2190.40   0.14219E-01   0.14714E-01   0.14003E-01
 2204.01   0.14112E-01   0.14593E-01   0.13885E-01
 2217.61   0.14007E-01   0.14473E-01   0.13769E-01
 2231.22   0.13902E-01   0.14354E-01   0.13653E-01
 2244.82   0.13799E-01   0.14237E-01   0.13540E-01
 2258.43   0.13698E-01   0.14121E-01   0.13427E-01
 2272.03   0.13597E-01   0.14007E-01   0.13316E-01
 2285.64   0.13498E-01   0.13894E-01   0.13207E-01
 2299.24   0.13400E-01   0.13782E-01   0.13098E-01
 2312.85   0.13303E-01   0.13671E-01   0.12991E-01
 2326.45   0.13206E-01   0.13561E-01   0.12884E-01
 2340.06   0.13113E-01   0.13454E-01   0.12780E-01
 2353.66   0.13019E-01   0.13347E-01   0.12677E-01
 2367.27   0.12927E-01   0.13241E-01   0.12574E-01
 2380.87   0.12836E-01   0.13137E-01   0.12473E-01
 2394.48   0.12746E-01   0.13033E-01   0.12373E-01
 2408.08   0.12657E-01   0.12931E-01   0.12275E-01
 2421.69   0.12568E-01   0.12830E-01   0.12177E-01
 2435.29   0.12482E-01   0.12731E-01   0.12081E-01
 2448.90   0.12396E-01   0.12632E-01   0.11985E-01
 2462.50   0.12311E-01   0.12534E-01   0.11891E-01
 2476.11   0.12227E-01   0.12437E-01   0.11798E-01
 2489.71   0.12144E-01   0.12342E-01   0.11705E-01
 2503.32   0.12062E-01   0.12247E-01   0.11614E-01
 2516.92   0.11981E-01   0.12154E-01   0.11524E-01
 2530.53   0.11901E-01   0.12061E-01   0.11435E-01
 2544.13   0.11822E-01   0.11970E-01   0.11347E-01
 2557.74   0.11744E-01   0.11879E-01   0.11260E-01
 2571.34   0.11666E-01   0.11789E-01   0.11173E-01
 2584.95   0.11589E-01   0.11701E-01   0.11088E-01
 2598.55   0.11514E-01   0.11613E-01   0.11004E-01
 2612.16   0.11439E-01   0.11526E-01   0.10920E-01
 2625.76   0.11365E-01   0.11441E-01   0.10838E-01
 2639.37   0.11292E-01   0.11356E-01   0.10756E-01
 2652.97   0.11219E-01   0.11271E-01   0.10675E-01
 2666.58   0.11147E-01   0.11188E-01   0.10595E-01
 2680.18   0.11076E-01   0.11106E-01   0.10516E-01
 2693.79   0.11006E-01   0.11024E-01   0.10438E-01
 2707.39   0.10936E-01   0.10943E-01   0.10360E-01
 2721.00   0.10868E-01   0.10864E-01   0.10284E-01
 2734.60   0.10800E-01   0.10784E-01   0.10208E-01
 2748.21   0.10733E-01   0.10706E-01   0.10133E-01
 2761.81   0.10667E-01   0.10629E-01   0.10059E-01
 2775.42   0.10601E-01   0.10552E-01   0.99855E-02
 2789.02   0.10535E-01   0.10476E-01   0.99127E-02
 2802.63   0.10471E-01   0.10400E-01   0.98404E-02
 2816.23   0.10407E-01   0.10326E-01   0.97692E-02
 2829.84   0.10344E-01   0.10253E-01   0.96995E-02
 2843.44   0.10282E-01   0.10180E-01   0.96297E-02
 2857.05   0.10220E-01   0.10108E-01   0.95608E-02
 2870.65   0.10159E-01   0.10036E-01   0.94926E-02
 2884.26   0.10098E-01   0.99655E-02   0.94250E-02
 2897.86   0.10038E-01   0.98952E-02   0.93579E-02
 2911.47   0.99780E-02   0.98248E-02   0.92908E-02
 2925.07   0.99213E-02   0.97580E-02   0.92271E-02
 2938.68   0.98624E-02   0.96892E-02   0.91616E-02
 2952.28   0.98046E-02   0.96216E-02   0.90972E-02
 2965.89   0.97476E-02   0.95548E-02   0.90336E-02
 2979.49   0.96913E-02   0.94887E-02   0.89707E-02
 2993.10   0.96354E-02   0.94231E-02   0.89084E-02
 3006.70   0.95798E-02   0.93580E-02   0.88465E-02
 3020.31   0.95243E-02   0.92930E-02   0.87847E-02
 3033.91   0.94716E-02   0.92308E-02   0.87256E-02
 3047.52   0.94172E-02   0.91672E-02   0.86652E-02
 3061.12   0.93637E-02   0.91045E-02   0.86056E-02
 3074.73   0.93109E-02   0.90425E-02   0.85468E-02
 3088.33   0.92587E-02   0.89812E-02   0.84887E-02
 3101.94   0.92071E-02   0.89205E-02   0.84311E-02
 3115.54   0.91558E-02   0.88602E-02   0.83740E-02
 3129.15   0.91044E-02   0.87999E-02   0.83169E-02
 3142.75   0.90554E-02   0.87421E-02   0.82622E-02
 3156.36   0.90052E-02   0.86832E-02   0.82064E-02
 3169.96   0.89556E-02   0.86249E-02   0.81513E-02
 3183.57   0.89065E-02   0.85673E-02   0.80967E-02
 3197.17   0.88580E-02   0.85103E-02   0.80429E-02
 3210.78   0.88101E-02   0.84539E-02   0.79896E-02
 3224.38   0.87626E-02   0.83980E-02   0.79368E-02
 3237.99   0.87153E-02   0.83425E-02   0.78844E-02
 3251.59   0.86692E-02   0.82881E-02   0.78330E-02
 3265.20   0.86228E-02   0.82335E-02   0.77816E-02
 3278.80   0.85767E-02   0.81794E-02   0.77305E-02
 3292.41   0.85310E-02   0.81257E-02   0.76799E-02
 3306.01   0.84857E-02   0.80725E-02   0.76298E-02
 3319.62   0.84410E-02   0.80199E-02   0.75803E-02
 3333.22   0.83967E-02   0.79679E-02   0.75313E-02
 3346.83   0.83530E-02   0.79164E-02   0.74828E-02
 3360.43   0.83096E-02   0.78654E-02   0.74348E-02
 3374.04   0.82665E-02   0.78148E-02   0.73872E-02
 3387.64   0.82237E-02   0.77645E-02   0.73399E-02
 3401.25   0.81812E-02   0.77145E-02   0.72930E-02
 3414.85   0.81389E-02   0.76649E-02   0.72464E-02
 3428.46   0.80970E-02   0.76157E-02   0.72002E-02
 3442.06   0.80554E-02   0.75669E-02   0.71544E-02
 3455.67   0.80141E-02   0.75185E-02   0.71090E-02
 3469.27   0.79742E-02   0.74715E-02   0.70649E-02
 3482.88   0.79339E-02   0.74241E-02   0.70205E-02
 3496.48   0.78940E-02   0.73773E-02   0.69767E-02
 3510.09   0.78544E-02   0.73308E-02   0.69331E-02
 3523.69   0.78150E-02   0.72846E-02   0.68899E-02
 3537.30   0.77757E-02   0.72387E-02   0.68469E-02
 3550.90   0.77367E-02   0.71930E-02   0.68042E-02
 3564.51   0.76978E-02   0.71475E-02   0.67616E-02
 3578.11   0.76590E-02   0.71022E-02   0.67193E-02
 3591.72   0.76230E-02   0.70597E-02   0.66795E-02
 3605.32   0.75854E-02   0.70157E-02   0.66384E-02
 3618.93   0.75483E-02   0.69723E-02   0.65979E-02
 3632.53   0.75115E-02   0.69292E-02   0.65578E-02
 3646.14   0.74750E-02   0.68865E-02   0.65179E-02
 3659.74   0.74385E-02   0.68439E-02   0.64781E-02
 3673.35   0.74020E-02   0.68014E-02   0.64385E-02
 3686.95   0.73647E-02   0.67582E-02   0.63983E-02
 3700.56   0.73327E-02   0.67200E-02   0.63628E-02
 3714.16   0.72963E-02   0.66778E-02   0.63235E-02
 3727.77   0.72611E-02   0.66369E-02   0.62854E-02
 3741.37   0.72265E-02   0.65965E-02   0.62478E-02
 3754.98   0.71922E-02   0.65566E-02   0.62106E-02
 3768.58   0.71581E-02   0.65169E-02   0.61738E-02
 3782.19   0.71242E-02   0.64774E-02   0.61371E-02
 3795.79   0.70901E-02   0.64379E-02   0.61003E-02
 3809.40   0.70556E-02   0.63981E-02   0.60634E-02
 3823.00   0.70252E-02   0.63621E-02   0.60300E-02
 3836.61   0.69914E-02   0.63231E-02   0.59938E-02
 3850.21   0.69584E-02   0.62849E-02   0.59584E-02
 3863.82   0.69259E-02   0.62473E-02   0.59235E-02
 3877.42   0.68937E-02   0.62100E-02   0.58890E-02
 3891.03   0.68619E-02   0.61732E-02   0.58548E-02
 3904.63   0.68302E-02   0.61365E-02   0.58209E-02
 3918.24   0.67984E-02   0.60999E-02   0.57870E-02
 3931.84   0.67660E-02   0.60627E-02   0.57525E-02
 3945.45   0.67374E-02   0.60291E-02   0.57215E-02
 3959.05   0.67060E-02   0.59930E-02   0.56881E-02
 3972.66   0.66750E-02   0.59574E-02   0.56552E-02
 3986.26   0.66443E-02   0.59222E-02   0.56226E-02
 3999.87   0.66141E-02   0.58874E-02   0.55905E-02
 4013.47   0.65841E-02   0.58530E-02   0.55587E-02
 4027.08   0.65545E-02   0.58189E-02   0.55273E-02
 4040.68   0.65250E-02   0.57851E-02   0.54960E-02
 4054.29   0.64951E-02   0.57509E-02   0.54645E-02
 4067.89   0.64672E-02   0.57187E-02   0.54348E-02
 4081.50   0.64380E-02   0.56853E-02   0.54041E-02
 4095.10   0.64090E-02   0.56522E-02   0.53735E-02
 4108.71   0.63801E-02   0.56193E-02   0.53432E-02
 4122.31   0.63514E-02   0.55867E-02   0.53132E-02
 4135.92   0.63231E-02   0.55544E-02   0.52835E-02
 4149.52   0.62951E-02   0.55226E-02   0.52541E-02
 4163.13   0.62674E-02   0.54910E-02   0.52251E-02
 4176.73   0.62399E-02   0.54597E-02   0.51964E-02
 4190.34   0.62127E-02   0.54288E-02   0.51679E-02
 4203.94   0.61855E-02   0.53979E-02   0.51396E-02
 4217.55   0.61584E-02   0.53672E-02   0.51113E-02
 4231.15   0.61312E-02   0.53365E-02   0.50832E-02
 4244.76   0.61042E-02   0.53060E-02   0.50551E-02
 4258.36   0.60772E-02   0.52757E-02   0.50273E-02
 4271.97   0.60506E-02   0.52457E-02   0.49998E-02
 4285.57   0.60241E-02   0.52160E-02   0.49725E-02
 4299.18   0.59982E-02   0.51868E-02   0.49458E-02
 4312.78   0.59727E-02   0.51580E-02   0.49194E-02
 4326.39   0.59470E-02   0.51291E-02   0.48929E-02
 4339.99   0.59215E-02   0.51005E-02   0.48667E-02
 4353.60   0.58960E-02   0.50720E-02   0.48406E-02
 4367.20   0.58706E-02   0.50436E-02   0.48146E-02
 4380.81   0.58451E-02   0.50153E-02   0.47887E-02
 4394.41   0.58197E-02   0.49871E-02   0.47628E-02
 4408.02   0.57944E-02   0.49590E-02   0.47371E-02
 4421.62   0.57688E-02   0.49308E-02   0.47113E-02
 4435.23   0.57472E-02   0.49060E-02   0.46888E-02
 4448.83   0.57214E-02   0.48777E-02   0.46629E-02
 4462.44   0.56971E-02   0.48508E-02   0.46383E-02
 4476.04   0.56730E-02   0.48242E-02   0.46140E-02
 4489.65   0.56491E-02   0.47978E-02   0.45899E-02
 4503.25   0.56252E-02   0.47714E-02   0.45658E-02
 4516.86   0.56013E-02   0.47451E-02   0.45418E-02
 4530.46   0.55772E-02   0.47188E-02   0.45178E-02
 4544.07   0.55529E-02   0.46923E-02   0.44936E-02
 4557.67   0.55288E-02   0.46661E-02   0.44697E-02
 4571.28   0.55086E-02   0.46432E-02   0.44489E-02
 4584.88   0.54845E-02   0.46172E-02   0.44251E-02
 4598.49   0.54614E-02   0.45920E-02   0.44022E-02
 4612.09   0.54386E-02   0.45672E-02   0.43796E-02
 4625.70   0.54161E-02   0.45426E-02   0.43572E-02
 4639.30   0.53935E-02   0.45181E-02   0.43349E-02
 4652.91   0.53710E-02   0.44937E-02   0.43127E-02
 4666.51   0.53483E-02   0.44692E-02   0.42903E-02
 4680.12   0.53247E-02   0.44441E-02   0.42675E-02
 4693.72   0.53002E-02   0.44181E-02   0.42438E-02
 4707.33   0.52833E-02   0.43987E-02   0.42263E-02
 4720.93   0.52606E-02   0.43745E-02   0.42043E-02
 4734.54   0.52385E-02   0.43509E-02   0.41828E-02
 4748.14   0.52168E-02   0.43276E-02   0.41617E-02
 4761.75   0.51953E-02   0.43047E-02   0.41408E-02
 4775.35   0.51740E-02   0.42819E-02   0.41201E-02
 4788.96   0.51528E-02   0.42592E-02   0.40996E-02
 4802.56   0.51314E-02   0.42365E-02   0.40789E-02
 4816.17   0.51089E-02   0.42129E-02   0.40575E-02
 4829.77   0.50931E-02   0.41950E-02   0.40414E-02
 4843.38   0.50696E-02   0.41708E-02   0.40193E-02
 4856.98   0.50482E-02   0.41482E-02   0.39988E-02
 4870.59   0.50271E-02   0.41261E-02   0.39787E-02
 4884.19   0.50063E-02   0.41042E-02   0.39589E-02
 4897.80   0.49857E-02   0.40827E-02   0.39394E-02
 4911.40   0.49655E-02   0.40614E-02   0.39201E-02
 4925.01   0.49454E-02   0.40403E-02   0.39010E-02
 4938.61   0.49253E-02   0.40193E-02   0.38820E-02
 4952.22   0.49046E-02   0.39979E-02   0.38625E-02
 4965.82   0.48872E-02   0.39792E-02   0.38458E-02
 4979.43   0.48664E-02   0.39578E-02   0.38263E-02
 4993.03   0.48462E-02   0.39369E-02   0.38074E-02
 5006.64   0.48261E-02   0.39162E-02   0.37887E-02
 5020.24   0.48062E-02   0.38957E-02   0.37701E-02
 5033.85   0.47864E-02   0.38754E-02   0.37517E-02
 5047.45   0.47669E-02   0.38554E-02   0.37336E-02
 5061.06   0.47477E-02   0.38356E-02   0.37157E-02
 5074.66   0.47286E-02   0.38161E-02   0.36980E-02
 5088.27   0.47097E-02   0.37966E-02   0.36805E-02
 5101.87   0.46913E-02   0.37777E-02   0.36634E-02
 5115.48   0.46723E-02   0.37584E-02   0.36459E-02
 5129.08   0.46534E-02   0.37392E-02   0.36286E-02
 5142.69   0.46345E-02   0.37200E-02   0.36112E-02
 5156.29   0.46155E-02   0.37009E-02   0.35939E-02
 5169.90   0.45965E-02   0.36818E-02   0.35767E-02
 5183.50   0.45777E-02   0.36629E-02   0.35596E-02
 5197.11   0.45590E-02   0.36442E-02   0.35427E-02
 5210.71   0.45406E-02   0.36257E-02   0.35260E-02
 5224.32   0.45224E-02   0.36074E-02   0.35095E-02
 5237.92   0.45046E-02   0.35895E-02   0.34934E-02
 5251.53   0.44867E-02   0.35717E-02   0.34773E-02
 5265.13   0.44689E-02   0.35539E-02   0.34612E-02
 5278.74   0.44510E-02   0.35361E-02   0.34452E-02
 5292.34   0.44331E-02   0.35184E-02   0.34292E-02
 5305.95   0.44151E-02   0.35006E-02   0.34131E-02
 5319.55   0.43970E-02   0.34828E-02   0.33971E-02
 5333.16   0.43790E-02   0.34652E-02   0.33811E-02
 5346.76   0.43610E-02   0.34476E-02   0.33652E-02
 5360.37   0.43430E-02   0.34300E-02   0.33494E-02
 5373.97   0.43257E-02   0.34131E-02   0.33341E-02
 5387.58   0.43096E-02   0.33972E-02   0.33198E-02
 5401.18   0.42922E-02   0.33802E-02   0.33045E-02
 5414.79   0.42751E-02   0.33636E-02   0.32896E-02
 5428.39   0.42581E-02   0.33471E-02   0.32747E-02
 5442.00   0.42411E-02   0.33307E-02   0.32599E-02
 5455.60   0.42240E-02   0.33142E-02   0.32450E-02
 5469.21   0.42067E-02   0.32977E-02   0.32301E-02
 5482.81   0.41894E-02   0.32811E-02   0.32152E-02
 5496.42   0.41719E-02   0.32644E-02   0.32001E-02
 5510.02   0.41531E-02   0.32469E-02   0.31841E-02
 5523.63   0.41425E-02   0.32358E-02   0.31745E-02
 5537.23   0.41233E-02   0.32180E-02   0.31583E-02
 5550.84   0.41065E-02   0.32020E-02   0.31439E-02
 5564.44   0.40900E-02   0.31864E-02   0.31298E-02
 5578.05   0.40737E-02   0.31710E-02   0.31160E-02
 5591.65   0.40575E-02   0.31558E-02   0.31022E-02
 5605.26   0.40413E-02   0.31405E-02   0.30885E-02
 5618.86   0.40249E-02   0.31251E-02   0.30747E-02
 5632.47   0.40083E-02   0.31097E-02   0.30607E-02
 5646.07   0.39910E-02   0.30938E-02   0.30463E-02
 5659.68   0.39741E-02   0.30782E-02   0.30322E-02
 5673.28   0.39627E-02   0.30669E-02   0.30223E-02
 5686.89   0.39452E-02   0.30509E-02   0.30078E-02
 5700.49   0.39288E-02   0.30358E-02   0.29942E-02
 5714.10   0.39129E-02   0.30212E-02   0.29810E-02
 5727.70   0.38972E-02   0.30068E-02   0.29680E-02
 5741.31   0.38817E-02   0.29925E-02   0.29552E-02
 5754.91   0.38662E-02   0.29783E-02   0.29424E-02
 5768.52   0.38506E-02   0.29641E-02   0.29296E-02
 5782.12   0.38348E-02   0.29498E-02   0.29167E-02
 5795.73   0.38182E-02   0.29348E-02   0.29031E-02
 5809.33   0.38012E-02   0.29197E-02   0.28894E-02
 5822.94   0.37909E-02   0.29097E-02   0.28807E-02
 5836.54   0.37744E-02   0.28950E-02   0.28674E-02
 5850.15   0.37586E-02   0.28809E-02   0.28546E-02
 5863.75   0.37431E-02   0.28670E-02   0.28421E-02
 5877.36   0.37279E-02   0.28534E-02   0.28298E-02
 5890.96   0.37129E-02   0.28400E-02   0.28178E-02
 5904.57   0.36980E-02   0.28268E-02   0.28059E-02
 5918.17   0.36832E-02   0.28137E-02   0.27940E-02
 5931.78   0.36684E-02   0.28005E-02   0.27821E-02
 5945.38   0.36528E-02   0.27868E-02   0.27698E-02
 5958.99   0.36365E-02   0.27726E-02   0.27569E-02
 5972.59   0.36257E-02   0.27627E-02   0.27482E-02
 5986.20   0.36103E-02   0.27493E-02   0.27361E-02
 5999.80   0.35952E-02   0.27361E-02   0.27242E-02
 6013.41   0.35802E-02   0.27231E-02   0.27124E-02
 6027.01   0.35654E-02   0.27102E-02   0.27008E-02
 6040.62   0.35507E-02   0.26976E-02   0.26893E-02
 6054.22   0.35363E-02   0.26851E-02   0.26781E-02
 6067.83   0.35221E-02   0.26728E-02   0.26670E-02
 6081.43   0.35080E-02   0.26607E-02   0.26561E-02
 6095.04   0.34938E-02   0.26485E-02   0.26451E-02
 6108.64   0.34791E-02   0.26359E-02   0.26337E-02
 6122.25   0.34665E-02   0.26250E-02   0.26240E-02
 6135.85   0.34523E-02   0.26128E-02   0.26130E-02
 6149.46   0.34379E-02   0.26007E-02   0.26020E-02
 6163.06   0.34236E-02   0.25886E-02   0.25911E-02
 6176.67   0.34093E-02   0.25765E-02   0.25801E-02
 6190.27   0.33950E-02   0.25645E-02   0.25693E-02
 6203.88   0.33809E-02   0.25527E-02   0.25586E-02
 6217.48   0.33670E-02   0.25410E-02   0.25480E-02
 6231.09   0.33533E-02   0.25295E-02   0.25377E-02
 6244.69   0.33398E-02   0.25182E-02   0.25275E-02
 6258.30   0.33264E-02   0.25071E-02   0.25174E-02
 6271.90   0.33131E-02   0.24960E-02   0.25074E-02
 6285.51   0.32997E-02   0.24849E-02   0.24974E-02
 6299.11   0.32863E-02   0.24738E-02   0.24874E-02
 6312.72   0.32727E-02   0.24626E-02   0.24773E-02
 6326.32   0.32590E-02   0.24514E-02   0.24671E-02
 6339.93   0.32453E-02   0.24402E-02   0.24569E-02
 6353.53   0.32316E-02   0.24290E-02   0.24468E-02
 6367.14   0.32179E-02   0.24178E-02   0.24367E-02
 6380.74   0.32043E-02   0.24068E-02   0.24267E-02
 6394.35   0.31908E-02   0.23959E-02   0.24168E-02
 6407.95   0.31780E-02   0.23855E-02   0.24074E-02
 6421.56   0.31658E-02   0.23756E-02   0.23985E-02
 6435.16   0.31526E-02   0.23650E-02   0.23889E-02
 6448.77   0.31397E-02   0.23546E-02   0.23795E-02
 6462.37   0.31269E-02   0.23444E-02   0.23702E-02
 6475.98   0.31140E-02   0.23340E-02   0.23609E-02
 6489.58   0.31010E-02   0.23237E-02   0.23515E-02
 6503.19   0.30878E-02   0.23133E-02   0.23420E-02
 6516.79   0.30746E-02   0.23028E-02   0.23325E-02
 6530.40   0.30613E-02   0.22923E-02   0.23229E-02
 6544.00   0.30478E-02   0.22817E-02   0.23133E-02
 6557.61   0.30335E-02   0.22705E-02   0.23030E-02
 6571.21   0.30209E-02   0.22606E-02   0.22940E-02
 6584.82   0.30115E-02   0.22532E-02   0.22875E-02
 6598.42   0.29986E-02   0.22431E-02   0.22783E-02
 6612.03   0.29861E-02   0.22334E-02   0.22695E-02
 6625.63   0.29737E-02   0.22238E-02   0.22608E-02
 6639.24   0.29614E-02   0.22142E-02   0.22521E-02
 6652.84   0.29490E-02   0.22047E-02   0.22434E-02
 6666.45   0.29364E-02   0.21950E-02   0.22347E-02
 6680.05   0.29237E-02   0.21853E-02   0.22258E-02
 6693.66   0.29108E-02   0.21754E-02   0.22167E-02
 6707.26   0.28973E-02   0.21651E-02   0.22072E-02
 6720.87   0.28846E-02   0.21554E-02   0.21984E-02
 6734.47   0.28774E-02   0.21499E-02   0.21938E-02
 6748.08   0.28632E-02   0.21391E-02   0.21838E-02
 6761.68   0.28505E-02   0.21295E-02   0.21751E-02
 6775.29   0.28383E-02   0.21203E-02   0.21666E-02
 6788.89   0.28263E-02   0.21113E-02   0.21584E-02
 6802.50   0.28145E-02   0.21024E-02   0.21504E-02
 6816.10   0.28027E-02   0.20936E-02   0.21423E-02
 6829.71   0.27908E-02   0.20847E-02   0.21342E-02
 6843.31   0.27787E-02   0.20757E-02   0.21260E-02
 6856.92   0.27663E-02   0.20665E-02   0.21175E-02
 6870.52   0.27528E-02   0.20565E-02   0.21082E-02
 6884.13   0.27400E-02   0.20470E-02   0.20995E-02
 6897.73   0.27339E-02   0.20426E-02   0.20959E-02
 6911.34   0.27206E-02   0.20328E-02   0.20868E-02
 6924.94   0.27082E-02   0.20237E-02   0.20785E-02
 6938.55   0.26963E-02   0.20150E-02   0.20705E-02
 6952.15   0.26846E-02   0.20065E-02   0.20626E-02
 6965.76   0.26731E-02   0.19981E-02   0.20550E-02
 6979.36   0.26617E-02   0.19898E-02   0.20474E-02
 6992.97   0.26504E-02   0.19816E-02   0.20399E-02
 7006.57   0.26390E-02   0.19734E-02   0.20324E-02
 7020.18   0.26273E-02   0.19650E-02   0.20247E-02
 7033.78   0.26145E-02   0.19558E-02   0.20161E-02
 7047.39   0.26018E-02   0.19466E-02   0.20076E-02
 7060.99   0.25956E-02   0.19424E-02   0.20041E-02
 7074.60   0.25833E-02   0.19335E-02   0.19959E-02
 7088.20   0.25714E-02   0.19251E-02   0.19881E-02
 7101.81   0.25598E-02   0.19168E-02   0.19804E-02
 7115.41   0.25483E-02   0.19087E-02   0.19729E-02
 7129.02   0.25370E-02   0.19007E-02   0.19656E-02
 7142.62   0.25260E-02   0.18929E-02   0.19584E-02
 7156.23   0.25151E-02   0.18853E-02   0.19514E-02
 7169.83   0.25042E-02   0.18777E-02   0.19445E-02
 7183.44   0.24934E-02   0.18701E-02   0.19375E-02
 7197.04   0.24820E-02   0.18621E-02   0.19301E-02
 7210.65   0.24702E-02   0.18539E-02   0.19224E-02
 7224.25   0.24622E-02   0.18485E-02   0.19177E-02
 7237.86   0.24509E-02   0.18406E-02   0.19104E-02
 7251.46   0.24397E-02   0.18329E-02   0.19032E-02
 7265.07   0.24285E-02   0.18251E-02   0.18960E-02
 7278.67   0.24174E-02   0.18175E-02   0.18889E-02
 7292.28   0.24064E-02   0.18099E-02   0.18819E-02
 7305.88   0.23955E-02   0.18025E-02   0.18750E-02
 7319.49   0.23848E-02   0.17952E-02   0.18682E-02
 7333.09   0.23743E-02   0.17880E-02   0.18616E-02
 7346.70   0.23639E-02   0.17810E-02   0.18551E-02
 7360.30   0.23536E-02   0.17740E-02   0.18487E-02
 7373.91   0.23432E-02   0.17670E-02   0.18422E-02
 7387.51   0.23334E-02   0.17604E-02   0.18362E-02
 7401.12   0.23230E-02   0.17535E-02   0.18297E-02
 7414.72   0.23126E-02   0.17465E-02   0.18232E-02
 7428.33   0.23021E-02   0.17394E-02   0.18167E-02
 7441.93   0.22915E-02   0.17323E-02   0.18101E-02
 7455.54   0.22809E-02   0.17252E-02   0.18034E-02
 7469.14   0.22703E-02   0.17181E-02   0.17968E-02
 7482.75   0.22597E-02   0.17111E-02   0.17902E-02
 7496.35   0.22493E-02   0.17042E-02   0.17838E-02
 7509.96   0.22391E-02   0.16974E-02   0.17775E-02
 7523.56   0.22290E-02   0.16908E-02   0.17713E-02
 7537.17   0.22193E-02   0.16845E-02   0.17655E-02
 7550.77   0.22096E-02   0.16782E-02   0.17596E-02
 7564.38   0.21998E-02   0.16717E-02   0.17536E-02
 7577.98   0.21900E-02   0.16654E-02   0.17477E-02
 7591.59   0.21802E-02   0.16590E-02   0.17417E-02
 7605.19   0.21702E-02   0.16525E-02   0.17357E-02
 7618.80   0.21602E-02   0.16460E-02   0.17296E-02
 7632.40   0.21500E-02   0.16394E-02   0.17234E-02
 7646.01   0.21398E-02   0.16328E-02   0.17172E-02
 7659.61   0.21296E-02   0.16262E-02   0.17109E-02
 7673.22   0.21194E-02   0.16195E-02   0.17047E-02
 7686.82   0.21091E-02   0.16129E-02   0.16984E-02
 7700.43   0.20978E-02   0.16055E-02   0.16913E-02
 7714.03   0.20927E-02   0.16028E-02   0.16892E-02
 7727.64   0.20817E-02   0.15956E-02   0.16823E-02
 7741.24   0.20720E-02   0.15895E-02   0.16765E-02
 7754.85   0.20626E-02   0.15835E-02   0.16709E-02
 7768.45   0.20532E-02   0.15776E-02   0.16654E-02
 7782.06   0.20438E-02   0.15717E-02   0.16598E-02
 7795.66   0.20343E-02   0.15657E-02   0.16542E-02
 7809.27   0.20247E-02   0.15596E-02   0.16484E-02
 7822.87   0.20149E-02   0.15534E-02   0.16426E-02
 7836.48   0.20050E-02   0.15472E-02   0.16366E-02
 7850.08   0.19950E-02   0.15408E-02   0.16305E-02
 7863.69   0.19842E-02   0.15338E-02   0.16239E-02
 7877.29   0.19751E-02   0.15282E-02   0.16186E-02
 7890.90   0.19698E-02   0.15255E-02   0.16164E-02
 7904.50   0.19593E-02   0.15189E-02   0.16100E-02
 7918.11   0.19498E-02   0.15129E-02   0.16043E-02
 7931.71   0.19406E-02   0.15073E-02   0.15990E-02
 7945.32   0.19316E-02   0.15017E-02   0.15937E-02
 7958.92   0.19227E-02   0.14963E-02   0.15885E-02
 7972.53   0.19137E-02   0.14908E-02   0.15833E-02
 7986.13   0.19046E-02   0.14852E-02   0.15781E-02
 7999.74   0.18954E-02   0.14796E-02   0.15727E-02
 8013.34   0.18860E-02   0.14738E-02   0.15671E-02
 8026.95   0.18761E-02   0.14676E-02   0.15611E-02
 8040.55   0.18643E-02   0.14599E-02   0.15536E-02
 8054.16   0.18552E-02   0.14544E-02   0.15483E-02
 8067.76   0.18524E-02   0.14538E-02   0.15482E-02
 8081.37   0.18424E-02   0.14475E-02   0.15421E-02
 8094.97   0.18331E-02   0.14418E-02   0.15367E-02
 8108.58   0.18241E-02   0.14364E-02   0.15315E-02
 8122.18   0.18153E-02   0.14311E-02   0.15264E-02
 8135.79   0.18067E-02   0.14260E-02   0.15215E-02
 8149.39   0.17982E-02   0.14209E-02   0.15167E-02
 8163.00   0.17897E-02   0.14159E-02   0.15118E-02
 8176.60   0.17810E-02   0.14107E-02   0.15069E-02
 8190.21   0.17722E-02   0.14054E-02   0.15018E-02
 8203.81   0.17629E-02   0.13997E-02   0.14963E-02
 8217.42   0.17505E-02   0.13917E-02   0.14882E-02
 8231.02   0.17523E-02   0.13948E-02   0.14921E-02
 8244.63   0.17401E-02   0.13868E-02   0.14841E-02
 8258.23   0.17306E-02   0.13811E-02   0.14785E-02
 8271.84   0.17216E-02   0.13756E-02   0.14732E-02
 8285.44   0.17129E-02   0.13704E-02   0.14682E-02
 8299.05   0.17043E-02   0.13654E-02   0.14633E-02
 8312.65   0.16960E-02   0.13605E-02   0.14585E-02
 8326.26   0.16877E-02   0.13557E-02   0.14539E-02
 8339.86   0.16796E-02   0.13510E-02   0.14494E-02
 8353.47   0.16715E-02   0.13464E-02   0.14449E-02
 8367.07   0.16634E-02   0.13416E-02   0.14403E-02
 8380.68   0.16549E-02   0.13367E-02   0.14355E-02
 8394.28   0.16443E-02   0.13299E-02   0.14288E-02
 8407.89   0.16424E-02   0.13303E-02   0.14297E-02
 8421.49   0.16325E-02   0.13242E-02   0.14235E-02
 8435.10   0.16238E-02   0.13190E-02   0.14185E-02
 8448.70   0.16153E-02   0.13140E-02   0.14136E-02
 8462.31   0.16069E-02   0.13091E-02   0.14088E-02
 8475.91   0.15986E-02   0.13043E-02   0.14040E-02
 8489.52   0.15904E-02   0.12995E-02   0.13994E-02
 8503.12   0.15824E-02   0.12949E-02   0.13949E-02
 8516.73   0.15745E-02   0.12905E-02   0.13905E-02
 8530.33   0.15668E-02   0.12861E-02   0.13863E-02
 8543.94   0.15592E-02   0.12818E-02   0.13821E-02
 8557.54   0.15515E-02   0.12775E-02   0.13779E-02
 8571.15   0.15434E-02   0.12729E-02   0.13733E-02
 8584.75   0.15375E-02   0.12700E-02   0.13707E-02
 8598.36   0.15294E-02   0.12653E-02   0.13660E-02
 8611.96   0.15216E-02   0.12609E-02   0.13617E-02
 8625.57   0.15137E-02   0.12564E-02   0.13573E-02
 8639.17   0.15058E-02   0.12519E-02   0.13528E-02
 8652.78   0.14979E-02   0.12474E-02   0.13483E-02
 8666.38   0.14900E-02   0.12429E-02   0.13439E-02
 8679.99   0.14822E-02   0.12384E-02   0.13395E-02
 8693.59   0.14745E-02   0.12341E-02   0.13352E-02
 8707.20   0.14670E-02   0.12298E-02   0.13310E-02
 8720.80   0.14595E-02   0.12257E-02   0.13269E-02
 8734.41   0.14523E-02   0.12217E-02   0.13230E-02
 8748.01   0.14451E-02   0.12178E-02   0.13191E-02
 8761.62   0.14380E-02   0.12140E-02   0.13153E-02
 8775.22   0.14309E-02   0.12101E-02   0.13115E-02
 8788.83   0.14238E-02   0.12062E-02   0.13077E-02
 8802.43   0.14166E-02   0.12023E-02   0.13038E-02
 8816.04   0.14094E-02   0.11983E-02   0.12998E-02
 8829.64   0.14020E-02   0.11942E-02   0.12958E-02
 8843.25   0.13946E-02   0.11901E-02   0.12916E-02
 8856.85   0.13872E-02   0.11859E-02   0.12875E-02
 8870.46   0.13797E-02   0.11817E-02   0.12833E-02
 8884.06   0.13723E-02   0.11776E-02   0.12791E-02
 8897.67   0.13649E-02   0.11735E-02   0.12750E-02
 8911.27   0.13577E-02   0.11695E-02   0.12709E-02
 8924.88   0.13504E-02   0.11654E-02   0.12668E-02
 8938.48   0.13440E-02   0.11621E-02   0.12636E-02
 8952.09   0.13378E-02   0.11590E-02   0.12605E-02
 8965.69   0.13308E-02   0.11552E-02   0.12567E-02
 8979.30   0.13240E-02   0.11516E-02   0.12531E-02
 8992.90   0.13173E-02   0.11480E-02   0.12495E-02
 9006.51   0.13106E-02   0.11443E-02   0.12459E-02
 9020.11   0.13037E-02   0.11407E-02   0.12422E-02
 9033.72   0.12968E-02   0.11369E-02   0.12384E-02
 9047.32   0.12898E-02   0.11330E-02   0.12345E-02
 9060.93   0.12827E-02   0.11291E-02   0.12305E-02
 9074.53   0.12756E-02   0.11252E-02   0.12264E-02
 9088.14   0.12684E-02   0.11211E-02   0.12223E-02
 9101.74   0.12611E-02   0.11169E-02   0.12180E-02
 9115.35   0.12521E-02   0.11113E-02   0.12121E-02
 9128.95   0.12522E-02   0.11137E-02   0.12151E-02
 9142.56   0.12433E-02   0.11081E-02   0.12092E-02
 9156.16   0.12364E-02   0.11043E-02   0.12054E-02
 9169.77   0.12298E-02   0.11008E-02   0.12018E-02
 9183.37   0.12234E-02   0.10975E-02   0.11984E-02
 9196.98   0.12171E-02   0.10941E-02   0.11950E-02
 9210.58   0.12107E-02   0.10908E-02   0.11916E-02
 9224.19   0.12043E-02   0.10874E-02   0.11881E-02
 9237.79   0.11978E-02   0.10839E-02   0.11846E-02
 9251.40   0.11912E-02   0.10803E-02   0.11809E-02
 9265.00   0.11844E-02   0.10765E-02   0.11770E-02
 9278.61   0.11774E-02   0.10726E-02   0.11729E-02
 9292.21   0.11698E-02   0.10680E-02   0.11681E-02
 9305.82   0.11638E-02   0.10649E-02   0.11650E-02
 9319.42   0.11621E-02   0.10658E-02   0.11662E-02
 9333.03   0.11541E-02   0.10609E-02   0.11611E-02
 9346.63   0.11474E-02   0.10572E-02   0.11572E-02
 9360.24   0.11410E-02   0.10537E-02   0.11536E-02
 9373.84   0.11349E-02   0.10505E-02   0.11503E-02
 9387.45   0.11289E-02   0.10474E-02   0.11471E-02
 9401.05   0.11229E-02   0.10443E-02   0.11439E-02
 9414.66   0.11170E-02   0.10412E-02   0.11407E-02
 9428.26   0.11110E-02   0.10381E-02   0.11375E-02
 9441.87   0.11049E-02   0.10349E-02   0.11341E-02
 9455.47   0.10986E-02   0.10315E-02   0.11306E-02
 9469.08   0.10920E-02   0.10277E-02   0.11267E-02
 9482.68   0.10842E-02   0.10228E-02   0.11215E-02
 9496.29   0.10784E-02   0.10199E-02   0.11185E-02
 9509.89   0.10775E-02   0.10215E-02   0.11204E-02
 9523.50   0.10702E-02   0.10171E-02   0.11157E-02
 9537.10   0.10637E-02   0.10135E-02   0.11119E-02
 9550.71   0.10576E-02   0.10101E-02   0.11084E-02
 9564.31   0.10516E-02   0.10069E-02   0.11051E-02
 9577.92   0.10459E-02   0.10039E-02   0.11019E-02
 9591.52   0.10402E-02   0.10010E-02   0.10988E-02
 9605.13   0.10346E-02   0.99813E-03   0.10959E-02
 9618.73   0.10290E-02   0.99530E-03   0.10929E-02
 9632.34   0.10235E-02   0.99244E-03   0.10899E-02
 9645.94   0.10178E-02   0.98947E-03   0.10868E-02
 9659.55   0.10118E-02   0.98622E-03   0.10834E-02
 9673.15   0.10048E-02   0.98185E-03   0.10787E-02
 9686.76   0.99906E-03   0.97884E-03   0.10755E-02
 9700.36   0.99768E-03   0.98004E-03   0.10770E-02
 9713.97   0.99118E-03   0.97622E-03   0.10729E-02
 9727.57   0.98516E-03   0.97285E-03   0.10693E-02
 9741.18   0.97931E-03   0.96964E-03   0.10659E-02
 9754.78   0.97359E-03   0.96655E-03   0.10626E-02
 9768.39   0.96800E-03   0.96357E-03   0.10594E-02
 9781.99   0.96255E-03   0.96071E-03   0.10564E-02
 9795.60   0.95721E-03   0.95797E-03   0.10535E-02
 9809.20   0.95198E-03   0.95531E-03   0.10506E-02
 9822.81   0.94681E-03   0.95271E-03   0.10479E-02
 9836.41   0.94166E-03   0.95012E-03   0.10451E-02
 9850.02   0.93643E-03   0.94744E-03   0.10423E-02
 9863.62   0.93073E-03   0.94427E-03   0.10389E-02
 9877.23   0.92526E-03   0.94132E-03   0.10357E-02
 9890.83   0.92231E-03   0.94092E-03   0.10354E-02
 9904.44   0.91672E-03   0.93784E-03   0.10320E-02
 9918.04   0.91130E-03   0.93490E-03   0.10289E-02
 9931.65   0.90590E-03   0.93198E-03   0.10257E-02
 9945.25   0.90053E-03   0.92907E-03   0.10226E-02
 9958.86   0.89521E-03   0.92620E-03   0.10195E-02
 9972.46   0.88996E-03   0.92339E-03   0.10165E-02
 9986.07   0.88481E-03   0.92067E-03   0.10135E-02
 9999.67   0.87977E-03   0.91805E-03   0.10107E-02
