   68.02   0.37523E+00   0.37466E+00   0.31831E+00
   81.63   0.32826E+00   0.32744E+00   0.28413E+00
   95.23   0.29892E+00   0.29799E+00   0.26402E+00
  108.84   0.27801E+00   0.27705E+00   0.25001E+00
  122.44   0.26125E+00   0.26032E+00   0.23858E+00
  136.05   0.24702E+00   0.24614E+00   0.22853E+00
  149.65   0.23450E+00   0.23369E+00   0.21931E+00
  163.26   0.22307E+00   0.22234E+00   0.21053E+00
  176.86   0.21258E+00   0.21193E+00   0.20218E+00
  190.47   0.20278E+00   0.20221E+00   0.19412E+00
  204.07   0.19367E+00   0.19318E+00   0.18645E+00
  217.68   0.18511E+00   0.18470E+00   0.17909E+00
  231.28   0.17711E+00   0.17677E+00   0.17210E+00
  244.89   0.16957E+00   0.16930E+00   0.16541E+00
  258.49   0.16248E+00   0.16229E+00   0.15905E+00
  272.10   0.15576E+00   0.15563E+00   0.15295E+00
  285.70   0.14943E+00   0.14936E+00   0.14716E+00
  299.31   0.14347E+00   0.14345E+00   0.14165E+00
  312.91   0.13778E+00   0.13781E+00   0.13635E+00
  326.52   0.13245E+00   0.13254E+00   0.13137E+00
  340.12   0.12741E+00   0.12755E+00   0.12663E+00
  353.73   0.12267E+00   0.12285E+00   0.12214E+00
  367.33   0.11820E+00   0.11842E+00   0.11791E+00
  380.94   0.11394E+00   0.11420E+00   0.11385E+00
  394.54   0.10991E+00   0.11021E+00   0.11000E+00
  408.15   0.10612E+00   0.10646E+00   0.10637E+00
  421.75   0.10245E+00   0.10281E+00   0.10283E+00
  435.36   0.98990E-01   0.99384E-01   0.99498E-01
  448.96   0.95713E-01   0.96137E-01   0.96330E-01
  462.57   0.92559E-01   0.93010E-01   0.93273E-01
  476.17   0.89586E-01   0.90063E-01   0.90385E-01
  489.78   0.86753E-01   0.87254E-01   0.87628E-01
  503.38   0.84048E-01   0.84571E-01   0.84990E-01
  516.99   0.81484E-01   0.82028E-01   0.82486E-01
  530.59   0.79037E-01   0.79602E-01   0.80093E-01
  544.20   0.76687E-01   0.77271E-01   0.77790E-01
  557.80   0.74448E-01   0.75050E-01   0.75593E-01
  571.41   0.72310E-01   0.72929E-01   0.73493E-01
  585.01   0.70247E-01   0.70882E-01   0.71462E-01
  598.62   0.68280E-01   0.68929E-01   0.69524E-01
  612.22   0.66392E-01   0.67055E-01   0.67661E-01
  625.83   0.64604E-01   0.65280E-01   0.65895E-01
  639.43   0.62844E-01   0.63533E-01   0.64154E-01
  653.04   0.61179E-01   0.61879E-01   0.62506E-01
  666.64   0.59581E-01   0.60292E-01   0.60922E-01
  680.25   0.58033E-01   0.58754E-01   0.59386E-01
  693.85   0.56573E-01   0.57303E-01   0.57936E-01
  707.46   0.55156E-01   0.55896E-01   0.56529E-01
  721.06   0.53793E-01   0.54540E-01   0.55172E-01
  734.67   0.52474E-01   0.53229E-01   0.53858E-01
  748.27   0.51213E-01   0.51975E-01   0.52602E-01
  761.88   0.49994E-01   0.50763E-01   0.51386E-01
  775.48   0.48814E-01   0.49590E-01   0.50208E-01
  789.09   0.47673E-01   0.48455E-01   0.49068E-01
  802.69   0.46576E-01   0.47363E-01   0.47972E-01
  816.30   0.45518E-01   0.46310E-01   0.46912E-01
  829.90   0.44494E-01   0.45291E-01   0.45887E-01
  843.51   0.43501E-01   0.44302E-01   0.44892E-01
  857.11   0.42544E-01   0.43349E-01   0.43932E-01
  870.72   0.41621E-01   0.42430E-01   0.43006E-01
  884.32   0.40729E-01   0.41542E-01   0.42111E-01
  897.93   0.39860E-01   0.40677E-01   0.41238E-01
  911.53   0.39023E-01   0.39843E-01   0.40397E-01
  925.14   0.38212E-01   0.39034E-01   0.39580E-01
  938.74   0.37428E-01   0.38253E-01   0.38791E-01
  952.35   0.36673E-01   0.37500E-01   0.38031E-01
  965.95   0.35925E-01   0.36754E-01   0.37277E-01
  979.56   0.35207E-01   0.36038E-01   0.36553E-01
  993.16   0.34511E-01   0.35343E-01   0.35850E-01
 1006.77   0.33838E-01   0.34672E-01   0.35171E-01
 1020.37   0.33175E-01   0.34010E-01   0.34501E-01
 1033.98   0.32540E-01   0.33376E-01   0.33858E-01
 1047.58   0.31920E-01   0.32757E-01   0.33231E-01
 1061.19   0.31317E-01   0.32155E-01   0.32622E-01
 1074.79   0.30737E-01   0.31576E-01   0.32034E-01
 1088.40   0.30163E-01   0.31002E-01   0.31452E-01
 1102.00   0.29612E-01   0.30451E-01   0.30894E-01
 1115.61   0.29074E-01   0.29914E-01   0.30349E-01
 1129.21   0.28551E-01   0.29391E-01   0.29818E-01
 1142.82   0.28039E-01   0.28879E-01   0.29298E-01
 1156.42   0.27546E-01   0.28385E-01   0.28797E-01
 1170.03   0.27064E-01   0.27903E-01   0.28307E-01
 1183.63   0.26595E-01   0.27433E-01   0.27830E-01
 1197.24   0.26136E-01   0.26974E-01   0.27363E-01
 1210.84   0.25688E-01   0.26525E-01   0.26907E-01
 1224.45   0.25252E-01   0.26089E-01   0.26463E-01
 1238.05   0.24828E-01   0.25664E-01   0.26031E-01
 1251.66   0.24415E-01   0.25249E-01   0.25609E-01
 1265.26   0.24011E-01   0.24844E-01   0.25196E-01
 1278.87   0.23615E-01   0.24447E-01   0.24793E-01
 1292.47   0.23230E-01   0.24061E-01   0.24399E-01
 1306.08   0.22854E-01   0.23684E-01   0.24015E-01
 1319.68   0.22489E-01   0.23316E-01   0.23641E-01
 1333.29   0.22132E-01   0.22958E-01   0.23276E-01
 1346.89   0.21780E-01   0.22605E-01   0.22916E-01
 1360.50   0.21440E-01   0.22263E-01   0.22568E-01
 1374.10   0.21107E-01   0.21928E-01   0.22226E-01
 1387.71   0.20781E-01   0.21600E-01   0.21892E-01
 1401.31   0.20464E-01   0.21281E-01   0.21567E-01
 1414.92   0.20155E-01   0.20970E-01   0.21250E-01
 1428.52   0.19848E-01   0.20661E-01   0.20934E-01
 1442.13   0.19551E-01   0.20362E-01   0.20629E-01
 1455.73   0.19260E-01   0.20068E-01   0.20329E-01
 1469.34   0.18975E-01   0.19781E-01   0.20037E-01
 1482.94   0.18699E-01   0.19502E-01   0.19752E-01
 1496.55   0.18423E-01   0.19224E-01   0.19467E-01
 1510.15   0.18157E-01   0.18956E-01   0.19194E-01
 1523.76   0.17896E-01   0.18692E-01   0.18924E-01
 1537.36   0.17640E-01   0.18433E-01   0.18660E-01
 1550.97   0.17390E-01   0.18180E-01   0.18402E-01
 1564.57   0.17147E-01   0.17934E-01   0.18150E-01
 1578.18   0.16904E-01   0.17689E-01   0.17900E-01
 1591.78   0.16670E-01   0.17452E-01   0.17658E-01
 1605.39   0.16440E-01   0.17219E-01   0.17420E-01
 1618.99   0.16214E-01   0.16991E-01   0.17186E-01
 1632.60   0.15993E-01   0.16767E-01   0.16957E-01
 1646.20   0.15776E-01   0.16546E-01   0.16732E-01
 1659.81   0.15564E-01   0.16332E-01   0.16512E-01
 1673.41   0.15357E-01   0.16121E-01   0.16297E-01
 1687.02   0.15153E-01   0.15914E-01   0.16085E-01
 1700.62   0.14953E-01   0.15711E-01   0.15878E-01
 1714.23   0.14757E-01   0.15512E-01   0.15674E-01
 1727.83   0.14564E-01   0.15316E-01   0.15473E-01
 1741.44   0.14375E-01   0.15123E-01   0.15277E-01
 1755.04   0.14190E-01   0.14935E-01   0.15084E-01
 1768.65   0.14008E-01   0.14750E-01   0.14895E-01
 1782.25   0.13830E-01   0.14569E-01   0.14709E-01
 1795.86   0.13655E-01   0.14390E-01   0.14526E-01
 1809.46   0.13483E-01   0.14214E-01   0.14346E-01
 1823.07   0.13314E-01   0.14042E-01   0.14170E-01
 1836.67   0.13148E-01   0.13873E-01   0.13997E-01
 1850.28   0.12985E-01   0.13707E-01   0.13827E-01
 1863.88   0.12826E-01   0.13544E-01   0.13660E-01
 1877.49   0.12669E-01   0.13385E-01   0.13497E-01
 1891.09   0.12514E-01   0.13226E-01   0.13334E-01
 1904.70   0.12363E-01   0.13072E-01   0.13176E-01
 1918.30   0.12215E-01   0.12919E-01   0.13020E-01
 1931.91   0.12069E-01   0.12770E-01   0.12867E-01
 1945.51   0.11925E-01   0.12623E-01   0.12717E-01
 1959.12   0.11785E-01   0.12479E-01   0.12570E-01
 1972.72   0.11645E-01   0.12336E-01   0.12423E-01
 1986.33   0.11510E-01   0.12197E-01   0.12281E-01
 1999.93   0.11376E-01   0.12060E-01   0.12140E-01
 2013.54   0.11245E-01   0.11925E-01   0.12002E-01
 2027.14   0.11115E-01   0.11792E-01   0.11865E-01
 2040.75   0.10988E-01   0.11661E-01   0.11732E-01
 2054.35   0.10864E-01   0.11534E-01   0.11601E-01
 2067.96   0.10740E-01   0.11405E-01   0.11470E-01
 2081.56   0.10619E-01   0.11281E-01   0.11342E-01
 2095.17   0.10500E-01   0.11159E-01   0.11217E-01
 2108.77   0.10383E-01   0.11038E-01   0.11093E-01
 2122.38   0.10268E-01   0.10919E-01   0.10971E-01
 2135.98   0.10155E-01   0.10802E-01   0.10852E-01
 2149.59   0.10043E-01   0.10686E-01   0.10733E-01
 2163.19   0.99335E-02   0.10573E-01   0.10617E-01
 2176.80   0.98259E-02   0.10462E-01   0.10503E-01
 2190.40   0.97198E-02   0.10352E-01   0.10391E-01
 2204.01   0.96154E-02   0.10244E-01   0.10280E-01
 2217.61   0.95126E-02   0.10138E-01   0.10171E-01
 2231.22   0.94116E-02   0.10033E-01   0.10063E-01
 2244.82   0.93118E-02   0.99293E-02   0.99572E-02
 2258.43   0.92139E-02   0.98277E-02   0.98531E-02
 2272.03   0.91175E-02   0.97276E-02   0.97505E-02
 2285.64   0.90226E-02   0.96289E-02   0.96494E-02
 2299.24   0.89291E-02   0.95317E-02   0.95498E-02
 2312.85   0.88370E-02   0.94358E-02   0.94515E-02
 2326.45   0.87462E-02   0.93413E-02   0.93547E-02
 2340.06   0.86568E-02   0.92481E-02   0.92592E-02
 2353.66   0.85688E-02   0.91563E-02   0.91652E-02
 2367.27   0.84821E-02   0.90658E-02   0.90726E-02
 2380.87   0.83968E-02   0.89767E-02   0.89813E-02
 2394.48   0.83126E-02   0.88888E-02   0.88912E-02
 2408.08   0.82297E-02   0.88021E-02   0.88024E-02
 2421.69   0.81480E-02   0.87165E-02   0.87148E-02
 2435.29   0.80674E-02   0.86322E-02   0.86284E-02
 2448.90   0.79880E-02   0.85490E-02   0.85433E-02
 2462.50   0.79099E-02   0.84671E-02   0.84593E-02
 2476.11   0.78328E-02   0.83863E-02   0.83766E-02
 2489.71   0.77569E-02   0.83066E-02   0.82950E-02
 2503.32   0.76821E-02   0.82280E-02   0.82146E-02
 2516.92   0.76084E-02   0.81505E-02   0.81353E-02
 2530.53   0.75356E-02   0.80739E-02   0.80569E-02
 2544.13   0.74639E-02   0.79985E-02   0.79796E-02
 2557.74   0.73933E-02   0.79241E-02   0.79035E-02
 2571.34   0.73236E-02   0.78507E-02   0.78283E-02
 2584.95   0.72550E-02   0.77783E-02   0.77542E-02
 2598.55   0.71873E-02   0.77068E-02   0.76811E-02
 2612.16   0.71206E-02   0.76363E-02   0.76090E-02
 2625.76   0.70547E-02   0.75667E-02   0.75378E-02
 2639.37   0.69898E-02   0.74980E-02   0.74675E-02
 2652.97   0.69257E-02   0.74302E-02   0.73981E-02
 2666.58   0.68625E-02   0.73633E-02   0.73297E-02
 2680.18   0.68002E-02   0.72973E-02   0.72621E-02
 2693.79   0.67387E-02   0.72320E-02   0.71954E-02
 2707.39   0.66780E-02   0.71676E-02   0.71295E-02
 2721.00   0.66183E-02   0.71041E-02   0.70646E-02
 2734.60   0.65592E-02   0.70413E-02   0.70004E-02
 2748.21   0.65009E-02   0.69793E-02   0.69370E-02
 2761.81   0.64434E-02   0.69181E-02   0.68744E-02
 2775.42   0.63866E-02   0.68576E-02   0.68126E-02
 2789.02   0.63307E-02   0.67980E-02   0.67516E-02
 2802.63   0.62754E-02   0.67390E-02   0.66914E-02
 2816.23   0.62208E-02   0.66807E-02   0.66318E-02
 2829.84   0.61671E-02   0.66233E-02   0.65732E-02
 2843.44   0.61140E-02   0.65665E-02   0.65152E-02
 2857.05   0.60616E-02   0.65104E-02   0.64579E-02
 2870.65   0.60098E-02   0.64550E-02   0.64013E-02
 2884.26   0.59588E-02   0.64003E-02   0.63454E-02
 2897.86   0.59084E-02   0.63462E-02   0.62902E-02
 2911.47   0.58586E-02   0.62928E-02   0.62357E-02
 2925.07   0.58096E-02   0.62402E-02   0.61819E-02
 2938.68   0.57611E-02   0.61880E-02   0.61287E-02
 2952.28   0.57132E-02   0.61365E-02   0.60761E-02
 2965.89   0.56659E-02   0.60855E-02   0.60242E-02
 2979.49   0.56191E-02   0.60352E-02   0.59728E-02
 2993.10   0.55730E-02   0.59855E-02   0.59221E-02
 3006.70   0.55275E-02   0.59364E-02   0.58720E-02
 3020.31   0.54826E-02   0.58879E-02   0.58225E-02
 3033.91   0.54382E-02   0.58399E-02   0.57736E-02
 3047.52   0.53943E-02   0.57925E-02   0.57253E-02
 3061.12   0.53510E-02   0.57456E-02   0.56775E-02
 3074.73   0.53081E-02   0.56992E-02   0.56302E-02
 3088.33   0.52658E-02   0.56533E-02   0.55834E-02
 3101.94   0.52239E-02   0.56079E-02   0.55372E-02
 3115.54   0.51826E-02   0.55631E-02   0.54915E-02
 3129.15   0.51418E-02   0.55188E-02   0.54464E-02
 3142.75   0.51016E-02   0.54751E-02   0.54019E-02
 3156.36   0.50618E-02   0.54318E-02   0.53578E-02
 3169.96   0.50224E-02   0.53890E-02   0.53142E-02
 3183.57   0.49835E-02   0.53466E-02   0.52711E-02
 3197.17   0.49450E-02   0.53046E-02   0.52284E-02
 3210.78   0.49069E-02   0.52631E-02   0.51862E-02
 3224.38   0.48693E-02   0.52221E-02   0.51444E-02
 3237.99   0.48321E-02   0.51815E-02   0.51031E-02
 3251.59   0.47958E-02   0.51417E-02   0.50627E-02
 3265.20   0.47595E-02   0.51021E-02   0.50224E-02
 3278.80   0.47237E-02   0.50629E-02   0.49826E-02
 3292.41   0.46884E-02   0.50242E-02   0.49432E-02
 3306.01   0.46534E-02   0.49858E-02   0.49043E-02
 3319.62   0.46187E-02   0.49478E-02   0.48656E-02
 3333.22   0.45844E-02   0.49101E-02   0.48274E-02
 3346.83   0.45504E-02   0.48728E-02   0.47894E-02
 3360.43   0.45176E-02   0.48367E-02   0.47528E-02
 3374.04   0.44844E-02   0.48002E-02   0.47157E-02
 3387.64   0.44517E-02   0.47642E-02   0.46792E-02
 3401.25   0.44195E-02   0.47286E-02   0.46431E-02
 3414.85   0.43876E-02   0.46934E-02   0.46074E-02
 3428.46   0.43560E-02   0.46586E-02   0.45720E-02
 3442.06   0.43246E-02   0.46240E-02   0.45370E-02
 3455.67   0.42933E-02   0.45894E-02   0.45019E-02
 3469.27   0.42639E-02   0.45568E-02   0.44688E-02
 3482.88   0.42332E-02   0.45228E-02   0.44344E-02
 3496.48   0.42032E-02   0.44896E-02   0.44007E-02
 3510.09   0.41736E-02   0.44568E-02   0.43675E-02
 3523.69   0.41444E-02   0.44244E-02   0.43347E-02
 3537.30   0.41155E-02   0.43923E-02   0.43022E-02
 3550.90   0.40869E-02   0.43606E-02   0.42701E-02
 3564.51   0.40585E-02   0.43290E-02   0.42381E-02
 3578.11   0.40300E-02   0.42972E-02   0.42060E-02
 3591.72   0.40033E-02   0.42674E-02   0.41758E-02
 3605.32   0.39757E-02   0.42367E-02   0.41448E-02
 3618.93   0.39485E-02   0.42064E-02   0.41141E-02
 3632.53   0.39217E-02   0.41764E-02   0.40838E-02
 3646.14   0.38952E-02   0.41468E-02   0.40539E-02
 3659.74   0.38690E-02   0.41175E-02   0.40243E-02
 3673.35   0.38431E-02   0.40885E-02   0.39950E-02
 3686.95   0.38173E-02   0.40597E-02   0.39658E-02
 3700.56   0.37925E-02   0.40317E-02   0.39376E-02
 3714.16   0.37671E-02   0.40034E-02   0.39090E-02
 3727.77   0.37422E-02   0.39753E-02   0.38807E-02
 3741.37   0.37175E-02   0.39476E-02   0.38527E-02
 3754.98   0.36930E-02   0.39201E-02   0.38250E-02
 3768.58   0.36689E-02   0.38930E-02   0.37976E-02
 3782.19   0.36451E-02   0.38661E-02   0.37706E-02
 3795.79   0.36215E-02   0.38396E-02   0.37438E-02
 3809.40   0.35982E-02   0.38133E-02   0.37173E-02
 3823.00   0.35752E-02   0.37874E-02   0.36912E-02
 3836.61   0.35523E-02   0.37615E-02   0.36651E-02
 3850.21   0.35296E-02   0.37359E-02   0.36393E-02
 3863.82   0.35071E-02   0.37104E-02   0.36137E-02
 3877.42   0.34848E-02   0.36852E-02   0.35883E-02
 3891.03   0.34628E-02   0.36602E-02   0.35632E-02
 3904.63   0.34409E-02   0.36355E-02   0.35383E-02
 3918.24   0.34194E-02   0.36110E-02   0.35137E-02
 3931.84   0.33981E-02   0.35869E-02   0.34895E-02
 3945.45   0.33771E-02   0.35630E-02   0.34654E-02
 3959.05   0.33563E-02   0.35393E-02   0.34416E-02
 3972.66   0.33356E-02   0.35158E-02   0.34180E-02
 3986.26   0.33150E-02   0.34924E-02   0.33945E-02
 3999.87   0.32947E-02   0.34692E-02   0.33712E-02
 4013.47   0.32744E-02   0.34461E-02   0.33481E-02
 4027.08   0.32544E-02   0.34233E-02   0.33252E-02
 4040.68   0.32345E-02   0.34006E-02   0.33024E-02
 4054.29   0.32149E-02   0.33782E-02   0.32800E-02
 4067.89   0.31960E-02   0.33566E-02   0.32583E-02
 4081.50   0.31769E-02   0.33347E-02   0.32363E-02
 4095.10   0.31579E-02   0.33130E-02   0.32146E-02
 4108.71   0.31392E-02   0.32916E-02   0.31931E-02
 4122.31   0.31206E-02   0.32702E-02   0.31718E-02
 4135.92   0.31021E-02   0.32490E-02   0.31505E-02
 4149.52   0.30837E-02   0.32279E-02   0.31294E-02
 4163.13   0.30653E-02   0.32068E-02   0.31083E-02
 4176.73   0.30471E-02   0.31859E-02   0.30874E-02
 4190.34   0.30303E-02   0.31665E-02   0.30680E-02
 4203.94   0.30125E-02   0.31461E-02   0.30476E-02
 4217.55   0.29951E-02   0.31260E-02   0.30275E-02
 4231.15   0.29779E-02   0.31062E-02   0.30077E-02
 4244.76   0.29608E-02   0.30865E-02   0.29881E-02
 4258.36   0.29439E-02   0.30670E-02   0.29686E-02
 4271.97   0.29270E-02   0.30475E-02   0.29491E-02
 4285.57   0.29101E-02   0.30280E-02   0.29297E-02
 4299.18   0.28933E-02   0.30086E-02   0.29104E-02
 4312.78   0.28782E-02   0.29911E-02   0.28929E-02
 4326.39   0.28615E-02   0.29718E-02   0.28737E-02
 4339.99   0.28453E-02   0.29531E-02   0.28550E-02
 4353.60   0.28294E-02   0.29347E-02   0.28366E-02
 4367.20   0.28137E-02   0.29164E-02   0.28185E-02
 4380.81   0.27981E-02   0.28984E-02   0.28005E-02
 4394.41   0.27827E-02   0.28805E-02   0.27827E-02
 4408.02   0.27673E-02   0.28626E-02   0.27649E-02
 4421.62   0.27516E-02   0.28444E-02   0.27469E-02
 4435.23   0.27387E-02   0.28292E-02   0.27316E-02
 4448.83   0.27226E-02   0.28105E-02   0.27131E-02
 4462.44   0.27075E-02   0.27930E-02   0.26957E-02
 4476.04   0.26927E-02   0.27758E-02   0.26786E-02
 4489.65   0.26781E-02   0.27588E-02   0.26617E-02
 4503.25   0.26637E-02   0.27420E-02   0.26451E-02
 4516.86   0.26495E-02   0.27254E-02   0.26286E-02
 4530.46   0.26354E-02   0.27089E-02   0.26123E-02
 4544.07   0.26213E-02   0.26925E-02   0.25960E-02
 4557.67   0.26072E-02   0.26760E-02   0.25796E-02
 4571.28   0.25943E-02   0.26608E-02   0.25645E-02
 4584.88   0.25803E-02   0.26445E-02   0.25484E-02
 4598.49   0.25666E-02   0.26285E-02   0.25325E-02
 4612.09   0.25531E-02   0.26126E-02   0.25168E-02
 4625.70   0.25396E-02   0.25969E-02   0.25013E-02
 4639.30   0.25264E-02   0.25814E-02   0.24859E-02
 4652.91   0.25133E-02   0.25660E-02   0.24707E-02
 4666.51   0.25004E-02   0.25508E-02   0.24557E-02
 4680.12   0.24876E-02   0.25358E-02   0.24408E-02
 4693.72   0.24747E-02   0.25206E-02   0.24259E-02
 4707.33   0.24625E-02   0.25062E-02   0.24116E-02
 4720.93   0.24499E-02   0.24914E-02   0.23970E-02
 4734.54   0.24374E-02   0.24767E-02   0.23825E-02
 4748.14   0.24249E-02   0.24620E-02   0.23680E-02
 4761.75   0.24126E-02   0.24475E-02   0.23536E-02
 4775.35   0.24003E-02   0.24330E-02   0.23394E-02
 4788.96   0.23882E-02   0.24188E-02   0.23254E-02
 4802.56   0.23763E-02   0.24047E-02   0.23115E-02
 4816.17   0.23645E-02   0.23908E-02   0.22978E-02
 4829.77   0.23529E-02   0.23771E-02   0.22843E-02
 4843.38   0.23413E-02   0.23634E-02   0.22708E-02
 4856.98   0.23298E-02   0.23498E-02   0.22574E-02
 4870.59   0.23183E-02   0.23362E-02   0.22441E-02
 4884.19   0.23069E-02   0.23227E-02   0.22308E-02
 4897.80   0.22955E-02   0.23092E-02   0.22176E-02
 4911.40   0.22842E-02   0.22959E-02   0.22044E-02
 4925.01   0.22729E-02   0.22826E-02   0.21914E-02
 4938.61   0.22618E-02   0.22694E-02   0.21784E-02
 4952.22   0.22506E-02   0.22562E-02   0.21655E-02
 4965.82   0.22405E-02   0.22441E-02   0.21536E-02
 4979.43   0.22296E-02   0.22312E-02   0.21409E-02
 4993.03   0.22189E-02   0.22186E-02   0.21286E-02
 5006.64   0.22084E-02   0.22061E-02   0.21163E-02
 5020.24   0.21979E-02   0.21936E-02   0.21041E-02
 5033.85   0.21874E-02   0.21812E-02   0.20920E-02
 5047.45   0.21770E-02   0.21688E-02   0.20798E-02
 5061.06   0.21665E-02   0.21564E-02   0.20677E-02
 5074.66   0.21561E-02   0.21440E-02   0.20556E-02
 5088.27   0.21453E-02   0.21314E-02   0.20433E-02
 5101.87   0.21373E-02   0.21214E-02   0.20335E-02
 5115.48   0.21264E-02   0.21087E-02   0.20211E-02
 5129.08   0.21165E-02   0.20969E-02   0.20095E-02
 5142.69   0.21067E-02   0.20853E-02   0.19982E-02
 5156.29   0.20970E-02   0.20737E-02   0.19869E-02
 5169.90   0.20874E-02   0.20623E-02   0.19757E-02
 5183.50   0.20777E-02   0.20508E-02   0.19645E-02
 5197.11   0.20681E-02   0.20394E-02   0.19534E-02
 5210.71   0.20584E-02   0.20279E-02   0.19422E-02
 5224.32   0.20483E-02   0.20160E-02   0.19306E-02
 5237.92   0.20382E-02   0.20041E-02   0.19191E-02
 5251.53   0.20311E-02   0.19952E-02   0.19104E-02
 5265.13   0.20215E-02   0.19839E-02   0.18994E-02
 5278.74   0.20123E-02   0.19730E-02   0.18887E-02
 5292.34   0.20033E-02   0.19622E-02   0.18782E-02
 5305.95   0.19943E-02   0.19515E-02   0.18679E-02
 5319.55   0.19855E-02   0.19410E-02   0.18576E-02
 5333.16   0.19766E-02   0.19304E-02   0.18473E-02
 5346.76   0.19677E-02   0.19198E-02   0.18370E-02
 5360.37   0.19586E-02   0.19090E-02   0.18266E-02
 5373.97   0.19494E-02   0.18982E-02   0.18161E-02
 5387.58   0.19426E-02   0.18897E-02   0.18078E-02
 5401.18   0.19335E-02   0.18789E-02   0.17974E-02
 5414.79   0.19247E-02   0.18686E-02   0.17873E-02
 5428.39   0.19162E-02   0.18584E-02   0.17775E-02
 5442.00   0.19078E-02   0.18484E-02   0.17678E-02
 5455.60   0.18995E-02   0.18385E-02   0.17582E-02
 5469.21   0.18913E-02   0.18287E-02   0.17487E-02
 5482.81   0.18832E-02   0.18190E-02   0.17393E-02
 5496.42   0.18750E-02   0.18092E-02   0.17299E-02
 5510.02   0.18663E-02   0.17991E-02   0.17200E-02
 5523.63   0.18605E-02   0.17916E-02   0.17128E-02
 5537.23   0.18515E-02   0.17811E-02   0.17027E-02
 5550.84   0.18433E-02   0.17714E-02   0.16933E-02
 5564.44   0.18352E-02   0.17618E-02   0.16840E-02
 5578.05   0.18272E-02   0.17523E-02   0.16749E-02
 5591.65   0.18194E-02   0.17430E-02   0.16659E-02
 5605.26   0.18117E-02   0.17338E-02   0.16570E-02
 5618.86   0.18041E-02   0.17247E-02   0.16482E-02
 5632.47   0.17966E-02   0.17157E-02   0.16396E-02
 5646.07   0.17890E-02   0.17068E-02   0.16309E-02
 5659.68   0.17814E-02   0.16977E-02   0.16222E-02
 5673.28   0.17747E-02   0.16895E-02   0.16143E-02
 5686.89   0.17671E-02   0.16805E-02   0.16056E-02
 5700.49   0.17596E-02   0.16716E-02   0.15971E-02
 5714.10   0.17522E-02   0.16627E-02   0.15886E-02
 5727.70   0.17448E-02   0.16540E-02   0.15801E-02
 5741.31   0.17374E-02   0.16452E-02   0.15717E-02
 5754.91   0.17302E-02   0.16366E-02   0.15635E-02
 5768.52   0.17230E-02   0.16281E-02   0.15553E-02
 5782.12   0.17160E-02   0.16197E-02   0.15472E-02
 5795.73   0.17091E-02   0.16115E-02   0.15393E-02
 5809.33   0.17022E-02   0.16032E-02   0.15314E-02
 5822.94   0.16954E-02   0.15951E-02   0.15236E-02
 5836.54   0.16886E-02   0.15870E-02   0.15158E-02
 5850.15   0.16818E-02   0.15788E-02   0.15080E-02
 5863.75   0.16749E-02   0.15707E-02   0.15002E-02
 5877.36   0.16680E-02   0.15625E-02   0.14924E-02
 5890.96   0.16612E-02   0.15544E-02   0.14846E-02
 5904.57   0.16543E-02   0.15463E-02   0.14769E-02
 5918.17   0.16476E-02   0.15383E-02   0.14692E-02
 5931.78   0.16409E-02   0.15304E-02   0.14617E-02
 5945.38   0.16343E-02   0.15226E-02   0.14542E-02
 5958.99   0.16280E-02   0.15150E-02   0.14469E-02
 5972.59   0.16218E-02   0.15075E-02   0.14398E-02
 5986.20   0.16154E-02   0.15000E-02   0.14326E-02
 5999.80   0.16091E-02   0.14924E-02   0.14254E-02
 6013.41   0.16028E-02   0.14849E-02   0.14182E-02
 6027.01   0.15964E-02   0.14774E-02   0.14110E-02
 6040.62   0.15901E-02   0.14699E-02   0.14039E-02
 6054.22   0.15837E-02   0.14623E-02   0.13967E-02
 6067.83   0.15773E-02   0.14548E-02   0.13895E-02
 6081.43   0.15709E-02   0.14473E-02   0.13823E-02
 6095.04   0.15643E-02   0.14396E-02   0.13751E-02
 6108.64   0.15583E-02   0.14325E-02   0.13682E-02
 6122.25   0.15532E-02   0.14262E-02   0.13623E-02
 6135.85   0.15471E-02   0.14190E-02   0.13554E-02
 6149.46   0.15411E-02   0.14119E-02   0.13487E-02
 6163.06   0.15353E-02   0.14050E-02   0.13421E-02
 6176.67   0.15294E-02   0.13980E-02   0.13355E-02
 6190.27   0.15235E-02   0.13911E-02   0.13289E-02
 6203.88   0.15176E-02   0.13841E-02   0.13222E-02
 6217.48   0.15116E-02   0.13771E-02   0.13156E-02
 6231.09   0.15055E-02   0.13700E-02   0.13088E-02
 6244.69   0.14992E-02   0.13626E-02   0.13019E-02
 6258.30   0.14932E-02   0.13557E-02   0.12953E-02
 6271.90   0.14894E-02   0.13506E-02   0.12905E-02
 6285.51   0.14833E-02   0.13436E-02   0.12838E-02
 6299.11   0.14775E-02   0.13368E-02   0.12774E-02
 6312.72   0.14720E-02   0.13303E-02   0.12712E-02
 6326.32   0.14665E-02   0.13238E-02   0.12651E-02
 6339.93   0.14610E-02   0.13174E-02   0.12590E-02
 6353.53   0.14556E-02   0.13109E-02   0.12529E-02
 6367.14   0.14500E-02   0.13045E-02   0.12468E-02
 6380.74   0.14444E-02   0.12979E-02   0.12406E-02
 6394.35   0.14386E-02   0.12912E-02   0.12342E-02
 6407.95   0.14329E-02   0.12846E-02   0.12280E-02
 6421.56   0.14299E-02   0.12804E-02   0.12241E-02
 6435.16   0.14236E-02   0.12733E-02   0.12174E-02
 6448.77   0.14180E-02   0.12669E-02   0.12113E-02
 6462.37   0.14126E-02   0.12606E-02   0.12053E-02
 6475.98   0.14073E-02   0.12544E-02   0.11995E-02
 6489.58   0.14022E-02   0.12484E-02   0.11939E-02
 6503.19   0.13971E-02   0.12424E-02   0.11882E-02
 6516.79   0.13920E-02   0.12365E-02   0.11826E-02
 6530.40   0.13869E-02   0.12305E-02   0.11770E-02
 6544.00   0.13817E-02   0.12245E-02   0.11713E-02
 6557.61   0.13758E-02   0.12179E-02   0.11651E-02
 6571.21   0.13699E-02   0.12113E-02   0.11588E-02
 6584.82   0.13676E-02   0.12077E-02   0.11556E-02
 6598.42   0.13621E-02   0.12016E-02   0.11497E-02
 6612.03   0.13569E-02   0.11956E-02   0.11441E-02
 6625.63   0.13518E-02   0.11897E-02   0.11386E-02
 6639.24   0.13468E-02   0.11839E-02   0.11332E-02
 6652.84   0.13420E-02   0.11783E-02   0.11279E-02
 6666.45   0.13372E-02   0.11727E-02   0.11226E-02
 6680.05   0.13324E-02   0.11672E-02   0.11175E-02
 6693.66   0.13277E-02   0.11617E-02   0.11123E-02
 6707.26   0.13228E-02   0.11561E-02   0.11071E-02
 6720.87   0.13179E-02   0.11505E-02   0.11018E-02
 6734.47   0.13144E-02   0.11461E-02   0.10977E-02
 6748.08   0.13093E-02   0.11403E-02   0.10923E-02
 6761.68   0.13044E-02   0.11347E-02   0.10870E-02
 6775.29   0.12996E-02   0.11292E-02   0.10819E-02
 6788.89   0.12948E-02   0.11237E-02   0.10767E-02
 6802.50   0.12900E-02   0.11183E-02   0.10717E-02
 6816.10   0.12853E-02   0.11130E-02   0.10667E-02
 6829.71   0.12807E-02   0.11077E-02   0.10617E-02
 6843.31   0.12762E-02   0.11026E-02   0.10569E-02
 6856.92   0.12718E-02   0.10975E-02   0.10521E-02
 6870.52   0.12674E-02   0.10924E-02   0.10474E-02
 6884.13   0.12629E-02   0.10872E-02   0.10426E-02
 6897.73   0.12589E-02   0.10825E-02   0.10382E-02
 6911.34   0.12544E-02   0.10775E-02   0.10335E-02
 6924.94   0.12499E-02   0.10724E-02   0.10288E-02
 6938.55   0.12454E-02   0.10673E-02   0.10240E-02
 6952.15   0.12409E-02   0.10622E-02   0.10193E-02
 6965.76   0.12364E-02   0.10572E-02   0.10145E-02
 6979.36   0.12319E-02   0.10521E-02   0.10098E-02
 6992.97   0.12275E-02   0.10471E-02   0.10052E-02
 7006.57   0.12232E-02   0.10422E-02   0.10006E-02
 7020.18   0.12189E-02   0.10374E-02   0.99612E-03
 7033.78   0.12147E-02   0.10327E-02   0.99168E-03
 7047.39   0.12106E-02   0.10281E-02   0.98740E-03
 7060.99   0.12066E-02   0.10234E-02   0.98310E-03
 7074.60   0.12025E-02   0.10188E-02   0.97879E-03
 7088.20   0.11984E-02   0.10142E-02   0.97448E-03
 7101.81   0.11942E-02   0.10095E-02   0.97015E-03
 7115.41   0.11900E-02   0.10048E-02   0.96579E-03
 7129.02   0.11858E-02   0.10001E-02   0.96141E-03
 7142.62   0.11815E-02   0.99539E-03   0.95702E-03
 7156.23   0.11772E-02   0.99068E-03   0.95264E-03
 7169.83   0.11730E-02   0.98600E-03   0.94828E-03
 7183.44   0.11687E-02   0.98134E-03   0.94395E-03
 7197.04   0.11644E-02   0.97658E-03   0.93953E-03
 7210.65   0.11606E-02   0.97236E-03   0.93562E-03
 7224.25   0.11573E-02   0.96847E-03   0.93202E-03
 7237.86   0.11533E-02   0.96404E-03   0.92791E-03
 7251.46   0.11494E-02   0.95971E-03   0.92390E-03
 7265.07   0.11455E-02   0.95541E-03   0.91992E-03
 7278.67   0.11416E-02   0.95110E-03   0.91593E-03
 7292.28   0.11377E-02   0.94677E-03   0.91191E-03
 7305.88   0.11337E-02   0.94240E-03   0.90786E-03
 7319.49   0.11296E-02   0.93800E-03   0.90378E-03
 7333.09   0.11255E-02   0.93356E-03   0.89966E-03
 7346.70   0.11213E-02   0.92907E-03   0.89549E-03
 7360.30   0.11168E-02   0.92430E-03   0.89106E-03
 7373.91   0.11131E-02   0.92020E-03   0.88727E-03
 7387.51   0.11109E-02   0.91741E-03   0.88473E-03
 7401.12   0.11067E-02   0.91297E-03   0.88062E-03
 7414.72   0.11029E-02   0.90881E-03   0.87677E-03
 7428.33   0.10992E-02   0.90476E-03   0.87303E-03
 7441.93   0.10955E-02   0.90076E-03   0.86933E-03
 7455.54   0.10918E-02   0.89677E-03   0.86565E-03
 7469.14   0.10881E-02   0.89277E-03   0.86195E-03
 7482.75   0.10844E-02   0.88872E-03   0.85821E-03
 7496.35   0.10805E-02   0.88462E-03   0.85442E-03
 7509.96   0.10765E-02   0.88041E-03   0.85052E-03
 7523.56   0.10722E-02   0.87592E-03   0.84635E-03
 7537.17   0.10684E-02   0.87189E-03   0.84263E-03
 7550.77   0.10673E-02   0.87004E-03   0.84101E-03
 7564.38   0.10627E-02   0.86542E-03   0.83672E-03
 7577.98   0.10588E-02   0.86133E-03   0.83293E-03
 7591.59   0.10551E-02   0.85742E-03   0.82932E-03
 7605.19   0.10516E-02   0.85361E-03   0.82581E-03
 7618.80   0.10481E-02   0.84986E-03   0.82237E-03
 7632.40   0.10446E-02   0.84616E-03   0.81896E-03
 7646.01   0.10411E-02   0.84246E-03   0.81555E-03
 7659.61   0.10376E-02   0.83873E-03   0.81211E-03
 7673.22   0.10340E-02   0.83493E-03   0.80861E-03
 7686.82   0.10301E-02   0.83094E-03   0.80492E-03
 7700.43   0.10249E-02   0.82591E-03   0.80022E-03
 7714.03   0.10265E-02   0.82628E-03   0.80076E-03
 7727.64   0.10210E-02   0.82106E-03   0.79588E-03
 7741.24   0.10171E-02   0.81704E-03   0.79216E-03
 7754.85   0.10134E-02   0.81324E-03   0.78865E-03
 7768.45   0.10098E-02   0.80955E-03   0.78525E-03
 7782.06   0.10064E-02   0.80595E-03   0.78194E-03
 7795.66   0.10030E-02   0.80243E-03   0.77871E-03
 7809.27   0.99967E-03   0.79896E-03   0.77553E-03
 7822.87   0.99639E-03   0.79553E-03   0.77238E-03
 7836.48   0.99310E-03   0.79210E-03   0.76923E-03
 7850.08   0.98973E-03   0.78861E-03   0.76602E-03
 7863.69   0.98606E-03   0.78490E-03   0.76259E-03
 7877.29   0.98244E-03   0.78124E-03   0.75922E-03
 7890.90   0.98108E-03   0.77938E-03   0.75760E-03
 7904.50   0.97722E-03   0.77554E-03   0.75404E-03
 7918.11   0.97364E-03   0.77193E-03   0.75072E-03
 7931.71   0.97015E-03   0.76840E-03   0.74747E-03
 7945.32   0.96671E-03   0.76493E-03   0.74428E-03
 7958.92   0.96335E-03   0.76152E-03   0.74114E-03
 7972.53   0.96006E-03   0.75818E-03   0.73808E-03
 7986.13   0.95685E-03   0.75490E-03   0.73508E-03
 7999.74   0.95370E-03   0.75169E-03   0.73213E-03
 8013.34   0.95059E-03   0.74852E-03   0.72923E-03
 8026.95   0.94748E-03   0.74534E-03   0.72632E-03
 8040.55   0.94416E-03   0.74202E-03   0.72327E-03
 8054.16   0.94072E-03   0.73861E-03   0.72013E-03
 8067.76   0.93866E-03   0.73629E-03   0.71806E-03
 8081.37   0.93539E-03   0.73302E-03   0.71506E-03
 8094.97   0.93213E-03   0.72978E-03   0.71208E-03
 8108.58   0.92886E-03   0.72653E-03   0.70910E-03
 8122.18   0.92558E-03   0.72329E-03   0.70612E-03
 8135.79   0.92232E-03   0.72007E-03   0.70317E-03
 8149.39   0.91911E-03   0.71689E-03   0.70025E-03
 8163.00   0.91595E-03   0.71377E-03   0.69739E-03
 8176.60   0.91287E-03   0.71071E-03   0.69459E-03
 8190.21   0.90986E-03   0.70771E-03   0.69185E-03
 8203.81   0.90690E-03   0.70477E-03   0.68916E-03
 8217.42   0.90395E-03   0.70183E-03   0.68648E-03
 8231.02   0.90120E-03   0.69907E-03   0.68396E-03
 8244.63   0.89826E-03   0.69616E-03   0.68130E-03
 8258.23   0.89533E-03   0.69326E-03   0.67865E-03
 8271.84   0.89235E-03   0.69033E-03   0.67598E-03
 8285.44   0.88932E-03   0.68737E-03   0.67327E-03
 8299.05   0.88624E-03   0.68439E-03   0.67054E-03
 8312.65   0.88313E-03   0.68139E-03   0.66778E-03
 8326.26   0.88001E-03   0.67838E-03   0.66503E-03
 8339.86   0.87691E-03   0.67540E-03   0.66229E-03
 8353.47   0.87384E-03   0.67245E-03   0.65959E-03
 8367.07   0.87082E-03   0.66955E-03   0.65694E-03
 8380.68   0.86783E-03   0.66667E-03   0.65431E-03
 8394.28   0.86475E-03   0.66375E-03   0.65162E-03
 8407.89   0.86272E-03   0.66161E-03   0.64972E-03
 8421.49   0.85971E-03   0.65875E-03   0.64710E-03
 8435.10   0.85690E-03   0.65605E-03   0.64464E-03
 8448.70   0.85411E-03   0.65337E-03   0.64219E-03
 8462.31   0.85130E-03   0.65068E-03   0.63974E-03
 8475.91   0.84845E-03   0.64795E-03   0.63725E-03
 8489.52   0.84554E-03   0.64520E-03   0.63473E-03
 8503.12   0.84258E-03   0.64241E-03   0.63218E-03
 8516.73   0.83958E-03   0.63960E-03   0.62961E-03
 8530.33   0.83655E-03   0.63678E-03   0.62702E-03
 8543.94   0.83350E-03   0.63394E-03   0.62441E-03
 8557.54   0.83036E-03   0.63106E-03   0.62176E-03
 8571.15   0.82644E-03   0.62758E-03   0.61853E-03
 8584.75   0.82679E-03   0.62733E-03   0.61846E-03
 8598.36   0.82301E-03   0.62398E-03   0.61536E-03
 8611.96   0.82013E-03   0.62131E-03   0.61291E-03
 8625.57   0.81740E-03   0.61876E-03   0.61059E-03
 8639.17   0.81472E-03   0.61626E-03   0.60831E-03
 8652.78   0.81205E-03   0.61376E-03   0.60604E-03
 8666.38   0.80935E-03   0.61125E-03   0.60375E-03
 8679.99   0.80660E-03   0.60872E-03   0.60143E-03
 8693.59   0.80379E-03   0.60613E-03   0.59907E-03
 8707.20   0.80090E-03   0.60350E-03   0.59666E-03
 8720.80   0.79793E-03   0.60081E-03   0.59419E-03
 8734.41   0.79478E-03   0.59800E-03   0.59160E-03
 8748.01   0.79080E-03   0.59457E-03   0.58840E-03
 8761.62   0.78850E-03   0.59241E-03   0.58645E-03
 8775.22   0.78822E-03   0.59176E-03   0.58600E-03
 8788.83   0.78506E-03   0.58897E-03   0.58342E-03
 8802.43   0.78225E-03   0.58645E-03   0.58111E-03
 8816.04   0.77958E-03   0.58403E-03   0.57891E-03
 8829.64   0.77699E-03   0.58168E-03   0.57676E-03
 8843.25   0.77443E-03   0.57936E-03   0.57465E-03
 8856.85   0.77187E-03   0.57704E-03   0.57254E-03
 8870.46   0.76927E-03   0.57471E-03   0.57042E-03
 8884.06   0.76662E-03   0.57234E-03   0.56825E-03
 8897.67   0.76387E-03   0.56989E-03   0.56601E-03
 8911.27   0.76094E-03   0.56733E-03   0.56365E-03
 8924.88   0.75750E-03   0.56438E-03   0.56090E-03
 8938.48   0.75489E-03   0.56206E-03   0.55879E-03
 8952.09   0.75520E-03   0.56193E-03   0.55885E-03
 8965.69   0.75164E-03   0.55892E-03   0.55604E-03
 8979.30   0.74870E-03   0.55637E-03   0.55369E-03
 8992.90   0.74596E-03   0.55398E-03   0.55150E-03
 9006.51   0.74334E-03   0.55168E-03   0.54940E-03
 9020.11   0.74080E-03   0.54945E-03   0.54736E-03
 9033.72   0.73832E-03   0.54727E-03   0.54538E-03
 9047.32   0.73587E-03   0.54512E-03   0.54342E-03
 9060.93   0.73343E-03   0.54298E-03   0.54147E-03
 9074.53   0.73094E-03   0.54080E-03   0.53949E-03
 9088.14   0.72836E-03   0.53857E-03   0.53745E-03
 9101.74   0.72555E-03   0.53616E-03   0.53523E-03
 9115.35   0.72143E-03   0.53279E-03   0.53204E-03
 9128.95   0.72403E-03   0.53444E-03   0.53389E-03
 9142.56   0.71955E-03   0.53081E-03   0.53044E-03
 9156.16   0.71658E-03   0.52831E-03   0.52812E-03
 9169.77   0.71382E-03   0.52597E-03   0.52597E-03
 9183.37   0.71116E-03   0.52372E-03   0.52390E-03
 9196.98   0.70857E-03   0.52153E-03   0.52189E-03
 9210.58   0.70607E-03   0.51940E-03   0.51995E-03
 9224.19   0.70363E-03   0.51733E-03   0.51806E-03
 9237.79   0.70125E-03   0.51530E-03   0.51621E-03
 9251.40   0.69891E-03   0.51331E-03   0.51440E-03
 9265.00   0.69657E-03   0.51133E-03   0.51259E-03
 9278.61   0.69419E-03   0.50931E-03   0.51076E-03
 9292.21   0.69161E-03   0.50716E-03   0.50877E-03
 9305.82   0.68908E-03   0.50504E-03   0.50683E-03
 9319.42   0.68828E-03   0.50423E-03   0.50620E-03
 9333.03   0.68542E-03   0.50187E-03   0.50401E-03
 9346.63   0.68281E-03   0.49971E-03   0.50203E-03
 9360.24   0.68025E-03   0.49759E-03   0.50008E-03
 9373.84   0.67770E-03   0.49550E-03   0.49815E-03
 9387.45   0.67519E-03   0.49342E-03   0.49624E-03
 9401.05   0.67271E-03   0.49139E-03   0.49437E-03
 9414.66   0.67029E-03   0.48940E-03   0.49255E-03
 9428.26   0.66794E-03   0.48746E-03   0.49078E-03
 9441.87   0.66564E-03   0.48557E-03   0.48905E-03
 9455.47   0.66340E-03   0.48372E-03   0.48737E-03
 9469.08   0.66117E-03   0.48189E-03   0.48571E-03
 9482.68   0.65890E-03   0.48004E-03   0.48401E-03
 9496.29   0.65658E-03   0.47814E-03   0.48227E-03
 9509.89   0.65486E-03   0.47670E-03   0.48100E-03
 9523.50   0.65255E-03   0.47482E-03   0.47928E-03
 9537.10   0.65024E-03   0.47294E-03   0.47756E-03
 9550.71   0.64789E-03   0.47105E-03   0.47582E-03
 9564.31   0.64551E-03   0.46913E-03   0.47406E-03
 9577.92   0.64311E-03   0.46720E-03   0.47229E-03
 9591.52   0.64070E-03   0.46528E-03   0.47051E-03
 9605.13   0.63830E-03   0.46337E-03   0.46876E-03
 9618.73   0.63595E-03   0.46149E-03   0.46703E-03
 9632.34   0.63364E-03   0.45966E-03   0.46535E-03
 9645.94   0.63139E-03   0.45787E-03   0.46371E-03
 9659.55   0.62918E-03   0.45612E-03   0.46212E-03
 9673.15   0.62698E-03   0.45439E-03   0.46053E-03
 9686.76   0.62501E-03   0.45280E-03   0.45910E-03
 9700.36   0.62301E-03   0.45119E-03   0.45763E-03
 9713.97   0.62090E-03   0.44952E-03   0.45611E-03
 9727.57   0.61878E-03   0.44785E-03   0.45459E-03
 9741.18   0.61663E-03   0.44616E-03   0.45304E-03
 9754.78   0.61443E-03   0.44444E-03   0.45146E-03
 9768.39   0.61219E-03   0.44269E-03   0.44985E-03
 9781.99   0.60991E-03   0.44091E-03   0.44821E-03
 9795.60   0.60759E-03   0.43911E-03   0.44655E-03
 9809.20   0.60526E-03   0.43731E-03   0.44489E-03
 9822.81   0.60294E-03   0.43552E-03   0.44323E-03
 9836.41   0.60063E-03   0.43374E-03   0.44159E-03
 9850.02   0.59831E-03   0.43197E-03   0.43995E-03
 9863.62   0.59580E-03   0.43006E-03   0.43818E-03
 9877.23   0.59417E-03   0.42878E-03   0.43705E-03
 9890.83   0.59275E-03   0.42762E-03   0.43602E-03
 9904.44   0.59054E-03   0.42594E-03   0.43448E-03
 9918.04   0.58847E-03   0.42437E-03   0.43303E-03
 9931.65   0.58644E-03   0.42282E-03   0.43162E-03
 9945.25   0.58440E-03   0.42126E-03   0.43019E-03
 9958.86   0.58233E-03   0.41969E-03   0.42875E-03
 9972.46   0.58022E-03   0.41808E-03   0.42727E-03
 9986.07   0.57805E-03   0.41644E-03   0.42576E-03
 9999.67   0.57583E-03   0.41477E-03   0.42421E-03
