 1850.28   0.24327E-01   0.23353E-01   0.23165E-01
 1863.88   0.24161E-01   0.23188E-01   0.23003E-01
 1877.49   0.23997E-01   0.23025E-01   0.22841E-01
 1891.09   0.23834E-01   0.22862E-01   0.22682E-01
 1904.70   0.23673E-01   0.22702E-01   0.22523E-01
 1918.30   0.23512E-01   0.22543E-01   0.22367E-01
 1931.91   0.23354E-01   0.22385E-01   0.22211E-01
 1945.51   0.23196E-01   0.22229E-01   0.22057E-01
 1959.12   0.23040E-01   0.22074E-01   0.21905E-01
 1972.72   0.22886E-01   0.21921E-01   0.21754E-01
 1986.33   0.22732E-01   0.21769E-01   0.21604E-01
 1999.93   0.22580E-01   0.21618E-01   0.21456E-01
 2013.54   0.22430E-01   0.21469E-01   0.21309E-01
 2027.14   0.22280E-01   0.21322E-01   0.21164E-01
 2040.75   0.22132E-01   0.21175E-01   0.21020E-01
 2054.35   0.21985E-01   0.21030E-01   0.20877E-01
 2067.96   0.21841E-01   0.20887E-01   0.20737E-01
 2081.56   0.21697E-01   0.20745E-01   0.20597E-01
 2095.17   0.21554E-01   0.20605E-01   0.20459E-01
 2108.77   0.21413E-01   0.20465E-01   0.20322E-01
 2122.38   0.21273E-01   0.20328E-01   0.20186E-01
 2135.98   0.21133E-01   0.20191E-01   0.20052E-01
 2149.59   0.20996E-01   0.20056E-01   0.19919E-01
 2163.19   0.20859E-01   0.19922E-01   0.19787E-01
 2176.80   0.20724E-01   0.19789E-01   0.19656E-01
 2190.40   0.20590E-01   0.19657E-01   0.19526E-01
 2204.01   0.20456E-01   0.19526E-01   0.19398E-01
 2217.61   0.20325E-01   0.19397E-01   0.19271E-01
 2231.22   0.20194E-01   0.19269E-01   0.19145E-01
 2244.82   0.20064E-01   0.19142E-01   0.19020E-01
 2258.43   0.19935E-01   0.19016E-01   0.18896E-01
 2272.03   0.19807E-01   0.18891E-01   0.18773E-01
 2285.64   0.19680E-01   0.18767E-01   0.18651E-01
 2299.24   0.19554E-01   0.18644E-01   0.18531E-01
 2312.85   0.19430E-01   0.18523E-01   0.18411E-01
 2326.45   0.19306E-01   0.18402E-01   0.18293E-01
 2340.06   0.19183E-01   0.18283E-01   0.18175E-01
 2353.66   0.19061E-01   0.18164E-01   0.18059E-01
 2367.27   0.18941E-01   0.18047E-01   0.17943E-01
 2380.87   0.18821E-01   0.17930E-01   0.17829E-01
 2394.48   0.18702E-01   0.17815E-01   0.17715E-01
 2408.08   0.18584E-01   0.17700E-01   0.17603E-01
 2421.69   0.18467E-01   0.17587E-01   0.17491E-01
 2435.29   0.18351E-01   0.17475E-01   0.17381E-01
 2448.90   0.18236E-01   0.17364E-01   0.17272E-01
 2462.50   0.18122E-01   0.17254E-01   0.17164E-01
 2476.11   0.18009E-01   0.17144E-01   0.17056E-01
 2489.71   0.17897E-01   0.17036E-01   0.16949E-01
 2503.32   0.17785E-01   0.16928E-01   0.16843E-01
 2516.92   0.17675E-01   0.16821E-01   0.16739E-01
 2530.53   0.17566E-01   0.16716E-01   0.16636E-01
 2544.13   0.17457E-01   0.16612E-01   0.16533E-01
 2557.74   0.17350E-01   0.16508E-01   0.16431E-01
 2571.34   0.17243E-01   0.16406E-01   0.16330E-01
 2584.95   0.17137E-01   0.16304E-01   0.16230E-01
 2598.55   0.17031E-01   0.16202E-01   0.16130E-01
 2612.16   0.16926E-01   0.16101E-01   0.16031E-01
 2625.76   0.16824E-01   0.16003E-01   0.15935E-01
 2639.37   0.16721E-01   0.15904E-01   0.15837E-01
 2652.97   0.16619E-01   0.15807E-01   0.15741E-01
 2666.58   0.16518E-01   0.15710E-01   0.15646E-01
 2680.18   0.16418E-01   0.15614E-01   0.15552E-01
 2693.79   0.16318E-01   0.15518E-01   0.15458E-01
 2707.39   0.16217E-01   0.15423E-01   0.15364E-01
 2721.00   0.16122E-01   0.15331E-01   0.15274E-01
 2734.60   0.16023E-01   0.15237E-01   0.15182E-01
 2748.21   0.15926E-01   0.15145E-01   0.15091E-01
 2761.81   0.15830E-01   0.15053E-01   0.15001E-01
 2775.42   0.15735E-01   0.14963E-01   0.14912E-01
 2789.02   0.15641E-01   0.14873E-01   0.14823E-01
 2802.63   0.15547E-01   0.14783E-01   0.14735E-01
 2816.23   0.15453E-01   0.14694E-01   0.14647E-01
 2829.84   0.15362E-01   0.14608E-01   0.14563E-01
 2843.44   0.15270E-01   0.14520E-01   0.14476E-01
 2857.05   0.15178E-01   0.14434E-01   0.14391E-01
 2870.65   0.15088E-01   0.14348E-01   0.14307E-01
 2884.26   0.14998E-01   0.14263E-01   0.14224E-01
 2897.86   0.14910E-01   0.14179E-01   0.14141E-01
 2911.47   0.14821E-01   0.14095E-01   0.14059E-01
 2925.07   0.14735E-01   0.14014E-01   0.13978E-01
 2938.68   0.14647E-01   0.13931E-01   0.13897E-01
 2952.28   0.14561E-01   0.13849E-01   0.13817E-01
 2965.89   0.14475E-01   0.13768E-01   0.13737E-01
 2979.49   0.14390E-01   0.13688E-01   0.13658E-01
 2993.10   0.14305E-01   0.13608E-01   0.13579E-01
 3006.70   0.14222E-01   0.13530E-01   0.13502E-01
 3020.31   0.14139E-01   0.13452E-01   0.13425E-01
 3033.91   0.14057E-01   0.13374E-01   0.13349E-01
 3047.52   0.13975E-01   0.13297E-01   0.13273E-01
 3061.12   0.13893E-01   0.13221E-01   0.13198E-01
 3074.73   0.13812E-01   0.13145E-01   0.13123E-01
 3088.33   0.13732E-01   0.13069E-01   0.13049E-01
 3101.94   0.13652E-01   0.12995E-01   0.12975E-01
 3115.54   0.13573E-01   0.12921E-01   0.12902E-01
 3129.15   0.13495E-01   0.12847E-01   0.12830E-01
 3142.75   0.13417E-01   0.12775E-01   0.12759E-01
 3156.36   0.13340E-01   0.12703E-01   0.12688E-01
 3169.96   0.13263E-01   0.12631E-01   0.12617E-01
 3183.57   0.13187E-01   0.12560E-01   0.12547E-01
 3197.17   0.13111E-01   0.12489E-01   0.12477E-01
 3210.78   0.13035E-01   0.12418E-01   0.12408E-01
 3224.38   0.12960E-01   0.12348E-01   0.12339E-01
 3237.99   0.12886E-01   0.12279E-01   0.12270E-01
 3251.59   0.12814E-01   0.12211E-01   0.12204E-01
 3265.20   0.12740E-01   0.12143E-01   0.12137E-01
 3278.80   0.12668E-01   0.12076E-01   0.12070E-01
 3292.41   0.12596E-01   0.12009E-01   0.12005E-01
 3306.01   0.12525E-01   0.11943E-01   0.11939E-01
 3319.62   0.12453E-01   0.11876E-01   0.11874E-01
 3333.22   0.12382E-01   0.11810E-01   0.11808E-01
 3346.83   0.12311E-01   0.11744E-01   0.11744E-01
 3360.43   0.12244E-01   0.11682E-01   0.11682E-01
 3374.04   0.12174E-01   0.11618E-01   0.11619E-01
 3387.64   0.12106E-01   0.11554E-01   0.11556E-01
 3401.25   0.12038E-01   0.11492E-01   0.11494E-01
 3414.85   0.11971E-01   0.11429E-01   0.11433E-01
 3428.46   0.11903E-01   0.11367E-01   0.11371E-01
 3442.06   0.11836E-01   0.11305E-01   0.11310E-01
 3455.67   0.11768E-01   0.11242E-01   0.11248E-01
 3469.27   0.11707E-01   0.11186E-01   0.11193E-01
 3482.88   0.11640E-01   0.11124E-01   0.11131E-01
 3496.48   0.11575E-01   0.11064E-01   0.11072E-01
 3510.09   0.11511E-01   0.11005E-01   0.11013E-01
 3523.69   0.11447E-01   0.10946E-01   0.10956E-01
 3537.30   0.11384E-01   0.10888E-01   0.10898E-01
 3550.90   0.11321E-01   0.10830E-01   0.10841E-01
 3564.51   0.11257E-01   0.10772E-01   0.10783E-01
 3578.11   0.11193E-01   0.10712E-01   0.10724E-01
 3591.72   0.11135E-01   0.10660E-01   0.10673E-01
 3605.32   0.11073E-01   0.10603E-01   0.10616E-01
 3618.93   0.11012E-01   0.10546E-01   0.10561E-01
 3632.53   0.10951E-01   0.10491E-01   0.10506E-01
 3646.14   0.10891E-01   0.10436E-01   0.10451E-01
 3659.74   0.10832E-01   0.10381E-01   0.10397E-01
 3673.35   0.10773E-01   0.10327E-01   0.10344E-01
 3686.95   0.10713E-01   0.10272E-01   0.10290E-01
 3700.56   0.10657E-01   0.10221E-01   0.10239E-01
 3714.16   0.10598E-01   0.10167E-01   0.10186E-01
 3727.77   0.10540E-01   0.10114E-01   0.10133E-01
 3741.37   0.10482E-01   0.10061E-01   0.10081E-01
 3754.98   0.10425E-01   0.10009E-01   0.10029E-01
 3768.58   0.10368E-01   0.99573E-02   0.99779E-02
 3782.19   0.10312E-01   0.99062E-02   0.99273E-02
 3795.79   0.10257E-01   0.98555E-02   0.98772E-02
 3809.40   0.10201E-01   0.98051E-02   0.98272E-02
 3823.00   0.10147E-01   0.97557E-02   0.97783E-02
 3836.61   0.10093E-01   0.97059E-02   0.97289E-02
 3850.21   0.10038E-01   0.96562E-02   0.96797E-02
 3863.82   0.99838E-02   0.96069E-02   0.96308E-02
 3877.42   0.99299E-02   0.95578E-02   0.95822E-02
 3891.03   0.98765E-02   0.95092E-02   0.95340E-02
 3904.63   0.98236E-02   0.94611E-02   0.94863E-02
 3918.24   0.97712E-02   0.94135E-02   0.94391E-02
 3931.84   0.97195E-02   0.93665E-02   0.93925E-02
 3945.45   0.96680E-02   0.93198E-02   0.93462E-02
 3959.05   0.96168E-02   0.92733E-02   0.93001E-02
 3972.66   0.95658E-02   0.92271E-02   0.92542E-02
 3986.26   0.95149E-02   0.91809E-02   0.92084E-02
 3999.87   0.94642E-02   0.91349E-02   0.91627E-02
 4013.47   0.94138E-02   0.90891E-02   0.91173E-02
 4027.08   0.93636E-02   0.90437E-02   0.90721E-02
 4040.68   0.93138E-02   0.89985E-02   0.90273E-02
 4054.29   0.92647E-02   0.89541E-02   0.89832E-02
 4067.89   0.92172E-02   0.89111E-02   0.89405E-02
 4081.50   0.91688E-02   0.88674E-02   0.88971E-02
 4095.10   0.91209E-02   0.88241E-02   0.88540E-02
 4108.71   0.90732E-02   0.87809E-02   0.88111E-02
 4122.31   0.90256E-02   0.87378E-02   0.87683E-02
 4135.92   0.89780E-02   0.86948E-02   0.87256E-02
 4149.52   0.89306E-02   0.86519E-02   0.86829E-02
 4163.13   0.88830E-02   0.86089E-02   0.86401E-02
 4176.73   0.88359E-02   0.85663E-02   0.85977E-02
 4190.34   0.87929E-02   0.85277E-02   0.85593E-02
 4203.94   0.87466E-02   0.84859E-02   0.85177E-02
 4217.55   0.87013E-02   0.84450E-02   0.84770E-02
 4231.15   0.86564E-02   0.84045E-02   0.84367E-02
 4244.76   0.86117E-02   0.83642E-02   0.83966E-02
 4258.36   0.85671E-02   0.83240E-02   0.83566E-02
 4271.97   0.85224E-02   0.82837E-02   0.83165E-02
 4285.57   0.84775E-02   0.82432E-02   0.82761E-02
 4299.18   0.84327E-02   0.82027E-02   0.82358E-02
 4312.78   0.83937E-02   0.81679E-02   0.82011E-02
 4326.39   0.83489E-02   0.81274E-02   0.81608E-02
 4339.99   0.83056E-02   0.80884E-02   0.81219E-02
 4353.60   0.82631E-02   0.80501E-02   0.80837E-02
 4367.20   0.82210E-02   0.80122E-02   0.80460E-02
 4380.81   0.81791E-02   0.79746E-02   0.80084E-02
 4394.41   0.81374E-02   0.79371E-02   0.79710E-02
 4408.02   0.80956E-02   0.78994E-02   0.79334E-02
 4421.62   0.80524E-02   0.78605E-02   0.78946E-02
 4435.23   0.80195E-02   0.78315E-02   0.78657E-02
 4448.83   0.79744E-02   0.77906E-02   0.78248E-02
 4462.44   0.79330E-02   0.77533E-02   0.77877E-02
 4476.04   0.78925E-02   0.77168E-02   0.77512E-02
 4489.65   0.78525E-02   0.76809E-02   0.77153E-02
 4503.25   0.78129E-02   0.76454E-02   0.76799E-02
 4516.86   0.77738E-02   0.76102E-02   0.76447E-02
 4530.46   0.77348E-02   0.75753E-02   0.76098E-02
 4544.07   0.76957E-02   0.75401E-02   0.75746E-02
 4557.67   0.76560E-02   0.75043E-02   0.75389E-02
 4571.28   0.76212E-02   0.74734E-02   0.75080E-02
 4584.88   0.75819E-02   0.74380E-02   0.74726E-02
 4598.49   0.75433E-02   0.74033E-02   0.74379E-02
 4612.09   0.75052E-02   0.73691E-02   0.74037E-02
 4625.70   0.74675E-02   0.73353E-02   0.73698E-02
 4639.30   0.74303E-02   0.73019E-02   0.73364E-02
 4652.91   0.73935E-02   0.72689E-02   0.73034E-02
 4666.51   0.73571E-02   0.72362E-02   0.72707E-02
 4680.12   0.73206E-02   0.72035E-02   0.72379E-02
 4693.72   0.72833E-02   0.71699E-02   0.72043E-02
 4707.33   0.72496E-02   0.71399E-02   0.71743E-02
 4720.93   0.72135E-02   0.71075E-02   0.71418E-02
 4734.54   0.71776E-02   0.70752E-02   0.71095E-02
 4748.14   0.71418E-02   0.70431E-02   0.70773E-02
 4761.75   0.71063E-02   0.70112E-02   0.70453E-02
 4775.35   0.70711E-02   0.69796E-02   0.70137E-02
 4788.96   0.70364E-02   0.69485E-02   0.69824E-02
 4802.56   0.70021E-02   0.69177E-02   0.69516E-02
 4816.17   0.69682E-02   0.68873E-02   0.69211E-02
 4829.77   0.69346E-02   0.68572E-02   0.68909E-02
 4843.38   0.69010E-02   0.68271E-02   0.68607E-02
 4856.98   0.68676E-02   0.67971E-02   0.68306E-02
 4870.59   0.68341E-02   0.67671E-02   0.68004E-02
 4884.19   0.68006E-02   0.67370E-02   0.67703E-02
 4897.80   0.67672E-02   0.67070E-02   0.67402E-02
 4911.40   0.67340E-02   0.66772E-02   0.67102E-02
 4925.01   0.67011E-02   0.66476E-02   0.66805E-02
 4938.61   0.66686E-02   0.66184E-02   0.66512E-02
 4952.22   0.66361E-02   0.65892E-02   0.66219E-02
 4965.82   0.66057E-02   0.65620E-02   0.65945E-02
 4979.43   0.65739E-02   0.65335E-02   0.65658E-02
 4993.03   0.65426E-02   0.65054E-02   0.65376E-02
 5006.64   0.65114E-02   0.64775E-02   0.65095E-02
 5020.24   0.64802E-02   0.64495E-02   0.64813E-02
 5033.85   0.64490E-02   0.64214E-02   0.64531E-02
 5047.45   0.64179E-02   0.63934E-02   0.64249E-02
 5061.06   0.63867E-02   0.63654E-02   0.63967E-02
 5074.66   0.63556E-02   0.63374E-02   0.63686E-02
 5088.27   0.63238E-02   0.63086E-02   0.63396E-02
 5101.87   0.62988E-02   0.62866E-02   0.63175E-02
 5115.48   0.62671E-02   0.62580E-02   0.62886E-02
 5129.08   0.62374E-02   0.62313E-02   0.62617E-02
 5142.69   0.62082E-02   0.62050E-02   0.62353E-02
 5156.29   0.61791E-02   0.61789E-02   0.62090E-02
 5169.90   0.61501E-02   0.61528E-02   0.61827E-02
 5183.50   0.61210E-02   0.61266E-02   0.61563E-02
 5197.11   0.60918E-02   0.61003E-02   0.61297E-02
 5210.71   0.60624E-02   0.60737E-02   0.61030E-02
 5224.32   0.60320E-02   0.60461E-02   0.60751E-02
 5237.92   0.60017E-02   0.60186E-02   0.60474E-02
 5251.53   0.59798E-02   0.59996E-02   0.60282E-02
 5265.13   0.59511E-02   0.59736E-02   0.60020E-02
 5278.74   0.59233E-02   0.59485E-02   0.59767E-02
 5292.34   0.58959E-02   0.59239E-02   0.59518E-02
 5305.95   0.58688E-02   0.58994E-02   0.59271E-02
 5319.55   0.58418E-02   0.58751E-02   0.59025E-02
 5333.16   0.58147E-02   0.58506E-02   0.58778E-02
 5346.76   0.57873E-02   0.58259E-02   0.58529E-02
 5360.37   0.57592E-02   0.58004E-02   0.58271E-02
 5373.97   0.57312E-02   0.57749E-02   0.58014E-02
 5387.58   0.57108E-02   0.57571E-02   0.57834E-02
 5401.18   0.56827E-02   0.57315E-02   0.57575E-02
 5414.79   0.56560E-02   0.57073E-02   0.57330E-02
 5428.39   0.56298E-02   0.56836E-02   0.57091E-02
 5442.00   0.56042E-02   0.56604E-02   0.56856E-02
 5455.60   0.55788E-02   0.56375E-02   0.56624E-02
 5469.21   0.55536E-02   0.56147E-02   0.56394E-02
 5482.81   0.55284E-02   0.55919E-02   0.56163E-02
 5496.42   0.55029E-02   0.55688E-02   0.55929E-02
 5510.02   0.54755E-02   0.55437E-02   0.55675E-02
 5523.63   0.54593E-02   0.55299E-02   0.55536E-02
 5537.23   0.54308E-02   0.55036E-02   0.55269E-02
 5550.84   0.54052E-02   0.54803E-02   0.55034E-02
 5564.44   0.53802E-02   0.54576E-02   0.54803E-02
 5578.05   0.53557E-02   0.54352E-02   0.54577E-02
 5591.65   0.53315E-02   0.54133E-02   0.54355E-02
 5605.26   0.53078E-02   0.53917E-02   0.54136E-02
 5618.86   0.52843E-02   0.53704E-02   0.53920E-02
 5632.47   0.52609E-02   0.53491E-02   0.53705E-02
 5646.07   0.52374E-02   0.53277E-02   0.53488E-02
 5659.68   0.52134E-02   0.53058E-02   0.53266E-02
 5673.28   0.51934E-02   0.52880E-02   0.53085E-02
 5686.89   0.51695E-02   0.52660E-02   0.52862E-02
 5700.49   0.51460E-02   0.52446E-02   0.52645E-02
 5714.10   0.51227E-02   0.52233E-02   0.52429E-02
 5727.70   0.50997E-02   0.52022E-02   0.52215E-02
 5741.31   0.50769E-02   0.51814E-02   0.52004E-02
 5754.91   0.50545E-02   0.51609E-02   0.51796E-02
 5768.52   0.50324E-02   0.51408E-02   0.51591E-02
 5782.12   0.50107E-02   0.51209E-02   0.51390E-02
 5795.73   0.49890E-02   0.51012E-02   0.51189E-02
 5809.33   0.49671E-02   0.50811E-02   0.50985E-02
 5822.94   0.49467E-02   0.50625E-02   0.50796E-02
 5836.54   0.49252E-02   0.50428E-02   0.50596E-02
 5850.15   0.49036E-02   0.50230E-02   0.50395E-02
 5863.75   0.48821E-02   0.50032E-02   0.50194E-02
 5877.36   0.48605E-02   0.49834E-02   0.49993E-02
 5890.96   0.48391E-02   0.49636E-02   0.49792E-02
 5904.57   0.48179E-02   0.49441E-02   0.49594E-02
 5918.17   0.47969E-02   0.49249E-02   0.49398E-02
 5931.78   0.47764E-02   0.49059E-02   0.49205E-02
 5945.38   0.47560E-02   0.48872E-02   0.49015E-02
 5958.99   0.47363E-02   0.48691E-02   0.48830E-02
 5972.59   0.47163E-02   0.48507E-02   0.48644E-02
 5986.20   0.46966E-02   0.48325E-02   0.48458E-02
 5999.80   0.46767E-02   0.48143E-02   0.48273E-02
 6013.41   0.46568E-02   0.47959E-02   0.48086E-02
 6027.01   0.46369E-02   0.47774E-02   0.47897E-02
 6040.62   0.46168E-02   0.47588E-02   0.47708E-02
 6054.22   0.45968E-02   0.47403E-02   0.47520E-02
 6067.83   0.45769E-02   0.47218E-02   0.47331E-02
 6081.43   0.45572E-02   0.47034E-02   0.47145E-02
 6095.04   0.45373E-02   0.46849E-02   0.46956E-02
 6108.64   0.45187E-02   0.46677E-02   0.46781E-02
 6122.25   0.45015E-02   0.46519E-02   0.46620E-02
 6135.85   0.44827E-02   0.46345E-02   0.46442E-02
 6149.46   0.44643E-02   0.46173E-02   0.46267E-02
 6163.06   0.44459E-02   0.46003E-02   0.46093E-02
 6176.67   0.44275E-02   0.45831E-02   0.45919E-02
 6190.27   0.44090E-02   0.45659E-02   0.45743E-02
 6203.88   0.43904E-02   0.45485E-02   0.45565E-02
 6217.48   0.43717E-02   0.45309E-02   0.45386E-02
 6231.09   0.43528E-02   0.45132E-02   0.45206E-02
 6244.69   0.43333E-02   0.44948E-02   0.45019E-02
 6258.30   0.43152E-02   0.44779E-02   0.44846E-02
 6271.90   0.43018E-02   0.44658E-02   0.44722E-02
 6285.51   0.42833E-02   0.44483E-02   0.44544E-02
 6299.11   0.42657E-02   0.44318E-02   0.44375E-02
 6312.72   0.42485E-02   0.44156E-02   0.44210E-02
 6326.32   0.42314E-02   0.43996E-02   0.44047E-02
 6339.93   0.42144E-02   0.43836E-02   0.43884E-02
 6353.53   0.41973E-02   0.43675E-02   0.43719E-02
 6367.14   0.41800E-02   0.43512E-02   0.43553E-02
 6380.74   0.41624E-02   0.43346E-02   0.43383E-02
 6394.35   0.41441E-02   0.43171E-02   0.43206E-02
 6407.95   0.41267E-02   0.43006E-02   0.43037E-02
 6421.56   0.41168E-02   0.42920E-02   0.42947E-02
 6435.16   0.40976E-02   0.42735E-02   0.42759E-02
 6448.77   0.40804E-02   0.42572E-02   0.42593E-02
 6462.37   0.40639E-02   0.42415E-02   0.42433E-02
 6475.98   0.40478E-02   0.42262E-02   0.42277E-02
 6489.58   0.40319E-02   0.42112E-02   0.42123E-02
 6503.19   0.40162E-02   0.41962E-02   0.41970E-02
 6516.79   0.40004E-02   0.41812E-02   0.41817E-02
 6530.40   0.39844E-02   0.41660E-02   0.41661E-02
 6544.00   0.39680E-02   0.41503E-02   0.41500E-02
 6557.61   0.39494E-02   0.41322E-02   0.41317E-02
 6571.21   0.39312E-02   0.41146E-02   0.41137E-02
 6584.82   0.39247E-02   0.41092E-02   0.41080E-02
 6598.42   0.39078E-02   0.40930E-02   0.40914E-02
 6612.03   0.38919E-02   0.40776E-02   0.40757E-02
 6625.63   0.38764E-02   0.40627E-02   0.40605E-02
 6639.24   0.38612E-02   0.40481E-02   0.40456E-02
 6652.84   0.38464E-02   0.40339E-02   0.40310E-02
 6666.45   0.38317E-02   0.40198E-02   0.40167E-02
 6680.05   0.38172E-02   0.40058E-02   0.40023E-02
 6693.66   0.38025E-02   0.39917E-02   0.39879E-02
 6707.26   0.37874E-02   0.39771E-02   0.39729E-02
 6720.87   0.37720E-02   0.39622E-02   0.39577E-02
 6734.47   0.37629E-02   0.39538E-02   0.39490E-02
 6748.08   0.37465E-02   0.39378E-02   0.39327E-02
 6761.68   0.37314E-02   0.39231E-02   0.39177E-02
 6775.29   0.37166E-02   0.39087E-02   0.39029E-02
 6788.89   0.37020E-02   0.38945E-02   0.38884E-02
 6802.50   0.36877E-02   0.38806E-02   0.38742E-02
 6816.10   0.36737E-02   0.38669E-02   0.38602E-02
 6829.71   0.36600E-02   0.38536E-02   0.38466E-02
 6843.31   0.36465E-02   0.38405E-02   0.38331E-02
 6856.92   0.36331E-02   0.38274E-02   0.38198E-02
 6870.52   0.36195E-02   0.38141E-02   0.38061E-02
 6884.13   0.36054E-02   0.38003E-02   0.37920E-02
 6897.73   0.35946E-02   0.37899E-02   0.37813E-02
 6911.34   0.35808E-02   0.37764E-02   0.37675E-02
 6924.94   0.35672E-02   0.37630E-02   0.37537E-02
 6938.55   0.35536E-02   0.37495E-02   0.37400E-02
 6952.15   0.35400E-02   0.37361E-02   0.37263E-02
 6965.76   0.35265E-02   0.37229E-02   0.37127E-02
 6979.36   0.35133E-02   0.37098E-02   0.36993E-02
 6992.97   0.35003E-02   0.36969E-02   0.36862E-02
 7006.57   0.34876E-02   0.36844E-02   0.36733E-02
 7020.18   0.34751E-02   0.36721E-02   0.36607E-02
 7033.78   0.34628E-02   0.36599E-02   0.36483E-02
 7047.39   0.34505E-02   0.36477E-02   0.36357E-02
 7060.99   0.34386E-02   0.36360E-02   0.36237E-02
 7074.60   0.34265E-02   0.36239E-02   0.36113E-02
 7088.20   0.34142E-02   0.36117E-02   0.35988E-02
 7101.81   0.34018E-02   0.35993E-02   0.35862E-02
 7115.41   0.33893E-02   0.35868E-02   0.35734E-02
 7129.02   0.33768E-02   0.35743E-02   0.35605E-02
 7142.62   0.33643E-02   0.35617E-02   0.35477E-02
 7156.23   0.33519E-02   0.35493E-02   0.35350E-02
 7169.83   0.33397E-02   0.35371E-02   0.35224E-02
 7183.44   0.33277E-02   0.35250E-02   0.35101E-02
 7197.04   0.33158E-02   0.35130E-02   0.34978E-02
 7210.65   0.33050E-02   0.35022E-02   0.34866E-02
 7224.25   0.32940E-02   0.34912E-02   0.34754E-02
 7237.86   0.32828E-02   0.34798E-02   0.34637E-02
 7251.46   0.32716E-02   0.34685E-02   0.34521E-02
 7265.07   0.32603E-02   0.34571E-02   0.34405E-02
 7278.67   0.32490E-02   0.34456E-02   0.34287E-02
 7292.28   0.32375E-02   0.34340E-02   0.34167E-02
 7305.88   0.32259E-02   0.34222E-02   0.34047E-02
 7319.49   0.32142E-02   0.34103E-02   0.33925E-02
 7333.09   0.32025E-02   0.33983E-02   0.33803E-02
 7346.70   0.31908E-02   0.33863E-02   0.33680E-02
 7360.30   0.31785E-02   0.33737E-02   0.33551E-02
 7373.91   0.31683E-02   0.33633E-02   0.33444E-02
 7387.51   0.31605E-02   0.33554E-02   0.33363E-02
 7401.12   0.31493E-02   0.33439E-02   0.33245E-02
 7414.72   0.31387E-02   0.33330E-02   0.33133E-02
 7428.33   0.31283E-02   0.33223E-02   0.33024E-02
 7441.93   0.31180E-02   0.33117E-02   0.32915E-02
 7455.54   0.31076E-02   0.33010E-02   0.32805E-02
 7469.14   0.30971E-02   0.32901E-02   0.32693E-02
 7482.75   0.30863E-02   0.32790E-02   0.32580E-02
 7496.35   0.30754E-02   0.32677E-02   0.32464E-02
 7509.96   0.30642E-02   0.32560E-02   0.32345E-02
 7523.56   0.30521E-02   0.32434E-02   0.32216E-02
 7537.17   0.30420E-02   0.32328E-02   0.32108E-02
 7550.77   0.30381E-02   0.32289E-02   0.32066E-02
 7564.38   0.30259E-02   0.32161E-02   0.31936E-02
 7577.98   0.30154E-02   0.32052E-02   0.31824E-02
 7591.59   0.30055E-02   0.31947E-02   0.31717E-02
 7605.19   0.29958E-02   0.31846E-02   0.31613E-02
 7618.80   0.29863E-02   0.31746E-02   0.31511E-02
 7632.40   0.29767E-02   0.31646E-02   0.31408E-02
 7646.01   0.29671E-02   0.31545E-02   0.31304E-02
 7659.61   0.29573E-02   0.31441E-02   0.31198E-02
 7673.22   0.29472E-02   0.31334E-02   0.31089E-02
 7686.82   0.29363E-02   0.31218E-02   0.30971E-02
 7700.43   0.29211E-02   0.31057E-02   0.30808E-02
 7714.03   0.29276E-02   0.31127E-02   0.30874E-02
 7727.64   0.29122E-02   0.30963E-02   0.30709E-02
 7741.24   0.29015E-02   0.30849E-02   0.30593E-02
 7754.85   0.28917E-02   0.30744E-02   0.30485E-02
 7768.45   0.28823E-02   0.30644E-02   0.30383E-02
 7782.06   0.28732E-02   0.30547E-02   0.30283E-02
 7795.66   0.28643E-02   0.30452E-02   0.30186E-02
 7809.27   0.28556E-02   0.30358E-02   0.30090E-02
 7822.87   0.28468E-02   0.30264E-02   0.29994E-02
 7836.48   0.28379E-02   0.30168E-02   0.29896E-02
 7850.08   0.28286E-02   0.30068E-02   0.29794E-02
 7863.69   0.28181E-02   0.29955E-02   0.29678E-02
 7877.29   0.28084E-02   0.29850E-02   0.29572E-02
 7890.90   0.28071E-02   0.29834E-02   0.29553E-02
 7904.50   0.27961E-02   0.29716E-02   0.29433E-02
 7918.11   0.27865E-02   0.29611E-02   0.29326E-02
 7931.71   0.27773E-02   0.29511E-02   0.29224E-02
 7945.32   0.27684E-02   0.29414E-02   0.29125E-02
 7958.92   0.27597E-02   0.29320E-02   0.29029E-02
 7972.53   0.27514E-02   0.29229E-02   0.28936E-02
 7986.13   0.27433E-02   0.29140E-02   0.28844E-02
 7999.74   0.27352E-02   0.29052E-02   0.28754E-02
 8013.34   0.27272E-02   0.28963E-02   0.28664E-02
 8026.95   0.27190E-02   0.28873E-02   0.28571E-02
 8040.55   0.27094E-02   0.28768E-02   0.28465E-02
 8054.16   0.27000E-02   0.28665E-02   0.28360E-02
 8067.76   0.26975E-02   0.28634E-02   0.28327E-02
 8081.37   0.26886E-02   0.28536E-02   0.28227E-02
 8094.97   0.26799E-02   0.28440E-02   0.28129E-02
 8108.58   0.26714E-02   0.28346E-02   0.28033E-02
 8122.18   0.26631E-02   0.28253E-02   0.27939E-02
 8135.79   0.26549E-02   0.28162E-02   0.27846E-02
 8149.39   0.26469E-02   0.28073E-02   0.27755E-02
 8163.00   0.26392E-02   0.27986E-02   0.27667E-02
 8176.60   0.26317E-02   0.27902E-02   0.27581E-02
 8190.21   0.26243E-02   0.27820E-02   0.27496E-02
 8203.81   0.26171E-02   0.27738E-02   0.27412E-02
 8217.42   0.26094E-02   0.27651E-02   0.27324E-02
 8231.02   0.26040E-02   0.27588E-02   0.27259E-02
 8244.63   0.25962E-02   0.27500E-02   0.27170E-02
 8258.23   0.25887E-02   0.27416E-02   0.27084E-02
 8271.84   0.25811E-02   0.27330E-02   0.26996E-02
 8285.44   0.25734E-02   0.27243E-02   0.26908E-02
 8299.05   0.25657E-02   0.27155E-02   0.26818E-02
 8312.65   0.25580E-02   0.27068E-02   0.26729E-02
 8326.26   0.25504E-02   0.26981E-02   0.26641E-02
 8339.86   0.25429E-02   0.26896E-02   0.26554E-02
 8353.47   0.25357E-02   0.26813E-02   0.26470E-02
 8367.07   0.25287E-02   0.26732E-02   0.26388E-02
 8380.68   0.25219E-02   0.26654E-02   0.26308E-02
 8394.28   0.25152E-02   0.26576E-02   0.26229E-02
 8407.89   0.25089E-02   0.26502E-02   0.26154E-02
 8421.49   0.25023E-02   0.26427E-02   0.26076E-02
 8435.10   0.24958E-02   0.26351E-02   0.25999E-02
 8448.70   0.24892E-02   0.26273E-02   0.25920E-02
 8462.31   0.24824E-02   0.26195E-02   0.25840E-02
 8475.91   0.24755E-02   0.26114E-02   0.25758E-02
 8489.52   0.24684E-02   0.26032E-02   0.25675E-02
 8503.12   0.24613E-02   0.25949E-02   0.25590E-02
 8516.73   0.24541E-02   0.25866E-02   0.25506E-02
 8530.33   0.24471E-02   0.25783E-02   0.25422E-02
 8543.94   0.24401E-02   0.25702E-02   0.25340E-02
 8557.54   0.24331E-02   0.25620E-02   0.25257E-02
 8571.15   0.24252E-02   0.25528E-02   0.25164E-02
 8584.75   0.24234E-02   0.25501E-02   0.25135E-02
 8598.36   0.24159E-02   0.25414E-02   0.25047E-02
 8611.96   0.24097E-02   0.25340E-02   0.24972E-02
 8625.57   0.24037E-02   0.25268E-02   0.24898E-02
 8639.17   0.23976E-02   0.25196E-02   0.24825E-02
 8652.78   0.23915E-02   0.25122E-02   0.24750E-02
 8666.38   0.23852E-02   0.25047E-02   0.24674E-02
 8679.99   0.23788E-02   0.24971E-02   0.24597E-02
 8693.59   0.23722E-02   0.24892E-02   0.24517E-02
 8707.20   0.23655E-02   0.24812E-02   0.24436E-02
 8720.80   0.23586E-02   0.24730E-02   0.24354E-02
 8734.41   0.23514E-02   0.24646E-02   0.24268E-02
 8748.01   0.23425E-02   0.24542E-02   0.24164E-02
 8761.62   0.23381E-02   0.24487E-02   0.24107E-02
 8775.22   0.23371E-02   0.24466E-02   0.24085E-02
 8788.83   0.23304E-02   0.24386E-02   0.24004E-02
 8802.43   0.23244E-02   0.24313E-02   0.23930E-02
 8816.04   0.23187E-02   0.24244E-02   0.23860E-02
 8829.64   0.23132E-02   0.24176E-02   0.23791E-02
 8843.25   0.23076E-02   0.24107E-02   0.23721E-02
 8856.85   0.23020E-02   0.24038E-02   0.23651E-02
 8870.46   0.22962E-02   0.23966E-02   0.23579E-02
 8884.06   0.22901E-02   0.23892E-02   0.23504E-02
 8897.67   0.22838E-02   0.23816E-02   0.23427E-02
 8911.27   0.22770E-02   0.23734E-02   0.23344E-02
 8924.88   0.22687E-02   0.23636E-02   0.23246E-02
 8938.48   0.22636E-02   0.23572E-02   0.23181E-02
 8952.09   0.22661E-02   0.23587E-02   0.23194E-02
 8965.69   0.22579E-02   0.23490E-02   0.23097E-02
 8979.30   0.22515E-02   0.23413E-02   0.23019E-02
 8992.90   0.22458E-02   0.23342E-02   0.22948E-02
 9006.51   0.22404E-02   0.23274E-02   0.22880E-02
 9020.11   0.22352E-02   0.23209E-02   0.22814E-02
 9033.72   0.22302E-02   0.23144E-02   0.22748E-02
 9047.32   0.22251E-02   0.23080E-02   0.22683E-02
 9060.93   0.22199E-02   0.23014E-02   0.22617E-02
 9074.53   0.22144E-02   0.22946E-02   0.22548E-02
 9088.14   0.22086E-02   0.22873E-02   0.22475E-02
 9101.74   0.22019E-02   0.22791E-02   0.22393E-02
 9115.35   0.21900E-02   0.22656E-02   0.22258E-02
 9128.95   0.22043E-02   0.22792E-02   0.22390E-02
 9142.56   0.21918E-02   0.22650E-02   0.22249E-02
 9156.16   0.21849E-02   0.22566E-02   0.22165E-02
 9169.77   0.21789E-02   0.22492E-02   0.22091E-02
 9183.37   0.21734E-02   0.22422E-02   0.22021E-02
 9196.98   0.21682E-02   0.22356E-02   0.21954E-02
 9210.58   0.21633E-02   0.22292E-02   0.21890E-02
 9224.19   0.21585E-02   0.22230E-02   0.21828E-02
 9237.79   0.21539E-02   0.22170E-02   0.21767E-02
 9251.40   0.21492E-02   0.22109E-02   0.21705E-02
 9265.00   0.21445E-02   0.22047E-02   0.21643E-02
 9278.61   0.21394E-02   0.21981E-02   0.21577E-02
 9292.21   0.21331E-02   0.21903E-02   0.21499E-02
 9305.82   0.21278E-02   0.21835E-02   0.21431E-02
 9319.42   0.21307E-02   0.21852E-02   0.21446E-02
 9333.03   0.21233E-02   0.21763E-02   0.21357E-02
 9346.63   0.21175E-02   0.21689E-02   0.21283E-02
 9360.24   0.21120E-02   0.21619E-02   0.21213E-02
 9373.84   0.21067E-02   0.21551E-02   0.21146E-02
 9387.45   0.21017E-02   0.21486E-02   0.21080E-02
 9401.05   0.20968E-02   0.21423E-02   0.21017E-02
 9414.66   0.20923E-02   0.21362E-02   0.20956E-02
 9428.26   0.20879E-02   0.21304E-02   0.20897E-02
 9441.87   0.20837E-02   0.21246E-02   0.20840E-02
 9455.47   0.20795E-02   0.21189E-02   0.20783E-02
 9469.08   0.20752E-02   0.21131E-02   0.20725E-02
 9482.68   0.20701E-02   0.21066E-02   0.20659E-02
 9496.29   0.20652E-02   0.21001E-02   0.20595E-02
 9509.89   0.20649E-02   0.20984E-02   0.20577E-02
 9523.50   0.20597E-02   0.20917E-02   0.20510E-02
 9537.10   0.20549E-02   0.20853E-02   0.20446E-02
 9550.71   0.20500E-02   0.20789E-02   0.20382E-02
 9564.31   0.20451E-02   0.20725E-02   0.20318E-02
 9577.92   0.20403E-02   0.20662E-02   0.20255E-02
 9591.52   0.20356E-02   0.20599E-02   0.20193E-02
 9605.13   0.20311E-02   0.20539E-02   0.20133E-02
 9618.73   0.20268E-02   0.20480E-02   0.20074E-02
 9632.34   0.20227E-02   0.20424E-02   0.20018E-02
 9645.94   0.20188E-02   0.20369E-02   0.19964E-02
 9659.55   0.20150E-02   0.20316E-02   0.19911E-02
 9673.15   0.20113E-02   0.20263E-02   0.19858E-02
 9686.76   0.20072E-02   0.20207E-02   0.19802E-02
 9700.36   0.20043E-02   0.20163E-02   0.19757E-02
 9713.97   0.20004E-02   0.20109E-02   0.19704E-02
 9727.57   0.19965E-02   0.20053E-02   0.19649E-02
 9741.18   0.19923E-02   0.19996E-02   0.19592E-02
 9754.78   0.19881E-02   0.19938E-02   0.19534E-02
 9768.39   0.19837E-02   0.19878E-02   0.19475E-02
 9781.99   0.19792E-02   0.19818E-02   0.19415E-02
 9795.60   0.19748E-02   0.19759E-02   0.19356E-02
 9809.20   0.19705E-02   0.19700E-02   0.19297E-02
 9822.81   0.19663E-02   0.19642E-02   0.19240E-02
 9836.41   0.19623E-02   0.19586E-02   0.19185E-02
 9850.02   0.19584E-02   0.19532E-02   0.19131E-02
 9863.62   0.19547E-02   0.19479E-02   0.19078E-02
 9877.23   0.19519E-02   0.19436E-02   0.19035E-02
 9890.83   0.19486E-02   0.19387E-02   0.18987E-02
 9904.44   0.19452E-02   0.19337E-02   0.18937E-02
 9918.04   0.19418E-02   0.19288E-02   0.18888E-02
 9931.65   0.19384E-02   0.19237E-02   0.18838E-02
 9945.25   0.19347E-02   0.19185E-02   0.18787E-02
 9958.86   0.19310E-02   0.19131E-02   0.18733E-02
 9972.46   0.19270E-02   0.19076E-02   0.18678E-02
 9986.07   0.19229E-02   0.19019E-02   0.18622E-02
 9999.67   0.19187E-02   0.18961E-02   0.18565E-02
