  870.72   0.44638E+00   0.44643E+00   0.43713E+00
  884.32   0.43697E+00   0.43682E+00   0.42761E+00
  897.93   0.42792E+00   0.42757E+00   0.41845E+00
  911.53   0.41895E+00   0.41842E+00   0.40939E+00
  925.14   0.41028E+00   0.40957E+00   0.40063E+00
  938.74   0.40186E+00   0.40098E+00   0.39212E+00
  952.35   0.39359E+00   0.39253E+00   0.38377E+00
  965.95   0.38565E+00   0.38444E+00   0.37577E+00
  979.56   0.37783E+00   0.37645E+00   0.36787E+00
  993.16   0.37022E+00   0.36869E+00   0.36021E+00
 1006.77   0.36282E+00   0.36114E+00   0.35275E+00
 1020.37   0.35562E+00   0.35380E+00   0.34550E+00
 1033.98   0.34857E+00   0.34661E+00   0.33841E+00
 1047.58   0.34170E+00   0.33961E+00   0.33150E+00
 1061.19   0.33501E+00   0.33280E+00   0.32478E+00
 1074.79   0.32851E+00   0.32617E+00   0.31825E+00
 1088.40   0.32217E+00   0.31971E+00   0.31188E+00
 1102.00   0.31597E+00   0.31340E+00   0.30566E+00
 1115.61   0.30991E+00   0.30722E+00   0.29958E+00
 1129.21   0.30400E+00   0.30120E+00   0.29365E+00
 1142.82   0.29826E+00   0.29536E+00   0.28790E+00
 1156.42   0.29264E+00   0.28964E+00   0.28227E+00
 1170.03   0.28715E+00   0.28406E+00   0.27678E+00
 1183.63   0.28178E+00   0.27860E+00   0.27141E+00
 1197.24   0.27653E+00   0.27326E+00   0.26616E+00
 1210.84   0.27146E+00   0.26810E+00   0.26110E+00
 1224.45   0.26647E+00   0.26303E+00   0.25612E+00
 1238.05   0.26161E+00   0.25809E+00   0.25127E+00
 1251.66   0.25686E+00   0.25326E+00   0.24652E+00
 1265.26   0.25219E+00   0.24852E+00   0.24187E+00
 1278.87   0.24770E+00   0.24396E+00   0.23740E+00
 1292.47   0.24325E+00   0.23944E+00   0.23297E+00
 1306.08   0.23891E+00   0.23504E+00   0.22866E+00
 1319.68   0.23468E+00   0.23075E+00   0.22445E+00
 1333.29   0.23053E+00   0.22654E+00   0.22032E+00
 1346.89   0.22654E+00   0.22249E+00   0.21636E+00
 1360.50   0.22253E+00   0.21843E+00   0.21239E+00
 1374.10   0.21866E+00   0.21451E+00   0.20855E+00
 1387.71   0.21488E+00   0.21068E+00   0.20480E+00
 1401.31   0.21118E+00   0.20694E+00   0.20114E+00
 1414.92   0.20751E+00   0.20322E+00   0.19751E+00
 1428.52   0.20404E+00   0.19971E+00   0.19407E+00
 1442.13   0.20057E+00   0.19620E+00   0.19064E+00
 1455.73   0.19717E+00   0.19277E+00   0.18729E+00
 1469.34   0.19386E+00   0.18942E+00   0.18402E+00
 1482.94   0.19062E+00   0.18614E+00   0.18082E+00
 1496.55   0.18746E+00   0.18295E+00   0.17771E+00
 1510.15   0.18434E+00   0.17980E+00   0.17463E+00
 1523.76   0.18128E+00   0.17672E+00   0.17163E+00
 1537.36   0.17830E+00   0.17371E+00   0.16869E+00
 1550.97   0.17538E+00   0.17077E+00   0.16582E+00
 1564.57   0.17252E+00   0.16789E+00   0.16302E+00
 1578.18   0.16973E+00   0.16508E+00   0.16028E+00
 1591.78   0.16699E+00   0.16231E+00   0.15759E+00
 1605.39   0.16430E+00   0.15961E+00   0.15495E+00
 1618.99   0.16166E+00   0.15695E+00   0.15237E+00
 1632.60   0.15908E+00   0.15436E+00   0.14985E+00
 1646.20   0.15657E+00   0.15183E+00   0.14739E+00
 1659.81   0.15409E+00   0.14935E+00   0.14497E+00
 1673.41   0.15167E+00   0.14691E+00   0.14260E+00
 1687.02   0.14928E+00   0.14452E+00   0.14028E+00
 1700.62   0.14695E+00   0.14217E+00   0.13800E+00
 1714.23   0.14465E+00   0.13987E+00   0.13576E+00
 1727.83   0.14243E+00   0.13764E+00   0.13359E+00
 1741.44   0.14023E+00   0.13544E+00   0.13145E+00
 1755.04   0.13807E+00   0.13328E+00   0.12936E+00
 1768.65   0.13596E+00   0.13117E+00   0.12731E+00
 1782.25   0.13388E+00   0.12909E+00   0.12529E+00
 1795.86   0.13183E+00   0.12704E+00   0.12330E+00
 1809.46   0.12987E+00   0.12508E+00   0.12140E+00
 1823.07   0.12790E+00   0.12312E+00   0.11950E+00
 1836.67   0.12599E+00   0.12120E+00   0.11764E+00
 1850.28   0.12411E+00   0.11933E+00   0.11582E+00
 1863.88   0.12225E+00   0.11748E+00   0.11403E+00
 1877.49   0.12042E+00   0.11566E+00   0.11227E+00
 1891.09   0.11868E+00   0.11391E+00   0.11058E+00
 1904.70   0.11691E+00   0.11216E+00   0.10888E+00
 1918.30   0.11520E+00   0.11045E+00   0.10723E+00
 1931.91   0.11351E+00   0.10878E+00   0.10561E+00
 1945.51   0.11186E+00   0.10714E+00   0.10402E+00
 1959.12   0.11023E+00   0.10552E+00   0.10245E+00
 1972.72   0.10867E+00   0.10397E+00   0.10095E+00
 1986.33   0.10708E+00   0.10239E+00   0.99428E-01
 1999.93   0.10554E+00   0.10086E+00   0.97950E-01
 2013.54   0.10402E+00   0.99366E-01   0.96502E-01
 2027.14   0.10254E+00   0.97900E-01   0.95085E-01
 2040.75   0.10109E+00   0.96459E-01   0.93692E-01
 2054.35   0.99646E-01   0.95035E-01   0.92316E-01
 2067.96   0.98258E-01   0.93662E-01   0.90990E-01
 2081.56   0.96870E-01   0.92292E-01   0.89666E-01
 2095.17   0.95508E-01   0.90948E-01   0.88369E-01
 2108.77   0.94172E-01   0.89630E-01   0.87096E-01
 2122.38   0.92861E-01   0.88338E-01   0.85849E-01
 2135.98   0.91574E-01   0.87070E-01   0.84625E-01
 2149.59   0.90312E-01   0.85828E-01   0.83426E-01
 2163.19   0.89065E-01   0.84601E-01   0.82242E-01
 2176.80   0.87838E-01   0.83395E-01   0.81079E-01
 2190.40   0.86631E-01   0.82210E-01   0.79935E-01
 2204.01   0.85446E-01   0.81046E-01   0.78813E-01
 2217.61   0.84282E-01   0.79905E-01   0.77712E-01
 2231.22   0.83141E-01   0.78785E-01   0.76632E-01
 2244.82   0.82018E-01   0.77686E-01   0.75572E-01
 2258.43   0.80914E-01   0.76604E-01   0.74530E-01
 2272.03   0.79825E-01   0.75539E-01   0.73503E-01
 2285.64   0.78753E-01   0.74491E-01   0.72493E-01
 2299.24   0.77697E-01   0.73460E-01   0.71499E-01
 2312.85   0.76659E-01   0.72446E-01   0.70523E-01
 2326.45   0.75639E-01   0.71451E-01   0.69564E-01
 2340.06   0.74644E-01   0.70481E-01   0.68629E-01
 2353.66   0.73659E-01   0.69521E-01   0.67705E-01
 2367.27   0.72689E-01   0.68577E-01   0.66796E-01
 2380.87   0.71733E-01   0.67647E-01   0.65900E-01
 2394.48   0.70790E-01   0.66730E-01   0.65018E-01
 2408.08   0.69861E-01   0.65827E-01   0.64149E-01
 2421.69   0.68948E-01   0.64942E-01   0.63296E-01
 2435.29   0.68063E-01   0.64083E-01   0.62469E-01
 2448.90   0.67181E-01   0.63228E-01   0.61646E-01
 2462.50   0.66315E-01   0.62389E-01   0.60839E-01
 2476.11   0.65461E-01   0.61563E-01   0.60044E-01
 2489.71   0.64619E-01   0.60748E-01   0.59260E-01
 2503.32   0.63786E-01   0.59943E-01   0.58485E-01
 2516.92   0.62952E-01   0.59139E-01   0.57711E-01
 2530.53   0.62177E-01   0.58390E-01   0.56991E-01
 2544.13   0.61384E-01   0.57625E-01   0.56256E-01
 2557.74   0.60606E-01   0.56876E-01   0.55535E-01
 2571.34   0.59841E-01   0.56139E-01   0.54826E-01
 2584.95   0.59086E-01   0.55413E-01   0.54128E-01
 2598.55   0.58340E-01   0.54696E-01   0.53438E-01
 2612.16   0.57598E-01   0.53983E-01   0.52752E-01
 2625.76   0.56896E-01   0.53309E-01   0.52104E-01
 2639.37   0.56180E-01   0.52622E-01   0.51444E-01
 2652.97   0.55479E-01   0.51950E-01   0.50797E-01
 2666.58   0.54789E-01   0.51290E-01   0.50163E-01
 2680.18   0.54111E-01   0.50641E-01   0.49539E-01
 2693.79   0.53443E-01   0.50002E-01   0.48924E-01
 2707.39   0.52778E-01   0.49367E-01   0.48313E-01
 2721.00   0.52144E-01   0.48762E-01   0.47732E-01
 2734.60   0.51498E-01   0.48145E-01   0.47139E-01
 2748.21   0.50865E-01   0.47542E-01   0.46558E-01
 2761.81   0.50242E-01   0.46948E-01   0.45988E-01
 2775.42   0.49630E-01   0.46366E-01   0.45428E-01
 2789.02   0.49027E-01   0.45793E-01   0.44877E-01
 2802.63   0.48433E-01   0.45228E-01   0.44334E-01
 2816.23   0.47840E-01   0.44666E-01   0.43793E-01
 2829.84   0.47273E-01   0.44127E-01   0.43275E-01
 2843.44   0.46702E-01   0.43585E-01   0.42754E-01
 2857.05   0.46138E-01   0.43052E-01   0.42241E-01
 2870.65   0.45583E-01   0.42526E-01   0.41736E-01
 2884.26   0.45036E-01   0.42009E-01   0.41239E-01
 2897.86   0.44499E-01   0.41501E-01   0.40750E-01
 2911.47   0.43969E-01   0.41001E-01   0.40270E-01
 2925.07   0.43449E-01   0.40510E-01   0.39797E-01
 2938.68   0.42934E-01   0.40024E-01   0.39330E-01
 2952.28   0.42425E-01   0.39545E-01   0.38869E-01
 2965.89   0.41922E-01   0.39072E-01   0.38414E-01
 2979.49   0.41426E-01   0.38605E-01   0.37965E-01
 2993.10   0.40937E-01   0.38146E-01   0.37523E-01
 3006.70   0.40456E-01   0.37694E-01   0.37088E-01
 3020.31   0.39983E-01   0.37250E-01   0.36661E-01
 3033.91   0.39517E-01   0.36813E-01   0.36241E-01
 3047.52   0.39057E-01   0.36382E-01   0.35826E-01
 3061.12   0.38603E-01   0.35957E-01   0.35417E-01
 3074.73   0.38153E-01   0.35536E-01   0.35012E-01
 3088.33   0.37709E-01   0.35121E-01   0.34613E-01
 3101.94   0.37271E-01   0.34711E-01   0.34218E-01
 3115.54   0.36838E-01   0.34307E-01   0.33829E-01
 3129.15   0.36411E-01   0.33909E-01   0.33446E-01
 3142.75   0.35998E-01   0.33524E-01   0.33075E-01
 3156.36   0.35584E-01   0.33139E-01   0.32704E-01
 3169.96   0.35176E-01   0.32759E-01   0.32339E-01
 3183.57   0.34774E-01   0.32385E-01   0.31979E-01
 3197.17   0.34375E-01   0.32015E-01   0.31622E-01
 3210.78   0.33982E-01   0.31650E-01   0.31270E-01
 3224.38   0.33591E-01   0.31288E-01   0.30921E-01
 3237.99   0.33205E-01   0.30929E-01   0.30576E-01
 3251.59   0.32839E-01   0.30591E-01   0.30250E-01
 3265.20   0.32465E-01   0.30245E-01   0.29916E-01
 3278.80   0.32098E-01   0.29905E-01   0.29589E-01
 3292.41   0.31736E-01   0.29571E-01   0.29267E-01
 3306.01   0.31379E-01   0.29241E-01   0.28949E-01
 3319.62   0.31026E-01   0.28915E-01   0.28634E-01
 3333.22   0.30675E-01   0.28591E-01   0.28322E-01
 3346.83   0.30326E-01   0.28270E-01   0.28012E-01
 3360.43   0.30000E-01   0.27970E-01   0.27723E-01
 3374.04   0.29660E-01   0.27657E-01   0.27421E-01
 3387.64   0.29328E-01   0.27352E-01   0.27126E-01
 3401.25   0.29001E-01   0.27052E-01   0.26837E-01
 3414.85   0.28679E-01   0.26756E-01   0.26552E-01
 3428.46   0.28362E-01   0.26465E-01   0.26270E-01
 3442.06   0.28047E-01   0.26176E-01   0.25991E-01
 3455.67   0.27731E-01   0.25887E-01   0.25712E-01
 3469.27   0.27441E-01   0.25622E-01   0.25456E-01
 3482.88   0.27131E-01   0.25338E-01   0.25182E-01
 3496.48   0.26830E-01   0.25063E-01   0.24916E-01
 3510.09   0.26534E-01   0.24792E-01   0.24654E-01
 3523.69   0.26242E-01   0.24527E-01   0.24397E-01
 3537.30   0.25955E-01   0.24265E-01   0.24144E-01
 3550.90   0.25672E-01   0.24006E-01   0.23894E-01
 3564.51   0.25391E-01   0.23751E-01   0.23647E-01
 3578.11   0.25109E-01   0.23494E-01   0.23398E-01
 3591.72   0.24845E-01   0.23254E-01   0.23167E-01
 3605.32   0.24573E-01   0.23007E-01   0.22927E-01
 3618.93   0.24305E-01   0.22763E-01   0.22691E-01
 3632.53   0.24040E-01   0.22523E-01   0.22458E-01
 3646.14   0.23779E-01   0.22286E-01   0.22229E-01
 3659.74   0.23523E-01   0.22053E-01   0.22004E-01
 3673.35   0.23269E-01   0.21824E-01   0.21781E-01
 3686.95   0.23019E-01   0.21597E-01   0.21561E-01
 3700.56   0.22774E-01   0.21376E-01   0.21347E-01
 3714.16   0.22529E-01   0.21154E-01   0.21132E-01
 3727.77   0.22286E-01   0.20935E-01   0.20919E-01
 3741.37   0.22047E-01   0.20718E-01   0.20709E-01
 3754.98   0.21809E-01   0.20504E-01   0.20501E-01
 3768.58   0.21576E-01   0.20293E-01   0.20297E-01
 3782.19   0.21345E-01   0.20086E-01   0.20095E-01
 3795.79   0.21118E-01   0.19881E-01   0.19896E-01
 3809.40   0.20894E-01   0.19680E-01   0.19701E-01
 3823.00   0.20673E-01   0.19481E-01   0.19507E-01
 3836.61   0.20454E-01   0.19284E-01   0.19316E-01
 3850.21   0.20238E-01   0.19090E-01   0.19127E-01
 3863.82   0.20023E-01   0.18897E-01   0.18940E-01
 3877.42   0.19811E-01   0.18706E-01   0.18754E-01
 3891.03   0.19600E-01   0.18517E-01   0.18571E-01
 3904.63   0.19393E-01   0.18331E-01   0.18389E-01
 3918.24   0.19188E-01   0.18148E-01   0.18210E-01
 3931.84   0.18986E-01   0.17967E-01   0.18035E-01
 3945.45   0.18790E-01   0.17791E-01   0.17863E-01
 3959.05   0.18593E-01   0.17615E-01   0.17692E-01
 3972.66   0.18399E-01   0.17442E-01   0.17523E-01
 3986.26   0.18206E-01   0.17270E-01   0.17355E-01
 3999.87   0.18016E-01   0.17100E-01   0.17189E-01
 4013.47   0.17827E-01   0.16931E-01   0.17025E-01
 4027.08   0.17640E-01   0.16764E-01   0.16862E-01
 4040.68   0.17454E-01   0.16598E-01   0.16700E-01
 4054.29   0.17270E-01   0.16434E-01   0.16540E-01
 4067.89   0.17098E-01   0.16281E-01   0.16390E-01
 4081.50   0.16920E-01   0.16122E-01   0.16235E-01
 4095.10   0.16745E-01   0.15967E-01   0.16083E-01
 4108.71   0.16572E-01   0.15813E-01   0.15933E-01
 4122.31   0.16401E-01   0.15661E-01   0.15784E-01
 4135.92   0.16231E-01   0.15510E-01   0.15637E-01
 4149.52   0.16063E-01   0.15360E-01   0.15490E-01
 4163.13   0.15895E-01   0.15211E-01   0.15344E-01
 4176.73   0.15728E-01   0.15063E-01   0.15198E-01
 4190.34   0.15576E-01   0.14929E-01   0.15068E-01
 4203.94   0.15414E-01   0.14785E-01   0.14926E-01
 4217.55   0.15256E-01   0.14644E-01   0.14789E-01
 4231.15   0.15100E-01   0.14506E-01   0.14653E-01
 4244.76   0.14946E-01   0.14370E-01   0.14520E-01
 4258.36   0.14793E-01   0.14235E-01   0.14387E-01
 4271.97   0.14642E-01   0.14101E-01   0.14256E-01
 4285.57   0.14491E-01   0.13968E-01   0.14125E-01
 4299.18   0.14334E-01   0.13827E-01   0.13986E-01
 4312.78   0.14206E-01   0.13716E-01   0.13878E-01
 4326.39   0.14057E-01   0.13584E-01   0.13748E-01
 4339.99   0.13913E-01   0.13457E-01   0.13623E-01
 4353.60   0.13772E-01   0.13332E-01   0.13500E-01
 4367.20   0.13633E-01   0.13209E-01   0.13379E-01
 4380.81   0.13495E-01   0.13088E-01   0.13260E-01
 4394.41   0.13359E-01   0.12968E-01   0.13142E-01
 4408.02   0.13225E-01   0.12849E-01   0.13024E-01
 4421.62   0.13089E-01   0.12729E-01   0.12906E-01
 4435.23   0.12971E-01   0.12627E-01   0.12806E-01
 4448.83   0.12833E-01   0.12504E-01   0.12684E-01
 4462.44   0.12702E-01   0.12389E-01   0.12570E-01
 4476.04   0.12574E-01   0.12276E-01   0.12459E-01
 4489.65   0.12447E-01   0.12164E-01   0.12349E-01
 4503.25   0.12323E-01   0.12055E-01   0.12240E-01
 4516.86   0.12200E-01   0.11947E-01   0.12133E-01
 4530.46   0.12078E-01   0.11840E-01   0.12028E-01
 4544.07   0.11958E-01   0.11734E-01   0.11923E-01
 4557.67   0.11838E-01   0.11628E-01   0.11819E-01
 4571.28   0.11725E-01   0.11529E-01   0.11721E-01
 4584.88   0.11607E-01   0.11426E-01   0.11618E-01
 4598.49   0.11491E-01   0.11323E-01   0.11517E-01
 4612.09   0.11376E-01   0.11222E-01   0.11417E-01
 4625.70   0.11263E-01   0.11123E-01   0.11318E-01
 4639.30   0.11151E-01   0.11024E-01   0.11220E-01
 4652.91   0.11041E-01   0.10928E-01   0.11124E-01
 4666.51   0.10932E-01   0.10832E-01   0.11029E-01
 4680.12   0.10824E-01   0.10738E-01   0.10936E-01
 4693.72   0.10717E-01   0.10644E-01   0.10843E-01
 4707.33   0.10614E-01   0.10553E-01   0.10753E-01
 4720.93   0.10510E-01   0.10462E-01   0.10662E-01
 4734.54   0.10406E-01   0.10371E-01   0.10571E-01
 4748.14   0.10304E-01   0.10281E-01   0.10481E-01
 4761.75   0.10202E-01   0.10192E-01   0.10393E-01
 4775.35   0.10101E-01   0.10103E-01   0.10305E-01
 4788.96   0.10002E-01   0.10016E-01   0.10218E-01
 4802.56   0.99044E-02   0.99304E-02   0.10132E-01
 4816.17   0.98077E-02   0.98457E-02   0.10048E-01
 4829.77   0.97141E-02   0.97635E-02   0.99657E-02
 4843.38   0.96194E-02   0.96806E-02   0.98831E-02
 4856.98   0.95263E-02   0.95990E-02   0.98015E-02
 4870.59   0.94339E-02   0.95180E-02   0.97206E-02
 4884.19   0.93422E-02   0.94376E-02   0.96402E-02
 4897.80   0.92512E-02   0.93576E-02   0.95603E-02
 4911.40   0.91609E-02   0.92783E-02   0.94809E-02
 4925.01   0.90715E-02   0.91998E-02   0.94023E-02
 4938.61   0.89830E-02   0.91220E-02   0.93244E-02
 4952.22   0.88945E-02   0.90441E-02   0.92463E-02
 4965.82   0.88145E-02   0.89745E-02   0.91767E-02
 4979.43   0.87278E-02   0.88983E-02   0.91003E-02
 4993.03   0.86440E-02   0.88248E-02   0.90265E-02
 5006.64   0.85612E-02   0.87522E-02   0.89537E-02
 5020.24   0.84792E-02   0.86802E-02   0.88815E-02
 5033.85   0.83978E-02   0.86088E-02   0.88097E-02
 5047.45   0.83169E-02   0.85376E-02   0.87382E-02
 5061.06   0.82365E-02   0.84669E-02   0.86671E-02
 5074.66   0.81565E-02   0.83964E-02   0.85961E-02
 5088.27   0.80753E-02   0.83245E-02   0.85238E-02
 5101.87   0.80094E-02   0.82684E-02   0.84674E-02
 5115.48   0.79279E-02   0.81959E-02   0.83944E-02
 5129.08   0.78519E-02   0.81290E-02   0.83269E-02
 5142.69   0.77773E-02   0.80634E-02   0.82609E-02
 5156.29   0.77037E-02   0.79988E-02   0.81957E-02
 5169.90   0.76308E-02   0.79348E-02   0.81311E-02
 5183.50   0.75585E-02   0.78711E-02   0.80668E-02
 5197.11   0.74866E-02   0.78077E-02   0.80028E-02
 5210.71   0.74147E-02   0.77443E-02   0.79387E-02
 5224.32   0.73418E-02   0.76795E-02   0.78732E-02
 5237.92   0.72690E-02   0.76147E-02   0.78076E-02
 5251.53   0.72100E-02   0.75645E-02   0.77569E-02
 5265.13   0.71405E-02   0.75030E-02   0.76946E-02
 5278.74   0.70729E-02   0.74432E-02   0.76341E-02
 5292.34   0.70064E-02   0.73846E-02   0.75747E-02
 5305.95   0.69409E-02   0.73268E-02   0.75162E-02
 5319.55   0.68761E-02   0.72697E-02   0.74582E-02
 5333.16   0.68118E-02   0.72130E-02   0.74007E-02
 5346.76   0.67478E-02   0.71563E-02   0.73432E-02
 5360.37   0.66834E-02   0.70991E-02   0.72851E-02
 5373.97   0.66192E-02   0.70420E-02   0.72270E-02
 5387.58   0.65648E-02   0.69954E-02   0.71797E-02
 5401.18   0.65012E-02   0.69386E-02   0.71219E-02
 5414.79   0.64397E-02   0.68840E-02   0.70663E-02
 5428.39   0.63794E-02   0.68304E-02   0.70119E-02
 5442.00   0.63201E-02   0.67778E-02   0.69583E-02
 5455.60   0.62616E-02   0.67261E-02   0.69055E-02
 5469.21   0.62039E-02   0.66750E-02   0.68534E-02
 5482.81   0.61468E-02   0.66243E-02   0.68018E-02
 5496.42   0.60899E-02   0.65738E-02   0.67503E-02
 5510.02   0.60319E-02   0.65219E-02   0.66973E-02
 5523.63   0.59846E-02   0.64816E-02   0.66562E-02
 5537.23   0.59256E-02   0.64283E-02   0.66017E-02
 5550.84   0.58701E-02   0.63787E-02   0.65510E-02
 5564.44   0.58156E-02   0.63299E-02   0.65011E-02
 5578.05   0.57617E-02   0.62818E-02   0.64519E-02
 5591.65   0.57086E-02   0.62345E-02   0.64034E-02
 5605.26   0.56564E-02   0.61878E-02   0.63556E-02
 5618.86   0.56049E-02   0.61419E-02   0.63086E-02
 5632.47   0.55540E-02   0.60966E-02   0.62621E-02
 5646.07   0.55035E-02   0.60516E-02   0.62160E-02
 5659.68   0.54532E-02   0.60065E-02   0.61697E-02
 5673.28   0.54061E-02   0.59648E-02   0.61269E-02
 5686.89   0.53565E-02   0.59203E-02   0.60812E-02
 5700.49   0.53076E-02   0.58763E-02   0.60360E-02
 5714.10   0.52591E-02   0.58327E-02   0.59912E-02
 5727.70   0.52110E-02   0.57895E-02   0.59468E-02
 5741.31   0.51635E-02   0.57467E-02   0.59028E-02
 5754.91   0.51167E-02   0.57046E-02   0.58594E-02
 5768.52   0.50705E-02   0.56630E-02   0.58166E-02
 5782.12   0.50251E-02   0.56222E-02   0.57745E-02
 5795.73   0.49801E-02   0.55818E-02   0.57329E-02
 5809.33   0.49357E-02   0.55419E-02   0.56917E-02
 5822.94   0.48924E-02   0.55028E-02   0.56514E-02
 5836.54   0.48488E-02   0.54635E-02   0.56109E-02
 5850.15   0.48056E-02   0.54245E-02   0.55705E-02
 5863.75   0.47626E-02   0.53855E-02   0.55303E-02
 5877.36   0.47198E-02   0.53467E-02   0.54902E-02
 5890.96   0.46774E-02   0.53081E-02   0.54503E-02
 5904.57   0.46354E-02   0.52699E-02   0.54108E-02
 5918.17   0.45939E-02   0.52322E-02   0.53717E-02
 5931.78   0.45530E-02   0.51949E-02   0.53331E-02
 5945.38   0.45124E-02   0.51580E-02   0.52948E-02
 5958.99   0.44730E-02   0.51224E-02   0.52579E-02
 5972.59   0.44347E-02   0.50875E-02   0.52218E-02
 5986.20   0.43958E-02   0.50521E-02   0.51851E-02
 5999.80   0.43574E-02   0.50171E-02   0.51487E-02
 6013.41   0.43192E-02   0.49822E-02   0.51125E-02
 6027.01   0.42813E-02   0.49475E-02   0.50764E-02
 6040.62   0.42435E-02   0.49128E-02   0.50404E-02
 6054.22   0.42060E-02   0.48783E-02   0.50045E-02
 6067.83   0.41687E-02   0.48439E-02   0.49687E-02
 6081.43   0.41317E-02   0.48097E-02   0.49332E-02
 6095.04   0.40945E-02   0.47752E-02   0.48973E-02
 6108.64   0.40590E-02   0.47425E-02   0.48632E-02
 6122.25   0.40268E-02   0.47135E-02   0.48329E-02
 6135.85   0.39916E-02   0.46809E-02   0.47989E-02
 6149.46   0.39571E-02   0.46491E-02   0.47658E-02
 6163.06   0.39231E-02   0.46177E-02   0.47331E-02
 6176.67   0.38895E-02   0.45866E-02   0.47005E-02
 6190.27   0.38560E-02   0.45555E-02   0.46681E-02
 6203.88   0.38226E-02   0.45244E-02   0.46357E-02
 6217.48   0.37894E-02   0.44934E-02   0.46032E-02
 6231.09   0.37561E-02   0.44622E-02   0.45706E-02
 6244.69   0.37224E-02   0.44303E-02   0.45373E-02
 6258.30   0.36900E-02   0.43999E-02   0.45055E-02
 6271.90   0.36635E-02   0.43764E-02   0.44808E-02
 6285.51   0.36310E-02   0.43457E-02   0.44486E-02
 6299.11   0.35998E-02   0.43164E-02   0.44180E-02
 6312.72   0.35693E-02   0.42878E-02   0.43880E-02
 6326.32   0.35393E-02   0.42596E-02   0.43584E-02
 6339.93   0.35095E-02   0.42317E-02   0.43291E-02
 6353.53   0.34800E-02   0.42038E-02   0.42999E-02
 6367.14   0.34506E-02   0.41760E-02   0.42707E-02
 6380.74   0.34211E-02   0.41480E-02   0.42413E-02
 6394.35   0.33912E-02   0.41194E-02   0.42113E-02
 6407.95   0.33620E-02   0.40914E-02   0.41820E-02
 6421.56   0.33400E-02   0.40724E-02   0.41617E-02
 6435.16   0.33095E-02   0.40426E-02   0.41304E-02
 6448.77   0.32811E-02   0.40153E-02   0.41018E-02
 6462.37   0.32535E-02   0.39889E-02   0.40740E-02
 6475.98   0.32264E-02   0.39630E-02   0.40467E-02
 6489.58   0.31998E-02   0.39376E-02   0.40199E-02
 6503.19   0.31735E-02   0.39125E-02   0.39934E-02
 6516.79   0.31475E-02   0.38875E-02   0.39671E-02
 6530.40   0.31215E-02   0.38626E-02   0.39408E-02
 6544.00   0.30955E-02   0.38374E-02   0.39142E-02
 6557.61   0.30683E-02   0.38105E-02   0.38860E-02
 6571.21   0.30412E-02   0.37837E-02   0.38578E-02
 6584.82   0.30226E-02   0.37677E-02   0.38405E-02
 6598.42   0.29968E-02   0.37424E-02   0.38138E-02
 6612.03   0.29718E-02   0.37179E-02   0.37880E-02
 6625.63   0.29473E-02   0.36940E-02   0.37627E-02
 6639.24   0.29233E-02   0.36705E-02   0.37379E-02
 6652.84   0.28996E-02   0.36474E-02   0.37134E-02
 6666.45   0.28763E-02   0.36247E-02   0.36894E-02
 6680.05   0.28534E-02   0.36022E-02   0.36656E-02
 6693.66   0.28305E-02   0.35799E-02   0.36420E-02
 6707.26   0.28077E-02   0.35574E-02   0.36181E-02
 6720.87   0.27848E-02   0.35347E-02   0.35941E-02
 6734.47   0.27658E-02   0.35170E-02   0.35751E-02
 6748.08   0.27426E-02   0.34937E-02   0.35505E-02
 6761.68   0.27203E-02   0.34715E-02   0.35269E-02
 6775.29   0.26984E-02   0.34495E-02   0.35036E-02
 6788.89   0.26766E-02   0.34278E-02   0.34806E-02
 6802.50   0.26552E-02   0.34064E-02   0.34578E-02
 6816.10   0.26342E-02   0.33853E-02   0.34355E-02
 6829.71   0.26135E-02   0.33646E-02   0.34135E-02
 6843.31   0.25931E-02   0.33443E-02   0.33918E-02
 6856.92   0.25731E-02   0.33242E-02   0.33705E-02
 6870.52   0.25531E-02   0.33042E-02   0.33492E-02
 6884.13   0.25331E-02   0.32840E-02   0.33277E-02
 6897.73   0.25148E-02   0.32658E-02   0.33082E-02
 6911.34   0.24952E-02   0.32459E-02   0.32871E-02
 6924.94   0.24758E-02   0.32262E-02   0.32661E-02
 6938.55   0.24565E-02   0.32065E-02   0.32452E-02
 6952.15   0.24374E-02   0.31869E-02   0.32243E-02
 6965.76   0.24184E-02   0.31674E-02   0.32035E-02
 6979.36   0.23997E-02   0.31481E-02   0.31830E-02
 6992.97   0.23812E-02   0.31291E-02   0.31627E-02
 7006.57   0.23630E-02   0.31105E-02   0.31428E-02
 7020.18   0.23452E-02   0.30921E-02   0.31232E-02
 7033.78   0.23275E-02   0.30740E-02   0.31039E-02
 7047.39   0.23103E-02   0.30563E-02   0.30849E-02
 7060.99   0.22935E-02   0.30388E-02   0.30662E-02
 7074.60   0.22764E-02   0.30212E-02   0.30474E-02
 7088.20   0.22595E-02   0.30036E-02   0.30286E-02
 7101.81   0.22427E-02   0.29860E-02   0.30098E-02
 7115.41   0.22259E-02   0.29684E-02   0.29910E-02
 7129.02   0.22092E-02   0.29508E-02   0.29721E-02
 7142.62   0.21926E-02   0.29332E-02   0.29533E-02
 7156.23   0.21761E-02   0.29157E-02   0.29347E-02
 7169.83   0.21598E-02   0.28984E-02   0.29162E-02
 7183.44   0.21437E-02   0.28813E-02   0.28979E-02
 7197.04   0.21276E-02   0.28640E-02   0.28794E-02
 7210.65   0.21126E-02   0.28483E-02   0.28625E-02
 7224.25   0.20984E-02   0.28333E-02   0.28464E-02
 7237.86   0.20833E-02   0.28171E-02   0.28290E-02
 7251.46   0.20684E-02   0.28011E-02   0.28119E-02
 7265.07   0.20537E-02   0.27853E-02   0.27950E-02
 7278.67   0.20390E-02   0.27695E-02   0.27780E-02
 7292.28   0.20244E-02   0.27537E-02   0.27610E-02
 7305.88   0.20098E-02   0.27377E-02   0.27439E-02
 7319.49   0.19952E-02   0.27218E-02   0.27269E-02
 7333.09   0.19807E-02   0.27058E-02   0.27098E-02
 7346.70   0.19662E-02   0.26898E-02   0.26926E-02
 7360.30   0.19513E-02   0.26731E-02   0.26748E-02
 7373.91   0.19378E-02   0.26584E-02   0.26590E-02
 7387.51   0.19270E-02   0.26471E-02   0.26466E-02
 7401.12   0.19130E-02   0.26315E-02   0.26299E-02
 7414.72   0.18997E-02   0.26167E-02   0.26141E-02
 7428.33   0.18867E-02   0.26023E-02   0.25985E-02
 7441.93   0.18738E-02   0.25880E-02   0.25832E-02
 7455.54   0.18611E-02   0.25737E-02   0.25678E-02
 7469.14   0.18484E-02   0.25594E-02   0.25525E-02
 7482.75   0.18357E-02   0.25451E-02   0.25371E-02
 7496.35   0.18229E-02   0.25306E-02   0.25215E-02
 7509.96   0.18100E-02   0.25158E-02   0.25057E-02
 7523.56   0.17967E-02   0.25003E-02   0.24892E-02
 7537.17   0.17845E-02   0.24864E-02   0.24742E-02
 7550.77   0.17768E-02   0.24787E-02   0.24654E-02
 7564.38   0.17634E-02   0.24629E-02   0.24486E-02
 7577.98   0.17513E-02   0.24488E-02   0.24335E-02
 7591.59   0.17396E-02   0.24352E-02   0.24190E-02
 7605.19   0.17282E-02   0.24220E-02   0.24048E-02
 7618.80   0.17170E-02   0.24090E-02   0.23908E-02
 7632.40   0.17059E-02   0.23962E-02   0.23769E-02
 7646.01   0.16949E-02   0.23833E-02   0.23630E-02
 7659.61   0.16839E-02   0.23703E-02   0.23491E-02
 7673.22   0.16727E-02   0.23572E-02   0.23350E-02
 7686.82   0.16613E-02   0.23435E-02   0.23203E-02
 7700.43   0.16478E-02   0.23267E-02   0.23027E-02
 7714.03   0.16463E-02   0.23271E-02   0.23019E-02
 7727.64   0.16321E-02   0.23093E-02   0.22832E-02
 7741.24   0.16210E-02   0.22957E-02   0.22687E-02
 7754.85   0.16104E-02   0.22828E-02   0.22549E-02
 7768.45   0.16001E-02   0.22704E-02   0.22416E-02
 7782.06   0.15901E-02   0.22583E-02   0.22285E-02
 7795.66   0.15803E-02   0.22464E-02   0.22157E-02
 7809.27   0.15707E-02   0.22347E-02   0.22031E-02
 7822.87   0.15612E-02   0.22230E-02   0.21905E-02
 7836.48   0.15517E-02   0.22114E-02   0.21780E-02
 7850.08   0.15421E-02   0.21995E-02   0.21652E-02
 7863.69   0.15320E-02   0.21869E-02   0.21517E-02
 7877.29   0.15223E-02   0.21747E-02   0.21387E-02
 7890.90   0.15169E-02   0.21686E-02   0.21316E-02
 7904.50   0.15067E-02   0.21556E-02   0.21177E-02
 7918.11   0.14972E-02   0.21435E-02   0.21049E-02
 7931.71   0.14880E-02   0.21318E-02   0.20923E-02
 7945.32   0.14790E-02   0.21204E-02   0.20800E-02
 7958.92   0.14702E-02   0.21091E-02   0.20679E-02
 7972.53   0.14616E-02   0.20982E-02   0.20561E-02
 7986.13   0.14532E-02   0.20874E-02   0.20445E-02
 7999.74   0.14449E-02   0.20768E-02   0.20331E-02
 8013.34   0.14368E-02   0.20663E-02   0.20217E-02
 8026.95   0.14287E-02   0.20557E-02   0.20104E-02
 8040.55   0.14201E-02   0.20445E-02   0.19983E-02
 8054.16   0.14115E-02   0.20332E-02   0.19863E-02
 8067.76   0.14060E-02   0.20262E-02   0.19784E-02
 8081.37   0.13978E-02   0.20153E-02   0.19667E-02
 8094.97   0.13898E-02   0.20046E-02   0.19553E-02
 8108.58   0.13818E-02   0.19940E-02   0.19439E-02
 8122.18   0.13740E-02   0.19834E-02   0.19326E-02
 8135.79   0.13663E-02   0.19730E-02   0.19215E-02
 8149.39   0.13587E-02   0.19628E-02   0.19105E-02
 8163.00   0.13513E-02   0.19528E-02   0.18997E-02
 8176.60   0.13441E-02   0.19430E-02   0.18892E-02
 8190.21   0.13371E-02   0.19334E-02   0.18788E-02
 8203.81   0.13302E-02   0.19239E-02   0.18685E-02
 8217.42   0.13232E-02   0.19142E-02   0.18582E-02
 8231.02   0.13171E-02   0.19058E-02   0.18490E-02
 8244.63   0.13102E-02   0.18962E-02   0.18387E-02
 8258.23   0.13035E-02   0.18867E-02   0.18285E-02
 8271.84   0.12968E-02   0.18773E-02   0.18183E-02
 8285.44   0.12900E-02   0.18677E-02   0.18081E-02
 8299.05   0.12833E-02   0.18581E-02   0.17979E-02
 8312.65   0.12766E-02   0.18486E-02   0.17876E-02
 8326.26   0.12700E-02   0.18391E-02   0.17775E-02
 8339.86   0.12635E-02   0.18297E-02   0.17674E-02
 8353.47   0.12571E-02   0.18204E-02   0.17575E-02
 8367.07   0.12509E-02   0.18114E-02   0.17478E-02
 8380.68   0.12448E-02   0.18025E-02   0.17383E-02
 8394.28   0.12388E-02   0.17935E-02   0.17286E-02
 8407.89   0.12336E-02   0.17859E-02   0.17203E-02
 8421.49   0.12277E-02   0.17772E-02   0.17110E-02
 8435.10   0.12221E-02   0.17687E-02   0.17019E-02
 8448.70   0.12165E-02   0.17602E-02   0.16928E-02
 8462.31   0.12108E-02   0.17517E-02   0.16836E-02
 8475.91   0.12052E-02   0.17430E-02   0.16744E-02
 8489.52   0.11995E-02   0.17343E-02   0.16651E-02
 8503.12   0.11938E-02   0.17256E-02   0.16558E-02
 8516.73   0.11881E-02   0.17169E-02   0.16465E-02
 8530.33   0.11825E-02   0.17081E-02   0.16372E-02
 8543.94   0.11769E-02   0.16995E-02   0.16280E-02
 8557.54   0.11714E-02   0.16908E-02   0.16187E-02
 8571.15   0.11652E-02   0.16812E-02   0.16086E-02
 8584.75   0.11633E-02   0.16777E-02   0.16044E-02
 8598.36   0.11573E-02   0.16682E-02   0.15944E-02
 8611.96   0.11523E-02   0.16602E-02   0.15858E-02
 8625.57   0.11475E-02   0.16523E-02   0.15774E-02
 8639.17   0.11427E-02   0.16446E-02   0.15691E-02
 8652.78   0.11380E-02   0.16369E-02   0.15609E-02
 8666.38   0.11333E-02   0.16291E-02   0.15525E-02
 8679.99   0.11285E-02   0.16212E-02   0.15441E-02
 8693.59   0.11237E-02   0.16132E-02   0.15356E-02
 8707.20   0.11188E-02   0.16051E-02   0.15271E-02
 8720.80   0.11139E-02   0.15969E-02   0.15184E-02
 8734.41   0.11089E-02   0.15885E-02   0.15096E-02
 8748.01   0.11030E-02   0.15788E-02   0.14995E-02
 8761.62   0.10993E-02   0.15723E-02   0.14924E-02
 8775.22   0.10978E-02   0.15688E-02   0.14882E-02
 8788.83   0.10930E-02   0.15606E-02   0.14796E-02
 8802.43   0.10887E-02   0.15531E-02   0.14717E-02
 8816.04   0.10846E-02   0.15458E-02   0.14639E-02
 8829.64   0.10806E-02   0.15387E-02   0.14564E-02
 8843.25   0.10767E-02   0.15316E-02   0.14488E-02
 8856.85   0.10728E-02   0.15245E-02   0.14413E-02
 8870.46   0.10689E-02   0.15174E-02   0.14337E-02
 8884.06   0.10649E-02   0.15101E-02   0.14260E-02
 8897.67   0.10607E-02   0.15026E-02   0.14181E-02
 8911.27   0.10564E-02   0.14949E-02   0.14100E-02
 8924.88   0.10514E-02   0.14861E-02   0.14010E-02
 8938.48   0.10479E-02   0.14794E-02   0.13938E-02
 8952.09   0.10483E-02   0.14781E-02   0.13918E-02
 8965.69   0.10433E-02   0.14693E-02   0.13827E-02
 8979.30   0.10392E-02   0.14618E-02   0.13748E-02
 8992.90   0.10356E-02   0.14547E-02   0.13674E-02
 9006.51   0.10321E-02   0.14480E-02   0.13603E-02
 9020.11   0.10287E-02   0.14413E-02   0.13533E-02
 9033.72   0.10255E-02   0.14348E-02   0.13464E-02
 9047.32   0.10223E-02   0.14284E-02   0.13395E-02
 9060.93   0.10191E-02   0.14219E-02   0.13327E-02
 9074.53   0.10159E-02   0.14153E-02   0.13257E-02
 9088.14   0.10125E-02   0.14085E-02   0.13186E-02
 9101.74   0.10087E-02   0.14011E-02   0.13110E-02
 9115.35   0.10029E-02   0.13910E-02   0.13008E-02
 9128.95   0.10088E-02   0.13967E-02   0.13053E-02
 9142.56   0.10020E-02   0.13853E-02   0.12939E-02
 9156.16   0.99815E-03   0.13778E-02   0.12862E-02
 9169.77   0.99477E-03   0.13709E-02   0.12790E-02
 9183.37   0.99162E-03   0.13643E-02   0.12721E-02
 9196.98   0.98864E-03   0.13579E-02   0.12654E-02
 9210.58   0.98582E-03   0.13517E-02   0.12589E-02
 9224.19   0.98313E-03   0.13456E-02   0.12525E-02
 9237.79   0.98053E-03   0.13396E-02   0.12463E-02
 9251.40   0.97798E-03   0.13337E-02   0.12401E-02
 9265.00   0.97541E-03   0.13278E-02   0.12338E-02
 9278.61   0.97274E-03   0.13217E-02   0.12274E-02
 9292.21   0.96966E-03   0.13150E-02   0.12205E-02
 9305.82   0.96687E-03   0.13087E-02   0.12141E-02
 9319.42   0.96770E-03   0.13072E-02   0.12120E-02
 9333.03   0.96407E-03   0.12998E-02   0.12044E-02
 9346.63   0.96115E-03   0.12933E-02   0.11977E-02
 9360.24   0.95839E-03   0.12870E-02   0.11912E-02
 9373.84   0.95575E-03   0.12808E-02   0.11848E-02
 9387.45   0.95322E-03   0.12748E-02   0.11786E-02
 9401.05   0.95082E-03   0.12689E-02   0.11725E-02
 9414.66   0.94854E-03   0.12632E-02   0.11665E-02
 9428.26   0.94639E-03   0.12576E-02   0.11607E-02
 9441.87   0.94434E-03   0.12521E-02   0.11550E-02
 9455.47   0.94235E-03   0.12467E-02   0.11493E-02
 9469.08   0.94037E-03   0.12412E-02   0.11437E-02
 9482.68   0.93817E-03   0.12355E-02   0.11378E-02
 9496.29   0.93594E-03   0.12298E-02   0.11318E-02
 9509.89   0.93552E-03   0.12264E-02   0.11282E-02
 9523.50   0.93328E-03   0.12206E-02   0.11222E-02
 9537.10   0.93115E-03   0.12149E-02   0.11164E-02
 9550.71   0.92903E-03   0.12093E-02   0.11105E-02
 9564.31   0.92691E-03   0.12036E-02   0.11047E-02
 9577.92   0.92482E-03   0.11980E-02   0.10990E-02
 9591.52   0.92278E-03   0.11924E-02   0.10932E-02
 9605.13   0.92084E-03   0.11869E-02   0.10876E-02
 9618.73   0.91900E-03   0.11816E-02   0.10821E-02
 9632.34   0.91728E-03   0.11764E-02   0.10768E-02
 9645.94   0.91568E-03   0.11713E-02   0.10715E-02
 9659.55   0.91418E-03   0.11663E-02   0.10664E-02
 9673.15   0.91275E-03   0.11613E-02   0.10613E-02
 9686.76   0.91124E-03   0.11564E-02   0.10562E-02
 9700.36   0.91003E-03   0.11519E-02   0.10516E-02
 9713.97   0.90862E-03   0.11470E-02   0.10465E-02
 9727.57   0.90717E-03   0.11420E-02   0.10414E-02
 9741.18   0.90566E-03   0.11370E-02   0.10363E-02
 9754.78   0.90409E-03   0.11319E-02   0.10311E-02
 9768.39   0.90247E-03   0.11267E-02   0.10258E-02
 9781.99   0.90083E-03   0.11215E-02   0.10205E-02
 9795.60   0.89920E-03   0.11164E-02   0.10153E-02
 9809.20   0.89762E-03   0.11112E-02   0.10101E-02
 9822.81   0.89611E-03   0.11062E-02   0.10050E-02
 9836.41   0.89469E-03   0.11012E-02   0.99993E-03
 9850.02   0.89336E-03   0.10963E-02   0.99499E-03
 9863.62   0.89202E-03   0.10914E-02   0.98999E-03
 9877.23   0.89135E-03   0.10873E-02   0.98578E-03
 9890.83   0.89047E-03   0.10832E-02   0.98152E-03
 9904.44   0.88941E-03   0.10786E-02   0.97683E-03
 9918.04   0.88841E-03   0.10741E-02   0.97225E-03
 9931.65   0.88741E-03   0.10695E-02   0.96766E-03
 9945.25   0.88635E-03   0.10650E-02   0.96304E-03
 9958.86   0.88524E-03   0.10603E-02   0.95835E-03
 9972.46   0.88405E-03   0.10556E-02   0.95360E-03
 9986.07   0.88280E-03   0.10508E-02   0.94879E-03
 9999.67   0.88152E-03   0.10460E-02   0.94395E-03
