 1265.26   0.26501E-01   0.27228E-01   0.25954E-01
 1278.87   0.26282E-01   0.26988E-01   0.25723E-01
 1292.47   0.26058E-01   0.26743E-01   0.25487E-01
 1306.08   0.25839E-01   0.26504E-01   0.25257E-01
 1319.68   0.25623E-01   0.26268E-01   0.25030E-01
 1333.29   0.25408E-01   0.26033E-01   0.24804E-01
 1346.89   0.25204E-01   0.25809E-01   0.24589E-01
 1360.50   0.24992E-01   0.25577E-01   0.24365E-01
 1374.10   0.24786E-01   0.25352E-01   0.24148E-01
 1387.71   0.24585E-01   0.25131E-01   0.23936E-01
 1401.31   0.24386E-01   0.24912E-01   0.23726E-01
 1414.92   0.24186E-01   0.24693E-01   0.23515E-01
 1428.52   0.23996E-01   0.24485E-01   0.23314E-01
 1442.13   0.23803E-01   0.24273E-01   0.23111E-01
 1455.73   0.23614E-01   0.24064E-01   0.22910E-01
 1469.34   0.23427E-01   0.23859E-01   0.22713E-01
 1482.94   0.23243E-01   0.23656E-01   0.22518E-01
 1496.55   0.23062E-01   0.23457E-01   0.22327E-01
 1510.15   0.22882E-01   0.23258E-01   0.22136E-01
 1523.76   0.22703E-01   0.23062E-01   0.21947E-01
 1537.36   0.22527E-01   0.22867E-01   0.21761E-01
 1550.97   0.22354E-01   0.22676E-01   0.21577E-01
 1564.57   0.22183E-01   0.22488E-01   0.21396E-01
 1578.18   0.22015E-01   0.22302E-01   0.21218E-01
 1591.78   0.21848E-01   0.22118E-01   0.21041E-01
 1605.39   0.21683E-01   0.21935E-01   0.20866E-01
 1618.99   0.21519E-01   0.21754E-01   0.20692E-01
 1632.60   0.21358E-01   0.21576E-01   0.20521E-01
 1646.20   0.21201E-01   0.21402E-01   0.20354E-01
 1659.81   0.21044E-01   0.21228E-01   0.20188E-01
 1673.41   0.20889E-01   0.21056E-01   0.20024E-01
 1687.02   0.20736E-01   0.20886E-01   0.19861E-01
 1700.62   0.20583E-01   0.20717E-01   0.19699E-01
 1714.23   0.20431E-01   0.20549E-01   0.19537E-01
 1727.83   0.20287E-01   0.20388E-01   0.19384E-01
 1741.44   0.20140E-01   0.20225E-01   0.19228E-01
 1755.04   0.19995E-01   0.20065E-01   0.19074E-01
 1768.65   0.19853E-01   0.19906E-01   0.18923E-01
 1782.25   0.19711E-01   0.19749E-01   0.18772E-01
 1795.86   0.19568E-01   0.19590E-01   0.18620E-01
 1809.46   0.19435E-01   0.19442E-01   0.18479E-01
 1823.07   0.19297E-01   0.19289E-01   0.18333E-01
 1836.67   0.19163E-01   0.19139E-01   0.18189E-01
 1850.28   0.19030E-01   0.18991E-01   0.18048E-01
 1863.88   0.18898E-01   0.18845E-01   0.17908E-01
 1877.49   0.18766E-01   0.18698E-01   0.17767E-01
 1891.09   0.18642E-01   0.18559E-01   0.17635E-01
 1904.70   0.18512E-01   0.18415E-01   0.17497E-01
 1918.30   0.18385E-01   0.18273E-01   0.17363E-01
 1931.91   0.18261E-01   0.18134E-01   0.17230E-01
 1945.51   0.18138E-01   0.17997E-01   0.17099E-01
 1959.12   0.18016E-01   0.17861E-01   0.16969E-01
 1972.72   0.17898E-01   0.17729E-01   0.16844E-01
 1986.33   0.17777E-01   0.17594E-01   0.16715E-01
 1999.93   0.17658E-01   0.17462E-01   0.16589E-01
 2013.54   0.17541E-01   0.17331E-01   0.16464E-01
 2027.14   0.17425E-01   0.17202E-01   0.16341E-01
 2040.75   0.17311E-01   0.17075E-01   0.16220E-01
 2054.35   0.17198E-01   0.16948E-01   0.16100E-01
 2067.96   0.17088E-01   0.16825E-01   0.15982E-01
 2081.56   0.16977E-01   0.16701E-01   0.15865E-01
 2095.17   0.16867E-01   0.16578E-01   0.15748E-01
 2108.77   0.16758E-01   0.16456E-01   0.15632E-01
 2122.38   0.16650E-01   0.16336E-01   0.15518E-01
 2135.98   0.16544E-01   0.16218E-01   0.15405E-01
 2149.59   0.16440E-01   0.16101E-01   0.15294E-01
 2163.19   0.16336E-01   0.15985E-01   0.15184E-01
 2176.80   0.16233E-01   0.15870E-01   0.15075E-01
 2190.40   0.16131E-01   0.15755E-01   0.14966E-01
 2204.01   0.16029E-01   0.15642E-01   0.14859E-01
 2217.61   0.15929E-01   0.15529E-01   0.14752E-01
 2231.22   0.15830E-01   0.15418E-01   0.14647E-01
 2244.82   0.15733E-01   0.15310E-01   0.14544E-01
 2258.43   0.15637E-01   0.15202E-01   0.14442E-01
 2272.03   0.15541E-01   0.15095E-01   0.14340E-01
 2285.64   0.15446E-01   0.14989E-01   0.14240E-01
 2299.24   0.15351E-01   0.14883E-01   0.14140E-01
 2312.85   0.15257E-01   0.14778E-01   0.14040E-01
 2326.45   0.15162E-01   0.14672E-01   0.13939E-01
 2340.06   0.15075E-01   0.14574E-01   0.13847E-01
 2353.66   0.14985E-01   0.14473E-01   0.13751E-01
 2367.27   0.14895E-01   0.14373E-01   0.13657E-01
 2380.87   0.14807E-01   0.14274E-01   0.13563E-01
 2394.48   0.14718E-01   0.14175E-01   0.13470E-01
 2408.08   0.14630E-01   0.14077E-01   0.13377E-01
 2421.69   0.14542E-01   0.13978E-01   0.13284E-01
 2435.29   0.14460E-01   0.13886E-01   0.13197E-01
 2448.90   0.14375E-01   0.13791E-01   0.13107E-01
 2462.50   0.14291E-01   0.13697E-01   0.13019E-01
 2476.11   0.14208E-01   0.13605E-01   0.12931E-01
 2489.71   0.14126E-01   0.13513E-01   0.12845E-01
 2503.32   0.14044E-01   0.13421E-01   0.12758E-01
 2516.92   0.13961E-01   0.13329E-01   0.12672E-01
 2530.53   0.13885E-01   0.13243E-01   0.12591E-01
 2544.13   0.13804E-01   0.13154E-01   0.12506E-01
 2557.74   0.13725E-01   0.13066E-01   0.12423E-01
 2571.34   0.13648E-01   0.12979E-01   0.12342E-01
 2584.95   0.13571E-01   0.12893E-01   0.12261E-01
 2598.55   0.13494E-01   0.12808E-01   0.12180E-01
 2612.16   0.13417E-01   0.12722E-01   0.12100E-01
 2625.76   0.13345E-01   0.12641E-01   0.12023E-01
 2639.37   0.13269E-01   0.12557E-01   0.11945E-01
 2652.97   0.13195E-01   0.12474E-01   0.11867E-01
 2666.58   0.13121E-01   0.12392E-01   0.11790E-01
 2680.18   0.13048E-01   0.12311E-01   0.11714E-01
 2693.79   0.12977E-01   0.12231E-01   0.11639E-01
 2707.39   0.12906E-01   0.12152E-01   0.11564E-01
 2721.00   0.12836E-01   0.12074E-01   0.11491E-01
 2734.60   0.12765E-01   0.11996E-01   0.11418E-01
 2748.21   0.12696E-01   0.11919E-01   0.11345E-01
 2761.81   0.12626E-01   0.11842E-01   0.11273E-01
 2775.42   0.12557E-01   0.11765E-01   0.11201E-01
 2789.02   0.12489E-01   0.11690E-01   0.11131E-01
 2802.63   0.12422E-01   0.11616E-01   0.11061E-01
 2816.23   0.12356E-01   0.11542E-01   0.10992E-01
 2829.84   0.12290E-01   0.11469E-01   0.10924E-01
 2843.44   0.12225E-01   0.11397E-01   0.10856E-01
 2857.05   0.12160E-01   0.11325E-01   0.10789E-01
 2870.65   0.12095E-01   0.11253E-01   0.10722E-01
 2884.26   0.12031E-01   0.11182E-01   0.10655E-01
 2897.86   0.11967E-01   0.11111E-01   0.10589E-01
 2911.47   0.11903E-01   0.11041E-01   0.10523E-01
 2925.07   0.11842E-01   0.10974E-01   0.10460E-01
 2938.68   0.11780E-01   0.10905E-01   0.10396E-01
 2952.28   0.11719E-01   0.10837E-01   0.10333E-01
 2965.89   0.11658E-01   0.10770E-01   0.10270E-01
 2979.49   0.11597E-01   0.10704E-01   0.10208E-01
 2993.10   0.11537E-01   0.10637E-01   0.10146E-01
 3006.70   0.11476E-01   0.10571E-01   0.10084E-01
 3020.31   0.11416E-01   0.10504E-01   0.10022E-01
 3033.91   0.11361E-01   0.10443E-01   0.99647E-02
 3047.52   0.11302E-01   0.10378E-01   0.99045E-02
 3061.12   0.11244E-01   0.10315E-01   0.98455E-02
 3074.73   0.11187E-01   0.10253E-01   0.97872E-02
 3088.33   0.11130E-01   0.10190E-01   0.97292E-02
 3101.94   0.11074E-01   0.10128E-01   0.96714E-02
 3115.54   0.11016E-01   0.10066E-01   0.96134E-02
 3129.15   0.10958E-01   0.10003E-01   0.95546E-02
 3142.75   0.10908E-01   0.99472E-02   0.95028E-02
 3156.36   0.10852E-01   0.98864E-02   0.94461E-02
 3169.96   0.10798E-01   0.98268E-02   0.93907E-02
 3183.57   0.10744E-01   0.97681E-02   0.93361E-02
 3197.17   0.10690E-01   0.97100E-02   0.92820E-02
 3210.78   0.10637E-01   0.96521E-02   0.92282E-02
 3224.38   0.10584E-01   0.95942E-02   0.91743E-02
 3237.99   0.10529E-01   0.95351E-02   0.91194E-02
 3251.59   0.10482E-01   0.94828E-02   0.90709E-02
 3265.20   0.10429E-01   0.94256E-02   0.90177E-02
 3278.80   0.10377E-01   0.93695E-02   0.89656E-02
 3292.41   0.10326E-01   0.93142E-02   0.89142E-02
 3306.01   0.10275E-01   0.92596E-02   0.88635E-02
 3319.62   0.10225E-01   0.92056E-02   0.88134E-02
 3333.22   0.10175E-01   0.91518E-02   0.87635E-02
 3346.83   0.10125E-01   0.90977E-02   0.87133E-02
 3360.43   0.10079E-01   0.90471E-02   0.86664E-02
 3374.04   0.10029E-01   0.89938E-02   0.86169E-02
 3387.64   0.99798E-02   0.89411E-02   0.85681E-02
 3401.25   0.99312E-02   0.88889E-02   0.85197E-02
 3414.85   0.98831E-02   0.88374E-02   0.84720E-02
 3428.46   0.98357E-02   0.87865E-02   0.84249E-02
 3442.06   0.97888E-02   0.87363E-02   0.83783E-02
 3455.67   0.97421E-02   0.86863E-02   0.83320E-02
 3469.27   0.96965E-02   0.86374E-02   0.82868E-02
 3482.88   0.96502E-02   0.85880E-02   0.82410E-02
 3496.48   0.96040E-02   0.85388E-02   0.81955E-02
 3510.09   0.95580E-02   0.84898E-02   0.81502E-02
 3523.69   0.95122E-02   0.84412E-02   0.81052E-02
 3537.30   0.94668E-02   0.83930E-02   0.80606E-02
 3550.90   0.94220E-02   0.83454E-02   0.80166E-02
 3564.51   0.93777E-02   0.82984E-02   0.79731E-02
 3578.11   0.93340E-02   0.82521E-02   0.79303E-02
 3591.72   0.92905E-02   0.82060E-02   0.78877E-02
 3605.32   0.92472E-02   0.81602E-02   0.78454E-02
 3618.93   0.92039E-02   0.81145E-02   0.78032E-02
 3632.53   0.91607E-02   0.80690E-02   0.77611E-02
 3646.14   0.91175E-02   0.80236E-02   0.77192E-02
 3659.74   0.90745E-02   0.79784E-02   0.76775E-02
 3673.35   0.90318E-02   0.79337E-02   0.76361E-02
 3686.95   0.89889E-02   0.78889E-02   0.75947E-02
 3700.56   0.89496E-02   0.78473E-02   0.75565E-02
 3714.16   0.89079E-02   0.78036E-02   0.75162E-02
 3727.77   0.88669E-02   0.77608E-02   0.74767E-02
 3741.37   0.88262E-02   0.77183E-02   0.74374E-02
 3754.98   0.87855E-02   0.76758E-02   0.73983E-02
 3768.58   0.87447E-02   0.76334E-02   0.73592E-02
 3782.19   0.87039E-02   0.75911E-02   0.73202E-02
 3795.79   0.86629E-02   0.75488E-02   0.72811E-02
 3809.40   0.86222E-02   0.75067E-02   0.72423E-02
 3823.00   0.85861E-02   0.74688E-02   0.72075E-02
 3836.61   0.85461E-02   0.74275E-02   0.71694E-02
 3850.21   0.85071E-02   0.73873E-02   0.71324E-02
 3863.82   0.84686E-02   0.73475E-02   0.70957E-02
 3877.42   0.84302E-02   0.73080E-02   0.70593E-02
 3891.03   0.83918E-02   0.72685E-02   0.70229E-02
 3904.63   0.83532E-02   0.72289E-02   0.69865E-02
 3918.24   0.83139E-02   0.71889E-02   0.69496E-02
 3931.84   0.82737E-02   0.71481E-02   0.69120E-02
 3945.45   0.82420E-02   0.71148E-02   0.68815E-02
 3959.05   0.82036E-02   0.70758E-02   0.68456E-02
 3972.66   0.81663E-02   0.70378E-02   0.68106E-02
 3986.26   0.81296E-02   0.70004E-02   0.67763E-02
 3999.87   0.80932E-02   0.69634E-02   0.67422E-02
 4013.47   0.80570E-02   0.69267E-02   0.67084E-02
 4027.08   0.80207E-02   0.68899E-02   0.66746E-02
 4040.68   0.79836E-02   0.68525E-02   0.66402E-02
 4054.29   0.79448E-02   0.68138E-02   0.66045E-02
 4067.89   0.79153E-02   0.67831E-02   0.65765E-02
 4081.50   0.78786E-02   0.67464E-02   0.65427E-02
 4095.10   0.78428E-02   0.67105E-02   0.65097E-02
 4108.71   0.78076E-02   0.66752E-02   0.64772E-02
 4122.31   0.77729E-02   0.66403E-02   0.64452E-02
 4135.92   0.77385E-02   0.66059E-02   0.64136E-02
 4149.52   0.77043E-02   0.65717E-02   0.63821E-02
 4163.13   0.76698E-02   0.65373E-02   0.63505E-02
 4176.73   0.76342E-02   0.65021E-02   0.63182E-02
 4190.34   0.76041E-02   0.64716E-02   0.62903E-02
 4203.94   0.75694E-02   0.64373E-02   0.62588E-02
 4217.55   0.75353E-02   0.64035E-02   0.62278E-02
 4231.15   0.75014E-02   0.63702E-02   0.61971E-02
 4244.76   0.74680E-02   0.63372E-02   0.61668E-02
 4258.36   0.74350E-02   0.63047E-02   0.61369E-02
 4271.97   0.74025E-02   0.62725E-02   0.61075E-02
 4285.57   0.73701E-02   0.62407E-02   0.60782E-02
 4299.18   0.73376E-02   0.62088E-02   0.60490E-02
 4312.78   0.73067E-02   0.61783E-02   0.60211E-02
 4326.39   0.72743E-02   0.61467E-02   0.59921E-02
 4339.99   0.72421E-02   0.61153E-02   0.59632E-02
 4353.60   0.72099E-02   0.60840E-02   0.59344E-02
 4367.20   0.71778E-02   0.60528E-02   0.59058E-02
 4380.81   0.71459E-02   0.60219E-02   0.58774E-02
 4394.41   0.71145E-02   0.59914E-02   0.58495E-02
 4408.02   0.70834E-02   0.59613E-02   0.58219E-02
 4421.62   0.70527E-02   0.59316E-02   0.57946E-02
 4435.23   0.70223E-02   0.59022E-02   0.57677E-02
 4448.83   0.69919E-02   0.58730E-02   0.57409E-02
 4462.44   0.69616E-02   0.58438E-02   0.57141E-02
 4476.04   0.69312E-02   0.58147E-02   0.56874E-02
 4489.65   0.69007E-02   0.57855E-02   0.56606E-02
 4503.25   0.68702E-02   0.57564E-02   0.56339E-02
 4516.86   0.68398E-02   0.57274E-02   0.56073E-02
 4530.46   0.68096E-02   0.56987E-02   0.55809E-02
 4544.07   0.67796E-02   0.56702E-02   0.55548E-02
 4557.67   0.67503E-02   0.56424E-02   0.55293E-02
 4571.28   0.67221E-02   0.56156E-02   0.55048E-02
 4584.88   0.66930E-02   0.55880E-02   0.54795E-02
 4598.49   0.66642E-02   0.55608E-02   0.54546E-02
 4612.09   0.66354E-02   0.55337E-02   0.54297E-02
 4625.70   0.66066E-02   0.55066E-02   0.54048E-02
 4639.30   0.65776E-02   0.54794E-02   0.53799E-02
 4652.91   0.65486E-02   0.54522E-02   0.53550E-02
 4666.51   0.65194E-02   0.54251E-02   0.53300E-02
 4680.12   0.64897E-02   0.53975E-02   0.53046E-02
 4693.72   0.64603E-02   0.53702E-02   0.52796E-02
 4707.33   0.64366E-02   0.53478E-02   0.52592E-02
 4720.93   0.64083E-02   0.53216E-02   0.52352E-02
 4734.54   0.63807E-02   0.52960E-02   0.52117E-02
 4748.14   0.63534E-02   0.52707E-02   0.51885E-02
 4761.75   0.63260E-02   0.52454E-02   0.51653E-02
 4775.35   0.62986E-02   0.52202E-02   0.51422E-02
 4788.96   0.62709E-02   0.51948E-02   0.51188E-02
 4802.56   0.62429E-02   0.51691E-02   0.50953E-02
 4816.17   0.62129E-02   0.51420E-02   0.50702E-02
 4829.77   0.61955E-02   0.51252E-02   0.50554E-02
 4843.38   0.61643E-02   0.50971E-02   0.50293E-02
 4856.98   0.61368E-02   0.50722E-02   0.50064E-02
 4870.59   0.61102E-02   0.50480E-02   0.49842E-02
 4884.19   0.60839E-02   0.50242E-02   0.49624E-02
 4897.80   0.60579E-02   0.50006E-02   0.49408E-02
 4911.40   0.60319E-02   0.49771E-02   0.49192E-02
 4925.01   0.60058E-02   0.49536E-02   0.48976E-02
 4938.61   0.59791E-02   0.49297E-02   0.48756E-02
 4952.22   0.59499E-02   0.49037E-02   0.48515E-02
 4965.82   0.59337E-02   0.48885E-02   0.48381E-02
 4979.43   0.59042E-02   0.48624E-02   0.48139E-02
 4993.03   0.58777E-02   0.48388E-02   0.47922E-02
 5006.64   0.58519E-02   0.48158E-02   0.47711E-02
 5020.24   0.58265E-02   0.47932E-02   0.47503E-02
 5033.85   0.58015E-02   0.47710E-02   0.47300E-02
 5047.45   0.57767E-02   0.47491E-02   0.47098E-02
 5061.06   0.57520E-02   0.47272E-02   0.46897E-02
 5074.66   0.57270E-02   0.47052E-02   0.46695E-02
 5088.27   0.57005E-02   0.46820E-02   0.46481E-02
 5101.87   0.56828E-02   0.46660E-02   0.46338E-02
 5115.48   0.56551E-02   0.46419E-02   0.46115E-02
 5129.08   0.56298E-02   0.46198E-02   0.45911E-02
 5142.69   0.56049E-02   0.45981E-02   0.45711E-02
 5156.29   0.55803E-02   0.45767E-02   0.45514E-02
 5169.90   0.55560E-02   0.45556E-02   0.45320E-02
 5183.50   0.55321E-02   0.45348E-02   0.45129E-02
 5197.11   0.55085E-02   0.45143E-02   0.44941E-02
 5210.71   0.54850E-02   0.44940E-02   0.44754E-02
 5224.32   0.54612E-02   0.44735E-02   0.44566E-02
 5237.92   0.54363E-02   0.44521E-02   0.44368E-02
 5251.53   0.54158E-02   0.44344E-02   0.44207E-02
 5265.13   0.53921E-02   0.44141E-02   0.44019E-02
 5278.74   0.53684E-02   0.43938E-02   0.43833E-02
 5292.34   0.53448E-02   0.43736E-02   0.43647E-02
 5305.95   0.53212E-02   0.43536E-02   0.43462E-02
 5319.55   0.52979E-02   0.43338E-02   0.43279E-02
 5333.16   0.52750E-02   0.43143E-02   0.43100E-02
 5346.76   0.52523E-02   0.42951E-02   0.42923E-02
 5360.37   0.52299E-02   0.42761E-02   0.42749E-02
 5373.97   0.52077E-02   0.42573E-02   0.42576E-02
 5387.58   0.51856E-02   0.42388E-02   0.42405E-02
 5401.18   0.51635E-02   0.42201E-02   0.42233E-02
 5414.79   0.51412E-02   0.42015E-02   0.42061E-02
 5428.39   0.51188E-02   0.41827E-02   0.41888E-02
 5442.00   0.50963E-02   0.41639E-02   0.41715E-02
 5455.60   0.50738E-02   0.41452E-02   0.41542E-02
 5469.21   0.50514E-02   0.41265E-02   0.41369E-02
 5482.81   0.50292E-02   0.41081E-02   0.41199E-02
 5496.42   0.50072E-02   0.40899E-02   0.41031E-02
 5510.02   0.49852E-02   0.40717E-02   0.40863E-02
 5523.63   0.49653E-02   0.40553E-02   0.40713E-02
 5537.23   0.49436E-02   0.40374E-02   0.40547E-02
 5550.84   0.49225E-02   0.40200E-02   0.40387E-02
 5564.44   0.49014E-02   0.40027E-02   0.40227E-02
 5578.05   0.48801E-02   0.39853E-02   0.40067E-02
 5591.65   0.48588E-02   0.39679E-02   0.39905E-02
 5605.26   0.48373E-02   0.39504E-02   0.39743E-02
 5618.86   0.48158E-02   0.39328E-02   0.39581E-02
 5632.47   0.47942E-02   0.39153E-02   0.39418E-02
 5646.07   0.47724E-02   0.38977E-02   0.39254E-02
 5659.68   0.47516E-02   0.38809E-02   0.39099E-02
 5673.28   0.47339E-02   0.38666E-02   0.38969E-02
 5686.89   0.47125E-02   0.38494E-02   0.38809E-02
 5700.49   0.46921E-02   0.38329E-02   0.38657E-02
 5714.10   0.46719E-02   0.38167E-02   0.38507E-02
 5727.70   0.46517E-02   0.38006E-02   0.38357E-02
 5741.31   0.46315E-02   0.37844E-02   0.38208E-02
 5754.91   0.46111E-02   0.37682E-02   0.38057E-02
 5768.52   0.45905E-02   0.37518E-02   0.37904E-02
 5782.12   0.45695E-02   0.37351E-02   0.37749E-02
 5795.73   0.45476E-02   0.37177E-02   0.37586E-02
 5809.33   0.45266E-02   0.37010E-02   0.37431E-02
 5822.94   0.45126E-02   0.36901E-02   0.37334E-02
 5836.54   0.44916E-02   0.36735E-02   0.37179E-02
 5850.15   0.44716E-02   0.36579E-02   0.37033E-02
 5863.75   0.44521E-02   0.36426E-02   0.36891E-02
 5877.36   0.44328E-02   0.36275E-02   0.36751E-02
 5890.96   0.44136E-02   0.36124E-02   0.36611E-02
 5904.57   0.43943E-02   0.35974E-02   0.36472E-02
 5918.17   0.43748E-02   0.35822E-02   0.36330E-02
 5931.78   0.43548E-02   0.35667E-02   0.36185E-02
 5945.38   0.43333E-02   0.35498E-02   0.36027E-02
 5958.99   0.43118E-02   0.35331E-02   0.35869E-02
 5972.59   0.43007E-02   0.35249E-02   0.35798E-02
 5986.20   0.42803E-02   0.35091E-02   0.35650E-02
 5999.80   0.42608E-02   0.34940E-02   0.35509E-02
 6013.41   0.42418E-02   0.34794E-02   0.35373E-02
 6027.01   0.42231E-02   0.34652E-02   0.35240E-02
 6040.62   0.42047E-02   0.34511E-02   0.35109E-02
 6054.22   0.41864E-02   0.34371E-02   0.34979E-02
 6067.83   0.41681E-02   0.34231E-02   0.34849E-02
 6081.43   0.41494E-02   0.34089E-02   0.34716E-02
 6095.04   0.41294E-02   0.33937E-02   0.34572E-02
 6108.64   0.41089E-02   0.33780E-02   0.34424E-02
 6122.25   0.40974E-02   0.33697E-02   0.34352E-02
 6135.85   0.40779E-02   0.33549E-02   0.34212E-02
 6149.46   0.40591E-02   0.33407E-02   0.34079E-02
 6163.06   0.40406E-02   0.33268E-02   0.33948E-02
 6176.67   0.40224E-02   0.33131E-02   0.33820E-02
 6190.27   0.40045E-02   0.32997E-02   0.33695E-02
 6203.88   0.39869E-02   0.32866E-02   0.33571E-02
 6217.48   0.39695E-02   0.32736E-02   0.33450E-02
 6231.09   0.39520E-02   0.32606E-02   0.33329E-02
 6244.69   0.39342E-02   0.32473E-02   0.33204E-02
 6258.30   0.39158E-02   0.32336E-02   0.33074E-02
 6271.90   0.39017E-02   0.32235E-02   0.32982E-02
 6285.51   0.38836E-02   0.32100E-02   0.32855E-02
 6299.11   0.38658E-02   0.31968E-02   0.32731E-02
 6312.72   0.38480E-02   0.31837E-02   0.32607E-02
 6326.32   0.38304E-02   0.31707E-02   0.32485E-02
 6339.93   0.38129E-02   0.31579E-02   0.32364E-02
 6353.53   0.37957E-02   0.31453E-02   0.32245E-02
 6367.14   0.37788E-02   0.31329E-02   0.32129E-02
 6380.74   0.37621E-02   0.31208E-02   0.32015E-02
 6394.35   0.37456E-02   0.31088E-02   0.31902E-02
 6407.95   0.37290E-02   0.30967E-02   0.31789E-02
 6421.56   0.37132E-02   0.30853E-02   0.31682E-02
 6435.16   0.36966E-02   0.30734E-02   0.31570E-02
 6448.77   0.36800E-02   0.30614E-02   0.31456E-02
 6462.37   0.36633E-02   0.30493E-02   0.31342E-02
 6475.98   0.36465E-02   0.30372E-02   0.31228E-02
 6489.58   0.36297E-02   0.30250E-02   0.31113E-02
 6503.19   0.36129E-02   0.30129E-02   0.30998E-02
 6516.79   0.35963E-02   0.30010E-02   0.30885E-02
 6530.40   0.35799E-02   0.29893E-02   0.30774E-02
 6544.00   0.35638E-02   0.29777E-02   0.30665E-02
 6557.61   0.35478E-02   0.29664E-02   0.30558E-02
 6571.21   0.35325E-02   0.29556E-02   0.30456E-02
 6584.82   0.35169E-02   0.29445E-02   0.30352E-02
 6598.42   0.35013E-02   0.29335E-02   0.30248E-02
 6612.03   0.34857E-02   0.29225E-02   0.30143E-02
 6625.63   0.34700E-02   0.29114E-02   0.30038E-02
 6639.24   0.34541E-02   0.29002E-02   0.29932E-02
 6652.84   0.34381E-02   0.28889E-02   0.29824E-02
 6666.45   0.34220E-02   0.28776E-02   0.29716E-02
 6680.05   0.34060E-02   0.28662E-02   0.29608E-02
 6693.66   0.33900E-02   0.28549E-02   0.29500E-02
 6707.26   0.33739E-02   0.28436E-02   0.29392E-02
 6720.87   0.33590E-02   0.28332E-02   0.29294E-02
 6734.47   0.33459E-02   0.28245E-02   0.29212E-02
 6748.08   0.33300E-02   0.28134E-02   0.29106E-02
 6761.68   0.33150E-02   0.28029E-02   0.29006E-02
 6775.29   0.33001E-02   0.27927E-02   0.28909E-02
 6788.89   0.32852E-02   0.27824E-02   0.28811E-02
 6802.50   0.32703E-02   0.27721E-02   0.28712E-02
 6816.10   0.32552E-02   0.27616E-02   0.28613E-02
 6829.71   0.32399E-02   0.27511E-02   0.28512E-02
 6843.31   0.32245E-02   0.27404E-02   0.28409E-02
 6856.92   0.32088E-02   0.27295E-02   0.28304E-02
 6870.52   0.31923E-02   0.27178E-02   0.28191E-02
 6884.13   0.31775E-02   0.27077E-02   0.28095E-02
 6897.73   0.31678E-02   0.27019E-02   0.28042E-02
 6911.34   0.31520E-02   0.26909E-02   0.27936E-02
 6924.94   0.31373E-02   0.26809E-02   0.27840E-02
 6938.55   0.31230E-02   0.26711E-02   0.27746E-02
 6952.15   0.31088E-02   0.26616E-02   0.27655E-02
 6965.76   0.30947E-02   0.26520E-02   0.27563E-02
 6979.36   0.30805E-02   0.26424E-02   0.27471E-02
 6992.97   0.30662E-02   0.26327E-02   0.27378E-02
 7006.57   0.30515E-02   0.26228E-02   0.27282E-02
 7020.18   0.30364E-02   0.26124E-02   0.27182E-02
 7033.78   0.30196E-02   0.26005E-02   0.27065E-02
 7047.39   0.30045E-02   0.25902E-02   0.26965E-02
 7060.99   0.29979E-02   0.25872E-02   0.26941E-02
 7074.60   0.29825E-02   0.25766E-02   0.26838E-02
 7088.20   0.29681E-02   0.25668E-02   0.26743E-02
 7101.81   0.29541E-02   0.25575E-02   0.26653E-02
 7115.41   0.29404E-02   0.25484E-02   0.26565E-02
 7129.02   0.29270E-02   0.25394E-02   0.26478E-02
 7142.62   0.29136E-02   0.25306E-02   0.26393E-02
 7156.23   0.29001E-02   0.25217E-02   0.26307E-02
 7169.83   0.28865E-02   0.25126E-02   0.26219E-02
 7183.44   0.28724E-02   0.25032E-02   0.26127E-02
 7197.04   0.28566E-02   0.24922E-02   0.26019E-02
 7210.65   0.28416E-02   0.24820E-02   0.25919E-02
 7224.25   0.28357E-02   0.24797E-02   0.25902E-02
 7237.86   0.28210E-02   0.24696E-02   0.25803E-02
 7251.46   0.28070E-02   0.24603E-02   0.25712E-02
 7265.07   0.27934E-02   0.24512E-02   0.25623E-02
 7278.67   0.27800E-02   0.24424E-02   0.25538E-02
 7292.28   0.27670E-02   0.24339E-02   0.25455E-02
 7305.88   0.27542E-02   0.24255E-02   0.25374E-02
 7319.49   0.27415E-02   0.24173E-02   0.25294E-02
 7333.09   0.27288E-02   0.24091E-02   0.25213E-02
 7346.70   0.27159E-02   0.24007E-02   0.25132E-02
 7360.30   0.27023E-02   0.23916E-02   0.25042E-02
 7373.91   0.26884E-02   0.23824E-02   0.24951E-02
 7387.51   0.26804E-02   0.23783E-02   0.24914E-02
 7401.12   0.26667E-02   0.23692E-02   0.24825E-02
 7414.72   0.26535E-02   0.23605E-02   0.24739E-02
 7428.33   0.26404E-02   0.23519E-02   0.24655E-02
 7441.93   0.26275E-02   0.23434E-02   0.24572E-02
 7455.54   0.26148E-02   0.23352E-02   0.24491E-02
 7469.14   0.26023E-02   0.23271E-02   0.24411E-02
 7482.75   0.25901E-02   0.23192E-02   0.24334E-02
 7496.35   0.25780E-02   0.23115E-02   0.24259E-02
 7509.96   0.25660E-02   0.23039E-02   0.24184E-02
 7523.56   0.25540E-02   0.22963E-02   0.24109E-02
 7537.17   0.25418E-02   0.22884E-02   0.24032E-02
 7550.77   0.25314E-02   0.22822E-02   0.23972E-02
 7564.38   0.25192E-02   0.22744E-02   0.23894E-02
 7577.98   0.25070E-02   0.22666E-02   0.23817E-02
 7591.59   0.24948E-02   0.22587E-02   0.23739E-02
 7605.19   0.24825E-02   0.22508E-02   0.23661E-02
 7618.80   0.24703E-02   0.22429E-02   0.23583E-02
 7632.40   0.24581E-02   0.22351E-02   0.23506E-02
 7646.01   0.24461E-02   0.22274E-02   0.23430E-02
 7659.61   0.24343E-02   0.22199E-02   0.23355E-02
 7673.22   0.24228E-02   0.22126E-02   0.23283E-02
 7686.82   0.24114E-02   0.22055E-02   0.23212E-02
 7700.43   0.24002E-02   0.21985E-02   0.23143E-02
 7714.03   0.23891E-02   0.21916E-02   0.23075E-02
 7727.64   0.23780E-02   0.21847E-02   0.23007E-02
 7741.24   0.23669E-02   0.21778E-02   0.22938E-02
 7754.85   0.23556E-02   0.21708E-02   0.22869E-02
 7768.45   0.23443E-02   0.21637E-02   0.22798E-02
 7782.06   0.23328E-02   0.21564E-02   0.22725E-02
 7795.66   0.23213E-02   0.21491E-02   0.22652E-02
 7809.27   0.23097E-02   0.21417E-02   0.22579E-02
 7822.87   0.22982E-02   0.21344E-02   0.22505E-02
 7836.48   0.22868E-02   0.21271E-02   0.22433E-02
 7850.08   0.22755E-02   0.21200E-02   0.22361E-02
 7863.69   0.22642E-02   0.21128E-02   0.22289E-02
 7877.29   0.22540E-02   0.21067E-02   0.22228E-02
 7890.90   0.22442E-02   0.21009E-02   0.22171E-02
 7904.50   0.22333E-02   0.20942E-02   0.22104E-02
 7918.11   0.22228E-02   0.20877E-02   0.22039E-02
 7931.71   0.22123E-02   0.20813E-02   0.21974E-02
 7945.32   0.22017E-02   0.20747E-02   0.21909E-02
 7958.92   0.21910E-02   0.20681E-02   0.21843E-02
 7972.53   0.21802E-02   0.20614E-02   0.21775E-02
 7986.13   0.21693E-02   0.20545E-02   0.21706E-02
 7999.74   0.21583E-02   0.20476E-02   0.21635E-02
 8013.34   0.21473E-02   0.20405E-02   0.21564E-02
 8026.95   0.21360E-02   0.20333E-02   0.21491E-02
 8040.55   0.21235E-02   0.20249E-02   0.21405E-02
 8054.16   0.21141E-02   0.20194E-02   0.21350E-02
 8067.76   0.21075E-02   0.20166E-02   0.21324E-02
 8081.37   0.20968E-02   0.20098E-02   0.21255E-02
 8094.97   0.20866E-02   0.20035E-02   0.21191E-02
 8108.58   0.20766E-02   0.19975E-02   0.21130E-02
 8122.18   0.20667E-02   0.19915E-02   0.21069E-02
 8135.79   0.20567E-02   0.19854E-02   0.21008E-02
 8149.39   0.20467E-02   0.19793E-02   0.20946E-02
 8163.00   0.20366E-02   0.19730E-02   0.20882E-02
 8176.60   0.20263E-02   0.19665E-02   0.20816E-02
 8190.21   0.20157E-02   0.19598E-02   0.20747E-02
 8203.81   0.20045E-02   0.19526E-02   0.20673E-02
 8217.42   0.19897E-02   0.19417E-02   0.20560E-02
 8231.02   0.19929E-02   0.19484E-02   0.20633E-02
 8244.63   0.19787E-02   0.19380E-02   0.20526E-02
 8258.23   0.19680E-02   0.19312E-02   0.20456E-02
 8271.84   0.19581E-02   0.19250E-02   0.20393E-02
 8285.44   0.19484E-02   0.19191E-02   0.20332E-02
 8299.05   0.19390E-02   0.19134E-02   0.20274E-02
 8312.65   0.19297E-02   0.19078E-02   0.20217E-02
 8326.26   0.19204E-02   0.19022E-02   0.20160E-02
 8339.86   0.19110E-02   0.18966E-02   0.20102E-02
 8353.47   0.19015E-02   0.18907E-02   0.20042E-02
 8367.07   0.18917E-02   0.18846E-02   0.19979E-02
 8380.68   0.18812E-02   0.18778E-02   0.19908E-02
 8394.28   0.18658E-02   0.18660E-02   0.19785E-02
 8407.89   0.18704E-02   0.18743E-02   0.19874E-02
 8421.49   0.18571E-02   0.18646E-02   0.19773E-02
 8435.10   0.18468E-02   0.18579E-02   0.19704E-02
 8448.70   0.18371E-02   0.18518E-02   0.19641E-02
 8462.31   0.18277E-02   0.18460E-02   0.19581E-02
 8475.91   0.18186E-02   0.18404E-02   0.19524E-02
 8489.52   0.18097E-02   0.18351E-02   0.19468E-02
 8503.12   0.18010E-02   0.18298E-02   0.19414E-02
 8516.73   0.17923E-02   0.18247E-02   0.19361E-02
 8530.33   0.17836E-02   0.18195E-02   0.19307E-02
 8543.94   0.17747E-02   0.18141E-02   0.19251E-02
 8557.54   0.17654E-02   0.18082E-02   0.19190E-02
 8571.15   0.17532E-02   0.17994E-02   0.19098E-02
 8584.75   0.17542E-02   0.18042E-02   0.19149E-02
 8598.36   0.17421E-02   0.17954E-02   0.19058E-02
 8611.96   0.17325E-02   0.17892E-02   0.18993E-02
 8625.57   0.17233E-02   0.17834E-02   0.18932E-02
 8639.17   0.17143E-02   0.17778E-02   0.18873E-02
 8652.78   0.17055E-02   0.17723E-02   0.18816E-02
 8666.38   0.16969E-02   0.17670E-02   0.18761E-02
 8679.99   0.16884E-02   0.17619E-02   0.18708E-02
 8693.59   0.16802E-02   0.17570E-02   0.18657E-02
 8707.20   0.16720E-02   0.17522E-02   0.18606E-02
 8720.80   0.16639E-02   0.17474E-02   0.18556E-02
 8734.41   0.16558E-02   0.17426E-02   0.18505E-02
 8748.01   0.16469E-02   0.17370E-02   0.18447E-02
 8761.62   0.16381E-02   0.17314E-02   0.18388E-02
 8775.22   0.16330E-02   0.17297E-02   0.18371E-02
 8788.83   0.16245E-02   0.17244E-02   0.18315E-02
 8802.43   0.16161E-02   0.17192E-02   0.18260E-02
 8816.04   0.16076E-02   0.17139E-02   0.18204E-02
 8829.64   0.15993E-02   0.17087E-02   0.18149E-02
 8843.25   0.15910E-02   0.17036E-02   0.18095E-02
 8856.85   0.15828E-02   0.16986E-02   0.18042E-02
 8870.46   0.15748E-02   0.16937E-02   0.17990E-02
 8884.06   0.15669E-02   0.16890E-02   0.17940E-02
 8897.67   0.15593E-02   0.16844E-02   0.17892E-02
 8911.27   0.15517E-02   0.16800E-02   0.17846E-02
 8924.88   0.15443E-02   0.16756E-02   0.17799E-02
 8938.48   0.15367E-02   0.16712E-02   0.17752E-02
 8952.09   0.15297E-02   0.16673E-02   0.17710E-02
 8965.69   0.15222E-02   0.16629E-02   0.17664E-02
 8979.30   0.15147E-02   0.16584E-02   0.17616E-02
 8992.90   0.15071E-02   0.16538E-02   0.17567E-02
 9006.51   0.14994E-02   0.16491E-02   0.17517E-02
 9020.11   0.14917E-02   0.16443E-02   0.17466E-02
 9033.72   0.14839E-02   0.16395E-02   0.17415E-02
 9047.32   0.14762E-02   0.16347E-02   0.17363E-02
 9060.93   0.14686E-02   0.16299E-02   0.17313E-02
 9074.53   0.14610E-02   0.16253E-02   0.17263E-02
 9088.14   0.14537E-02   0.16208E-02   0.17215E-02
 9101.74   0.14464E-02   0.16165E-02   0.17169E-02
 9115.35   0.14391E-02   0.16120E-02   0.17121E-02
 9128.95   0.14331E-02   0.16091E-02   0.17089E-02
 9142.56   0.14260E-02   0.16047E-02   0.17043E-02
 9156.16   0.14191E-02   0.16007E-02   0.16999E-02
 9169.77   0.14122E-02   0.15967E-02   0.16956E-02
 9183.37   0.14053E-02   0.15926E-02   0.16912E-02
 9196.98   0.13983E-02   0.15884E-02   0.16867E-02
 9210.58   0.13912E-02   0.15841E-02   0.16820E-02
 9224.19   0.13840E-02   0.15796E-02   0.16772E-02
 9237.79   0.13768E-02   0.15751E-02   0.16723E-02
 9251.40   0.13695E-02   0.15705E-02   0.16674E-02
 9265.00   0.13623E-02   0.15659E-02   0.16624E-02
 9278.61   0.13550E-02   0.15613E-02   0.16574E-02
 9292.21   0.13476E-02   0.15564E-02   0.16521E-02
 9305.82   0.13416E-02   0.15532E-02   0.16486E-02
 9319.42   0.13370E-02   0.15516E-02   0.16468E-02
 9333.03   0.13297E-02   0.15468E-02   0.16416E-02
 9346.63   0.13231E-02   0.15428E-02   0.16373E-02
 9360.24   0.13166E-02   0.15390E-02   0.16332E-02
 9373.84   0.13103E-02   0.15353E-02   0.16291E-02
 9387.45   0.13039E-02   0.15315E-02   0.16249E-02
 9401.05   0.12974E-02   0.15276E-02   0.16207E-02
 9414.66   0.12909E-02   0.15236E-02   0.16163E-02
 9428.26   0.12842E-02   0.15194E-02   0.16118E-02
 9441.87   0.12774E-02   0.15151E-02   0.16071E-02
 9455.47   0.12705E-02   0.15106E-02   0.16022E-02
 9469.08   0.12634E-02   0.15058E-02   0.15969E-02
 9482.68   0.12551E-02   0.14996E-02   0.15903E-02
 9496.29   0.12498E-02   0.14969E-02   0.15872E-02
 9509.89   0.12478E-02   0.14982E-02   0.15885E-02
 9523.50   0.12404E-02   0.14930E-02   0.15828E-02
 9537.10   0.12339E-02   0.14888E-02   0.15783E-02
 9550.71   0.12277E-02   0.14851E-02   0.15741E-02
 9564.31   0.12217E-02   0.14815E-02   0.15701E-02
 9577.92   0.12158E-02   0.14780E-02   0.15663E-02
 9591.52   0.12099E-02   0.14745E-02   0.15624E-02
 9605.13   0.12040E-02   0.14709E-02   0.15584E-02
 9618.73   0.11980E-02   0.14672E-02   0.15544E-02
 9632.34   0.11918E-02   0.14633E-02   0.15501E-02
 9645.94   0.11855E-02   0.14591E-02   0.15455E-02
 9659.55   0.11787E-02   0.14544E-02   0.15403E-02
 9673.15   0.11701E-02   0.14474E-02   0.15327E-02
 9686.76   0.11650E-02   0.14447E-02   0.15297E-02
 9700.36   0.11649E-02   0.14483E-02   0.15333E-02
 9713.97   0.11577E-02   0.14429E-02   0.15274E-02
 9727.57   0.11514E-02   0.14387E-02   0.15227E-02
 9741.18   0.11454E-02   0.14348E-02   0.15184E-02
 9754.78   0.11396E-02   0.14312E-02   0.15144E-02
 9768.39   0.11340E-02   0.14278E-02   0.15106E-02
 9781.99   0.11286E-02   0.14245E-02   0.15069E-02
 9795.60   0.11231E-02   0.14212E-02   0.15033E-02
 9809.20   0.11177E-02   0.14180E-02   0.14996E-02
 9822.81   0.11122E-02   0.14146E-02   0.14958E-02
 9836.41   0.11065E-02   0.14110E-02   0.14918E-02
 9850.02   0.11005E-02   0.14069E-02   0.14872E-02
 9863.62   0.10930E-02   0.14008E-02   0.14806E-02
 9877.23   0.10877E-02   0.13976E-02   0.14769E-02
 9890.83   0.10877E-02   0.14012E-02   0.14805E-02
 9904.44   0.10810E-02   0.13961E-02   0.14749E-02
 9918.04   0.10750E-02   0.13919E-02   0.14702E-02
 9931.65   0.10692E-02   0.13880E-02   0.14659E-02
 9945.25   0.10637E-02   0.13843E-02   0.14618E-02
 9958.86   0.10583E-02   0.13809E-02   0.14579E-02
 9972.46   0.10531E-02   0.13776E-02   0.14542E-02
 9986.07   0.10480E-02   0.13745E-02   0.14507E-02
 9999.67   0.10430E-02   0.13714E-02   0.14473E-02
