  122.44   0.86292E+00   0.87522E+00   0.81819E+00
  136.05   0.91531E+00   0.92781E+00   0.87487E+00
  149.65   0.95266E+00   0.96521E+00   0.91605E+00
  163.26   0.97811E+00   0.99062E+00   0.94489E+00
  176.86   0.99238E+00   0.10048E+01   0.96216E+00
  190.47   0.99749E+00   0.10097E+01   0.96992E+00
  204.07   0.99458E+00   0.10065E+01   0.96937E+00
  217.68   0.98625E+00   0.99797E+00   0.96315E+00
  231.28   0.97335E+00   0.98479E+00   0.95213E+00
  244.89   0.95701E+00   0.96817E+00   0.93748E+00
  258.49   0.93766E+00   0.94853E+00   0.91965E+00
  272.10   0.91619E+00   0.92676E+00   0.89954E+00
  285.70   0.89290E+00   0.90318E+00   0.87749E+00
  299.31   0.86874E+00   0.87872E+00   0.85444E+00
  312.91   0.84449E+00   0.85419E+00   0.83120E+00
  326.52   0.81974E+00   0.82915E+00   0.80736E+00
  340.12   0.79499E+00   0.80413E+00   0.78344E+00
  353.73   0.77009E+00   0.77896E+00   0.75931E+00
  367.33   0.74549E+00   0.75410E+00   0.73540E+00
  380.94   0.72141E+00   0.72977E+00   0.71196E+00
  394.54   0.69778E+00   0.70589E+00   0.68891E+00
  408.15   0.67468E+00   0.68254E+00   0.66634E+00
  421.75   0.65251E+00   0.66015E+00   0.64466E+00
  435.36   0.63078E+00   0.63819E+00   0.62338E+00
  448.96   0.60942E+00   0.61662E+00   0.60244E+00
  462.57   0.58923E+00   0.59622E+00   0.58263E+00
  476.17   0.56946E+00   0.57624E+00   0.56321E+00
  489.78   0.55011E+00   0.55670E+00   0.54420E+00
  503.38   0.53197E+00   0.53837E+00   0.52636E+00
  516.99   0.51427E+00   0.52049E+00   0.50895E+00
  530.59   0.49717E+00   0.50322E+00   0.49211E+00
  544.20   0.48081E+00   0.48668E+00   0.47599E+00
  557.80   0.46494E+00   0.47064E+00   0.46034E+00
  571.41   0.44968E+00   0.45523E+00   0.44530E+00
  585.01   0.43505E+00   0.44045E+00   0.43087E+00
  598.62   0.42085E+00   0.42609E+00   0.41685E+00
  612.22   0.40724E+00   0.41235E+00   0.40342E+00
  625.83   0.39419E+00   0.39915E+00   0.39053E+00
  639.43   0.38166E+00   0.38649E+00   0.37815E+00
  653.04   0.36955E+00   0.37425E+00   0.36619E+00
  666.64   0.35791E+00   0.36249E+00   0.35468E+00
  680.25   0.34673E+00   0.35119E+00   0.34363E+00
  693.85   0.33596E+00   0.34030E+00   0.33298E+00
  707.46   0.32557E+00   0.32979E+00   0.32270E+00
  721.06   0.31556E+00   0.31967E+00   0.31279E+00
  734.67   0.30597E+00   0.30997E+00   0.30331E+00
  748.27   0.29673E+00   0.30063E+00   0.29416E+00
  761.88   0.28782E+00   0.29162E+00   0.28534E+00
  775.48   0.27922E+00   0.28293E+00   0.27682E+00
  789.09   0.27100E+00   0.27461E+00   0.26869E+00
  802.69   0.26304E+00   0.26657E+00   0.26080E+00
  816.30   0.25537E+00   0.25881E+00   0.25321E+00
  829.90   0.24795E+00   0.25130E+00   0.24585E+00
  843.51   0.24086E+00   0.24412E+00   0.23882E+00
  857.11   0.23396E+00   0.23715E+00   0.23199E+00
  870.72   0.22734E+00   0.23044E+00   0.22542E+00
  884.32   0.22093E+00   0.22397E+00   0.21908E+00
  897.93   0.21481E+00   0.21777E+00   0.21301E+00
  911.53   0.20883E+00   0.21171E+00   0.20707E+00
  925.14   0.20309E+00   0.20590E+00   0.20138E+00
  938.74   0.19755E+00   0.20030E+00   0.19588E+00
  952.35   0.19216E+00   0.19485E+00   0.19055E+00
  965.95   0.18703E+00   0.18965E+00   0.18545E+00
  979.56   0.18202E+00   0.18457E+00   0.18048E+00
  993.16   0.17718E+00   0.17968E+00   0.17568E+00
 1006.77   0.17252E+00   0.17496E+00   0.17105E+00
 1020.37   0.16802E+00   0.17040E+00   0.16659E+00
 1033.98   0.16365E+00   0.16597E+00   0.16225E+00
 1047.58   0.15942E+00   0.16169E+00   0.15806E+00
 1061.19   0.15534E+00   0.15756E+00   0.15401E+00
 1074.79   0.15140E+00   0.15357E+00   0.15010E+00
 1088.40   0.14759E+00   0.14971E+00   0.14631E+00
 1102.00   0.14389E+00   0.14596E+00   0.14264E+00
 1115.61   0.14030E+00   0.14233E+00   0.13908E+00
 1129.21   0.13683E+00   0.13881E+00   0.13563E+00
 1142.82   0.13348E+00   0.13541E+00   0.13231E+00
 1156.42   0.13023E+00   0.13212E+00   0.12908E+00
 1170.03   0.12707E+00   0.12892E+00   0.12594E+00
 1183.63   0.12401E+00   0.12582E+00   0.12290E+00
 1197.24   0.12104E+00   0.12281E+00   0.11995E+00
 1210.84   0.11819E+00   0.11991E+00   0.11712E+00
 1224.45   0.11540E+00   0.11709E+00   0.11435E+00
 1238.05   0.11270E+00   0.11435E+00   0.11167E+00
 1251.66   0.11008E+00   0.11170E+00   0.10907E+00
 1265.26   0.10753E+00   0.10911E+00   0.10653E+00
 1278.87   0.10508E+00   0.10663E+00   0.10410E+00
 1292.47   0.10268E+00   0.10419E+00   0.10171E+00
 1306.08   0.10035E+00   0.10183E+00   0.99405E-01
 1319.68   0.98096E-01   0.99542E-01   0.97162E-01
 1333.29   0.95896E-01   0.97311E-01   0.94977E-01
 1346.89   0.93791E-01   0.95176E-01   0.92886E-01
 1360.50   0.91701E-01   0.93055E-01   0.90809E-01
 1374.10   0.89687E-01   0.91012E-01   0.88808E-01
 1387.71   0.87734E-01   0.89030E-01   0.86868E-01
 1401.31   0.85835E-01   0.87103E-01   0.84980E-01
 1414.92   0.83967E-01   0.85208E-01   0.83124E-01
 1428.52   0.82197E-01   0.83412E-01   0.81366E-01
 1442.13   0.80446E-01   0.81634E-01   0.79625E-01
 1455.73   0.78745E-01   0.79908E-01   0.77936E-01
 1469.34   0.77093E-01   0.78231E-01   0.76294E-01
 1482.94   0.75483E-01   0.76597E-01   0.74694E-01
 1496.55   0.73924E-01   0.75013E-01   0.73144E-01
 1510.15   0.72395E-01   0.73461E-01   0.71625E-01
 1523.76   0.70907E-01   0.71951E-01   0.70146E-01
 1537.36   0.69460E-01   0.70481E-01   0.68708E-01
 1550.97   0.68054E-01   0.69053E-01   0.67310E-01
 1564.57   0.66684E-01   0.67661E-01   0.65949E-01
 1578.18   0.65351E-01   0.66308E-01   0.64624E-01
 1591.78   0.64049E-01   0.64986E-01   0.63330E-01
 1605.39   0.62779E-01   0.63696E-01   0.62068E-01
 1618.99   0.61542E-01   0.62439E-01   0.60839E-01
 1632.60   0.60337E-01   0.61215E-01   0.59641E-01
 1646.20   0.59166E-01   0.60025E-01   0.58477E-01
 1659.81   0.58022E-01   0.58862E-01   0.57340E-01
 1673.41   0.56905E-01   0.57728E-01   0.56230E-01
 1687.02   0.55814E-01   0.56619E-01   0.55146E-01
 1700.62   0.54749E-01   0.55537E-01   0.54087E-01
 1714.23   0.53709E-01   0.54479E-01   0.53053E-01
 1727.83   0.52703E-01   0.53458E-01   0.52054E-01
 1741.44   0.51716E-01   0.52454E-01   0.51073E-01
 1755.04   0.50753E-01   0.51476E-01   0.50116E-01
 1768.65   0.49813E-01   0.50519E-01   0.49181E-01
 1782.25   0.48893E-01   0.49584E-01   0.48267E-01
 1795.86   0.47990E-01   0.48666E-01   0.47369E-01
 1809.46   0.47125E-01   0.47787E-01   0.46510E-01
 1823.07   0.46268E-01   0.46916E-01   0.45659E-01
 1836.67   0.45434E-01   0.46068E-01   0.44830E-01
 1850.28   0.44619E-01   0.45239E-01   0.44020E-01
 1863.88   0.43821E-01   0.44428E-01   0.43227E-01
 1877.49   0.43037E-01   0.43630E-01   0.42447E-01
 1891.09   0.42287E-01   0.42868E-01   0.41702E-01
 1904.70   0.41538E-01   0.42106E-01   0.40958E-01
 1918.30   0.40810E-01   0.41366E-01   0.40235E-01
 1931.91   0.40100E-01   0.40643E-01   0.39529E-01
 1945.51   0.39405E-01   0.39936E-01   0.38839E-01
 1959.12   0.38724E-01   0.39243E-01   0.38162E-01
 1972.72   0.38071E-01   0.38579E-01   0.37513E-01
 1986.33   0.37413E-01   0.37909E-01   0.36859E-01
 1999.93   0.36776E-01   0.37261E-01   0.36226E-01
 2013.54   0.36153E-01   0.36628E-01   0.35608E-01
 2027.14   0.35546E-01   0.36010E-01   0.35004E-01
 2040.75   0.34951E-01   0.35404E-01   0.34413E-01
 2054.35   0.34365E-01   0.34808E-01   0.33831E-01
 2067.96   0.33801E-01   0.34234E-01   0.33271E-01
 2081.56   0.33241E-01   0.33665E-01   0.32715E-01
 2095.17   0.32694E-01   0.33108E-01   0.32171E-01
 2108.77   0.32159E-01   0.32563E-01   0.31639E-01
 2122.38   0.31635E-01   0.32030E-01   0.31119E-01
 2135.98   0.31123E-01   0.31509E-01   0.30611E-01
 2149.59   0.30623E-01   0.31000E-01   0.30114E-01
 2163.19   0.30131E-01   0.30499E-01   0.29625E-01
 2176.80   0.29649E-01   0.30008E-01   0.29146E-01
 2190.40   0.29176E-01   0.29526E-01   0.28676E-01
 2204.01   0.28713E-01   0.29055E-01   0.28217E-01
 2217.61   0.28260E-01   0.28594E-01   0.27767E-01
 2231.22   0.27817E-01   0.28143E-01   0.27327E-01
 2244.82   0.27384E-01   0.27702E-01   0.26897E-01
 2258.43   0.26958E-01   0.27269E-01   0.26474E-01
 2272.03   0.26541E-01   0.26843E-01   0.26059E-01
 2285.64   0.26131E-01   0.26426E-01   0.25652E-01
 2299.24   0.25728E-01   0.26016E-01   0.25253E-01
 2312.85   0.25334E-01   0.25615E-01   0.24862E-01
 2326.45   0.24948E-01   0.25222E-01   0.24478E-01
 2340.06   0.24572E-01   0.24839E-01   0.24105E-01
 2353.66   0.24202E-01   0.24462E-01   0.23738E-01
 2367.27   0.23838E-01   0.24092E-01   0.23377E-01
 2380.87   0.23481E-01   0.23728E-01   0.23022E-01
 2394.48   0.23130E-01   0.23370E-01   0.22674E-01
 2408.08   0.22785E-01   0.23019E-01   0.22332E-01
 2421.69   0.22448E-01   0.22676E-01   0.21997E-01
 2435.29   0.22121E-01   0.22342E-01   0.21672E-01
 2448.90   0.21797E-01   0.22012E-01   0.21350E-01
 2462.50   0.21479E-01   0.21688E-01   0.21035E-01
 2476.11   0.21167E-01   0.21371E-01   0.20726E-01
 2489.71   0.20860E-01   0.21058E-01   0.20421E-01
 2503.32   0.20558E-01   0.20750E-01   0.20121E-01
 2516.92   0.20257E-01   0.20444E-01   0.19823E-01
 2530.53   0.19975E-01   0.20157E-01   0.19544E-01
 2544.13   0.19690E-01   0.19867E-01   0.19261E-01
 2557.74   0.19411E-01   0.19582E-01   0.18984E-01
 2571.34   0.19137E-01   0.19303E-01   0.18712E-01
 2584.95   0.18868E-01   0.19029E-01   0.18445E-01
 2598.55   0.18602E-01   0.18758E-01   0.18182E-01
 2612.16   0.18339E-01   0.18490E-01   0.17921E-01
 2625.76   0.18090E-01   0.18237E-01   0.17674E-01
 2639.37   0.17837E-01   0.17980E-01   0.17424E-01
 2652.97   0.17591E-01   0.17728E-01   0.17179E-01
 2666.58   0.17349E-01   0.17482E-01   0.16940E-01
 2680.18   0.17111E-01   0.17240E-01   0.16705E-01
 2693.79   0.16878E-01   0.17002E-01   0.16473E-01
 2707.39   0.16647E-01   0.16767E-01   0.16244E-01
 2721.00   0.16426E-01   0.16542E-01   0.16026E-01
 2734.60   0.16203E-01   0.16315E-01   0.15804E-01
 2748.21   0.15984E-01   0.16092E-01   0.15588E-01
 2761.81   0.15770E-01   0.15873E-01   0.15375E-01
 2775.42   0.15559E-01   0.15659E-01   0.15167E-01
 2789.02   0.15353E-01   0.15449E-01   0.14962E-01
 2802.63   0.15150E-01   0.15242E-01   0.14761E-01
 2816.23   0.14948E-01   0.15037E-01   0.14561E-01
 2829.84   0.14754E-01   0.14840E-01   0.14370E-01
 2843.44   0.14561E-01   0.14642E-01   0.14178E-01
 2857.05   0.14370E-01   0.14448E-01   0.13989E-01
 2870.65   0.14183E-01   0.14257E-01   0.13804E-01
 2884.26   0.13999E-01   0.14070E-01   0.13622E-01
 2897.86   0.13818E-01   0.13886E-01   0.13443E-01
 2911.47   0.13641E-01   0.13705E-01   0.13267E-01
 2925.07   0.13466E-01   0.13528E-01   0.13095E-01
 2938.68   0.13295E-01   0.13353E-01   0.12925E-01
 2952.28   0.13125E-01   0.13181E-01   0.12758E-01
 2965.89   0.12958E-01   0.13011E-01   0.12593E-01
 2979.49   0.12794E-01   0.12844E-01   0.12430E-01
 2993.10   0.12633E-01   0.12679E-01   0.12270E-01
 3006.70   0.12474E-01   0.12518E-01   0.12113E-01
 3020.31   0.12318E-01   0.12359E-01   0.11959E-01
 3033.91   0.12165E-01   0.12204E-01   0.11808E-01
 3047.52   0.12014E-01   0.12050E-01   0.11659E-01
 3061.12   0.11866E-01   0.11899E-01   0.11512E-01
 3074.73   0.11719E-01   0.11750E-01   0.11368E-01
 3088.33   0.11575E-01   0.11603E-01   0.11225E-01
 3101.94   0.11432E-01   0.11458E-01   0.11084E-01
 3115.54   0.11292E-01   0.11315E-01   0.10945E-01
 3129.15   0.11154E-01   0.11174E-01   0.10809E-01
 3142.75   0.11021E-01   0.11039E-01   0.10677E-01
 3156.36   0.10887E-01   0.10903E-01   0.10546E-01
 3169.96   0.10756E-01   0.10770E-01   0.10416E-01
 3183.57   0.10627E-01   0.10638E-01   0.10289E-01
 3197.17   0.10500E-01   0.10509E-01   0.10163E-01
 3210.78   0.10374E-01   0.10381E-01   0.10039E-01
 3224.38   0.10249E-01   0.10254E-01   0.99160E-02
 3237.99   0.10126E-01   0.10129E-01   0.97947E-02
 3251.59   0.10010E-01   0.10011E-01   0.96799E-02
 3265.20   0.98915E-02   0.98901E-02   0.95629E-02
 3278.80   0.97754E-02   0.97720E-02   0.94483E-02
 3292.41   0.96612E-02   0.96558E-02   0.93357E-02
 3306.01   0.95485E-02   0.95413E-02   0.92246E-02
 3319.62   0.94373E-02   0.94282E-02   0.91149E-02
 3333.22   0.93271E-02   0.93161E-02   0.90063E-02
 3346.83   0.92178E-02   0.92051E-02   0.88986E-02
 3360.43   0.91155E-02   0.91010E-02   0.87977E-02
 3374.04   0.90093E-02   0.89932E-02   0.86931E-02
 3387.64   0.89058E-02   0.88879E-02   0.85911E-02
 3401.25   0.88041E-02   0.87846E-02   0.84909E-02
 3414.85   0.87040E-02   0.86829E-02   0.83923E-02
 3428.46   0.86054E-02   0.85827E-02   0.82952E-02
 3442.06   0.85078E-02   0.84835E-02   0.81991E-02
 3455.67   0.84101E-02   0.83843E-02   0.81030E-02
 3469.27   0.83205E-02   0.82932E-02   0.80146E-02
 3482.88   0.82250E-02   0.81962E-02   0.79206E-02
 3496.48   0.81323E-02   0.81021E-02   0.78295E-02
 3510.09   0.80414E-02   0.80097E-02   0.77400E-02
 3523.69   0.79520E-02   0.79190E-02   0.76520E-02
 3537.30   0.78641E-02   0.78297E-02   0.75655E-02
 3550.90   0.77774E-02   0.77416E-02   0.74803E-02
 3564.51   0.76916E-02   0.76546E-02   0.73959E-02
 3578.11   0.76056E-02   0.75673E-02   0.73114E-02
 3591.72   0.75253E-02   0.74857E-02   0.72323E-02
 3605.32   0.74425E-02   0.74017E-02   0.71510E-02
 3618.93   0.73611E-02   0.73190E-02   0.70709E-02
 3632.53   0.72809E-02   0.72377E-02   0.69921E-02
 3646.14   0.72019E-02   0.71576E-02   0.69146E-02
 3659.74   0.71243E-02   0.70788E-02   0.68383E-02
 3673.35   0.70479E-02   0.70012E-02   0.67632E-02
 3686.95   0.69723E-02   0.69245E-02   0.66890E-02
 3700.56   0.68987E-02   0.68499E-02   0.66167E-02
 3714.16   0.68249E-02   0.67751E-02   0.65443E-02
 3727.77   0.67522E-02   0.67012E-02   0.64728E-02
 3741.37   0.66802E-02   0.66283E-02   0.64022E-02
 3754.98   0.66092E-02   0.65564E-02   0.63326E-02
 3768.58   0.65393E-02   0.64854E-02   0.62639E-02
 3782.19   0.64704E-02   0.64156E-02   0.61964E-02
 3795.79   0.64027E-02   0.63469E-02   0.61299E-02
 3809.40   0.63360E-02   0.62793E-02   0.60645E-02
 3823.00   0.62703E-02   0.62127E-02   0.60000E-02
 3836.61   0.62052E-02   0.61468E-02   0.59363E-02
 3850.21   0.61410E-02   0.60816E-02   0.58732E-02
 3863.82   0.60773E-02   0.60172E-02   0.58109E-02
 3877.42   0.60144E-02   0.59534E-02   0.57492E-02
 3891.03   0.59522E-02   0.58904E-02   0.56883E-02
 3904.63   0.58908E-02   0.58283E-02   0.56282E-02
 3918.24   0.58303E-02   0.57670E-02   0.55689E-02
 3931.84   0.57709E-02   0.57068E-02   0.55107E-02
 3945.45   0.57130E-02   0.56482E-02   0.54540E-02
 3959.05   0.56552E-02   0.55896E-02   0.53973E-02
 3972.66   0.55981E-02   0.55318E-02   0.53414E-02
 3986.26   0.55416E-02   0.54746E-02   0.52862E-02
 3999.87   0.54857E-02   0.54180E-02   0.52314E-02
 4013.47   0.54303E-02   0.53620E-02   0.51773E-02
 4027.08   0.53755E-02   0.53065E-02   0.51237E-02
 4040.68   0.53211E-02   0.52515E-02   0.50705E-02
 4054.29   0.52675E-02   0.51973E-02   0.50180E-02
 4067.89   0.52172E-02   0.51464E-02   0.49689E-02
 4081.50   0.51653E-02   0.50939E-02   0.49181E-02
 4095.10   0.51143E-02   0.50423E-02   0.48683E-02
 4108.71   0.50641E-02   0.49915E-02   0.48191E-02
 4122.31   0.50143E-02   0.49412E-02   0.47705E-02
 4135.92   0.49650E-02   0.48913E-02   0.47223E-02
 4149.52   0.49161E-02   0.48419E-02   0.46746E-02
 4163.13   0.48673E-02   0.47926E-02   0.46269E-02
 4176.73   0.48189E-02   0.47437E-02   0.45797E-02
 4190.34   0.47751E-02   0.46994E-02   0.45369E-02
 4203.94   0.47281E-02   0.46519E-02   0.44910E-02
 4217.55   0.46823E-02   0.46056E-02   0.44463E-02
 4231.15   0.46373E-02   0.45601E-02   0.44024E-02
 4244.76   0.45928E-02   0.45152E-02   0.43590E-02
 4258.36   0.45489E-02   0.44708E-02   0.43161E-02
 4271.97   0.45053E-02   0.44268E-02   0.42736E-02
 4285.57   0.44618E-02   0.43829E-02   0.42312E-02
 4299.18   0.44161E-02   0.43369E-02   0.41868E-02
 4312.78   0.43798E-02   0.43000E-02   0.41512E-02
 4326.39   0.43369E-02   0.42569E-02   0.41095E-02
 4339.99   0.42955E-02   0.42151E-02   0.40692E-02
 4353.60   0.42549E-02   0.41741E-02   0.40296E-02
 4367.20   0.42149E-02   0.41338E-02   0.39906E-02
 4380.81   0.41755E-02   0.40940E-02   0.39523E-02
 4394.41   0.41366E-02   0.40547E-02   0.39143E-02
 4408.02   0.40979E-02   0.40157E-02   0.38767E-02
 4421.62   0.40590E-02   0.39765E-02   0.38389E-02
 4435.23   0.40256E-02   0.39427E-02   0.38062E-02
 4448.83   0.39858E-02   0.39027E-02   0.37676E-02
 4462.44   0.39484E-02   0.38650E-02   0.37312E-02
 4476.04   0.39117E-02   0.38280E-02   0.36955E-02
 4489.65   0.38755E-02   0.37916E-02   0.36603E-02
 4503.25   0.38399E-02   0.37557E-02   0.36257E-02
 4516.86   0.38048E-02   0.37204E-02   0.35916E-02
 4530.46   0.37702E-02   0.36855E-02   0.35580E-02
 4544.07   0.37359E-02   0.36509E-02   0.35247E-02
 4557.67   0.37016E-02   0.36165E-02   0.34914E-02
 4571.28   0.36694E-02   0.35840E-02   0.34601E-02
 4584.88   0.36358E-02   0.35502E-02   0.34275E-02
 4598.49   0.36027E-02   0.35169E-02   0.33953E-02
 4612.09   0.35700E-02   0.34840E-02   0.33636E-02
 4625.70   0.35377E-02   0.34515E-02   0.33323E-02
 4639.30   0.35059E-02   0.34195E-02   0.33014E-02
 4652.91   0.34745E-02   0.33879E-02   0.32709E-02
 4666.51   0.34436E-02   0.33568E-02   0.32409E-02
 4680.12   0.34131E-02   0.33261E-02   0.32113E-02
 4693.72   0.33827E-02   0.32956E-02   0.31819E-02
 4707.33   0.33533E-02   0.32660E-02   0.31534E-02
 4720.93   0.33237E-02   0.32362E-02   0.31246E-02
 4734.54   0.32942E-02   0.32067E-02   0.30961E-02
 4748.14   0.32651E-02   0.31774E-02   0.30679E-02
 4761.75   0.32362E-02   0.31483E-02   0.30399E-02
 4775.35   0.32076E-02   0.31197E-02   0.30122E-02
 4788.96   0.31794E-02   0.30914E-02   0.29850E-02
 4802.56   0.31516E-02   0.30635E-02   0.29581E-02
 4816.17   0.31242E-02   0.30359E-02   0.29315E-02
 4829.77   0.30976E-02   0.30092E-02   0.29058E-02
 4843.38   0.30708E-02   0.29823E-02   0.28798E-02
 4856.98   0.30444E-02   0.29558E-02   0.28543E-02
 4870.59   0.30182E-02   0.29295E-02   0.28289E-02
 4884.19   0.29921E-02   0.29034E-02   0.28037E-02
 4897.80   0.29663E-02   0.28774E-02   0.27788E-02
 4911.40   0.29406E-02   0.28517E-02   0.27540E-02
 4925.01   0.29152E-02   0.28262E-02   0.27294E-02
 4938.61   0.28900E-02   0.28010E-02   0.27051E-02
 4952.22   0.28649E-02   0.27758E-02   0.26808E-02
 4965.82   0.28423E-02   0.27532E-02   0.26590E-02
 4979.43   0.28176E-02   0.27285E-02   0.26352E-02
 4993.03   0.27939E-02   0.27046E-02   0.26122E-02
 5006.64   0.27704E-02   0.26811E-02   0.25896E-02
 5020.24   0.27471E-02   0.26578E-02   0.25671E-02
 5033.85   0.27240E-02   0.26346E-02   0.25448E-02
 5047.45   0.27009E-02   0.26116E-02   0.25226E-02
 5061.06   0.26781E-02   0.25887E-02   0.25006E-02
 5074.66   0.26553E-02   0.25659E-02   0.24786E-02
 5088.27   0.26320E-02   0.25427E-02   0.24562E-02
 5101.87   0.26138E-02   0.25243E-02   0.24385E-02
 5115.48   0.25904E-02   0.25010E-02   0.24160E-02
 5129.08   0.25687E-02   0.24793E-02   0.23952E-02
 5142.69   0.25475E-02   0.24581E-02   0.23748E-02
 5156.29   0.25266E-02   0.24371E-02   0.23546E-02
 5169.90   0.25058E-02   0.24164E-02   0.23346E-02
 5183.50   0.24852E-02   0.23958E-02   0.23148E-02
 5197.11   0.24647E-02   0.23753E-02   0.22951E-02
 5210.71   0.24442E-02   0.23549E-02   0.22753E-02
 5224.32   0.24232E-02   0.23340E-02   0.22552E-02
 5237.92   0.24023E-02   0.23131E-02   0.22351E-02
 5251.53   0.23859E-02   0.22966E-02   0.22193E-02
 5265.13   0.23660E-02   0.22768E-02   0.22002E-02
 5278.74   0.23466E-02   0.22575E-02   0.21816E-02
 5292.34   0.23276E-02   0.22385E-02   0.21634E-02
 5305.95   0.23089E-02   0.22199E-02   0.21454E-02
 5319.55   0.22904E-02   0.22014E-02   0.21276E-02
 5333.16   0.22720E-02   0.21831E-02   0.21100E-02
 5346.76   0.22537E-02   0.21648E-02   0.20924E-02
 5360.37   0.22351E-02   0.21463E-02   0.20746E-02
 5373.97   0.22166E-02   0.21279E-02   0.20569E-02
 5387.58   0.22014E-02   0.21127E-02   0.20422E-02
 5401.18   0.21831E-02   0.20944E-02   0.20247E-02
 5414.79   0.21653E-02   0.20768E-02   0.20077E-02
 5428.39   0.21480E-02   0.20595E-02   0.19911E-02
 5442.00   0.21309E-02   0.20426E-02   0.19747E-02
 5455.60   0.21141E-02   0.20258E-02   0.19587E-02
 5469.21   0.20975E-02   0.20093E-02   0.19428E-02
 5482.81   0.20811E-02   0.19930E-02   0.19270E-02
 5496.42   0.20647E-02   0.19767E-02   0.19114E-02
 5510.02   0.20479E-02   0.19600E-02   0.18953E-02
 5523.63   0.20347E-02   0.19467E-02   0.18826E-02
 5537.23   0.20174E-02   0.19297E-02   0.18661E-02
 5550.84   0.20013E-02   0.19137E-02   0.18507E-02
 5564.44   0.19855E-02   0.18980E-02   0.18356E-02
 5578.05   0.19699E-02   0.18825E-02   0.18207E-02
 5591.65   0.19545E-02   0.18672E-02   0.18060E-02
 5605.26   0.19393E-02   0.18522E-02   0.17916E-02
 5618.86   0.19244E-02   0.18373E-02   0.17773E-02
 5632.47   0.19097E-02   0.18227E-02   0.17632E-02
 5646.07   0.18950E-02   0.18082E-02   0.17493E-02
 5659.68   0.18804E-02   0.17936E-02   0.17353E-02
 5673.28   0.18668E-02   0.17801E-02   0.17223E-02
 5686.89   0.18523E-02   0.17658E-02   0.17085E-02
 5700.49   0.18380E-02   0.17516E-02   0.16949E-02
 5714.10   0.18238E-02   0.17376E-02   0.16814E-02
 5727.70   0.18098E-02   0.17237E-02   0.16680E-02
 5741.31   0.17958E-02   0.17099E-02   0.16547E-02
 5754.91   0.17821E-02   0.16963E-02   0.16417E-02
 5768.52   0.17686E-02   0.16829E-02   0.16288E-02
 5782.12   0.17553E-02   0.16698E-02   0.16161E-02
 5795.73   0.17421E-02   0.16567E-02   0.16036E-02
 5809.33   0.17291E-02   0.16438E-02   0.15912E-02
 5822.94   0.17164E-02   0.16313E-02   0.15791E-02
 5836.54   0.17036E-02   0.16186E-02   0.15669E-02
 5850.15   0.16908E-02   0.16060E-02   0.15548E-02
 5863.75   0.16781E-02   0.15935E-02   0.15428E-02
 5877.36   0.16655E-02   0.15810E-02   0.15308E-02
 5890.96   0.16529E-02   0.15686E-02   0.15188E-02
 5904.57   0.16405E-02   0.15563E-02   0.15070E-02
 5918.17   0.16281E-02   0.15441E-02   0.14953E-02
 5931.78   0.16160E-02   0.15321E-02   0.14838E-02
 5945.38   0.16039E-02   0.15202E-02   0.14724E-02
 5958.99   0.15923E-02   0.15087E-02   0.14613E-02
 5972.59   0.15809E-02   0.14975E-02   0.14505E-02
 5986.20   0.15693E-02   0.14861E-02   0.14395E-02
 5999.80   0.15579E-02   0.14748E-02   0.14287E-02
 6013.41   0.15465E-02   0.14636E-02   0.14179E-02
 6027.01   0.15352E-02   0.14524E-02   0.14071E-02
 6040.62   0.15238E-02   0.14412E-02   0.13964E-02
 6054.22   0.15125E-02   0.14301E-02   0.13857E-02
 6067.83   0.15013E-02   0.14191E-02   0.13751E-02
 6081.43   0.14902E-02   0.14081E-02   0.13646E-02
 6095.04   0.14789E-02   0.13970E-02   0.13539E-02
 6108.64   0.14682E-02   0.13865E-02   0.13438E-02
 6122.25   0.14586E-02   0.13771E-02   0.13348E-02
 6135.85   0.14480E-02   0.13666E-02   0.13247E-02
 6149.46   0.14376E-02   0.13564E-02   0.13149E-02
 6163.06   0.14273E-02   0.13463E-02   0.13051E-02
 6176.67   0.14171E-02   0.13362E-02   0.12955E-02
 6190.27   0.14069E-02   0.13262E-02   0.12859E-02
 6203.88   0.13968E-02   0.13163E-02   0.12763E-02
 6217.48   0.13866E-02   0.13063E-02   0.12667E-02
 6231.09   0.13764E-02   0.12963E-02   0.12571E-02
 6244.69   0.13660E-02   0.12861E-02   0.12473E-02
 6258.30   0.13560E-02   0.12763E-02   0.12379E-02
 6271.90   0.13482E-02   0.12686E-02   0.12305E-02
 6285.51   0.13382E-02   0.12588E-02   0.12211E-02
 6299.11   0.13286E-02   0.12494E-02   0.12120E-02
 6312.72   0.13192E-02   0.12402E-02   0.12032E-02
 6326.32   0.13100E-02   0.12311E-02   0.11945E-02
 6339.93   0.13008E-02   0.12221E-02   0.11859E-02
 6353.53   0.12917E-02   0.12132E-02   0.11773E-02
 6367.14   0.12826E-02   0.12042E-02   0.11687E-02
 6380.74   0.12734E-02   0.11952E-02   0.11600E-02
 6394.35   0.12640E-02   0.11861E-02   0.11513E-02
 6407.95   0.12549E-02   0.11772E-02   0.11427E-02
 6421.56   0.12485E-02   0.11708E-02   0.11366E-02
 6435.16   0.12387E-02   0.11613E-02   0.11275E-02
 6448.77   0.12298E-02   0.11526E-02   0.11191E-02
 6462.37   0.12211E-02   0.11441E-02   0.11109E-02
 6475.98   0.12126E-02   0.11358E-02   0.11030E-02
 6489.58   0.12043E-02   0.11277E-02   0.10951E-02
 6503.19   0.11960E-02   0.11196E-02   0.10874E-02
 6516.79   0.11878E-02   0.11116E-02   0.10797E-02
 6530.40   0.11796E-02   0.11036E-02   0.10720E-02
 6544.00   0.11713E-02   0.10955E-02   0.10642E-02
 6557.61   0.11626E-02   0.10870E-02   0.10560E-02
 6571.21   0.11538E-02   0.10785E-02   0.10479E-02
 6584.82   0.11484E-02   0.10730E-02   0.10426E-02
 6598.42   0.11401E-02   0.10649E-02   0.10349E-02
 6612.03   0.11320E-02   0.10571E-02   0.10274E-02
 6625.63   0.11242E-02   0.10495E-02   0.10200E-02
 6639.24   0.11164E-02   0.10420E-02   0.10128E-02
 6652.84   0.11088E-02   0.10346E-02   0.10057E-02
 6666.45   0.11014E-02   0.10273E-02   0.99869E-03
 6680.05   0.10940E-02   0.10201E-02   0.99177E-03
 6693.66   0.10866E-02   0.10129E-02   0.98489E-03
 6707.26   0.10792E-02   0.10057E-02   0.97796E-03
 6720.87   0.10718E-02   0.99845E-03   0.97101E-03
 6734.47   0.10658E-02   0.99260E-03   0.96541E-03
 6748.08   0.10582E-02   0.98521E-03   0.95830E-03
 6761.68   0.10509E-02   0.97811E-03   0.95148E-03
 6775.29   0.10437E-02   0.97111E-03   0.94475E-03
 6788.89   0.10365E-02   0.96418E-03   0.93809E-03
 6802.50   0.10295E-02   0.95734E-03   0.93153E-03
 6816.10   0.10225E-02   0.95061E-03   0.92506E-03
 6829.71   0.10157E-02   0.94399E-03   0.91870E-03
 6843.31   0.10090E-02   0.93747E-03   0.91244E-03
 6856.92   0.10024E-02   0.93103E-03   0.90626E-03
 6870.52   0.99579E-03   0.92461E-03   0.90010E-03
 6884.13   0.98913E-03   0.91816E-03   0.89390E-03
 6897.73   0.98309E-03   0.91229E-03   0.88827E-03
 6911.34   0.97656E-03   0.90595E-03   0.88219E-03
 6924.94   0.97006E-03   0.89966E-03   0.87614E-03
 6938.55   0.96358E-03   0.89339E-03   0.87011E-03
 6952.15   0.95712E-03   0.88714E-03   0.86411E-03
 6965.76   0.95071E-03   0.88094E-03   0.85815E-03
 6979.36   0.94437E-03   0.87480E-03   0.85226E-03
 6992.97   0.93811E-03   0.86875E-03   0.84644E-03
 7006.57   0.93195E-03   0.86279E-03   0.84072E-03
 7020.18   0.92590E-03   0.85692E-03   0.83509E-03
 7033.78   0.91992E-03   0.85111E-03   0.82952E-03
 7047.39   0.91406E-03   0.84544E-03   0.82408E-03
 7060.99   0.90828E-03   0.83988E-03   0.81872E-03
 7074.60   0.90246E-03   0.83424E-03   0.81332E-03
 7088.20   0.89666E-03   0.82863E-03   0.80793E-03
 7101.81   0.89086E-03   0.82302E-03   0.80255E-03
 7115.41   0.88505E-03   0.81741E-03   0.79716E-03
 7129.02   0.87924E-03   0.81181E-03   0.79178E-03
 7142.62   0.87345E-03   0.80623E-03   0.78641E-03
 7156.23   0.86770E-03   0.80069E-03   0.78109E-03
 7169.83   0.86200E-03   0.79520E-03   0.77581E-03
 7183.44   0.85637E-03   0.78976E-03   0.77060E-03
 7197.04   0.85070E-03   0.78430E-03   0.76535E-03
 7210.65   0.84548E-03   0.77924E-03   0.76050E-03
 7224.25   0.84049E-03   0.77444E-03   0.75589E-03
 7237.86   0.83514E-03   0.76928E-03   0.75093E-03
 7251.46   0.82988E-03   0.76420E-03   0.74606E-03
 7265.07   0.82466E-03   0.75917E-03   0.74123E-03
 7278.67   0.81944E-03   0.75414E-03   0.73640E-03
 7292.28   0.81422E-03   0.74911E-03   0.73157E-03
 7305.88   0.80898E-03   0.74407E-03   0.72673E-03
 7319.49   0.80373E-03   0.73903E-03   0.72189E-03
 7333.09   0.79848E-03   0.73399E-03   0.71705E-03
 7346.70   0.79321E-03   0.72894E-03   0.71219E-03
 7360.30   0.78777E-03   0.72373E-03   0.70718E-03
 7373.91   0.78292E-03   0.71906E-03   0.70270E-03
 7387.51   0.77906E-03   0.71531E-03   0.69911E-03
 7401.12   0.77394E-03   0.71040E-03   0.69440E-03
 7414.72   0.76907E-03   0.70572E-03   0.68990E-03
 7428.33   0.76430E-03   0.70113E-03   0.68550E-03
 7441.93   0.75958E-03   0.69660E-03   0.68115E-03
 7455.54   0.75488E-03   0.69208E-03   0.67681E-03
 7469.14   0.75018E-03   0.68757E-03   0.67248E-03
 7482.75   0.74545E-03   0.68303E-03   0.66812E-03
 7496.35   0.74068E-03   0.67847E-03   0.66374E-03
 7509.96   0.73585E-03   0.67386E-03   0.65931E-03
 7523.56   0.73081E-03   0.66906E-03   0.65468E-03
 7537.17   0.72622E-03   0.66466E-03   0.65046E-03
 7550.77   0.72345E-03   0.66191E-03   0.64786E-03
 7564.38   0.71834E-03   0.65705E-03   0.64318E-03
 7577.98   0.71372E-03   0.65264E-03   0.63894E-03
 7591.59   0.70927E-03   0.64838E-03   0.63485E-03
 7605.19   0.70492E-03   0.64422E-03   0.63085E-03
 7618.80   0.70063E-03   0.64012E-03   0.62692E-03
 7632.40   0.69639E-03   0.63605E-03   0.62301E-03
 7646.01   0.69214E-03   0.63199E-03   0.61912E-03
 7659.61   0.68788E-03   0.62792E-03   0.61521E-03
 7673.22   0.68357E-03   0.62380E-03   0.61125E-03
 7686.82   0.67910E-03   0.61956E-03   0.60716E-03
 7700.43   0.67376E-03   0.61453E-03   0.60231E-03
 7714.03   0.67337E-03   0.61393E-03   0.60182E-03
 7727.64   0.66772E-03   0.60864E-03   0.59670E-03
 7741.24   0.66330E-03   0.60445E-03   0.59267E-03
 7754.85   0.65910E-03   0.60045E-03   0.58883E-03
 7768.45   0.65502E-03   0.59656E-03   0.58509E-03
 7782.06   0.65103E-03   0.59276E-03   0.58144E-03
 7795.66   0.64712E-03   0.58903E-03   0.57786E-03
 7809.27   0.64326E-03   0.58535E-03   0.57433E-03
 7822.87   0.63943E-03   0.58170E-03   0.57082E-03
 7836.48   0.63559E-03   0.57805E-03   0.56732E-03
 7850.08   0.63171E-03   0.57435E-03   0.56377E-03
 7863.69   0.62761E-03   0.57047E-03   0.56003E-03
 7877.29   0.62363E-03   0.56671E-03   0.55641E-03
 7890.90   0.62140E-03   0.56450E-03   0.55433E-03
 7904.50   0.61720E-03   0.56054E-03   0.55051E-03
 7918.11   0.61328E-03   0.55683E-03   0.54694E-03
 7931.71   0.60946E-03   0.55321E-03   0.54346E-03
 7945.32   0.60572E-03   0.54966E-03   0.54005E-03
 7958.92   0.60204E-03   0.54618E-03   0.53670E-03
 7972.53   0.59844E-03   0.54276E-03   0.53342E-03
 7986.13   0.59491E-03   0.53940E-03   0.53020E-03
 7999.74   0.59142E-03   0.53610E-03   0.52703E-03
 8013.34   0.58797E-03   0.53281E-03   0.52388E-03
 8026.95   0.58450E-03   0.52952E-03   0.52072E-03
 8040.55   0.58085E-03   0.52606E-03   0.51739E-03
 8054.16   0.57719E-03   0.52262E-03   0.51408E-03
 8067.76   0.57474E-03   0.52026E-03   0.51184E-03
 8081.37   0.57120E-03   0.51692E-03   0.50862E-03
 8094.97   0.56771E-03   0.51363E-03   0.50546E-03
 8108.58   0.56426E-03   0.51037E-03   0.50232E-03
 8122.18   0.56083E-03   0.50713E-03   0.49921E-03
 8135.79   0.55744E-03   0.50394E-03   0.49614E-03
 8149.39   0.55411E-03   0.50079E-03   0.49312E-03
 8163.00   0.55084E-03   0.49770E-03   0.49015E-03
 8176.60   0.54763E-03   0.49467E-03   0.48724E-03
 8190.21   0.54447E-03   0.49169E-03   0.48437E-03
 8203.81   0.54135E-03   0.48874E-03   0.48154E-03
 8217.42   0.53820E-03   0.48574E-03   0.47867E-03
 8231.02   0.53540E-03   0.48315E-03   0.47617E-03
 8244.63   0.53226E-03   0.48016E-03   0.47331E-03
 8258.23   0.52917E-03   0.47725E-03   0.47051E-03
 8271.84   0.52608E-03   0.47434E-03   0.46772E-03
 8285.44   0.52298E-03   0.47142E-03   0.46491E-03
 8299.05   0.51987E-03   0.46850E-03   0.46210E-03
 8312.65   0.51676E-03   0.46559E-03   0.45930E-03
 8326.26   0.51368E-03   0.46269E-03   0.45652E-03
 8339.86   0.51064E-03   0.45983E-03   0.45377E-03
 8353.47   0.50764E-03   0.45702E-03   0.45106E-03
 8367.07   0.50469E-03   0.45425E-03   0.44840E-03
 8380.68   0.50179E-03   0.45152E-03   0.44578E-03
 8394.28   0.49887E-03   0.44874E-03   0.44312E-03
 8407.89   0.49633E-03   0.44642E-03   0.44087E-03
 8421.49   0.49350E-03   0.44374E-03   0.43831E-03
 8435.10   0.49073E-03   0.44113E-03   0.43580E-03
 8448.70   0.48796E-03   0.43853E-03   0.43331E-03
 8462.31   0.48519E-03   0.43593E-03   0.43081E-03
 8475.91   0.48239E-03   0.43331E-03   0.42829E-03
 8489.52   0.47958E-03   0.43068E-03   0.42577E-03
 8503.12   0.47676E-03   0.42805E-03   0.42323E-03
 8516.73   0.47394E-03   0.42542E-03   0.42070E-03
 8530.33   0.47114E-03   0.42280E-03   0.41818E-03
 8543.94   0.46835E-03   0.42020E-03   0.41567E-03
 8557.54   0.46556E-03   0.41759E-03   0.41317E-03
 8571.15   0.46251E-03   0.41475E-03   0.41043E-03
 8584.75   0.46117E-03   0.41347E-03   0.40922E-03
 8598.36   0.45816E-03   0.41067E-03   0.40653E-03
 8611.96   0.45556E-03   0.40824E-03   0.40419E-03
 8625.57   0.45303E-03   0.40587E-03   0.40191E-03
 8639.17   0.45052E-03   0.40352E-03   0.39966E-03
 8652.78   0.44801E-03   0.40118E-03   0.39741E-03
 8666.38   0.44549E-03   0.39882E-03   0.39515E-03
 8679.99   0.44295E-03   0.39646E-03   0.39287E-03
 8693.59   0.44038E-03   0.39407E-03   0.39058E-03
 8707.20   0.43780E-03   0.39167E-03   0.38826E-03
 8720.80   0.43519E-03   0.38925E-03   0.38593E-03
 8734.41   0.43252E-03   0.38678E-03   0.38355E-03
 8748.01   0.42951E-03   0.38401E-03   0.38087E-03
 8761.62   0.42736E-03   0.38199E-03   0.37894E-03
 8775.22   0.42604E-03   0.38072E-03   0.37774E-03
 8788.83   0.42345E-03   0.37832E-03   0.37543E-03
 8802.43   0.42104E-03   0.37609E-03   0.37328E-03
 8816.04   0.41871E-03   0.37392E-03   0.37119E-03
 8829.64   0.41642E-03   0.37179E-03   0.36915E-03
 8843.25   0.41415E-03   0.36967E-03   0.36711E-03
 8856.85   0.41187E-03   0.36755E-03   0.36508E-03
 8870.46   0.40957E-03   0.36543E-03   0.36303E-03
 8884.06   0.40725E-03   0.36327E-03   0.36096E-03
 8897.67   0.40489E-03   0.36109E-03   0.35885E-03
 8911.27   0.40244E-03   0.35883E-03   0.35668E-03
 8924.88   0.39975E-03   0.35637E-03   0.35429E-03
 8938.48   0.39758E-03   0.35435E-03   0.35235E-03
 8952.09   0.39689E-03   0.35364E-03   0.35172E-03
 8965.69   0.39417E-03   0.35115E-03   0.34930E-03
 8979.30   0.39182E-03   0.34898E-03   0.34721E-03
 8992.90   0.38959E-03   0.34692E-03   0.34523E-03
 9006.51   0.38743E-03   0.34493E-03   0.34331E-03
 9020.11   0.38532E-03   0.34297E-03   0.34143E-03
 9033.72   0.38324E-03   0.34105E-03   0.33958E-03
 9047.32   0.38118E-03   0.33914E-03   0.33775E-03
 9060.93   0.37911E-03   0.33723E-03   0.33591E-03
 9074.53   0.37702E-03   0.33530E-03   0.33405E-03
 9088.14   0.37488E-03   0.33332E-03   0.33215E-03
 9101.74   0.37260E-03   0.33123E-03   0.33013E-03
 9115.35   0.36958E-03   0.32850E-03   0.32746E-03
 9128.95   0.37076E-03   0.32943E-03   0.32847E-03
 9142.56   0.36740E-03   0.32640E-03   0.32551E-03
 9156.16   0.36510E-03   0.32429E-03   0.32347E-03
 9169.77   0.36295E-03   0.32233E-03   0.32157E-03
 9183.37   0.36088E-03   0.32043E-03   0.31973E-03
 9196.98   0.35888E-03   0.31858E-03   0.31796E-03
 9210.58   0.35692E-03   0.31678E-03   0.31622E-03
 9224.19   0.35501E-03   0.31502E-03   0.31453E-03
 9237.79   0.35312E-03   0.31328E-03   0.31286E-03
 9251.40   0.35125E-03   0.31156E-03   0.31120E-03
 9265.00   0.34938E-03   0.30983E-03   0.30954E-03
 9278.61   0.34746E-03   0.30807E-03   0.30784E-03
 9292.21   0.34540E-03   0.30618E-03   0.30602E-03
 9305.82   0.34346E-03   0.30441E-03   0.30430E-03
 9319.42   0.34276E-03   0.30372E-03   0.30369E-03
 9333.03   0.34051E-03   0.30167E-03   0.30170E-03
 9346.63   0.33851E-03   0.29984E-03   0.29993E-03
 9360.24   0.33656E-03   0.29807E-03   0.29821E-03
 9373.84   0.33466E-03   0.29633E-03   0.29653E-03
 9387.45   0.33279E-03   0.29462E-03   0.29488E-03
 9401.05   0.33096E-03   0.29295E-03   0.29327E-03
 9414.66   0.32918E-03   0.29131E-03   0.29170E-03
 9428.26   0.32743E-03   0.28971E-03   0.29016E-03
 9441.87   0.32572E-03   0.28814E-03   0.28864E-03
 9455.47   0.32402E-03   0.28658E-03   0.28715E-03
 9469.08   0.32233E-03   0.28503E-03   0.28565E-03
 9482.68   0.32055E-03   0.28340E-03   0.28408E-03
 9496.29   0.31879E-03   0.28179E-03   0.28253E-03
 9509.89   0.31765E-03   0.28074E-03   0.28153E-03
 9523.50   0.31586E-03   0.27911E-03   0.27996E-03
 9537.10   0.31412E-03   0.27752E-03   0.27843E-03
 9550.71   0.31238E-03   0.27594E-03   0.27690E-03
 9564.31   0.31065E-03   0.27436E-03   0.27537E-03
 9577.92   0.30892E-03   0.27279E-03   0.27386E-03
 9591.52   0.30722E-03   0.27124E-03   0.27236E-03
 9605.13   0.30554E-03   0.26971E-03   0.27089E-03
 9618.73   0.30390E-03   0.26822E-03   0.26944E-03
 9632.34   0.30230E-03   0.26676E-03   0.26803E-03
 9645.94   0.30073E-03   0.26532E-03   0.26666E-03
 9659.55   0.29919E-03   0.26391E-03   0.26530E-03
 9673.15   0.29765E-03   0.26250E-03   0.26395E-03
 9686.76   0.29612E-03   0.26111E-03   0.26261E-03
 9700.36   0.29473E-03   0.25987E-03   0.26140E-03
 9713.97   0.29322E-03   0.25848E-03   0.26007E-03
 9727.57   0.29170E-03   0.25709E-03   0.25873E-03
 9741.18   0.29016E-03   0.25569E-03   0.25738E-03
 9754.78   0.28861E-03   0.25428E-03   0.25602E-03
 9768.39   0.28704E-03   0.25287E-03   0.25465E-03
 9781.99   0.28547E-03   0.25145E-03   0.25328E-03
 9795.60   0.28391E-03   0.25003E-03   0.25191E-03
 9809.20   0.28236E-03   0.24863E-03   0.25055E-03
 9822.81   0.28084E-03   0.24725E-03   0.24922E-03
 9836.41   0.27934E-03   0.24589E-03   0.24791E-03
 9850.02   0.27786E-03   0.24455E-03   0.24662E-03
 9863.62   0.27637E-03   0.24319E-03   0.24531E-03
 9877.23   0.27511E-03   0.24204E-03   0.24420E-03
 9890.83   0.27382E-03   0.24090E-03   0.24309E-03
 9904.44   0.27243E-03   0.23962E-03   0.24187E-03
 9918.04   0.27106E-03   0.23838E-03   0.24067E-03
 9931.65   0.26969E-03   0.23713E-03   0.23948E-03
 9945.25   0.26831E-03   0.23588E-03   0.23827E-03
 9958.86   0.26691E-03   0.23462E-03   0.23705E-03
 9972.46   0.26550E-03   0.23334E-03   0.23582E-03
 9986.07   0.26407E-03   0.23206E-03   0.23457E-03
 9999.67   0.26263E-03   0.23076E-03   0.23332E-03
