 1292.47   0.38546E-01   0.37094E-01   0.36697E-01
 1306.08   0.38007E-01   0.36567E-01   0.36184E-01
 1319.68   0.37477E-01   0.36051E-01   0.35681E-01
 1333.29   0.36956E-01   0.35543E-01   0.35186E-01
 1346.89   0.36445E-01   0.35046E-01   0.34702E-01
 1360.50   0.35943E-01   0.34558E-01   0.34225E-01
 1374.10   0.35450E-01   0.34078E-01   0.33758E-01
 1387.71   0.34965E-01   0.33606E-01   0.33298E-01
 1401.31   0.34488E-01   0.33143E-01   0.32846E-01
 1414.92   0.34020E-01   0.32688E-01   0.32402E-01
 1428.52   0.33561E-01   0.32243E-01   0.31968E-01
 1442.13   0.33110E-01   0.31804E-01   0.31541E-01
 1455.73   0.32666E-01   0.31374E-01   0.31121E-01
 1469.34   0.32230E-01   0.30951E-01   0.30709E-01
 1482.94   0.31800E-01   0.30534E-01   0.30302E-01
 1496.55   0.31381E-01   0.30129E-01   0.29906E-01
 1510.15   0.30966E-01   0.29727E-01   0.29515E-01
 1523.76   0.30559E-01   0.29334E-01   0.29130E-01
 1537.36   0.30160E-01   0.28947E-01   0.28753E-01
 1550.97   0.29766E-01   0.28566E-01   0.28381E-01
 1564.57   0.29377E-01   0.28191E-01   0.28014E-01
 1578.18   0.28999E-01   0.27825E-01   0.27658E-01
 1591.78   0.28625E-01   0.27464E-01   0.27305E-01
 1605.39   0.28256E-01   0.27109E-01   0.26958E-01
 1618.99   0.27895E-01   0.26760E-01   0.26617E-01
 1632.60   0.27538E-01   0.26416E-01   0.26281E-01
 1646.20   0.27189E-01   0.26080E-01   0.25953E-01
 1659.81   0.26843E-01   0.25747E-01   0.25627E-01
 1673.41   0.26504E-01   0.25420E-01   0.25307E-01
 1687.02   0.26170E-01   0.25098E-01   0.24993E-01
 1700.62   0.25841E-01   0.24783E-01   0.24684E-01
 1714.23   0.25518E-01   0.24472E-01   0.24381E-01
 1727.83   0.25201E-01   0.24167E-01   0.24082E-01
 1741.44   0.24888E-01   0.23866E-01   0.23788E-01
 1755.04   0.24580E-01   0.23570E-01   0.23498E-01
 1768.65   0.24276E-01   0.23279E-01   0.23214E-01
 1782.25   0.23978E-01   0.22993E-01   0.22934E-01
 1795.86   0.23685E-01   0.22712E-01   0.22658E-01
 1809.46   0.23396E-01   0.22435E-01   0.22387E-01
 1823.07   0.23112E-01   0.22162E-01   0.22121E-01
 1836.67   0.22831E-01   0.21894E-01   0.21858E-01
 1850.28   0.22555E-01   0.21630E-01   0.21599E-01
 1863.88   0.22284E-01   0.21370E-01   0.21344E-01
 1877.49   0.22016E-01   0.21114E-01   0.21094E-01
 1891.09   0.21754E-01   0.20863E-01   0.20847E-01
 1904.70   0.21495E-01   0.20615E-01   0.20605E-01
 1918.30   0.21239E-01   0.20371E-01   0.20366E-01
 1931.91   0.20987E-01   0.20131E-01   0.20130E-01
 1945.51   0.20739E-01   0.19894E-01   0.19898E-01
 1959.12   0.20495E-01   0.19661E-01   0.19669E-01
 1972.72   0.20256E-01   0.19433E-01   0.19445E-01
 1986.33   0.20018E-01   0.19206E-01   0.19223E-01
 1999.93   0.19785E-01   0.18984E-01   0.19005E-01
 2013.54   0.19555E-01   0.18765E-01   0.18790E-01
 2027.14   0.19328E-01   0.18549E-01   0.18577E-01
 2040.75   0.19104E-01   0.18336E-01   0.18368E-01
 2054.35   0.18883E-01   0.18125E-01   0.18161E-01
 2067.96   0.18668E-01   0.17921E-01   0.17961E-01
 2081.56   0.18455E-01   0.17718E-01   0.17761E-01
 2095.17   0.18244E-01   0.17518E-01   0.17565E-01
 2108.77   0.18037E-01   0.17321E-01   0.17371E-01
 2122.38   0.17832E-01   0.17127E-01   0.17180E-01
 2135.98   0.17630E-01   0.16934E-01   0.16991E-01
 2149.59   0.17434E-01   0.16748E-01   0.16808E-01
 2163.19   0.17237E-01   0.16561E-01   0.16624E-01
 2176.80   0.17044E-01   0.16378E-01   0.16443E-01
 2190.40   0.16854E-01   0.16198E-01   0.16266E-01
 2204.01   0.16666E-01   0.16020E-01   0.16091E-01
 2217.61   0.16481E-01   0.15845E-01   0.15918E-01
 2231.22   0.16298E-01   0.15671E-01   0.15747E-01
 2244.82   0.16120E-01   0.15503E-01   0.15582E-01
 2258.43   0.15942E-01   0.15334E-01   0.15416E-01
 2272.03   0.15767E-01   0.15169E-01   0.15252E-01
 2285.64   0.15595E-01   0.15006E-01   0.15092E-01
 2299.24   0.15425E-01   0.14845E-01   0.14933E-01
 2312.85   0.15257E-01   0.14687E-01   0.14777E-01
 2326.45   0.15090E-01   0.14529E-01   0.14621E-01
 2340.06   0.14930E-01   0.14377E-01   0.14471E-01
 2353.66   0.14768E-01   0.14224E-01   0.14321E-01
 2367.27   0.14609E-01   0.14074E-01   0.14172E-01
 2380.87   0.14453E-01   0.13926E-01   0.14026E-01
 2394.48   0.14298E-01   0.13780E-01   0.13882E-01
 2408.08   0.14146E-01   0.13637E-01   0.13741E-01
 2421.69   0.13996E-01   0.13495E-01   0.13600E-01
 2435.29   0.13848E-01   0.13356E-01   0.13463E-01
 2448.90   0.13702E-01   0.13217E-01   0.13326E-01
 2462.50   0.13557E-01   0.13081E-01   0.13191E-01
 2476.11   0.13414E-01   0.12947E-01   0.13058E-01
 2489.71   0.13274E-01   0.12814E-01   0.12927E-01
 2503.32   0.13135E-01   0.12684E-01   0.12798E-01
 2516.92   0.12999E-01   0.12555E-01   0.12671E-01
 2530.53   0.12864E-01   0.12428E-01   0.12545E-01
 2544.13   0.12731E-01   0.12303E-01   0.12421E-01
 2557.74   0.12599E-01   0.12179E-01   0.12299E-01
 2571.34   0.12469E-01   0.12057E-01   0.12177E-01
 2584.95   0.12341E-01   0.11936E-01   0.12058E-01
 2598.55   0.12214E-01   0.11817E-01   0.11940E-01
 2612.16   0.12090E-01   0.11699E-01   0.11823E-01
 2625.76   0.11967E-01   0.11584E-01   0.11709E-01
 2639.37   0.11846E-01   0.11470E-01   0.11596E-01
 2652.97   0.11726E-01   0.11357E-01   0.11484E-01
 2666.58   0.11607E-01   0.11246E-01   0.11373E-01
 2680.18   0.11490E-01   0.11135E-01   0.11264E-01
 2693.79   0.11374E-01   0.11027E-01   0.11156E-01
 2707.39   0.11259E-01   0.10918E-01   0.11049E-01
 2721.00   0.11148E-01   0.10814E-01   0.10945E-01
 2734.60   0.11037E-01   0.10710E-01   0.10841E-01
 2748.21   0.10927E-01   0.10607E-01   0.10739E-01
 2761.81   0.10819E-01   0.10505E-01   0.10638E-01
 2775.42   0.10712E-01   0.10404E-01   0.10538E-01
 2789.02   0.10606E-01   0.10305E-01   0.10439E-01
 2802.63   0.10501E-01   0.10206E-01   0.10341E-01
 2816.23   0.10397E-01   0.10109E-01   0.10244E-01
 2829.84   0.10297E-01   0.10015E-01   0.10151E-01
 2843.44   0.10196E-01   0.99205E-02   0.10056E-01
 2857.05   0.10097E-01   0.98273E-02   0.99638E-02
 2870.65   0.99991E-02   0.97354E-02   0.98723E-02
 2884.26   0.99023E-02   0.96446E-02   0.97818E-02
 2897.86   0.98065E-02   0.95546E-02   0.96922E-02
 2911.47   0.97106E-02   0.94646E-02   0.96024E-02
 2925.07   0.96204E-02   0.93801E-02   0.95182E-02
 2938.68   0.95270E-02   0.92924E-02   0.94308E-02
 2952.28   0.94356E-02   0.92067E-02   0.93453E-02
 2965.89   0.93456E-02   0.91222E-02   0.92611E-02
 2979.49   0.92569E-02   0.90390E-02   0.91780E-02
 2993.10   0.91692E-02   0.89567E-02   0.90959E-02
 3006.70   0.90824E-02   0.88753E-02   0.90146E-02
 3020.31   0.89959E-02   0.87941E-02   0.89335E-02
 3033.91   0.89132E-02   0.87166E-02   0.88561E-02
 3047.52   0.88288E-02   0.86374E-02   0.87771E-02
 3061.12   0.87458E-02   0.85595E-02   0.86992E-02
 3074.73   0.86640E-02   0.84827E-02   0.86225E-02
 3088.33   0.85833E-02   0.84070E-02   0.85468E-02
 3101.94   0.85037E-02   0.83323E-02   0.84721E-02
 3115.54   0.84250E-02   0.82585E-02   0.83982E-02
 3129.15   0.83466E-02   0.81849E-02   0.83246E-02
 3142.75   0.82708E-02   0.81139E-02   0.82536E-02
 3156.36   0.81945E-02   0.80422E-02   0.81818E-02
 3169.96   0.81190E-02   0.79713E-02   0.81109E-02
 3183.57   0.80445E-02   0.79014E-02   0.80408E-02
 3197.17   0.79709E-02   0.78323E-02   0.79717E-02
 3210.78   0.78984E-02   0.77642E-02   0.79034E-02
 3224.38   0.78268E-02   0.76970E-02   0.78361E-02
 3237.99   0.77560E-02   0.76305E-02   0.77695E-02
 3251.59   0.76863E-02   0.75651E-02   0.77039E-02
 3265.20   0.76170E-02   0.75001E-02   0.76387E-02
 3278.80   0.75484E-02   0.74356E-02   0.75740E-02
 3292.41   0.74805E-02   0.73718E-02   0.75100E-02
 3306.01   0.74134E-02   0.73088E-02   0.74467E-02
 3319.62   0.73471E-02   0.72465E-02   0.73842E-02
 3333.22   0.72817E-02   0.71850E-02   0.73225E-02
 3346.83   0.72173E-02   0.71245E-02   0.72617E-02
 3360.43   0.71536E-02   0.70646E-02   0.72016E-02
 3374.04   0.70906E-02   0.70054E-02   0.71421E-02
 3387.64   0.70282E-02   0.69468E-02   0.70831E-02
 3401.25   0.69664E-02   0.68886E-02   0.70247E-02
 3414.85   0.69051E-02   0.68310E-02   0.69667E-02
 3428.46   0.68445E-02   0.67739E-02   0.69093E-02
 3442.06   0.67845E-02   0.67175E-02   0.68526E-02
 3455.67   0.67250E-02   0.66615E-02   0.67962E-02
 3469.27   0.66679E-02   0.66078E-02   0.67422E-02
 3482.88   0.66100E-02   0.65532E-02   0.66873E-02
 3496.48   0.65530E-02   0.64996E-02   0.66333E-02
 3510.09   0.64967E-02   0.64465E-02   0.65798E-02
 3523.69   0.64409E-02   0.63939E-02   0.65268E-02
 3537.30   0.63855E-02   0.63417E-02   0.64742E-02
 3550.90   0.63305E-02   0.62899E-02   0.64220E-02
 3564.51   0.62759E-02   0.62384E-02   0.63701E-02
 3578.11   0.62215E-02   0.61870E-02   0.63183E-02
 3591.72   0.61709E-02   0.61394E-02   0.62703E-02
 3605.32   0.61185E-02   0.60899E-02   0.62203E-02
 3618.93   0.60669E-02   0.60412E-02   0.61712E-02
 3632.53   0.60159E-02   0.59930E-02   0.61226E-02
 3646.14   0.59654E-02   0.59453E-02   0.60745E-02
 3659.74   0.59152E-02   0.58980E-02   0.60267E-02
 3673.35   0.58654E-02   0.58508E-02   0.59791E-02
 3686.95   0.58148E-02   0.58030E-02   0.59307E-02
 3700.56   0.57700E-02   0.57608E-02   0.58881E-02
 3714.16   0.57209E-02   0.57142E-02   0.58411E-02
 3727.77   0.56733E-02   0.56692E-02   0.57955E-02
 3741.37   0.56264E-02   0.56248E-02   0.57507E-02
 3754.98   0.55802E-02   0.55811E-02   0.57064E-02
 3768.58   0.55344E-02   0.55377E-02   0.56626E-02
 3782.19   0.54891E-02   0.54947E-02   0.56191E-02
 3795.79   0.54438E-02   0.54518E-02   0.55757E-02
 3809.40   0.53985E-02   0.54088E-02   0.55321E-02
 3823.00   0.53570E-02   0.53696E-02   0.54925E-02
 3836.61   0.53127E-02   0.53276E-02   0.54499E-02
 3850.21   0.52694E-02   0.52864E-02   0.54083E-02
 3863.82   0.52268E-02   0.52459E-02   0.53673E-02
 3877.42   0.51848E-02   0.52060E-02   0.53268E-02
 3891.03   0.51432E-02   0.51666E-02   0.52869E-02
 3904.63   0.51021E-02   0.51275E-02   0.52472E-02
 3918.24   0.50611E-02   0.50885E-02   0.52077E-02
 3931.84   0.50198E-02   0.50491E-02   0.51678E-02
 3945.45   0.49820E-02   0.50132E-02   0.51314E-02
 3959.05   0.49420E-02   0.49751E-02   0.50927E-02
 3972.66   0.49026E-02   0.49375E-02   0.50546E-02
 3986.26   0.48637E-02   0.49004E-02   0.50170E-02
 3999.87   0.48253E-02   0.48639E-02   0.49799E-02
 4013.47   0.47875E-02   0.48278E-02   0.49432E-02
 4027.08   0.47501E-02   0.47921E-02   0.49070E-02
 4040.68   0.47131E-02   0.47567E-02   0.48711E-02
 4054.29   0.46759E-02   0.47212E-02   0.48350E-02
 4067.89   0.46406E-02   0.46876E-02   0.48009E-02
 4081.50   0.46045E-02   0.46530E-02   0.47657E-02
 4095.10   0.45686E-02   0.46187E-02   0.47309E-02
 4108.71   0.45332E-02   0.45847E-02   0.46963E-02
 4122.31   0.44981E-02   0.45511E-02   0.46622E-02
 4135.92   0.44635E-02   0.45179E-02   0.46284E-02
 4149.52   0.44293E-02   0.44852E-02   0.45952E-02
 4163.13   0.43956E-02   0.44529E-02   0.45623E-02
 4176.73   0.43623E-02   0.44209E-02   0.45298E-02
 4190.34   0.43294E-02   0.43893E-02   0.44976E-02
 4203.94   0.42967E-02   0.43579E-02   0.44657E-02
 4217.55   0.42642E-02   0.43267E-02   0.44339E-02
 4231.15   0.42319E-02   0.42956E-02   0.44022E-02
 4244.76   0.41998E-02   0.42648E-02   0.43708E-02
 4258.36   0.41681E-02   0.42342E-02   0.43397E-02
 4271.97   0.41368E-02   0.42040E-02   0.43090E-02
 4285.57   0.41058E-02   0.41742E-02   0.42786E-02
 4299.18   0.40754E-02   0.41449E-02   0.42487E-02
 4312.78   0.40455E-02   0.41160E-02   0.42193E-02
 4326.39   0.40156E-02   0.40872E-02   0.41899E-02
 4339.99   0.39861E-02   0.40586E-02   0.41608E-02
 4353.60   0.39567E-02   0.40303E-02   0.41319E-02
 4367.20   0.39276E-02   0.40021E-02   0.41031E-02
 4380.81   0.38986E-02   0.39740E-02   0.40745E-02
 4394.41   0.38698E-02   0.39461E-02   0.40461E-02
 4408.02   0.38413E-02   0.39185E-02   0.40179E-02
 4421.62   0.38128E-02   0.38908E-02   0.39897E-02
 4435.23   0.37871E-02   0.38660E-02   0.39644E-02
 4448.83   0.37588E-02   0.38385E-02   0.39363E-02
 4462.44   0.37317E-02   0.38122E-02   0.39094E-02
 4476.04   0.37050E-02   0.37862E-02   0.38829E-02
 4489.65   0.36784E-02   0.37604E-02   0.38565E-02
 4503.25   0.36520E-02   0.37347E-02   0.38303E-02
 4516.86   0.36258E-02   0.37091E-02   0.38042E-02
 4530.46   0.35996E-02   0.36836E-02   0.37781E-02
 4544.07   0.35735E-02   0.36581E-02   0.37520E-02
 4557.67   0.35477E-02   0.36329E-02   0.37263E-02
 4571.28   0.35245E-02   0.36104E-02   0.37033E-02
 4584.88   0.34991E-02   0.35855E-02   0.36779E-02
 4598.49   0.34744E-02   0.35613E-02   0.36532E-02
 4612.09   0.34501E-02   0.35375E-02   0.36288E-02
 4625.70   0.34260E-02   0.35140E-02   0.36048E-02
 4639.30   0.34021E-02   0.34906E-02   0.35809E-02
 4652.91   0.33784E-02   0.34673E-02   0.35570E-02
 4666.51   0.33546E-02   0.34440E-02   0.35331E-02
 4680.12   0.33304E-02   0.34202E-02   0.35088E-02
 4693.72   0.33058E-02   0.33959E-02   0.34840E-02
 4707.33   0.32865E-02   0.33771E-02   0.34647E-02
 4720.93   0.32633E-02   0.33543E-02   0.34414E-02
 4734.54   0.32408E-02   0.33321E-02   0.34186E-02
 4748.14   0.32186E-02   0.33102E-02   0.33963E-02
 4761.75   0.31967E-02   0.32886E-02   0.33742E-02
 4775.35   0.31751E-02   0.32673E-02   0.33523E-02
 4788.96   0.31536E-02   0.32460E-02   0.33306E-02
 4802.56   0.31320E-02   0.32247E-02   0.33088E-02
 4816.17   0.31098E-02   0.32027E-02   0.32862E-02
 4829.77   0.30927E-02   0.31860E-02   0.32691E-02
 4843.38   0.30701E-02   0.31635E-02   0.32460E-02
 4856.98   0.30491E-02   0.31426E-02   0.32246E-02
 4870.59   0.30284E-02   0.31221E-02   0.32037E-02
 4884.19   0.30082E-02   0.31020E-02   0.31830E-02
 4897.80   0.29882E-02   0.30821E-02   0.31627E-02
 4911.40   0.29685E-02   0.30625E-02   0.31426E-02
 4925.01   0.29490E-02   0.30431E-02   0.31227E-02
 4938.61   0.29295E-02   0.30238E-02   0.31029E-02
 4952.22   0.29096E-02   0.30039E-02   0.30825E-02
 4965.82   0.28928E-02   0.29872E-02   0.30654E-02
 4979.43   0.28730E-02   0.29674E-02   0.30451E-02
 4993.03   0.28539E-02   0.29484E-02   0.30256E-02
 5006.64   0.28351E-02   0.29295E-02   0.30062E-02
 5020.24   0.28165E-02   0.29109E-02   0.29872E-02
 5033.85   0.27982E-02   0.28926E-02   0.29683E-02
 5047.45   0.27801E-02   0.28745E-02   0.29498E-02
 5061.06   0.27623E-02   0.28566E-02   0.29314E-02
 5074.66   0.27447E-02   0.28389E-02   0.29133E-02
 5088.27   0.27271E-02   0.28213E-02   0.28952E-02
 5101.87   0.27105E-02   0.28046E-02   0.28781E-02
 5115.48   0.26931E-02   0.27870E-02   0.28600E-02
 5129.08   0.26759E-02   0.27697E-02   0.28423E-02
 5142.69   0.26588E-02   0.27524E-02   0.28246E-02
 5156.29   0.26418E-02   0.27353E-02   0.28070E-02
 5169.90   0.26249E-02   0.27183E-02   0.27895E-02
 5183.50   0.26083E-02   0.27015E-02   0.27723E-02
 5197.11   0.25919E-02   0.26849E-02   0.27553E-02
 5210.71   0.25758E-02   0.26686E-02   0.27385E-02
 5224.32   0.25598E-02   0.26524E-02   0.27219E-02
 5237.92   0.25441E-02   0.26365E-02   0.27055E-02
 5251.53   0.25285E-02   0.26207E-02   0.26893E-02
 5265.13   0.25130E-02   0.26049E-02   0.26731E-02
 5278.74   0.24975E-02   0.25892E-02   0.26570E-02
 5292.34   0.24821E-02   0.25735E-02   0.26409E-02
 5305.95   0.24667E-02   0.25578E-02   0.26248E-02
 5319.55   0.24514E-02   0.25422E-02   0.26088E-02
 5333.16   0.24363E-02   0.25268E-02   0.25929E-02
 5346.76   0.24213E-02   0.25115E-02   0.25772E-02
 5360.37   0.24065E-02   0.24964E-02   0.25617E-02
 5373.97   0.23921E-02   0.24817E-02   0.25466E-02
 5387.58   0.23781E-02   0.24673E-02   0.25319E-02
 5401.18   0.23639E-02   0.24527E-02   0.25169E-02
 5414.79   0.23498E-02   0.24383E-02   0.25020E-02
 5428.39   0.23358E-02   0.24239E-02   0.24873E-02
 5442.00   0.23218E-02   0.24096E-02   0.24726E-02
 5455.60   0.23079E-02   0.23953E-02   0.24579E-02
 5469.21   0.22940E-02   0.23810E-02   0.24432E-02
 5482.81   0.22802E-02   0.23667E-02   0.24285E-02
 5496.42   0.22664E-02   0.23525E-02   0.24139E-02
 5510.02   0.22522E-02   0.23379E-02   0.23989E-02
 5523.63   0.22416E-02   0.23269E-02   0.23876E-02
 5537.23   0.22274E-02   0.23123E-02   0.23726E-02
 5550.84   0.22144E-02   0.22988E-02   0.23587E-02
 5564.44   0.22015E-02   0.22855E-02   0.23451E-02
 5578.05   0.21888E-02   0.22724E-02   0.23316E-02
 5591.65   0.21762E-02   0.22593E-02   0.23181E-02
 5605.26   0.21636E-02   0.22462E-02   0.23047E-02
 5618.86   0.21510E-02   0.22330E-02   0.22912E-02
 5632.47   0.21383E-02   0.22199E-02   0.22777E-02
 5646.07   0.21254E-02   0.22065E-02   0.22639E-02
 5659.68   0.21129E-02   0.21935E-02   0.22505E-02
 5673.28   0.21031E-02   0.21832E-02   0.22400E-02
 5686.89   0.20904E-02   0.21700E-02   0.22264E-02
 5700.49   0.20784E-02   0.21574E-02   0.22135E-02
 5714.10   0.20666E-02   0.21451E-02   0.22009E-02
 5727.70   0.20550E-02   0.21330E-02   0.21884E-02
 5741.31   0.20436E-02   0.21210E-02   0.21761E-02
 5754.91   0.20322E-02   0.21090E-02   0.21638E-02
 5768.52   0.20207E-02   0.20970E-02   0.21514E-02
 5782.12   0.20092E-02   0.20849E-02   0.21390E-02
 5795.73   0.19972E-02   0.20723E-02   0.21261E-02
 5809.33   0.19853E-02   0.20598E-02   0.21132E-02
 5822.94   0.19772E-02   0.20512E-02   0.21044E-02
 5836.54   0.19656E-02   0.20390E-02   0.20919E-02
 5850.15   0.19545E-02   0.20273E-02   0.20798E-02
 5863.75   0.19436E-02   0.20159E-02   0.20681E-02
 5877.36   0.19330E-02   0.20047E-02   0.20566E-02
 5890.96   0.19225E-02   0.19936E-02   0.20452E-02
 5904.57   0.19122E-02   0.19826E-02   0.20339E-02
 5918.17   0.19018E-02   0.19716E-02   0.20227E-02
 5931.78   0.18914E-02   0.19606E-02   0.20113E-02
 5945.38   0.18805E-02   0.19490E-02   0.19995E-02
 5958.99   0.18693E-02   0.19372E-02   0.19873E-02
 5972.59   0.18621E-02   0.19295E-02   0.19794E-02
 5986.20   0.18516E-02   0.19183E-02   0.19679E-02
 5999.80   0.18414E-02   0.19074E-02   0.19567E-02
 6013.41   0.18314E-02   0.18968E-02   0.19458E-02
 6027.01   0.18216E-02   0.18863E-02   0.19350E-02
 6040.62   0.18119E-02   0.18760E-02   0.19245E-02
 6054.22   0.18024E-02   0.18658E-02   0.19140E-02
 6067.83   0.17930E-02   0.18558E-02   0.19037E-02
 6081.43   0.17837E-02   0.18458E-02   0.18934E-02
 6095.04   0.17741E-02   0.18355E-02   0.18829E-02
 6108.64   0.17642E-02   0.18249E-02   0.18720E-02
 6122.25   0.17567E-02   0.18168E-02   0.18637E-02
 6135.85   0.17473E-02   0.18067E-02   0.18533E-02
 6149.46   0.17380E-02   0.17967E-02   0.18431E-02
 6163.06   0.17288E-02   0.17868E-02   0.18329E-02
 6176.67   0.17197E-02   0.17770E-02   0.18229E-02
 6190.27   0.17107E-02   0.17674E-02   0.18130E-02
 6203.88   0.17019E-02   0.17579E-02   0.18033E-02
 6217.48   0.16933E-02   0.17486E-02   0.17937E-02
 6231.09   0.16847E-02   0.17393E-02   0.17842E-02
 6244.69   0.16763E-02   0.17302E-02   0.17748E-02
 6258.30   0.16677E-02   0.17209E-02   0.17653E-02
 6271.90   0.16598E-02   0.17123E-02   0.17565E-02
 6285.51   0.16514E-02   0.17032E-02   0.17472E-02
 6299.11   0.16430E-02   0.16941E-02   0.17379E-02
 6312.72   0.16347E-02   0.16851E-02   0.17286E-02
 6326.32   0.16263E-02   0.16760E-02   0.17193E-02
 6339.93   0.16180E-02   0.16670E-02   0.17100E-02
 6353.53   0.16098E-02   0.16581E-02   0.17009E-02
 6367.14   0.16017E-02   0.16492E-02   0.16918E-02
 6380.74   0.15938E-02   0.16406E-02   0.16830E-02
 6394.35   0.15860E-02   0.16321E-02   0.16742E-02
 6407.95   0.15784E-02   0.16237E-02   0.16657E-02
 6421.56   0.15707E-02   0.16154E-02   0.16572E-02
 6435.16   0.15632E-02   0.16071E-02   0.16487E-02
 6448.77   0.15556E-02   0.15989E-02   0.16402E-02
 6462.37   0.15481E-02   0.15906E-02   0.16317E-02
 6475.98   0.15405E-02   0.15823E-02   0.16232E-02
 6489.58   0.15329E-02   0.15740E-02   0.16147E-02
 6503.19   0.15253E-02   0.15656E-02   0.16062E-02
 6516.79   0.15178E-02   0.15574E-02   0.15977E-02
 6530.40   0.15103E-02   0.15491E-02   0.15893E-02
 6544.00   0.15029E-02   0.15410E-02   0.15809E-02
 6557.61   0.14954E-02   0.15328E-02   0.15725E-02
 6571.21   0.14885E-02   0.15252E-02   0.15648E-02
 6584.82   0.14821E-02   0.15180E-02   0.15574E-02
 6598.42   0.14751E-02   0.15103E-02   0.15495E-02
 6612.03   0.14682E-02   0.15027E-02   0.15417E-02
 6625.63   0.14613E-02   0.14951E-02   0.15340E-02
 6639.24   0.14545E-02   0.14875E-02   0.15262E-02
 6652.84   0.14476E-02   0.14798E-02   0.15184E-02
 6666.45   0.14406E-02   0.14722E-02   0.15105E-02
 6680.05   0.14337E-02   0.14645E-02   0.15026E-02
 6693.66   0.14267E-02   0.14568E-02   0.14947E-02
 6707.26   0.14196E-02   0.14489E-02   0.14867E-02
 6720.87   0.14130E-02   0.14416E-02   0.14793E-02
 6734.47   0.14081E-02   0.14360E-02   0.14735E-02
 6748.08   0.14010E-02   0.14282E-02   0.14655E-02
 6761.68   0.13944E-02   0.14209E-02   0.14581E-02
 6775.29   0.13881E-02   0.14138E-02   0.14509E-02
 6788.89   0.13818E-02   0.14068E-02   0.14437E-02
 6802.50   0.13756E-02   0.13998E-02   0.14366E-02
 6816.10   0.13693E-02   0.13929E-02   0.14294E-02
 6829.71   0.13630E-02   0.13858E-02   0.14222E-02
 6843.31   0.13566E-02   0.13787E-02   0.14150E-02
 6856.92   0.13501E-02   0.13714E-02   0.14076E-02
 6870.52   0.13431E-02   0.13637E-02   0.13997E-02
 6884.13   0.13368E-02   0.13567E-02   0.13925E-02
 6897.73   0.13333E-02   0.13525E-02   0.13882E-02
 6911.34   0.13267E-02   0.13451E-02   0.13807E-02
 6924.94   0.13205E-02   0.13383E-02   0.13737E-02
 6938.55   0.13146E-02   0.13316E-02   0.13669E-02
 6952.15   0.13088E-02   0.13251E-02   0.13603E-02
 6965.76   0.13031E-02   0.13187E-02   0.13537E-02
 6979.36   0.12974E-02   0.13123E-02   0.13472E-02
 6992.97   0.12917E-02   0.13058E-02   0.13406E-02
 7006.57   0.12859E-02   0.12993E-02   0.13339E-02
 7020.18   0.12799E-02   0.12926E-02   0.13271E-02
 7033.78   0.12732E-02   0.12852E-02   0.13196E-02
 7047.39   0.12670E-02   0.12783E-02   0.13125E-02
 7060.99   0.12646E-02   0.12752E-02   0.13094E-02
 7074.60   0.12584E-02   0.12683E-02   0.13023E-02
 7088.20   0.12526E-02   0.12618E-02   0.12957E-02
 7101.81   0.12470E-02   0.12555E-02   0.12893E-02
 7115.41   0.12416E-02   0.12494E-02   0.12831E-02
 7129.02   0.12363E-02   0.12434E-02   0.12769E-02
 7142.62   0.12311E-02   0.12374E-02   0.12709E-02
 7156.23   0.12259E-02   0.12316E-02   0.12649E-02
 7169.83   0.12206E-02   0.12256E-02   0.12589E-02
 7183.44   0.12153E-02   0.12196E-02   0.12527E-02
 7197.04   0.12094E-02   0.12130E-02   0.12460E-02
 7210.65   0.12035E-02   0.12065E-02   0.12393E-02
 7224.25   0.12010E-02   0.12033E-02   0.12361E-02
 7237.86   0.11954E-02   0.11970E-02   0.12297E-02
 7251.46   0.11901E-02   0.11909E-02   0.12236E-02
 7265.07   0.11848E-02   0.11850E-02   0.12175E-02
 7278.67   0.11797E-02   0.11792E-02   0.12116E-02
 7292.28   0.11747E-02   0.11735E-02   0.12059E-02
 7305.88   0.11698E-02   0.11679E-02   0.12002E-02
 7319.49   0.11650E-02   0.11625E-02   0.11946E-02
 7333.09   0.11602E-02   0.11570E-02   0.11891E-02
 7346.70   0.11554E-02   0.11516E-02   0.11836E-02
 7360.30   0.11505E-02   0.11460E-02   0.11779E-02
 7373.91   0.11454E-02   0.11402E-02   0.11720E-02
 7387.51   0.11420E-02   0.11362E-02   0.11679E-02
 7401.12   0.11370E-02   0.11306E-02   0.11622E-02
 7414.72   0.11322E-02   0.11250E-02   0.11566E-02
 7428.33   0.11273E-02   0.11196E-02   0.11510E-02
 7441.93   0.11225E-02   0.11141E-02   0.11455E-02
 7455.54   0.11178E-02   0.11087E-02   0.11400E-02
 7469.14   0.11131E-02   0.11034E-02   0.11346E-02
 7482.75   0.11086E-02   0.10982E-02   0.11293E-02
 7496.35   0.11041E-02   0.10931E-02   0.11242E-02
 7509.96   0.10997E-02   0.10881E-02   0.11191E-02
 7523.56   0.10954E-02   0.10831E-02   0.11140E-02
 7537.17   0.10910E-02   0.10781E-02   0.11090E-02
 7550.77   0.10870E-02   0.10735E-02   0.11042E-02
 7564.38   0.10827E-02   0.10685E-02   0.10992E-02
 7577.98   0.10783E-02   0.10635E-02   0.10942E-02
 7591.59   0.10739E-02   0.10585E-02   0.10891E-02
 7605.19   0.10695E-02   0.10535E-02   0.10840E-02
 7618.80   0.10651E-02   0.10485E-02   0.10789E-02
 7632.40   0.10607E-02   0.10435E-02   0.10738E-02
 7646.01   0.10563E-02   0.10385E-02   0.10688E-02
 7659.61   0.10520E-02   0.10336E-02   0.10638E-02
 7673.22   0.10478E-02   0.10288E-02   0.10590E-02
 7686.82   0.10437E-02   0.10241E-02   0.10542E-02
 7700.43   0.10396E-02   0.10194E-02   0.10495E-02
 7714.03   0.10359E-02   0.10151E-02   0.10451E-02
 7727.64   0.10319E-02   0.10105E-02   0.10405E-02
 7741.24   0.10280E-02   0.10060E-02   0.10359E-02
 7754.85   0.10241E-02   0.10015E-02   0.10313E-02
 7768.45   0.10201E-02   0.99693E-03   0.10267E-02
 7782.06   0.10161E-02   0.99233E-03   0.10221E-02
 7795.66   0.10120E-02   0.98770E-03   0.10174E-02
 7809.27   0.10079E-02   0.98303E-03   0.10127E-02
 7822.87   0.10038E-02   0.97837E-03   0.10080E-02
 7836.48   0.99972E-03   0.97374E-03   0.10033E-02
 7850.08   0.99566E-03   0.96913E-03   0.99860E-03
 7863.69   0.99153E-03   0.96445E-03   0.99387E-03
 7877.29   0.98802E-03   0.96037E-03   0.98975E-03
 7890.90   0.98498E-03   0.95676E-03   0.98612E-03
 7904.50   0.98107E-03   0.95232E-03   0.98163E-03
 7918.11   0.97738E-03   0.94808E-03   0.97735E-03
 7931.71   0.97375E-03   0.94390E-03   0.97313E-03
 7945.32   0.97011E-03   0.93973E-03   0.96892E-03
 7958.92   0.96644E-03   0.93552E-03   0.96467E-03
 7972.53   0.96271E-03   0.93127E-03   0.96038E-03
 7986.13   0.95893E-03   0.92697E-03   0.95604E-03
 7999.74   0.95510E-03   0.92262E-03   0.95164E-03
 8013.34   0.95120E-03   0.91822E-03   0.94720E-03
 8026.95   0.94720E-03   0.91371E-03   0.94264E-03
 8040.55   0.94254E-03   0.90858E-03   0.93744E-03
 8054.16   0.93932E-03   0.90485E-03   0.93369E-03
 8067.76   0.93774E-03   0.90270E-03   0.93156E-03
 8081.37   0.93390E-03   0.89837E-03   0.92719E-03
 8094.97   0.93035E-03   0.89432E-03   0.92311E-03
 8108.58   0.92692E-03   0.89040E-03   0.91916E-03
 8122.18   0.92354E-03   0.88653E-03   0.91526E-03
 8135.79   0.92018E-03   0.88267E-03   0.91137E-03
 8149.39   0.91678E-03   0.87879E-03   0.90746E-03
 8163.00   0.91332E-03   0.87486E-03   0.90350E-03
 8176.60   0.90978E-03   0.87085E-03   0.89946E-03
 8190.21   0.90612E-03   0.86674E-03   0.89531E-03
 8203.81   0.90220E-03   0.86237E-03   0.89090E-03
 8217.42   0.89657E-03   0.85639E-03   0.88482E-03
 8231.02   0.89916E-03   0.85825E-03   0.88684E-03
 8244.63   0.89378E-03   0.85250E-03   0.88101E-03
 8258.23   0.89001E-03   0.84831E-03   0.87677E-03
 8271.84   0.88655E-03   0.84441E-03   0.87285E-03
 8285.44   0.88325E-03   0.84067E-03   0.86908E-03
 8299.05   0.88005E-03   0.83702E-03   0.86541E-03
 8312.65   0.87690E-03   0.83344E-03   0.86181E-03
 8326.26   0.87378E-03   0.82987E-03   0.85823E-03
 8339.86   0.87063E-03   0.82630E-03   0.85463E-03
 8353.47   0.86742E-03   0.82266E-03   0.85098E-03
 8367.07   0.86408E-03   0.81891E-03   0.84720E-03
 8380.68   0.86044E-03   0.81488E-03   0.84314E-03
 8394.28   0.85466E-03   0.80883E-03   0.83698E-03
 8407.89   0.85753E-03   0.81097E-03   0.83930E-03
 8421.49   0.85264E-03   0.80577E-03   0.83403E-03
 8435.10   0.84903E-03   0.80179E-03   0.83001E-03
 8448.70   0.84567E-03   0.79805E-03   0.82625E-03
 8462.31   0.84245E-03   0.79445E-03   0.82263E-03
 8475.91   0.83935E-03   0.79096E-03   0.81912E-03
 8489.52   0.83633E-03   0.78756E-03   0.81571E-03
 8503.12   0.83339E-03   0.78423E-03   0.81236E-03
 8516.73   0.83048E-03   0.78093E-03   0.80906E-03
 8530.33   0.82757E-03   0.77764E-03   0.80576E-03
 8543.94   0.82459E-03   0.77430E-03   0.80240E-03
 8557.54   0.82142E-03   0.77078E-03   0.79887E-03
 8571.15   0.81706E-03   0.76614E-03   0.79417E-03
 8584.75   0.81820E-03   0.76667E-03   0.79483E-03
 8598.36   0.81385E-03   0.76205E-03   0.79015E-03
 8611.96   0.81052E-03   0.75840E-03   0.78648E-03
 8625.57   0.80735E-03   0.75490E-03   0.78296E-03
 8639.17   0.80425E-03   0.75147E-03   0.77952E-03
 8652.78   0.80123E-03   0.74812E-03   0.77615E-03
 8666.38   0.79828E-03   0.74485E-03   0.77287E-03
 8679.99   0.79542E-03   0.74166E-03   0.76967E-03
 8693.59   0.79263E-03   0.73854E-03   0.76655E-03
 8707.20   0.78991E-03   0.73549E-03   0.76349E-03
 8720.80   0.78721E-03   0.73246E-03   0.76046E-03
 8734.41   0.78448E-03   0.72942E-03   0.75741E-03
 8748.01   0.78148E-03   0.72612E-03   0.75410E-03
 8761.62   0.77844E-03   0.72280E-03   0.75076E-03
 8775.22   0.77698E-03   0.72094E-03   0.74895E-03
 8788.83   0.77406E-03   0.71774E-03   0.74573E-03
 8802.43   0.77118E-03   0.71457E-03   0.74256E-03
 8816.04   0.76830E-03   0.71141E-03   0.73939E-03
 8829.64   0.76541E-03   0.70825E-03   0.73622E-03
 8843.25   0.76255E-03   0.70512E-03   0.73308E-03
 8856.85   0.75974E-03   0.70204E-03   0.73000E-03
 8870.46   0.75699E-03   0.69903E-03   0.72697E-03
 8884.06   0.75432E-03   0.69608E-03   0.72403E-03
 8897.67   0.75172E-03   0.69322E-03   0.72116E-03
 8911.27   0.74919E-03   0.69041E-03   0.71836E-03
 8924.88   0.74669E-03   0.68765E-03   0.71560E-03
 8938.48   0.74415E-03   0.68485E-03   0.71280E-03
 8952.09   0.74181E-03   0.68223E-03   0.71020E-03
 8965.69   0.73931E-03   0.67948E-03   0.70744E-03
 8979.30   0.73676E-03   0.67669E-03   0.70466E-03
 8992.90   0.73417E-03   0.67386E-03   0.70183E-03
 9006.51   0.73153E-03   0.67099E-03   0.69896E-03
 9020.11   0.72885E-03   0.66809E-03   0.69605E-03
 9033.72   0.72615E-03   0.66518E-03   0.69314E-03
 9047.32   0.72346E-03   0.66228E-03   0.69023E-03
 9060.93   0.72080E-03   0.65941E-03   0.68736E-03
 9074.53   0.71818E-03   0.65659E-03   0.68454E-03
 9088.14   0.71563E-03   0.65383E-03   0.68178E-03
 9101.74   0.71314E-03   0.65113E-03   0.67908E-03
 9115.35   0.71058E-03   0.64837E-03   0.67632E-03
 9128.95   0.70873E-03   0.64628E-03   0.67425E-03
 9142.56   0.70625E-03   0.64360E-03   0.67158E-03
 9156.16   0.70391E-03   0.64106E-03   0.66904E-03
 9169.77   0.70157E-03   0.63852E-03   0.66651E-03
 9183.37   0.69919E-03   0.63596E-03   0.66396E-03
 9196.98   0.69677E-03   0.63336E-03   0.66136E-03
 9210.58   0.69429E-03   0.63071E-03   0.65872E-03
 9224.19   0.69177E-03   0.62802E-03   0.65603E-03
 9237.79   0.68921E-03   0.62531E-03   0.65331E-03
 9251.40   0.68663E-03   0.62258E-03   0.65058E-03
 9265.00   0.68404E-03   0.61986E-03   0.64785E-03
 9278.61   0.68145E-03   0.61713E-03   0.64512E-03
 9292.21   0.67874E-03   0.61430E-03   0.64228E-03
 9305.82   0.67675E-03   0.61213E-03   0.64013E-03
 9319.42   0.67544E-03   0.61058E-03   0.63863E-03
 9333.03   0.67278E-03   0.60782E-03   0.63586E-03
 9346.63   0.67046E-03   0.60536E-03   0.63340E-03
 9360.24   0.66823E-03   0.60298E-03   0.63103E-03
 9373.84   0.66601E-03   0.60062E-03   0.62869E-03
 9387.45   0.66377E-03   0.59826E-03   0.62633E-03
 9401.05   0.66149E-03   0.59585E-03   0.62393E-03
 9414.66   0.65915E-03   0.59341E-03   0.62149E-03
 9428.26   0.65676E-03   0.59091E-03   0.61899E-03
 9441.87   0.65429E-03   0.58836E-03   0.61643E-03
 9455.47   0.65176E-03   0.58574E-03   0.61381E-03
 9469.08   0.64909E-03   0.58302E-03   0.61108E-03
 9482.68   0.64589E-03   0.57982E-03   0.60784E-03
 9496.29   0.64412E-03   0.57790E-03   0.60595E-03
 9509.89   0.64396E-03   0.57744E-03   0.60559E-03
 9523.50   0.64116E-03   0.57462E-03   0.60275E-03
 9537.10   0.63879E-03   0.57218E-03   0.60031E-03
 9550.71   0.63658E-03   0.56989E-03   0.59802E-03
 9564.31   0.63444E-03   0.56767E-03   0.59581E-03
 9577.92   0.63233E-03   0.56548E-03   0.59363E-03
 9591.52   0.63022E-03   0.56329E-03   0.59145E-03
 9605.13   0.62807E-03   0.56108E-03   0.58925E-03
 9618.73   0.62587E-03   0.55882E-03   0.58699E-03
 9632.34   0.62358E-03   0.55649E-03   0.58466E-03
 9645.94   0.62118E-03   0.55406E-03   0.58223E-03
 9659.55   0.61855E-03   0.55143E-03   0.57959E-03
 9673.15   0.61499E-03   0.54799E-03   0.57609E-03
 9686.76   0.61325E-03   0.54616E-03   0.57428E-03
 9700.36   0.61405E-03   0.54660E-03   0.57487E-03
 9713.97   0.61118E-03   0.54378E-03   0.57202E-03
 9727.57   0.60876E-03   0.54136E-03   0.56959E-03
 9741.18   0.60652E-03   0.53911E-03   0.56734E-03
 9754.78   0.60439E-03   0.53696E-03   0.56519E-03
 9768.39   0.60233E-03   0.53487E-03   0.56312E-03
 9781.99   0.60032E-03   0.53284E-03   0.56109E-03
 9795.60   0.59832E-03   0.53081E-03   0.55908E-03
 9809.20   0.59630E-03   0.52878E-03   0.55705E-03
 9822.81   0.59423E-03   0.52670E-03   0.55498E-03
 9836.41   0.59205E-03   0.52454E-03   0.55282E-03
 9850.02   0.58966E-03   0.52219E-03   0.55046E-03
 9863.62   0.58644E-03   0.51910E-03   0.54732E-03
 9877.23   0.58449E-03   0.51715E-03   0.54538E-03
 9890.83   0.58539E-03   0.51773E-03   0.54611E-03
 9904.44   0.58259E-03   0.51504E-03   0.54338E-03
 9918.04   0.58019E-03   0.51270E-03   0.54103E-03
 9931.65   0.57794E-03   0.51050E-03   0.53883E-03
 9945.25   0.57579E-03   0.50839E-03   0.53671E-03
 9958.86   0.57372E-03   0.50636E-03   0.53469E-03
 9972.46   0.57173E-03   0.50439E-03   0.53273E-03
 9986.07   0.56979E-03   0.50248E-03   0.53083E-03
 9999.67   0.56788E-03   0.50061E-03   0.52896E-03
