   27.21   0.85908E+01   0.86450E+01   0.84755E+01
   40.81   0.93380E+01   0.92747E+01   0.92438E+01
   54.42   0.85746E+01   0.86489E+01   0.86743E+01
   68.02   0.76891E+01   0.77396E+01   0.77744E+01
   81.63   0.68365E+01   0.67883E+01   0.68329E+01
   95.23   0.58813E+01   0.58619E+01   0.59151E+01
  108.84   0.49606E+01   0.50146E+01   0.50644E+01
  122.44   0.42255E+01   0.42783E+01   0.43191E+01
  136.05   0.36562E+01   0.36542E+01   0.36893E+01
  149.65   0.31622E+01   0.31292E+01   0.31629E+01
  163.26   0.27050E+01   0.26912E+01   0.27239E+01
  176.86   0.23012E+01   0.23246E+01   0.23541E+01
  190.47   0.19772E+01   0.20171E+01   0.20416E+01
  204.07   0.17300E+01   0.17560E+01   0.17761E+01
  217.68   0.15342E+01   0.15335E+01   0.15509E+01
  231.28   0.13606E+01   0.13431E+01   0.13594E+01
  244.89   0.11956E+01   0.11809E+01   0.11966E+01
  258.49   0.10413E+01   0.10429E+01   0.10575E+01
  272.10   0.90750E+00   0.92527E+00   0.93816E+00
  285.70   0.80033E+00   0.82431E+00   0.83512E+00
  299.31   0.71832E+00   0.73664E+00   0.74559E+00
  312.91   0.65439E+00   0.66030E+00   0.66796E+00
  326.52   0.59857E+00   0.59294E+00   0.59993E+00
  340.12   0.54416E+00   0.53359E+00   0.54032E+00
  353.73   0.48885E+00   0.48133E+00   0.48785E+00
  367.33   0.43497E+00   0.43555E+00   0.44169E+00
  380.94   0.38640E+00   0.39543E+00   0.40094E+00
  394.54   0.34616E+00   0.36011E+00   0.36482E+00
  408.15   0.31511E+00   0.32887E+00   0.33276E+00
  421.75   0.29174E+00   0.30097E+00   0.30420E+00
  435.36   0.27315E+00   0.27584E+00   0.27863E+00
  448.96   0.25625E+00   0.25314E+00   0.25572E+00
  462.57   0.23869E+00   0.23262E+00   0.23513E+00
  476.17   0.21952E+00   0.21407E+00   0.21656E+00
  489.78   0.19934E+00   0.19735E+00   0.19976E+00
  503.38   0.17974E+00   0.18238E+00   0.18461E+00
  516.99   0.16226E+00   0.16889E+00   0.17086E+00
  530.59   0.14799E+00   0.15672E+00   0.15835E+00
  544.20   0.13722E+00   0.14571E+00   0.14701E+00
  557.80   0.12941E+00   0.13564E+00   0.13666E+00
  571.41   0.12353E+00   0.12638E+00   0.12722E+00
  585.01   0.11843E+00   0.11786E+00   0.11860E+00
  598.62   0.11299E+00   0.10997E+00   0.11068E+00
  612.22   0.10661E+00   0.10270E+00   0.10343E+00
  625.83   0.99127E-01   0.96009E-01   0.96752E-01
  639.43   0.90985E-01   0.89900E-01   0.90631E-01
  653.04   0.82833E-01   0.84298E-01   0.84971E-01
  666.64   0.75420E-01   0.79179E-01   0.79751E-01
  680.25   0.69283E-01   0.74496E-01   0.74934E-01
  693.85   0.64623E-01   0.70164E-01   0.70459E-01
  707.46   0.61379E-01   0.66157E-01   0.66320E-01
  721.06   0.59224E-01   0.62422E-01   0.62485E-01
  734.67   0.57695E-01   0.58926E-01   0.58926E-01
  748.27   0.56283E-01   0.55637E-01   0.55614E-01
  761.88   0.54558E-01   0.52550E-01   0.52534E-01
  775.48   0.52240E-01   0.49659E-01   0.49668E-01
  789.09   0.49259E-01   0.46962E-01   0.46997E-01
  802.69   0.45755E-01   0.44454E-01   0.44503E-01
  816.30   0.42023E-01   0.42128E-01   0.42172E-01
  829.90   0.38416E-01   0.39976E-01   0.39993E-01
  843.51   0.35249E-01   0.37985E-01   0.37955E-01
  857.11   0.32724E-01   0.36134E-01   0.36044E-01
  870.72   0.30913E-01   0.34403E-01   0.34251E-01
  884.32   0.29765E-01   0.32776E-01   0.32566E-01
  897.93   0.29136E-01   0.31240E-01   0.30987E-01
  911.53   0.28813E-01   0.29778E-01   0.29500E-01
  925.14   0.28569E-01   0.28387E-01   0.28101E-01
  938.74   0.28185E-01   0.27060E-01   0.26783E-01
  952.35   0.27494E-01   0.25797E-01   0.25539E-01
  965.95   0.26422E-01   0.24607E-01   0.24372E-01
  979.56   0.24970E-01   0.23482E-01   0.23269E-01
  993.16   0.23240E-01   0.22427E-01   0.22227E-01
 1006.77   0.21388E-01   0.21438E-01   0.21241E-01
 1020.37   0.19592E-01   0.20518E-01   0.20314E-01
 1033.98   0.18004E-01   0.19656E-01   0.19433E-01
 1047.58   0.16735E-01   0.18848E-01   0.18601E-01
 1061.19   0.15833E-01   0.18088E-01   0.17812E-01
 1074.79   0.15289E-01   0.17365E-01   0.17062E-01
 1088.40   0.15055E-01   0.16682E-01   0.16357E-01
 1102.00   0.15033E-01   0.16023E-01   0.15684E-01
 1115.61   0.15116E-01   0.15390E-01   0.15046E-01
 1129.21   0.15190E-01   0.14780E-01   0.14440E-01
 1142.82   0.15150E-01   0.14194E-01   0.13865E-01
 1156.42   0.14916E-01   0.13628E-01   0.13316E-01
 1170.03   0.14450E-01   0.13089E-01   0.12794E-01
 1183.63   0.13757E-01   0.12575E-01   0.12297E-01
 1197.24   0.12883E-01   0.12089E-01   0.11825E-01
 1210.84   0.11905E-01   0.11632E-01   0.11375E-01
 1224.45   0.10915E-01   0.11201E-01   0.10946E-01
 1238.05   0.99987E-02   0.10795E-01   0.10537E-01
 1251.66   0.92285E-02   0.10414E-01   0.10147E-01
 1265.26   0.86484E-02   0.10053E-01   0.97746E-02
 1278.87   0.82743E-02   0.97109E-02   0.94196E-02
 1292.47   0.80957E-02   0.93835E-02   0.90803E-02
 1306.08   0.80809E-02   0.90683E-02   0.87560E-02
 1319.68   0.81820E-02   0.87631E-02   0.84459E-02
 1333.29   0.83414E-02   0.84669E-02   0.81493E-02
 1346.89   0.84984E-02   0.81793E-02   0.78660E-02
 1360.50   0.85943E-02   0.78993E-02   0.75945E-02
 1374.10   0.85830E-02   0.76280E-02   0.73345E-02
 1387.71   0.84349E-02   0.73658E-02   0.70853E-02
 1401.31   0.81424E-02   0.71138E-02   0.68464E-02
 1414.92   0.77197E-02   0.68725E-02   0.66169E-02
 1428.52   0.72028E-02   0.66446E-02   0.63983E-02
 1442.13   0.66347E-02   0.64279E-02   0.61879E-02
 1455.73   0.60668E-02   0.62230E-02   0.59858E-02
 1469.34   0.55462E-02   0.60293E-02   0.57918E-02
 1482.94   0.51104E-02   0.58457E-02   0.56051E-02
 1496.55   0.47853E-02   0.56724E-02   0.54269E-02
 1510.15   0.45796E-02   0.55061E-02   0.52549E-02
 1523.76   0.44916E-02   0.53464E-02   0.50897E-02
 1537.36   0.45068E-02   0.51919E-02   0.49309E-02
 1550.97   0.46014E-02   0.50414E-02   0.47781E-02
 1564.57   0.47449E-02   0.48939E-02   0.46307E-02
 1578.18   0.49050E-02   0.47505E-02   0.44900E-02
 1591.78   0.50451E-02   0.46091E-02   0.43538E-02
 1605.39   0.51351E-02   0.44709E-02   0.42228E-02
 1618.99   0.51509E-02   0.43361E-02   0.40967E-02
 1632.60   0.50779E-02   0.42050E-02   0.39751E-02
 1646.20   0.49150E-02   0.40790E-02   0.38584E-02
 1659.81   0.46695E-02   0.39572E-02   0.37452E-02
 1673.41   0.43622E-02   0.38410E-02   0.36363E-02
 1687.02   0.40189E-02   0.37305E-02   0.35313E-02
 1700.62   0.36684E-02   0.36257E-02   0.34300E-02
 1714.23   0.33381E-02   0.35264E-02   0.33323E-02
 1727.83   0.30520E-02   0.34324E-02   0.32382E-02
 1741.44   0.28268E-02   0.33427E-02   0.31471E-02
 1755.04   0.26728E-02   0.32569E-02   0.30591E-02
 1768.65   0.25930E-02   0.31745E-02   0.29741E-02
 1782.25   0.25838E-02   0.30947E-02   0.28921E-02
 1795.86   0.26353E-02   0.30169E-02   0.28129E-02
 1809.46   0.27333E-02   0.29407E-02   0.27363E-02
 1823.07   0.28593E-02   0.28655E-02   0.26623E-02
 1836.67   0.29931E-02   0.27913E-02   0.25906E-02
 1850.28   0.31140E-02   0.27180E-02   0.25213E-02
 1863.88   0.32031E-02   0.26458E-02   0.24543E-02
 1877.49   0.32453E-02   0.25749E-02   0.23895E-02
 1891.09   0.32309E-02   0.25056E-02   0.23268E-02
 1904.70   0.31566E-02   0.24382E-02   0.22662E-02
 1918.30   0.30260E-02   0.23730E-02   0.22074E-02
 1931.91   0.28490E-02   0.23103E-02   0.21505E-02
 1945.51   0.26395E-02   0.22503E-02   0.20953E-02
 1959.12   0.24142E-02   0.21932E-02   0.20419E-02
 1972.72   0.21905E-02   0.21391E-02   0.19904E-02
 1986.33   0.19837E-02   0.20875E-02   0.19402E-02
 1999.93   0.18070E-02   0.20385E-02   0.18917E-02
 2013.54   0.16701E-02   0.19918E-02   0.18446E-02
 2027.14   0.15786E-02   0.19470E-02   0.17989E-02
 2040.75   0.15345E-02   0.19037E-02   0.17546E-02
 2054.35   0.15362E-02   0.18615E-02   0.17115E-02
 2067.96   0.15789E-02   0.18206E-02   0.16700E-02
 2081.56   0.16541E-02   0.17801E-02   0.16296E-02
 2095.17   0.17516E-02   0.17400E-02   0.15903E-02
 2108.77   0.18589E-02   0.17001E-02   0.15522E-02
 2122.38   0.19630E-02   0.16605E-02   0.15152E-02
 2135.98   0.20511E-02   0.16211E-02   0.14791E-02
 2149.59   0.21128E-02   0.15825E-02   0.14445E-02
 2163.19   0.21387E-02   0.15439E-02   0.14105E-02
 2176.80   0.21250E-02   0.15063E-02   0.13775E-02
 2190.40   0.20712E-02   0.14695E-02   0.13455E-02
 2204.01   0.19805E-02   0.14340E-02   0.13144E-02
 2217.61   0.18599E-02   0.13996E-02   0.12842E-02
 2231.22   0.17184E-02   0.13666E-02   0.12547E-02
 2244.82   0.15669E-02   0.13354E-02   0.12264E-02
 2258.43   0.14152E-02   0.13055E-02   0.11985E-02
 2272.03   0.12735E-02   0.12770E-02   0.11715E-02
 2285.64   0.11497E-02   0.12500E-02   0.11452E-02
 2299.24   0.10504E-02   0.12242E-02   0.11197E-02
 2312.85   0.97983E-03   0.11995E-02   0.10948E-02
 2326.45   0.94007E-03   0.11755E-02   0.10705E-02
 2340.06   0.93190E-03   0.11526E-02   0.10472E-02
 2353.66   0.95293E-03   0.11299E-02   0.10242E-02
 2367.27   0.99975E-03   0.11076E-02   0.10019E-02
 2380.87   0.10669E-02   0.10854E-02   0.98018E-03
 2394.48   0.11473E-02   0.10634E-02   0.95904E-03
 2408.08   0.12327E-02   0.10414E-02   0.93846E-03
 2421.69   0.13146E-02   0.10194E-02   0.91837E-03
 2435.29   0.13847E-02   0.99749E-03   0.89891E-03
 2448.90   0.14354E-02   0.97560E-03   0.87984E-03
 2462.50   0.14615E-02   0.95391E-03   0.86127E-03
 2476.11   0.14599E-02   0.93254E-03   0.84317E-03
 2489.71   0.14300E-02   0.91161E-03   0.82555E-03
 2503.32   0.13740E-02   0.89124E-03   0.80838E-03
 2516.92   0.12959E-02   0.87151E-03   0.79164E-03
 2530.53   0.12015E-02   0.85256E-03   0.77536E-03
 2544.13   0.10974E-02   0.83437E-03   0.75944E-03
 2557.74   0.99026E-03   0.81700E-03   0.74391E-03
 2571.34   0.88660E-03   0.80046E-03   0.72875E-03
 2584.95   0.79203E-03   0.78474E-03   0.71397E-03
 2598.55   0.71117E-03   0.76977E-03   0.69957E-03
 2612.16   0.64756E-03   0.75549E-03   0.68553E-03
 2625.76   0.60362E-03   0.74180E-03   0.67186E-03
 2639.37   0.58066E-03   0.72856E-03   0.65849E-03
 2652.97   0.57893E-03   0.71565E-03   0.64545E-03
 2666.58   0.59750E-03   0.70298E-03   0.63270E-03
 2680.18   0.63425E-03   0.69043E-03   0.62025E-03
 2693.79   0.68589E-03   0.67794E-03   0.60809E-03
 2707.39   0.74795E-03   0.66544E-03   0.59620E-03
 2721.00   0.81532E-03   0.65303E-03   0.58471E-03
 2734.60   0.88185E-03   0.64046E-03   0.57340E-03
 2748.21   0.94182E-03   0.62786E-03   0.56237E-03
 2761.81   0.98982E-03   0.61524E-03   0.55159E-03
 2775.42   0.10215E-02   0.60265E-03   0.54105E-03
 2789.02   0.10339E-02   0.59013E-03   0.53074E-03
 2802.63   0.10259E-02   0.57776E-03   0.52065E-03
 2816.23   0.99797E-03   0.56556E-03   0.51072E-03
 2829.84   0.95278E-03   0.55394E-03   0.50128E-03
 2843.44   0.89289E-03   0.54251E-03   0.49188E-03
 2857.05   0.82280E-03   0.53152E-03   0.48271E-03
 2870.65   0.74700E-03   0.52098E-03   0.47375E-03
 2884.26   0.66989E-03   0.51092E-03   0.46498E-03
 2897.86   0.59553E-03   0.50132E-03   0.45639E-03
 2911.47   0.52739E-03   0.49213E-03   0.44793E-03
 2925.07   0.46867E-03   0.48364E-03   0.43991E-03
 2938.68   0.42108E-03   0.47529E-03   0.43182E-03
 2952.28   0.38660E-03   0.46734E-03   0.42397E-03
 2965.89   0.36628E-03   0.45969E-03   0.41630E-03
 2979.49   0.36064E-03   0.45225E-03   0.40880E-03
 2993.10   0.36957E-03   0.44496E-03   0.40146E-03
 3006.70   0.39221E-03   0.43774E-03   0.39427E-03
 3020.31   0.42695E-03   0.43052E-03   0.38720E-03
 3033.91   0.47153E-03   0.42345E-03   0.38043E-03
 3047.52   0.52240E-03   0.41618E-03   0.37366E-03
 3061.12   0.57593E-03   0.40888E-03   0.36705E-03
 3074.73   0.62796E-03   0.40153E-03   0.36060E-03
 3088.33   0.67435E-03   0.39413E-03   0.35429E-03
 3101.94   0.71136E-03   0.38669E-03   0.34812E-03
 3115.54   0.73600E-03   0.37924E-03   0.34207E-03
 3129.15   0.74627E-03   0.37178E-03   0.33611E-03
 3142.75   0.74178E-03   0.36453E-03   0.33039E-03
 3156.36   0.72250E-03   0.35728E-03   0.32468E-03
 3169.96   0.69024E-03   0.35020E-03   0.31911E-03
 3183.57   0.64737E-03   0.34333E-03   0.31365E-03
 3197.17   0.59680E-03   0.33670E-03   0.30831E-03
 3210.78   0.54164E-03   0.33034E-03   0.30309E-03
 3224.38   0.48492E-03   0.32426E-03   0.29797E-03
 3237.99   0.42937E-03   0.31845E-03   0.29295E-03
 3251.59   0.37745E-03   0.31298E-03   0.28807E-03
 3265.20   0.33096E-03   0.30773E-03   0.28325E-03
 3278.80   0.29151E-03   0.30273E-03   0.27852E-03
 3292.41   0.26031E-03   0.29795E-03   0.27388E-03
 3306.01   0.23828E-03   0.29337E-03   0.26934E-03
 3319.62   0.22610E-03   0.28895E-03   0.26490E-03
 3333.22   0.22415E-03   0.28465E-03   0.26055E-03
 3346.83   0.23247E-03   0.28043E-03   0.25628E-03
 3360.43   0.25064E-03   0.27625E-03   0.25211E-03
 3374.04   0.27770E-03   0.27207E-03   0.24801E-03
 3387.64   0.31210E-03   0.26787E-03   0.24399E-03
 3401.25   0.35170E-03   0.26362E-03   0.24004E-03
 3414.85   0.39386E-03   0.25932E-03   0.23616E-03
 3428.46   0.43564E-03   0.25496E-03   0.23236E-03
 3442.06   0.47401E-03   0.25056E-03   0.22863E-03
 3455.67   0.50615E-03   0.24611E-03   0.22498E-03
 3469.27   0.52976E-03   0.24166E-03   0.22142E-03
 3482.88   0.54303E-03   0.23719E-03   0.21791E-03
 3496.48   0.54518E-03   0.23274E-03   0.21448E-03
 3510.09   0.53622E-03   0.22833E-03   0.21110E-03
 3523.69   0.51700E-03   0.22399E-03   0.20778E-03
 3537.30   0.48903E-03   0.21975E-03   0.20452E-03
 3550.90   0.45428E-03   0.21562E-03   0.20132E-03
 3564.51   0.41497E-03   0.21164E-03   0.19817E-03
 3578.11   0.37330E-03   0.20782E-03   0.19509E-03
 3591.72   0.33140E-03   0.20423E-03   0.19212E-03
 3605.32   0.29083E-03   0.20076E-03   0.18916E-03
 3618.93   0.25311E-03   0.19748E-03   0.18626E-03
 3632.53   0.21934E-03   0.19436E-03   0.18341E-03
 3646.14   0.19039E-03   0.19138E-03   0.18061E-03
 3659.74   0.16696E-03   0.18855E-03   0.17786E-03
 3673.35   0.14961E-03   0.18582E-03   0.17515E-03
 3686.95   0.13884E-03   0.18317E-03   0.17246E-03
 3700.56   0.13517E-03   0.18073E-03   0.16996E-03
 3714.16   0.13863E-03   0.17820E-03   0.16737E-03
 3727.77   0.14935E-03   0.17574E-03   0.16486E-03
 3741.37   0.16698E-03   0.17328E-03   0.16240E-03
 3754.98   0.19076E-03   0.17082E-03   0.15998E-03
 3768.58   0.21949E-03   0.16832E-03   0.15761E-03
 3782.19   0.25150E-03   0.16579E-03   0.15527E-03
 3795.79   0.28481E-03   0.16320E-03   0.15297E-03
 3809.40   0.31720E-03   0.16055E-03   0.15069E-03
 3823.00   0.34672E-03   0.15797E-03   0.14855E-03
 3836.61   0.37088E-03   0.15525E-03   0.14635E-03
 3850.21   0.38830E-03   0.15254E-03   0.14421E-03
 3863.82   0.39783E-03   0.14981E-03   0.14211E-03
 3877.42   0.39896E-03   0.14710E-03   0.14006E-03
 3891.03   0.39183E-03   0.14441E-03   0.13803E-03
 3904.63   0.37714E-03   0.14175E-03   0.13604E-03
 3918.24   0.35605E-03   0.13914E-03   0.13407E-03
 3931.84   0.33005E-03   0.13659E-03   0.13212E-03
 3945.45   0.30106E-03   0.13422E-03   0.13030E-03
 3959.05   0.27020E-03   0.13185E-03   0.12843E-03
 3972.66   0.23914E-03   0.12960E-03   0.12659E-03
 3986.26   0.20906E-03   0.12746E-03   0.12480E-03
 3999.87   0.18087E-03   0.12543E-03   0.12303E-03
 4013.47   0.15524E-03   0.12350E-03   0.12130E-03
 4027.08   0.13266E-03   0.12168E-03   0.11960E-03
 4040.68   0.11349E-03   0.11994E-03   0.11792E-03
 4054.29   0.98063E-04   0.11827E-03   0.11626E-03
 4067.89   0.86786E-04   0.11673E-03   0.11468E-03
 4081.50   0.79907E-04   0.11520E-03   0.11308E-03
 4095.10   0.77823E-04   0.11370E-03   0.11151E-03
 4108.71   0.80810E-04   0.11223E-03   0.10996E-03
 4122.31   0.88992E-04   0.11078E-03   0.10845E-03
 4135.92   0.10225E-03   0.10933E-03   0.10696E-03
 4149.52   0.12017E-03   0.10787E-03   0.10549E-03
 4163.13   0.14196E-03   0.10639E-03   0.10406E-03
 4176.73   0.16648E-03   0.10487E-03   0.10264E-03
 4190.34   0.19238E-03   0.10335E-03   0.10126E-03
 4203.94   0.21798E-03   0.10178E-03   0.99886E-04
 4217.55   0.24163E-03   0.10017E-03   0.98533E-04
 4231.15   0.26179E-03   0.98536E-04   0.97201E-04
 4244.76   0.27714E-03   0.96881E-04   0.95890E-04
 4258.36   0.28675E-03   0.95215E-04   0.94602E-04
 4271.97   0.29010E-03   0.93548E-04   0.93337E-04
 4285.57   0.28720E-03   0.91889E-04   0.92095E-04
 4299.18   0.27845E-03   0.90247E-04   0.90874E-04
 4312.78   0.26467E-03   0.88641E-04   0.89677E-04
 4326.39   0.24691E-03   0.87062E-04   0.88494E-04
 4339.99   0.22637E-03   0.85529E-04   0.87329E-04
 4353.60   0.20424E-03   0.84047E-04   0.86180E-04
 4367.20   0.18162E-03   0.82623E-04   0.85046E-04
 4380.81   0.15941E-03   0.81262E-04   0.83930E-04
 4394.41   0.13830E-03   0.79969E-04   0.82831E-04
 4408.02   0.11875E-03   0.78743E-04   0.81751E-04
 4421.62   0.10102E-03   0.77583E-04   0.80687E-04
 4435.23   0.85320E-04   0.76513E-04   0.79667E-04
 4448.83   0.71680E-04   0.75469E-04   0.78632E-04
 4462.44   0.60293E-04   0.74485E-04   0.77623E-04
 4476.04   0.51344E-04   0.73546E-04   0.76630E-04
 4489.65   0.45104E-04   0.72640E-04   0.75650E-04
 4503.25   0.41900E-04   0.71758E-04   0.74682E-04
 4516.86   0.42067E-04   0.70893E-04   0.73728E-04
 4530.46   0.45875E-04   0.70035E-04   0.72786E-04
 4544.07   0.53452E-04   0.69175E-04   0.71857E-04
 4557.67   0.64719E-04   0.68313E-04   0.70946E-04
 4571.28   0.79359E-04   0.67466E-04   0.70080E-04
 4584.88   0.96677E-04   0.66571E-04   0.69193E-04
 4598.49   0.11582E-03   0.65661E-04   0.68328E-04
 4612.09   0.13568E-03   0.64729E-04   0.67476E-04
 4625.70   0.15503E-03   0.63775E-04   0.66637E-04
 4639.30   0.17263E-03   0.62797E-04   0.65808E-04
 4652.91   0.18736E-03   0.61799E-04   0.64989E-04
 4666.51   0.19829E-03   0.60783E-04   0.64178E-04
 4680.12   0.20478E-03   0.59751E-04   0.63371E-04
 4693.72   0.20658E-03   0.58712E-04   0.62571E-04
 4707.33   0.20404E-03   0.57738E-04   0.61856E-04
 4720.93   0.19711E-03   0.56721E-04   0.61091E-04
 4734.54   0.18670E-03   0.55725E-04   0.60344E-04
 4748.14   0.17362E-03   0.54752E-04   0.59611E-04
 4761.75   0.15878E-03   0.53807E-04   0.58889E-04
 4775.35   0.14307E-03   0.52894E-04   0.58176E-04
 4788.96   0.12724E-03   0.52014E-04   0.57472E-04
 4802.56   0.11190E-03   0.51171E-04   0.56773E-04
 4816.17   0.97442E-04   0.50356E-04   0.56068E-04
 4829.77   0.84244E-04   0.49672E-04   0.55480E-04
 4843.38   0.72071E-04   0.48922E-04   0.54772E-04
 4856.98   0.61106E-04   0.48243E-04   0.54110E-04
 4870.59   0.51251E-04   0.47607E-04   0.53463E-04
 4884.19   0.42477E-04   0.47007E-04   0.52828E-04
 4897.80   0.34836E-04   0.46439E-04   0.52204E-04
 4911.40   0.28488E-04   0.45896E-04   0.51590E-04
 4925.01   0.23693E-04   0.45373E-04   0.50982E-04
 4938.61   0.20787E-04   0.44860E-04   0.50380E-04
 4952.22   0.20121E-04   0.44343E-04   0.49771E-04
 4965.82   0.22054E-04   0.43901E-04   0.49251E-04
 4979.43   0.26720E-04   0.43378E-04   0.48649E-04
 4993.03   0.34200E-04   0.42867E-04   0.48075E-04
 5006.64   0.44312E-04   0.42349E-04   0.47513E-04
 5020.24   0.56650E-04   0.41821E-04   0.46960E-04
 5033.85   0.70593E-04   0.41279E-04   0.46418E-04
 5047.45   0.85345E-04   0.40722E-04   0.45884E-04
 5061.06   0.10000E-03   0.40149E-04   0.45358E-04
 5074.66   0.11362E-03   0.39560E-04   0.44839E-04
 5088.27   0.12533E-03   0.38951E-04   0.44319E-04
 5101.87   0.13454E-03   0.38372E-04   0.43849E-04
 5115.48   0.14047E-03   0.37734E-04   0.43334E-04
 5129.08   0.14305E-03   0.37103E-04   0.42837E-04
 5142.69   0.14227E-03   0.36472E-04   0.42347E-04
 5156.29   0.13840E-03   0.35846E-04   0.41866E-04
 5169.90   0.13193E-03   0.35227E-04   0.41391E-04
 5183.50   0.12348E-03   0.34620E-04   0.40925E-04
 5197.11   0.11373E-03   0.34029E-04   0.40467E-04
 5210.71   0.10336E-03   0.33457E-04   0.40016E-04
 5224.32   0.92934E-04   0.32904E-04   0.39570E-04
 5237.92   0.82911E-04   0.32369E-04   0.39126E-04
 5251.53   0.73662E-04   0.31881E-04   0.38704E-04
 5265.13   0.65187E-04   0.31402E-04   0.38274E-04
 5278.74   0.57522E-04   0.30950E-04   0.37849E-04
 5292.34   0.50541E-04   0.30524E-04   0.37430E-04
 5305.95   0.44067E-04   0.30123E-04   0.37015E-04
 5319.55   0.37932E-04   0.29747E-04   0.36606E-04
 5333.16   0.32029E-04   0.29394E-04   0.36204E-04
 5346.76   0.26351E-04   0.29061E-04   0.35809E-04
 5360.37   0.21011E-04   0.28744E-04   0.35420E-04
 5373.97   0.16241E-04   0.28441E-04   0.35037E-04
 5387.58   0.12380E-04   0.28152E-04   0.34661E-04
 5401.18   0.97805E-05   0.27864E-04   0.34288E-04
 5414.79   0.88290E-05   0.27578E-04   0.33919E-04
 5428.39   0.98321E-05   0.27291E-04   0.33554E-04
 5442.00   0.12979E-04   0.26999E-04   0.33192E-04
 5455.60   0.18297E-04   0.26700E-04   0.32834E-04
 5469.21   0.25628E-04   0.26393E-04   0.32481E-04
 5482.81   0.34629E-04   0.26076E-04   0.32132E-04
 5496.42   0.44790E-04   0.25748E-04   0.31788E-04
 5510.02   0.55475E-04   0.25407E-04   0.31446E-04
 5523.63   0.66041E-04   0.25074E-04   0.31132E-04
 5537.23   0.75701E-04   0.24711E-04   0.30797E-04
 5550.84   0.83897E-04   0.24343E-04   0.30474E-04
 5564.44   0.90127E-04   0.23969E-04   0.30155E-04
 5578.05   0.94073E-04   0.23588E-04   0.29840E-04
 5591.65   0.95621E-04   0.23203E-04   0.29527E-04
 5605.26   0.94860E-04   0.22817E-04   0.29217E-04
 5618.86   0.92064E-04   0.22431E-04   0.28910E-04
 5632.47   0.87647E-04   0.22050E-04   0.28606E-04
 5646.07   0.82107E-04   0.21674E-04   0.28304E-04
 5659.68   0.75990E-04   0.21310E-04   0.28010E-04
 5673.28   0.69813E-04   0.20972E-04   0.27742E-04
 5686.89   0.63869E-04   0.20629E-04   0.27450E-04
 5700.49   0.58507E-04   0.20304E-04   0.27168E-04
 5714.10   0.53844E-04   0.19996E-04   0.26891E-04
 5727.70   0.49864E-04   0.19705E-04   0.26617E-04
 5741.31   0.46430E-04   0.19431E-04   0.26347E-04
 5754.91   0.43323E-04   0.19173E-04   0.26078E-04
 5768.52   0.40282E-04   0.18931E-04   0.25812E-04
 5782.12   0.37060E-04   0.18703E-04   0.25546E-04
 5795.73   0.33469E-04   0.18486E-04   0.25278E-04
 5809.33   0.29421E-04   0.18286E-04   0.25017E-04
 5822.94   0.24942E-04   0.18120E-04   0.24797E-04
 5836.54   0.20185E-04   0.17940E-04   0.24541E-04
 5850.15   0.15425E-04   0.17769E-04   0.24294E-04
 5863.75   0.11015E-04   0.17605E-04   0.24052E-04
 5877.36   0.73516E-05   0.17444E-04   0.23813E-04
 5890.96   0.48218E-05   0.17284E-04   0.23578E-04
 5904.57   0.37537E-05   0.17121E-04   0.23345E-04
 5918.17   0.43707E-05   0.16954E-04   0.23113E-04
 5931.78   0.67571E-05   0.16780E-04   0.22882E-04
 5945.38   0.10838E-04   0.16595E-04   0.22646E-04
 5958.99   0.16387E-04   0.16404E-04   0.22413E-04
 5972.59   0.23090E-04   0.16236E-04   0.22230E-04
 5986.20   0.30400E-04   0.16031E-04   0.22005E-04
 5999.80   0.37835E-04   0.15820E-04   0.21787E-04
 6013.41   0.44868E-04   0.15604E-04   0.21574E-04
 6027.01   0.51022E-04   0.15382E-04   0.21364E-04
 6040.62   0.55919E-04   0.15154E-04   0.21158E-04
 6054.22   0.59308E-04   0.14923E-04   0.20955E-04
 6067.83   0.61090E-04   0.14687E-04   0.20753E-04
 6081.43   0.61321E-04   0.14450E-04   0.20553E-04
 6095.04   0.60189E-04   0.14208E-04   0.20349E-04
 6108.64   0.58012E-04   0.13968E-04   0.20145E-04
 6122.25   0.55286E-04   0.13757E-04   0.19981E-04
 6135.85   0.52203E-04   0.13527E-04   0.19784E-04
 6149.46   0.49244E-04   0.13306E-04   0.19593E-04
 6163.06   0.46708E-04   0.13093E-04   0.19404E-04
 6176.67   0.44789E-04   0.12890E-04   0.19219E-04
 6190.27   0.43560E-04   0.12697E-04   0.19038E-04
 6203.88   0.42966E-04   0.12515E-04   0.18859E-04
 6217.48   0.42837E-04   0.12345E-04   0.18683E-04
 6231.09   0.42917E-04   0.12185E-04   0.18508E-04
 6244.69   0.42892E-04   0.12035E-04   0.18334E-04
 6258.30   0.42473E-04   0.11895E-04   0.18159E-04
 6271.90   0.41466E-04   0.11779E-04   0.18005E-04
 6285.51   0.39493E-04   0.11658E-04   0.17834E-04
 6299.11   0.36567E-04   0.11547E-04   0.17666E-04
 6312.72   0.32709E-04   0.11444E-04   0.17501E-04
 6326.32   0.28070E-04   0.11346E-04   0.17337E-04
 6339.93   0.22915E-04   0.11254E-04   0.17176E-04
 6353.53   0.17592E-04   0.11164E-04   0.17018E-04
 6367.14   0.12499E-04   0.11077E-04   0.16862E-04
 6380.74   0.80380E-05   0.10990E-04   0.16708E-04
 6394.35   0.45733E-05   0.10902E-04   0.16557E-04
 6407.95   0.23923E-05   0.10810E-04   0.16407E-04
 6421.56   0.16732E-05   0.10721E-04   0.16263E-04
 6435.16   0.24582E-05   0.10620E-04   0.16115E-04
 6448.77   0.46664E-05   0.10515E-04   0.15969E-04
 6462.37   0.80877E-05   0.10404E-04   0.15824E-04
 6475.98   0.12411E-04   0.10287E-04   0.15680E-04
 6489.58   0.17260E-04   0.10164E-04   0.15538E-04
 6503.19   0.22229E-04   0.10036E-04   0.15397E-04
 6516.79   0.26931E-04   0.99024E-05   0.15258E-04
 6530.40   0.31032E-04   0.97651E-05   0.15121E-04
 6544.00   0.34288E-04   0.96243E-05   0.14986E-04
 6557.61   0.36563E-04   0.94804E-05   0.14853E-04
 6571.21   0.37847E-04   0.93354E-05   0.14724E-04
 6584.82   0.38233E-04   0.91925E-05   0.14596E-04
 6598.42   0.37918E-04   0.90469E-05   0.14468E-04
 6612.03   0.37171E-04   0.89026E-05   0.14341E-04
 6625.63   0.36297E-04   0.87604E-05   0.14215E-04
 6639.24   0.35597E-04   0.86215E-05   0.14090E-04
 6652.84   0.35331E-04   0.84868E-05   0.13965E-04
 6666.45   0.35687E-04   0.83574E-05   0.13842E-04
 6680.05   0.36754E-04   0.82340E-05   0.13719E-04
 6693.66   0.38510E-04   0.81175E-05   0.13598E-04
 6707.26   0.40824E-04   0.80081E-05   0.13478E-04
 6720.87   0.43466E-04   0.79079E-05   0.13363E-04
 6734.47   0.46161E-04   0.78190E-05   0.13255E-04
 6748.08   0.48534E-04   0.77321E-05   0.13139E-04
 6761.68   0.50269E-04   0.76539E-05   0.13027E-04
 6775.29   0.51065E-04   0.75829E-05   0.12916E-04
 6788.89   0.50693E-04   0.75183E-05   0.12806E-04
 6802.50   0.49025E-04   0.74592E-05   0.12697E-04
 6816.10   0.46043E-04   0.74048E-05   0.12588E-04
 6829.71   0.41853E-04   0.73542E-05   0.12480E-04
 6843.31   0.36669E-04   0.73065E-05   0.12372E-04
 6856.92   0.30799E-04   0.72605E-05   0.12264E-04
 6870.52   0.24613E-04   0.72142E-05   0.12155E-04
 6884.13   0.18519E-04   0.71712E-05   0.12052E-04
 6897.73   0.12909E-04   0.71354E-05   0.11967E-04
 6911.34   0.81183E-05   0.70876E-05   0.11862E-04
 6924.94   0.44313E-05   0.70389E-05   0.11763E-04
 6938.55   0.20214E-05   0.69875E-05   0.11665E-04
 6952.15   0.95165E-06   0.69324E-05   0.11568E-04
 6965.76   0.11720E-05   0.68729E-05   0.11473E-04
 6979.36   0.25294E-05   0.68088E-05   0.11378E-04
 6992.97   0.47879E-05   0.67398E-05   0.11283E-04
 7006.57   0.76564E-05   0.66658E-05   0.11188E-04
 7020.18   0.10821E-04   0.65868E-05   0.11092E-04
 7033.78   0.13975E-04   0.65011E-05   0.10992E-04
 7047.39   0.16876E-04   0.64158E-05   0.10899E-04
 7060.99   0.19379E-04   0.63413E-05   0.10833E-04
 7074.60   0.21286E-04   0.62495E-05   0.10739E-04
 7088.20   0.22643E-04   0.61582E-05   0.10650E-04
 7101.81   0.23528E-04   0.60670E-05   0.10563E-04
 7115.41   0.24098E-04   0.59763E-05   0.10478E-04
 7129.02   0.24564E-04   0.58866E-05   0.10393E-04
 7142.62   0.25161E-04   0.57985E-05   0.10310E-04
 7156.23   0.26121E-04   0.57127E-05   0.10227E-04
 7169.83   0.27642E-04   0.56294E-05   0.10144E-04
 7183.44   0.29856E-04   0.55491E-05   0.10060E-04
 7197.04   0.32806E-04   0.54699E-05   0.99710E-05
 7210.65   0.36489E-04   0.53979E-05   0.98867E-05
 7224.25   0.40795E-04   0.53457E-05   0.98324E-05
 7237.86   0.45388E-04   0.52834E-05   0.97486E-05
 7251.46   0.50044E-04   0.52280E-05   0.96686E-05
 7265.07   0.54420E-04   0.51788E-05   0.95906E-05
 7278.67   0.58167E-04   0.51354E-05   0.95142E-05
 7292.28   0.60954E-04   0.50974E-05   0.94393E-05
 7305.88   0.62505E-04   0.50644E-05   0.93655E-05
 7319.49   0.62620E-04   0.50358E-05   0.92926E-05
 7333.09   0.61201E-04   0.50109E-05   0.92201E-05
 7346.70   0.58254E-04   0.49886E-05   0.91473E-05
 7360.30   0.53886E-04   0.49669E-05   0.90717E-05
 7373.91   0.48370E-04   0.49476E-05   0.89974E-05
 7387.51   0.42084E-04   0.49411E-05   0.89451E-05
 7401.12   0.35163E-04   0.49225E-05   0.88712E-05
 7414.72   0.28136E-04   0.49046E-05   0.88001E-05
 7428.33   0.21376E-04   0.48860E-05   0.87303E-05
 7441.93   0.15230E-04   0.48659E-05   0.86616E-05
 7455.54   0.99811E-05   0.48437E-05   0.85943E-05
 7469.14   0.58330E-05   0.48190E-05   0.85281E-05
 7482.75   0.28928E-05   0.47913E-05   0.84631E-05
 7496.35   0.11709E-05   0.47603E-05   0.83991E-05
 7509.96   0.58644E-06   0.47255E-05   0.83356E-05
 7523.56   0.98209E-06   0.46866E-05   0.82718E-05
 7537.17   0.21451E-05   0.46437E-05   0.82078E-05
 7550.77   0.38374E-05   0.46035E-05   0.81543E-05
 7564.38   0.58071E-05   0.45533E-05   0.80903E-05
 7577.98   0.78379E-05   0.45010E-05   0.80279E-05
 7591.59   0.97559E-05   0.44465E-05   0.79660E-05
 7605.19   0.11452E-04   0.43903E-05   0.79047E-05
 7618.80   0.12888E-04   0.43329E-05   0.78441E-05
 7632.40   0.14103E-04   0.42750E-05   0.77843E-05
 7646.01   0.15198E-04   0.42173E-05   0.77256E-05
 7659.61   0.16327E-04   0.41604E-05   0.76679E-05
 7673.22   0.17674E-04   0.41049E-05   0.76112E-05
 7686.82   0.19424E-04   0.40511E-05   0.75554E-05
 7700.43   0.21728E-04   0.39991E-05   0.74998E-05
 7714.03   0.24852E-04   0.39524E-05   0.74473E-05
 7727.64   0.28628E-04   0.39060E-05   0.73924E-05
 7741.24   0.33186E-04   0.38635E-05   0.73382E-05
 7754.85   0.38412E-04   0.38246E-05   0.72841E-05
 7768.45   0.44128E-04   0.37896E-05   0.72301E-05
 7782.06   0.50088E-04   0.37586E-05   0.71762E-05
 7795.66   0.55990E-04   0.37318E-05   0.71226E-05
 7809.27   0.61499E-04   0.37091E-05   0.70695E-05
 7822.87   0.66275E-04   0.36907E-05   0.70171E-05
 7836.48   0.70001E-04   0.36763E-05   0.69654E-05
 7850.08   0.72404E-04   0.36656E-05   0.69147E-05
 7863.69   0.73281E-04   0.36583E-05   0.68646E-05
 7877.29   0.72536E-04   0.36546E-05   0.68168E-05
 7890.90   0.70221E-04   0.36534E-05   0.67694E-05
 7904.50   0.66291E-04   0.36531E-05   0.67213E-05
 7918.11   0.61012E-04   0.36542E-05   0.66737E-05
 7931.71   0.54645E-04   0.36556E-05   0.66264E-05
 7945.32   0.47517E-04   0.36568E-05   0.65791E-05
 7958.92   0.39990E-04   0.36571E-05   0.65317E-05
 7972.53   0.32437E-04   0.36560E-05   0.64844E-05
 7986.13   0.25208E-04   0.36530E-05   0.64371E-05
 7999.74   0.18612E-04   0.36478E-05   0.63902E-05
 8013.34   0.12895E-04   0.36400E-05   0.63436E-05
 8026.95   0.82217E-05   0.36293E-05   0.62972E-05
 8040.55   0.46749E-05   0.36144E-05   0.62494E-05
 8054.16   0.22564E-05   0.36000E-05   0.62083E-05
 8067.76   0.88740E-06   0.35843E-05   0.61707E-05
 8081.37   0.43075E-06   0.35616E-05   0.61269E-05
 8094.97   0.70895E-06   0.35364E-05   0.60845E-05
 8108.58   0.15226E-05   0.35085E-05   0.60426E-05
 8122.18   0.26741E-05   0.34781E-05   0.60009E-05
 8135.79   0.39887E-05   0.34453E-05   0.59593E-05
 8149.39   0.53319E-05   0.34105E-05   0.59176E-05
 8163.00   0.66225E-05   0.33741E-05   0.58758E-05
 8176.60   0.78387E-05   0.33366E-05   0.58338E-05
 8190.21   0.90185E-05   0.32985E-05   0.57917E-05
 8203.81   0.10252E-04   0.32599E-05   0.57488E-05
 8217.42   0.11665E-04   0.32180E-05   0.56991E-05
 8231.02   0.13449E-04   0.31993E-05   0.56892E-05
 8244.63   0.15696E-04   0.31597E-05   0.56394E-05
 8258.23   0.18582E-04   0.31272E-05   0.55991E-05
 8271.84   0.22203E-04   0.30979E-05   0.55606E-05
 8285.44   0.26602E-04   0.30717E-05   0.55230E-05
 8299.05   0.31761E-04   0.30486E-05   0.54860E-05
 8312.65   0.37585E-04   0.30288E-05   0.54493E-05
 8326.26   0.43914E-04   0.30122E-05   0.54126E-05
 8339.86   0.50519E-04   0.29988E-05   0.53758E-05
 8353.47   0.57123E-04   0.29887E-05   0.53388E-05
 8367.07   0.63413E-04   0.29815E-05   0.53011E-05
 8380.68   0.69059E-04   0.29767E-05   0.52620E-05
 8394.28   0.73662E-04   0.29684E-05   0.52116E-05
 8407.89   0.77494E-04   0.29931E-05   0.52136E-05
 8421.49   0.79481E-04   0.29921E-05   0.51668E-05
 8435.10   0.79958E-04   0.29986E-05   0.51295E-05
 8448.70   0.78804E-04   0.30080E-05   0.50942E-05
 8462.31   0.76039E-04   0.30193E-05   0.50600E-05
 8475.91   0.71777E-04   0.30318E-05   0.50267E-05
 8489.52   0.66214E-04   0.30449E-05   0.49939E-05
 8503.12   0.59614E-04   0.30579E-05   0.49614E-05
 8516.73   0.52288E-04   0.30703E-05   0.49290E-05
 8530.33   0.44577E-04   0.30814E-05   0.48966E-05
 8543.94   0.36821E-04   0.30904E-05   0.48636E-05
 8557.54   0.29341E-04   0.30965E-05   0.48293E-05
 8571.15   0.22393E-04   0.30945E-05   0.47865E-05
 8584.75   0.16412E-04   0.31193E-05   0.47888E-05
 8598.36   0.11205E-04   0.31106E-05   0.47444E-05
 8611.96   0.70723E-05   0.31055E-05   0.47103E-05
 8625.57   0.39953E-05   0.30985E-05   0.46780E-05
 8639.17   0.19171E-05   0.30889E-05   0.46466E-05
 8652.78   0.72901E-06   0.30768E-05   0.46160E-05
 8666.38   0.28421E-06   0.30623E-05   0.45862E-05
 8679.99   0.41520E-06   0.30454E-05   0.45569E-05
 8693.59   0.95225E-06   0.30265E-05   0.45280E-05
 8707.20   0.17409E-05   0.30057E-05   0.44994E-05
 8720.80   0.26569E-05   0.29832E-05   0.44707E-05
 8734.41   0.36177E-05   0.29590E-05   0.44415E-05
 8748.01   0.45857E-05   0.29318E-05   0.44090E-05
 8761.62   0.55866E-05   0.29058E-05   0.43791E-05
 8775.22   0.67045E-05   0.28896E-05   0.43641E-05
 8788.83   0.79926E-05   0.28639E-05   0.43338E-05
 8802.43   0.96033E-05   0.28398E-05   0.43047E-05
 8816.04   0.11671E-04   0.28173E-05   0.42762E-05
 8829.64   0.14323E-04   0.27968E-05   0.42481E-05
 8843.25   0.17663E-04   0.27786E-05   0.42207E-05
 8856.85   0.21751E-04   0.27631E-05   0.41938E-05
 8870.46   0.26596E-04   0.27506E-05   0.41674E-05
 8884.06   0.32148E-04   0.27411E-05   0.41416E-05
 8897.67   0.38288E-04   0.27347E-05   0.41162E-05
 8911.27   0.44838E-04   0.27315E-05   0.40909E-05
 8924.88   0.51548E-04   0.27311E-05   0.40652E-05
 8938.48   0.58215E-04   0.27334E-05   0.40393E-05
 8952.09   0.64736E-04   0.27426E-05   0.40197E-05
 8965.69   0.70333E-04   0.27506E-05   0.39937E-05
 8979.30   0.75023E-04   0.27614E-05   0.39682E-05
 8992.90   0.78533E-04   0.27746E-05   0.39429E-05
 9006.51   0.80663E-04   0.27898E-05   0.39177E-05
 9020.11   0.81284E-04   0.28068E-05   0.38927E-05
 9033.72   0.80341E-04   0.28251E-05   0.38679E-05
 9047.32   0.77857E-04   0.28446E-05   0.38435E-05
 9060.93   0.73934E-04   0.28648E-05   0.38197E-05
 9074.53   0.68745E-04   0.28853E-05   0.37963E-05
 9088.14   0.62521E-04   0.29056E-05   0.37734E-05
 9101.74   0.55537E-04   0.29254E-05   0.37509E-05
 9115.35   0.48079E-04   0.29440E-05   0.37286E-05
 9128.95   0.40583E-04   0.29612E-05   0.37074E-05
 9142.56   0.33136E-04   0.29762E-05   0.36853E-05
 9156.16   0.26137E-04   0.29888E-05   0.36634E-05
 9169.77   0.19793E-04   0.29986E-05   0.36414E-05
 9183.37   0.14269E-04   0.30054E-05   0.36192E-05
 9196.98   0.96717E-05   0.30091E-05   0.35969E-05
 9210.58   0.60429E-05   0.30098E-05   0.35746E-05
 9224.19   0.33629E-05   0.30074E-05   0.35523E-05
 9237.79   0.15593E-05   0.30022E-05   0.35301E-05
 9251.40   0.51825E-06   0.29944E-05   0.35083E-05
 9265.00   0.98974E-07   0.29843E-05   0.34868E-05
 9278.61   0.14943E-06   0.29722E-05   0.34656E-05
 9292.21   0.52187E-06   0.29583E-05   0.34447E-05
 9305.82   0.10875E-05   0.29442E-05   0.34257E-05
 9319.42   0.17479E-05   0.29290E-05   0.34069E-05
 9333.03   0.24413E-05   0.29117E-05   0.33868E-05
 9346.63   0.31514E-05   0.28943E-05   0.33672E-05
 9360.24   0.39039E-05   0.28768E-05   0.33477E-05
 9373.84   0.47635E-05   0.28595E-05   0.33282E-05
 9387.45   0.58258E-05   0.28428E-05   0.33086E-05
 9401.05   0.72063E-05   0.28269E-05   0.32888E-05
 9414.66   0.90272E-05   0.28122E-05   0.32688E-05
 9428.26   0.11403E-04   0.27992E-05   0.32488E-05
 9441.87   0.14425E-04   0.27882E-05   0.32288E-05
 9455.47   0.18150E-04   0.27794E-05   0.32088E-05
 9469.08   0.22590E-04   0.27730E-05   0.31888E-05
 9482.68   0.27703E-04   0.27682E-05   0.31677E-05
 9496.29   0.33395E-04   0.27706E-05   0.31516E-05
 9509.89   0.39531E-04   0.27786E-05   0.31386E-05
 9523.50   0.45887E-04   0.27836E-05   0.31191E-05
 9537.10   0.52244E-04   0.27927E-05   0.31011E-05
 9550.71   0.58344E-04   0.28048E-05   0.30835E-05
 9564.31   0.63923E-04   0.28196E-05   0.30661E-05
 9577.92   0.68722E-04   0.28367E-05   0.30487E-05
 9591.52   0.72510E-04   0.28558E-05   0.30312E-05
 9605.13   0.75095E-04   0.28765E-05   0.30136E-05
 9618.73   0.76338E-04   0.28984E-05   0.29957E-05
 9632.34   0.76164E-04   0.29212E-05   0.29776E-05
 9645.94   0.74562E-04   0.29443E-05   0.29593E-05
 9659.55   0.71586E-04   0.29671E-05   0.29403E-05
 9673.15   0.67324E-04   0.29866E-05   0.29182E-05
 9686.76   0.62136E-04   0.30137E-05   0.29042E-05
 9700.36   0.56207E-04   0.30483E-05   0.28980E-05
 9713.97   0.49519E-04   0.30680E-05   0.28788E-05
 9727.57   0.42559E-04   0.30881E-05   0.28617E-05
 9741.18   0.35582E-04   0.31071E-05   0.28454E-05
 9754.78   0.28841E-04   0.31242E-05   0.28296E-05
 9768.39   0.22560E-04   0.31391E-05   0.28140E-05
 9781.99   0.16924E-04   0.31513E-05   0.27984E-05
 9795.60   0.12065E-04   0.31607E-05   0.27828E-05
 9809.20   0.80618E-05   0.31669E-05   0.27671E-05
 9822.81   0.49377E-05   0.31697E-05   0.27511E-05
 9836.41   0.26632E-05   0.31692E-05   0.27346E-05
 9850.02   0.11636E-05   0.31647E-05   0.27172E-05
 9863.62   0.32918E-06   0.31532E-05   0.26962E-05
 9877.23   0.28230E-07   0.31480E-05   0.26826E-05
 9890.83   0.11770E-06   0.31547E-05   0.26811E-05
 9904.44   0.46080E-06   0.31394E-05   0.26624E-05
 9918.04   0.93618E-06   0.31252E-05   0.26460E-05
 9931.65   0.14494E-05   0.31108E-05   0.26306E-05
 9945.25   0.19401E-05   0.30962E-05   0.26158E-05
 9958.86   0.23866E-05   0.30816E-05   0.26014E-05
 9972.46   0.28057E-05   0.30672E-05   0.25872E-05
 9986.07   0.32505E-05   0.30533E-05   0.25733E-05
 9999.67   0.38041E-05   0.30400E-05   0.25594E-05
