 4299.18   0.30389E-01   0.30133E-01   0.29958E-01
 4312.78   0.30288E-01   0.30036E-01   0.29861E-01
 4326.39   0.30182E-01   0.29934E-01   0.29759E-01
 4339.99   0.30078E-01   0.29833E-01   0.29658E-01
 4353.60   0.29974E-01   0.29733E-01   0.29558E-01
 4367.20   0.29870E-01   0.29632E-01   0.29457E-01
 4380.81   0.29765E-01   0.29531E-01   0.29356E-01
 4394.41   0.29659E-01   0.29429E-01   0.29254E-01
 4408.02   0.29553E-01   0.29326E-01   0.29152E-01
 4421.62   0.29444E-01   0.29221E-01   0.29046E-01
 4435.23   0.29369E-01   0.29149E-01   0.28974E-01
 4448.83   0.29254E-01   0.29038E-01   0.28863E-01
 4462.44   0.29152E-01   0.28939E-01   0.28765E-01
 4476.04   0.29053E-01   0.28843E-01   0.28668E-01
 4489.65   0.28954E-01   0.28748E-01   0.28573E-01
 4503.25   0.28855E-01   0.28652E-01   0.28477E-01
 4516.86   0.28755E-01   0.28555E-01   0.28381E-01
 4530.46   0.28654E-01   0.28458E-01   0.28283E-01
 4544.07   0.28550E-01   0.28357E-01   0.28183E-01
 4557.67   0.28447E-01   0.28257E-01   0.28082E-01
 4571.28   0.28372E-01   0.28185E-01   0.28010E-01
 4584.88   0.28268E-01   0.28084E-01   0.27910E-01
 4598.49   0.28170E-01   0.27989E-01   0.27815E-01
 4612.09   0.28074E-01   0.27896E-01   0.27722E-01
 4625.70   0.27980E-01   0.27805E-01   0.27630E-01
 4639.30   0.27886E-01   0.27714E-01   0.27539E-01
 4652.91   0.27791E-01   0.27622E-01   0.27448E-01
 4666.51   0.27695E-01   0.27529E-01   0.27355E-01
 4680.12   0.27594E-01   0.27431E-01   0.27257E-01
 4693.72   0.27485E-01   0.27325E-01   0.27151E-01
 4707.33   0.27425E-01   0.27268E-01   0.27093E-01
 4720.93   0.27327E-01   0.27173E-01   0.26998E-01
 4734.54   0.27233E-01   0.27081E-01   0.26906E-01
 4748.14   0.27140E-01   0.26991E-01   0.26817E-01
 4761.75   0.27050E-01   0.26903E-01   0.26728E-01
 4775.35   0.26960E-01   0.26816E-01   0.26641E-01
 4788.96   0.26871E-01   0.26729E-01   0.26555E-01
 4802.56   0.26781E-01   0.26642E-01   0.26467E-01
 4816.17   0.26685E-01   0.26549E-01   0.26374E-01
 4829.77   0.26624E-01   0.26491E-01   0.26316E-01
 4843.38   0.26522E-01   0.26390E-01   0.26216E-01
 4856.98   0.26430E-01   0.26301E-01   0.26126E-01
 4870.59   0.26339E-01   0.26213E-01   0.26038E-01
 4884.19   0.26250E-01   0.26126E-01   0.25951E-01
 4897.80   0.26162E-01   0.26041E-01   0.25866E-01
 4911.40   0.26076E-01   0.25957E-01   0.25782E-01
 4925.01   0.25991E-01   0.25874E-01   0.25699E-01
 4938.61   0.25906E-01   0.25791E-01   0.25616E-01
 4952.22   0.25820E-01   0.25707E-01   0.25532E-01
 4965.82   0.25746E-01   0.25635E-01   0.25460E-01
 4979.43   0.25658E-01   0.25549E-01   0.25374E-01
 4993.03   0.25572E-01   0.25466E-01   0.25290E-01
 5006.64   0.25486E-01   0.25382E-01   0.25207E-01
 5020.24   0.25401E-01   0.25299E-01   0.25123E-01
 5033.85   0.25316E-01   0.25216E-01   0.25040E-01
 5047.45   0.25232E-01   0.25134E-01   0.24959E-01
 5061.06   0.25150E-01   0.25054E-01   0.24878E-01
 5074.66   0.25069E-01   0.24975E-01   0.24799E-01
 5088.27   0.24989E-01   0.24897E-01   0.24721E-01
 5101.87   0.24910E-01   0.24819E-01   0.24644E-01
 5115.48   0.24830E-01   0.24742E-01   0.24566E-01
 5129.08   0.24751E-01   0.24664E-01   0.24488E-01
 5142.69   0.24671E-01   0.24586E-01   0.24410E-01
 5156.29   0.24590E-01   0.24506E-01   0.24330E-01
 5169.90   0.24509E-01   0.24427E-01   0.24251E-01
 5183.50   0.24428E-01   0.24348E-01   0.24172E-01
 5197.11   0.24347E-01   0.24269E-01   0.24093E-01
 5210.71   0.24268E-01   0.24191E-01   0.24015E-01
 5224.32   0.24189E-01   0.24114E-01   0.23938E-01
 5237.92   0.24114E-01   0.24040E-01   0.23864E-01
 5251.53   0.24041E-01   0.23969E-01   0.23792E-01
 5265.13   0.23965E-01   0.23894E-01   0.23718E-01
 5278.74   0.23890E-01   0.23821E-01   0.23644E-01
 5292.34   0.23814E-01   0.23746E-01   0.23570E-01
 5305.95   0.23738E-01   0.23671E-01   0.23495E-01
 5319.55   0.23661E-01   0.23596E-01   0.23419E-01
 5333.16   0.23583E-01   0.23519E-01   0.23343E-01
 5346.76   0.23505E-01   0.23443E-01   0.23266E-01
 5360.37   0.23426E-01   0.23365E-01   0.23188E-01
 5373.97   0.23352E-01   0.23292E-01   0.23115E-01
 5387.58   0.23291E-01   0.23233E-01   0.23056E-01
 5401.18   0.23215E-01   0.23157E-01   0.22980E-01
 5414.79   0.23142E-01   0.23086E-01   0.22909E-01
 5428.39   0.23070E-01   0.23015E-01   0.22838E-01
 5442.00   0.22999E-01   0.22945E-01   0.22767E-01
 5455.60   0.22927E-01   0.22874E-01   0.22696E-01
 5469.21   0.22854E-01   0.22802E-01   0.22624E-01
 5482.81   0.22780E-01   0.22729E-01   0.22551E-01
 5496.42   0.22704E-01   0.22654E-01   0.22476E-01
 5510.02   0.22618E-01   0.22569E-01   0.22391E-01
 5523.63   0.22595E-01   0.22546E-01   0.22368E-01
 5537.23   0.22503E-01   0.22456E-01   0.22278E-01
 5550.84   0.22430E-01   0.22383E-01   0.22205E-01
 5564.44   0.22359E-01   0.22314E-01   0.22136E-01
 5578.05   0.22291E-01   0.22246E-01   0.22068E-01
 5591.65   0.22223E-01   0.22179E-01   0.22001E-01
 5605.26   0.22155E-01   0.22112E-01   0.21933E-01
 5618.86   0.22086E-01   0.22044E-01   0.21865E-01
 5632.47   0.22016E-01   0.21974E-01   0.21796E-01
 5646.07   0.21942E-01   0.21901E-01   0.21722E-01
 5659.68   0.21868E-01   0.21828E-01   0.21649E-01
 5673.28   0.21832E-01   0.21791E-01   0.21613E-01
 5686.89   0.21753E-01   0.21714E-01   0.21535E-01
 5700.49   0.21683E-01   0.21644E-01   0.21465E-01
 5714.10   0.21615E-01   0.21576E-01   0.21398E-01
 5727.70   0.21549E-01   0.21511E-01   0.21332E-01
 5741.31   0.21484E-01   0.21446E-01   0.21267E-01
 5754.91   0.21419E-01   0.21382E-01   0.21203E-01
 5768.52   0.21355E-01   0.21318E-01   0.21139E-01
 5782.12   0.21290E-01   0.21253E-01   0.21074E-01
 5795.73   0.21219E-01   0.21184E-01   0.21004E-01
 5809.33   0.21146E-01   0.21111E-01   0.20932E-01
 5822.94   0.21110E-01   0.21075E-01   0.20895E-01
 5836.54   0.21040E-01   0.21004E-01   0.20825E-01
 5850.15   0.20972E-01   0.20938E-01   0.20758E-01
 5863.75   0.20907E-01   0.20872E-01   0.20693E-01
 5877.36   0.20843E-01   0.20808E-01   0.20629E-01
 5890.96   0.20780E-01   0.20745E-01   0.20566E-01
 5904.57   0.20718E-01   0.20684E-01   0.20504E-01
 5918.17   0.20657E-01   0.20623E-01   0.20444E-01
 5931.78   0.20597E-01   0.20563E-01   0.20383E-01
 5945.38   0.20534E-01   0.20500E-01   0.20320E-01
 5958.99   0.20466E-01   0.20432E-01   0.20252E-01
 5972.59   0.20422E-01   0.20388E-01   0.20208E-01
 5986.20   0.20359E-01   0.20325E-01   0.20145E-01
 5999.80   0.20296E-01   0.20262E-01   0.20082E-01
 6013.41   0.20233E-01   0.20199E-01   0.20019E-01
 6027.01   0.20171E-01   0.20137E-01   0.19957E-01
 6040.62   0.20110E-01   0.20076E-01   0.19896E-01
 6054.22   0.20050E-01   0.20016E-01   0.19836E-01
 6067.83   0.19991E-01   0.19957E-01   0.19777E-01
 6081.43   0.19934E-01   0.19899E-01   0.19719E-01
 6095.04   0.19877E-01   0.19842E-01   0.19662E-01
 6108.64   0.19818E-01   0.19783E-01   0.19603E-01
 6122.25   0.19765E-01   0.19730E-01   0.19549E-01
 6135.85   0.19708E-01   0.19672E-01   0.19492E-01
 6149.46   0.19650E-01   0.19614E-01   0.19433E-01
 6163.06   0.19591E-01   0.19555E-01   0.19375E-01
 6176.67   0.19532E-01   0.19496E-01   0.19315E-01
 6190.27   0.19473E-01   0.19436E-01   0.19256E-01
 6203.88   0.19415E-01   0.19377E-01   0.19197E-01
 6217.48   0.19357E-01   0.19319E-01   0.19139E-01
 6231.09   0.19301E-01   0.19262E-01   0.19082E-01
 6244.69   0.19245E-01   0.19206E-01   0.19025E-01
 6258.30   0.19192E-01   0.19153E-01   0.18972E-01
 6271.90   0.19139E-01   0.19099E-01   0.18919E-01
 6285.51   0.19086E-01   0.19045E-01   0.18864E-01
 6299.11   0.19032E-01   0.18991E-01   0.18810E-01
 6312.72   0.18978E-01   0.18936E-01   0.18756E-01
 6326.32   0.18923E-01   0.18881E-01   0.18700E-01
 6339.93   0.18868E-01   0.18825E-01   0.18644E-01
 6353.53   0.18811E-01   0.18768E-01   0.18587E-01
 6367.14   0.18755E-01   0.18711E-01   0.18530E-01
 6380.74   0.18699E-01   0.18654E-01   0.18473E-01
 6394.35   0.18642E-01   0.18596E-01   0.18415E-01
 6407.95   0.18591E-01   0.18544E-01   0.18363E-01
 6421.56   0.18550E-01   0.18503E-01   0.18322E-01
 6435.16   0.18494E-01   0.18446E-01   0.18265E-01
 6448.77   0.18442E-01   0.18393E-01   0.18212E-01
 6462.37   0.18391E-01   0.18341E-01   0.18160E-01
 6475.98   0.18340E-01   0.18290E-01   0.18109E-01
 6489.58   0.18289E-01   0.18237E-01   0.18056E-01
 6503.19   0.18237E-01   0.18184E-01   0.18003E-01
 6516.79   0.18183E-01   0.18130E-01   0.17949E-01
 6530.40   0.18129E-01   0.18075E-01   0.17894E-01
 6544.00   0.18073E-01   0.18018E-01   0.17837E-01
 6557.61   0.18009E-01   0.17953E-01   0.17772E-01
 6571.21   0.17955E-01   0.17898E-01   0.17717E-01
 6584.82   0.17936E-01   0.17878E-01   0.17697E-01
 6598.42   0.17882E-01   0.17822E-01   0.17641E-01
 6612.03   0.17831E-01   0.17771E-01   0.17590E-01
 6625.63   0.17782E-01   0.17721E-01   0.17540E-01
 6639.24   0.17734E-01   0.17672E-01   0.17491E-01
 6652.84   0.17686E-01   0.17622E-01   0.17441E-01
 6666.45   0.17637E-01   0.17572E-01   0.17391E-01
 6680.05   0.17587E-01   0.17521E-01   0.17340E-01
 6693.66   0.17535E-01   0.17468E-01   0.17287E-01
 6707.26   0.17479E-01   0.17411E-01   0.17230E-01
 6720.87   0.17427E-01   0.17358E-01   0.17177E-01
 6734.47   0.17416E-01   0.17345E-01   0.17164E-01
 6748.08   0.17353E-01   0.17281E-01   0.17100E-01
 6761.68   0.17301E-01   0.17227E-01   0.17046E-01
 6775.29   0.17251E-01   0.17177E-01   0.16996E-01
 6788.89   0.17204E-01   0.17128E-01   0.16947E-01
 6802.50   0.17158E-01   0.17081E-01   0.16900E-01
 6816.10   0.17112E-01   0.17034E-01   0.16853E-01
 6829.71   0.17067E-01   0.16987E-01   0.16806E-01
 6843.31   0.17021E-01   0.16939E-01   0.16758E-01
 6856.92   0.16972E-01   0.16889E-01   0.16709E-01
 6870.52   0.16918E-01   0.16834E-01   0.16653E-01
 6884.13   0.16865E-01   0.16779E-01   0.16599E-01
 6897.73   0.16854E-01   0.16767E-01   0.16586E-01
 6911.34   0.16799E-01   0.16710E-01   0.16530E-01
 6924.94   0.16749E-01   0.16659E-01   0.16479E-01
 6938.55   0.16701E-01   0.16610E-01   0.16429E-01
 6952.15   0.16655E-01   0.16562E-01   0.16382E-01
 6965.76   0.16610E-01   0.16515E-01   0.16335E-01
 6979.36   0.16566E-01   0.16470E-01   0.16290E-01
 6992.97   0.16523E-01   0.16425E-01   0.16245E-01
 7006.57   0.16480E-01   0.16381E-01   0.16201E-01
 7020.18   0.16437E-01   0.16336E-01   0.16156E-01
 7033.78   0.16388E-01   0.16285E-01   0.16106E-01
 7047.39   0.16337E-01   0.16233E-01   0.16053E-01
 7060.99   0.16319E-01   0.16213E-01   0.16033E-01
 7074.60   0.16271E-01   0.16163E-01   0.15984E-01
 7088.20   0.16225E-01   0.16115E-01   0.15936E-01
 7101.81   0.16179E-01   0.16068E-01   0.15889E-01
 7115.41   0.16134E-01   0.16021E-01   0.15842E-01
 7129.02   0.16090E-01   0.15975E-01   0.15796E-01
 7142.62   0.16047E-01   0.15931E-01   0.15752E-01
 7156.23   0.16005E-01   0.15887E-01   0.15708E-01
 7169.83   0.15965E-01   0.15845E-01   0.15666E-01
 7183.44   0.15924E-01   0.15803E-01   0.15624E-01
 7197.04   0.15883E-01   0.15760E-01   0.15581E-01
 7210.65   0.15840E-01   0.15714E-01   0.15536E-01
 7224.25   0.15808E-01   0.15681E-01   0.15502E-01
 7237.86   0.15767E-01   0.15638E-01   0.15459E-01
 7251.46   0.15725E-01   0.15594E-01   0.15415E-01
 7265.07   0.15682E-01   0.15550E-01   0.15371E-01
 7278.67   0.15639E-01   0.15505E-01   0.15327E-01
 7292.28   0.15597E-01   0.15460E-01   0.15282E-01
 7305.88   0.15554E-01   0.15416E-01   0.15238E-01
 7319.49   0.15513E-01   0.15373E-01   0.15195E-01
 7333.09   0.15473E-01   0.15330E-01   0.15153E-01
 7346.70   0.15434E-01   0.15289E-01   0.15112E-01
 7360.30   0.15395E-01   0.15249E-01   0.15072E-01
 7373.91   0.15359E-01   0.15210E-01   0.15033E-01
 7387.51   0.15321E-01   0.15171E-01   0.14994E-01
 7401.12   0.15284E-01   0.15132E-01   0.14954E-01
 7414.72   0.15246E-01   0.15092E-01   0.14915E-01
 7428.33   0.15208E-01   0.15051E-01   0.14874E-01
 7441.93   0.15168E-01   0.15010E-01   0.14833E-01
 7455.54   0.15128E-01   0.14968E-01   0.14791E-01
 7469.14   0.15087E-01   0.14925E-01   0.14748E-01
 7482.75   0.15047E-01   0.14882E-01   0.14706E-01
 7496.35   0.15006E-01   0.14840E-01   0.14663E-01
 7509.96   0.14966E-01   0.14797E-01   0.14621E-01
 7523.56   0.14926E-01   0.14755E-01   0.14579E-01
 7537.17   0.14892E-01   0.14719E-01   0.14543E-01
 7550.77   0.14863E-01   0.14688E-01   0.14512E-01
 7564.38   0.14825E-01   0.14647E-01   0.14472E-01
 7577.98   0.14789E-01   0.14609E-01   0.14434E-01
 7591.59   0.14753E-01   0.14571E-01   0.14396E-01
 7605.19   0.14717E-01   0.14533E-01   0.14358E-01
 7618.80   0.14681E-01   0.14494E-01   0.14319E-01
 7632.40   0.14643E-01   0.14455E-01   0.14280E-01
 7646.01   0.14605E-01   0.14414E-01   0.14239E-01
 7659.61   0.14566E-01   0.14373E-01   0.14198E-01
 7673.22   0.14525E-01   0.14330E-01   0.14156E-01
 7686.82   0.14484E-01   0.14286E-01   0.14112E-01
 7700.43   0.14429E-01   0.14229E-01   0.14056E-01
 7714.03   0.14448E-01   0.14245E-01   0.14071E-01
 7727.64   0.14393E-01   0.14188E-01   0.14014E-01
 7741.24   0.14354E-01   0.14148E-01   0.13974E-01
 7754.85   0.14319E-01   0.14110E-01   0.13937E-01
 7768.45   0.14285E-01   0.14074E-01   0.13901E-01
 7782.06   0.14252E-01   0.14038E-01   0.13865E-01
 7795.66   0.14218E-01   0.14001E-01   0.13829E-01
 7809.27   0.14183E-01   0.13964E-01   0.13792E-01
 7822.87   0.14147E-01   0.13926E-01   0.13754E-01
 7836.48   0.14110E-01   0.13886E-01   0.13714E-01
 7850.08   0.14070E-01   0.13844E-01   0.13673E-01
 7863.69   0.14023E-01   0.13796E-01   0.13624E-01
 7877.29   0.13988E-01   0.13758E-01   0.13587E-01
 7890.90   0.13993E-01   0.13760E-01   0.13588E-01
 7904.50   0.13947E-01   0.13711E-01   0.13540E-01
 7918.11   0.13909E-01   0.13671E-01   0.13500E-01
 7931.71   0.13874E-01   0.13634E-01   0.13463E-01
 7945.32   0.13841E-01   0.13598E-01   0.13428E-01
 7958.92   0.13809E-01   0.13564E-01   0.13393E-01
 7972.53   0.13777E-01   0.13529E-01   0.13359E-01
 7986.13   0.13745E-01   0.13495E-01   0.13325E-01
 7999.74   0.13712E-01   0.13459E-01   0.13290E-01
 8013.34   0.13677E-01   0.13422E-01   0.13253E-01
 8026.95   0.13639E-01   0.13382E-01   0.13213E-01
 8040.55   0.13587E-01   0.13328E-01   0.13159E-01
 8054.16   0.13550E-01   0.13288E-01   0.13120E-01
 8067.76   0.13565E-01   0.13300E-01   0.13131E-01
 8081.37   0.13523E-01   0.13256E-01   0.13087E-01
 8094.97   0.13487E-01   0.13217E-01   0.13048E-01
 8108.58   0.13452E-01   0.13180E-01   0.13012E-01
 8122.18   0.13419E-01   0.13144E-01   0.12977E-01
 8135.79   0.13388E-01   0.13110E-01   0.12943E-01
 8149.39   0.13357E-01   0.13077E-01   0.12910E-01
 8163.00   0.13327E-01   0.13044E-01   0.12877E-01
 8176.60   0.13297E-01   0.13011E-01   0.12845E-01
 8190.21   0.13266E-01   0.12978E-01   0.12811E-01
 8203.81   0.13232E-01   0.12941E-01   0.12775E-01
 8217.42   0.13181E-01   0.12888E-01   0.12722E-01
 8231.02   0.13210E-01   0.12913E-01   0.12747E-01
 8244.63   0.13157E-01   0.12858E-01   0.12693E-01
 8258.23   0.13120E-01   0.12819E-01   0.12654E-01
 8271.84   0.13085E-01   0.12782E-01   0.12617E-01
 8285.44   0.13052E-01   0.12746E-01   0.12581E-01
 8299.05   0.13019E-01   0.12711E-01   0.12546E-01
 8312.65   0.12988E-01   0.12677E-01   0.12513E-01
 8326.26   0.12958E-01   0.12644E-01   0.12480E-01
 8339.86   0.12928E-01   0.12612E-01   0.12448E-01
 8353.47   0.12900E-01   0.12581E-01   0.12418E-01
 8367.07   0.12872E-01   0.12550E-01   0.12387E-01
 8380.68   0.12843E-01   0.12518E-01   0.12356E-01
 8394.28   0.12806E-01   0.12479E-01   0.12316E-01
 8407.89   0.12802E-01   0.12471E-01   0.12309E-01
 8421.49   0.12766E-01   0.12433E-01   0.12271E-01
 8435.10   0.12735E-01   0.12399E-01   0.12237E-01
 8448.70   0.12703E-01   0.12365E-01   0.12204E-01
 8462.31   0.12672E-01   0.12331E-01   0.12170E-01
 8475.91   0.12640E-01   0.12297E-01   0.12136E-01
 8489.52   0.12609E-01   0.12263E-01   0.12103E-01
 8503.12   0.12579E-01   0.12230E-01   0.12070E-01
 8516.73   0.12549E-01   0.12198E-01   0.12038E-01
 8530.33   0.12521E-01   0.12167E-01   0.12008E-01
 8543.94   0.12494E-01   0.12137E-01   0.11978E-01
 8557.54   0.12467E-01   0.12108E-01   0.11949E-01
 8571.15   0.12441E-01   0.12079E-01   0.11920E-01
 8584.75   0.12417E-01   0.12052E-01   0.11894E-01
 8598.36   0.12391E-01   0.12023E-01   0.11865E-01
 8611.96   0.12364E-01   0.11993E-01   0.11836E-01
 8625.57   0.12337E-01   0.11963E-01   0.11806E-01
 8639.17   0.12308E-01   0.11932E-01   0.11775E-01
 8652.78   0.12279E-01   0.11901E-01   0.11744E-01
 8666.38   0.12250E-01   0.11868E-01   0.11712E-01
 8679.99   0.12220E-01   0.11836E-01   0.11680E-01
 8693.59   0.12190E-01   0.11804E-01   0.11648E-01
 8707.20   0.12161E-01   0.11772E-01   0.11617E-01
 8720.80   0.12133E-01   0.11741E-01   0.11586E-01
 8734.41   0.12106E-01   0.11711E-01   0.11556E-01
 8748.01   0.12077E-01   0.11680E-01   0.11526E-01
 8761.62   0.12057E-01   0.11656E-01   0.11502E-01
 8775.22   0.12034E-01   0.11631E-01   0.11477E-01
 8788.83   0.12009E-01   0.11603E-01   0.11450E-01
 8802.43   0.11985E-01   0.11575E-01   0.11423E-01
 8816.04   0.11959E-01   0.11548E-01   0.11395E-01
 8829.64   0.11934E-01   0.11519E-01   0.11367E-01
 8843.25   0.11907E-01   0.11489E-01   0.11338E-01
 8856.85   0.11879E-01   0.11459E-01   0.11308E-01
 8870.46   0.11851E-01   0.11428E-01   0.11277E-01
 8884.06   0.11822E-01   0.11396E-01   0.11246E-01
 8897.67   0.11793E-01   0.11364E-01   0.11214E-01
 8911.27   0.11763E-01   0.11332E-01   0.11182E-01
 8924.88   0.11730E-01   0.11297E-01   0.11147E-01
 8938.48   0.11710E-01   0.11274E-01   0.11125E-01
 8952.09   0.11704E-01   0.11264E-01   0.11116E-01
 8965.69   0.11674E-01   0.11231E-01   0.11083E-01
 8979.30   0.11648E-01   0.11203E-01   0.11055E-01
 8992.90   0.11624E-01   0.11176E-01   0.11029E-01
 9006.51   0.11601E-01   0.11150E-01   0.11003E-01
 9020.11   0.11577E-01   0.11123E-01   0.10976E-01
 9033.72   0.11552E-01   0.11096E-01   0.10949E-01
 9047.32   0.11527E-01   0.11068E-01   0.10921E-01
 9060.93   0.11500E-01   0.11038E-01   0.10893E-01
 9074.53   0.11472E-01   0.11008E-01   0.10862E-01
 9088.14   0.11443E-01   0.10976E-01   0.10831E-01
 9101.74   0.11410E-01   0.10940E-01   0.10796E-01
 9115.35   0.11354E-01   0.10883E-01   0.10740E-01
 9128.95   0.11421E-01   0.10944E-01   0.10799E-01
 9142.56   0.11362E-01   0.10883E-01   0.10740E-01
 9156.16   0.11332E-01   0.10850E-01   0.10707E-01
 9169.77   0.11306E-01   0.10822E-01   0.10679E-01
 9183.37   0.11282E-01   0.10795E-01   0.10653E-01
 9196.98   0.11259E-01   0.10769E-01   0.10627E-01
 9210.58   0.11237E-01   0.10744E-01   0.10603E-01
 9224.19   0.11214E-01   0.10719E-01   0.10578E-01
 9237.79   0.11191E-01   0.10693E-01   0.10552E-01
 9251.40   0.11167E-01   0.10666E-01   0.10525E-01
 9265.00   0.11141E-01   0.10637E-01   0.10497E-01
 9278.61   0.11112E-01   0.10605E-01   0.10466E-01
 9292.21   0.11075E-01   0.10567E-01   0.10428E-01
 9305.82   0.11052E-01   0.10541E-01   0.10402E-01
 9319.42   0.11081E-01   0.10564E-01   0.10426E-01
 9333.03   0.11037E-01   0.10519E-01   0.10381E-01
 9346.63   0.11007E-01   0.10487E-01   0.10349E-01
 9360.24   0.10981E-01   0.10458E-01   0.10321E-01
 9373.84   0.10957E-01   0.10431E-01   0.10294E-01
 9387.45   0.10934E-01   0.10405E-01   0.10269E-01
 9401.05   0.10912E-01   0.10380E-01   0.10245E-01
 9414.66   0.10891E-01   0.10356E-01   0.10221E-01
 9428.26   0.10869E-01   0.10332E-01   0.10198E-01
 9441.87   0.10848E-01   0.10308E-01   0.10173E-01
 9455.47   0.10825E-01   0.10282E-01   0.10148E-01
 9469.08   0.10798E-01   0.10253E-01   0.10120E-01
 9482.68   0.10762E-01   0.10215E-01   0.10082E-01
 9496.29   0.10738E-01   0.10188E-01   0.10056E-01
 9509.89   0.10762E-01   0.10207E-01   0.10074E-01
 9523.50   0.10727E-01   0.10170E-01   0.10038E-01
 9537.10   0.10699E-01   0.10139E-01   0.10008E-01
 9550.71   0.10673E-01   0.10111E-01   0.99799E-02
 9564.31   0.10648E-01   0.10083E-01   0.99531E-02
 9577.92   0.10625E-01   0.10057E-01   0.99276E-02
 9591.52   0.10603E-01   0.10033E-01   0.99033E-02
 9605.13   0.10582E-01   0.10009E-01   0.98800E-02
 9618.73   0.10561E-01   0.99857E-02   0.98574E-02
 9632.34   0.10541E-01   0.99630E-02   0.98351E-02
 9645.94   0.10521E-01   0.99400E-02   0.98125E-02
 9659.55   0.10499E-01   0.99155E-02   0.97885E-02
 9673.15   0.10471E-01   0.98845E-02   0.97580E-02
 9686.76   0.10446E-01   0.98578E-02   0.97318E-02
 9700.36   0.10455E-01   0.98621E-02   0.97363E-02
 9713.97   0.10428E-01   0.98327E-02   0.97074E-02
 9727.57   0.10403E-01   0.98054E-02   0.96806E-02
 9741.18   0.10379E-01   0.97785E-02   0.96542E-02
 9754.78   0.10355E-01   0.97520E-02   0.96282E-02
 9768.39   0.10331E-01   0.97259E-02   0.96027E-02
 9781.99   0.10309E-01   0.97007E-02   0.95780E-02
 9795.60   0.10287E-01   0.96764E-02   0.95542E-02
 9809.20   0.10266E-01   0.96531E-02   0.95314E-02
 9822.81   0.10247E-01   0.96308E-02   0.95095E-02
 9836.41   0.10228E-01   0.96092E-02   0.94884E-02
 9850.02   0.10209E-01   0.95879E-02   0.94675E-02
 9863.62   0.10190E-01   0.95655E-02   0.94457E-02
 9877.23   0.10169E-01   0.95418E-02   0.94224E-02
 9890.83   0.10159E-01   0.95289E-02   0.94099E-02
 9904.44   0.10139E-01   0.95059E-02   0.93874E-02
 9918.04   0.10118E-01   0.94827E-02   0.93648E-02
 9931.65   0.10097E-01   0.94589E-02   0.93414E-02
 9945.25   0.10075E-01   0.94344E-02   0.93175E-02
 9958.86   0.10053E-01   0.94096E-02   0.92931E-02
 9972.46   0.10030E-01   0.93846E-02   0.92687E-02
 9986.07   0.10008E-01   0.93599E-02   0.92446E-02
 9999.67   0.99862E-02   0.93358E-02   0.92210E-02
