   54.42   0.45896E+00   0.45867E+00   0.37395E+00
   68.02   0.37103E+00   0.37025E+00   0.30602E+00
   81.63   0.32278E+00   0.32176E+00   0.27187E+00
   95.23   0.29277E+00   0.29166E+00   0.25214E+00
  108.84   0.27135E+00   0.27024E+00   0.23848E+00
  122.44   0.25428E+00   0.25320E+00   0.22742E+00
  136.05   0.23985E+00   0.23883E+00   0.21770E+00
  149.65   0.22720E+00   0.22626E+00   0.20880E+00
  163.26   0.21573E+00   0.21487E+00   0.20033E+00
  176.86   0.20523E+00   0.20446E+00   0.19227E+00
  190.47   0.19548E+00   0.19479E+00   0.18451E+00
  204.07   0.18645E+00   0.18584E+00   0.17713E+00
  217.68   0.17799E+00   0.17747E+00   0.17006E+00
  231.28   0.17010E+00   0.16966E+00   0.16334E+00
  244.89   0.16267E+00   0.16230E+00   0.15690E+00
  258.49   0.15570E+00   0.15539E+00   0.15078E+00
  272.10   0.14910E+00   0.14886E+00   0.14490E+00
  285.70   0.14290E+00   0.14273E+00   0.13933E+00
  299.31   0.13708E+00   0.13696E+00   0.13405E+00
  312.91   0.13156E+00   0.13149E+00   0.12900E+00
  326.52   0.12640E+00   0.12638E+00   0.12425E+00
  340.12   0.12153E+00   0.12156E+00   0.11974E+00
  353.73   0.11694E+00   0.11702E+00   0.11547E+00
  367.33   0.11262E+00   0.11274E+00   0.11143E+00
  380.94   0.10851E+00   0.10866E+00   0.10756E+00
  394.54   0.10461E+00   0.10481E+00   0.10389E+00
  408.15   0.10094E+00   0.10117E+00   0.10041E+00
  421.75   0.97411E-01   0.97669E-01   0.97054E-01
  435.36   0.94084E-01   0.94372E-01   0.93882E-01
  448.96   0.90933E-01   0.91250E-01   0.90869E-01
  462.57   0.87921E-01   0.88264E-01   0.87981E-01
  476.17   0.85077E-01   0.85446E-01   0.85249E-01
  489.78   0.82370E-01   0.82763E-01   0.82642E-01
  503.38   0.79788E-01   0.80203E-01   0.80149E-01
  516.99   0.77335E-01   0.77771E-01   0.77778E-01
  530.59   0.74994E-01   0.75451E-01   0.75510E-01
  544.20   0.72747E-01   0.73223E-01   0.73329E-01
  557.80   0.70603E-01   0.71096E-01   0.71244E-01
  571.41   0.68556E-01   0.69066E-01   0.69251E-01
  585.01   0.66587E-01   0.67112E-01   0.67329E-01
  598.62   0.64709E-01   0.65249E-01   0.65495E-01
  612.22   0.62910E-01   0.63464E-01   0.63734E-01
  625.83   0.61201E-01   0.61769E-01   0.62062E-01
  639.43   0.59535E-01   0.60116E-01   0.60428E-01
  653.04   0.57953E-01   0.58546E-01   0.58875E-01
  666.64   0.56436E-01   0.57039E-01   0.57383E-01
  680.25   0.54969E-01   0.55583E-01   0.55939E-01
  693.85   0.53576E-01   0.54200E-01   0.54568E-01
  707.46   0.52229E-01   0.52862E-01   0.53239E-01
  721.06   0.50930E-01   0.51572E-01   0.51956E-01
  734.67   0.49675E-01   0.50326E-01   0.50716E-01
  748.27   0.48472E-01   0.49130E-01   0.49527E-01
  761.88   0.47310E-01   0.47976E-01   0.48376E-01
  775.48   0.46188E-01   0.46861E-01   0.47264E-01
  789.09   0.45104E-01   0.45784E-01   0.46189E-01
  802.69   0.44062E-01   0.44747E-01   0.45154E-01
  816.30   0.43057E-01   0.43748E-01   0.44156E-01
  829.90   0.42085E-01   0.42782E-01   0.43190E-01
  843.51   0.41145E-01   0.41847E-01   0.42255E-01
  857.11   0.40238E-01   0.40945E-01   0.41351E-01
  870.72   0.39362E-01   0.40073E-01   0.40479E-01
  884.32   0.38516E-01   0.39232E-01   0.39635E-01
  897.93   0.37693E-01   0.38412E-01   0.38813E-01
  911.53   0.36898E-01   0.37621E-01   0.38019E-01
  925.14   0.36127E-01   0.36853E-01   0.37249E-01
  938.74   0.35381E-01   0.36111E-01   0.36503E-01
  952.35   0.34662E-01   0.35394E-01   0.35783E-01
  965.95   0.33954E-01   0.34688E-01   0.35074E-01
  979.56   0.33272E-01   0.34009E-01   0.34390E-01
  993.16   0.32611E-01   0.33350E-01   0.33727E-01
 1006.77   0.31972E-01   0.32713E-01   0.33086E-01
 1020.37   0.31345E-01   0.32088E-01   0.32457E-01
 1033.98   0.30743E-01   0.31487E-01   0.31851E-01
 1047.58   0.30156E-01   0.30902E-01   0.31261E-01
 1061.19   0.29586E-01   0.30333E-01   0.30688E-01
 1074.79   0.29035E-01   0.29783E-01   0.30133E-01
 1088.40   0.28493E-01   0.29242E-01   0.29588E-01
 1102.00   0.27971E-01   0.28721E-01   0.29061E-01
 1115.61   0.27462E-01   0.28212E-01   0.28547E-01
 1129.21   0.26965E-01   0.27716E-01   0.28047E-01
 1142.82   0.26481E-01   0.27232E-01   0.27558E-01
 1156.42   0.26012E-01   0.26763E-01   0.27083E-01
 1170.03   0.25554E-01   0.26306E-01   0.26621E-01
 1183.63   0.25108E-01   0.25860E-01   0.26170E-01
 1197.24   0.24673E-01   0.25425E-01   0.25730E-01
 1210.84   0.24248E-01   0.25000E-01   0.25300E-01
 1224.45   0.23835E-01   0.24586E-01   0.24881E-01
 1238.05   0.23433E-01   0.24183E-01   0.24473E-01
 1251.66   0.23041E-01   0.23791E-01   0.24075E-01
 1265.26   0.22658E-01   0.23408E-01   0.23687E-01
 1278.87   0.22284E-01   0.23033E-01   0.23307E-01
 1292.47   0.21920E-01   0.22667E-01   0.22937E-01
 1306.08   0.21564E-01   0.22311E-01   0.22576E-01
 1319.68   0.21218E-01   0.21964E-01   0.22223E-01
 1333.29   0.20880E-01   0.21625E-01   0.21879E-01
 1346.89   0.20548E-01   0.21291E-01   0.21541E-01
 1360.50   0.20226E-01   0.20967E-01   0.21212E-01
 1374.10   0.19910E-01   0.20650E-01   0.20890E-01
 1387.71   0.19601E-01   0.20340E-01   0.20575E-01
 1401.31   0.19300E-01   0.20037E-01   0.20268E-01
 1414.92   0.19006E-01   0.19742E-01   0.19968E-01
 1428.52   0.18716E-01   0.19450E-01   0.19671E-01
 1442.13   0.18434E-01   0.19166E-01   0.19383E-01
 1455.73   0.18158E-01   0.18888E-01   0.19100E-01
 1469.34   0.17888E-01   0.18617E-01   0.18824E-01
 1482.94   0.17625E-01   0.18352E-01   0.18555E-01
 1496.55   0.17365E-01   0.18090E-01   0.18288E-01
 1510.15   0.17113E-01   0.17836E-01   0.18030E-01
 1523.76   0.16866E-01   0.17587E-01   0.17776E-01
 1537.36   0.16624E-01   0.17342E-01   0.17528E-01
 1550.97   0.16387E-01   0.17103E-01   0.17285E-01
 1564.57   0.16157E-01   0.16870E-01   0.17047E-01
 1578.18   0.15928E-01   0.16640E-01   0.16812E-01
 1591.78   0.15706E-01   0.16415E-01   0.16584E-01
 1605.39   0.15489E-01   0.16195E-01   0.16360E-01
 1618.99   0.15275E-01   0.15979E-01   0.16140E-01
 1632.60   0.15066E-01   0.15767E-01   0.15924E-01
 1646.20   0.14860E-01   0.15559E-01   0.15712E-01
 1659.81   0.14659E-01   0.15356E-01   0.15505E-01
 1673.41   0.14462E-01   0.15156E-01   0.15301E-01
 1687.02   0.14269E-01   0.14960E-01   0.15102E-01
 1700.62   0.14080E-01   0.14768E-01   0.14906E-01
 1714.23   0.13894E-01   0.14579E-01   0.14713E-01
 1727.83   0.13711E-01   0.14394E-01   0.14524E-01
 1741.44   0.13532E-01   0.14212E-01   0.14339E-01
 1755.04   0.13357E-01   0.14034E-01   0.14157E-01
 1768.65   0.13184E-01   0.13859E-01   0.13979E-01
 1782.25   0.13016E-01   0.13688E-01   0.13804E-01
 1795.86   0.12850E-01   0.13519E-01   0.13632E-01
 1809.46   0.12687E-01   0.13353E-01   0.13463E-01
 1823.07   0.12527E-01   0.13191E-01   0.13297E-01
 1836.67   0.12370E-01   0.13031E-01   0.13134E-01
 1850.28   0.12217E-01   0.12874E-01   0.12974E-01
 1863.88   0.12066E-01   0.12721E-01   0.12817E-01
 1877.49   0.11917E-01   0.12570E-01   0.12663E-01
 1891.09   0.11771E-01   0.12420E-01   0.12511E-01
 1904.70   0.11628E-01   0.12274E-01   0.12362E-01
 1918.30   0.11487E-01   0.12131E-01   0.12215E-01
 1931.91   0.11349E-01   0.11990E-01   0.12071E-01
 1945.51   0.11213E-01   0.11851E-01   0.11929E-01
 1959.12   0.11080E-01   0.11715E-01   0.11790E-01
 1972.72   0.10948E-01   0.11580E-01   0.11652E-01
 1986.33   0.10820E-01   0.11448E-01   0.11518E-01
 1999.93   0.10693E-01   0.11318E-01   0.11385E-01
 2013.54   0.10568E-01   0.11191E-01   0.11255E-01
 2027.14   0.10446E-01   0.11065E-01   0.11126E-01
 2040.75   0.10325E-01   0.10942E-01   0.11000E-01
 2054.35   0.10207E-01   0.10820E-01   0.10876E-01
 2067.96   0.10090E-01   0.10700E-01   0.10754E-01
 2081.56   0.99761E-02   0.10583E-01   0.10634E-01
 2095.17   0.98636E-02   0.10467E-01   0.10516E-01
 2108.77   0.97529E-02   0.10353E-01   0.10399E-01
 2122.38   0.96440E-02   0.10241E-01   0.10285E-01
 2135.98   0.95370E-02   0.10131E-01   0.10172E-01
 2149.59   0.94315E-02   0.10022E-01   0.10061E-01
 2163.19   0.93280E-02   0.99158E-02   0.99520E-02
 2176.80   0.92261E-02   0.98107E-02   0.98446E-02
 2190.40   0.91258E-02   0.97072E-02   0.97388E-02
 2204.01   0.90270E-02   0.96052E-02   0.96346E-02
 2217.61   0.89298E-02   0.95047E-02   0.95319E-02
 2231.22   0.88341E-02   0.94058E-02   0.94308E-02
 2244.82   0.87398E-02   0.93083E-02   0.93311E-02
 2258.43   0.86470E-02   0.92124E-02   0.92330E-02
 2272.03   0.85557E-02   0.91178E-02   0.91364E-02
 2285.64   0.84658E-02   0.90246E-02   0.90411E-02
 2299.24   0.83772E-02   0.89328E-02   0.89473E-02
 2312.85   0.82900E-02   0.88423E-02   0.88548E-02
 2326.45   0.82042E-02   0.87532E-02   0.87636E-02
 2340.06   0.81196E-02   0.86653E-02   0.86738E-02
 2353.66   0.80363E-02   0.85787E-02   0.85853E-02
 2367.27   0.79543E-02   0.84934E-02   0.84981E-02
 2380.87   0.78735E-02   0.84093E-02   0.84122E-02
 2394.48   0.77940E-02   0.83265E-02   0.83275E-02
 2408.08   0.77156E-02   0.82448E-02   0.82440E-02
 2421.69   0.76384E-02   0.81642E-02   0.81617E-02
 2435.29   0.75623E-02   0.80849E-02   0.80806E-02
 2448.90   0.74874E-02   0.80066E-02   0.80006E-02
 2462.50   0.74136E-02   0.79295E-02   0.79217E-02
 2476.11   0.73408E-02   0.78534E-02   0.78440E-02
 2489.71   0.72690E-02   0.77783E-02   0.77673E-02
 2503.32   0.71983E-02   0.77043E-02   0.76916E-02
 2516.92   0.71285E-02   0.76312E-02   0.76169E-02
 2530.53   0.70600E-02   0.75594E-02   0.75435E-02
 2544.13   0.69923E-02   0.74883E-02   0.74709E-02
 2557.74   0.69256E-02   0.74183E-02   0.73993E-02
 2571.34   0.68598E-02   0.73491E-02   0.73287E-02
 2584.95   0.67949E-02   0.72809E-02   0.72590E-02
 2598.55   0.67308E-02   0.72135E-02   0.71901E-02
 2612.16   0.66676E-02   0.71469E-02   0.71221E-02
 2625.76   0.66056E-02   0.70816E-02   0.70554E-02
 2639.37   0.65442E-02   0.70168E-02   0.69892E-02
 2652.97   0.64836E-02   0.69530E-02   0.69240E-02
 2666.58   0.64239E-02   0.68900E-02   0.68596E-02
 2680.18   0.63650E-02   0.68278E-02   0.67961E-02
 2693.79   0.63069E-02   0.67663E-02   0.67334E-02
 2707.39   0.62494E-02   0.67055E-02   0.66713E-02
 2721.00   0.61933E-02   0.66462E-02   0.66107E-02
 2734.60   0.61374E-02   0.65869E-02   0.65502E-02
 2748.21   0.60823E-02   0.65286E-02   0.64907E-02
 2761.81   0.60281E-02   0.64710E-02   0.64319E-02
 2775.42   0.59746E-02   0.64142E-02   0.63739E-02
 2789.02   0.59218E-02   0.63581E-02   0.63167E-02
 2802.63   0.58696E-02   0.63027E-02   0.62601E-02
 2816.23   0.58181E-02   0.62479E-02   0.62042E-02
 2829.84   0.57676E-02   0.61942E-02   0.61494E-02
 2843.44   0.57175E-02   0.61407E-02   0.60948E-02
 2857.05   0.56680E-02   0.60879E-02   0.60410E-02
 2870.65   0.56191E-02   0.60358E-02   0.59878E-02
 2884.26   0.55709E-02   0.59844E-02   0.59354E-02
 2897.86   0.55234E-02   0.59336E-02   0.58836E-02
 2911.47   0.54764E-02   0.58834E-02   0.58324E-02
 2925.07   0.54302E-02   0.58340E-02   0.57820E-02
 2938.68   0.53844E-02   0.57849E-02   0.57319E-02
 2952.28   0.53391E-02   0.57364E-02   0.56825E-02
 2965.89   0.52944E-02   0.56885E-02   0.56336E-02
 2979.49   0.52503E-02   0.56411E-02   0.55854E-02
 2993.10   0.52067E-02   0.55943E-02   0.55377E-02
 3006.70   0.51637E-02   0.55481E-02   0.54907E-02
 3020.31   0.51213E-02   0.55025E-02   0.54442E-02
 3033.91   0.50795E-02   0.54575E-02   0.53983E-02
 3047.52   0.50381E-02   0.54129E-02   0.53529E-02
 3061.12   0.49972E-02   0.53688E-02   0.53080E-02
 3074.73   0.49568E-02   0.53252E-02   0.52636E-02
 3088.33   0.49168E-02   0.52821E-02   0.52197E-02
 3101.94   0.48773E-02   0.52394E-02   0.51763E-02
 3115.54   0.48384E-02   0.51973E-02   0.51334E-02
 3129.15   0.47999E-02   0.51557E-02   0.50911E-02
 3142.75   0.47621E-02   0.51148E-02   0.50494E-02
 3156.36   0.47246E-02   0.50742E-02   0.50081E-02
 3169.96   0.46875E-02   0.50340E-02   0.49672E-02
 3183.57   0.46509E-02   0.49942E-02   0.49268E-02
 3197.17   0.46146E-02   0.49549E-02   0.48868E-02
 3210.78   0.45788E-02   0.49159E-02   0.48472E-02
 3224.38   0.45433E-02   0.48773E-02   0.48079E-02
 3237.99   0.45082E-02   0.48391E-02   0.47691E-02
 3251.59   0.44741E-02   0.48020E-02   0.47314E-02
 3265.20   0.44400E-02   0.47648E-02   0.46935E-02
 3278.80   0.44063E-02   0.47280E-02   0.46562E-02
 3292.41   0.43730E-02   0.46917E-02   0.46193E-02
 3306.01   0.43400E-02   0.46557E-02   0.45827E-02
 3319.62   0.43074E-02   0.46200E-02   0.45465E-02
 3333.22   0.42750E-02   0.45845E-02   0.45105E-02
 3346.83   0.42429E-02   0.45494E-02   0.44748E-02
 3360.43   0.42122E-02   0.45157E-02   0.44406E-02
 3374.04   0.41808E-02   0.44813E-02   0.44057E-02
 3387.64   0.41500E-02   0.44475E-02   0.43714E-02
 3401.25   0.41196E-02   0.44141E-02   0.43376E-02
 3414.85   0.40896E-02   0.43811E-02   0.43041E-02
 3428.46   0.40598E-02   0.43484E-02   0.42709E-02
 3442.06   0.40303E-02   0.43159E-02   0.42380E-02
 3455.67   0.40008E-02   0.42833E-02   0.42050E-02
 3469.27   0.39733E-02   0.42530E-02   0.41742E-02
 3482.88   0.39443E-02   0.42211E-02   0.41419E-02
 3496.48   0.39161E-02   0.41899E-02   0.41103E-02
 3510.09   0.38883E-02   0.41591E-02   0.40791E-02
 3523.69   0.38608E-02   0.41288E-02   0.40484E-02
 3537.30   0.38337E-02   0.40987E-02   0.40180E-02
 3550.90   0.38068E-02   0.40690E-02   0.39879E-02
 3564.51   0.37801E-02   0.40394E-02   0.39579E-02
 3578.11   0.37532E-02   0.40095E-02   0.39277E-02
 3591.72   0.37283E-02   0.39818E-02   0.38996E-02
 3605.32   0.37023E-02   0.39530E-02   0.38705E-02
 3618.93   0.36767E-02   0.39245E-02   0.38417E-02
 3632.53   0.36515E-02   0.38964E-02   0.38133E-02
 3646.14   0.36265E-02   0.38687E-02   0.37853E-02
 3659.74   0.36019E-02   0.38412E-02   0.37576E-02
 3673.35   0.35775E-02   0.38141E-02   0.37301E-02
 3686.95   0.35533E-02   0.37870E-02   0.37028E-02
 3700.56   0.35299E-02   0.37609E-02   0.36764E-02
 3714.16   0.35061E-02   0.37343E-02   0.36496E-02
 3727.77   0.34826E-02   0.37080E-02   0.36230E-02
 3741.37   0.34593E-02   0.36820E-02   0.35968E-02
 3754.98   0.34363E-02   0.36562E-02   0.35708E-02
 3768.58   0.34136E-02   0.36308E-02   0.35451E-02
 3782.19   0.33911E-02   0.36056E-02   0.35197E-02
 3795.79   0.33690E-02   0.35807E-02   0.34946E-02
 3809.40   0.33470E-02   0.35561E-02   0.34698E-02
 3823.00   0.33254E-02   0.35318E-02   0.34453E-02
 3836.61   0.33039E-02   0.35076E-02   0.34209E-02
 3850.21   0.32826E-02   0.34836E-02   0.33967E-02
 3863.82   0.32614E-02   0.34597E-02   0.33727E-02
 3877.42   0.32404E-02   0.34361E-02   0.33489E-02
 3891.03   0.32196E-02   0.34127E-02   0.33254E-02
 3904.63   0.31991E-02   0.33895E-02   0.33021E-02
 3918.24   0.31788E-02   0.33666E-02   0.32790E-02
 3931.84   0.31588E-02   0.33440E-02   0.32563E-02
 3945.45   0.31391E-02   0.33217E-02   0.32339E-02
 3959.05   0.31195E-02   0.32995E-02   0.32116E-02
 3972.66   0.31001E-02   0.32775E-02   0.31895E-02
 3986.26   0.30808E-02   0.32557E-02   0.31675E-02
 3999.87   0.30616E-02   0.32339E-02   0.31457E-02
 4013.47   0.30426E-02   0.32124E-02   0.31240E-02
 4027.08   0.30238E-02   0.31910E-02   0.31025E-02
 4040.68   0.30050E-02   0.31697E-02   0.30812E-02
 4054.29   0.29866E-02   0.31487E-02   0.30601E-02
 4067.89   0.29690E-02   0.31286E-02   0.30400E-02
 4081.50   0.29510E-02   0.31081E-02   0.30194E-02
 4095.10   0.29332E-02   0.30878E-02   0.29991E-02
 4108.71   0.29156E-02   0.30677E-02   0.29789E-02
 4122.31   0.28981E-02   0.30478E-02   0.29589E-02
 4135.92   0.28807E-02   0.30279E-02   0.29390E-02
 4149.52   0.28634E-02   0.30081E-02   0.29192E-02
 4163.13   0.28461E-02   0.29883E-02   0.28994E-02
 4176.73   0.28289E-02   0.29687E-02   0.28798E-02
 4190.34   0.28133E-02   0.29507E-02   0.28618E-02
 4203.94   0.27965E-02   0.29315E-02   0.28426E-02
 4217.55   0.27801E-02   0.29127E-02   0.28238E-02
 4231.15   0.27640E-02   0.28942E-02   0.28052E-02
 4244.76   0.27480E-02   0.28758E-02   0.27868E-02
 4258.36   0.27321E-02   0.28575E-02   0.27686E-02
 4271.97   0.27162E-02   0.28393E-02   0.27504E-02
 4285.57   0.27004E-02   0.28211E-02   0.27322E-02
 4299.18   0.26846E-02   0.28029E-02   0.27141E-02
 4312.78   0.26706E-02   0.27867E-02   0.26978E-02
 4326.39   0.26549E-02   0.27686E-02   0.26798E-02
 4339.99   0.26397E-02   0.27510E-02   0.26623E-02
 4353.60   0.26248E-02   0.27338E-02   0.26451E-02
 4367.20   0.26100E-02   0.27168E-02   0.26281E-02
 4380.81   0.25955E-02   0.26999E-02   0.26113E-02
 4394.41   0.25810E-02   0.26832E-02   0.25946E-02
 4408.02   0.25666E-02   0.26664E-02   0.25780E-02
 4421.62   0.25519E-02   0.26495E-02   0.25611E-02
 4435.23   0.25399E-02   0.26353E-02   0.25469E-02
 4448.83   0.25247E-02   0.26178E-02   0.25296E-02
 4462.44   0.25106E-02   0.26015E-02   0.25133E-02
 4476.04   0.24967E-02   0.25854E-02   0.24973E-02
 4489.65   0.24831E-02   0.25695E-02   0.24815E-02
 4503.25   0.24696E-02   0.25538E-02   0.24659E-02
 4516.86   0.24562E-02   0.25382E-02   0.24505E-02
 4530.46   0.24431E-02   0.25229E-02   0.24352E-02
 4544.07   0.24299E-02   0.25075E-02   0.24200E-02
 4557.67   0.24167E-02   0.24921E-02   0.24047E-02
 4571.28   0.24045E-02   0.24779E-02   0.23905E-02
 4584.88   0.23915E-02   0.24627E-02   0.23755E-02
 4598.49   0.23786E-02   0.24477E-02   0.23606E-02
 4612.09   0.23659E-02   0.24328E-02   0.23459E-02
 4625.70   0.23533E-02   0.24181E-02   0.23313E-02
 4639.30   0.23409E-02   0.24036E-02   0.23169E-02
 4652.91   0.23287E-02   0.23892E-02   0.23027E-02
 4666.51   0.23166E-02   0.23751E-02   0.22887E-02
 4680.12   0.23046E-02   0.23610E-02   0.22748E-02
 4693.72   0.22925E-02   0.23469E-02   0.22608E-02
 4707.33   0.22811E-02   0.23333E-02   0.22474E-02
 4720.93   0.22693E-02   0.23195E-02   0.22337E-02
 4734.54   0.22576E-02   0.23058E-02   0.22201E-02
 4748.14   0.22459E-02   0.22921E-02   0.22066E-02
 4761.75   0.22343E-02   0.22785E-02   0.21932E-02
 4775.35   0.22229E-02   0.22650E-02   0.21799E-02
 4788.96   0.22115E-02   0.22517E-02   0.21667E-02
 4802.56   0.22003E-02   0.22385E-02   0.21538E-02
 4816.17   0.21893E-02   0.22255E-02   0.21409E-02
 4829.77   0.21785E-02   0.22127E-02   0.21283E-02
 4843.38   0.21676E-02   0.22000E-02   0.21157E-02
 4856.98   0.21569E-02   0.21873E-02   0.21032E-02
 4870.59   0.21462E-02   0.21746E-02   0.20908E-02
 4884.19   0.21355E-02   0.21620E-02   0.20784E-02
 4897.80   0.21248E-02   0.21495E-02   0.20660E-02
 4911.40   0.21142E-02   0.21370E-02   0.20537E-02
 4925.01   0.21037E-02   0.21245E-02   0.20415E-02
 4938.61   0.20932E-02   0.21122E-02   0.20294E-02
 4952.22   0.20827E-02   0.20998E-02   0.20172E-02
 4965.82   0.20734E-02   0.20887E-02   0.20062E-02
 4979.43   0.20632E-02   0.20766E-02   0.19943E-02
 4993.03   0.20532E-02   0.20648E-02   0.19828E-02
 5006.64   0.20434E-02   0.20531E-02   0.19713E-02
 5020.24   0.20336E-02   0.20415E-02   0.19599E-02
 5033.85   0.20238E-02   0.20299E-02   0.19485E-02
 5047.45   0.20140E-02   0.20183E-02   0.19372E-02
 5061.06   0.20042E-02   0.20068E-02   0.19258E-02
 5074.66   0.19944E-02   0.19952E-02   0.19145E-02
 5088.27   0.19843E-02   0.19833E-02   0.19029E-02
 5101.87   0.19770E-02   0.19742E-02   0.18939E-02
 5115.48   0.19668E-02   0.19623E-02   0.18823E-02
 5129.08   0.19574E-02   0.19512E-02   0.18714E-02
 5142.69   0.19483E-02   0.19403E-02   0.18608E-02
 5156.29   0.19392E-02   0.19296E-02   0.18503E-02
 5169.90   0.19302E-02   0.19189E-02   0.18398E-02
 5183.50   0.19212E-02   0.19082E-02   0.18294E-02
 5197.11   0.19122E-02   0.18975E-02   0.18189E-02
 5210.71   0.19032E-02   0.18868E-02   0.18084E-02
 5224.32   0.18938E-02   0.18757E-02   0.17976E-02
 5237.92   0.18842E-02   0.18646E-02   0.17868E-02
 5251.53   0.18777E-02   0.18564E-02   0.17788E-02
 5265.13   0.18688E-02   0.18458E-02   0.17685E-02
 5278.74   0.18602E-02   0.18356E-02   0.17585E-02
 5292.34   0.18518E-02   0.18256E-02   0.17487E-02
 5305.95   0.18435E-02   0.18156E-02   0.17390E-02
 5319.55   0.18352E-02   0.18058E-02   0.17294E-02
 5333.16   0.18269E-02   0.17959E-02   0.17199E-02
 5346.76   0.18187E-02   0.17861E-02   0.17103E-02
 5360.37   0.18102E-02   0.17760E-02   0.17005E-02
 5373.97   0.18016E-02   0.17659E-02   0.16907E-02
 5387.58   0.17953E-02   0.17580E-02   0.16830E-02
 5401.18   0.17868E-02   0.17480E-02   0.16732E-02
 5414.79   0.17786E-02   0.17383E-02   0.16638E-02
 5428.39   0.17706E-02   0.17288E-02   0.16546E-02
 5442.00   0.17628E-02   0.17194E-02   0.16455E-02
 5455.60   0.17551E-02   0.17102E-02   0.16366E-02
 5469.21   0.17474E-02   0.17011E-02   0.16277E-02
 5482.81   0.17398E-02   0.16920E-02   0.16189E-02
 5496.42   0.17322E-02   0.16830E-02   0.16101E-02
 5510.02   0.17242E-02   0.16735E-02   0.16010E-02
 5523.63   0.17187E-02   0.16665E-02   0.15941E-02
 5537.23   0.17103E-02   0.16567E-02   0.15847E-02
 5550.84   0.17027E-02   0.16476E-02   0.15759E-02
 5564.44   0.16952E-02   0.16387E-02   0.15673E-02
 5578.05   0.16878E-02   0.16299E-02   0.15587E-02
 5591.65   0.16805E-02   0.16212E-02   0.15503E-02
 5605.26   0.16733E-02   0.16126E-02   0.15420E-02
 5618.86   0.16662E-02   0.16041E-02   0.15338E-02
 5632.47   0.16592E-02   0.15957E-02   0.15257E-02
 5646.07   0.16522E-02   0.15874E-02   0.15177E-02
 5659.68   0.16451E-02   0.15790E-02   0.15095E-02
 5673.28   0.16388E-02   0.15712E-02   0.15021E-02
 5686.89   0.16318E-02   0.15629E-02   0.14940E-02
 5700.49   0.16248E-02   0.15546E-02   0.14860E-02
 5714.10   0.16179E-02   0.15464E-02   0.14781E-02
 5727.70   0.16110E-02   0.15382E-02   0.14702E-02
 5741.31   0.16042E-02   0.15300E-02   0.14624E-02
 5754.91   0.15974E-02   0.15220E-02   0.14546E-02
 5768.52   0.15908E-02   0.15141E-02   0.14470E-02
 5782.12   0.15842E-02   0.15062E-02   0.14395E-02
 5795.73   0.15778E-02   0.14985E-02   0.14320E-02
 5809.33   0.15714E-02   0.14909E-02   0.14247E-02
 5822.94   0.15651E-02   0.14833E-02   0.14174E-02
 5836.54   0.15588E-02   0.14757E-02   0.14101E-02
 5850.15   0.15524E-02   0.14682E-02   0.14029E-02
 5863.75   0.15461E-02   0.14606E-02   0.13956E-02
 5877.36   0.15397E-02   0.14530E-02   0.13883E-02
 5890.96   0.15333E-02   0.14454E-02   0.13810E-02
 5904.57   0.15270E-02   0.14379E-02   0.13738E-02
 5918.17   0.15207E-02   0.14304E-02   0.13666E-02
 5931.78   0.15145E-02   0.14230E-02   0.13596E-02
 5945.38   0.15083E-02   0.14157E-02   0.13525E-02
 5958.99   0.15024E-02   0.14086E-02   0.13458E-02
 5972.59   0.14967E-02   0.14017E-02   0.13392E-02
 5986.20   0.14908E-02   0.13947E-02   0.13324E-02
 5999.80   0.14849E-02   0.13877E-02   0.13257E-02
 6013.41   0.14791E-02   0.13807E-02   0.13190E-02
 6027.01   0.14732E-02   0.13737E-02   0.13123E-02
 6040.62   0.14673E-02   0.13667E-02   0.13056E-02
 6054.22   0.14614E-02   0.13596E-02   0.12989E-02
 6067.83   0.14554E-02   0.13526E-02   0.12922E-02
 6081.43   0.14495E-02   0.13456E-02   0.12855E-02
 6095.04   0.14433E-02   0.13384E-02   0.12787E-02
 6108.64   0.14377E-02   0.13317E-02   0.12722E-02
 6122.25   0.14331E-02   0.13260E-02   0.12668E-02
 6135.85   0.14274E-02   0.13192E-02   0.12603E-02
 6149.46   0.14219E-02   0.13127E-02   0.12541E-02
 6163.06   0.14164E-02   0.13062E-02   0.12479E-02
 6176.67   0.14110E-02   0.12997E-02   0.12417E-02
 6190.27   0.14055E-02   0.12932E-02   0.12356E-02
 6203.88   0.14000E-02   0.12867E-02   0.12294E-02
 6217.48   0.13945E-02   0.12802E-02   0.12232E-02
 6231.09   0.13888E-02   0.12736E-02   0.12169E-02
 6244.69   0.13829E-02   0.12667E-02   0.12104E-02
 6258.30   0.13774E-02   0.12602E-02   0.12042E-02
 6271.90   0.13739E-02   0.12556E-02   0.11998E-02
 6285.51   0.13682E-02   0.12490E-02   0.11935E-02
 6299.11   0.13629E-02   0.12427E-02   0.11876E-02
 6312.72   0.13577E-02   0.12366E-02   0.11818E-02
 6326.32   0.13526E-02   0.12306E-02   0.11761E-02
 6339.93   0.13475E-02   0.12246E-02   0.11704E-02
 6353.53   0.13425E-02   0.12186E-02   0.11647E-02
 6367.14   0.13374E-02   0.12126E-02   0.11590E-02
 6380.74   0.13322E-02   0.12065E-02   0.11533E-02
 6394.35   0.13267E-02   0.12003E-02   0.11473E-02
 6407.95   0.13215E-02   0.11941E-02   0.11415E-02
 6421.56   0.13187E-02   0.11903E-02   0.11379E-02
 6435.16   0.13128E-02   0.11837E-02   0.11316E-02
 6448.77   0.13076E-02   0.11776E-02   0.11259E-02
 6462.37   0.13026E-02   0.11718E-02   0.11203E-02
 6475.98   0.12977E-02   0.11660E-02   0.11149E-02
 6489.58   0.12929E-02   0.11604E-02   0.11096E-02
 6503.19   0.12882E-02   0.11548E-02   0.11043E-02
 6516.79   0.12835E-02   0.11493E-02   0.10991E-02
 6530.40   0.12788E-02   0.11438E-02   0.10939E-02
 6544.00   0.12739E-02   0.11381E-02   0.10886E-02
 6557.61   0.12685E-02   0.11321E-02   0.10828E-02
 6571.21   0.12631E-02   0.11259E-02   0.10770E-02
 6584.82   0.12608E-02   0.11226E-02   0.10739E-02
 6598.42   0.12558E-02   0.11168E-02   0.10685E-02
 6612.03   0.12509E-02   0.11112E-02   0.10632E-02
 6625.63   0.12462E-02   0.11058E-02   0.10581E-02
 6639.24   0.12416E-02   0.11004E-02   0.10530E-02
 6652.84   0.12370E-02   0.10951E-02   0.10480E-02
 6666.45   0.12325E-02   0.10899E-02   0.10431E-02
 6680.05   0.12281E-02   0.10848E-02   0.10383E-02
 6693.66   0.12238E-02   0.10797E-02   0.10335E-02
 6707.26   0.12193E-02   0.10745E-02   0.10286E-02
 6720.87   0.12147E-02   0.10693E-02   0.10237E-02
 6734.47   0.12114E-02   0.10651E-02   0.10199E-02
 6748.08   0.12067E-02   0.10598E-02   0.10148E-02
 6761.68   0.12022E-02   0.10546E-02   0.10100E-02
 6775.29   0.11977E-02   0.10495E-02   0.10051E-02
 6788.89   0.11932E-02   0.10444E-02   0.10003E-02
 6802.50   0.11888E-02   0.10393E-02   0.99560E-03
 6816.10   0.11845E-02   0.10344E-02   0.99093E-03
 6829.71   0.11802E-02   0.10295E-02   0.98634E-03
 6843.31   0.11760E-02   0.10246E-02   0.98183E-03
 6856.92   0.11719E-02   0.10199E-02   0.97738E-03
 6870.52   0.11678E-02   0.10152E-02   0.97297E-03
 6884.13   0.11637E-02   0.10104E-02   0.96851E-03
 6897.73   0.11599E-02   0.10060E-02   0.96437E-03
 6911.34   0.11558E-02   0.10013E-02   0.95998E-03
 6924.94   0.11517E-02   0.99661E-03   0.95558E-03
 6938.55   0.11475E-02   0.99190E-03   0.95117E-03
 6952.15   0.11434E-02   0.98717E-03   0.94674E-03
 6965.76   0.11392E-02   0.98244E-03   0.94233E-03
 6979.36   0.11350E-02   0.97775E-03   0.93794E-03
 6992.97   0.11309E-02   0.97311E-03   0.93360E-03
 7006.57   0.11269E-02   0.96854E-03   0.92933E-03
 7020.18   0.11229E-02   0.96404E-03   0.92513E-03
 7033.78   0.11190E-02   0.95959E-03   0.92097E-03
 7047.39   0.11153E-02   0.95532E-03   0.91700E-03
 7060.99   0.11116E-02   0.95104E-03   0.91300E-03
 7074.60   0.11078E-02   0.94673E-03   0.90898E-03
 7088.20   0.11040E-02   0.94242E-03   0.90496E-03
 7101.81   0.11002E-02   0.93809E-03   0.90093E-03
 7115.41   0.10963E-02   0.93374E-03   0.89687E-03
 7129.02   0.10924E-02   0.92936E-03   0.89279E-03
 7142.62   0.10884E-02   0.92497E-03   0.88870E-03
 7156.23   0.10845E-02   0.92058E-03   0.88460E-03
 7169.83   0.10806E-02   0.91622E-03   0.88053E-03
 7183.44   0.10766E-02   0.91186E-03   0.87648E-03
 7197.04   0.10726E-02   0.90739E-03   0.87231E-03
 7210.65   0.10691E-02   0.90346E-03   0.86866E-03
 7224.25   0.10661E-02   0.89993E-03   0.86539E-03
 7237.86   0.10624E-02   0.89578E-03   0.86153E-03
 7251.46   0.10588E-02   0.89175E-03   0.85779E-03
 7265.07   0.10552E-02   0.88775E-03   0.85408E-03
 7278.67   0.10516E-02   0.88375E-03   0.85036E-03
 7292.28   0.10480E-02   0.87973E-03   0.84662E-03
 7305.88   0.10443E-02   0.87568E-03   0.84285E-03
 7319.49   0.10406E-02   0.87158E-03   0.83905E-03
 7333.09   0.10368E-02   0.86746E-03   0.83521E-03
 7346.70   0.10330E-02   0.86326E-03   0.83131E-03
 7360.30   0.10288E-02   0.85879E-03   0.82715E-03
 7373.91   0.10253E-02   0.85496E-03   0.82359E-03
 7387.51   0.10234E-02   0.85246E-03   0.82132E-03
 7401.12   0.10196E-02   0.84831E-03   0.81746E-03
 7414.72   0.10160E-02   0.84442E-03   0.81386E-03
 7428.33   0.10126E-02   0.84065E-03   0.81037E-03
 7441.93   0.10092E-02   0.83693E-03   0.80692E-03
 7455.54   0.10059E-02   0.83322E-03   0.80349E-03
 7469.14   0.10025E-02   0.82950E-03   0.80005E-03
 7482.75   0.99903E-03   0.82575E-03   0.79657E-03
 7496.35   0.99550E-03   0.82194E-03   0.79304E-03
 7509.96   0.99184E-03   0.81803E-03   0.78942E-03
 7523.56   0.98784E-03   0.81385E-03   0.78552E-03
 7537.17   0.98433E-03   0.81008E-03   0.78203E-03
 7550.77   0.98337E-03   0.80842E-03   0.78058E-03
 7564.38   0.97917E-03   0.80410E-03   0.77655E-03
 7577.98   0.97557E-03   0.80028E-03   0.77302E-03
 7591.59   0.97216E-03   0.79663E-03   0.76964E-03
 7605.19   0.96886E-03   0.79308E-03   0.76636E-03
 7618.80   0.96564E-03   0.78959E-03   0.76314E-03
 7632.40   0.96245E-03   0.78614E-03   0.75996E-03
 7646.01   0.95926E-03   0.78271E-03   0.75679E-03
 7659.61   0.95603E-03   0.77925E-03   0.75359E-03
 7673.22   0.95271E-03   0.77572E-03   0.75034E-03
 7686.82   0.94918E-03   0.77203E-03   0.74691E-03
 7700.43   0.94445E-03   0.76737E-03   0.74256E-03
 7714.03   0.94581E-03   0.76766E-03   0.74300E-03
 7727.64   0.94083E-03   0.76282E-03   0.73847E-03
 7741.24   0.93721E-03   0.75909E-03   0.73501E-03
 7754.85   0.93381E-03   0.75555E-03   0.73174E-03
 7768.45   0.93052E-03   0.75210E-03   0.72856E-03
 7782.06   0.92733E-03   0.74875E-03   0.72547E-03
 7795.66   0.92423E-03   0.74546E-03   0.72244E-03
 7809.27   0.92118E-03   0.74224E-03   0.71947E-03
 7822.87   0.91817E-03   0.73905E-03   0.71654E-03
 7836.48   0.91515E-03   0.73586E-03   0.71361E-03
 7850.08   0.91206E-03   0.73263E-03   0.71064E-03
 7863.69   0.90872E-03   0.72921E-03   0.70747E-03
 7877.29   0.90541E-03   0.72581E-03   0.70433E-03
 7890.90   0.90409E-03   0.72401E-03   0.70276E-03
 7904.50   0.90057E-03   0.72047E-03   0.69947E-03
 7918.11   0.89729E-03   0.71712E-03   0.69638E-03
 7931.71   0.89408E-03   0.71384E-03   0.69336E-03
 7945.32   0.89092E-03   0.71061E-03   0.69038E-03
 7958.92   0.88783E-03   0.70743E-03   0.68745E-03
 7972.53   0.88480E-03   0.70432E-03   0.68459E-03
 7986.13   0.88184E-03   0.70127E-03   0.68179E-03
 7999.74   0.87894E-03   0.69827E-03   0.67904E-03
 8013.34   0.87609E-03   0.69532E-03   0.67633E-03
 8026.95   0.87324E-03   0.69238E-03   0.67363E-03
 8040.55   0.87024E-03   0.68932E-03   0.67082E-03
 8054.16   0.86711E-03   0.68617E-03   0.66792E-03
 8067.76   0.86513E-03   0.68394E-03   0.66591E-03
 8081.37   0.86215E-03   0.68092E-03   0.66314E-03
 8094.97   0.85918E-03   0.67792E-03   0.66038E-03
 8108.58   0.85618E-03   0.67491E-03   0.65761E-03
 8122.18   0.85318E-03   0.67190E-03   0.65484E-03
 8135.79   0.85019E-03   0.66890E-03   0.65208E-03
 8149.39   0.84724E-03   0.66594E-03   0.64936E-03
 8163.00   0.84433E-03   0.66303E-03   0.64669E-03
 8176.60   0.84150E-03   0.66017E-03   0.64407E-03
 8190.21   0.83873E-03   0.65738E-03   0.64151E-03
 8203.81   0.83601E-03   0.65463E-03   0.63900E-03
 8217.42   0.83330E-03   0.65190E-03   0.63650E-03
 8231.02   0.83078E-03   0.64932E-03   0.63414E-03
 8244.63   0.82809E-03   0.64662E-03   0.63168E-03
 8258.23   0.82541E-03   0.64393E-03   0.62922E-03
 8271.84   0.82269E-03   0.64122E-03   0.62673E-03
 8285.44   0.81993E-03   0.63848E-03   0.62422E-03
 8299.05   0.81712E-03   0.63571E-03   0.62168E-03
 8312.65   0.81427E-03   0.63292E-03   0.61912E-03
 8326.26   0.81141E-03   0.63013E-03   0.61656E-03
 8339.86   0.80856E-03   0.62735E-03   0.61400E-03
 8353.47   0.80573E-03   0.62460E-03   0.61148E-03
 8367.07   0.80295E-03   0.62188E-03   0.60899E-03
 8380.68   0.80018E-03   0.61919E-03   0.60653E-03
 8394.28   0.79730E-03   0.61641E-03   0.60397E-03
 8407.89   0.79560E-03   0.61456E-03   0.60231E-03
 8421.49   0.79279E-03   0.61185E-03   0.59984E-03
 8435.10   0.79022E-03   0.60933E-03   0.59754E-03
 8448.70   0.78767E-03   0.60684E-03   0.59526E-03
 8462.31   0.78511E-03   0.60434E-03   0.59298E-03
 8475.91   0.78250E-03   0.60182E-03   0.59067E-03
 8489.52   0.77985E-03   0.59927E-03   0.58833E-03
 8503.12   0.77715E-03   0.59668E-03   0.58596E-03
 8516.73   0.77441E-03   0.59407E-03   0.58356E-03
 8530.33   0.77164E-03   0.59144E-03   0.58115E-03
 8543.94   0.76883E-03   0.58879E-03   0.57872E-03
 8557.54   0.76594E-03   0.58609E-03   0.57623E-03
 8571.15   0.76225E-03   0.58278E-03   0.57315E-03
 8584.75   0.76285E-03   0.58274E-03   0.57327E-03
 8598.36   0.75929E-03   0.57955E-03   0.57030E-03
 8611.96   0.75662E-03   0.57704E-03   0.56801E-03
 8625.57   0.75412E-03   0.57466E-03   0.56584E-03
 8639.17   0.75167E-03   0.57233E-03   0.56371E-03
 8652.78   0.74923E-03   0.57002E-03   0.56160E-03
 8666.38   0.74677E-03   0.56769E-03   0.55948E-03
 8679.99   0.74427E-03   0.56533E-03   0.55732E-03
 8693.59   0.74171E-03   0.56294E-03   0.55513E-03
 8707.20   0.73907E-03   0.56050E-03   0.55290E-03
 8720.80   0.73635E-03   0.55800E-03   0.55059E-03
 8734.41   0.73346E-03   0.55537E-03   0.54817E-03
 8748.01   0.72977E-03   0.55215E-03   0.54516E-03
 8761.62   0.72765E-03   0.55013E-03   0.54333E-03
 8775.22   0.72752E-03   0.54961E-03   0.54299E-03
 8788.83   0.72461E-03   0.54699E-03   0.54057E-03
 8802.43   0.72202E-03   0.54462E-03   0.53840E-03
 8816.04   0.71957E-03   0.54237E-03   0.53634E-03
 8829.64   0.71719E-03   0.54018E-03   0.53434E-03
 8843.25   0.71485E-03   0.53802E-03   0.53237E-03
 8856.85   0.71252E-03   0.53586E-03   0.53041E-03
 8870.46   0.71016E-03   0.53370E-03   0.52844E-03
 8884.06   0.70774E-03   0.53150E-03   0.52643E-03
 8897.67   0.70524E-03   0.52923E-03   0.52435E-03
 8911.27   0.70257E-03   0.52685E-03   0.52216E-03
 8924.88   0.69943E-03   0.52412E-03   0.51961E-03
 8938.48   0.69702E-03   0.52195E-03   0.51763E-03
 8952.09   0.69737E-03   0.52184E-03   0.51770E-03
 8965.69   0.69410E-03   0.51903E-03   0.51507E-03
 8979.30   0.69140E-03   0.51666E-03   0.51288E-03
 8992.90   0.68888E-03   0.51442E-03   0.51083E-03
 9006.51   0.68647E-03   0.51228E-03   0.50887E-03
 9020.11   0.68415E-03   0.51019E-03   0.50697E-03
 9033.72   0.68188E-03   0.50816E-03   0.50512E-03
 9047.32   0.67964E-03   0.50616E-03   0.50330E-03
 9060.93   0.67741E-03   0.50417E-03   0.50148E-03
 9074.53   0.67515E-03   0.50216E-03   0.49965E-03
 9088.14   0.67280E-03   0.50009E-03   0.49775E-03
 9101.74   0.67025E-03   0.49787E-03   0.49571E-03
 9115.35   0.66654E-03   0.49478E-03   0.49279E-03
 9128.95   0.66881E-03   0.49619E-03   0.49438E-03
 9142.56   0.66476E-03   0.49286E-03   0.49122E-03
 9156.16   0.66205E-03   0.49055E-03   0.48908E-03
 9169.77   0.65953E-03   0.48838E-03   0.48708E-03
 9183.37   0.65709E-03   0.48627E-03   0.48515E-03
 9196.98   0.65472E-03   0.48423E-03   0.48327E-03
 9210.58   0.65242E-03   0.48224E-03   0.48145E-03
 9224.19   0.65018E-03   0.48031E-03   0.47969E-03
 9237.79   0.64801E-03   0.47842E-03   0.47797E-03
 9251.40   0.64587E-03   0.47657E-03   0.47628E-03
 9265.00   0.64374E-03   0.47472E-03   0.47460E-03
 9278.61   0.64157E-03   0.47286E-03   0.47290E-03
 9292.21   0.63925E-03   0.47088E-03   0.47108E-03
 9305.82   0.63694E-03   0.46892E-03   0.46928E-03
 9319.42   0.63613E-03   0.46808E-03   0.46861E-03
 9333.03   0.63356E-03   0.46592E-03   0.46661E-03
 9346.63   0.63120E-03   0.46393E-03   0.46478E-03
 9360.24   0.62886E-03   0.46197E-03   0.46297E-03
 9373.84   0.62654E-03   0.46002E-03   0.46118E-03
 9387.45   0.62424E-03   0.45808E-03   0.45940E-03
 9401.05   0.62197E-03   0.45619E-03   0.45766E-03
 9414.66   0.61976E-03   0.45433E-03   0.45596E-03
 9428.26   0.61760E-03   0.45252E-03   0.45430E-03
 9441.87   0.61549E-03   0.45075E-03   0.45269E-03
 9455.47   0.61344E-03   0.44903E-03   0.45112E-03
 9469.08   0.61141E-03   0.44733E-03   0.44958E-03
 9482.68   0.60935E-03   0.44561E-03   0.44801E-03
 9496.29   0.60725E-03   0.44386E-03   0.44641E-03
 9509.89   0.60563E-03   0.44247E-03   0.44517E-03
 9523.50   0.60354E-03   0.44074E-03   0.44359E-03
 9537.10   0.60144E-03   0.43901E-03   0.44200E-03
 9550.71   0.59931E-03   0.43725E-03   0.44039E-03
 9564.31   0.59714E-03   0.43547E-03   0.43876E-03
 9577.92   0.59495E-03   0.43368E-03   0.43711E-03
 9591.52   0.59274E-03   0.43189E-03   0.43546E-03
 9605.13   0.59055E-03   0.43011E-03   0.43382E-03
 9618.73   0.58839E-03   0.42836E-03   0.43221E-03
 9632.34   0.58627E-03   0.42664E-03   0.43064E-03
 9645.94   0.58420E-03   0.42497E-03   0.42910E-03
 9659.55   0.58218E-03   0.42333E-03   0.42761E-03
 9673.15   0.58015E-03   0.42170E-03   0.42612E-03
 9686.76   0.57838E-03   0.42025E-03   0.42481E-03
 9700.36   0.57657E-03   0.41876E-03   0.42345E-03
 9713.97   0.57464E-03   0.41720E-03   0.42203E-03
 9727.57   0.57271E-03   0.41565E-03   0.42062E-03
 9741.18   0.57076E-03   0.41408E-03   0.41918E-03
 9754.78   0.56877E-03   0.41248E-03   0.41772E-03
 9768.39   0.56673E-03   0.41086E-03   0.41623E-03
 9781.99   0.56465E-03   0.40921E-03   0.41471E-03
 9795.60   0.56254E-03   0.40754E-03   0.41317E-03
 9809.20   0.56042E-03   0.40586E-03   0.41162E-03
 9822.81   0.55829E-03   0.40419E-03   0.41007E-03
 9836.41   0.55617E-03   0.40252E-03   0.40854E-03
 9850.02   0.55403E-03   0.40085E-03   0.40700E-03
 9863.62   0.55168E-03   0.39904E-03   0.40531E-03
 9877.23   0.55022E-03   0.39787E-03   0.40427E-03
 9890.83   0.54902E-03   0.39685E-03   0.40338E-03
 9904.44   0.54697E-03   0.39527E-03   0.40192E-03
 9918.04   0.54508E-03   0.39379E-03   0.40057E-03
 9931.65   0.54322E-03   0.39235E-03   0.39925E-03
 9945.25   0.54137E-03   0.39090E-03   0.39793E-03
 9958.86   0.53949E-03   0.38944E-03   0.39659E-03
 9972.46   0.53756E-03   0.38795E-03   0.39522E-03
 9986.07   0.53560E-03   0.38644E-03   0.39382E-03
 9999.67   0.53358E-03   0.38488E-03   0.39239E-03
