 3224.38   0.11233E-01   0.10821E-01   0.10859E-01
 3237.99   0.11188E-01   0.10780E-01   0.10817E-01
 3251.59   0.11143E-01   0.10738E-01   0.10776E-01
 3265.20   0.11098E-01   0.10697E-01   0.10735E-01
 3278.80   0.11054E-01   0.10656E-01   0.10695E-01
 3292.41   0.11010E-01   0.10615E-01   0.10654E-01
 3306.01   0.10966E-01   0.10574E-01   0.10614E-01
 3319.62   0.10923E-01   0.10533E-01   0.10574E-01
 3333.22   0.10879E-01   0.10493E-01   0.10534E-01
 3346.83   0.10836E-01   0.10453E-01   0.10494E-01
 3360.43   0.10793E-01   0.10414E-01   0.10455E-01
 3374.04   0.10750E-01   0.10374E-01   0.10416E-01
 3387.64   0.10708E-01   0.10335E-01   0.10377E-01
 3401.25   0.10665E-01   0.10295E-01   0.10339E-01
 3414.85   0.10623E-01   0.10257E-01   0.10300E-01
 3428.46   0.10581E-01   0.10218E-01   0.10262E-01
 3442.06   0.10540E-01   0.10179E-01   0.10224E-01
 3455.67   0.10498E-01   0.10141E-01   0.10185E-01
 3469.27   0.10457E-01   0.10104E-01   0.10149E-01
 3482.88   0.10416E-01   0.10065E-01   0.10111E-01
 3496.48   0.10375E-01   0.10028E-01   0.10074E-01
 3510.09   0.10334E-01   0.99903E-02   0.10037E-01
 3523.69   0.10294E-01   0.99531E-02   0.99997E-02
 3537.30   0.10254E-01   0.99162E-02   0.99631E-02
 3550.90   0.10214E-01   0.98793E-02   0.99266E-02
 3564.51   0.10173E-01   0.98425E-02   0.98901E-02
 3578.11   0.10133E-01   0.98053E-02   0.98533E-02
 3591.72   0.10095E-01   0.97705E-02   0.98188E-02
 3605.32   0.10055E-01   0.97342E-02   0.97828E-02
 3618.93   0.10016E-01   0.96982E-02   0.97472E-02
 3632.53   0.99770E-02   0.96625E-02   0.97118E-02
 3646.14   0.99383E-02   0.96271E-02   0.96767E-02
 3659.74   0.98998E-02   0.95919E-02   0.96418E-02
 3673.35   0.98614E-02   0.95569E-02   0.96070E-02
 3686.95   0.98228E-02   0.95216E-02   0.95720E-02
 3700.56   0.97860E-02   0.94880E-02   0.95388E-02
 3714.16   0.97477E-02   0.94531E-02   0.95041E-02
 3727.77   0.97098E-02   0.94185E-02   0.94698E-02
 3741.37   0.96722E-02   0.93842E-02   0.94358E-02
 3754.98   0.96348E-02   0.93502E-02   0.94020E-02
 3768.58   0.95977E-02   0.93164E-02   0.93685E-02
 3782.19   0.95609E-02   0.92829E-02   0.93352E-02
 3795.79   0.95242E-02   0.92495E-02   0.93021E-02
 3809.40   0.94876E-02   0.92162E-02   0.92691E-02
 3823.00   0.94517E-02   0.91836E-02   0.92367E-02
 3836.61   0.94154E-02   0.91507E-02   0.92040E-02
 3850.21   0.93793E-02   0.91179E-02   0.91714E-02
 3863.82   0.93433E-02   0.90852E-02   0.91389E-02
 3877.42   0.93074E-02   0.90526E-02   0.91066E-02
 3891.03   0.92718E-02   0.90204E-02   0.90745E-02
 3904.63   0.92364E-02   0.89883E-02   0.90427E-02
 3918.24   0.92013E-02   0.89565E-02   0.90111E-02
 3931.84   0.91665E-02   0.89250E-02   0.89797E-02
 3945.45   0.91318E-02   0.88936E-02   0.89485E-02
 3959.05   0.90972E-02   0.88624E-02   0.89175E-02
 3972.66   0.90627E-02   0.88312E-02   0.88865E-02
 3986.26   0.90282E-02   0.88000E-02   0.88555E-02
 3999.87   0.89939E-02   0.87690E-02   0.88246E-02
 4013.47   0.89596E-02   0.87380E-02   0.87938E-02
 4027.08   0.89255E-02   0.87073E-02   0.87632E-02
 4040.68   0.88916E-02   0.86767E-02   0.87328E-02
 4054.29   0.88581E-02   0.86465E-02   0.87028E-02
 4067.89   0.88252E-02   0.86169E-02   0.86733E-02
 4081.50   0.87921E-02   0.85870E-02   0.86436E-02
 4095.10   0.87591E-02   0.85574E-02   0.86140E-02
 4108.71   0.87262E-02   0.85278E-02   0.85845E-02
 4122.31   0.86933E-02   0.84982E-02   0.85551E-02
 4135.92   0.86605E-02   0.84686E-02   0.85257E-02
 4149.52   0.86277E-02   0.84391E-02   0.84963E-02
 4163.13   0.85948E-02   0.84096E-02   0.84668E-02
 4176.73   0.85622E-02   0.83803E-02   0.84376E-02
 4190.34   0.85318E-02   0.83531E-02   0.84105E-02
 4203.94   0.84997E-02   0.83242E-02   0.83818E-02
 4217.55   0.84680E-02   0.82959E-02   0.83535E-02
 4231.15   0.84366E-02   0.82677E-02   0.83254E-02
 4244.76   0.84052E-02   0.82396E-02   0.82974E-02
 4258.36   0.83739E-02   0.82115E-02   0.82694E-02
 4271.97   0.83425E-02   0.81834E-02   0.82413E-02
 4285.57   0.83109E-02   0.81551E-02   0.82131E-02
 4299.18   0.82794E-02   0.81268E-02   0.81848E-02
 4312.78   0.82514E-02   0.81020E-02   0.81601E-02
 4326.39   0.82198E-02   0.80736E-02   0.81318E-02
 4339.99   0.81891E-02   0.80462E-02   0.81044E-02
 4353.60   0.81588E-02   0.80192E-02   0.80775E-02
 4367.20   0.81288E-02   0.79924E-02   0.80507E-02
 4380.81   0.80989E-02   0.79657E-02   0.80241E-02
 4394.41   0.80691E-02   0.79391E-02   0.79974E-02
 4408.02   0.80391E-02   0.79123E-02   0.79707E-02
 4421.62   0.80082E-02   0.78846E-02   0.79430E-02
 4435.23   0.79841E-02   0.78637E-02   0.79221E-02
 4448.83   0.79518E-02   0.78346E-02   0.78930E-02
 4462.44   0.79220E-02   0.78079E-02   0.78664E-02
 4476.04   0.78926E-02   0.77818E-02   0.78402E-02
 4489.65   0.78636E-02   0.77560E-02   0.78144E-02
 4503.25   0.78349E-02   0.77304E-02   0.77889E-02
 4516.86   0.78064E-02   0.77051E-02   0.77635E-02
 4530.46   0.77780E-02   0.76798E-02   0.77382E-02
 4544.07   0.77494E-02   0.76544E-02   0.77128E-02
 4557.67   0.77204E-02   0.76285E-02   0.76869E-02
 4571.28   0.76948E-02   0.76060E-02   0.76644E-02
 4584.88   0.76660E-02   0.75803E-02   0.76387E-02
 4598.49   0.76376E-02   0.75551E-02   0.76134E-02
 4612.09   0.76096E-02   0.75301E-02   0.75884E-02
 4625.70   0.75818E-02   0.75054E-02   0.75637E-02
 4639.30   0.75543E-02   0.74810E-02   0.75392E-02
 4652.91   0.75270E-02   0.74569E-02   0.75150E-02
 4666.51   0.75000E-02   0.74329E-02   0.74910E-02
 4680.12   0.74729E-02   0.74089E-02   0.74670E-02
 4693.72   0.74451E-02   0.73842E-02   0.74422E-02
 4707.33   0.74200E-02   0.73622E-02   0.74201E-02
 4720.93   0.73931E-02   0.73382E-02   0.73961E-02
 4734.54   0.73662E-02   0.73144E-02   0.73722E-02
 4748.14   0.73394E-02   0.72906E-02   0.73483E-02
 4761.75   0.73127E-02   0.72670E-02   0.73246E-02
 4775.35   0.72862E-02   0.72435E-02   0.73011E-02
 4788.96   0.72601E-02   0.72204E-02   0.72778E-02
 4802.56   0.72342E-02   0.71975E-02   0.72549E-02
 4816.17   0.72085E-02   0.71748E-02   0.72321E-02
 4829.77   0.71831E-02   0.71523E-02   0.72095E-02
 4843.38   0.71576E-02   0.71299E-02   0.71870E-02
 4856.98   0.71322E-02   0.71075E-02   0.71644E-02
 4870.59   0.71068E-02   0.70849E-02   0.71418E-02
 4884.19   0.70812E-02   0.70624E-02   0.71191E-02
 4897.80   0.70557E-02   0.70398E-02   0.70965E-02
 4911.40   0.70303E-02   0.70173E-02   0.70738E-02
 4925.01   0.70050E-02   0.69950E-02   0.70514E-02
 4938.61   0.69800E-02   0.69728E-02   0.70291E-02
 4952.22   0.69549E-02   0.69507E-02   0.70068E-02
 4965.82   0.69316E-02   0.69303E-02   0.69863E-02
 4979.43   0.69070E-02   0.69085E-02   0.69644E-02
 4993.03   0.68828E-02   0.68872E-02   0.69430E-02
 5006.64   0.68587E-02   0.68659E-02   0.69216E-02
 5020.24   0.68345E-02   0.68446E-02   0.69001E-02
 5033.85   0.68103E-02   0.68232E-02   0.68786E-02
 5047.45   0.67860E-02   0.68017E-02   0.68569E-02
 5061.06   0.67616E-02   0.67802E-02   0.68353E-02
 5074.66   0.67373E-02   0.67587E-02   0.68136E-02
 5088.27   0.67121E-02   0.67363E-02   0.67910E-02
 5101.87   0.66932E-02   0.67202E-02   0.67748E-02
 5115.48   0.66679E-02   0.66978E-02   0.67522E-02
 5129.08   0.66445E-02   0.66771E-02   0.67313E-02
 5142.69   0.66215E-02   0.66568E-02   0.67109E-02
 5156.29   0.65985E-02   0.66366E-02   0.66905E-02
 5169.90   0.65756E-02   0.66164E-02   0.66702E-02
 5183.50   0.65526E-02   0.65961E-02   0.66497E-02
 5197.11   0.65294E-02   0.65757E-02   0.66290E-02
 5210.71   0.65059E-02   0.65549E-02   0.66081E-02
 5224.32   0.64815E-02   0.65332E-02   0.65861E-02
 5237.92   0.64569E-02   0.65113E-02   0.65640E-02
 5251.53   0.64403E-02   0.64973E-02   0.65500E-02
 5265.13   0.64172E-02   0.64769E-02   0.65293E-02
 5278.74   0.63948E-02   0.64572E-02   0.65094E-02
 5292.34   0.63728E-02   0.64378E-02   0.64898E-02
 5305.95   0.63510E-02   0.64186E-02   0.64705E-02
 5319.55   0.63292E-02   0.63995E-02   0.64511E-02
 5333.16   0.63074E-02   0.63803E-02   0.64317E-02
 5346.76   0.62853E-02   0.63608E-02   0.64120E-02
 5360.37   0.62625E-02   0.63406E-02   0.63915E-02
 5373.97   0.62396E-02   0.63202E-02   0.63709E-02
 5387.58   0.62235E-02   0.63068E-02   0.63574E-02
 5401.18   0.62005E-02   0.62863E-02   0.63366E-02
 5414.79   0.61786E-02   0.62669E-02   0.63170E-02
 5428.39   0.61572E-02   0.62481E-02   0.62979E-02
 5442.00   0.61361E-02   0.62295E-02   0.62792E-02
 5455.60   0.61153E-02   0.62113E-02   0.62607E-02
 5469.21   0.60947E-02   0.61931E-02   0.62423E-02
 5482.81   0.60741E-02   0.61750E-02   0.62239E-02
 5496.42   0.60531E-02   0.61565E-02   0.62052E-02
 5510.02   0.60306E-02   0.61364E-02   0.61849E-02
 5523.63   0.60173E-02   0.61257E-02   0.61740E-02
 5537.23   0.59937E-02   0.61044E-02   0.61524E-02
 5550.84   0.59725E-02   0.60857E-02   0.61334E-02
 5564.44   0.59517E-02   0.60673E-02   0.61147E-02
 5578.05   0.59312E-02   0.60492E-02   0.60964E-02
 5591.65   0.59110E-02   0.60314E-02   0.60783E-02
 5605.26   0.58911E-02   0.60138E-02   0.60606E-02
 5618.86   0.58714E-02   0.59966E-02   0.60430E-02
 5632.47   0.58519E-02   0.59794E-02   0.60256E-02
 5646.07   0.58323E-02   0.59622E-02   0.60081E-02
 5659.68   0.58123E-02   0.59445E-02   0.59901E-02
 5673.28   0.57952E-02   0.59298E-02   0.59752E-02
 5686.89   0.57752E-02   0.59120E-02   0.59572E-02
 5700.49   0.57555E-02   0.58946E-02   0.59395E-02
 5714.10   0.57358E-02   0.58772E-02   0.59218E-02
 5727.70   0.57162E-02   0.58598E-02   0.59042E-02
 5741.31   0.56968E-02   0.58427E-02   0.58867E-02
 5754.91   0.56776E-02   0.58258E-02   0.58695E-02
 5768.52   0.56588E-02   0.58092E-02   0.58526E-02
 5782.12   0.56402E-02   0.57928E-02   0.58360E-02
 5795.73   0.56218E-02   0.57766E-02   0.58195E-02
 5809.33   0.56033E-02   0.57603E-02   0.58030E-02
 5822.94   0.55855E-02   0.57447E-02   0.57870E-02
 5836.54   0.55672E-02   0.57286E-02   0.57706E-02
 5850.15   0.55488E-02   0.57123E-02   0.57541E-02
 5863.75   0.55303E-02   0.56960E-02   0.57374E-02
 5877.36   0.55117E-02   0.56795E-02   0.57207E-02
 5890.96   0.54931E-02   0.56631E-02   0.57039E-02
 5904.57   0.54747E-02   0.56467E-02   0.56873E-02
 5918.17   0.54564E-02   0.56305E-02   0.56708E-02
 5931.78   0.54384E-02   0.56146E-02   0.56545E-02
 5945.38   0.54205E-02   0.55988E-02   0.56384E-02
 5958.99   0.54035E-02   0.55838E-02   0.56231E-02
 5972.59   0.53864E-02   0.55688E-02   0.56078E-02
 5986.20   0.53691E-02   0.55535E-02   0.55923E-02
 5999.80   0.53519E-02   0.55383E-02   0.55768E-02
 6013.41   0.53345E-02   0.55230E-02   0.55611E-02
 6027.01   0.53171E-02   0.55075E-02   0.55454E-02
 6040.62   0.52995E-02   0.54919E-02   0.55294E-02
 6054.22   0.52819E-02   0.54762E-02   0.55134E-02
 6067.83   0.52642E-02   0.54605E-02   0.54973E-02
 6081.43   0.52465E-02   0.54447E-02   0.54812E-02
 6095.04   0.52284E-02   0.54285E-02   0.54647E-02
 6108.64   0.52117E-02   0.54137E-02   0.54496E-02
 6122.25   0.51977E-02   0.54017E-02   0.54373E-02
 6135.85   0.51808E-02   0.53867E-02   0.54219E-02
 6149.46   0.51643E-02   0.53721E-02   0.54070E-02
 6163.06   0.51480E-02   0.53576E-02   0.53923E-02
 6176.67   0.51316E-02   0.53432E-02   0.53774E-02
 6190.27   0.51152E-02   0.53285E-02   0.53625E-02
 6203.88   0.50986E-02   0.53137E-02   0.53474E-02
 6217.48   0.50817E-02   0.52987E-02   0.53320E-02
 6231.09   0.50646E-02   0.52833E-02   0.53163E-02
 6244.69   0.50465E-02   0.52669E-02   0.52996E-02
 6258.30   0.50298E-02   0.52520E-02   0.52842E-02
 6271.90   0.50194E-02   0.52436E-02   0.52756E-02
 6285.51   0.50021E-02   0.52280E-02   0.52596E-02
 6299.11   0.49860E-02   0.52135E-02   0.52448E-02
 6312.72   0.49703E-02   0.51996E-02   0.52305E-02
 6326.32   0.49548E-02   0.51858E-02   0.52164E-02
 6339.93   0.49394E-02   0.51721E-02   0.52023E-02
 6353.53   0.49239E-02   0.51583E-02   0.51882E-02
 6367.14   0.49082E-02   0.51443E-02   0.51739E-02
 6380.74   0.48922E-02   0.51299E-02   0.51591E-02
 6394.35   0.48753E-02   0.51145E-02   0.51434E-02
 6407.95   0.48590E-02   0.50998E-02   0.51283E-02
 6421.56   0.48513E-02   0.50941E-02   0.51223E-02
 6435.16   0.48331E-02   0.50773E-02   0.51051E-02
 6448.77   0.48170E-02   0.50627E-02   0.50902E-02
 6462.37   0.48015E-02   0.50488E-02   0.50760E-02
 6475.98   0.47865E-02   0.50354E-02   0.50622E-02
 6489.58   0.47718E-02   0.50222E-02   0.50486E-02
 6503.19   0.47572E-02   0.50092E-02   0.50353E-02
 6516.79   0.47427E-02   0.49962E-02   0.50219E-02
 6530.40   0.47280E-02   0.49830E-02   0.50084E-02
 6544.00   0.47129E-02   0.49694E-02   0.49944E-02
 6557.61   0.46957E-02   0.49535E-02   0.49782E-02
 6571.21   0.46783E-02   0.49374E-02   0.49617E-02
 6584.82   0.46726E-02   0.49337E-02   0.49577E-02
 6598.42   0.46568E-02   0.49193E-02   0.49429E-02
 6612.03   0.46417E-02   0.49055E-02   0.49288E-02
 6625.63   0.46270E-02   0.48921E-02   0.49150E-02
 6639.24   0.46125E-02   0.48791E-02   0.49016E-02
 6652.84   0.45984E-02   0.48664E-02   0.48885E-02
 6666.45   0.45846E-02   0.48539E-02   0.48757E-02
 6680.05   0.45709E-02   0.48416E-02   0.48630E-02
 6693.66   0.45572E-02   0.48293E-02   0.48504E-02
 6707.26   0.45432E-02   0.48166E-02   0.48373E-02
 6720.87   0.45288E-02   0.48035E-02   0.48239E-02
 6734.47   0.45192E-02   0.47955E-02   0.48155E-02
 6748.08   0.45042E-02   0.47817E-02   0.48013E-02
 6761.68   0.44899E-02   0.47687E-02   0.47879E-02
 6775.29   0.44758E-02   0.47557E-02   0.47746E-02
 6788.89   0.44617E-02   0.47429E-02   0.47614E-02
 6802.50   0.44479E-02   0.47303E-02   0.47484E-02
 6816.10   0.44343E-02   0.47179E-02   0.47357E-02
 6829.71   0.44210E-02   0.47058E-02   0.47232E-02
 6843.31   0.44079E-02   0.46940E-02   0.47110E-02
 6856.92   0.43951E-02   0.46824E-02   0.46990E-02
 6870.52   0.43823E-02   0.46708E-02   0.46871E-02
 6884.13   0.43692E-02   0.46588E-02   0.46747E-02
 6897.73   0.43576E-02   0.46485E-02   0.46640E-02
 6911.34   0.43447E-02   0.46367E-02   0.46519E-02
 6924.94   0.43317E-02   0.46249E-02   0.46397E-02
 6938.55   0.43186E-02   0.46128E-02   0.46273E-02
 6952.15   0.43054E-02   0.46007E-02   0.46148E-02
 6965.76   0.42922E-02   0.45886E-02   0.46023E-02
 6979.36   0.42791E-02   0.45765E-02   0.45898E-02
 6992.97   0.42662E-02   0.45646E-02   0.45776E-02
 7006.57   0.42535E-02   0.45530E-02   0.45656E-02
 7020.18   0.42411E-02   0.45416E-02   0.45538E-02
 7033.78   0.42289E-02   0.45304E-02   0.45423E-02
 7047.39   0.42173E-02   0.45199E-02   0.45314E-02
 7060.99   0.42054E-02   0.45090E-02   0.45201E-02
 7074.60   0.41936E-02   0.44982E-02   0.45089E-02
 7088.20   0.41817E-02   0.44873E-02   0.44976E-02
 7101.81   0.41696E-02   0.44762E-02   0.44862E-02
 7115.41   0.41574E-02   0.44649E-02   0.44745E-02
 7129.02   0.41450E-02   0.44535E-02   0.44627E-02
 7142.62   0.41325E-02   0.44419E-02   0.44507E-02
 7156.23   0.41200E-02   0.44302E-02   0.44387E-02
 7169.83   0.41076E-02   0.44186E-02   0.44267E-02
 7183.44   0.40952E-02   0.44071E-02   0.44148E-02
 7197.04   0.40823E-02   0.43950E-02   0.44023E-02
 7210.65   0.40716E-02   0.43852E-02   0.43922E-02
 7224.25   0.40623E-02   0.43769E-02   0.43835E-02
 7237.86   0.40506E-02   0.43661E-02   0.43723E-02
 7251.46   0.40394E-02   0.43557E-02   0.43615E-02
 7265.07   0.40282E-02   0.43453E-02   0.43508E-02
 7278.67   0.40170E-02   0.43349E-02   0.43400E-02
 7292.28   0.40056E-02   0.43243E-02   0.43290E-02
 7305.88   0.39940E-02   0.43134E-02   0.43177E-02
 7319.49   0.39822E-02   0.43023E-02   0.43063E-02
 7333.09   0.39702E-02   0.42910E-02   0.42946E-02
 7346.70   0.39578E-02   0.42793E-02   0.42825E-02
 7360.30   0.39442E-02   0.42662E-02   0.42690E-02
 7373.91   0.39334E-02   0.42562E-02   0.42586E-02
 7387.51   0.39283E-02   0.42522E-02   0.42543E-02
 7401.12   0.39161E-02   0.42405E-02   0.42422E-02
 7414.72   0.39049E-02   0.42301E-02   0.42314E-02
 7428.33   0.38942E-02   0.42200E-02   0.42210E-02
 7441.93   0.38837E-02   0.42101E-02   0.42107E-02
 7455.54   0.38732E-02   0.42003E-02   0.42005E-02
 7469.14   0.38626E-02   0.41903E-02   0.41901E-02
 7482.75   0.38517E-02   0.41801E-02   0.41795E-02
 7496.35   0.38406E-02   0.41695E-02   0.41686E-02
 7509.96   0.38290E-02   0.41584E-02   0.41571E-02
 7523.56   0.38160E-02   0.41458E-02   0.41441E-02
 7537.17   0.38050E-02   0.41352E-02   0.41332E-02
 7550.77   0.38034E-02   0.41350E-02   0.41326E-02
 7564.38   0.37899E-02   0.41216E-02   0.41189E-02
 7577.98   0.37785E-02   0.41107E-02   0.41075E-02
 7591.59   0.37678E-02   0.41005E-02   0.40970E-02
 7605.19   0.37575E-02   0.40907E-02   0.40868E-02
 7618.80   0.37475E-02   0.40812E-02   0.40769E-02
 7632.40   0.37377E-02   0.40719E-02   0.40672E-02
 7646.01   0.37278E-02   0.40625E-02   0.40575E-02
 7659.61   0.37178E-02   0.40529E-02   0.40475E-02
 7673.22   0.37074E-02   0.40430E-02   0.40372E-02
 7686.82   0.36963E-02   0.40321E-02   0.40260E-02
 7700.43   0.36803E-02   0.40160E-02   0.40095E-02
 7714.03   0.36876E-02   0.40252E-02   0.40184E-02
 7727.64   0.36712E-02   0.40087E-02   0.40014E-02
 7741.24   0.36597E-02   0.39974E-02   0.39898E-02
 7754.85   0.36490E-02   0.39870E-02   0.39790E-02
 7768.45   0.36388E-02   0.39770E-02   0.39687E-02
 7782.06   0.36289E-02   0.39674E-02   0.39587E-02
 7795.66   0.36193E-02   0.39582E-02   0.39491E-02
 7809.27   0.36100E-02   0.39492E-02   0.39398E-02
 7822.87   0.36008E-02   0.39403E-02   0.39305E-02
 7836.48   0.35916E-02   0.39315E-02   0.39213E-02
 7850.08   0.35821E-02   0.39223E-02   0.39117E-02
 7863.69   0.35717E-02   0.39120E-02   0.39011E-02
 7877.29   0.35613E-02   0.39018E-02   0.38905E-02
 7890.90   0.35585E-02   0.38998E-02   0.38882E-02
 7904.50   0.35474E-02   0.38888E-02   0.38768E-02
 7918.11   0.35372E-02   0.38788E-02   0.38664E-02
 7931.71   0.35273E-02   0.38689E-02   0.38562E-02
 7945.32   0.35175E-02   0.38593E-02   0.38462E-02
 7958.92   0.35080E-02   0.38499E-02   0.38365E-02
 7972.53   0.34987E-02   0.38408E-02   0.38270E-02
 7986.13   0.34897E-02   0.38320E-02   0.38179E-02
 7999.74   0.34810E-02   0.38235E-02   0.38089E-02
 8013.34   0.34725E-02   0.38151E-02   0.38002E-02
 8026.95   0.34639E-02   0.38067E-02   0.37915E-02
 8040.55   0.34549E-02   0.37978E-02   0.37822E-02
 8054.16   0.34453E-02   0.37882E-02   0.37723E-02
 8067.76   0.34398E-02   0.37831E-02   0.37668E-02
 8081.37   0.34308E-02   0.37742E-02   0.37576E-02
 8094.97   0.34218E-02   0.37653E-02   0.37483E-02
 8108.58   0.34128E-02   0.37562E-02   0.37388E-02
 8122.18   0.34036E-02   0.37471E-02   0.37293E-02
 8135.79   0.33945E-02   0.37379E-02   0.37199E-02
 8149.39   0.33855E-02   0.37289E-02   0.37105E-02
 8163.00   0.33767E-02   0.37201E-02   0.37014E-02
 8176.60   0.33682E-02   0.37116E-02   0.36925E-02
 8190.21   0.33600E-02   0.37034E-02   0.36839E-02
 8203.81   0.33520E-02   0.36954E-02   0.36756E-02
 8217.42   0.33442E-02   0.36876E-02   0.36675E-02
 8231.02   0.33365E-02   0.36799E-02   0.36594E-02
 8244.63   0.33288E-02   0.36722E-02   0.36514E-02
 8258.23   0.33210E-02   0.36644E-02   0.36432E-02
 8271.84   0.33130E-02   0.36564E-02   0.36349E-02
 8285.44   0.33048E-02   0.36482E-02   0.36263E-02
 8299.05   0.32965E-02   0.36397E-02   0.36175E-02
 8312.65   0.32880E-02   0.36310E-02   0.36085E-02
 8326.26   0.32794E-02   0.36223E-02   0.35994E-02
 8339.86   0.32709E-02   0.36136E-02   0.35903E-02
 8353.47   0.32624E-02   0.36049E-02   0.35813E-02
 8367.07   0.32541E-02   0.35964E-02   0.35725E-02
 8380.68   0.32459E-02   0.35880E-02   0.35637E-02
 8394.28   0.32364E-02   0.35782E-02   0.35536E-02
 8407.89   0.32333E-02   0.35754E-02   0.35505E-02
 8421.49   0.32250E-02   0.35668E-02   0.35415E-02
 8435.10   0.32175E-02   0.35592E-02   0.35336E-02
 8448.70   0.32103E-02   0.35518E-02   0.35258E-02
 8462.31   0.32029E-02   0.35443E-02   0.35180E-02
 8475.91   0.31954E-02   0.35366E-02   0.35100E-02
 8489.52   0.31878E-02   0.35286E-02   0.35017E-02
 8503.12   0.31799E-02   0.35205E-02   0.34932E-02
 8516.73   0.31718E-02   0.35121E-02   0.34845E-02
 8530.33   0.31636E-02   0.35035E-02   0.34755E-02
 8543.94   0.31552E-02   0.34947E-02   0.34665E-02
 8557.54   0.31464E-02   0.34855E-02   0.34569E-02
 8571.15   0.31339E-02   0.34722E-02   0.34433E-02
 8584.75   0.31402E-02   0.34796E-02   0.34503E-02
 8598.36   0.31286E-02   0.34673E-02   0.34377E-02
 8611.96   0.31208E-02   0.34591E-02   0.34292E-02
 8625.57   0.31137E-02   0.34516E-02   0.34214E-02
 8639.17   0.31068E-02   0.34444E-02   0.34139E-02
 8652.78   0.31000E-02   0.34373E-02   0.34064E-02
 8666.38   0.30931E-02   0.34301E-02   0.33989E-02
 8679.99   0.30861E-02   0.34226E-02   0.33912E-02
 8693.59   0.30788E-02   0.34150E-02   0.33831E-02
 8707.20   0.30712E-02   0.34069E-02   0.33748E-02
 8720.80   0.30633E-02   0.33984E-02   0.33660E-02
 8734.41   0.30545E-02   0.33890E-02   0.33563E-02
 8748.01   0.30422E-02   0.33757E-02   0.33428E-02
 8761.62   0.30367E-02   0.33699E-02   0.33366E-02
 8775.22   0.30399E-02   0.33738E-02   0.33401E-02
 8788.83   0.30311E-02   0.33643E-02   0.33302E-02
 8802.43   0.30236E-02   0.33562E-02   0.33219E-02
 8816.04   0.30167E-02   0.33488E-02   0.33142E-02
 8829.64   0.30101E-02   0.33418E-02   0.33069E-02
 8843.25   0.30037E-02   0.33350E-02   0.32997E-02
 8856.85   0.29974E-02   0.33282E-02   0.32926E-02
 8870.46   0.29910E-02   0.33213E-02   0.32854E-02
 8884.06   0.29844E-02   0.33141E-02   0.32780E-02
 8897.67   0.29774E-02   0.33066E-02   0.32701E-02
 8911.27   0.29697E-02   0.32982E-02   0.32615E-02
 8924.88   0.29599E-02   0.32875E-02   0.32505E-02
 8938.48   0.29532E-02   0.32801E-02   0.32429E-02
 8952.09   0.29581E-02   0.32858E-02   0.32481E-02
 8965.69   0.29479E-02   0.32746E-02   0.32366E-02
 8979.30   0.29400E-02   0.32659E-02   0.32277E-02
 8992.90   0.29329E-02   0.32581E-02   0.32195E-02
 9006.51   0.29262E-02   0.32507E-02   0.32119E-02
 9020.11   0.29198E-02   0.32437E-02   0.32046E-02
 9033.72   0.29137E-02   0.32371E-02   0.31977E-02
 9047.32   0.29078E-02   0.32306E-02   0.31909E-02
 9060.93   0.29020E-02   0.32241E-02   0.31841E-02
 9074.53   0.28961E-02   0.32176E-02   0.31773E-02
 9088.14   0.28898E-02   0.32106E-02   0.31701E-02
 9101.74   0.28827E-02   0.32028E-02   0.31619E-02
 9115.35   0.28708E-02   0.31895E-02   0.31485E-02
 9128.95   0.28827E-02   0.32027E-02   0.31612E-02
 9142.56   0.28700E-02   0.31885E-02   0.31468E-02
 9156.16   0.28622E-02   0.31798E-02   0.31378E-02
 9169.77   0.28551E-02   0.31719E-02   0.31296E-02
 9183.37   0.28483E-02   0.31643E-02   0.31218E-02
 9196.98   0.28418E-02   0.31570E-02   0.31142E-02
 9210.58   0.28356E-02   0.31501E-02   0.31070E-02
 9224.19   0.28297E-02   0.31434E-02   0.31000E-02
 9237.79   0.28240E-02   0.31370E-02   0.30934E-02
 9251.40   0.28186E-02   0.31308E-02   0.30869E-02
 9265.00   0.28132E-02   0.31247E-02   0.30806E-02
 9278.61   0.28078E-02   0.31186E-02   0.30741E-02
 9292.21   0.28018E-02   0.31118E-02   0.30670E-02
 9305.82   0.27957E-02   0.31048E-02   0.30598E-02
 9319.42   0.27950E-02   0.31038E-02   0.30585E-02
 9333.03   0.27882E-02   0.30960E-02   0.30505E-02
 9346.63   0.27819E-02   0.30889E-02   0.30431E-02
 9360.24   0.27757E-02   0.30818E-02   0.30357E-02
 9373.84   0.27695E-02   0.30747E-02   0.30283E-02
 9387.45   0.27633E-02   0.30676E-02   0.30210E-02
 9401.05   0.27573E-02   0.30606E-02   0.30138E-02
 9414.66   0.27514E-02   0.30538E-02   0.30068E-02
 9428.26   0.27458E-02   0.30473E-02   0.30000E-02
 9441.87   0.27405E-02   0.30411E-02   0.29936E-02
 9455.47   0.27354E-02   0.30352E-02   0.29874E-02
 9469.08   0.27306E-02   0.30295E-02   0.29814E-02
 9482.68   0.27258E-02   0.30238E-02   0.29755E-02
 9496.29   0.27206E-02   0.30178E-02   0.29692E-02
 9509.89   0.27166E-02   0.30130E-02   0.29642E-02
 9523.50   0.27117E-02   0.30072E-02   0.29581E-02
 9537.10   0.27066E-02   0.30012E-02   0.29519E-02
 9550.71   0.27014E-02   0.29950E-02   0.29454E-02
 9564.31   0.26959E-02   0.29885E-02   0.29387E-02
 9577.92   0.26903E-02   0.29819E-02   0.29318E-02
 9591.52   0.26845E-02   0.29752E-02   0.29248E-02
 9605.13   0.26788E-02   0.29684E-02   0.29179E-02
 9618.73   0.26732E-02   0.29617E-02   0.29110E-02
 9632.34   0.26678E-02   0.29553E-02   0.29043E-02
 9645.94   0.26626E-02   0.29490E-02   0.28978E-02
 9659.55   0.26576E-02   0.29430E-02   0.28916E-02
 9673.15   0.26525E-02   0.29370E-02   0.28853E-02
 9686.76   0.26491E-02   0.29327E-02   0.28807E-02
 9700.36   0.26449E-02   0.29275E-02   0.28753E-02
 9713.97   0.26404E-02   0.29221E-02   0.28697E-02
 9727.57   0.26360E-02   0.29167E-02   0.28640E-02
 9741.18   0.26315E-02   0.29112E-02   0.28583E-02
 9754.78   0.26269E-02   0.29055E-02   0.28523E-02
 9768.39   0.26220E-02   0.28995E-02   0.28462E-02
 9781.99   0.26168E-02   0.28933E-02   0.28397E-02
 9795.60   0.26115E-02   0.28868E-02   0.28331E-02
 9809.20   0.26061E-02   0.28802E-02   0.28263E-02
 9822.81   0.26006E-02   0.28736E-02   0.28194E-02
 9836.41   0.25951E-02   0.28668E-02   0.28125E-02
 9850.02   0.25894E-02   0.28599E-02   0.28054E-02
 9863.62   0.25824E-02   0.28516E-02   0.27969E-02
 9877.23   0.25803E-02   0.28487E-02   0.27937E-02
 9890.83   0.25799E-02   0.28476E-02   0.27923E-02
 9904.44   0.25746E-02   0.28411E-02   0.27856E-02
 9918.04   0.25702E-02   0.28355E-02   0.27798E-02
 9931.65   0.25661E-02   0.28303E-02   0.27744E-02
 9945.25   0.25620E-02   0.28251E-02   0.27689E-02
 9958.86   0.25578E-02   0.28197E-02   0.27634E-02
 9972.46   0.25534E-02   0.28142E-02   0.27577E-02
 9986.07   0.25488E-02   0.28084E-02   0.27517E-02
 9999.67   0.25439E-02   0.28023E-02   0.27454E-02
