  149.65   0.11729E+00   0.11742E+00   0.12644E+00
  163.26   0.11137E+00   0.11155E+00   0.11991E+00
  176.86   0.10578E+00   0.10600E+00   0.11377E+00
  190.47   0.10056E+00   0.10081E+00   0.10805E+00
  204.07   0.95572E-01   0.95856E-01   0.10260E+00
  217.68   0.90971E-01   0.91285E-01   0.97592E-01
  231.28   0.86640E-01   0.86979E-01   0.92888E-01
  244.89   0.82662E-01   0.83024E-01   0.88577E-01
  258.49   0.78959E-01   0.79343E-01   0.84571E-01
  272.10   0.75516E-01   0.75920E-01   0.80854E-01
  285.70   0.72252E-01   0.72673E-01   0.77335E-01
  299.31   0.69165E-01   0.69603E-01   0.74012E-01
  312.91   0.66316E-01   0.66768E-01   0.70949E-01
  326.52   0.63591E-01   0.64057E-01   0.68023E-01
  340.12   0.61041E-01   0.61520E-01   0.65288E-01
  353.73   0.58622E-01   0.59112E-01   0.62696E-01
  367.33   0.56352E-01   0.56852E-01   0.60265E-01
  380.94   0.54236E-01   0.54746E-01   0.58002E-01
  394.54   0.52227E-01   0.52745E-01   0.55854E-01
  408.15   0.50302E-01   0.50828E-01   0.53798E-01
  421.75   0.48538E-01   0.49072E-01   0.51915E-01
  435.36   0.46835E-01   0.47375E-01   0.50098E-01
  448.96   0.45173E-01   0.45719E-01   0.48325E-01
  462.57   0.43672E-01   0.44224E-01   0.46726E-01
  476.17   0.42210E-01   0.42767E-01   0.45169E-01
  489.78   0.40794E-01   0.41355E-01   0.43660E-01
  503.38   0.39496E-01   0.40062E-01   0.42279E-01
  516.99   0.38238E-01   0.38807E-01   0.40940E-01
  530.59   0.37043E-01   0.37616E-01   0.39670E-01
  544.20   0.35912E-01   0.36487E-01   0.38466E-01
  557.80   0.34821E-01   0.35399E-01   0.37306E-01
  571.41   0.33784E-01   0.34365E-01   0.36204E-01
  585.01   0.32798E-01   0.33380E-01   0.35156E-01
  598.62   0.31847E-01   0.32432E-01   0.34146E-01
  612.22   0.30934E-01   0.31520E-01   0.33175E-01
  625.83   0.30059E-01   0.30647E-01   0.32247E-01
  639.43   0.29230E-01   0.29819E-01   0.31366E-01
  653.04   0.28430E-01   0.29019E-01   0.30516E-01
  666.64   0.27658E-01   0.28248E-01   0.29696E-01
  680.25   0.26930E-01   0.27521E-01   0.28923E-01
  693.85   0.26221E-01   0.26812E-01   0.28170E-01
  707.46   0.25545E-01   0.26136E-01   0.27452E-01
  721.06   0.24890E-01   0.25481E-01   0.26757E-01
  734.67   0.24272E-01   0.24863E-01   0.26100E-01
  748.27   0.23667E-01   0.24257E-01   0.25458E-01
  761.88   0.23088E-01   0.23678E-01   0.24843E-01
  775.48   0.22526E-01   0.23115E-01   0.24246E-01
  789.09   0.21993E-01   0.22582E-01   0.23680E-01
  802.69   0.21469E-01   0.22057E-01   0.23123E-01
  816.30   0.20967E-01   0.21555E-01   0.22591E-01
  829.90   0.20483E-01   0.21070E-01   0.22076E-01
  843.51   0.20019E-01   0.20605E-01   0.21584E-01
  857.11   0.19565E-01   0.20150E-01   0.21101E-01
  870.72   0.19128E-01   0.19712E-01   0.20637E-01
  884.32   0.18708E-01   0.19291E-01   0.20191E-01
  897.93   0.18304E-01   0.18885E-01   0.19761E-01
  911.53   0.17910E-01   0.18491E-01   0.19343E-01
  925.14   0.17528E-01   0.18108E-01   0.18938E-01
  938.74   0.17159E-01   0.17737E-01   0.18545E-01
  952.35   0.16804E-01   0.17380E-01   0.18167E-01
  965.95   0.16460E-01   0.17034E-01   0.17801E-01
  979.56   0.16125E-01   0.16698E-01   0.17445E-01
  993.16   0.15798E-01   0.16370E-01   0.17098E-01
 1006.77   0.15481E-01   0.16051E-01   0.16760E-01
 1020.37   0.15178E-01   0.15746E-01   0.16438E-01
 1033.98   0.14882E-01   0.15448E-01   0.16122E-01
 1047.58   0.14594E-01   0.15159E-01   0.15816E-01
 1061.19   0.14313E-01   0.14876E-01   0.15517E-01
 1074.79   0.14037E-01   0.14599E-01   0.15223E-01
 1088.40   0.13780E-01   0.14339E-01   0.14949E-01
 1102.00   0.13524E-01   0.14082E-01   0.14677E-01
 1115.61   0.13276E-01   0.13832E-01   0.14412E-01
 1129.21   0.13033E-01   0.13587E-01   0.14154E-01
 1142.82   0.12804E-01   0.13356E-01   0.13909E-01
 1156.42   0.12571E-01   0.13121E-01   0.13661E-01
 1170.03   0.12349E-01   0.12897E-01   0.13423E-01
 1183.63   0.12133E-01   0.12678E-01   0.13193E-01
 1197.24   0.11921E-01   0.12465E-01   0.12967E-01
 1210.84   0.11719E-01   0.12261E-01   0.12752E-01
 1224.45   0.11517E-01   0.12057E-01   0.12536E-01
 1238.05   0.11321E-01   0.11859E-01   0.12326E-01
 1251.66   0.11131E-01   0.11667E-01   0.12123E-01
 1265.26   0.10946E-01   0.11480E-01   0.11926E-01
 1278.87   0.10767E-01   0.11299E-01   0.11735E-01
 1292.47   0.10591E-01   0.11120E-01   0.11546E-01
 1306.08   0.10419E-01   0.10945E-01   0.11361E-01
 1319.68   0.10251E-01   0.10775E-01   0.11182E-01
 1333.29   0.10088E-01   0.10610E-01   0.11008E-01
 1346.89   0.99297E-02   0.10450E-01   0.10838E-01
 1360.50   0.97749E-02   0.10293E-01   0.10672E-01
 1374.10   0.96232E-02   0.10139E-01   0.10510E-01
 1387.71   0.94746E-02   0.99879E-02   0.10350E-01
 1401.31   0.93295E-02   0.98405E-02   0.10195E-01
 1414.92   0.91883E-02   0.96970E-02   0.10043E-01
 1428.52   0.90513E-02   0.95577E-02   0.98960E-02
 1442.13   0.89167E-02   0.94208E-02   0.97515E-02
 1455.73   0.87847E-02   0.92865E-02   0.96097E-02
 1469.34   0.86551E-02   0.91545E-02   0.94704E-02
 1482.94   0.85271E-02   0.90241E-02   0.93329E-02
 1496.55   0.84065E-02   0.89013E-02   0.92032E-02
 1510.15   0.82855E-02   0.87780E-02   0.90731E-02
 1523.76   0.81679E-02   0.86580E-02   0.89464E-02
 1537.36   0.80525E-02   0.85402E-02   0.88222E-02
 1550.97   0.79389E-02   0.84242E-02   0.86998E-02
 1564.57   0.78261E-02   0.83090E-02   0.85783E-02
 1578.18   0.77214E-02   0.82021E-02   0.84654E-02
 1591.78   0.76153E-02   0.80936E-02   0.83510E-02
 1605.39   0.75120E-02   0.79880E-02   0.82396E-02
 1618.99   0.74107E-02   0.78844E-02   0.81303E-02
 1632.60   0.73107E-02   0.77819E-02   0.80223E-02
 1646.20   0.72162E-02   0.76852E-02   0.79203E-02
 1659.81   0.71192E-02   0.75858E-02   0.78155E-02
 1673.41   0.70254E-02   0.74896E-02   0.77141E-02
 1687.02   0.69339E-02   0.73958E-02   0.76152E-02
 1700.62   0.68444E-02   0.73039E-02   0.75183E-02
 1714.23   0.67561E-02   0.72132E-02   0.74227E-02
 1727.83   0.66713E-02   0.71261E-02   0.73309E-02
 1741.44   0.65860E-02   0.70385E-02   0.72385E-02
 1755.04   0.65026E-02   0.69527E-02   0.71481E-02
 1768.65   0.64211E-02   0.68688E-02   0.70597E-02
 1782.25   0.63414E-02   0.67867E-02   0.69733E-02
 1795.86   0.62634E-02   0.67063E-02   0.68886E-02
 1809.46   0.61871E-02   0.66277E-02   0.68058E-02
 1823.07   0.61117E-02   0.65500E-02   0.67239E-02
 1836.67   0.60376E-02   0.64735E-02   0.66433E-02
 1850.28   0.59648E-02   0.63983E-02   0.65641E-02
 1863.88   0.58935E-02   0.63246E-02   0.64865E-02
 1877.49   0.58237E-02   0.62525E-02   0.64106E-02
 1891.09   0.57555E-02   0.61821E-02   0.63364E-02
 1904.70   0.56884E-02   0.61126E-02   0.62633E-02
 1918.30   0.56224E-02   0.60442E-02   0.61913E-02
 1931.91   0.55572E-02   0.59767E-02   0.61202E-02
 1945.51   0.54931E-02   0.59102E-02   0.60503E-02
 1959.12   0.54300E-02   0.58448E-02   0.59814E-02
 1972.72   0.53696E-02   0.57821E-02   0.59154E-02
 1986.33   0.53087E-02   0.57189E-02   0.58489E-02
 1999.93   0.52494E-02   0.56573E-02   0.57841E-02
 2013.54   0.51910E-02   0.55966E-02   0.57202E-02
 2027.14   0.51334E-02   0.55366E-02   0.56571E-02
 2040.75   0.50764E-02   0.54772E-02   0.55947E-02
 2054.35   0.50195E-02   0.54179E-02   0.55324E-02
 2067.96   0.49671E-02   0.53633E-02   0.54749E-02
 2081.56   0.49133E-02   0.53072E-02   0.54159E-02
 2095.17   0.48606E-02   0.52523E-02   0.53581E-02
 2108.77   0.48089E-02   0.51982E-02   0.53013E-02
 2122.38   0.47577E-02   0.51447E-02   0.52451E-02
 2135.98   0.47067E-02   0.50913E-02   0.51889E-02
 2149.59   0.46596E-02   0.50421E-02   0.51372E-02
 2163.19   0.46100E-02   0.49901E-02   0.50826E-02
 2176.80   0.45621E-02   0.49399E-02   0.50299E-02
 2190.40   0.45152E-02   0.48907E-02   0.49782E-02
 2204.01   0.44691E-02   0.48424E-02   0.49274E-02
 2217.61   0.44236E-02   0.47946E-02   0.48772E-02
 2231.22   0.43781E-02   0.47467E-02   0.48269E-02
 2244.82   0.43356E-02   0.47021E-02   0.47800E-02
 2258.43   0.42917E-02   0.46559E-02   0.47315E-02
 2272.03   0.42488E-02   0.46107E-02   0.46841E-02
 2285.64   0.42067E-02   0.45663E-02   0.46376E-02
 2299.24   0.41654E-02   0.45228E-02   0.45919E-02
 2312.85   0.41248E-02   0.44799E-02   0.45468E-02
 2326.45   0.40838E-02   0.44366E-02   0.45015E-02
 2340.06   0.40456E-02   0.43962E-02   0.44591E-02
 2353.66   0.40064E-02   0.43548E-02   0.44156E-02
 2367.27   0.39678E-02   0.43140E-02   0.43728E-02
 2380.87   0.39299E-02   0.42738E-02   0.43307E-02
 2394.48   0.38928E-02   0.42344E-02   0.42894E-02
 2408.08   0.38563E-02   0.41957E-02   0.42488E-02
 2421.69   0.38202E-02   0.41575E-02   0.42087E-02
 2435.29   0.37850E-02   0.41200E-02   0.41695E-02
 2448.90   0.37499E-02   0.40828E-02   0.41304E-02
 2462.50   0.37153E-02   0.40459E-02   0.40918E-02
 2476.11   0.36811E-02   0.40095E-02   0.40537E-02
 2489.71   0.36475E-02   0.39736E-02   0.40161E-02
 2503.32   0.36144E-02   0.39384E-02   0.39792E-02
 2516.92   0.35820E-02   0.39039E-02   0.39431E-02
 2530.53   0.35501E-02   0.38698E-02   0.39074E-02
 2544.13   0.35186E-02   0.38361E-02   0.38721E-02
 2557.74   0.34874E-02   0.38027E-02   0.38372E-02
 2571.34   0.34565E-02   0.37697E-02   0.38026E-02
 2584.95   0.34260E-02   0.37370E-02   0.37684E-02
 2598.55   0.33958E-02   0.37046E-02   0.37345E-02
 2612.16   0.33660E-02   0.36727E-02   0.37011E-02
 2625.76   0.33377E-02   0.36422E-02   0.36693E-02
 2639.37   0.33090E-02   0.36114E-02   0.36370E-02
 2652.97   0.32808E-02   0.35810E-02   0.36053E-02
 2666.58   0.32529E-02   0.35510E-02   0.35739E-02
 2680.18   0.32252E-02   0.35212E-02   0.35428E-02
 2693.79   0.31978E-02   0.34916E-02   0.35119E-02
 2707.39   0.31700E-02   0.34617E-02   0.34807E-02
 2721.00   0.31453E-02   0.34350E-02   0.34527E-02
 2734.60   0.31187E-02   0.34063E-02   0.34228E-02
 2748.21   0.30930E-02   0.33784E-02   0.33937E-02
 2761.81   0.30676E-02   0.33510E-02   0.33651E-02
 2775.42   0.30426E-02   0.33239E-02   0.33368E-02
 2789.02   0.30178E-02   0.32971E-02   0.33087E-02
 2802.63   0.29930E-02   0.32702E-02   0.32807E-02
 2816.23   0.29685E-02   0.32435E-02   0.32529E-02
 2829.84   0.29459E-02   0.32190E-02   0.32273E-02
 2843.44   0.29222E-02   0.31931E-02   0.32003E-02
 2857.05   0.28989E-02   0.31678E-02   0.31740E-02
 2870.65   0.28761E-02   0.31430E-02   0.31480E-02
 2884.26   0.28536E-02   0.31184E-02   0.31225E-02
 2897.86   0.28313E-02   0.30941E-02   0.30971E-02
 2911.47   0.28088E-02   0.30695E-02   0.30715E-02
 2925.07   0.27885E-02   0.30472E-02   0.30483E-02
 2938.68   0.27664E-02   0.30231E-02   0.30232E-02
 2952.28   0.27450E-02   0.29997E-02   0.29988E-02
 2965.89   0.27239E-02   0.29766E-02   0.29748E-02
 2979.49   0.27032E-02   0.29539E-02   0.29511E-02
 2993.10   0.26829E-02   0.29316E-02   0.29279E-02
 3006.70   0.26628E-02   0.29095E-02   0.29049E-02
 3020.31   0.26427E-02   0.28874E-02   0.28820E-02
 3033.91   0.26236E-02   0.28664E-02   0.28601E-02
 3047.52   0.26040E-02   0.28448E-02   0.28376E-02
 3061.12   0.25847E-02   0.28234E-02   0.28155E-02
 3074.73   0.25656E-02   0.28023E-02   0.27936E-02
 3088.33   0.25468E-02   0.27816E-02   0.27720E-02
 3101.94   0.25283E-02   0.27611E-02   0.27507E-02
 3115.54   0.25101E-02   0.27410E-02   0.27298E-02
 3129.15   0.24921E-02   0.27210E-02   0.27091E-02
 3142.75   0.24744E-02   0.27014E-02   0.26888E-02
 3156.36   0.24568E-02   0.26819E-02   0.26685E-02
 3169.96   0.24393E-02   0.26625E-02   0.26483E-02
 3183.57   0.24220E-02   0.26432E-02   0.26284E-02
 3197.17   0.24048E-02   0.26241E-02   0.26086E-02
 3210.78   0.23879E-02   0.26053E-02   0.25890E-02
 3224.38   0.23713E-02   0.25867E-02   0.25698E-02
 3237.99   0.23549E-02   0.25684E-02   0.25509E-02
 3251.59   0.23388E-02   0.25505E-02   0.25323E-02
 3265.20   0.23229E-02   0.25326E-02   0.25138E-02
 3278.80   0.23070E-02   0.25149E-02   0.24954E-02
 3292.41   0.22913E-02   0.24973E-02   0.24772E-02
 3306.01   0.22757E-02   0.24798E-02   0.24591E-02
 3319.62   0.22602E-02   0.24624E-02   0.24411E-02
 3333.22   0.22448E-02   0.24451E-02   0.24233E-02
 3346.83   0.22297E-02   0.24281E-02   0.24057E-02
 3360.43   0.22154E-02   0.24121E-02   0.23891E-02
 3374.04   0.22007E-02   0.23955E-02   0.23719E-02
 3387.64   0.21862E-02   0.23792E-02   0.23551E-02
 3401.25   0.21719E-02   0.23631E-02   0.23384E-02
 3414.85   0.21577E-02   0.23470E-02   0.23219E-02
 3428.46   0.21436E-02   0.23311E-02   0.23054E-02
 3442.06   0.21295E-02   0.23151E-02   0.22889E-02
 3455.67   0.21151E-02   0.22988E-02   0.22721E-02
 3469.27   0.21031E-02   0.22852E-02   0.22580E-02
 3482.88   0.20891E-02   0.22693E-02   0.22417E-02
 3496.48   0.20758E-02   0.22542E-02   0.22260E-02
 3510.09   0.20627E-02   0.22393E-02   0.22107E-02
 3523.69   0.20497E-02   0.22246E-02   0.21955E-02
 3537.30   0.20369E-02   0.22100E-02   0.21805E-02
 3550.90   0.20241E-02   0.21954E-02   0.21655E-02
 3564.51   0.20112E-02   0.21807E-02   0.21503E-02
 3578.11   0.19978E-02   0.21654E-02   0.21346E-02
 3591.72   0.19872E-02   0.21532E-02   0.21220E-02
 3605.32   0.19747E-02   0.21390E-02   0.21074E-02
 3618.93   0.19626E-02   0.21250E-02   0.20931E-02
 3632.53   0.19507E-02   0.21114E-02   0.20790E-02
 3646.14   0.19389E-02   0.20979E-02   0.20652E-02
 3659.74   0.19273E-02   0.20845E-02   0.20514E-02
 3673.35   0.19157E-02   0.20712E-02   0.20377E-02
 3686.95   0.19037E-02   0.20575E-02   0.20236E-02
 3700.56   0.18938E-02   0.20459E-02   0.20118E-02
 3714.16   0.18821E-02   0.20324E-02   0.19979E-02
 3727.77   0.18708E-02   0.20194E-02   0.19846E-02
 3741.37   0.18597E-02   0.20066E-02   0.19714E-02
 3754.98   0.18488E-02   0.19940E-02   0.19585E-02
 3768.58   0.18380E-02   0.19816E-02   0.19458E-02
 3782.19   0.18275E-02   0.19693E-02   0.19332E-02
 3795.79   0.18170E-02   0.19572E-02   0.19207E-02
 3809.40   0.18064E-02   0.19449E-02   0.19082E-02
 3823.00   0.17966E-02   0.19335E-02   0.18965E-02
 3836.61   0.17863E-02   0.19215E-02   0.18842E-02
 3850.21   0.17760E-02   0.19095E-02   0.18720E-02
 3863.82   0.17659E-02   0.18977E-02   0.18599E-02
 3877.42   0.17559E-02   0.18861E-02   0.18480E-02
 3891.03   0.17460E-02   0.18746E-02   0.18362E-02
 3904.63   0.17364E-02   0.18633E-02   0.18247E-02
 3918.24   0.17268E-02   0.18521E-02   0.18133E-02
 3931.84   0.17173E-02   0.18410E-02   0.18019E-02
 3945.45   0.17081E-02   0.18301E-02   0.17908E-02
 3959.05   0.16988E-02   0.18192E-02   0.17796E-02
 3972.66   0.16895E-02   0.18083E-02   0.17685E-02
 3986.26   0.16802E-02   0.17974E-02   0.17574E-02
 3999.87   0.16711E-02   0.17866E-02   0.17464E-02
 4013.47   0.16620E-02   0.17759E-02   0.17356E-02
 4027.08   0.16530E-02   0.17654E-02   0.17248E-02
 4040.68   0.16442E-02   0.17550E-02   0.17142E-02
 4054.29   0.16356E-02   0.17448E-02   0.17038E-02
 4067.89   0.16271E-02   0.17347E-02   0.16935E-02
 4081.50   0.16186E-02   0.17246E-02   0.16833E-02
 4095.10   0.16102E-02   0.17146E-02   0.16731E-02
 4108.71   0.16018E-02   0.17047E-02   0.16630E-02
 4122.31   0.15934E-02   0.16947E-02   0.16529E-02
 4135.92   0.15850E-02   0.16848E-02   0.16428E-02
 4149.52   0.15767E-02   0.16749E-02   0.16328E-02
 4163.13   0.15684E-02   0.16651E-02   0.16228E-02
 4176.73   0.15603E-02   0.16554E-02   0.16130E-02
 4190.34   0.15529E-02   0.16466E-02   0.16040E-02
 4203.94   0.15450E-02   0.16371E-02   0.15944E-02
 4217.55   0.15373E-02   0.16278E-02   0.15850E-02
 4231.15   0.15296E-02   0.16187E-02   0.15757E-02
 4244.76   0.15220E-02   0.16095E-02   0.15664E-02
 4258.36   0.15144E-02   0.16004E-02   0.15571E-02
 4271.97   0.15067E-02   0.15912E-02   0.15479E-02
 4285.57   0.14990E-02   0.15820E-02   0.15385E-02
 4299.18   0.14914E-02   0.15729E-02   0.15293E-02
 4312.78   0.14851E-02   0.15652E-02   0.15215E-02
 4326.39   0.14775E-02   0.15560E-02   0.15123E-02
 4339.99   0.14703E-02   0.15473E-02   0.15035E-02
 4353.60   0.14632E-02   0.15388E-02   0.14948E-02
 4367.20   0.14562E-02   0.15303E-02   0.14863E-02
 4380.81   0.14493E-02   0.15219E-02   0.14778E-02
 4394.41   0.14423E-02   0.15135E-02   0.14693E-02
 4408.02   0.14353E-02   0.15050E-02   0.14607E-02
 4421.62   0.14279E-02   0.14962E-02   0.14518E-02
 4435.23   0.14234E-02   0.14903E-02   0.14458E-02
 4448.83   0.14155E-02   0.14809E-02   0.14364E-02
 4462.44   0.14086E-02   0.14726E-02   0.14281E-02
 4476.04   0.14020E-02   0.14645E-02   0.14199E-02
 4489.65   0.13955E-02   0.14566E-02   0.14119E-02
 4503.25   0.13891E-02   0.14488E-02   0.14041E-02
 4516.86   0.13827E-02   0.14410E-02   0.13963E-02
 4530.46   0.13764E-02   0.14333E-02   0.13885E-02
 4544.07   0.13700E-02   0.14254E-02   0.13806E-02
 4557.67   0.13634E-02   0.14174E-02   0.13726E-02
 4571.28   0.13583E-02   0.14110E-02   0.13661E-02
 4584.88   0.13518E-02   0.14031E-02   0.13582E-02
 4598.49   0.13456E-02   0.13955E-02   0.13505E-02
 4612.09   0.13394E-02   0.13880E-02   0.13430E-02
 4625.70   0.13334E-02   0.13806E-02   0.13356E-02
 4639.30   0.13275E-02   0.13733E-02   0.13283E-02
 4652.91   0.13217E-02   0.13661E-02   0.13211E-02
 4666.51   0.13159E-02   0.13590E-02   0.13139E-02
 4680.12   0.13101E-02   0.13518E-02   0.13067E-02
 4693.72   0.13039E-02   0.13443E-02   0.12992E-02
 4707.33   0.12991E-02   0.13382E-02   0.12931E-02
 4720.93   0.12933E-02   0.13311E-02   0.12860E-02
 4734.54   0.12876E-02   0.13240E-02   0.12789E-02
 4748.14   0.12819E-02   0.13170E-02   0.12720E-02
 4761.75   0.12764E-02   0.13101E-02   0.12651E-02
 4775.35   0.12709E-02   0.13033E-02   0.12583E-02
 4788.96   0.12655E-02   0.12966E-02   0.12516E-02
 4802.56   0.12602E-02   0.12900E-02   0.12450E-02
 4816.17   0.12549E-02   0.12835E-02   0.12385E-02
 4829.77   0.12498E-02   0.12771E-02   0.12321E-02
 4843.38   0.12446E-02   0.12706E-02   0.12256E-02
 4856.98   0.12394E-02   0.12641E-02   0.12192E-02
 4870.59   0.12342E-02   0.12577E-02   0.12127E-02
 4884.19   0.12290E-02   0.12512E-02   0.12063E-02
 4897.80   0.12238E-02   0.12448E-02   0.11999E-02
 4911.40   0.12187E-02   0.12384E-02   0.11936E-02
 4925.01   0.12136E-02   0.12321E-02   0.11873E-02
 4938.61   0.12087E-02   0.12259E-02   0.11811E-02
 4952.22   0.12038E-02   0.12197E-02   0.11750E-02
 4965.82   0.11991E-02   0.12138E-02   0.11691E-02
 4979.43   0.11943E-02   0.12078E-02   0.11632E-02
 4993.03   0.11896E-02   0.12018E-02   0.11572E-02
 5006.64   0.11848E-02   0.11959E-02   0.11513E-02
 5020.24   0.11801E-02   0.11899E-02   0.11454E-02
 5033.85   0.11753E-02   0.11839E-02   0.11395E-02
 5047.45   0.11705E-02   0.11779E-02   0.11336E-02
 5061.06   0.11658E-02   0.11720E-02   0.11277E-02
 5074.66   0.11610E-02   0.11661E-02   0.11218E-02
 5088.27   0.11562E-02   0.11600E-02   0.11159E-02
 5101.87   0.11526E-02   0.11553E-02   0.11112E-02
 5115.48   0.11478E-02   0.11493E-02   0.11053E-02
 5129.08   0.11434E-02   0.11437E-02   0.10997E-02
 5142.69   0.11390E-02   0.11382E-02   0.10943E-02
 5156.29   0.11347E-02   0.11327E-02   0.10888E-02
 5169.90   0.11303E-02   0.11272E-02   0.10834E-02
 5183.50   0.11259E-02   0.11216E-02   0.10779E-02
 5197.11   0.11215E-02   0.11161E-02   0.10725E-02
 5210.71   0.11170E-02   0.11105E-02   0.10669E-02
 5224.32   0.11124E-02   0.11047E-02   0.10612E-02
 5237.92   0.11077E-02   0.10989E-02   0.10556E-02
 5251.53   0.11049E-02   0.10950E-02   0.10516E-02
 5265.13   0.11006E-02   0.10895E-02   0.10463E-02
 5278.74   0.10965E-02   0.10843E-02   0.10412E-02
 5292.34   0.10924E-02   0.10792E-02   0.10361E-02
 5305.95   0.10884E-02   0.10741E-02   0.10311E-02
 5319.55   0.10844E-02   0.10690E-02   0.10261E-02
 5333.16   0.10804E-02   0.10638E-02   0.10211E-02
 5346.76   0.10763E-02   0.10587E-02   0.10160E-02
 5360.37   0.10720E-02   0.10533E-02   0.10107E-02
 5373.97   0.10678E-02   0.10480E-02   0.10055E-02
 5387.58   0.10653E-02   0.10444E-02   0.10020E-02
 5401.18   0.10610E-02   0.10391E-02   0.99675E-03
 5414.79   0.10570E-02   0.10340E-02   0.99182E-03
 5428.39   0.10532E-02   0.10291E-02   0.98702E-03
 5442.00   0.10494E-02   0.10243E-02   0.98231E-03
 5455.60   0.10457E-02   0.10196E-02   0.97767E-03
 5469.21   0.10420E-02   0.10148E-02   0.97306E-03
 5482.81   0.10383E-02   0.10101E-02   0.96843E-03
 5496.42   0.10345E-02   0.10053E-02   0.96373E-03
 5510.02   0.10303E-02   0.10000E-02   0.95859E-03
 5523.63   0.10288E-02   0.99745E-03   0.95604E-03
 5537.23   0.10242E-02   0.99188E-03   0.95063E-03
 5550.84   0.10204E-02   0.98705E-03   0.94592E-03
 5564.44   0.10167E-02   0.98235E-03   0.94134E-03
 5578.05   0.10131E-02   0.97775E-03   0.93685E-03
 5591.65   0.10095E-02   0.97323E-03   0.93246E-03
 5605.26   0.10061E-02   0.96879E-03   0.92813E-03
 5618.86   0.10027E-02   0.96440E-03   0.92386E-03
 5632.47   0.99929E-03   0.96004E-03   0.91961E-03
 5646.07   0.99584E-03   0.95562E-03   0.91531E-03
 5659.68   0.99228E-03   0.95109E-03   0.91092E-03
 5673.28   0.98970E-03   0.94752E-03   0.90744E-03
 5686.89   0.98611E-03   0.94299E-03   0.90303E-03
 5700.49   0.98264E-03   0.93857E-03   0.89875E-03
 5714.10   0.97921E-03   0.93420E-03   0.89451E-03
 5727.70   0.97583E-03   0.92987E-03   0.89031E-03
 5741.31   0.97250E-03   0.92561E-03   0.88618E-03
 5754.91   0.96924E-03   0.92142E-03   0.88212E-03
 5768.52   0.96605E-03   0.91730E-03   0.87813E-03
 5782.12   0.96291E-03   0.91324E-03   0.87420E-03
 5795.73   0.95979E-03   0.90920E-03   0.87029E-03
 5809.33   0.95659E-03   0.90508E-03   0.86631E-03
 5822.94   0.95375E-03   0.90132E-03   0.86266E-03
 5836.54   0.95062E-03   0.89729E-03   0.85877E-03
 5850.15   0.94748E-03   0.89325E-03   0.85487E-03
 5863.75   0.94433E-03   0.88921E-03   0.85096E-03
 5877.36   0.94116E-03   0.88516E-03   0.84706E-03
 5890.96   0.93802E-03   0.88114E-03   0.84318E-03
 5904.57   0.93492E-03   0.87716E-03   0.83934E-03
 5918.17   0.93187E-03   0.87325E-03   0.83557E-03
 5931.78   0.92889E-03   0.86940E-03   0.83186E-03
 5945.38   0.92596E-03   0.86560E-03   0.82820E-03
 5958.99   0.92314E-03   0.86192E-03   0.82465E-03
 5972.59   0.92028E-03   0.85820E-03   0.82107E-03
 5986.20   0.91744E-03   0.85451E-03   0.81752E-03
 5999.80   0.91458E-03   0.85080E-03   0.81395E-03
 6013.41   0.91169E-03   0.84708E-03   0.81037E-03
 6027.01   0.90878E-03   0.84333E-03   0.80677E-03
 6040.62   0.90584E-03   0.83957E-03   0.80316E-03
 6054.22   0.90289E-03   0.83581E-03   0.79955E-03
 6067.83   0.89996E-03   0.83207E-03   0.79596E-03
 6081.43   0.89705E-03   0.82835E-03   0.79239E-03
 6095.04   0.89409E-03   0.82460E-03   0.78880E-03
 6108.64   0.89143E-03   0.82113E-03   0.78547E-03
 6122.25   0.88910E-03   0.81796E-03   0.78244E-03
 6135.85   0.88636E-03   0.81443E-03   0.77906E-03
 6149.46   0.88370E-03   0.81098E-03   0.77575E-03
 6163.06   0.88105E-03   0.80753E-03   0.77245E-03
 6176.67   0.87837E-03   0.80408E-03   0.76915E-03
 6190.27   0.87567E-03   0.80060E-03   0.76583E-03
 6203.88   0.87292E-03   0.79710E-03   0.76248E-03
 6217.48   0.87014E-03   0.79356E-03   0.75910E-03
 6231.09   0.86731E-03   0.78999E-03   0.75569E-03
 6244.69   0.86432E-03   0.78628E-03   0.75214E-03
 6258.30   0.86164E-03   0.78286E-03   0.74888E-03
 6271.90   0.86010E-03   0.78048E-03   0.74661E-03
 6285.51   0.85728E-03   0.77694E-03   0.74324E-03
 6299.11   0.85469E-03   0.77362E-03   0.74007E-03
 6312.72   0.85218E-03   0.77037E-03   0.73698E-03
 6326.32   0.84970E-03   0.76716E-03   0.73393E-03
 6339.93   0.84722E-03   0.76396E-03   0.73088E-03
 6353.53   0.84470E-03   0.76073E-03   0.72781E-03
 6367.14   0.84214E-03   0.75746E-03   0.72470E-03
 6380.74   0.83950E-03   0.75413E-03   0.72153E-03
 6394.35   0.83667E-03   0.75064E-03   0.71821E-03
 6407.95   0.83403E-03   0.74732E-03   0.71506E-03
 6421.56   0.83318E-03   0.74562E-03   0.71345E-03
 6435.16   0.83009E-03   0.74191E-03   0.70992E-03
 6448.77   0.82748E-03   0.73863E-03   0.70682E-03
 6462.37   0.82500E-03   0.73549E-03   0.70384E-03
 6475.98   0.82262E-03   0.73243E-03   0.70094E-03
 6489.58   0.82028E-03   0.72942E-03   0.69809E-03
 6503.19   0.81796E-03   0.72644E-03   0.69526E-03
 6516.79   0.81563E-03   0.72345E-03   0.69243E-03
 6530.40   0.81325E-03   0.72042E-03   0.68956E-03
 6544.00   0.81076E-03   0.71730E-03   0.68661E-03
 6557.61   0.80777E-03   0.71374E-03   0.68324E-03
 6571.21   0.80481E-03   0.71022E-03   0.67991E-03
 6584.82   0.80456E-03   0.70909E-03   0.67886E-03
 6598.42   0.80193E-03   0.70587E-03   0.67581E-03
 6612.03   0.79947E-03   0.70281E-03   0.67292E-03
 6625.63   0.79710E-03   0.69984E-03   0.67012E-03
 6639.24   0.79481E-03   0.69694E-03   0.66738E-03
 6652.84   0.79258E-03   0.69409E-03   0.66470E-03
 6666.45   0.79040E-03   0.69130E-03   0.66206E-03
 6680.05   0.78823E-03   0.68852E-03   0.65945E-03
 6693.66   0.78604E-03   0.68573E-03   0.65682E-03
 6707.26   0.78373E-03   0.68285E-03   0.65410E-03
 6720.87   0.78136E-03   0.67992E-03   0.65134E-03
 6734.47   0.78030E-03   0.67812E-03   0.64967E-03
 6748.08   0.77772E-03   0.67502E-03   0.64674E-03
 6761.68   0.77537E-03   0.67212E-03   0.64401E-03
 6775.29   0.77306E-03   0.66926E-03   0.64133E-03
 6788.89   0.77080E-03   0.66645E-03   0.63869E-03
 6802.50   0.76859E-03   0.66369E-03   0.63609E-03
 6816.10   0.76643E-03   0.66098E-03   0.63355E-03
 6829.71   0.76433E-03   0.65833E-03   0.63106E-03
 6843.31   0.76228E-03   0.65573E-03   0.62862E-03
 6856.92   0.76025E-03   0.65315E-03   0.62621E-03
 6870.52   0.75819E-03   0.65055E-03   0.62377E-03
 6884.13   0.75602E-03   0.64786E-03   0.62125E-03
 6897.73   0.75443E-03   0.64567E-03   0.61921E-03
 6911.34   0.75231E-03   0.64304E-03   0.61675E-03
 6924.94   0.75020E-03   0.64042E-03   0.61429E-03
 6938.55   0.74807E-03   0.63779E-03   0.61183E-03
 6952.15   0.74593E-03   0.63515E-03   0.60936E-03
 6965.76   0.74379E-03   0.63253E-03   0.60691E-03
 6979.36   0.74169E-03   0.62994E-03   0.60449E-03
 6992.97   0.73964E-03   0.62740E-03   0.60211E-03
 7006.57   0.73763E-03   0.62491E-03   0.59978E-03
 7020.18   0.73569E-03   0.62247E-03   0.59750E-03
 7033.78   0.73379E-03   0.62007E-03   0.59527E-03
 7047.39   0.73191E-03   0.61770E-03   0.59307E-03
 7060.99   0.73004E-03   0.61534E-03   0.59087E-03
 7074.60   0.72816E-03   0.61298E-03   0.58867E-03
 7088.20   0.72625E-03   0.61060E-03   0.58645E-03
 7101.81   0.72430E-03   0.60819E-03   0.58420E-03
 7115.41   0.72231E-03   0.60575E-03   0.58193E-03
 7129.02   0.72029E-03   0.60330E-03   0.57965E-03
 7142.62   0.71826E-03   0.60084E-03   0.57736E-03
 7156.23   0.71624E-03   0.59839E-03   0.57508E-03
 7169.83   0.71424E-03   0.59597E-03   0.57282E-03
 7183.44   0.71227E-03   0.59358E-03   0.57060E-03
 7197.04   0.71026E-03   0.59116E-03   0.56834E-03
 7210.65   0.70859E-03   0.58903E-03   0.56638E-03
 7224.25   0.70701E-03   0.58697E-03   0.56447E-03
 7237.86   0.70517E-03   0.58472E-03   0.56238E-03
 7251.46   0.70338E-03   0.58250E-03   0.56033E-03
 7265.07   0.70159E-03   0.58029E-03   0.55828E-03
 7278.67   0.69976E-03   0.57805E-03   0.55620E-03
 7292.28   0.69789E-03   0.57579E-03   0.55411E-03
 7305.88   0.69598E-03   0.57350E-03   0.55198E-03
 7319.49   0.69404E-03   0.57119E-03   0.54983E-03
 7333.09   0.69206E-03   0.56885E-03   0.54767E-03
 7346.70   0.69004E-03   0.56649E-03   0.54547E-03
 7360.30   0.68781E-03   0.56396E-03   0.54312E-03
 7373.91   0.68614E-03   0.56188E-03   0.54120E-03
 7387.51   0.68531E-03   0.56051E-03   0.53997E-03
 7401.12   0.68334E-03   0.55821E-03   0.53783E-03
 7414.72   0.68155E-03   0.55606E-03   0.53585E-03
 7428.33   0.67983E-03   0.55397E-03   0.53392E-03
 7441.93   0.67812E-03   0.55190E-03   0.53201E-03
 7455.54   0.67640E-03   0.54982E-03   0.53009E-03
 7469.14   0.67465E-03   0.54773E-03   0.52815E-03
 7482.75   0.67284E-03   0.54559E-03   0.52618E-03
 7496.35   0.67098E-03   0.54341E-03   0.52417E-03
 7509.96   0.66901E-03   0.54116E-03   0.52208E-03
 7523.56   0.66680E-03   0.53871E-03   0.51981E-03
 7537.17   0.66501E-03   0.53661E-03   0.51787E-03
 7550.77   0.66497E-03   0.53592E-03   0.51730E-03
 7564.38   0.66266E-03   0.53341E-03   0.51496E-03
 7577.98   0.66077E-03   0.53125E-03   0.51297E-03
 7591.59   0.65902E-03   0.52920E-03   0.51108E-03
 7605.19   0.65734E-03   0.52722E-03   0.50925E-03
 7618.80   0.65571E-03   0.52527E-03   0.50746E-03
 7632.40   0.65408E-03   0.52333E-03   0.50569E-03
 7646.01   0.65243E-03   0.52139E-03   0.50390E-03
 7659.61   0.65074E-03   0.51941E-03   0.50208E-03
 7673.22   0.64897E-03   0.51738E-03   0.50021E-03
 7686.82   0.64701E-03   0.51520E-03   0.49820E-03
 7700.43   0.64403E-03   0.51221E-03   0.49540E-03
 7714.03   0.64607E-03   0.51323E-03   0.49648E-03
 7727.64   0.64301E-03   0.51019E-03   0.49364E-03
 7741.24   0.64101E-03   0.50800E-03   0.49162E-03
 7754.85   0.63920E-03   0.50596E-03   0.48974E-03
 7768.45   0.63748E-03   0.50401E-03   0.48794E-03
 7782.06   0.63582E-03   0.50211E-03   0.48620E-03
 7795.66   0.63423E-03   0.50026E-03   0.48451E-03
 7809.27   0.63267E-03   0.49844E-03   0.48284E-03
 7822.87   0.63111E-03   0.49664E-03   0.48119E-03
 7836.48   0.62954E-03   0.49482E-03   0.47953E-03
 7850.08   0.62789E-03   0.49295E-03   0.47781E-03
 7863.69   0.62599E-03   0.49088E-03   0.47591E-03
 7877.29   0.62417E-03   0.48889E-03   0.47408E-03
 7890.90   0.62410E-03   0.48827E-03   0.47357E-03
 7904.50   0.62206E-03   0.48611E-03   0.47158E-03
 7918.11   0.62025E-03   0.48414E-03   0.46977E-03
 7931.71   0.61851E-03   0.48223E-03   0.46802E-03
 7945.32   0.61682E-03   0.48036E-03   0.46630E-03
 7958.92   0.61518E-03   0.47853E-03   0.46464E-03
 7972.53   0.61360E-03   0.47676E-03   0.46301E-03
 7986.13   0.61206E-03   0.47503E-03   0.46143E-03
 7999.74   0.61057E-03   0.47333E-03   0.45989E-03
 8013.34   0.60909E-03   0.47165E-03   0.45836E-03
 8026.95   0.60759E-03   0.46996E-03   0.45681E-03
 8040.55   0.60591E-03   0.46813E-03   0.45514E-03
 8054.16   0.60413E-03   0.46623E-03   0.45340E-03
 8067.76   0.60352E-03   0.46524E-03   0.45253E-03
 8081.37   0.60187E-03   0.46345E-03   0.45090E-03
 8094.97   0.60024E-03   0.46168E-03   0.44928E-03
 8108.58   0.59860E-03   0.45991E-03   0.44767E-03
 8122.18   0.59697E-03   0.45815E-03   0.44605E-03
 8135.79   0.59535E-03   0.45640E-03   0.44446E-03
 8149.39   0.59376E-03   0.45468E-03   0.44289E-03
 8163.00   0.59222E-03   0.45301E-03   0.44136E-03
 8176.60   0.59073E-03   0.45137E-03   0.43988E-03
 8190.21   0.58929E-03   0.44978E-03   0.43843E-03
 8203.81   0.58789E-03   0.44822E-03   0.43702E-03
 8217.42   0.58649E-03   0.44667E-03   0.43561E-03
 8231.02   0.58516E-03   0.44518E-03   0.43426E-03
 8244.63   0.58375E-03   0.44363E-03   0.43286E-03
 8258.23   0.58232E-03   0.44207E-03   0.43145E-03
 8271.84   0.58086E-03   0.44049E-03   0.43001E-03
 8285.44   0.57935E-03   0.43888E-03   0.42854E-03
 8299.05   0.57781E-03   0.43725E-03   0.42706E-03
 8312.65   0.57625E-03   0.43560E-03   0.42556E-03
 8326.26   0.57468E-03   0.43396E-03   0.42406E-03
 8339.86   0.57312E-03   0.43233E-03   0.42257E-03
 8353.47   0.57159E-03   0.43072E-03   0.42112E-03
 8367.07   0.57010E-03   0.42915E-03   0.41969E-03
 8380.68   0.56864E-03   0.42761E-03   0.41829E-03
 8394.28   0.56708E-03   0.42599E-03   0.41682E-03
 8407.89   0.56616E-03   0.42487E-03   0.41582E-03
 8421.49   0.56472E-03   0.42335E-03   0.41445E-03
 8435.10   0.56337E-03   0.42191E-03   0.41314E-03
 8448.70   0.56202E-03   0.42046E-03   0.41184E-03
 8462.31   0.56064E-03   0.41900E-03   0.41052E-03
 8475.91   0.55921E-03   0.41752E-03   0.40917E-03
 8489.52   0.55775E-03   0.41600E-03   0.40780E-03
 8503.12   0.55624E-03   0.41447E-03   0.40640E-03
 8516.73   0.55471E-03   0.41291E-03   0.40499E-03
 8530.33   0.55316E-03   0.41134E-03   0.40356E-03
 8543.94   0.55159E-03   0.40977E-03   0.40213E-03
 8557.54   0.54997E-03   0.40817E-03   0.40067E-03
 8571.15   0.54783E-03   0.40617E-03   0.39882E-03
 8584.75   0.54849E-03   0.40627E-03   0.39903E-03
 8598.36   0.54649E-03   0.40440E-03   0.39729E-03
 8611.96   0.54505E-03   0.40294E-03   0.39597E-03
 8625.57   0.54371E-03   0.40156E-03   0.39473E-03
 8639.17   0.54239E-03   0.40020E-03   0.39350E-03
 8652.78   0.54107E-03   0.39884E-03   0.39228E-03
 8666.38   0.53972E-03   0.39747E-03   0.39104E-03
 8679.99   0.53833E-03   0.39607E-03   0.38978E-03
 8693.59   0.53689E-03   0.39464E-03   0.38848E-03
 8707.20   0.53539E-03   0.39316E-03   0.38714E-03
 8720.80   0.53382E-03   0.39165E-03   0.38576E-03
 8734.41   0.53213E-03   0.39004E-03   0.38429E-03
 8748.01   0.52982E-03   0.38799E-03   0.38238E-03
 8761.62   0.52878E-03   0.38687E-03   0.38139E-03
 8775.22   0.52913E-03   0.38677E-03   0.38140E-03
 8788.83   0.52744E-03   0.38519E-03   0.37995E-03
 8802.43   0.52600E-03   0.38379E-03   0.37868E-03
 8816.04   0.52465E-03   0.38246E-03   0.37748E-03
 8829.64   0.52335E-03   0.38117E-03   0.37632E-03
 8843.25   0.52207E-03   0.37990E-03   0.37518E-03
 8856.85   0.52079E-03   0.37863E-03   0.37404E-03
 8870.46   0.51947E-03   0.37734E-03   0.37287E-03
 8884.06   0.51810E-03   0.37601E-03   0.37168E-03
 8897.67   0.51665E-03   0.37463E-03   0.37043E-03
 8911.27   0.51507E-03   0.37316E-03   0.36909E-03
 8924.88   0.51309E-03   0.37140E-03   0.36746E-03
 8938.48   0.51176E-03   0.37012E-03   0.36630E-03
 8952.09   0.51259E-03   0.37041E-03   0.36670E-03
 8965.69   0.51054E-03   0.36862E-03   0.36504E-03
 8979.30   0.50895E-03   0.36716E-03   0.36370E-03
 8992.90   0.50750E-03   0.36581E-03   0.36248E-03
 9006.51   0.50614E-03   0.36452E-03   0.36132E-03
 9020.11   0.50484E-03   0.36328E-03   0.36020E-03
 9033.72   0.50358E-03   0.36208E-03   0.35912E-03
 9047.32   0.50234E-03   0.36089E-03   0.35806E-03
 9060.93   0.50109E-03   0.35971E-03   0.35699E-03
 9074.53   0.49981E-03   0.35850E-03   0.35590E-03
 9088.14   0.49844E-03   0.35723E-03   0.35476E-03
 9101.74   0.49690E-03   0.35584E-03   0.35349E-03
 9115.35   0.49430E-03   0.35370E-03   0.35148E-03
 9128.95   0.49690E-03   0.35528E-03   0.35316E-03
 9142.56   0.49413E-03   0.35303E-03   0.35103E-03
 9156.16   0.49246E-03   0.35156E-03   0.34969E-03
 9169.77   0.49095E-03   0.35022E-03   0.34846E-03
 9183.37   0.48951E-03   0.34892E-03   0.34729E-03
 9196.98   0.48814E-03   0.34768E-03   0.34616E-03
 9210.58   0.48682E-03   0.34648E-03   0.34508E-03
 9224.19   0.48555E-03   0.34532E-03   0.34403E-03
 9237.79   0.48432E-03   0.34419E-03   0.34302E-03
 9251.40   0.48312E-03   0.34308E-03   0.34203E-03
 9265.00   0.48191E-03   0.34198E-03   0.34104E-03
 9278.61   0.48067E-03   0.34085E-03   0.34003E-03
 9292.21   0.47927E-03   0.33961E-03   0.33890E-03
 9305.82   0.47789E-03   0.33840E-03   0.33780E-03
 9319.42   0.47784E-03   0.33812E-03   0.33764E-03
 9333.03   0.47622E-03   0.33674E-03   0.33637E-03
 9346.63   0.47479E-03   0.33549E-03   0.33524E-03
 9360.24   0.47339E-03   0.33427E-03   0.33413E-03
 9373.84   0.47199E-03   0.33306E-03   0.33303E-03
 9387.45   0.47062E-03   0.33187E-03   0.33195E-03
 9401.05   0.46928E-03   0.33070E-03   0.33089E-03
 9414.66   0.46798E-03   0.32956E-03   0.32986E-03
 9428.26   0.46673E-03   0.32846E-03   0.32888E-03
 9441.87   0.46552E-03   0.32740E-03   0.32792E-03
 9455.47   0.46435E-03   0.32636E-03   0.32700E-03
 9469.08   0.46320E-03   0.32535E-03   0.32609E-03
 9482.68   0.46202E-03   0.32431E-03   0.32516E-03
 9496.29   0.46075E-03   0.32322E-03   0.32418E-03
 9509.89   0.45992E-03   0.32244E-03   0.32350E-03
 9523.50   0.45869E-03   0.32138E-03   0.32255E-03
 9537.10   0.45745E-03   0.32031E-03   0.32159E-03
 9550.71   0.45617E-03   0.31922E-03   0.32061E-03
 9564.31   0.45486E-03   0.31812E-03   0.31961E-03
 9577.92   0.45354E-03   0.31700E-03   0.31859E-03
 9591.52   0.45220E-03   0.31588E-03   0.31758E-03
 9605.13   0.45088E-03   0.31477E-03   0.31657E-03
 9618.73   0.44958E-03   0.31369E-03   0.31559E-03
 9632.34   0.44832E-03   0.31263E-03   0.31464E-03
 9645.94   0.44710E-03   0.31161E-03   0.31372E-03
 9659.55   0.44593E-03   0.31062E-03   0.31283E-03
 9673.15   0.44478E-03   0.30965E-03   0.31196E-03
 9686.76   0.44376E-03   0.30877E-03   0.31119E-03
 9700.36   0.44264E-03   0.30782E-03   0.31034E-03
 9713.97   0.44153E-03   0.30689E-03   0.30951E-03
 9727.57   0.44040E-03   0.30595E-03   0.30867E-03
 9741.18   0.43924E-03   0.30499E-03   0.30781E-03
 9754.78   0.43805E-03   0.30400E-03   0.30692E-03
 9768.39   0.43681E-03   0.30298E-03   0.30600E-03
 9781.99   0.43553E-03   0.30195E-03   0.30506E-03
 9795.60   0.43422E-03   0.30090E-03   0.30411E-03
 9809.20   0.43291E-03   0.29984E-03   0.30315E-03
 9822.81   0.43159E-03   0.29878E-03   0.30219E-03
 9836.41   0.43028E-03   0.29774E-03   0.30123E-03
 9850.02   0.42897E-03   0.29669E-03   0.30028E-03
 9863.62   0.42750E-03   0.29554E-03   0.29923E-03
 9877.23   0.42673E-03   0.29488E-03   0.29866E-03
 9890.83   0.42605E-03   0.29427E-03   0.29816E-03
 9904.44   0.42482E-03   0.29329E-03   0.29727E-03
 9918.04   0.42370E-03   0.29239E-03   0.29646E-03
 9931.65   0.42259E-03   0.29151E-03   0.29567E-03
 9945.25   0.42148E-03   0.29062E-03   0.29488E-03
 9958.86   0.42035E-03   0.28972E-03   0.29407E-03
 9972.46   0.41917E-03   0.28879E-03   0.29323E-03
 9986.07   0.41794E-03   0.28783E-03   0.29236E-03
 9999.67   0.41668E-03   0.28684E-03   0.29147E-03
