 5958.99   0.16681E-01   0.16521E-01   0.16659E-01
 5972.59   0.16642E-01   0.16483E-01   0.16621E-01
 5986.20   0.16580E-01   0.16422E-01   0.16561E-01
 5999.80   0.16522E-01   0.16365E-01   0.16504E-01
 6013.41   0.16465E-01   0.16309E-01   0.16448E-01
 6027.01   0.16409E-01   0.16254E-01   0.16393E-01
 6040.62   0.16352E-01   0.16198E-01   0.16338E-01
 6054.22   0.16295E-01   0.16142E-01   0.16282E-01
 6067.83   0.16238E-01   0.16086E-01   0.16226E-01
 6081.43   0.16178E-01   0.16027E-01   0.16168E-01
 6095.04   0.16114E-01   0.15964E-01   0.16104E-01
 6108.64   0.16051E-01   0.15902E-01   0.16043E-01
 6122.25   0.16022E-01   0.15874E-01   0.16015E-01
 6135.85   0.15961E-01   0.15814E-01   0.15955E-01
 6149.46   0.15904E-01   0.15758E-01   0.15900E-01
 6163.06   0.15849E-01   0.15703E-01   0.15845E-01
 6176.67   0.15794E-01   0.15650E-01   0.15792E-01
 6190.27   0.15741E-01   0.15598E-01   0.15740E-01
 6203.88   0.15687E-01   0.15545E-01   0.15688E-01
 6217.48   0.15634E-01   0.15492E-01   0.15635E-01
 6231.09   0.15579E-01   0.15438E-01   0.15581E-01
 6244.69   0.15520E-01   0.15381E-01   0.15524E-01
 6258.30   0.15461E-01   0.15323E-01   0.15466E-01
 6271.90   0.15431E-01   0.15294E-01   0.15437E-01
 6285.51   0.15372E-01   0.15235E-01   0.15379E-01
 6299.11   0.15316E-01   0.15181E-01   0.15325E-01
 6312.72   0.15262E-01   0.15128E-01   0.15272E-01
 6326.32   0.15209E-01   0.15076E-01   0.15220E-01
 6339.93   0.15158E-01   0.15025E-01   0.15169E-01
 6353.53   0.15107E-01   0.14975E-01   0.15120E-01
 6367.14   0.15056E-01   0.14925E-01   0.15070E-01
 6380.74   0.15006E-01   0.14875E-01   0.15021E-01
 6394.35   0.14954E-01   0.14824E-01   0.14970E-01
 6407.95   0.14900E-01   0.14772E-01   0.14918E-01
 6421.56   0.14865E-01   0.14738E-01   0.14884E-01
 6435.16   0.14810E-01   0.14683E-01   0.14829E-01
 6448.77   0.14757E-01   0.14631E-01   0.14777E-01
 6462.37   0.14705E-01   0.14580E-01   0.14726E-01
 6475.98   0.14653E-01   0.14530E-01   0.14676E-01
 6489.58   0.14603E-01   0.14480E-01   0.14626E-01
 6503.19   0.14553E-01   0.14431E-01   0.14578E-01
 6516.79   0.14504E-01   0.14383E-01   0.14530E-01
 6530.40   0.14456E-01   0.14336E-01   0.14483E-01
 6544.00   0.14409E-01   0.14289E-01   0.14437E-01
 6557.61   0.14360E-01   0.14242E-01   0.14389E-01
 6571.21   0.14309E-01   0.14192E-01   0.14339E-01
 6584.82   0.14270E-01   0.14153E-01   0.14301E-01
 6598.42   0.14221E-01   0.14106E-01   0.14253E-01
 6612.03   0.14173E-01   0.14058E-01   0.14206E-01
 6625.63   0.14124E-01   0.14010E-01   0.14158E-01
 6639.24   0.14075E-01   0.13962E-01   0.14110E-01
 6652.84   0.14027E-01   0.13915E-01   0.14063E-01
 6666.45   0.13979E-01   0.13867E-01   0.14016E-01
 6680.05   0.13932E-01   0.13821E-01   0.13970E-01
 6693.66   0.13885E-01   0.13776E-01   0.13924E-01
 6707.26   0.13840E-01   0.13731E-01   0.13880E-01
 6720.87   0.13796E-01   0.13688E-01   0.13837E-01
 6734.47   0.13752E-01   0.13645E-01   0.13794E-01
 6748.08   0.13707E-01   0.13601E-01   0.13750E-01
 6761.68   0.13662E-01   0.13557E-01   0.13706E-01
 6775.29   0.13617E-01   0.13513E-01   0.13662E-01
 6788.89   0.13572E-01   0.13468E-01   0.13618E-01
 6802.50   0.13526E-01   0.13423E-01   0.13573E-01
 6816.10   0.13480E-01   0.13378E-01   0.13527E-01
 6829.71   0.13433E-01   0.13332E-01   0.13482E-01
 6843.31   0.13387E-01   0.13287E-01   0.13437E-01
 6856.92   0.13342E-01   0.13243E-01   0.13392E-01
 6870.52   0.13296E-01   0.13198E-01   0.13348E-01
 6884.13   0.13255E-01   0.13157E-01   0.13308E-01
 6897.73   0.13217E-01   0.13120E-01   0.13270E-01
 6911.34   0.13173E-01   0.13077E-01   0.13227E-01
 6924.94   0.13131E-01   0.13036E-01   0.13186E-01
 6938.55   0.13089E-01   0.12994E-01   0.13145E-01
 6952.15   0.13046E-01   0.12953E-01   0.13103E-01
 6965.76   0.13003E-01   0.12910E-01   0.13061E-01
 6979.36   0.12959E-01   0.12868E-01   0.13018E-01
 6992.97   0.12915E-01   0.12824E-01   0.12975E-01
 7006.57   0.12871E-01   0.12780E-01   0.12931E-01
 7020.18   0.12826E-01   0.12736E-01   0.12887E-01
 7033.78   0.12777E-01   0.12688E-01   0.12839E-01
 7047.39   0.12736E-01   0.12649E-01   0.12800E-01
 7060.99   0.12710E-01   0.12623E-01   0.12774E-01
 7074.60   0.12666E-01   0.12580E-01   0.12731E-01
 7088.20   0.12625E-01   0.12540E-01   0.12691E-01
 7101.81   0.12585E-01   0.12500E-01   0.12652E-01
 7115.41   0.12545E-01   0.12461E-01   0.12613E-01
 7129.02   0.12505E-01   0.12422E-01   0.12573E-01
 7142.62   0.12464E-01   0.12382E-01   0.12533E-01
 7156.23   0.12423E-01   0.12341E-01   0.12493E-01
 7169.83   0.12380E-01   0.12300E-01   0.12451E-01
 7183.44   0.12336E-01   0.12256E-01   0.12408E-01
 7197.04   0.12285E-01   0.12206E-01   0.12358E-01
 7210.65   0.12244E-01   0.12166E-01   0.12317E-01
 7224.25   0.12230E-01   0.12153E-01   0.12305E-01
 7237.86   0.12186E-01   0.12109E-01   0.12261E-01
 7251.46   0.12145E-01   0.12069E-01   0.12221E-01
 7265.07   0.12106E-01   0.12031E-01   0.12182E-01
 7278.67   0.12067E-01   0.11993E-01   0.12145E-01
 7292.28   0.12029E-01   0.11956E-01   0.12108E-01
 7305.88   0.11991E-01   0.11919E-01   0.12071E-01
 7319.49   0.11953E-01   0.11881E-01   0.12033E-01
 7333.09   0.11914E-01   0.11843E-01   0.11995E-01
 7346.70   0.11873E-01   0.11802E-01   0.11954E-01
 7360.30   0.11825E-01   0.11756E-01   0.11908E-01
 7373.91   0.11783E-01   0.11715E-01   0.11867E-01
 7387.51   0.11775E-01   0.11707E-01   0.11859E-01
 7401.12   0.11730E-01   0.11663E-01   0.11815E-01
 7414.72   0.11689E-01   0.11623E-01   0.11775E-01
 7428.33   0.11650E-01   0.11585E-01   0.11737E-01
 7441.93   0.11612E-01   0.11548E-01   0.11700E-01
 7455.54   0.11576E-01   0.11512E-01   0.11664E-01
 7469.14   0.11540E-01   0.11477E-01   0.11629E-01
 7482.75   0.11504E-01   0.11442E-01   0.11594E-01
 7496.35   0.11468E-01   0.11406E-01   0.11558E-01
 7509.96   0.11431E-01   0.11370E-01   0.11522E-01
 7523.56   0.11391E-01   0.11331E-01   0.11483E-01
 7537.17   0.11351E-01   0.11292E-01   0.11444E-01
 7550.77   0.11339E-01   0.11280E-01   0.11433E-01
 7564.38   0.11295E-01   0.11237E-01   0.11389E-01
 7577.98   0.11256E-01   0.11199E-01   0.11351E-01
 7591.59   0.11218E-01   0.11161E-01   0.11314E-01
 7605.19   0.11180E-01   0.11125E-01   0.11277E-01
 7618.80   0.11144E-01   0.11090E-01   0.11242E-01
 7632.40   0.11109E-01   0.11055E-01   0.11207E-01
 7646.01   0.11074E-01   0.11021E-01   0.11173E-01
 7659.61   0.11040E-01   0.10988E-01   0.11140E-01
 7673.22   0.11007E-01   0.10955E-01   0.11107E-01
 7686.82   0.10972E-01   0.10921E-01   0.11074E-01
 7700.43   0.10933E-01   0.10883E-01   0.11035E-01
 7714.03   0.10919E-01   0.10869E-01   0.11022E-01
 7727.64   0.10877E-01   0.10829E-01   0.10981E-01
 7741.24   0.10841E-01   0.10794E-01   0.10946E-01
 7754.85   0.10805E-01   0.10759E-01   0.10911E-01
 7768.45   0.10770E-01   0.10724E-01   0.10876E-01
 7782.06   0.10734E-01   0.10689E-01   0.10841E-01
 7795.66   0.10699E-01   0.10655E-01   0.10807E-01
 7809.27   0.10665E-01   0.10621E-01   0.10773E-01
 7822.87   0.10632E-01   0.10589E-01   0.10740E-01
 7836.48   0.10599E-01   0.10557E-01   0.10709E-01
 7850.08   0.10567E-01   0.10526E-01   0.10677E-01
 7863.69   0.10535E-01   0.10495E-01   0.10646E-01
 7877.29   0.10503E-01   0.10463E-01   0.10615E-01
 7890.90   0.10474E-01   0.10435E-01   0.10587E-01
 7904.50   0.10442E-01   0.10404E-01   0.10556E-01
 7918.11   0.10410E-01   0.10372E-01   0.10524E-01
 7931.71   0.10377E-01   0.10340E-01   0.10492E-01
 7945.32   0.10344E-01   0.10308E-01   0.10459E-01
 7958.92   0.10311E-01   0.10275E-01   0.10427E-01
 7972.53   0.10277E-01   0.10242E-01   0.10394E-01
 7986.13   0.10244E-01   0.10210E-01   0.10361E-01
 7999.74   0.10211E-01   0.10178E-01   0.10329E-01
 8013.34   0.10179E-01   0.10146E-01   0.10298E-01
 8026.95   0.10147E-01   0.10116E-01   0.10267E-01
 8040.55   0.10116E-01   0.10085E-01   0.10236E-01
 8054.16   0.10088E-01   0.10058E-01   0.10209E-01
 8067.76   0.10059E-01   0.10030E-01   0.10181E-01
 8081.37   0.10030E-01   0.10001E-01   0.10152E-01
 8094.97   0.99997E-02   0.99718E-02   0.10123E-01
 8108.58   0.99695E-02   0.99424E-02   0.10093E-01
 8122.18   0.99388E-02   0.99124E-02   0.10063E-01
 8135.79   0.99075E-02   0.98819E-02   0.10033E-01
 8149.39   0.98757E-02   0.98508E-02   0.10002E-01
 8163.00   0.98437E-02   0.98195E-02   0.99701E-02
 8176.60   0.98115E-02   0.97881E-02   0.99386E-02
 8190.21   0.97794E-02   0.97567E-02   0.99071E-02
 8203.81   0.97468E-02   0.97249E-02   0.98752E-02
 8217.42   0.97083E-02   0.96873E-02   0.98374E-02
 8231.02   0.97041E-02   0.96835E-02   0.98339E-02
 8244.63   0.96672E-02   0.96474E-02   0.97977E-02
 8258.23   0.96374E-02   0.96184E-02   0.97686E-02
 8271.84   0.96088E-02   0.95907E-02   0.97407E-02
 8285.44   0.95805E-02   0.95631E-02   0.97132E-02
 8299.05   0.95521E-02   0.95354E-02   0.96854E-02
 8312.65   0.95232E-02   0.95073E-02   0.96572E-02
 8326.26   0.94936E-02   0.94785E-02   0.96283E-02
 8339.86   0.94634E-02   0.94490E-02   0.95987E-02
 8353.47   0.94325E-02   0.94188E-02   0.95684E-02
 8367.07   0.94007E-02   0.93877E-02   0.95371E-02
 8380.68   0.93668E-02   0.93546E-02   0.95039E-02
 8394.28   0.93174E-02   0.93057E-02   0.94546E-02
 8407.89   0.93394E-02   0.93286E-02   0.94782E-02
 8421.49   0.92965E-02   0.92864E-02   0.94357E-02
 8435.10   0.92656E-02   0.92563E-02   0.94054E-02
 8448.70   0.92371E-02   0.92286E-02   0.93776E-02
 8462.31   0.92097E-02   0.92019E-02   0.93509E-02
 8475.91   0.91828E-02   0.91758E-02   0.93247E-02
 8489.52   0.91560E-02   0.91497E-02   0.92985E-02
 8503.12   0.91288E-02   0.91232E-02   0.92720E-02
 8516.73   0.91010E-02   0.90962E-02   0.92448E-02
 8530.33   0.90723E-02   0.90682E-02   0.92167E-02
 8543.94   0.90422E-02   0.90388E-02   0.91872E-02
 8557.54   0.90091E-02   0.90064E-02   0.91546E-02
 8571.15   0.89580E-02   0.89560E-02   0.91037E-02
 8584.75   0.89968E-02   0.89957E-02   0.91444E-02
 8598.36   0.89458E-02   0.89454E-02   0.90936E-02
 8611.96   0.89135E-02   0.89138E-02   0.90618E-02
 8625.57   0.88845E-02   0.88856E-02   0.90334E-02
 8639.17   0.88571E-02   0.88589E-02   0.90066E-02
 8652.78   0.88307E-02   0.88333E-02   0.89809E-02
 8666.38   0.88050E-02   0.88083E-02   0.89559E-02
 8679.99   0.87796E-02   0.87837E-02   0.89311E-02
 8693.59   0.87541E-02   0.87589E-02   0.89063E-02
 8707.20   0.87281E-02   0.87337E-02   0.88809E-02
 8720.80   0.87010E-02   0.87073E-02   0.88544E-02
 8734.41   0.86716E-02   0.86786E-02   0.88255E-02
 8748.01   0.86321E-02   0.86397E-02   0.87863E-02
 8761.62   0.86048E-02   0.86131E-02   0.87596E-02
 8775.22   0.86120E-02   0.86212E-02   0.87682E-02
 8788.83   0.85794E-02   0.85893E-02   0.87361E-02
 8802.43   0.85504E-02   0.85610E-02   0.87075E-02
 8816.04   0.85228E-02   0.85341E-02   0.86805E-02
 8829.64   0.84963E-02   0.85083E-02   0.86546E-02
 8843.25   0.84707E-02   0.84835E-02   0.86296E-02
 8856.85   0.84459E-02   0.84595E-02   0.86055E-02
 8870.46   0.84217E-02   0.84360E-02   0.85819E-02
 8884.06   0.83977E-02   0.84128E-02   0.85586E-02
 8897.67   0.83735E-02   0.83893E-02   0.85351E-02
 8911.27   0.83484E-02   0.83650E-02   0.85106E-02
 8924.88   0.83199E-02   0.83372E-02   0.84826E-02
 8938.48   0.82932E-02   0.83111E-02   0.84563E-02
 8952.09   0.82904E-02   0.83093E-02   0.84548E-02
 8965.69   0.82596E-02   0.82791E-02   0.84244E-02
 8979.30   0.82321E-02   0.82523E-02   0.83974E-02
 8992.90   0.82054E-02   0.82263E-02   0.83712E-02
 9006.51   0.81792E-02   0.82008E-02   0.83455E-02
 9020.11   0.81535E-02   0.81758E-02   0.83204E-02
 9033.72   0.81286E-02   0.81516E-02   0.82961E-02
 9047.32   0.81044E-02   0.81282E-02   0.82725E-02
 9060.93   0.80810E-02   0.81055E-02   0.82497E-02
 9074.53   0.80581E-02   0.80834E-02   0.82275E-02
 9088.14   0.80355E-02   0.80616E-02   0.82056E-02
 9101.74   0.80127E-02   0.80395E-02   0.81834E-02
 9115.35   0.79865E-02   0.80140E-02   0.81577E-02
 9128.95   0.79779E-02   0.80062E-02   0.81500E-02
 9142.56   0.79503E-02   0.79792E-02   0.81228E-02
 9156.16   0.79260E-02   0.79557E-02   0.80992E-02
 9169.77   0.79018E-02   0.79321E-02   0.80754E-02
 9183.37   0.78773E-02   0.79083E-02   0.80515E-02
 9196.98   0.78526E-02   0.78844E-02   0.80274E-02
 9210.58   0.78280E-02   0.78605E-02   0.80033E-02
 9224.19   0.78037E-02   0.78369E-02   0.79795E-02
 9237.79   0.77799E-02   0.78138E-02   0.79563E-02
 9251.40   0.77567E-02   0.77914E-02   0.79337E-02
 9265.00   0.77343E-02   0.77697E-02   0.79119E-02
 9278.61   0.77125E-02   0.77487E-02   0.78908E-02
 9292.21   0.76912E-02   0.77281E-02   0.78701E-02
 9305.82   0.76705E-02   0.77082E-02   0.78500E-02
 9319.42   0.76509E-02   0.76891E-02   0.78309E-02
 9333.03   0.76298E-02   0.76688E-02   0.78104E-02
 9346.63   0.76085E-02   0.76483E-02   0.77898E-02
 9360.24   0.75868E-02   0.76273E-02   0.77686E-02
 9373.84   0.75645E-02   0.76057E-02   0.77469E-02
 9387.45   0.75417E-02   0.75836E-02   0.77246E-02
 9401.05   0.75185E-02   0.75611E-02   0.77020E-02
 9414.66   0.74951E-02   0.75384E-02   0.76791E-02
 9428.26   0.74717E-02   0.75157E-02   0.76562E-02
 9441.87   0.74486E-02   0.74933E-02   0.76336E-02
 9455.47   0.74259E-02   0.74713E-02   0.76115E-02
 9469.08   0.74035E-02   0.74497E-02   0.75897E-02
 9482.68   0.73804E-02   0.74274E-02   0.75672E-02
 9496.29   0.73635E-02   0.74112E-02   0.75510E-02
 9509.89   0.73472E-02   0.73954E-02   0.75351E-02
 9523.50   0.73261E-02   0.73751E-02   0.75147E-02
 9537.10   0.73061E-02   0.73559E-02   0.74953E-02
 9550.71   0.72861E-02   0.73366E-02   0.74759E-02
 9564.31   0.72658E-02   0.73170E-02   0.74562E-02
 9577.92   0.72450E-02   0.72970E-02   0.74359E-02
 9591.52   0.72236E-02   0.72763E-02   0.74151E-02
 9605.13   0.72017E-02   0.72550E-02   0.73936E-02
 9618.73   0.71792E-02   0.72333E-02   0.73717E-02
 9632.34   0.71565E-02   0.72112E-02   0.73494E-02
 9645.94   0.71334E-02   0.71887E-02   0.73268E-02
 9659.55   0.71094E-02   0.71655E-02   0.73033E-02
 9673.15   0.70807E-02   0.71375E-02   0.72749E-02
 9686.76   0.70672E-02   0.71248E-02   0.72622E-02
 9700.36   0.70622E-02   0.71204E-02   0.72580E-02
 9713.97   0.70389E-02   0.70979E-02   0.72353E-02
 9727.57   0.70186E-02   0.70783E-02   0.72155E-02
 9741.18   0.69993E-02   0.70597E-02   0.71968E-02
 9754.78   0.69803E-02   0.70415E-02   0.71784E-02
 9768.39   0.69612E-02   0.70231E-02   0.71599E-02
 9781.99   0.69418E-02   0.70044E-02   0.71410E-02
 9795.60   0.69217E-02   0.69851E-02   0.71215E-02
 9809.20   0.69010E-02   0.69650E-02   0.71013E-02
 9822.81   0.68795E-02   0.69441E-02   0.70802E-02
 9836.41   0.68569E-02   0.69222E-02   0.70580E-02
 9850.02   0.68323E-02   0.68983E-02   0.70338E-02
 9863.62   0.67995E-02   0.68660E-02   0.70011E-02
 9877.23   0.67862E-02   0.68535E-02   0.69885E-02
 9890.83   0.67945E-02   0.68627E-02   0.69982E-02
 9904.44   0.67680E-02   0.68369E-02   0.69720E-02
 9918.04   0.67464E-02   0.68160E-02   0.69509E-02
 9931.65   0.67267E-02   0.67970E-02   0.69317E-02
 9945.25   0.67079E-02   0.67790E-02   0.69135E-02
 9958.86   0.66897E-02   0.67615E-02   0.68959E-02
 9972.46   0.66717E-02   0.67442E-02   0.68785E-02
 9986.07   0.66536E-02   0.67268E-02   0.68609E-02
 9999.67   0.66349E-02   0.67088E-02   0.68428E-02
