   68.02   0.37840E+00   0.37809E+00   0.33023E+00
   81.63   0.33287E+00   0.33229E+00   0.29605E+00
   95.23   0.30416E+00   0.30346E+00   0.27550E+00
  108.84   0.28364E+00   0.28290E+00   0.26101E+00
  122.44   0.26733E+00   0.26661E+00   0.24931E+00
  136.05   0.25342E+00   0.25274E+00   0.23898E+00
  149.65   0.24102E+00   0.24041E+00   0.22943E+00
  163.26   0.22973E+00   0.22919E+00   0.22040E+00
  176.86   0.21927E+00   0.21880E+00   0.21175E+00
  190.47   0.20950E+00   0.20911E+00   0.20345E+00
  204.07   0.20033E+00   0.20002E+00   0.19549E+00
  217.68   0.19173E+00   0.19150E+00   0.18788E+00
  231.28   0.18365E+00   0.18348E+00   0.18063E+00
  244.89   0.17604E+00   0.17594E+00   0.17372E+00
  258.49   0.16885E+00   0.16882E+00   0.16712E+00
  272.10   0.16206E+00   0.16209E+00   0.16083E+00
  285.70   0.15562E+00   0.15571E+00   0.15482E+00
  299.31   0.14952E+00   0.14966E+00   0.14907E+00
  312.91   0.14374E+00   0.14393E+00   0.14360E+00
  326.52   0.13827E+00   0.13851E+00   0.13840E+00
  340.12   0.13310E+00   0.13338E+00   0.13345E+00
  353.73   0.12821E+00   0.12853E+00   0.12876E+00
  367.33   0.12358E+00   0.12394E+00   0.12430E+00
  380.94   0.11920E+00   0.11960E+00   0.12007E+00
  394.54   0.11505E+00   0.11549E+00   0.11605E+00
  408.15   0.11110E+00   0.11157E+00   0.11221E+00
  421.75   0.10736E+00   0.10785E+00   0.10857E+00
  435.36   0.10378E+00   0.10431E+00   0.10508E+00
  448.96   0.10037E+00   0.10093E+00   0.10174E+00
  462.57   0.97128E-01   0.97708E-01   0.98560E-01
  476.17   0.94032E-01   0.94635E-01   0.95518E-01
  489.78   0.91082E-01   0.91708E-01   0.92616E-01
  503.38   0.88272E-01   0.88919E-01   0.89847E-01
  516.99   0.85591E-01   0.86258E-01   0.87201E-01
  530.59   0.83034E-01   0.83720E-01   0.84673E-01
  544.20   0.80594E-01   0.81298E-01   0.82259E-01
  557.80   0.78260E-01   0.78981E-01   0.79947E-01
  571.41   0.76025E-01   0.76762E-01   0.77730E-01
  585.01   0.73886E-01   0.74638E-01   0.75607E-01
  598.62   0.71833E-01   0.72599E-01   0.73565E-01
  612.22   0.69863E-01   0.70642E-01   0.71605E-01
  625.83   0.67967E-01   0.68758E-01   0.69715E-01
  639.43   0.66155E-01   0.66957E-01   0.67908E-01
  653.04   0.64410E-01   0.65224E-01   0.66167E-01
  666.64   0.62735E-01   0.63558E-01   0.64492E-01
  680.25   0.61128E-01   0.61960E-01   0.62885E-01
  693.85   0.59578E-01   0.60419E-01   0.61334E-01
  707.46   0.58091E-01   0.58941E-01   0.59845E-01
  721.06   0.56661E-01   0.57518E-01   0.58411E-01
  734.67   0.55285E-01   0.56150E-01   0.57031E-01
  748.27   0.53958E-01   0.54829E-01   0.55698E-01
  761.88   0.52679E-01   0.53556E-01   0.54413E-01
  775.48   0.51445E-01   0.52328E-01   0.53172E-01
  789.09   0.50254E-01   0.51142E-01   0.51974E-01
  802.69   0.49102E-01   0.49995E-01   0.50815E-01
  816.30   0.47989E-01   0.48887E-01   0.49693E-01
  829.90   0.46913E-01   0.47815E-01   0.48609E-01
  843.51   0.45874E-01   0.46779E-01   0.47560E-01
  857.11   0.44868E-01   0.45777E-01   0.46545E-01
  870.72   0.43894E-01   0.44807E-01   0.45562E-01
  884.32   0.42953E-01   0.43868E-01   0.44610E-01
  897.93   0.42043E-01   0.42962E-01   0.43690E-01
  911.53   0.41162E-01   0.42083E-01   0.42798E-01
  925.14   0.40308E-01   0.41232E-01   0.41935E-01
  938.74   0.39481E-01   0.40407E-01   0.41097E-01
  952.35   0.38679E-01   0.39606E-01   0.40284E-01
  965.95   0.37904E-01   0.38833E-01   0.39498E-01
  979.56   0.37151E-01   0.38081E-01   0.38734E-01
  993.16   0.36419E-01   0.37351E-01   0.37991E-01
 1006.77   0.35708E-01   0.36640E-01   0.37269E-01
 1020.37   0.35020E-01   0.35953E-01   0.36569E-01
 1033.98   0.34349E-01   0.35282E-01   0.35887E-01
 1047.58   0.33697E-01   0.34631E-01   0.35224E-01
 1061.19   0.33064E-01   0.33998E-01   0.34579E-01
 1074.79   0.32446E-01   0.33381E-01   0.33951E-01
 1088.40   0.31849E-01   0.32783E-01   0.33342E-01
 1102.00   0.31266E-01   0.32200E-01   0.32748E-01
 1115.61   0.30700E-01   0.31634E-01   0.32170E-01
 1129.21   0.30149E-01   0.31082E-01   0.31608E-01
 1142.82   0.29614E-01   0.30547E-01   0.31062E-01
 1156.42   0.29092E-01   0.30024E-01   0.30528E-01
 1170.03   0.28584E-01   0.29514E-01   0.30009E-01
 1183.63   0.28089E-01   0.29019E-01   0.29503E-01
 1197.24   0.27608E-01   0.28536E-01   0.29010E-01
 1210.84   0.27138E-01   0.28065E-01   0.28529E-01
 1224.45   0.26681E-01   0.27606E-01   0.28060E-01
 1238.05   0.26234E-01   0.27158E-01   0.27603E-01
 1251.66   0.25798E-01   0.26720E-01   0.27156E-01
 1265.26   0.25373E-01   0.26294E-01   0.26719E-01
 1278.87   0.24959E-01   0.25877E-01   0.26294E-01
 1292.47   0.24554E-01   0.25470E-01   0.25878E-01
 1306.08   0.24159E-01   0.25073E-01   0.25472E-01
 1319.68   0.23772E-01   0.24685E-01   0.25075E-01
 1333.29   0.23395E-01   0.24305E-01   0.24687E-01
 1346.89   0.23028E-01   0.23936E-01   0.24309E-01
 1360.50   0.22668E-01   0.23574E-01   0.23938E-01
 1374.10   0.22317E-01   0.23220E-01   0.23577E-01
 1387.71   0.21974E-01   0.22875E-01   0.23223E-01
 1401.31   0.21639E-01   0.22537E-01   0.22877E-01
 1414.92   0.21311E-01   0.22206E-01   0.22538E-01
 1428.52   0.20992E-01   0.21884E-01   0.22209E-01
 1442.13   0.20679E-01   0.21568E-01   0.21885E-01
 1455.73   0.20373E-01   0.21260E-01   0.21569E-01
 1469.34   0.20074E-01   0.20957E-01   0.21260E-01
 1482.94   0.19780E-01   0.20660E-01   0.20955E-01
 1496.55   0.19494E-01   0.20372E-01   0.20660E-01
 1510.15   0.19213E-01   0.20088E-01   0.20369E-01
 1523.76   0.18938E-01   0.19810E-01   0.20084E-01
 1537.36   0.18669E-01   0.19538E-01   0.19805E-01
 1550.97   0.18406E-01   0.19271E-01   0.19532E-01
 1564.57   0.18147E-01   0.19009E-01   0.19263E-01
 1578.18   0.17895E-01   0.18754E-01   0.19001E-01
 1591.78   0.17647E-01   0.18502E-01   0.18744E-01
 1605.39   0.17405E-01   0.18256E-01   0.18491E-01
 1618.99   0.17167E-01   0.18015E-01   0.18244E-01
 1632.60   0.16934E-01   0.17778E-01   0.18001E-01
 1646.20   0.16706E-01   0.17547E-01   0.17764E-01
 1659.81   0.16482E-01   0.17320E-01   0.17531E-01
 1673.41   0.16263E-01   0.17097E-01   0.17302E-01
 1687.02   0.16048E-01   0.16878E-01   0.17078E-01
 1700.62   0.15837E-01   0.16663E-01   0.16858E-01
 1714.23   0.15631E-01   0.16453E-01   0.16642E-01
 1727.83   0.15428E-01   0.16247E-01   0.16430E-01
 1741.44   0.15230E-01   0.16045E-01   0.16223E-01
 1755.04   0.15035E-01   0.15846E-01   0.16019E-01
 1768.65   0.14843E-01   0.15651E-01   0.15818E-01
 1782.25   0.14655E-01   0.15459E-01   0.15621E-01
 1795.86   0.14471E-01   0.15270E-01   0.15428E-01
 1809.46   0.14290E-01   0.15086E-01   0.15239E-01
 1823.07   0.14113E-01   0.14905E-01   0.15052E-01
 1836.67   0.13938E-01   0.14726E-01   0.14869E-01
 1850.28   0.13767E-01   0.14551E-01   0.14689E-01
 1863.88   0.13598E-01   0.14378E-01   0.14512E-01
 1877.49   0.13433E-01   0.14208E-01   0.14338E-01
 1891.09   0.13271E-01   0.14043E-01   0.14168E-01
 1904.70   0.13111E-01   0.13879E-01   0.14000E-01
 1918.30   0.12955E-01   0.13719E-01   0.13835E-01
 1931.91   0.12801E-01   0.13561E-01   0.13673E-01
 1945.51   0.12650E-01   0.13405E-01   0.13513E-01
 1959.12   0.12501E-01   0.13252E-01   0.13356E-01
 1972.72   0.12356E-01   0.13104E-01   0.13203E-01
 1986.33   0.12212E-01   0.12955E-01   0.13051E-01
 1999.93   0.12071E-01   0.12810E-01   0.12902E-01
 2013.54   0.11932E-01   0.12667E-01   0.12755E-01
 2027.14   0.11796E-01   0.12527E-01   0.12611E-01
 2040.75   0.11662E-01   0.12389E-01   0.12469E-01
 2054.35   0.11529E-01   0.12252E-01   0.12328E-01
 2067.96   0.11401E-01   0.12120E-01   0.12193E-01
 2081.56   0.11274E-01   0.11988E-01   0.12058E-01
 2095.17   0.11148E-01   0.11858E-01   0.11925E-01
 2108.77   0.11025E-01   0.11731E-01   0.11794E-01
 2122.38   0.10904E-01   0.11605E-01   0.11665E-01
 2135.98   0.10784E-01   0.11482E-01   0.11538E-01
 2149.59   0.10668E-01   0.11361E-01   0.11414E-01
 2163.19   0.10552E-01   0.11241E-01   0.11290E-01
 2176.80   0.10438E-01   0.11123E-01   0.11169E-01
 2190.40   0.10326E-01   0.11006E-01   0.11050E-01
 2204.01   0.10216E-01   0.10892E-01   0.10932E-01
 2217.61   0.10108E-01   0.10779E-01   0.10817E-01
 2231.22   0.10001E-01   0.10668E-01   0.10703E-01
 2244.82   0.98961E-02   0.10559E-01   0.10591E-01
 2258.43   0.97925E-02   0.10452E-01   0.10480E-01
 2272.03   0.96904E-02   0.10345E-01   0.10371E-01
 2285.64   0.95900E-02   0.10241E-01   0.10264E-01
 2299.24   0.94912E-02   0.10138E-01   0.10158E-01
 2312.85   0.93941E-02   0.10036E-01   0.10054E-01
 2326.45   0.92984E-02   0.99364E-02   0.99515E-02
 2340.06   0.92043E-02   0.98381E-02   0.98506E-02
 2353.66   0.91115E-02   0.97411E-02   0.97510E-02
 2367.27   0.90199E-02   0.96453E-02   0.96528E-02
 2380.87   0.89297E-02   0.95508E-02   0.95558E-02
 2394.48   0.88408E-02   0.94577E-02   0.94602E-02
 2408.08   0.87533E-02   0.93659E-02   0.93661E-02
 2421.69   0.86672E-02   0.92757E-02   0.92736E-02
 2435.29   0.85825E-02   0.91867E-02   0.91823E-02
 2448.90   0.84989E-02   0.90989E-02   0.90922E-02
 2462.50   0.84164E-02   0.90122E-02   0.90033E-02
 2476.11   0.83350E-02   0.89266E-02   0.89155E-02
 2489.71   0.82546E-02   0.88420E-02   0.88287E-02
 2503.32   0.81753E-02   0.87585E-02   0.87431E-02
 2516.92   0.80968E-02   0.86758E-02   0.86583E-02
 2530.53   0.80211E-02   0.85959E-02   0.85764E-02
 2544.13   0.79454E-02   0.85160E-02   0.84945E-02
 2557.74   0.78708E-02   0.84373E-02   0.84138E-02
 2571.34   0.77972E-02   0.83595E-02   0.83340E-02
 2584.95   0.77245E-02   0.82826E-02   0.82552E-02
 2598.55   0.76526E-02   0.82065E-02   0.81772E-02
 2612.16   0.75813E-02   0.81310E-02   0.80999E-02
 2625.76   0.75131E-02   0.80586E-02   0.80258E-02
 2639.37   0.74442E-02   0.79856E-02   0.79509E-02
 2652.97   0.73765E-02   0.79138E-02   0.78773E-02
 2666.58   0.73098E-02   0.78429E-02   0.78048E-02
 2680.18   0.72440E-02   0.77730E-02   0.77332E-02
 2693.79   0.71789E-02   0.77037E-02   0.76622E-02
 2707.39   0.71139E-02   0.76345E-02   0.75914E-02
 2721.00   0.70525E-02   0.75692E-02   0.75245E-02
 2734.60   0.69895E-02   0.75020E-02   0.74557E-02
 2748.21   0.69277E-02   0.74361E-02   0.73883E-02
 2761.81   0.68670E-02   0.73713E-02   0.73219E-02
 2775.42   0.68072E-02   0.73074E-02   0.72565E-02
 2789.02   0.67481E-02   0.72442E-02   0.71919E-02
 2802.63   0.66895E-02   0.71815E-02   0.71278E-02
 2816.23   0.66314E-02   0.71193E-02   0.70642E-02
 2829.84   0.65756E-02   0.70595E-02   0.70030E-02
 2843.44   0.65192E-02   0.69990E-02   0.69411E-02
 2857.05   0.64636E-02   0.69393E-02   0.68801E-02
 2870.65   0.64088E-02   0.68805E-02   0.68200E-02
 2884.26   0.63548E-02   0.68225E-02   0.67607E-02
 2897.86   0.63016E-02   0.67652E-02   0.67021E-02
 2911.47   0.62488E-02   0.67084E-02   0.66441E-02
 2925.07   0.61976E-02   0.66532E-02   0.65877E-02
 2938.68   0.61460E-02   0.65976E-02   0.65309E-02
 2952.28   0.60951E-02   0.65427E-02   0.64748E-02
 2965.89   0.60449E-02   0.64885E-02   0.64195E-02
 2979.49   0.59954E-02   0.64350E-02   0.63648E-02
 2993.10   0.59466E-02   0.63822E-02   0.63110E-02
 3006.70   0.58985E-02   0.63302E-02   0.62578E-02
 3020.31   0.58510E-02   0.62788E-02   0.62054E-02
 3033.91   0.58042E-02   0.62280E-02   0.61536E-02
 3047.52   0.57579E-02   0.61777E-02   0.61023E-02
 3061.12   0.57120E-02   0.61279E-02   0.60515E-02
 3074.73   0.56665E-02   0.60786E-02   0.60012E-02
 3088.33   0.56217E-02   0.60298E-02   0.59514E-02
 3101.94   0.55773E-02   0.59816E-02   0.59023E-02
 3115.54   0.55336E-02   0.59340E-02   0.58538E-02
 3129.15   0.54906E-02   0.58871E-02   0.58060E-02
 3142.75   0.54482E-02   0.58409E-02   0.57589E-02
 3156.36   0.54062E-02   0.57950E-02   0.57122E-02
 3169.96   0.53646E-02   0.57496E-02   0.56659E-02
 3183.57   0.53234E-02   0.57046E-02   0.56201E-02
 3197.17   0.52826E-02   0.56600E-02   0.55747E-02
 3210.78   0.52422E-02   0.56158E-02   0.55297E-02
 3224.38   0.52023E-02   0.55720E-02   0.54852E-02
 3237.99   0.51628E-02   0.55288E-02   0.54412E-02
 3251.59   0.51247E-02   0.54870E-02   0.53986E-02
 3265.20   0.50863E-02   0.54449E-02   0.53558E-02
 3278.80   0.50485E-02   0.54033E-02   0.53135E-02
 3292.41   0.50111E-02   0.53622E-02   0.52717E-02
 3306.01   0.49740E-02   0.53214E-02   0.52302E-02
 3319.62   0.49372E-02   0.52809E-02   0.51890E-02
 3333.22   0.49006E-02   0.52406E-02   0.51481E-02
 3346.83   0.48644E-02   0.52006E-02   0.51076E-02
 3360.43   0.48303E-02   0.51630E-02   0.50693E-02
 3374.04   0.47949E-02   0.51239E-02   0.50296E-02
 3387.64   0.47603E-02   0.50857E-02   0.49908E-02
 3401.25   0.47261E-02   0.50479E-02   0.49525E-02
 3414.85   0.46924E-02   0.50105E-02   0.49146E-02
 3428.46   0.46589E-02   0.49735E-02   0.48770E-02
 3442.06   0.46256E-02   0.49366E-02   0.48396E-02
 3455.67   0.45920E-02   0.48993E-02   0.48018E-02
 3469.27   0.45620E-02   0.48659E-02   0.47679E-02
 3482.88   0.45290E-02   0.48293E-02   0.47308E-02
 3496.48   0.44971E-02   0.47939E-02   0.46949E-02
 3510.09   0.44658E-02   0.47591E-02   0.46596E-02
 3523.69   0.44349E-02   0.47247E-02   0.46248E-02
 3537.30   0.44044E-02   0.46906E-02   0.45903E-02
 3550.90   0.43741E-02   0.46569E-02   0.45562E-02
 3564.51   0.43439E-02   0.46231E-02   0.45220E-02
 3578.11   0.43131E-02   0.45888E-02   0.44873E-02
 3591.72   0.42858E-02   0.45582E-02   0.44563E-02
 3605.32   0.42564E-02   0.45253E-02   0.44231E-02
 3618.93   0.42275E-02   0.44930E-02   0.43904E-02
 3632.53   0.41990E-02   0.44610E-02   0.43581E-02
 3646.14   0.41709E-02   0.44296E-02   0.43263E-02
 3659.74   0.41432E-02   0.43985E-02   0.42949E-02
 3673.35   0.41157E-02   0.43676E-02   0.42637E-02
 3686.95   0.40882E-02   0.43367E-02   0.42325E-02
 3700.56   0.40624E-02   0.43076E-02   0.42031E-02
 3714.16   0.40353E-02   0.42772E-02   0.41724E-02
 3727.77   0.40087E-02   0.42472E-02   0.41422E-02
 3741.37   0.39824E-02   0.42176E-02   0.41123E-02
 3754.98   0.39564E-02   0.41883E-02   0.40828E-02
 3768.58   0.39308E-02   0.41594E-02   0.40536E-02
 3782.19   0.39055E-02   0.41308E-02   0.40248E-02
 3795.79   0.38806E-02   0.41026E-02   0.39964E-02
 3809.40   0.38558E-02   0.40746E-02   0.39682E-02
 3823.00   0.38316E-02   0.40472E-02   0.39405E-02
 3836.61   0.38073E-02   0.40196E-02   0.39128E-02
 3850.21   0.37832E-02   0.39923E-02   0.38853E-02
 3863.82   0.37592E-02   0.39651E-02   0.38580E-02
 3877.42   0.37355E-02   0.39382E-02   0.38309E-02
 3891.03   0.37121E-02   0.39116E-02   0.38042E-02
 3904.63   0.36889E-02   0.38853E-02   0.37777E-02
 3918.24   0.36661E-02   0.38593E-02   0.37516E-02
 3931.84   0.36436E-02   0.38337E-02   0.37259E-02
 3945.45   0.36214E-02   0.38083E-02   0.37004E-02
 3959.05   0.35993E-02   0.37831E-02   0.36751E-02
 3972.66   0.35774E-02   0.37581E-02   0.36499E-02
 3986.26   0.35555E-02   0.37332E-02   0.36249E-02
 3999.87   0.35339E-02   0.37084E-02   0.36001E-02
 4013.47   0.35123E-02   0.36838E-02   0.35755E-02
 4027.08   0.34910E-02   0.36594E-02   0.35510E-02
 4040.68   0.34699E-02   0.36352E-02   0.35268E-02
 4054.29   0.34491E-02   0.36114E-02   0.35029E-02
 4067.89   0.34292E-02   0.35885E-02   0.34800E-02
 4081.50   0.34089E-02   0.35652E-02   0.34566E-02
 4095.10   0.33888E-02   0.35422E-02   0.34335E-02
 4108.71   0.33689E-02   0.35193E-02   0.34107E-02
 4122.31   0.33491E-02   0.34965E-02   0.33879E-02
 4135.92   0.33294E-02   0.34739E-02   0.33652E-02
 4149.52   0.33097E-02   0.34513E-02   0.33426E-02
 4163.13   0.32901E-02   0.34287E-02   0.33201E-02
 4176.73   0.32707E-02   0.34063E-02   0.32977E-02
 4190.34   0.32532E-02   0.33860E-02   0.32774E-02
 4203.94   0.32342E-02   0.33642E-02   0.32556E-02
 4217.55   0.32157E-02   0.33428E-02   0.32343E-02
 4231.15   0.31974E-02   0.33217E-02   0.32132E-02
 4244.76   0.31793E-02   0.33007E-02   0.31923E-02
 4258.36   0.31613E-02   0.32799E-02   0.31715E-02
 4271.97   0.31433E-02   0.32591E-02   0.31508E-02
 4285.57   0.31253E-02   0.32382E-02   0.31300E-02
 4299.18   0.31073E-02   0.32174E-02   0.31093E-02
 4312.78   0.30918E-02   0.31993E-02   0.30911E-02
 4326.39   0.30738E-02   0.31785E-02   0.30705E-02
 4339.99   0.30566E-02   0.31585E-02   0.30506E-02
 4353.60   0.30397E-02   0.31389E-02   0.30310E-02
 4367.20   0.30230E-02   0.31195E-02   0.30117E-02
 4380.81   0.30065E-02   0.31003E-02   0.29926E-02
 4394.41   0.29900E-02   0.30812E-02   0.29736E-02
 4408.02   0.29736E-02   0.30620E-02   0.29546E-02
 4421.62   0.29567E-02   0.30425E-02   0.29352E-02
 4435.23   0.29439E-02   0.30271E-02   0.29199E-02
 4448.83   0.29262E-02   0.30067E-02   0.28997E-02
 4462.44   0.29101E-02   0.29880E-02   0.28811E-02
 4476.04   0.28943E-02   0.29695E-02   0.28628E-02
 4489.65   0.28788E-02   0.29514E-02   0.28448E-02
 4503.25   0.28635E-02   0.29335E-02   0.28271E-02
 4516.86   0.28483E-02   0.29158E-02   0.28096E-02
 4530.46   0.28333E-02   0.28983E-02   0.27922E-02
 4544.07   0.28183E-02   0.28807E-02   0.27748E-02
 4557.67   0.28032E-02   0.28630E-02   0.27573E-02
 4571.28   0.27898E-02   0.28471E-02   0.27415E-02
 4584.88   0.27748E-02   0.28296E-02   0.27242E-02
 4598.49   0.27601E-02   0.28124E-02   0.27072E-02
 4612.09   0.27456E-02   0.27954E-02   0.26904E-02
 4625.70   0.27313E-02   0.27787E-02   0.26738E-02
 4639.30   0.27172E-02   0.27621E-02   0.26575E-02
 4652.91   0.27032E-02   0.27457E-02   0.26413E-02
 4666.51   0.26895E-02   0.27296E-02   0.26254E-02
 4680.12   0.26759E-02   0.27135E-02   0.26095E-02
 4693.72   0.26619E-02   0.26972E-02   0.25934E-02
 4707.33   0.26492E-02   0.26820E-02   0.25785E-02
 4720.93   0.26357E-02   0.26662E-02   0.25629E-02
 4734.54   0.26223E-02   0.26505E-02   0.25473E-02
 4748.14   0.26090E-02   0.26348E-02   0.25319E-02
 4761.75   0.25958E-02   0.26192E-02   0.25166E-02
 4775.35   0.25828E-02   0.26038E-02   0.25014E-02
 4788.96   0.25699E-02   0.25886E-02   0.24865E-02
 4802.56   0.25572E-02   0.25736E-02   0.24717E-02
 4816.17   0.25447E-02   0.25588E-02   0.24572E-02
 4829.77   0.25323E-02   0.25442E-02   0.24428E-02
 4843.38   0.25200E-02   0.25296E-02   0.24285E-02
 4856.98   0.25077E-02   0.25151E-02   0.24142E-02
 4870.59   0.24955E-02   0.25007E-02   0.24000E-02
 4884.19   0.24833E-02   0.24862E-02   0.23858E-02
 4897.80   0.24711E-02   0.24718E-02   0.23717E-02
 4911.40   0.24590E-02   0.24575E-02   0.23577E-02
 4925.01   0.24470E-02   0.24433E-02   0.23437E-02
 4938.61   0.24351E-02   0.24292E-02   0.23300E-02
 4952.22   0.24232E-02   0.24152E-02   0.23162E-02
 4965.82   0.24125E-02   0.24023E-02   0.23036E-02
 4979.43   0.24008E-02   0.23885E-02   0.22901E-02
 4993.03   0.23895E-02   0.23751E-02   0.22769E-02
 5006.64   0.23783E-02   0.23617E-02   0.22639E-02
 5020.24   0.23671E-02   0.23484E-02   0.22509E-02
 5033.85   0.23559E-02   0.23351E-02   0.22379E-02
 5047.45   0.23447E-02   0.23219E-02   0.22249E-02
 5061.06   0.23335E-02   0.23086E-02   0.22119E-02
 5074.66   0.23223E-02   0.22954E-02   0.21990E-02
 5088.27   0.23108E-02   0.22818E-02   0.21858E-02
 5101.87   0.23024E-02   0.22714E-02   0.21756E-02
 5115.48   0.22908E-02   0.22577E-02   0.21623E-02
 5129.08   0.22802E-02   0.22451E-02   0.21500E-02
 5142.69   0.22697E-02   0.22327E-02   0.21379E-02
 5156.29   0.22594E-02   0.22204E-02   0.21259E-02
 5169.90   0.22491E-02   0.22081E-02   0.21139E-02
 5183.50   0.22388E-02   0.21959E-02   0.21020E-02
 5197.11   0.22285E-02   0.21836E-02   0.20901E-02
 5210.71   0.22181E-02   0.21713E-02   0.20781E-02
 5224.32   0.22072E-02   0.21585E-02   0.20657E-02
 5237.92   0.21963E-02   0.21457E-02   0.20532E-02
 5251.53   0.21891E-02   0.21365E-02   0.20443E-02
 5265.13   0.21789E-02   0.21244E-02   0.20325E-02
 5278.74   0.21690E-02   0.21127E-02   0.20212E-02
 5292.34   0.21594E-02   0.21012E-02   0.20100E-02
 5305.95   0.21499E-02   0.20899E-02   0.19990E-02
 5319.55   0.21404E-02   0.20786E-02   0.19880E-02
 5333.16   0.21310E-02   0.20673E-02   0.19771E-02
 5346.76   0.21214E-02   0.20559E-02   0.19661E-02
 5360.37   0.21116E-02   0.20443E-02   0.19548E-02
 5373.97   0.21018E-02   0.20327E-02   0.19436E-02
 5387.58   0.20949E-02   0.20240E-02   0.19351E-02
 5401.18   0.20850E-02   0.20123E-02   0.19238E-02
 5414.79   0.20756E-02   0.20012E-02   0.19131E-02
 5428.39   0.20665E-02   0.19903E-02   0.19026E-02
 5442.00   0.20575E-02   0.19797E-02   0.18922E-02
 5455.60   0.20487E-02   0.19691E-02   0.18821E-02
 5469.21   0.20399E-02   0.19587E-02   0.18720E-02
 5482.81   0.20312E-02   0.19483E-02   0.18619E-02
 5496.42   0.20224E-02   0.19378E-02   0.18518E-02
 5510.02   0.20130E-02   0.19268E-02   0.18412E-02
 5523.63   0.20074E-02   0.19193E-02   0.18340E-02
 5537.23   0.19975E-02   0.19078E-02   0.18229E-02
 5550.84   0.19886E-02   0.18974E-02   0.18128E-02
 5564.44   0.19800E-02   0.18871E-02   0.18029E-02
 5578.05   0.19714E-02   0.18770E-02   0.17932E-02
 5591.65   0.19630E-02   0.18670E-02   0.17836E-02
 5605.26   0.19548E-02   0.18572E-02   0.17741E-02
 5618.86   0.19467E-02   0.18475E-02   0.17648E-02
 5632.47   0.19386E-02   0.18378E-02   0.17555E-02
 5646.07   0.19306E-02   0.18282E-02   0.17463E-02
 5659.68   0.19224E-02   0.18185E-02   0.17369E-02
 5673.28   0.19154E-02   0.18099E-02   0.17287E-02
 5686.89   0.19072E-02   0.18002E-02   0.17194E-02
 5700.49   0.18991E-02   0.17907E-02   0.17102E-02
 5714.10   0.18911E-02   0.17812E-02   0.17011E-02
 5727.70   0.18832E-02   0.17718E-02   0.16921E-02
 5741.31   0.18753E-02   0.17624E-02   0.16831E-02
 5754.91   0.18676E-02   0.17532E-02   0.16743E-02
 5768.52   0.18599E-02   0.17442E-02   0.16656E-02
 5782.12   0.18524E-02   0.17352E-02   0.16570E-02
 5795.73   0.18450E-02   0.17264E-02   0.16486E-02
 5809.33   0.18376E-02   0.17176E-02   0.16401E-02
 5822.94   0.18304E-02   0.17090E-02   0.16319E-02
 5836.54   0.18231E-02   0.17003E-02   0.16236E-02
 5850.15   0.18158E-02   0.16915E-02   0.16152E-02
 5863.75   0.18084E-02   0.16828E-02   0.16069E-02
 5877.36   0.18010E-02   0.16740E-02   0.15985E-02
 5890.96   0.17936E-02   0.16653E-02   0.15902E-02
 5904.57   0.17863E-02   0.16567E-02   0.15819E-02
 5918.17   0.17790E-02   0.16481E-02   0.15738E-02
 5931.78   0.17719E-02   0.16397E-02   0.15657E-02
 5945.38   0.17648E-02   0.16313E-02   0.15578E-02
 5958.99   0.17581E-02   0.16233E-02   0.15501E-02
 5972.59   0.17514E-02   0.16153E-02   0.15424E-02
 5986.20   0.17446E-02   0.16072E-02   0.15347E-02
 5999.80   0.17378E-02   0.15991E-02   0.15271E-02
 6013.41   0.17310E-02   0.15911E-02   0.15194E-02
 6027.01   0.17241E-02   0.15830E-02   0.15118E-02
 6040.62   0.17173E-02   0.15750E-02   0.15041E-02
 6054.22   0.17104E-02   0.15669E-02   0.14964E-02
 6067.83   0.17035E-02   0.15588E-02   0.14887E-02
 6081.43   0.16966E-02   0.15507E-02   0.14810E-02
 6095.04   0.16896E-02   0.15426E-02   0.14733E-02
 6108.64   0.16831E-02   0.15349E-02   0.14660E-02
 6122.25   0.16776E-02   0.15282E-02   0.14596E-02
 6135.85   0.16711E-02   0.15205E-02   0.14523E-02
 6149.46   0.16647E-02   0.15130E-02   0.14452E-02
 6163.06   0.16584E-02   0.15055E-02   0.14381E-02
 6176.67   0.16521E-02   0.14981E-02   0.14311E-02
 6190.27   0.16457E-02   0.14906E-02   0.14240E-02
 6203.88   0.16393E-02   0.14832E-02   0.14169E-02
 6217.48   0.16328E-02   0.14756E-02   0.14098E-02
 6231.09   0.16263E-02   0.14680E-02   0.14026E-02
 6244.69   0.16194E-02   0.14601E-02   0.13951E-02
 6258.30   0.16130E-02   0.14527E-02   0.13881E-02
 6271.90   0.16089E-02   0.14474E-02   0.13831E-02
 6285.51   0.16023E-02   0.14398E-02   0.13759E-02
 6299.11   0.15961E-02   0.14326E-02   0.13691E-02
 6312.72   0.15901E-02   0.14256E-02   0.13625E-02
 6326.32   0.15842E-02   0.14187E-02   0.13560E-02
 6339.93   0.15784E-02   0.14118E-02   0.13495E-02
 6353.53   0.15725E-02   0.14049E-02   0.13430E-02
 6367.14   0.15665E-02   0.13980E-02   0.13364E-02
 6380.74   0.15604E-02   0.13910E-02   0.13298E-02
 6394.35   0.15540E-02   0.13837E-02   0.13229E-02
 6407.95   0.15479E-02   0.13766E-02   0.13163E-02
 6421.56   0.15449E-02   0.13724E-02   0.13123E-02
 6435.16   0.15380E-02   0.13647E-02   0.13050E-02
 6448.77   0.15319E-02   0.13578E-02   0.12985E-02
 6462.37   0.15261E-02   0.13510E-02   0.12922E-02
 6475.98   0.15204E-02   0.13445E-02   0.12860E-02
 6489.58   0.15149E-02   0.13380E-02   0.12799E-02
 6503.19   0.15094E-02   0.13316E-02   0.12739E-02
 6516.79   0.15039E-02   0.13253E-02   0.12679E-02
 6530.40   0.14984E-02   0.13189E-02   0.12619E-02
 6544.00   0.14927E-02   0.13124E-02   0.12558E-02
 6557.61   0.14863E-02   0.13052E-02   0.12491E-02
 6571.21   0.14798E-02   0.12980E-02   0.12423E-02
 6584.82   0.14775E-02   0.12946E-02   0.12391E-02
 6598.42   0.14716E-02   0.12879E-02   0.12328E-02
 6612.03   0.14660E-02   0.12815E-02   0.12268E-02
 6625.63   0.14604E-02   0.12752E-02   0.12209E-02
 6639.24   0.14551E-02   0.12690E-02   0.12151E-02
 6652.84   0.14498E-02   0.12630E-02   0.12095E-02
 6666.45   0.14446E-02   0.12570E-02   0.12039E-02
 6680.05   0.14395E-02   0.12511E-02   0.11983E-02
 6693.66   0.14344E-02   0.12452E-02   0.11928E-02
 6707.26   0.14291E-02   0.12392E-02   0.11872E-02
 6720.87   0.14237E-02   0.12331E-02   0.11815E-02
 6734.47   0.14202E-02   0.12287E-02   0.11774E-02
 6748.08   0.14146E-02   0.12224E-02   0.11715E-02
 6761.68   0.14092E-02   0.12164E-02   0.11659E-02
 6775.29   0.14040E-02   0.12104E-02   0.11603E-02
 6788.89   0.13987E-02   0.12046E-02   0.11548E-02
 6802.50   0.13936E-02   0.11987E-02   0.11494E-02
 6816.10   0.13886E-02   0.11930E-02   0.11441E-02
 6829.71   0.13836E-02   0.11874E-02   0.11388E-02
 6843.31   0.13788E-02   0.11819E-02   0.11337E-02
 6856.92   0.13740E-02   0.11765E-02   0.11286E-02
 6870.52   0.13692E-02   0.11710E-02   0.11235E-02
 6884.13   0.13643E-02   0.11655E-02   0.11184E-02
 6897.73   0.13601E-02   0.11606E-02   0.11138E-02
 6911.34   0.13552E-02   0.11551E-02   0.11087E-02
 6924.94   0.13504E-02   0.11497E-02   0.11036E-02
 6938.55   0.13455E-02   0.11442E-02   0.10985E-02
 6952.15   0.13406E-02   0.11387E-02   0.10935E-02
 6965.76   0.13357E-02   0.11333E-02   0.10884E-02
 6979.36   0.13308E-02   0.11279E-02   0.10834E-02
 6992.97   0.13261E-02   0.11226E-02   0.10784E-02
 7006.57   0.13214E-02   0.11173E-02   0.10735E-02
 7020.18   0.13168E-02   0.11122E-02   0.10688E-02
 7033.78   0.13122E-02   0.11071E-02   0.10640E-02
 7047.39   0.13079E-02   0.11022E-02   0.10595E-02
 7060.99   0.13035E-02   0.10972E-02   0.10549E-02
 7074.60   0.12990E-02   0.10923E-02   0.10503E-02
 7088.20   0.12946E-02   0.10873E-02   0.10457E-02
 7101.81   0.12901E-02   0.10823E-02   0.10410E-02
 7115.41   0.12855E-02   0.10773E-02   0.10364E-02
 7129.02   0.12809E-02   0.10722E-02   0.10317E-02
 7142.62   0.12763E-02   0.10672E-02   0.10270E-02
 7156.23   0.12717E-02   0.10621E-02   0.10223E-02
 7169.83   0.12671E-02   0.10571E-02   0.10176E-02
 7183.44   0.12625E-02   0.10521E-02   0.10130E-02
 7197.04   0.12578E-02   0.10471E-02   0.10083E-02
 7210.65   0.12538E-02   0.10426E-02   0.10041E-02
 7224.25   0.12501E-02   0.10383E-02   0.10002E-02
 7237.86   0.12458E-02   0.10336E-02   0.99587E-03
 7251.46   0.12416E-02   0.10290E-02   0.99160E-03
 7265.07   0.12374E-02   0.10244E-02   0.98734E-03
 7278.67   0.12332E-02   0.10198E-02   0.98307E-03
 7292.28   0.12289E-02   0.10151E-02   0.97877E-03
 7305.88   0.12246E-02   0.10104E-02   0.97443E-03
 7319.49   0.12202E-02   0.10057E-02   0.97005E-03
 7333.09   0.12157E-02   0.10009E-02   0.96564E-03
 7346.70   0.12112E-02   0.99613E-03   0.96118E-03
 7360.30   0.12063E-02   0.99102E-03   0.95644E-03
 7373.91   0.12023E-02   0.98667E-03   0.95242E-03
 7387.51   0.11999E-02   0.98365E-03   0.94969E-03
 7401.12   0.11954E-02   0.97892E-03   0.94531E-03
 7414.72   0.11913E-02   0.97448E-03   0.94121E-03
 7428.33   0.11872E-02   0.97015E-03   0.93722E-03
 7441.93   0.11833E-02   0.96587E-03   0.93328E-03
 7455.54   0.11793E-02   0.96160E-03   0.92934E-03
 7469.14   0.11753E-02   0.95731E-03   0.92538E-03
 7482.75   0.11712E-02   0.95296E-03   0.92137E-03
 7496.35   0.11670E-02   0.94855E-03   0.91730E-03
 7509.96   0.11627E-02   0.94403E-03   0.91312E-03
 7523.56   0.11579E-02   0.93919E-03   0.90863E-03
 7537.17   0.11538E-02   0.93489E-03   0.90466E-03
 7550.77   0.11527E-02   0.93297E-03   0.90300E-03
 7564.38   0.11478E-02   0.92800E-03   0.89839E-03
 7577.98   0.11435E-02   0.92363E-03   0.89435E-03
 7591.59   0.11395E-02   0.91944E-03   0.89049E-03
 7605.19   0.11357E-02   0.91537E-03   0.88675E-03
 7618.80   0.11319E-02   0.91138E-03   0.88307E-03
 7632.40   0.11281E-02   0.90741E-03   0.87943E-03
 7646.01   0.11244E-02   0.90345E-03   0.87579E-03
 7659.61   0.11205E-02   0.89944E-03   0.87210E-03
 7673.22   0.11166E-02   0.89535E-03   0.86833E-03
 7686.82   0.11123E-02   0.89104E-03   0.86436E-03
 7700.43   0.11066E-02   0.88553E-03   0.85921E-03
 7714.03   0.11086E-02   0.88625E-03   0.86011E-03
 7727.64   0.11026E-02   0.88053E-03   0.85476E-03
 7741.24   0.10983E-02   0.87621E-03   0.85076E-03
 7754.85   0.10943E-02   0.87212E-03   0.84700E-03
 7768.45   0.10904E-02   0.86817E-03   0.84337E-03
 7782.06   0.10866E-02   0.86433E-03   0.83984E-03
 7795.66   0.10830E-02   0.86056E-03   0.83638E-03
 7809.27   0.10794E-02   0.85686E-03   0.83299E-03
 7822.87   0.10759E-02   0.85319E-03   0.82962E-03
 7836.48   0.10723E-02   0.84951E-03   0.82625E-03
 7850.08   0.10686E-02   0.84575E-03   0.82280E-03
 7863.69   0.10645E-02   0.84172E-03   0.81909E-03
 7877.29   0.10606E-02   0.83779E-03   0.81546E-03
 7890.90   0.10593E-02   0.83597E-03   0.81390E-03
 7904.50   0.10551E-02   0.83179E-03   0.81004E-03
 7918.11   0.10512E-02   0.82790E-03   0.80646E-03
 7931.71   0.10474E-02   0.82411E-03   0.80297E-03
 7945.32   0.10436E-02   0.82038E-03   0.79955E-03
 7958.92   0.10400E-02   0.81674E-03   0.79620E-03
 7972.53   0.10364E-02   0.81317E-03   0.79293E-03
 7986.13   0.10329E-02   0.80967E-03   0.78973E-03
 7999.74   0.10295E-02   0.80624E-03   0.78659E-03
 8013.34   0.10262E-02   0.80284E-03   0.78349E-03
 8026.95   0.10228E-02   0.79943E-03   0.78037E-03
 8040.55   0.10191E-02   0.79583E-03   0.77706E-03
 8054.16   0.10154E-02   0.79214E-03   0.77366E-03
 8067.76   0.10133E-02   0.78981E-03   0.77160E-03
 8081.37   0.10097E-02   0.78628E-03   0.76836E-03
 8094.97   0.10061E-02   0.78278E-03   0.76516E-03
 8108.58   0.10026E-02   0.77929E-03   0.76195E-03
 8122.18   0.99901E-03   0.77581E-03   0.75876E-03
 8135.79   0.99547E-03   0.77236E-03   0.75559E-03
 8149.39   0.99199E-03   0.76896E-03   0.75248E-03
 8163.00   0.98857E-03   0.76562E-03   0.74942E-03
 8176.60   0.98524E-03   0.76235E-03   0.74644E-03
 8190.21   0.98198E-03   0.75916E-03   0.74352E-03
 8203.81   0.97878E-03   0.75601E-03   0.74065E-03
 8217.42   0.97557E-03   0.75287E-03   0.73779E-03
 8231.02   0.97264E-03   0.74994E-03   0.73512E-03
 8244.63   0.96943E-03   0.74681E-03   0.73227E-03
 8258.23   0.96623E-03   0.74369E-03   0.72943E-03
 8271.84   0.96298E-03   0.74055E-03   0.72655E-03
 8285.44   0.95967E-03   0.73737E-03   0.72365E-03
 8299.05   0.95632E-03   0.73416E-03   0.72071E-03
 8312.65   0.95293E-03   0.73093E-03   0.71775E-03
 8326.26   0.94954E-03   0.72771E-03   0.71480E-03
 8339.86   0.94617E-03   0.72452E-03   0.71188E-03
 8353.47   0.94285E-03   0.72137E-03   0.70899E-03
 8367.07   0.93958E-03   0.71827E-03   0.70616E-03
 8380.68   0.93636E-03   0.71521E-03   0.70337E-03
 8394.28   0.93310E-03   0.71213E-03   0.70055E-03
 8407.89   0.93074E-03   0.70974E-03   0.69841E-03
 8421.49   0.92753E-03   0.70672E-03   0.69565E-03
 8435.10   0.92449E-03   0.70383E-03   0.69302E-03
 8448.70   0.92146E-03   0.70096E-03   0.69041E-03
 8462.31   0.91840E-03   0.69807E-03   0.68778E-03
 8475.91   0.91529E-03   0.69515E-03   0.68511E-03
 8489.52   0.91211E-03   0.69219E-03   0.68240E-03
 8503.12   0.90889E-03   0.68919E-03   0.67966E-03
 8516.73   0.90562E-03   0.68618E-03   0.67690E-03
 8530.33   0.90232E-03   0.68315E-03   0.67412E-03
 8543.94   0.89901E-03   0.68012E-03   0.67134E-03
 8557.54   0.89562E-03   0.67704E-03   0.66852E-03
 8571.15   0.89144E-03   0.67337E-03   0.66511E-03
 8584.75   0.89163E-03   0.67298E-03   0.66493E-03
 8598.36   0.88761E-03   0.66945E-03   0.66166E-03
 8611.96   0.88450E-03   0.66661E-03   0.65906E-03
 8625.57   0.88154E-03   0.66389E-03   0.65658E-03
 8639.17   0.87864E-03   0.66121E-03   0.65415E-03
 8652.78   0.87573E-03   0.65854E-03   0.65172E-03
 8666.38   0.87279E-03   0.65585E-03   0.64927E-03
 8679.99   0.86979E-03   0.65312E-03   0.64678E-03
 8693.59   0.86672E-03   0.65035E-03   0.64424E-03
 8707.20   0.86356E-03   0.64752E-03   0.64165E-03
 8720.80   0.86032E-03   0.64463E-03   0.63900E-03
 8734.41   0.85689E-03   0.64161E-03   0.63622E-03
 8748.01   0.85258E-03   0.63794E-03   0.63279E-03
 8761.62   0.85011E-03   0.63566E-03   0.63074E-03
 8775.22   0.84975E-03   0.63495E-03   0.63024E-03
 8788.83   0.84633E-03   0.63197E-03   0.62749E-03
 8802.43   0.84329E-03   0.62928E-03   0.62503E-03
 8816.04   0.84040E-03   0.62670E-03   0.62268E-03
 8829.64   0.83758E-03   0.62419E-03   0.62039E-03
 8843.25   0.83480E-03   0.62171E-03   0.61814E-03
 8856.85   0.83201E-03   0.61923E-03   0.61588E-03
 8870.46   0.82918E-03   0.61672E-03   0.61360E-03
 8884.06   0.82628E-03   0.61417E-03   0.61126E-03
 8897.67   0.82326E-03   0.61154E-03   0.60885E-03
 8911.27   0.82006E-03   0.60877E-03   0.60630E-03
 8924.88   0.81627E-03   0.60558E-03   0.60333E-03
 8938.48   0.81345E-03   0.60312E-03   0.60109E-03
 8952.09   0.81384E-03   0.60305E-03   0.60123E-03
 8965.69   0.80995E-03   0.59979E-03   0.59819E-03
 8979.30   0.80674E-03   0.59706E-03   0.59568E-03
 8992.90   0.80376E-03   0.59450E-03   0.59333E-03
 9006.51   0.80092E-03   0.59205E-03   0.59109E-03
 9020.11   0.79816E-03   0.58967E-03   0.58892E-03
 9033.72   0.79547E-03   0.58735E-03   0.58680E-03
 9047.32   0.79280E-03   0.58505E-03   0.58471E-03
 9060.93   0.79013E-03   0.58275E-03   0.58262E-03
 9074.53   0.78741E-03   0.58041E-03   0.58049E-03
 9088.14   0.78457E-03   0.57800E-03   0.57829E-03
 9101.74   0.78147E-03   0.57540E-03   0.57588E-03
 9115.35   0.77687E-03   0.57168E-03   0.57236E-03
 9128.95   0.78002E-03   0.57375E-03   0.57465E-03
 9142.56   0.77501E-03   0.56974E-03   0.57083E-03
 9156.16   0.77174E-03   0.56703E-03   0.56832E-03
 9169.77   0.76872E-03   0.56452E-03   0.56601E-03
 9183.37   0.76582E-03   0.56211E-03   0.56379E-03
 9196.98   0.76301E-03   0.55976E-03   0.56164E-03
 9210.58   0.76029E-03   0.55749E-03   0.55956E-03
 9224.19   0.75764E-03   0.55528E-03   0.55755E-03
 9237.79   0.75506E-03   0.55312E-03   0.55558E-03
 9251.40   0.75251E-03   0.55099E-03   0.55364E-03
 9265.00   0.74996E-03   0.54887E-03   0.55171E-03
 9278.61   0.74734E-03   0.54670E-03   0.54973E-03
 9292.21   0.74449E-03   0.54436E-03   0.54757E-03
 9305.82   0.74172E-03   0.54208E-03   0.54548E-03
 9319.42   0.74100E-03   0.54135E-03   0.54495E-03
 9333.03   0.73781E-03   0.53877E-03   0.54255E-03
 9346.63   0.73494E-03   0.53644E-03   0.54040E-03
 9360.24   0.73213E-03   0.53415E-03   0.53830E-03
 9373.84   0.72935E-03   0.53190E-03   0.53622E-03
 9387.45   0.72660E-03   0.52968E-03   0.53418E-03
 9401.05   0.72391E-03   0.52750E-03   0.53218E-03
 9414.66   0.72128E-03   0.52538E-03   0.53024E-03
 9428.26   0.71872E-03   0.52331E-03   0.52835E-03
 9441.87   0.71622E-03   0.52130E-03   0.52651E-03
 9455.47   0.71378E-03   0.51932E-03   0.52471E-03
 9469.08   0.71135E-03   0.51737E-03   0.52293E-03
 9482.68   0.70885E-03   0.51536E-03   0.52110E-03
 9496.29   0.70629E-03   0.51331E-03   0.51922E-03
 9509.89   0.70452E-03   0.51185E-03   0.51794E-03
 9523.50   0.70197E-03   0.50982E-03   0.51607E-03
 9537.10   0.69943E-03   0.50780E-03   0.51422E-03
 9550.71   0.69685E-03   0.50575E-03   0.51234E-03
 9564.31   0.69424E-03   0.50369E-03   0.51044E-03
 9577.92   0.69161E-03   0.50162E-03   0.50853E-03
 9591.52   0.68898E-03   0.49955E-03   0.50663E-03
 9605.13   0.68637E-03   0.49751E-03   0.50475E-03
 9618.73   0.68381E-03   0.49551E-03   0.50291E-03
 9632.34   0.68130E-03   0.49355E-03   0.50111E-03
 9645.94   0.67886E-03   0.49165E-03   0.49937E-03
 9659.55   0.67647E-03   0.48979E-03   0.49768E-03
 9673.15   0.67410E-03   0.48795E-03   0.49600E-03
 9686.76   0.67191E-03   0.48624E-03   0.49444E-03
 9700.36   0.66973E-03   0.48452E-03   0.49288E-03
 9713.97   0.66743E-03   0.48274E-03   0.49125E-03
 9727.57   0.66511E-03   0.48095E-03   0.48962E-03
 9741.18   0.66276E-03   0.47913E-03   0.48795E-03
 9754.78   0.66035E-03   0.47728E-03   0.48625E-03
 9768.39   0.65789E-03   0.47539E-03   0.48452E-03
 9781.99   0.65539E-03   0.47348E-03   0.48275E-03
 9795.60   0.65286E-03   0.47155E-03   0.48097E-03
 9809.20   0.65033E-03   0.46962E-03   0.47919E-03
 9822.81   0.64780E-03   0.46771E-03   0.47742E-03
 9836.41   0.64529E-03   0.46581E-03   0.47567E-03
 9850.02   0.64279E-03   0.46393E-03   0.47392E-03
 9863.62   0.64010E-03   0.46193E-03   0.47207E-03
 9877.23   0.63830E-03   0.46056E-03   0.47084E-03
 9890.83   0.63667E-03   0.45926E-03   0.46969E-03
 9904.44   0.63428E-03   0.45748E-03   0.46806E-03
 9918.04   0.63204E-03   0.45581E-03   0.46652E-03
 9931.65   0.62983E-03   0.45415E-03   0.46501E-03
 9945.25   0.62760E-03   0.45249E-03   0.46348E-03
 9958.86   0.62534E-03   0.45080E-03   0.46193E-03
 9972.46   0.62302E-03   0.44907E-03   0.46034E-03
 9986.07   0.62065E-03   0.44731E-03   0.45871E-03
 9999.67   0.61823E-03   0.44551E-03   0.45704E-03
