   27.21   0.13838E+01   0.13892E+01   0.15314E+01
   40.81   0.71352E+00   0.71704E+00   0.82299E+00
   54.42   0.46090E+00   0.46355E+00   0.54315E+00
   68.02   0.34182E+00   0.34397E+00   0.40496E+00
   81.63   0.27414E+00   0.27597E+00   0.32362E+00
   95.23   0.23074E+00   0.23234E+00   0.27034E+00
  108.84   0.20058E+00   0.20202E+00   0.23294E+00
  122.44   0.17802E+00   0.17934E+00   0.20491E+00
  136.05   0.16022E+00   0.16145E+00   0.18290E+00
  149.65   0.14573E+00   0.14688E+00   0.16509E+00
  163.26   0.13361E+00   0.13470E+00   0.15033E+00
  176.86   0.12334E+00   0.12437E+00   0.13792E+00
  190.47   0.11447E+00   0.11546E+00   0.12729E+00
  204.07   0.10673E+00   0.10768E+00   0.11810E+00
  217.68   0.99885E-01   0.10080E+00   0.11004E+00
  231.28   0.93791E-01   0.94678E-01   0.10291E+00
  244.89   0.88301E-01   0.89163E-01   0.96542E-01
  258.49   0.83352E-01   0.84191E-01   0.90837E-01
  272.10   0.78855E-01   0.79674E-01   0.85685E-01
  285.70   0.74768E-01   0.75568E-01   0.81027E-01
  299.31   0.71048E-01   0.71832E-01   0.76809E-01
  312.91   0.67587E-01   0.68354E-01   0.72904E-01
  326.52   0.64413E-01   0.65164E-01   0.69337E-01
  340.12   0.61470E-01   0.62206E-01   0.66043E-01
  353.73   0.58750E-01   0.59471E-01   0.63010E-01
  367.33   0.56220E-01   0.56927E-01   0.60197E-01
  380.94   0.53860E-01   0.54554E-01   0.57583E-01
  394.54   0.51666E-01   0.52347E-01   0.55159E-01
  408.15   0.49615E-01   0.50283E-01   0.52899E-01
  421.75   0.47681E-01   0.48337E-01   0.50774E-01
  435.36   0.45870E-01   0.46515E-01   0.48789E-01
  448.96   0.44171E-01   0.44805E-01   0.46931E-01
  462.57   0.42554E-01   0.43178E-01   0.45167E-01
  476.17   0.41037E-01   0.41651E-01   0.43516E-01
  489.78   0.39613E-01   0.40219E-01   0.41969E-01
  503.38   0.38250E-01   0.38847E-01   0.40492E-01
  516.99   0.36968E-01   0.37557E-01   0.39104E-01
  530.59   0.35755E-01   0.36335E-01   0.37792E-01
  544.20   0.34596E-01   0.35169E-01   0.36542E-01
  557.80   0.33500E-01   0.34065E-01   0.35360E-01
  571.41   0.32454E-01   0.33012E-01   0.34235E-01
  585.01   0.31457E-01   0.32007E-01   0.33162E-01
  598.62   0.30511E-01   0.31054E-01   0.32147E-01
  612.22   0.29608E-01   0.30145E-01   0.31179E-01
  625.83   0.28747E-01   0.29277E-01   0.30256E-01
  639.43   0.27922E-01   0.28445E-01   0.29373E-01
  653.04   0.27135E-01   0.27653E-01   0.28532E-01
  666.64   0.26382E-01   0.26894E-01   0.27728E-01
  680.25   0.25658E-01   0.26164E-01   0.26955E-01
  693.85   0.24965E-01   0.25465E-01   0.26216E-01
  707.46   0.24300E-01   0.24795E-01   0.25509E-01
  721.06   0.23663E-01   0.24154E-01   0.24831E-01
  734.67   0.23049E-01   0.23534E-01   0.24178E-01
  748.27   0.22460E-01   0.22941E-01   0.23553E-01
  761.88   0.21895E-01   0.22371E-01   0.22953E-01
  775.48   0.21353E-01   0.21824E-01   0.22378E-01
  789.09   0.20827E-01   0.21294E-01   0.21820E-01
  802.69   0.20324E-01   0.20786E-01   0.21287E-01
  816.30   0.19838E-01   0.20295E-01   0.20772E-01
  829.90   0.19370E-01   0.19823E-01   0.20277E-01
  843.51   0.18916E-01   0.19365E-01   0.19796E-01
  857.11   0.18481E-01   0.18925E-01   0.19336E-01
  870.72   0.18060E-01   0.18500E-01   0.18891E-01
  884.32   0.17654E-01   0.18089E-01   0.18461E-01
  897.93   0.17260E-01   0.17691E-01   0.18045E-01
  911.53   0.16882E-01   0.17309E-01   0.17646E-01
  925.14   0.16516E-01   0.16939E-01   0.17259E-01
  938.74   0.16161E-01   0.16581E-01   0.16885E-01
  952.35   0.15819E-01   0.16234E-01   0.16523E-01
  965.95   0.15486E-01   0.15897E-01   0.16172E-01
  979.56   0.15164E-01   0.15571E-01   0.15833E-01
  993.16   0.14853E-01   0.15256E-01   0.15504E-01
 1006.77   0.14551E-01   0.14950E-01   0.15186E-01
 1020.37   0.14257E-01   0.14652E-01   0.14876E-01
 1033.98   0.13973E-01   0.14364E-01   0.14577E-01
 1047.58   0.13698E-01   0.14085E-01   0.14286E-01
 1061.19   0.13431E-01   0.13815E-01   0.14005E-01
 1074.79   0.13172E-01   0.13552E-01   0.13733E-01
 1088.40   0.12920E-01   0.13296E-01   0.13466E-01
 1102.00   0.12675E-01   0.13047E-01   0.13209E-01
 1115.61   0.12438E-01   0.12806E-01   0.12959E-01
 1129.21   0.12208E-01   0.12572E-01   0.12716E-01
 1142.82   0.11982E-01   0.12343E-01   0.12478E-01
 1156.42   0.11765E-01   0.12122E-01   0.12249E-01
 1170.03   0.11552E-01   0.11906E-01   0.12026E-01
 1183.63   0.11346E-01   0.11695E-01   0.11808E-01
 1197.24   0.11145E-01   0.11491E-01   0.11597E-01
 1210.84   0.10949E-01   0.11291E-01   0.11390E-01
 1224.45   0.10759E-01   0.11098E-01   0.11190E-01
 1238.05   0.10574E-01   0.10909E-01   0.10996E-01
 1251.66   0.10393E-01   0.10725E-01   0.10806E-01
 1265.26   0.10218E-01   0.10547E-01   0.10621E-01
 1278.87   0.10046E-01   0.10371E-01   0.10440E-01
 1292.47   0.98793E-02   0.10201E-01   0.10265E-01
 1306.08   0.97166E-02   0.10036E-01   0.10094E-01
 1319.68   0.95578E-02   0.98735E-02   0.99265E-02
 1333.29   0.94028E-02   0.97153E-02   0.97634E-02
 1346.89   0.92512E-02   0.95605E-02   0.96039E-02
 1360.50   0.91040E-02   0.94102E-02   0.94491E-02
 1374.10   0.89603E-02   0.92633E-02   0.92979E-02
 1387.71   0.88200E-02   0.91199E-02   0.91502E-02
 1401.31   0.86829E-02   0.89797E-02   0.90060E-02
 1414.92   0.85490E-02   0.88428E-02   0.88651E-02
 1428.52   0.84182E-02   0.87089E-02   0.87274E-02
 1442.13   0.82907E-02   0.85783E-02   0.85931E-02
 1455.73   0.81662E-02   0.84507E-02   0.84621E-02
 1469.34   0.80445E-02   0.83260E-02   0.83340E-02
 1482.94   0.79256E-02   0.82040E-02   0.82087E-02
 1496.55   0.78090E-02   0.80844E-02   0.80859E-02
 1510.15   0.76952E-02   0.79675E-02   0.79659E-02
 1523.76   0.75839E-02   0.78532E-02   0.78487E-02
 1537.36   0.74752E-02   0.77415E-02   0.77341E-02
 1550.97   0.73690E-02   0.76323E-02   0.76221E-02
 1564.57   0.72651E-02   0.75254E-02   0.75126E-02
 1578.18   0.71628E-02   0.74202E-02   0.74048E-02
 1591.78   0.70631E-02   0.73176E-02   0.72996E-02
 1605.39   0.69656E-02   0.72171E-02   0.71968E-02
 1618.99   0.68702E-02   0.71188E-02   0.70962E-02
 1632.60   0.67771E-02   0.70228E-02   0.69979E-02
 1646.20   0.66850E-02   0.69278E-02   0.69008E-02
 1659.81   0.65957E-02   0.68357E-02   0.68066E-02
 1673.41   0.65079E-02   0.67452E-02   0.67140E-02
 1687.02   0.64219E-02   0.66563E-02   0.66232E-02
 1700.62   0.63376E-02   0.65693E-02   0.65343E-02
 1714.23   0.62552E-02   0.64843E-02   0.64474E-02
 1727.83   0.61737E-02   0.64000E-02   0.63614E-02
 1741.44   0.60945E-02   0.63182E-02   0.62778E-02
 1755.04   0.60166E-02   0.62377E-02   0.61958E-02
 1768.65   0.59402E-02   0.61588E-02   0.61152E-02
 1782.25   0.58653E-02   0.60813E-02   0.60362E-02
 1795.86   0.57919E-02   0.60055E-02   0.59589E-02
 1809.46   0.57195E-02   0.59307E-02   0.58826E-02
 1823.07   0.56490E-02   0.58577E-02   0.58082E-02
 1836.67   0.55797E-02   0.57860E-02   0.57352E-02
 1850.28   0.55116E-02   0.57156E-02   0.56635E-02
 1863.88   0.54448E-02   0.56464E-02   0.55931E-02
 1877.49   0.53792E-02   0.55785E-02   0.55240E-02
 1891.09   0.53148E-02   0.55117E-02   0.54560E-02
 1904.70   0.52516E-02   0.54463E-02   0.53895E-02
 1918.30   0.51896E-02   0.53820E-02   0.53241E-02
 1931.91   0.51286E-02   0.53188E-02   0.52599E-02
 1945.51   0.50688E-02   0.52567E-02   0.51968E-02
 1959.12   0.50100E-02   0.51957E-02   0.51348E-02
 1972.72   0.49522E-02   0.51357E-02   0.50738E-02
 1986.33   0.48954E-02   0.50768E-02   0.50140E-02
 1999.93   0.48397E-02   0.50189E-02   0.49552E-02
 2013.54   0.47850E-02   0.49620E-02   0.48974E-02
 2027.14   0.47312E-02   0.49061E-02   0.48407E-02
 2040.75   0.46784E-02   0.48511E-02   0.47849E-02
 2054.35   0.46265E-02   0.47970E-02   0.47301E-02
 2067.96   0.45754E-02   0.47438E-02   0.46762E-02
 2081.56   0.45252E-02   0.46915E-02   0.46232E-02
 2095.17   0.44759E-02   0.46401E-02   0.45711E-02
 2108.77   0.44274E-02   0.45895E-02   0.45198E-02
 2122.38   0.43798E-02   0.45397E-02   0.44695E-02
 2135.98   0.43329E-02   0.44908E-02   0.44199E-02
 2149.59   0.42867E-02   0.44425E-02   0.43711E-02
 2163.19   0.42413E-02   0.43951E-02   0.43231E-02
 2176.80   0.41967E-02   0.43485E-02   0.42759E-02
 2190.40   0.41528E-02   0.43025E-02   0.42295E-02
 2204.01   0.41096E-02   0.42573E-02   0.41838E-02
 2217.61   0.40671E-02   0.42128E-02   0.41388E-02
 2231.22   0.40253E-02   0.41690E-02   0.40946E-02
 2244.82   0.39840E-02   0.41258E-02   0.40510E-02
 2258.43   0.39435E-02   0.40834E-02   0.40081E-02
 2272.03   0.39037E-02   0.40416E-02   0.39659E-02
 2285.64   0.38644E-02   0.40004E-02   0.39244E-02
 2299.24   0.38258E-02   0.39599E-02   0.38835E-02
 2312.85   0.37878E-02   0.39200E-02   0.38432E-02
 2326.45   0.37504E-02   0.38806E-02   0.38036E-02
 2340.06   0.37135E-02   0.38419E-02   0.37645E-02
 2353.66   0.36772E-02   0.38037E-02   0.37260E-02
 2367.27   0.36414E-02   0.37660E-02   0.36881E-02
 2380.87   0.36062E-02   0.37289E-02   0.36508E-02
 2394.48   0.35715E-02   0.36924E-02   0.36140E-02
 2408.08   0.35374E-02   0.36564E-02   0.35777E-02
 2421.69   0.35037E-02   0.36209E-02   0.35420E-02
 2435.29   0.34705E-02   0.35859E-02   0.35068E-02
 2448.90   0.34378E-02   0.35514E-02   0.34721E-02
 2462.50   0.34056E-02   0.35174E-02   0.34379E-02
 2476.11   0.33739E-02   0.34838E-02   0.34043E-02
 2489.71   0.33426E-02   0.34508E-02   0.33711E-02
 2503.32   0.33118E-02   0.34182E-02   0.33383E-02
 2516.92   0.32814E-02   0.33861E-02   0.33061E-02
 2530.53   0.32514E-02   0.33544E-02   0.32743E-02
 2544.13   0.32219E-02   0.33231E-02   0.32430E-02
 2557.74   0.31928E-02   0.32923E-02   0.32120E-02
 2571.34   0.31641E-02   0.32619E-02   0.31816E-02
 2584.95   0.31357E-02   0.32319E-02   0.31515E-02
 2598.55   0.31078E-02   0.32023E-02   0.31218E-02
 2612.16   0.30803E-02   0.31731E-02   0.30926E-02
 2625.76   0.30531E-02   0.31444E-02   0.30638E-02
 2639.37   0.30263E-02   0.31159E-02   0.30353E-02
 2652.97   0.29999E-02   0.30879E-02   0.30073E-02
 2666.58   0.29738E-02   0.30602E-02   0.29796E-02
 2680.18   0.29480E-02   0.30329E-02   0.29522E-02
 2693.79   0.29226E-02   0.30059E-02   0.29252E-02
 2707.39   0.28975E-02   0.29792E-02   0.28986E-02
 2721.00   0.28729E-02   0.29530E-02   0.28724E-02
 2734.60   0.28485E-02   0.29271E-02   0.28465E-02
 2748.21   0.28244E-02   0.29015E-02   0.28210E-02
 2761.81   0.28006E-02   0.28763E-02   0.27958E-02
 2775.42   0.27772E-02   0.28513E-02   0.27709E-02
 2789.02   0.27540E-02   0.28266E-02   0.27463E-02
 2802.63   0.27311E-02   0.28023E-02   0.27219E-02
 2816.23   0.27085E-02   0.27782E-02   0.26980E-02
 2829.84   0.26864E-02   0.27546E-02   0.26745E-02
 2843.44   0.26644E-02   0.27312E-02   0.26511E-02
 2857.05   0.26427E-02   0.27081E-02   0.26281E-02
 2870.65   0.26213E-02   0.26852E-02   0.26053E-02
 2884.26   0.26001E-02   0.26626E-02   0.25828E-02
 2897.86   0.25792E-02   0.26403E-02   0.25606E-02
 2911.47   0.25584E-02   0.26181E-02   0.25385E-02
 2925.07   0.25384E-02   0.25967E-02   0.25172E-02
 2938.68   0.25181E-02   0.25751E-02   0.24957E-02
 2952.28   0.24982E-02   0.25538E-02   0.24746E-02
 2965.89   0.24785E-02   0.25328E-02   0.24537E-02
 2979.49   0.24592E-02   0.25121E-02   0.24331E-02
 2993.10   0.24400E-02   0.24916E-02   0.24128E-02
 3006.70   0.24210E-02   0.24713E-02   0.23926E-02
 3020.31   0.24022E-02   0.24512E-02   0.23727E-02
 3033.91   0.23840E-02   0.24317E-02   0.23533E-02
 3047.52   0.23656E-02   0.24120E-02   0.23338E-02
 3061.12   0.23475E-02   0.23927E-02   0.23146E-02
 3074.73   0.23297E-02   0.23735E-02   0.22957E-02
 3088.33   0.23120E-02   0.23547E-02   0.22770E-02
 3101.94   0.22946E-02   0.23360E-02   0.22585E-02
 3115.54   0.22774E-02   0.23176E-02   0.22402E-02
 3129.15   0.22603E-02   0.22992E-02   0.22221E-02
 3142.75   0.22437E-02   0.22814E-02   0.22044E-02
 3156.36   0.22269E-02   0.22635E-02   0.21867E-02
 3169.96   0.22104E-02   0.22458E-02   0.21692E-02
 3183.57   0.21941E-02   0.22284E-02   0.21520E-02
 3197.17   0.21781E-02   0.22111E-02   0.21349E-02
 3210.78   0.21622E-02   0.21941E-02   0.21181E-02
 3224.38   0.21465E-02   0.21772E-02   0.21014E-02
 3237.99   0.21310E-02   0.21605E-02   0.20849E-02
 3251.59   0.21157E-02   0.21441E-02   0.20687E-02
 3265.20   0.21005E-02   0.21278E-02   0.20526E-02
 3278.80   0.20855E-02   0.21116E-02   0.20367E-02
 3292.41   0.20706E-02   0.20956E-02   0.20209E-02
 3306.01   0.20559E-02   0.20798E-02   0.20053E-02
 3319.62   0.20414E-02   0.20641E-02   0.19899E-02
 3333.22   0.20271E-02   0.20487E-02   0.19746E-02
 3346.83   0.20130E-02   0.20334E-02   0.19596E-02
 3360.43   0.19990E-02   0.20183E-02   0.19448E-02
 3374.04   0.19852E-02   0.20034E-02   0.19300E-02
 3387.64   0.19715E-02   0.19886E-02   0.19155E-02
 3401.25   0.19579E-02   0.19739E-02   0.19010E-02
 3414.85   0.19445E-02   0.19594E-02   0.18867E-02
 3428.46   0.19312E-02   0.19450E-02   0.18726E-02
 3442.06   0.19181E-02   0.19307E-02   0.18586E-02
 3455.67   0.19050E-02   0.19166E-02   0.18447E-02
 3469.27   0.18924E-02   0.19029E-02   0.18312E-02
 3482.88   0.18797E-02   0.18891E-02   0.18177E-02
 3496.48   0.18671E-02   0.18755E-02   0.18043E-02
 3510.09   0.18547E-02   0.18620E-02   0.17911E-02
 3523.69   0.18424E-02   0.18486E-02   0.17780E-02
 3537.30   0.18302E-02   0.18354E-02   0.17650E-02
 3550.90   0.18181E-02   0.18222E-02   0.17521E-02
 3564.51   0.18061E-02   0.18092E-02   0.17393E-02
 3578.11   0.17941E-02   0.17962E-02   0.17266E-02
 3591.72   0.17828E-02   0.17839E-02   0.17145E-02
 3605.32   0.17712E-02   0.17713E-02   0.17022E-02
 3618.93   0.17597E-02   0.17588E-02   0.16900E-02
 3632.53   0.17484E-02   0.17465E-02   0.16780E-02
 3646.14   0.17372E-02   0.17344E-02   0.16661E-02
 3659.74   0.17260E-02   0.17222E-02   0.16543E-02
 3673.35   0.17149E-02   0.17102E-02   0.16425E-02
 3686.95   0.17036E-02   0.16980E-02   0.16306E-02
 3700.56   0.16936E-02   0.16870E-02   0.16199E-02
 3714.16   0.16826E-02   0.16752E-02   0.16083E-02
 3727.77   0.16719E-02   0.16636E-02   0.15970E-02
 3741.37   0.16614E-02   0.16522E-02   0.15859E-02
 3754.98   0.16510E-02   0.16409E-02   0.15749E-02
 3768.58   0.16407E-02   0.16298E-02   0.15640E-02
 3782.19   0.16305E-02   0.16187E-02   0.15532E-02
 3795.79   0.16203E-02   0.16076E-02   0.15424E-02
 3809.40   0.16100E-02   0.15966E-02   0.15317E-02
 3823.00   0.16006E-02   0.15863E-02   0.15217E-02
 3836.61   0.15906E-02   0.15755E-02   0.15111E-02
 3850.21   0.15808E-02   0.15649E-02   0.15008E-02
 3863.82   0.15711E-02   0.15544E-02   0.14906E-02
 3877.42   0.15616E-02   0.15440E-02   0.14805E-02
 3891.03   0.15521E-02   0.15338E-02   0.14706E-02
 3904.63   0.15428E-02   0.15236E-02   0.14607E-02
 3918.24   0.15334E-02   0.15135E-02   0.14509E-02
 3931.84   0.15240E-02   0.15033E-02   0.14410E-02
 3945.45   0.15153E-02   0.14939E-02   0.14318E-02
 3959.05   0.15062E-02   0.14840E-02   0.14222E-02
 3972.66   0.14972E-02   0.14742E-02   0.14127E-02
 3986.26   0.14882E-02   0.14645E-02   0.14033E-02
 3999.87   0.14794E-02   0.14550E-02   0.13940E-02
 4013.47   0.14707E-02   0.14455E-02   0.13849E-02
 4027.08   0.14621E-02   0.14362E-02   0.13758E-02
 4040.68   0.14536E-02   0.14269E-02   0.13668E-02
 4054.29   0.14450E-02   0.14177E-02   0.13579E-02
 4067.89   0.14368E-02   0.14087E-02   0.13492E-02
 4081.50   0.14284E-02   0.13997E-02   0.13404E-02
 4095.10   0.14201E-02   0.13907E-02   0.13317E-02
 4108.71   0.14119E-02   0.13817E-02   0.13231E-02
 4122.31   0.14037E-02   0.13729E-02   0.13145E-02
 4135.92   0.13957E-02   0.13641E-02   0.13061E-02
 4149.52   0.13877E-02   0.13555E-02   0.12977E-02
 4163.13   0.13798E-02   0.13469E-02   0.12894E-02
 4176.73   0.13721E-02   0.13385E-02   0.12813E-02
 4190.34   0.13644E-02   0.13301E-02   0.12732E-02
 4203.94   0.13567E-02   0.13218E-02   0.12652E-02
 4217.55   0.13491E-02   0.13135E-02   0.12572E-02
 4231.15   0.13415E-02   0.13053E-02   0.12492E-02
 4244.76   0.13340E-02   0.12971E-02   0.12414E-02
 4258.36   0.13265E-02   0.12890E-02   0.12335E-02
 4271.97   0.13191E-02   0.12809E-02   0.12258E-02
 4285.57   0.13118E-02   0.12730E-02   0.12181E-02
 4299.18   0.13046E-02   0.12651E-02   0.12106E-02
 4312.78   0.12975E-02   0.12575E-02   0.12032E-02
 4326.39   0.12904E-02   0.12498E-02   0.11957E-02
 4339.99   0.12834E-02   0.12421E-02   0.11884E-02
 4353.60   0.12765E-02   0.12345E-02   0.11811E-02
 4367.20   0.12696E-02   0.12270E-02   0.11738E-02
 4380.81   0.12626E-02   0.12195E-02   0.11666E-02
 4394.41   0.12558E-02   0.12120E-02   0.11594E-02
 4408.02   0.12489E-02   0.12046E-02   0.11523E-02
 4421.62   0.12420E-02   0.11971E-02   0.11451E-02
 4435.23   0.12362E-02   0.11906E-02   0.11389E-02
 4448.83   0.12292E-02   0.11830E-02   0.11316E-02
 4462.44   0.12227E-02   0.11759E-02   0.11248E-02
 4476.04   0.12162E-02   0.11689E-02   0.11180E-02
 4489.65   0.12098E-02   0.11619E-02   0.11113E-02
 4503.25   0.12035E-02   0.11550E-02   0.11047E-02
 4516.86   0.11971E-02   0.11481E-02   0.10981E-02
 4530.46   0.11908E-02   0.11412E-02   0.10915E-02
 4544.07   0.11844E-02   0.11343E-02   0.10848E-02
 4557.67   0.11781E-02   0.11274E-02   0.10782E-02
 4571.28   0.11726E-02   0.11213E-02   0.10725E-02
 4584.88   0.11663E-02   0.11145E-02   0.10659E-02
 4598.49   0.11603E-02   0.11079E-02   0.10596E-02
 4612.09   0.11543E-02   0.11014E-02   0.10534E-02
 4625.70   0.11484E-02   0.10950E-02   0.10473E-02
 4639.30   0.11425E-02   0.10886E-02   0.10412E-02
 4652.91   0.11367E-02   0.10823E-02   0.10351E-02
 4666.51   0.11308E-02   0.10759E-02   0.10290E-02
 4680.12   0.11248E-02   0.10694E-02   0.10228E-02
 4693.72   0.11187E-02   0.10628E-02   0.10165E-02
 4707.33   0.11140E-02   0.10576E-02   0.10115E-02
 4720.93   0.11082E-02   0.10513E-02   0.10055E-02
 4734.54   0.11025E-02   0.10452E-02   0.99969E-03
 4748.14   0.10969E-02   0.10391E-02   0.99393E-03
 4761.75   0.10914E-02   0.10332E-02   0.98825E-03
 4775.35   0.10860E-02   0.10273E-02   0.98264E-03
 4788.96   0.10806E-02   0.10214E-02   0.97707E-03
 4802.56   0.10752E-02   0.10156E-02   0.97151E-03
 4816.17   0.10696E-02   0.10096E-02   0.96582E-03
 4829.77   0.10652E-02   0.10047E-02   0.96114E-03
 4843.38   0.10594E-02   0.99861E-03   0.95533E-03
 4856.98   0.10541E-02   0.99285E-03   0.94985E-03
 4870.59   0.10488E-02   0.98716E-03   0.94444E-03
 4884.19   0.10436E-02   0.98154E-03   0.93910E-03
 4897.80   0.10384E-02   0.97600E-03   0.93383E-03
 4911.40   0.10333E-02   0.97053E-03   0.92863E-03
 4925.01   0.10283E-02   0.96512E-03   0.92349E-03
 4938.61   0.10233E-02   0.95975E-03   0.91839E-03
 4952.22   0.10182E-02   0.95435E-03   0.91326E-03
 4965.82   0.10136E-02   0.94936E-03   0.90852E-03
 4979.43   0.10086E-02   0.94397E-03   0.90341E-03
 4993.03   0.10036E-02   0.93869E-03   0.89839E-03
 5006.64   0.99873E-03   0.93343E-03   0.89341E-03
 5020.24   0.99384E-03   0.92821E-03   0.88846E-03
 5033.85   0.98899E-03   0.92304E-03   0.88355E-03
 5047.45   0.98420E-03   0.91792E-03   0.87870E-03
 5061.06   0.97948E-03   0.91288E-03   0.87392E-03
 5074.66   0.97481E-03   0.90789E-03   0.86920E-03
 5088.27   0.97020E-03   0.90296E-03   0.86453E-03
 5101.87   0.96564E-03   0.89809E-03   0.85991E-03
 5115.48   0.96108E-03   0.89323E-03   0.85531E-03
 5129.08   0.95654E-03   0.88838E-03   0.85073E-03
 5142.69   0.95200E-03   0.88354E-03   0.84615E-03
 5156.29   0.94746E-03   0.87871E-03   0.84158E-03
 5169.90   0.94293E-03   0.87390E-03   0.83703E-03
 5183.50   0.93843E-03   0.86912E-03   0.83251E-03
 5197.11   0.93396E-03   0.86438E-03   0.82803E-03
 5210.71   0.92955E-03   0.85969E-03   0.82360E-03
 5224.32   0.92517E-03   0.85504E-03   0.81920E-03
 5237.92   0.92092E-03   0.85052E-03   0.81493E-03
 5251.53   0.91674E-03   0.84607E-03   0.81073E-03
 5265.13   0.91250E-03   0.84158E-03   0.80649E-03
 5278.74   0.90830E-03   0.83712E-03   0.80228E-03
 5292.34   0.90410E-03   0.83267E-03   0.79808E-03
 5305.95   0.89989E-03   0.82822E-03   0.79389E-03
 5319.55   0.89569E-03   0.82377E-03   0.78969E-03
 5333.16   0.89148E-03   0.81934E-03   0.78551E-03
 5346.76   0.88728E-03   0.81492E-03   0.78134E-03
 5360.37   0.88307E-03   0.81049E-03   0.77716E-03
 5373.97   0.87901E-03   0.80620E-03   0.77312E-03
 5387.58   0.87538E-03   0.80232E-03   0.76947E-03
 5401.18   0.87129E-03   0.79803E-03   0.76543E-03
 5414.79   0.86733E-03   0.79385E-03   0.76149E-03
 5428.39   0.86342E-03   0.78973E-03   0.75761E-03
 5442.00   0.85952E-03   0.78562E-03   0.75375E-03
 5455.60   0.85562E-03   0.78152E-03   0.74989E-03
 5469.21   0.85171E-03   0.77742E-03   0.74602E-03
 5482.81   0.84778E-03   0.77330E-03   0.74215E-03
 5496.42   0.84380E-03   0.76915E-03   0.73824E-03
 5510.02   0.83955E-03   0.76475E-03   0.73410E-03
 5523.63   0.83719E-03   0.76208E-03   0.73162E-03
 5537.23   0.83280E-03   0.75756E-03   0.72736E-03
 5550.84   0.82896E-03   0.75356E-03   0.72360E-03
 5564.44   0.82524E-03   0.74967E-03   0.71994E-03
 5578.05   0.82157E-03   0.74583E-03   0.71634E-03
 5591.65   0.81794E-03   0.74203E-03   0.71277E-03
 5605.26   0.81432E-03   0.73825E-03   0.70922E-03
 5618.86   0.81069E-03   0.73447E-03   0.70567E-03
 5632.47   0.80703E-03   0.73066E-03   0.70209E-03
 5646.07   0.80326E-03   0.72675E-03   0.69842E-03
 5659.68   0.79951E-03   0.72288E-03   0.69479E-03
 5673.28   0.79690E-03   0.72004E-03   0.69214E-03
 5686.89   0.79305E-03   0.71608E-03   0.68842E-03
 5700.49   0.78943E-03   0.71235E-03   0.68492E-03
 5714.10   0.78591E-03   0.70870E-03   0.68150E-03
 5727.70   0.78246E-03   0.70512E-03   0.67814E-03
 5741.31   0.77905E-03   0.70158E-03   0.67483E-03
 5754.91   0.77567E-03   0.69808E-03   0.67155E-03
 5768.52   0.77230E-03   0.69459E-03   0.66828E-03
 5782.12   0.76891E-03   0.69109E-03   0.66500E-03
 5795.73   0.76539E-03   0.68747E-03   0.66161E-03
 5809.33   0.76178E-03   0.68379E-03   0.65815E-03
 5822.94   0.75933E-03   0.68114E-03   0.65570E-03
 5836.54   0.75582E-03   0.67755E-03   0.65234E-03
 5850.15   0.75243E-03   0.67408E-03   0.64908E-03
 5863.75   0.74910E-03   0.67066E-03   0.64589E-03
 5877.36   0.74583E-03   0.66730E-03   0.64274E-03
 5890.96   0.74261E-03   0.66399E-03   0.63964E-03
 5904.57   0.73943E-03   0.66073E-03   0.63659E-03
 5918.17   0.73629E-03   0.65750E-03   0.63358E-03
 5931.78   0.73315E-03   0.65428E-03   0.63057E-03
 5945.38   0.72996E-03   0.65101E-03   0.62751E-03
 5958.99   0.72663E-03   0.64763E-03   0.62435E-03
 5972.59   0.72406E-03   0.64494E-03   0.62185E-03
 5986.20   0.72088E-03   0.64170E-03   0.61882E-03
 5999.80   0.71773E-03   0.63849E-03   0.61583E-03
 6013.41   0.71460E-03   0.63531E-03   0.61285E-03
 6027.01   0.71150E-03   0.63215E-03   0.60990E-03
 6040.62   0.70843E-03   0.62904E-03   0.60699E-03
 6054.22   0.70542E-03   0.62597E-03   0.60412E-03
 6067.83   0.70244E-03   0.62294E-03   0.60130E-03
 6081.43   0.69951E-03   0.61996E-03   0.59852E-03
 6095.04   0.69661E-03   0.61700E-03   0.59576E-03
 6108.64   0.69366E-03   0.61401E-03   0.59297E-03
 6122.25   0.69090E-03   0.61118E-03   0.59034E-03
 6135.85   0.68801E-03   0.60825E-03   0.58761E-03
 6149.46   0.68511E-03   0.60532E-03   0.58487E-03
 6163.06   0.68220E-03   0.60238E-03   0.58213E-03
 6176.67   0.67929E-03   0.59944E-03   0.57939E-03
 6190.27   0.67639E-03   0.59651E-03   0.57666E-03
 6203.88   0.67351E-03   0.59361E-03   0.57395E-03
 6217.48   0.67066E-03   0.59074E-03   0.57128E-03
 6231.09   0.66786E-03   0.58791E-03   0.56865E-03
 6244.69   0.66509E-03   0.58512E-03   0.56605E-03
 6258.30   0.66242E-03   0.58242E-03   0.56354E-03
 6271.90   0.65974E-03   0.57972E-03   0.56102E-03
 6285.51   0.65705E-03   0.57701E-03   0.55850E-03
 6299.11   0.65437E-03   0.57431E-03   0.55600E-03
 6312.72   0.65168E-03   0.57162E-03   0.55349E-03
 6326.32   0.64897E-03   0.56891E-03   0.55097E-03
 6339.93   0.64625E-03   0.56619E-03   0.54844E-03
 6353.53   0.64352E-03   0.56347E-03   0.54590E-03
 6367.14   0.64078E-03   0.56075E-03   0.54337E-03
 6380.74   0.63806E-03   0.55805E-03   0.54086E-03
 6394.35   0.63533E-03   0.55535E-03   0.53834E-03
 6407.95   0.63276E-03   0.55279E-03   0.53597E-03
 6421.56   0.63052E-03   0.55053E-03   0.53387E-03
 6435.16   0.62783E-03   0.54787E-03   0.53140E-03
 6448.77   0.62527E-03   0.54534E-03   0.52904E-03
 6462.37   0.62274E-03   0.54283E-03   0.52672E-03
 6475.98   0.62022E-03   0.54034E-03   0.52441E-03
 6489.58   0.61769E-03   0.53784E-03   0.52209E-03
 6503.19   0.61513E-03   0.53533E-03   0.51975E-03
 6516.79   0.61255E-03   0.53281E-03   0.51740E-03
 6530.40   0.60995E-03   0.53026E-03   0.51504E-03
 6544.00   0.60730E-03   0.52769E-03   0.51264E-03
 6557.61   0.60443E-03   0.52491E-03   0.51005E-03
 6571.21   0.60186E-03   0.52242E-03   0.50773E-03
 6584.82   0.60030E-03   0.52080E-03   0.50625E-03
 6598.42   0.59773E-03   0.51830E-03   0.50393E-03
 6612.03   0.59527E-03   0.51592E-03   0.50172E-03
 6625.63   0.59287E-03   0.51358E-03   0.49955E-03
 6639.24   0.59049E-03   0.51127E-03   0.49740E-03
 6652.84   0.58811E-03   0.50896E-03   0.49527E-03
 6666.45   0.58572E-03   0.50665E-03   0.49312E-03
 6680.05   0.58330E-03   0.50431E-03   0.49095E-03
 6693.66   0.58083E-03   0.50194E-03   0.48874E-03
 6707.26   0.57824E-03   0.49946E-03   0.48644E-03
 6720.87   0.57577E-03   0.49710E-03   0.48424E-03
 6734.47   0.57452E-03   0.49580E-03   0.48307E-03
 6748.08   0.57173E-03   0.49317E-03   0.48061E-03
 6761.68   0.56928E-03   0.49083E-03   0.47844E-03
 6775.29   0.56692E-03   0.48857E-03   0.47634E-03
 6788.89   0.56461E-03   0.48637E-03   0.47430E-03
 6802.50   0.56235E-03   0.48421E-03   0.47230E-03
 6816.10   0.56011E-03   0.48207E-03   0.47032E-03
 6829.71   0.55787E-03   0.47994E-03   0.46834E-03
 6843.31   0.55562E-03   0.47780E-03   0.46635E-03
 6856.92   0.55331E-03   0.47561E-03   0.46432E-03
 6870.52   0.55082E-03   0.47327E-03   0.46214E-03
 6884.13   0.54839E-03   0.47098E-03   0.46001E-03
 6897.73   0.54721E-03   0.46977E-03   0.45894E-03
 6911.34   0.54473E-03   0.46744E-03   0.45676E-03
 6924.94   0.54240E-03   0.46526E-03   0.45473E-03
 6938.55   0.54014E-03   0.46313E-03   0.45275E-03
 6952.15   0.53793E-03   0.46105E-03   0.45082E-03
 6965.76   0.53576E-03   0.45901E-03   0.44893E-03
 6979.36   0.53363E-03   0.45700E-03   0.44707E-03
 6992.97   0.53153E-03   0.45502E-03   0.44524E-03
 7006.57   0.52944E-03   0.45305E-03   0.44341E-03
 7020.18   0.52732E-03   0.45106E-03   0.44157E-03
 7033.78   0.52506E-03   0.44896E-03   0.43961E-03
 7047.39   0.52274E-03   0.44681E-03   0.43761E-03
 7060.99   0.52141E-03   0.44550E-03   0.43643E-03
 7074.60   0.51918E-03   0.44344E-03   0.43451E-03
 7088.20   0.51701E-03   0.44142E-03   0.43263E-03
 7101.81   0.51486E-03   0.43943E-03   0.43078E-03
 7115.41   0.51273E-03   0.43746E-03   0.42895E-03
 7129.02   0.51064E-03   0.43552E-03   0.42716E-03
 7142.62   0.50859E-03   0.43362E-03   0.42540E-03
 7156.23   0.50657E-03   0.43175E-03   0.42367E-03
 7169.83   0.50459E-03   0.42992E-03   0.42197E-03
 7183.44   0.50262E-03   0.42810E-03   0.42028E-03
 7197.04   0.50063E-03   0.42627E-03   0.41859E-03
 7210.65   0.49856E-03   0.42437E-03   0.41682E-03
 7224.25   0.49688E-03   0.42280E-03   0.41539E-03
 7237.86   0.49488E-03   0.42097E-03   0.41369E-03
 7251.46   0.49288E-03   0.41914E-03   0.41199E-03
 7265.07   0.49087E-03   0.41730E-03   0.41028E-03
 7278.67   0.48885E-03   0.41546E-03   0.40857E-03
 7292.28   0.48684E-03   0.41363E-03   0.40688E-03
 7305.88   0.48485E-03   0.41182E-03   0.40519E-03
 7319.49   0.48289E-03   0.41004E-03   0.40354E-03
 7333.09   0.48096E-03   0.40829E-03   0.40192E-03
 7346.70   0.47907E-03   0.40657E-03   0.40033E-03
 7360.30   0.47721E-03   0.40488E-03   0.39876E-03
 7373.91   0.47539E-03   0.40323E-03   0.39724E-03
 7387.51   0.47357E-03   0.40158E-03   0.39570E-03
 7401.12   0.47174E-03   0.39993E-03   0.39417E-03
 7414.72   0.46990E-03   0.39827E-03   0.39264E-03
 7428.33   0.46804E-03   0.39659E-03   0.39109E-03
 7441.93   0.46616E-03   0.39491E-03   0.38952E-03
 7455.54   0.46426E-03   0.39321E-03   0.38794E-03
 7469.14   0.46236E-03   0.39150E-03   0.38636E-03
 7482.75   0.46045E-03   0.38980E-03   0.38477E-03
 7496.35   0.45856E-03   0.38811E-03   0.38321E-03
 7509.96   0.45668E-03   0.38644E-03   0.38165E-03
 7523.56   0.45481E-03   0.38477E-03   0.38010E-03
 7537.17   0.45311E-03   0.38326E-03   0.37870E-03
 7550.77   0.45154E-03   0.38186E-03   0.37741E-03
 7564.38   0.44973E-03   0.38025E-03   0.37592E-03
 7577.98   0.44798E-03   0.37870E-03   0.37448E-03
 7591.59   0.44625E-03   0.37716E-03   0.37306E-03
 7605.19   0.44451E-03   0.37562E-03   0.37163E-03
 7618.80   0.44275E-03   0.37407E-03   0.37019E-03
 7632.40   0.44098E-03   0.37250E-03   0.36874E-03
 7646.01   0.43918E-03   0.37092E-03   0.36726E-03
 7659.61   0.43736E-03   0.36932E-03   0.36577E-03
 7673.22   0.43552E-03   0.36771E-03   0.36427E-03
 7686.82   0.43364E-03   0.36606E-03   0.36274E-03
 7700.43   0.43141E-03   0.36412E-03   0.36091E-03
 7714.03   0.43120E-03   0.36388E-03   0.36076E-03
 7727.64   0.42898E-03   0.36195E-03   0.35894E-03
 7741.24   0.42722E-03   0.36041E-03   0.35751E-03
 7754.85   0.42554E-03   0.35895E-03   0.35615E-03
 7768.45   0.42390E-03   0.35751E-03   0.35482E-03
 7782.06   0.42227E-03   0.35609E-03   0.35349E-03
 7795.66   0.42063E-03   0.35466E-03   0.35217E-03
 7809.27   0.41897E-03   0.35322E-03   0.35083E-03
 7822.87   0.41729E-03   0.35175E-03   0.34947E-03
 7836.48   0.41557E-03   0.35026E-03   0.34808E-03
 7850.08   0.41379E-03   0.34872E-03   0.34664E-03
 7863.69   0.41183E-03   0.34703E-03   0.34505E-03
 7877.29   0.41019E-03   0.34561E-03   0.34373E-03
 7890.90   0.40962E-03   0.34510E-03   0.34331E-03
 7904.50   0.40767E-03   0.34343E-03   0.34173E-03
 7918.11   0.40596E-03   0.34196E-03   0.34036E-03
 7931.71   0.40433E-03   0.34056E-03   0.33906E-03
 7945.32   0.40275E-03   0.33920E-03   0.33780E-03
 7958.92   0.40120E-03   0.33787E-03   0.33656E-03
 7972.53   0.39966E-03   0.33655E-03   0.33534E-03
 7986.13   0.39811E-03   0.33523E-03   0.33411E-03
 7999.74   0.39654E-03   0.33389E-03   0.33286E-03
 8013.34   0.39494E-03   0.33251E-03   0.33158E-03
 8026.95   0.39324E-03   0.33107E-03   0.33023E-03
 8040.55   0.39116E-03   0.32931E-03   0.32855E-03
 8054.16   0.38950E-03   0.32789E-03   0.32723E-03
 8067.76   0.38925E-03   0.32768E-03   0.32710E-03
 8081.37   0.38746E-03   0.32616E-03   0.32568E-03
 8094.97   0.38582E-03   0.32477E-03   0.32437E-03
 8108.58   0.38424E-03   0.32343E-03   0.32312E-03
 8122.18   0.38270E-03   0.32213E-03   0.32191E-03
 8135.79   0.38121E-03   0.32087E-03   0.32074E-03
 8149.39   0.37974E-03   0.31963E-03   0.31959E-03
 8163.00   0.37828E-03   0.31841E-03   0.31845E-03
 8176.60   0.37683E-03   0.31719E-03   0.31731E-03
 8190.21   0.37535E-03   0.31595E-03   0.31615E-03
 8203.81   0.37380E-03   0.31464E-03   0.31493E-03
 8217.42   0.37179E-03   0.31295E-03   0.31332E-03
 8231.02   0.37194E-03   0.31310E-03   0.31356E-03
 8244.63   0.36989E-03   0.31138E-03   0.31192E-03
 8258.23   0.36827E-03   0.31003E-03   0.31065E-03
 8271.84   0.36672E-03   0.30874E-03   0.30943E-03
 8285.44   0.36519E-03   0.30747E-03   0.30825E-03
 8299.05   0.36369E-03   0.30623E-03   0.30709E-03
 8312.65   0.36223E-03   0.30502E-03   0.30595E-03
 8326.26   0.36080E-03   0.30384E-03   0.30485E-03
 8339.86   0.35940E-03   0.30268E-03   0.30377E-03
 8353.47   0.35802E-03   0.30155E-03   0.30272E-03
 8367.07   0.35664E-03   0.30042E-03   0.30167E-03
 8380.68   0.35525E-03   0.29928E-03   0.30060E-03
 8394.28   0.35364E-03   0.29794E-03   0.29934E-03
 8407.89   0.35293E-03   0.29739E-03   0.29886E-03
 8421.49   0.35136E-03   0.29610E-03   0.29765E-03
 8435.10   0.34991E-03   0.29492E-03   0.29654E-03
 8448.70   0.34847E-03   0.29374E-03   0.29544E-03
 8462.31   0.34703E-03   0.29257E-03   0.29433E-03
 8475.91   0.34559E-03   0.29139E-03   0.29323E-03
 8489.52   0.34417E-03   0.29024E-03   0.29214E-03
 8503.12   0.34277E-03   0.28910E-03   0.29108E-03
 8516.73   0.34139E-03   0.28798E-03   0.29003E-03
 8530.33   0.34004E-03   0.28690E-03   0.28902E-03
 8543.94   0.33873E-03   0.28584E-03   0.28803E-03
 8557.54   0.33743E-03   0.28480E-03   0.28705E-03
 8571.15   0.33614E-03   0.28376E-03   0.28608E-03
 8584.75   0.33492E-03   0.28279E-03   0.28518E-03
 8598.36   0.33363E-03   0.28175E-03   0.28421E-03
 8611.96   0.33233E-03   0.28072E-03   0.28324E-03
 8625.57   0.33102E-03   0.27967E-03   0.28226E-03
 8639.17   0.32969E-03   0.27861E-03   0.28126E-03
 8652.78   0.32834E-03   0.27753E-03   0.28025E-03
 8666.38   0.32697E-03   0.27644E-03   0.27923E-03
 8679.99   0.32561E-03   0.27536E-03   0.27821E-03
 8693.59   0.32425E-03   0.27428E-03   0.27719E-03
 8707.20   0.32291E-03   0.27322E-03   0.27619E-03
 8720.80   0.32158E-03   0.27218E-03   0.27521E-03
 8734.41   0.32028E-03   0.27116E-03   0.27425E-03
 8748.01   0.31896E-03   0.27013E-03   0.27328E-03
 8761.62   0.31784E-03   0.26926E-03   0.27247E-03
 8775.22   0.31667E-03   0.26835E-03   0.27162E-03
 8788.83   0.31544E-03   0.26739E-03   0.27072E-03
 8802.43   0.31422E-03   0.26644E-03   0.26983E-03
 8816.04   0.31299E-03   0.26548E-03   0.26894E-03
 8829.64   0.31174E-03   0.26451E-03   0.26802E-03
 8843.25   0.31048E-03   0.26353E-03   0.26710E-03
 8856.85   0.30919E-03   0.26253E-03   0.26615E-03
 8870.46   0.30789E-03   0.26151E-03   0.26519E-03
 8884.06   0.30658E-03   0.26049E-03   0.26423E-03
 8897.67   0.30526E-03   0.25947E-03   0.26326E-03
 8911.27   0.30394E-03   0.25844E-03   0.26228E-03
 8924.88   0.30254E-03   0.25735E-03   0.26125E-03
 8938.48   0.30147E-03   0.25654E-03   0.26049E-03
 8952.09   0.30072E-03   0.25599E-03   0.26000E-03
 8965.69   0.29939E-03   0.25496E-03   0.25902E-03
 8979.30   0.29818E-03   0.25404E-03   0.25814E-03
 8992.90   0.29701E-03   0.25314E-03   0.25730E-03
 9006.51   0.29586E-03   0.25226E-03   0.25647E-03
 9020.11   0.29469E-03   0.25137E-03   0.25563E-03
 9033.72   0.29352E-03   0.25047E-03   0.25478E-03
 9047.32   0.29232E-03   0.24956E-03   0.25392E-03
 9060.93   0.29110E-03   0.24862E-03   0.25303E-03
 9074.53   0.28985E-03   0.24766E-03   0.25211E-03
 9088.14   0.28856E-03   0.24667E-03   0.25117E-03
 9101.74   0.28719E-03   0.24561E-03   0.25015E-03
 9115.35   0.28529E-03   0.24410E-03   0.24868E-03
 9128.95   0.28631E-03   0.24507E-03   0.24973E-03
 9142.56   0.28434E-03   0.24350E-03   0.24820E-03
 9156.16   0.28304E-03   0.24250E-03   0.24724E-03
 9169.77   0.28186E-03   0.24161E-03   0.24639E-03
 9183.37   0.28072E-03   0.24075E-03   0.24558E-03
 9196.98   0.27962E-03   0.23992E-03   0.24479E-03
 9210.58   0.27852E-03   0.23910E-03   0.24401E-03
 9224.19   0.27743E-03   0.23828E-03   0.24323E-03
 9237.79   0.27632E-03   0.23744E-03   0.24244E-03
 9251.40   0.27519E-03   0.23659E-03   0.24163E-03
 9265.00   0.27402E-03   0.23570E-03   0.24078E-03
 9278.61   0.27279E-03   0.23476E-03   0.23988E-03
 9292.21   0.27138E-03   0.23366E-03   0.23882E-03
 9305.82   0.27030E-03   0.23285E-03   0.23805E-03
 9319.42   0.27042E-03   0.23307E-03   0.23834E-03
 9333.03   0.26886E-03   0.23186E-03   0.23715E-03
 9346.63   0.26762E-03   0.23090E-03   0.23623E-03
 9360.24   0.26647E-03   0.23003E-03   0.23540E-03
 9373.84   0.26536E-03   0.22920E-03   0.23460E-03
 9387.45   0.26429E-03   0.22840E-03   0.23385E-03
 9401.05   0.26325E-03   0.22763E-03   0.23311E-03
 9414.66   0.26223E-03   0.22687E-03   0.23238E-03
 9428.26   0.26120E-03   0.22611E-03   0.23166E-03
 9441.87   0.26017E-03   0.22534E-03   0.23093E-03
 9455.47   0.25910E-03   0.22454E-03   0.23017E-03
 9469.08   0.25797E-03   0.22369E-03   0.22934E-03
 9482.68   0.25661E-03   0.22262E-03   0.22831E-03
 9496.29   0.25554E-03   0.22183E-03   0.22755E-03
 9509.89   0.25555E-03   0.22198E-03   0.22776E-03
 9523.50   0.25423E-03   0.22096E-03   0.22677E-03
 9537.10   0.25307E-03   0.22008E-03   0.22592E-03
 9550.71   0.25195E-03   0.21925E-03   0.22511E-03
 9564.31   0.25087E-03   0.21844E-03   0.22434E-03
 9577.92   0.24982E-03   0.21767E-03   0.22360E-03
 9591.52   0.24881E-03   0.21692E-03   0.22288E-03
 9605.13   0.24781E-03   0.21619E-03   0.22218E-03
 9618.73   0.24684E-03   0.21548E-03   0.22150E-03
 9632.34   0.24588E-03   0.21478E-03   0.22083E-03
 9645.94   0.24491E-03   0.21407E-03   0.22016E-03
 9659.55   0.24390E-03   0.21334E-03   0.21945E-03
 9673.15   0.24274E-03   0.21246E-03   0.21860E-03
 9686.76   0.24170E-03   0.21168E-03   0.21785E-03
 9700.36   0.24139E-03   0.21157E-03   0.21778E-03
 9713.97   0.24027E-03   0.21073E-03   0.21697E-03
 9727.57   0.23921E-03   0.20995E-03   0.21621E-03
 9741.18   0.23817E-03   0.20918E-03   0.21546E-03
 9754.78   0.23713E-03   0.20841E-03   0.21473E-03
 9768.39   0.23611E-03   0.20766E-03   0.21400E-03
 9781.99   0.23511E-03   0.20693E-03   0.21330E-03
 9795.60   0.23413E-03   0.20622E-03   0.21261E-03
 9809.20   0.23318E-03   0.20553E-03   0.21195E-03
 9822.81   0.23225E-03   0.20487E-03   0.21131E-03
 9836.41   0.23133E-03   0.20422E-03   0.21068E-03
 9850.02   0.23043E-03   0.20357E-03   0.21007E-03
 9863.62   0.22950E-03   0.20291E-03   0.20942E-03
 9877.23   0.22854E-03   0.20222E-03   0.20875E-03
 9890.83   0.22785E-03   0.20177E-03   0.20834E-03
 9904.44   0.22691E-03   0.20109E-03   0.20768E-03
 9918.04   0.22597E-03   0.20042E-03   0.20703E-03
 9931.65   0.22501E-03   0.19973E-03   0.20637E-03
 9945.25   0.22404E-03   0.19903E-03   0.20569E-03
 9958.86   0.22307E-03   0.19833E-03   0.20501E-03
 9972.46   0.22210E-03   0.19763E-03   0.20433E-03
 9986.07   0.22113E-03   0.19694E-03   0.20365E-03
 9999.67   0.22018E-03   0.19626E-03   0.20299E-03
