   13.60   0.69315E-01   0.73548E-01   0.37154E+00
   27.21   0.69648E-01   0.67020E-01   0.16571E+00
   40.81   0.52639E-01   0.50146E-01   0.96679E-01
   54.42   0.38211E-01   0.37590E-01   0.63752E-01
   68.02   0.27447E-01   0.29200E-01   0.45801E-01
   81.63   0.22815E-01   0.23454E-01   0.34909E-01
   95.23   0.20956E-01   0.19514E-01   0.27757E-01
  108.84   0.15442E-01   0.16596E-01   0.22809E-01
  122.44   0.14811E-01   0.14293E-01   0.19190E-01
  136.05   0.12362E-01   0.12547E-01   0.16410E-01
  149.65   0.10904E-01   0.10988E-01   0.14185E-01
  163.26   0.97997E-02   0.97700E-02   0.12368E-01
  176.86   0.86195E-02   0.86567E-02   0.10873E-01
  190.47   0.75818E-02   0.77926E-02   0.96372E-02
  204.07   0.73159E-02   0.69964E-02   0.86076E-02
  217.68   0.57950E-02   0.63708E-02   0.77433E-02
  231.28   0.64186E-02   0.58042E-02   0.70134E-02
  244.89   0.47220E-02   0.53253E-02   0.63909E-02
  258.49   0.52307E-02   0.49278E-02   0.58588E-02
  272.10   0.45525E-02   0.45480E-02   0.53978E-02
  285.70   0.38439E-02   0.42495E-02   0.49952E-02
  299.31   0.44534E-02   0.39627E-02   0.46413E-02
  312.91   0.33665E-02   0.37000E-02   0.43212E-02
  326.52   0.33658E-02   0.34847E-02   0.40351E-02
  340.12   0.36476E-02   0.32636E-02   0.37762E-02
  353.73   0.26884E-02   0.30726E-02   0.35425E-02
  367.33   0.28842E-02   0.29092E-02   0.33300E-02
  380.94   0.30628E-02   0.27396E-02   0.31367E-02
  394.54   0.22541E-02   0.25940E-02   0.29609E-02
  408.15   0.23947E-02   0.24695E-02   0.28000E-02
  421.75   0.26639E-02   0.23391E-02   0.26526E-02
  435.36   0.19881E-02   0.22235E-02   0.25177E-02
  448.96   0.19284E-02   0.21279E-02   0.23938E-02
  462.57   0.23283E-02   0.20281E-02   0.22792E-02
  476.17   0.18876E-02   0.19331E-02   0.21738E-02
  489.78   0.15551E-02   0.18568E-02   0.20765E-02
  503.38   0.19223E-02   0.17811E-02   0.19851E-02
  516.99   0.18845E-02   0.17020E-02   0.19001E-02
  530.59   0.13841E-02   0.16349E-02   0.18209E-02
  544.20   0.14481E-02   0.15763E-02   0.17460E-02
  557.80   0.17584E-02   0.15132E-02   0.16758E-02
  571.41   0.14556E-02   0.14517E-02   0.16097E-02
  585.01   0.11361E-02   0.14012E-02   0.15472E-02
  598.62   0.13556E-02   0.13537E-02   0.14887E-02
  612.22   0.15267E-02   0.13018E-02   0.14334E-02
  625.83   0.11763E-02   0.12538E-02   0.13812E-02
  639.43   0.98189E-03   0.12145E-02   0.13318E-02
  653.04   0.12233E-02   0.11756E-02   0.12852E-02
  666.64   0.13308E-02   0.11333E-02   0.12411E-02
  680.25   0.10090E-02   0.10949E-02   0.11992E-02
  693.85   0.85020E-03   0.10634E-02   0.11597E-02
  707.46   0.10637E-02   0.10321E-02   0.11222E-02
  721.06   0.11855E-02   0.99781E-03   0.10867E-02
  734.67   0.91903E-03   0.96601E-03   0.10528E-02
  748.27   0.73647E-03   0.94007E-03   0.10206E-02
  761.88   0.88931E-03   0.91508E-03   0.99001E-03
  775.48   0.10632E-02   0.88723E-03   0.96084E-03
  789.09   0.88779E-03   0.85991E-03   0.93278E-03
  802.69   0.66032E-03   0.83738E-03   0.90602E-03
  816.30   0.71241E-03   0.81706E-03   0.88036E-03
  829.90   0.91761E-03   0.79464E-03   0.85582E-03
  843.51   0.88482E-03   0.77091E-03   0.83212E-03
  857.11   0.64627E-03   0.75037E-03   0.80951E-03
  870.72   0.56914E-03   0.73315E-03   0.78775E-03
  884.32   0.72526E-03   0.71554E-03   0.76688E-03
  897.93   0.84629E-03   0.69574E-03   0.74673E-03
  911.53   0.69871E-03   0.67677E-03   0.72753E-03
  925.14   0.51414E-03   0.66100E-03   0.70903E-03
  938.74   0.53412E-03   0.64695E-03   0.69121E-03
  952.35   0.70318E-03   0.63162E-03   0.67412E-03
  965.95   0.74381E-03   0.61483E-03   0.65758E-03
  979.56   0.57011E-03   0.59955E-03   0.64175E-03
  993.16   0.43916E-03   0.58700E-03   0.62650E-03
 1006.77   0.49790E-03   0.57527E-03   0.61179E-03
 1020.37   0.65170E-03   0.56211E-03   0.59762E-03
 1033.98   0.65747E-03   0.54806E-03   0.58397E-03
 1047.58   0.49241E-03   0.53548E-03   0.57083E-03
 1061.19   0.38655E-03   0.52516E-03   0.55814E-03
 1074.79   0.44732E-03   0.51535E-03   0.54587E-03
 1088.40   0.58734E-03   0.50423E-03   0.53399E-03
 1102.00   0.59726E-03   0.49230E-03   0.52250E-03
 1115.61   0.45098E-03   0.48152E-03   0.51139E-03
 1129.21   0.34538E-03   0.47267E-03   0.50064E-03
 1142.82   0.38473E-03   0.46437E-03   0.49015E-03
 1156.42   0.51307E-03   0.45509E-03   0.48004E-03
 1170.03   0.55323E-03   0.44487E-03   0.47020E-03
 1183.63   0.43686E-03   0.43531E-03   0.46067E-03
 1197.24   0.31882E-03   0.42744E-03   0.45145E-03
 1210.84   0.32008E-03   0.42039E-03   0.44242E-03
 1224.45   0.42706E-03   0.41281E-03   0.43374E-03
 1238.05   0.50796E-03   0.40418E-03   0.42528E-03
 1251.66   0.44322E-03   0.39561E-03   0.41707E-03
 1265.26   0.31713E-03   0.38833E-03   0.40912E-03
 1278.87   0.26992E-03   0.38219E-03   0.40134E-03
 1292.47   0.33423E-03   0.37610E-03   0.39385E-03
 1306.08   0.43979E-03   0.36907E-03   0.38655E-03
 1319.68   0.45005E-03   0.36152E-03   0.37946E-03
 1333.29   0.34549E-03   0.35462E-03   0.37256E-03
 1346.89   0.25283E-03   0.34891E-03   0.36584E-03
 1360.50   0.25486E-03   0.34388E-03   0.35935E-03
 1374.10   0.34173E-03   0.33840E-03   0.35303E-03
 1387.71   0.42016E-03   0.33211E-03   0.34687E-03
 1401.31   0.38657E-03   0.32569E-03   0.34088E-03
 1414.92   0.28083E-03   0.32010E-03   0.33505E-03
 1428.52   0.21766E-03   0.31549E-03   0.32936E-03
 1442.13   0.24322E-03   0.31117E-03   0.32384E-03
 1455.73   0.33143E-03   0.30629E-03   0.31845E-03
 1469.34   0.38793E-03   0.30076E-03   0.31320E-03
 1482.94   0.33872E-03   0.29527E-03   0.30806E-03
 1496.55   0.24184E-03   0.29056E-03   0.30305E-03
 1510.15   0.19360E-03   0.28667E-03   0.29816E-03
 1523.76   0.22457E-03   0.28292E-03   0.29339E-03
 1537.36   0.30714E-03   0.27864E-03   0.28873E-03
 1550.97   0.35609E-03   0.27380E-03   0.28418E-03
 1564.57   0.30953E-03   0.26901E-03   0.27973E-03
 1578.18   0.22070E-03   0.26490E-03   0.27538E-03
 1591.78   0.17443E-03   0.26151E-03   0.27113E-03
 1605.39   0.19874E-03   0.25828E-03   0.26698E-03
 1618.99   0.27323E-03   0.25460E-03   0.26293E-03
 1632.60   0.32666E-03   0.25041E-03   0.25898E-03
 1646.20   0.29536E-03   0.24616E-03   0.25509E-03
 1659.81   0.21385E-03   0.24248E-03   0.25131E-03
 1673.41   0.16063E-03   0.23946E-03   0.24761E-03
 1687.02   0.16944E-03   0.23668E-03   0.24400E-03
 1700.62   0.23133E-03   0.23361E-03   0.24046E-03
 1714.23   0.29406E-03   0.23005E-03   0.23702E-03
 1727.83   0.28897E-03   0.22628E-03   0.23362E-03
 1741.44   0.21997E-03   0.22289E-03   0.23032E-03
 1755.04   0.15617E-03   0.22009E-03   0.22709E-03
 1768.65   0.14301E-03   0.21768E-03   0.22392E-03
 1782.25   0.18427E-03   0.21516E-03   0.22083E-03
 1795.86   0.25058E-03   0.21223E-03   0.21781E-03
 1809.46   0.27856E-03   0.20895E-03   0.21483E-03
 1823.07   0.23586E-03   0.20579E-03   0.21194E-03
 1836.67   0.16670E-03   0.20310E-03   0.20910E-03
 1850.28   0.12884E-03   0.20089E-03   0.20631E-03
 1863.88   0.14152E-03   0.19881E-03   0.20359E-03
 1877.49   0.19581E-03   0.19646E-03   0.20091E-03
 1891.09   0.25016E-03   0.19372E-03   0.19828E-03
 1904.70   0.24972E-03   0.19083E-03   0.19571E-03
 1918.30   0.19366E-03   0.18817E-03   0.19319E-03
 1931.91   0.13555E-03   0.18596E-03   0.19072E-03
 1945.51   0.11559E-03   0.18410E-03   0.18829E-03
 1959.12   0.14101E-03   0.18224E-03   0.18591E-03
 1972.72   0.19687E-03   0.18007E-03   0.18357E-03
 1986.33   0.23843E-03   0.17757E-03   0.18127E-03
 1999.93   0.22335E-03   0.17502E-03   0.17902E-03
 2013.54   0.16615E-03   0.17274E-03   0.17681E-03
 2027.14   0.11723E-03   0.17088E-03   0.17464E-03
 2040.75   0.10581E-03   0.16927E-03   0.17251E-03
 2054.35   0.13466E-03   0.16761E-03   0.17041E-03
 2067.96   0.18764E-03   0.16565E-03   0.16836E-03
 2081.56   0.22254E-03   0.16343E-03   0.16634E-03
 2095.17   0.20450E-03   0.16118E-03   0.16436E-03
 2108.77   0.15068E-03   0.15918E-03   0.16242E-03
 2122.38   0.10631E-03   0.15755E-03   0.16051E-03
 2135.98   0.96185E-04   0.15614E-03   0.15864E-03
 2149.59   0.12251E-03   0.15468E-03   0.15679E-03
 2163.19   0.17173E-03   0.15297E-03   0.15499E-03
 2176.80   0.20681E-03   0.15101E-03   0.15321E-03
 2190.40   0.19425E-03   0.14900E-03   0.15147E-03
 2204.01   0.14554E-03   0.14720E-03   0.14975E-03
 2217.61   0.10135E-03   0.14573E-03   0.14807E-03
 2231.22   0.86848E-04   0.14448E-03   0.14642E-03
 2244.82   0.10585E-03   0.14323E-03   0.14479E-03
 2258.43   0.14959E-03   0.14177E-03   0.14319E-03
 2272.03   0.18868E-03   0.14006E-03   0.14162E-03
 2285.64   0.18825E-03   0.13827E-03   0.14007E-03
 2299.24   0.14805E-03   0.13661E-03   0.13856E-03
 2312.85   0.10237E-03   0.13522E-03   0.13706E-03
 2326.45   0.79818E-04   0.13408E-03   0.13559E-03
 2340.06   0.87812E-04   0.13301E-03   0.13414E-03
 2353.66   0.12270E-03   0.13179E-03   0.13272E-03
 2367.27   0.16526E-03   0.13034E-03   0.13132E-03
 2380.87   0.18170E-03   0.12874E-03   0.12994E-03
 2394.48   0.15648E-03   0.12719E-03   0.12858E-03
 2408.08   0.11165E-03   0.12584E-03   0.12724E-03
 2421.69   0.79241E-04   0.12474E-03   0.12592E-03
 2435.29   0.73375E-04   0.12379E-03   0.12462E-03
 2448.90   0.94645E-04   0.12278E-03   0.12335E-03
 2462.50   0.13426E-03   0.12159E-03   0.12209E-03
 2476.11   0.16648E-03   0.12022E-03   0.12085E-03
 2489.71   0.16394E-03   0.11877E-03   0.11962E-03
 2503.32   0.12847E-03   0.11745E-03   0.11842E-03
 2516.92   0.88487E-04   0.11634E-03   0.11724E-03
 2530.53   0.67407E-04   0.11543E-03   0.11607E-03
 2544.13   0.71525E-04   0.11459E-03   0.11492E-03
 2557.74   0.98977E-04   0.11365E-03   0.11379E-03
 2571.34   0.13724E-03   0.11252E-03   0.11267E-03
 2584.95   0.15955E-03   0.11125E-03   0.11157E-03
 2598.55   0.14672E-03   0.10997E-03   0.11049E-03
 2612.16   0.10946E-03   0.10883E-03   0.10942E-03
 2625.76   0.75161E-04   0.10789E-03   0.10837E-03
 2639.37   0.60782E-04   0.10711E-03   0.10733E-03
 2652.97   0.69460E-04   0.10636E-03   0.10631E-03
 2666.58   0.98413E-04   0.10549E-03   0.10530E-03
 2680.18   0.13386E-03   0.10445E-03   0.10431E-03
 2693.79   0.15063E-03   0.10330E-03   0.10334E-03
 2707.39   0.13448E-03   0.10216E-03   0.10237E-03
 2721.00   0.98513E-04   0.10116E-03   0.10142E-03
 2734.60   0.67610E-04   0.10034E-03   0.10049E-03
 2748.21   0.55609E-04   0.99652E-04   0.99567E-04
 2761.81   0.64635E-04   0.98981E-04   0.98658E-04
 2775.42   0.92061E-04   0.98206E-04   0.97761E-04
 2789.02   0.12528E-03   0.97278E-04   0.96876E-04
 2802.63   0.14140E-03   0.96243E-04   0.96001E-04
 2816.23   0.12715E-03   0.95215E-04   0.95140E-04
 2829.84   0.93793E-04   0.94309E-04   0.94295E-04
 2843.44   0.64053E-04   0.93564E-04   0.93457E-04
 2857.05   0.51238E-04   0.92947E-04   0.92630E-04
 2870.65   0.57675E-04   0.92353E-04   0.91815E-04
 2884.26   0.81665E-04   0.91674E-04   0.91009E-04
 2897.86   0.11353E-03   0.90856E-04   0.90212E-04
 2911.47   0.13297E-03   0.89925E-04   0.89421E-04
 2925.07   0.12480E-03   0.88996E-04   0.88658E-04
 2938.68   0.95290E-04   0.88140E-04   0.87888E-04
 2952.28   0.65000E-04   0.87433E-04   0.87131E-04
 2965.89   0.48719E-04   0.86857E-04   0.86385E-04
 2979.49   0.50065E-04   0.86328E-04   0.85649E-04
 2993.10   0.68361E-04   0.85746E-04   0.84922E-04
 3006.70   0.97775E-04   0.85045E-04   0.84202E-04
 3020.31   0.12202E-03   0.84227E-04   0.83488E-04
 3033.91   0.12346E-03   0.83377E-04   0.82797E-04
 3047.52   0.10072E-03   0.82565E-04   0.82101E-04
 3061.12   0.70217E-04   0.81875E-04   0.81417E-04
 3074.73   0.48967E-04   0.81318E-04   0.80741E-04
 3088.33   0.43464E-04   0.80839E-04   0.80075E-04
 3101.94   0.54022E-04   0.80349E-04   0.79418E-04
 3115.54   0.78313E-04   0.79770E-04   0.78767E-04
 3129.15   0.10595E-03   0.79074E-04   0.78121E-04
 3142.75   0.11931E-03   0.78313E-04   0.77495E-04
 3156.36   0.10826E-03   0.77544E-04   0.76866E-04
 3169.96   0.80976E-04   0.76857E-04   0.76245E-04
 3183.57   0.54920E-04   0.76292E-04   0.75633E-04
 3197.17   0.41373E-04   0.75831E-04   0.75029E-04
 3210.78   0.42731E-04   0.75407E-04   0.74433E-04
 3224.38   0.58510E-04   0.74941E-04   0.73844E-04
 3237.99   0.84452E-04   0.74377E-04   0.73262E-04
 3251.59   0.10759E-03   0.73719E-04   0.72690E-04
 3265.20   0.11232E-03   0.73011E-04   0.72121E-04
 3278.80   0.94991E-04   0.72332E-04   0.71559E-04
 3292.41   0.67731E-04   0.71744E-04   0.71003E-04
 3306.01   0.45997E-04   0.71267E-04   0.70453E-04
 3319.62   0.37139E-04   0.70870E-04   0.69911E-04
 3333.22   0.41985E-04   0.70487E-04   0.69376E-04
 3346.83   0.59718E-04   0.70051E-04   0.68848E-04
 3360.43   0.84892E-04   0.69521E-04   0.68325E-04
 3374.04   0.10415E-03   0.68909E-04   0.67809E-04
 3387.64   0.10438E-03   0.68267E-04   0.67297E-04
 3401.25   0.85281E-04   0.67662E-04   0.66791E-04
 3414.85   0.59605E-04   0.67145E-04   0.66289E-04
 3428.46   0.40729E-04   0.66728E-04   0.65793E-04
 3442.06   0.34070E-04   0.66375E-04   0.65302E-04
 3455.67   0.39986E-04   0.66026E-04   0.64815E-04
 3469.27   0.57670E-04   0.65630E-04   0.64342E-04
 3482.88   0.81672E-04   0.65140E-04   0.63868E-04
 3496.48   0.99386E-04   0.64578E-04   0.63399E-04
 3510.09   0.99010E-04   0.63992E-04   0.62936E-04
 3523.69   0.80728E-04   0.63440E-04   0.62477E-04
 3537.30   0.56441E-04   0.62968E-04   0.62021E-04
 3550.90   0.38456E-04   0.62585E-04   0.61570E-04
 3564.51   0.31779E-04   0.62261E-04   0.61121E-04
 3578.11   0.36733E-04   0.61941E-04   0.60675E-04
 3591.72   0.52745E-04   0.61594E-04   0.60254E-04
 3605.32   0.75368E-04   0.61153E-04   0.59822E-04
 3618.93   0.93445E-04   0.60645E-04   0.59396E-04
 3632.53   0.95413E-04   0.60108E-04   0.58976E-04
 3646.14   0.79831E-04   0.59596E-04   0.58559E-04
 3659.74   0.56757E-04   0.59153E-04   0.58145E-04
 3673.35   0.38184E-04   0.58791E-04   0.57734E-04
 3686.95   0.29801E-04   0.58484E-04   0.57318E-04
 3700.56   0.32228E-04   0.58229E-04   0.56943E-04
 3714.16   0.45125E-04   0.57906E-04   0.56538E-04
 3727.77   0.65787E-04   0.57523E-04   0.56145E-04
 3741.37   0.85313E-04   0.57072E-04   0.55757E-04
 3754.98   0.92097E-04   0.56583E-04   0.55374E-04
 3768.58   0.81556E-04   0.56104E-04   0.54995E-04
 3782.19   0.60522E-04   0.55678E-04   0.54620E-04
 3795.79   0.40656E-04   0.55325E-04   0.54245E-04
 3809.40   0.29310E-04   0.55035E-04   0.53871E-04
 3823.00   0.28013E-04   0.54801E-04   0.53524E-04
 3836.61   0.36571E-04   0.54528E-04   0.53158E-04
 3850.21   0.53933E-04   0.54204E-04   0.52799E-04
 3863.82   0.74320E-04   0.53816E-04   0.52445E-04
 3877.42   0.87071E-04   0.53378E-04   0.52095E-04
 3891.03   0.84109E-04   0.52931E-04   0.51750E-04
 3904.63   0.67312E-04   0.52515E-04   0.51408E-04
 3918.24   0.46661E-04   0.52162E-04   0.51068E-04
 3931.84   0.31535E-04   0.51871E-04   0.50726E-04
 3945.45   0.25543E-04   0.51648E-04   0.50408E-04
 3959.05   0.28769E-04   0.51415E-04   0.50075E-04
 3972.66   0.41007E-04   0.51151E-04   0.49747E-04
 3986.26   0.59815E-04   0.50829E-04   0.49422E-04
 3999.87   0.77440E-04   0.50450E-04   0.49101E-04
 4013.47   0.83910E-04   0.50040E-04   0.48785E-04
 4027.08   0.75075E-04   0.49636E-04   0.48472E-04
 4040.68   0.56418E-04   0.49275E-04   0.48161E-04
 4054.29   0.37969E-04   0.48974E-04   0.47852E-04
 4067.89   0.26563E-04   0.48740E-04   0.47552E-04
 4081.50   0.23826E-04   0.48530E-04   0.47249E-04
 4095.10   0.29601E-04   0.48314E-04   0.46948E-04
 4108.71   0.43511E-04   0.48058E-04   0.46650E-04
 4122.31   0.62051E-04   0.47746E-04   0.46354E-04
 4135.92   0.76868E-04   0.47387E-04   0.46061E-04
 4149.52   0.79391E-04   0.47006E-04   0.45772E-04
 4163.13   0.68002E-04   0.46641E-04   0.45486E-04
 4176.73   0.49479E-04   0.46322E-04   0.45204E-04
 4190.34   0.32992E-04   0.46062E-04   0.44924E-04
 4203.94   0.23740E-04   0.45851E-04   0.44647E-04
 4217.55   0.22553E-04   0.45663E-04   0.44372E-04
 4231.15   0.29266E-04   0.45463E-04   0.44098E-04
 4244.76   0.43399E-04   0.45222E-04   0.43825E-04
 4258.36   0.61134E-04   0.44929E-04   0.43555E-04
 4271.97   0.74355E-04   0.44594E-04   0.43287E-04
 4285.57   0.75481E-04   0.44242E-04   0.43021E-04
 4299.18   0.63793E-04   0.43908E-04   0.42760E-04
 4312.78   0.46041E-04   0.43622E-04   0.42507E-04
 4326.39   0.30634E-04   0.43384E-04   0.42250E-04
 4339.99   0.22119E-04   0.43193E-04   0.41996E-04
 4353.60   0.21116E-04   0.43022E-04   0.41745E-04
 4367.20   0.27470E-04   0.42840E-04   0.41495E-04
 4380.81   0.40804E-04   0.42620E-04   0.41246E-04
 4394.41   0.57716E-04   0.42352E-04   0.40999E-04
 4408.02   0.70750E-04   0.42043E-04   0.40752E-04
 4421.62   0.72646E-04   0.41713E-04   0.40504E-04
 4435.23   0.62297E-04   0.41430E-04   0.40292E-04
 4448.83   0.45485E-04   0.41145E-04   0.40042E-04
 4462.44   0.30273E-04   0.40921E-04   0.39806E-04
 4476.04   0.21304E-04   0.40742E-04   0.39574E-04
 4489.65   0.19370E-04   0.40587E-04   0.39345E-04
 4503.25   0.24273E-04   0.40425E-04   0.39117E-04
 4516.86   0.35888E-04   0.40232E-04   0.38890E-04
 4530.46   0.51800E-04   0.39995E-04   0.38663E-04
 4544.07   0.65651E-04   0.39714E-04   0.38435E-04
 4557.67   0.70151E-04   0.39412E-04   0.38208E-04
 4571.28   0.62712E-04   0.39144E-04   0.38011E-04
 4584.88   0.47473E-04   0.38877E-04   0.37787E-04
 4598.49   0.32017E-04   0.38658E-04   0.37570E-04
 4612.09   0.21707E-04   0.38485E-04   0.37357E-04
 4625.70   0.17990E-04   0.38340E-04   0.37146E-04
 4639.30   0.20662E-04   0.38197E-04   0.36937E-04
 4652.91   0.29756E-04   0.38032E-04   0.36730E-04
 4666.51   0.44096E-04   0.37828E-04   0.36522E-04
 4680.12   0.58954E-04   0.37578E-04   0.36310E-04
 4693.72   0.67225E-04   0.37292E-04   0.36091E-04
 4707.33   0.64403E-04   0.37052E-04   0.35922E-04
 4720.93   0.51949E-04   0.36792E-04   0.35717E-04
 4734.54   0.36410E-04   0.36571E-04   0.35516E-04
 4748.14   0.24096E-04   0.36394E-04   0.35318E-04
 4761.75   0.17773E-04   0.36251E-04   0.35123E-04
 4775.35   0.17531E-04   0.36122E-04   0.34931E-04
 4788.96   0.23266E-04   0.35984E-04   0.34740E-04
 4802.56   0.34785E-04   0.35815E-04   0.34549E-04
 4816.17   0.49478E-04   0.35603E-04   0.34355E-04
 4829.77   0.61497E-04   0.35389E-04   0.34192E-04
 4843.38   0.64587E-04   0.35123E-04   0.33994E-04
 4856.98   0.57062E-04   0.34872E-04   0.33806E-04
 4870.59   0.42967E-04   0.34647E-04   0.33621E-04
 4884.19   0.28882E-04   0.34462E-04   0.33437E-04
 4897.80   0.19406E-04   0.34313E-04   0.33256E-04
 4911.40   0.15739E-04   0.34190E-04   0.33077E-04
 4925.01   0.17632E-04   0.34072E-04   0.32901E-04
 4938.61   0.25150E-04   0.33937E-04   0.32726E-04
 4952.22   0.37639E-04   0.33770E-04   0.32551E-04
 4965.82   0.51579E-04   0.33577E-04   0.32386E-04
 4979.43   0.60880E-04   0.33348E-04   0.32212E-04
 4993.03   0.60701E-04   0.33111E-04   0.32040E-04
 5006.64   0.51124E-04   0.32886E-04   0.31870E-04
 5020.24   0.37088E-04   0.32688E-04   0.31700E-04
 5033.85   0.24570E-04   0.32526E-04   0.31531E-04
 5047.45   0.16960E-04   0.32397E-04   0.31365E-04
 5061.06   0.14767E-04   0.32286E-04   0.31201E-04
 5074.66   0.17754E-04   0.32175E-04   0.31039E-04
 5088.27   0.26046E-04   0.32047E-04   0.30879E-04
 5101.87   0.38666E-04   0.31888E-04   0.30720E-04
 5115.48   0.51738E-04   0.31698E-04   0.30563E-04
 5129.08   0.59455E-04   0.31486E-04   0.30407E-04
 5142.69   0.57816E-04   0.31268E-04   0.30250E-04
 5156.29   0.47690E-04   0.31062E-04   0.30094E-04
 5169.90   0.34098E-04   0.30883E-04   0.29938E-04
 5183.50   0.22494E-04   0.30736E-04   0.29784E-04
 5197.11   0.15690E-04   0.30619E-04   0.29630E-04
 5210.71   0.13964E-04   0.30516E-04   0.29478E-04
 5224.32   0.17092E-04   0.30412E-04   0.29327E-04
 5237.92   0.25210E-04   0.30293E-04   0.29180E-04
 5251.53   0.37350E-04   0.30149E-04   0.29039E-04
 5265.13   0.49807E-04   0.29972E-04   0.28893E-04
 5278.74   0.57146E-04   0.29776E-04   0.28750E-04
 5292.34   0.55632E-04   0.29574E-04   0.28606E-04
 5305.95   0.46042E-04   0.29384E-04   0.28463E-04
 5319.55   0.33039E-04   0.29217E-04   0.28320E-04
 5333.16   0.21771E-04   0.29081E-04   0.28177E-04
 5346.76   0.14983E-04   0.28970E-04   0.28034E-04
 5360.37   0.12978E-04   0.28872E-04   0.27890E-04
 5373.97   0.15504E-04   0.28777E-04   0.27751E-04
 5387.58   0.22729E-04   0.28685E-04   0.27630E-04
 5401.18   0.33982E-04   0.28547E-04   0.27490E-04
 5414.79   0.46180E-04   0.28385E-04   0.27356E-04
 5428.39   0.54287E-04   0.28205E-04   0.27223E-04
 5442.00   0.54329E-04   0.28018E-04   0.27091E-04
 5455.60   0.46273E-04   0.27838E-04   0.26959E-04
 5469.21   0.34040E-04   0.27679E-04   0.26827E-04
 5482.81   0.22637E-04   0.27547E-04   0.26695E-04
 5496.42   0.15167E-04   0.27438E-04   0.26561E-04
 5510.02   0.12245E-04   0.27334E-04   0.26417E-04
 5523.63   0.13617E-04   0.27299E-04   0.26337E-04
 5537.23   0.19326E-04   0.27182E-04   0.26189E-04
 5550.84   0.29231E-04   0.27061E-04   0.26059E-04
 5564.44   0.41156E-04   0.26916E-04   0.25934E-04
 5578.05   0.50688E-04   0.26752E-04   0.25810E-04
 5591.65   0.53423E-04   0.26578E-04   0.25688E-04
 5605.26   0.47991E-04   0.26408E-04   0.25566E-04
 5618.86   0.37054E-04   0.26253E-04   0.25445E-04
 5632.47   0.25348E-04   0.26120E-04   0.25323E-04
 5646.07   0.16624E-04   0.26010E-04   0.25198E-04
 5659.68   0.12197E-04   0.25918E-04   0.25073E-04
 5673.28   0.11893E-04   0.25870E-04   0.24983E-04
 5686.89   0.15596E-04   0.25777E-04   0.24855E-04
 5700.49   0.23481E-04   0.25674E-04   0.24735E-04
 5714.10   0.34492E-04   0.25549E-04   0.24617E-04
 5727.70   0.45289E-04   0.25403E-04   0.24502E-04
 5741.31   0.51355E-04   0.25244E-04   0.24388E-04
 5754.91   0.49780E-04   0.25082E-04   0.24276E-04
 5768.52   0.41326E-04   0.24930E-04   0.24164E-04
 5782.12   0.29859E-04   0.24796E-04   0.24053E-04
 5795.73   0.19687E-04   0.24683E-04   0.23938E-04
 5809.33   0.13230E-04   0.24587E-04   0.23820E-04
 5822.94   0.10831E-04   0.24538E-04   0.23734E-04
 5836.54   0.12163E-04   0.24462E-04   0.23620E-04
 5850.15   0.17367E-04   0.24377E-04   0.23508E-04
 5863.75   0.26342E-04   0.24274E-04   0.23399E-04
 5877.36   0.37279E-04   0.24150E-04   0.23291E-04
 5890.96   0.46368E-04   0.24009E-04   0.23184E-04
 5904.57   0.49616E-04   0.23859E-04   0.23080E-04
 5918.17   0.45457E-04   0.23710E-04   0.22976E-04
 5931.78   0.35857E-04   0.23575E-04   0.22874E-04
 5945.38   0.24911E-04   0.23459E-04   0.22771E-04
 5958.99   0.16218E-04   0.23360E-04   0.22664E-04
 5972.59   0.11310E-04   0.23298E-04   0.22575E-04
 5986.20   0.10093E-04   0.23231E-04   0.22473E-04
 5999.80   0.12368E-04   0.23163E-04   0.22371E-04
 6013.41   0.18351E-04   0.23082E-04   0.22269E-04
 6027.01   0.27691E-04   0.22982E-04   0.22168E-04
 6040.62   0.38188E-04   0.22862E-04   0.22068E-04
 6054.22   0.45998E-04   0.22727E-04   0.21970E-04
 6067.83   0.47666E-04   0.22586E-04   0.21873E-04
 6081.43   0.42404E-04   0.22449E-04   0.21777E-04
 6095.04   0.32632E-04   0.22327E-04   0.21683E-04
 6108.64   0.22306E-04   0.22224E-04   0.21589E-04
 6122.25   0.14522E-04   0.22142E-04   0.21497E-04
 6135.85   0.10371E-04   0.22076E-04   0.21404E-04
 6149.46   0.96598E-05   0.22016E-04   0.21311E-04
 6163.06   0.12249E-04   0.21953E-04   0.21218E-04
 6176.67   0.18368E-04   0.21877E-04   0.21124E-04
 6190.27   0.27572E-04   0.21782E-04   0.21031E-04
 6203.88   0.37618E-04   0.21668E-04   0.20937E-04
 6217.48   0.44823E-04   0.21540E-04   0.20845E-04
 6231.09   0.46038E-04   0.21406E-04   0.20754E-04
 6244.69   0.40694E-04   0.21277E-04   0.20664E-04
 6258.30   0.31195E-04   0.21165E-04   0.20578E-04
 6271.90   0.21277E-04   0.21072E-04   0.20494E-04
 6285.51   0.13815E-04   0.20995E-04   0.20407E-04
 6299.11   0.98114E-05   0.20933E-04   0.20321E-04
 6312.72   0.90558E-05   0.20879E-04   0.20235E-04
 6326.32   0.11397E-04   0.20821E-04   0.20149E-04
 6339.93   0.17071E-04   0.20752E-04   0.20063E-04
 6353.53   0.25751E-04   0.20665E-04   0.19976E-04
 6367.14   0.35462E-04   0.20559E-04   0.19889E-04
 6380.74   0.42788E-04   0.20439E-04   0.19802E-04
 6394.35   0.44616E-04   0.20311E-04   0.19713E-04
 6407.95   0.40128E-04   0.20191E-04   0.19631E-04
 6421.56   0.31328E-04   0.20098E-04   0.19565E-04
 6435.16   0.21644E-04   0.19999E-04   0.19477E-04
 6448.77   0.14038E-04   0.19924E-04   0.19396E-04
 6462.37   0.96775E-05   0.19865E-04   0.19316E-04
 6475.98   0.84380E-05   0.19815E-04   0.19236E-04
 6489.58   0.10098E-04   0.19763E-04   0.19157E-04
 6503.19   0.14866E-04   0.19702E-04   0.19077E-04
 6516.79   0.22673E-04   0.19625E-04   0.18997E-04
 6530.40   0.32051E-04   0.19530E-04   0.18916E-04
 6544.00   0.39987E-04   0.19418E-04   0.18833E-04
 6557.61   0.43260E-04   0.19289E-04   0.18741E-04
 6571.21   0.40455E-04   0.19169E-04   0.18658E-04
 6584.82   0.32862E-04   0.19098E-04   0.18616E-04
 6598.42   0.23422E-04   0.19001E-04   0.18534E-04
 6612.03   0.15309E-04   0.18925E-04   0.18457E-04
 6625.63   0.10127E-04   0.18866E-04   0.18382E-04
 6639.24   0.80009E-05   0.18818E-04   0.18309E-04
 6652.84   0.86233E-05   0.18772E-04   0.18236E-04
 6666.45   0.12077E-04   0.18720E-04   0.18162E-04
 6680.05   0.18544E-04   0.18655E-04   0.18088E-04
 6693.66   0.27242E-04   0.18573E-04   0.18013E-04
 6707.26   0.35814E-04   0.18472E-04   0.17934E-04
 6720.87   0.41105E-04   0.18363E-04   0.17857E-04
 6734.47   0.40959E-04   0.18290E-04   0.17820E-04
 6748.08   0.35268E-04   0.18173E-04   0.17735E-04
 6761.68   0.26531E-04   0.18076E-04   0.17659E-04
 6775.29   0.17877E-04   0.17997E-04   0.17586E-04
 6788.89   0.11529E-04   0.17935E-04   0.17516E-04
 6802.50   0.81489E-05   0.17886E-04   0.17446E-04
 6816.10   0.74790E-05   0.17844E-04   0.17378E-04
 6829.71   0.93745E-05   0.17800E-04   0.17311E-04
 6843.31   0.14080E-04   0.17748E-04   0.17243E-04
 6856.92   0.21486E-04   0.17680E-04   0.17174E-04
 6870.52   0.30172E-04   0.17593E-04   0.17100E-04
 6884.13   0.37407E-04   0.17493E-04   0.17027E-04
 6897.73   0.40447E-04   0.17422E-04   0.16988E-04
 6911.34   0.37858E-04   0.17315E-04   0.16914E-04
 6924.94   0.30826E-04   0.17218E-04   0.16844E-04
 6938.55   0.22100E-04   0.17135E-04   0.16776E-04
 6952.15   0.14462E-04   0.17067E-04   0.16709E-04
 6965.76   0.94318E-05   0.17014E-04   0.16643E-04
 6979.36   0.71719E-05   0.16972E-04   0.16579E-04
 6992.97   0.73678E-05   0.16933E-04   0.16515E-04
 7006.57   0.10036E-04   0.16890E-04   0.16453E-04
 7020.18   0.15428E-04   0.16838E-04   0.16390E-04
 7033.78   0.23139E-04   0.16770E-04   0.16325E-04
 7047.39   0.31402E-04   0.16685E-04   0.16257E-04
 7060.99   0.37500E-04   0.16613E-04   0.16211E-04
 7074.60   0.38938E-04   0.16516E-04   0.16147E-04
 7088.20   0.35148E-04   0.16421E-04   0.16083E-04
 7101.81   0.27691E-04   0.16334E-04   0.16019E-04
 7115.41   0.19336E-04   0.16260E-04   0.15956E-04
 7129.02   0.12497E-04   0.16200E-04   0.15893E-04
 7142.62   0.82704E-05   0.16153E-04   0.15831E-04
 7156.23   0.66092E-05   0.16114E-04   0.15771E-04
 7169.83   0.72271E-05   0.16077E-04   0.15712E-04
 7183.44   0.10227E-04   0.16037E-04   0.15654E-04
 7197.04   0.15830E-04   0.15987E-04   0.15597E-04
 7210.65   0.23494E-04   0.15924E-04   0.15538E-04
 7224.25   0.31376E-04   0.15852E-04   0.15484E-04
 7237.86   0.36791E-04   0.15768E-04   0.15427E-04
 7251.46   0.37608E-04   0.15679E-04   0.15369E-04
 7265.07   0.33488E-04   0.15592E-04   0.15311E-04
 7278.67   0.26090E-04   0.15513E-04   0.15252E-04
 7292.28   0.18069E-04   0.15444E-04   0.15193E-04
 7305.88   0.11633E-04   0.15389E-04   0.15134E-04
 7319.49   0.77154E-05   0.15344E-04   0.15076E-04
 7333.09   0.62167E-05   0.15308E-04   0.15019E-04
 7346.70   0.68609E-05   0.15273E-04   0.14963E-04
 7360.30   0.97581E-05   0.15234E-04   0.14908E-04
 7373.91   0.15130E-04   0.15190E-04   0.14857E-04
 7387.51   0.22474E-04   0.15133E-04   0.14805E-04
 7401.12   0.30057E-04   0.15063E-04   0.14752E-04
 7414.72   0.35360E-04   0.14986E-04   0.14699E-04
 7428.33   0.36328E-04   0.14904E-04   0.14646E-04
 7441.93   0.32560E-04   0.14823E-04   0.14593E-04
 7455.54   0.25550E-04   0.14749E-04   0.14539E-04
 7469.14   0.17791E-04   0.14684E-04   0.14484E-04
 7482.75   0.11436E-04   0.14631E-04   0.14429E-04
 7496.35   0.74566E-05   0.14589E-04   0.14374E-04
 7509.96   0.57944E-05   0.14553E-04   0.14319E-04
 7523.56   0.61501E-05   0.14517E-04   0.14263E-04
 7537.17   0.85874E-05   0.14485E-04   0.14214E-04
 7550.77   0.13373E-04   0.14456E-04   0.14176E-04
 7564.38   0.20188E-04   0.14399E-04   0.14122E-04
 7577.98   0.27617E-04   0.14335E-04   0.14072E-04
 7591.59   0.33335E-04   0.14263E-04   0.14022E-04
 7605.19   0.35211E-04   0.14187E-04   0.13973E-04
 7618.80   0.32496E-04   0.14111E-04   0.13924E-04
 7632.40   0.26262E-04   0.14041E-04   0.13874E-04
 7646.01   0.18768E-04   0.13978E-04   0.13824E-04
 7659.61   0.12221E-04   0.13926E-04   0.13773E-04
 7673.22   0.78219E-05   0.13883E-04   0.13720E-04
 7686.82   0.56894E-05   0.13845E-04   0.13665E-04
 7700.43   0.55089E-05   0.13793E-04   0.13595E-04
 7714.03   0.72722E-05   0.13824E-04   0.13607E-04
 7727.64   0.11168E-04   0.13765E-04   0.13538E-04
 7741.24   0.17220E-04   0.13714E-04   0.13486E-04
 7754.85   0.24431E-04   0.13656E-04   0.13438E-04
 7768.45   0.30790E-04   0.13590E-04   0.13391E-04
 7782.06   0.34070E-04   0.13519E-04   0.13345E-04
 7795.66   0.33003E-04   0.13448E-04   0.13300E-04
 7809.27   0.28005E-04   0.13380E-04   0.13254E-04
 7822.87   0.20930E-04   0.13318E-04   0.13208E-04
 7836.48   0.14036E-04   0.13265E-04   0.13160E-04
 7850.08   0.88912E-05   0.13221E-04   0.13110E-04
 7863.69   0.59622E-05   0.13177E-04   0.13054E-04
 7877.29   0.50168E-05   0.13147E-04   0.13006E-04
 7890.90   0.58503E-05   0.13157E-04   0.12998E-04
 7904.50   0.85903E-05   0.13114E-04   0.12941E-04
 7918.11   0.13469E-04   0.13070E-04   0.12892E-04
 7931.71   0.20047E-04   0.13019E-04   0.12846E-04
 7945.32   0.26844E-04   0.12961E-04   0.12801E-04
 7958.92   0.31721E-04   0.12896E-04   0.12758E-04
 7972.53   0.32893E-04   0.12829E-04   0.12715E-04
 7986.13   0.29903E-04   0.12763E-04   0.12673E-04
 7999.74   0.23886E-04   0.12702E-04   0.12630E-04
 8013.34   0.16918E-04   0.12649E-04   0.12587E-04
 8026.95   0.10934E-04   0.12603E-04   0.12541E-04
 8040.55   0.69381E-05   0.12554E-04   0.12484E-04
 8054.16   0.49970E-05   0.12521E-04   0.12435E-04
 8067.76   0.48135E-05   0.12535E-04   0.12432E-04
 8081.37   0.62959E-05   0.12501E-04   0.12382E-04
 8094.97   0.97195E-05   0.12465E-04   0.12336E-04
 8108.58   0.15143E-04   0.12422E-04   0.12292E-04
 8122.18   0.21802E-04   0.12372E-04   0.12249E-04
 8135.79   0.27984E-04   0.12314E-04   0.12207E-04
 8149.39   0.31647E-04   0.12251E-04   0.12167E-04
 8163.00   0.31437E-04   0.12188E-04   0.12127E-04
 8176.60   0.27432E-04   0.12128E-04   0.12088E-04
 8190.21   0.21097E-04   0.12073E-04   0.12048E-04
 8203.81   0.14474E-04   0.12025E-04   0.12008E-04
 8217.42   0.91853E-05   0.11977E-04   0.11957E-04
 8231.02   0.59240E-05   0.11981E-04   0.11951E-04
 8244.63   0.45117E-05   0.11945E-04   0.11900E-04
 8258.23   0.46976E-05   0.11919E-04   0.11858E-04
 8271.84   0.65104E-05   0.11891E-04   0.11816E-04
 8285.44   0.10214E-04   0.11857E-04   0.11774E-04
 8299.05   0.15746E-04   0.11816E-04   0.11733E-04
 8312.65   0.22187E-04   0.11767E-04   0.11693E-04
 8326.26   0.27790E-04   0.11711E-04   0.11654E-04
 8339.86   0.30675E-04   0.11652E-04   0.11615E-04
 8353.47   0.29777E-04   0.11592E-04   0.11578E-04
 8367.07   0.25426E-04   0.11537E-04   0.11542E-04
 8380.68   0.19165E-04   0.11487E-04   0.11506E-04
 8394.28   0.12921E-04   0.11444E-04   0.11468E-04
 8407.89   0.81208E-05   0.11418E-04   0.11438E-04
 8421.49   0.52344E-05   0.11391E-04   0.11401E-04
 8435.10   0.40818E-05   0.11369E-04   0.11364E-04
 8448.70   0.44017E-05   0.11347E-04   0.11326E-04
 8462.31   0.62668E-05   0.11323E-04   0.11289E-04
 8475.91   0.99480E-05   0.11291E-04   0.11250E-04
 8489.52   0.15364E-04   0.11252E-04   0.11212E-04
 8503.12   0.21604E-04   0.11206E-04   0.11174E-04
 8516.73   0.26986E-04   0.11153E-04   0.11137E-04
 8530.33   0.29727E-04   0.11096E-04   0.11100E-04
 8543.94   0.28834E-04   0.11040E-04   0.11065E-04
 8557.54   0.24636E-04   0.10987E-04   0.11030E-04
 8571.15   0.18600E-04   0.10940E-04   0.10996E-04
 8584.75   0.12567E-04   0.10903E-04   0.10965E-04
 8598.36   0.78857E-05   0.10873E-04   0.10931E-04
 8611.96   0.50411E-05   0.10849E-04   0.10898E-04
 8625.57   0.38576E-05   0.10830E-04   0.10865E-04
 8639.17   0.40697E-05   0.10811E-04   0.10831E-04
 8652.78   0.57245E-05   0.10789E-04   0.10796E-04
 8666.38   0.90907E-05   0.10761E-04   0.10761E-04
 8679.99   0.14157E-04   0.10725E-04   0.10725E-04
 8693.59   0.20154E-04   0.10681E-04   0.10689E-04
 8707.20   0.25545E-04   0.10631E-04   0.10653E-04
 8720.80   0.28602E-04   0.10577E-04   0.10617E-04
 8734.41   0.28241E-04   0.10521E-04   0.10581E-04
 8748.01   0.24585E-04   0.10464E-04   0.10543E-04
 8761.62   0.18939E-04   0.10426E-04   0.10517E-04
 8775.22   0.13015E-04   0.10396E-04   0.10493E-04
 8788.83   0.82119E-05   0.10364E-04   0.10460E-04
 8802.43   0.51443E-05   0.10341E-04   0.10429E-04
 8816.04   0.37133E-05   0.10322E-04   0.10398E-04
 8829.64   0.36298E-05   0.10305E-04   0.10366E-04
 8843.25   0.48603E-05   0.10286E-04   0.10335E-04
 8856.85   0.76521E-05   0.10262E-04   0.10302E-04
 8870.46   0.12122E-04   0.10231E-04   0.10269E-04
 8884.06   0.17756E-04   0.10192E-04   0.10235E-04
 8897.67   0.23261E-04   0.10145E-04   0.10200E-04
 8911.27   0.26971E-04   0.10092E-04   0.10164E-04
 8924.88   0.27603E-04   0.10033E-04   0.10123E-04
 8938.48   0.24972E-04   0.99881E-05   0.10096E-04
 8952.09   0.20005E-04   0.99685E-05   0.10091E-04
 8965.69   0.14188E-04   0.99217E-05   0.10052E-04
 8979.30   0.91182E-05   0.98883E-05   0.10019E-04
 8992.90   0.56120E-05   0.98637E-05   0.99889E-05
 9006.51   0.37421E-05   0.98451E-05   0.99595E-05
 9020.11   0.32231E-05   0.98295E-05   0.99304E-05
 9033.72   0.39034E-05   0.98135E-05   0.99012E-05
 9047.32   0.59551E-05   0.97939E-05   0.98715E-05
 9060.93   0.96179E-05   0.97679E-05   0.98410E-05
 9074.53   0.14704E-04   0.97342E-05   0.98093E-05
 9088.14   0.20281E-04   0.96921E-05   0.97758E-05
 9101.74   0.24830E-04   0.96409E-05   0.97387E-05
 9115.35   0.26821E-04   0.95642E-05   0.96789E-05
 9128.95   0.25918E-04   0.96025E-05   0.97360E-05
 9142.56   0.21873E-04   0.95262E-05   0.96745E-05
 9156.16   0.16396E-04   0.94798E-05   0.96385E-05
 9169.77   0.10999E-04   0.94439E-05   0.96067E-05
 9183.37   0.68181E-05   0.94166E-05   0.95771E-05
 9196.98   0.42460E-05   0.93963E-05   0.95487E-05
 9210.58   0.31098E-05   0.93806E-05   0.95212E-05
 9224.19   0.31399E-05   0.93666E-05   0.94941E-05
 9237.79   0.43371E-05   0.93510E-05   0.94670E-05
 9251.40   0.69525E-05   0.93308E-05   0.94393E-05
 9265.00   0.11102E-04   0.93039E-05   0.94105E-05
 9278.61   0.16325E-04   0.92684E-05   0.93796E-05
 9292.21   0.21450E-04   0.92209E-05   0.93425E-05
 9305.82   0.25005E-04   0.91772E-05   0.93135E-05
 9319.42   0.25911E-04   0.91731E-05   0.93268E-05
 9333.03   0.23614E-04   0.91149E-05   0.92844E-05
 9346.63   0.19063E-04   0.90690E-05   0.92513E-05
 9360.24   0.13665E-04   0.90308E-05   0.92207E-05
 9373.84   0.88193E-05   0.90002E-05   0.91917E-05
 9387.45   0.53572E-05   0.89769E-05   0.91639E-05
 9401.05   0.34106E-05   0.89595E-05   0.91372E-05
 9414.66   0.27169E-05   0.89458E-05   0.91114E-05
 9428.26   0.30722E-05   0.89330E-05   0.90861E-05
 9441.87   0.45790E-05   0.89180E-05   0.90609E-05
 9455.47   0.75025E-05   0.88983E-05   0.90353E-05
 9469.08   0.11850E-04   0.88714E-05   0.90082E-05
 9482.68   0.16996E-04   0.88325E-05   0.89751E-05
 9496.29   0.21723E-04   0.87931E-05   0.89467E-05
 9509.89   0.24690E-04   0.87805E-05   0.89492E-05
 9523.50   0.24757E-04   0.87320E-05   0.89165E-05
 9537.10   0.21994E-04   0.86878E-05   0.88870E-05
 9550.71   0.17314E-04   0.86480E-05   0.88584E-05
 9564.31   0.12125E-04   0.86139E-05   0.88305E-05
 9577.92   0.76820E-05   0.85864E-05   0.88032E-05
 9591.52   0.46369E-05   0.85652E-05   0.87769E-05
 9605.13   0.30076E-05   0.85493E-05   0.87515E-05
 9618.73   0.25157E-05   0.85365E-05   0.87270E-05
 9632.34   0.30039E-05   0.85244E-05   0.87032E-05
 9645.94   0.46147E-05   0.85104E-05   0.86799E-05
 9659.55   0.76025E-05   0.84919E-05   0.86565E-05
 9673.15   0.11922E-04   0.84659E-05   0.86311E-05
 9686.76   0.16915E-04   0.84336E-05   0.86048E-05
 9700.36   0.21400E-04   0.84107E-05   0.85931E-05
 9713.97   0.23975E-04   0.83710E-05   0.85675E-05
 9727.57   0.23816E-04   0.83306E-05   0.85422E-05
 9741.18   0.20974E-04   0.82911E-05   0.85165E-05
 9754.78   0.16376E-04   0.82548E-05   0.84906E-05
 9768.39   0.11375E-04   0.82233E-05   0.84645E-05
 9781.99   0.71436E-05   0.81975E-05   0.84388E-05
 9795.60   0.42693E-05   0.81775E-05   0.84135E-05
 9809.20   0.27414E-05   0.81621E-05   0.83890E-05
 9822.81   0.22798E-05   0.81498E-05   0.83653E-05
 9836.41   0.27292E-05   0.81383E-05   0.83425E-05
 9850.02   0.42274E-05   0.81254E-05   0.83206E-05
 9863.62   0.70310E-05   0.81090E-05   0.82993E-05
 9877.23   0.11128E-04   0.80877E-05   0.82781E-05
 9890.83   0.15930E-04   0.80613E-05   0.82573E-05
 9904.44   0.20301E-04   0.80301E-05   0.82361E-05
 9918.04   0.22956E-04   0.79952E-05   0.82144E-05
 9931.65   0.23033E-04   0.79585E-05   0.81920E-05
 9945.25   0.20506E-04   0.79223E-05   0.81689E-05
 9958.86   0.16193E-04   0.78884E-05   0.81452E-05
 9972.46   0.11366E-04   0.78585E-05   0.81210E-05
 9986.07   0.71823E-05   0.78336E-05   0.80966E-05
 9999.67   0.42662E-05   0.78137E-05   0.80722E-05
