  557.80   0.50289E+00   0.51582E+00   0.49172E+00
  571.41   0.49607E+00   0.50900E+00   0.48554E+00
  585.01   0.48921E+00   0.50213E+00   0.47930E+00
  598.62   0.48247E+00   0.49538E+00   0.47315E+00
  612.22   0.47580E+00   0.48870E+00   0.46703E+00
  625.83   0.46933E+00   0.48220E+00   0.46108E+00
  639.43   0.46271E+00   0.47556E+00   0.45497E+00
  653.04   0.45629E+00   0.46911E+00   0.44903E+00
  666.64   0.44995E+00   0.46274E+00   0.44314E+00
  680.25   0.44357E+00   0.45632E+00   0.43719E+00
  693.85   0.43746E+00   0.45016E+00   0.43148E+00
  707.46   0.43131E+00   0.44397E+00   0.42572E+00
  721.06   0.42522E+00   0.43783E+00   0.42000E+00
  734.67   0.41915E+00   0.43171E+00   0.41428E+00
  748.27   0.41324E+00   0.42574E+00   0.40871E+00
  761.88   0.40739E+00   0.41983E+00   0.40316E+00
  775.48   0.40160E+00   0.41398E+00   0.39768E+00
  789.09   0.39589E+00   0.40820E+00   0.39225E+00
  802.69   0.39031E+00   0.40256E+00   0.38693E+00
  816.30   0.38482E+00   0.39700E+00   0.38169E+00
  829.90   0.37940E+00   0.39150E+00   0.37651E+00
  843.51   0.37405E+00   0.38608E+00   0.37138E+00
  857.11   0.36879E+00   0.38075E+00   0.36634E+00
  870.72   0.36363E+00   0.37551E+00   0.36138E+00
  884.32   0.35854E+00   0.37034E+00   0.35647E+00
  897.93   0.35348E+00   0.36521E+00   0.35160E+00
  911.53   0.34852E+00   0.36016E+00   0.34680E+00
  925.14   0.34364E+00   0.35519E+00   0.34207E+00
  938.74   0.33884E+00   0.35031E+00   0.33742E+00
  952.35   0.33413E+00   0.34551E+00   0.33285E+00
  965.95   0.32943E+00   0.34072E+00   0.32828E+00
  979.56   0.32485E+00   0.33605E+00   0.32382E+00
  993.16   0.32035E+00   0.33146E+00   0.31943E+00
 1006.77   0.31596E+00   0.32697E+00   0.31514E+00
 1020.37   0.31157E+00   0.32249E+00   0.31085E+00
 1033.98   0.30731E+00   0.31813E+00   0.30668E+00
 1047.58   0.30310E+00   0.31383E+00   0.30256E+00
 1061.19   0.29897E+00   0.30961E+00   0.29850E+00
 1074.79   0.29498E+00   0.30552E+00   0.29458E+00
 1088.40   0.29090E+00   0.30134E+00   0.29056E+00
 1102.00   0.28697E+00   0.29731E+00   0.28669E+00
 1115.61   0.28309E+00   0.29333E+00   0.28286E+00
 1129.21   0.27927E+00   0.28941E+00   0.27910E+00
 1142.82   0.27548E+00   0.28552E+00   0.27535E+00
 1156.42   0.27181E+00   0.28175E+00   0.27172E+00
 1170.03   0.26819E+00   0.27803E+00   0.26813E+00
 1183.63   0.26462E+00   0.27435E+00   0.26459E+00
 1197.24   0.26110E+00   0.27073E+00   0.26110E+00
 1210.84   0.25763E+00   0.26716E+00   0.25765E+00
 1224.45   0.25425E+00   0.26368E+00   0.25429E+00
 1238.05   0.25092E+00   0.26025E+00   0.25097E+00
 1251.66   0.24765E+00   0.25687E+00   0.24771E+00
 1265.26   0.24442E+00   0.25354E+00   0.24449E+00
 1278.87   0.24125E+00   0.25026E+00   0.24132E+00
 1292.47   0.23813E+00   0.24704E+00   0.23820E+00
 1306.08   0.23507E+00   0.24387E+00   0.23514E+00
 1319.68   0.23205E+00   0.24076E+00   0.23212E+00
 1333.29   0.22909E+00   0.23769E+00   0.22915E+00
 1346.89   0.22615E+00   0.23465E+00   0.22621E+00
 1360.50   0.22327E+00   0.23167E+00   0.22332E+00
 1374.10   0.22044E+00   0.22873E+00   0.22047E+00
 1387.71   0.21766E+00   0.22585E+00   0.21767E+00
 1401.31   0.21492E+00   0.22301E+00   0.21492E+00
 1414.92   0.21225E+00   0.22023E+00   0.21222E+00
 1428.52   0.20957E+00   0.21744E+00   0.20952E+00
 1442.13   0.20696E+00   0.21473E+00   0.20689E+00
 1455.73   0.20439E+00   0.21206E+00   0.20430E+00
 1469.34   0.20187E+00   0.20944E+00   0.20175E+00
 1482.94   0.19940E+00   0.20687E+00   0.19926E+00
 1496.55   0.19694E+00   0.20430E+00   0.19677E+00
 1510.15   0.19454E+00   0.20181E+00   0.19434E+00
 1523.76   0.19218E+00   0.19934E+00   0.19195E+00
 1537.36   0.18985E+00   0.19691E+00   0.18959E+00
 1550.97   0.18756E+00   0.19452E+00   0.18727E+00
 1564.57   0.18532E+00   0.19219E+00   0.18499E+00
 1578.18   0.18308E+00   0.18984E+00   0.18272E+00
 1591.78   0.18090E+00   0.18756E+00   0.18050E+00
 1605.39   0.17875E+00   0.18531E+00   0.17831E+00
 1618.99   0.17663E+00   0.18309E+00   0.17615E+00
 1632.60   0.17454E+00   0.18091E+00   0.17403E+00
 1646.20   0.17247E+00   0.17874E+00   0.17192E+00
 1659.81   0.17046E+00   0.17663E+00   0.16987E+00
 1673.41   0.16847E+00   0.17455E+00   0.16784E+00
 1687.02   0.16651E+00   0.17249E+00   0.16584E+00
 1700.62   0.16458E+00   0.17046E+00   0.16387E+00
 1714.23   0.16268E+00   0.16847E+00   0.16193E+00
 1727.83   0.16080E+00   0.16649E+00   0.16001E+00
 1741.44   0.15897E+00   0.16456E+00   0.15813E+00
 1755.04   0.15715E+00   0.16266E+00   0.15627E+00
 1768.65   0.15537E+00   0.16078E+00   0.15445E+00
 1782.25   0.15361E+00   0.15893E+00   0.15264E+00
 1795.86   0.15188E+00   0.15710E+00   0.15087E+00
 1809.46   0.15017E+00   0.15530E+00   0.14911E+00
 1823.07   0.14849E+00   0.15353E+00   0.14739E+00
 1836.67   0.14683E+00   0.15178E+00   0.14569E+00
 1850.28   0.14520E+00   0.15006E+00   0.14402E+00
 1863.88   0.14360E+00   0.14836E+00   0.14236E+00
 1877.49   0.14201E+00   0.14669E+00   0.14073E+00
 1891.09   0.14045E+00   0.14503E+00   0.13913E+00
 1904.70   0.13891E+00   0.14340E+00   0.13754E+00
 1918.30   0.13739E+00   0.14180E+00   0.13598E+00
 1931.91   0.13589E+00   0.14022E+00   0.13444E+00
 1945.51   0.13442E+00   0.13866E+00   0.13292E+00
 1959.12   0.13297E+00   0.13712E+00   0.13143E+00
 1972.72   0.13154E+00   0.13560E+00   0.12995E+00
 1986.33   0.13013E+00   0.13411E+00   0.12850E+00
 1999.93   0.12874E+00   0.13263E+00   0.12707E+00
 2013.54   0.12737E+00   0.13118E+00   0.12565E+00
 2027.14   0.12602E+00   0.12975E+00   0.12426E+00
 2040.75   0.12470E+00   0.12834E+00   0.12289E+00
 2054.35   0.12339E+00   0.12695E+00   0.12154E+00
 2067.96   0.12209E+00   0.12557E+00   0.12020E+00
 2081.56   0.12082E+00   0.12422E+00   0.11888E+00
 2095.17   0.11956E+00   0.12288E+00   0.11758E+00
 2108.77   0.11832E+00   0.12156E+00   0.11630E+00
 2122.38   0.11710E+00   0.12026E+00   0.11504E+00
 2135.98   0.11590E+00   0.11898E+00   0.11379E+00
 2149.59   0.11471E+00   0.11771E+00   0.11256E+00
 2163.19   0.11354E+00   0.11646E+00   0.11135E+00
 2176.80   0.11238E+00   0.11523E+00   0.11015E+00
 2190.40   0.11124E+00   0.11401E+00   0.10897E+00
 2204.01   0.11012E+00   0.11281E+00   0.10780E+00
 2217.61   0.10901E+00   0.11163E+00   0.10665E+00
 2231.22   0.10792E+00   0.11046E+00   0.10552E+00
 2244.82   0.10683E+00   0.10930E+00   0.10440E+00
 2258.43   0.10577E+00   0.10816E+00   0.10329E+00
 2272.03   0.10472E+00   0.10704E+00   0.10220E+00
 2285.64   0.10368E+00   0.10593E+00   0.10113E+00
 2299.24   0.10266E+00   0.10484E+00   0.10007E+00
 2312.85   0.10165E+00   0.10376E+00   0.99019E-01
 2326.45   0.10066E+00   0.10269E+00   0.97987E-01
 2340.06   0.99674E-01   0.10164E+00   0.96966E-01
 2353.66   0.98706E-01   0.10060E+00   0.95960E-01
 2367.27   0.97750E-01   0.99579E-01   0.94967E-01
 2380.87   0.96807E-01   0.98568E-01   0.93988E-01
 2394.48   0.95876E-01   0.97569E-01   0.93020E-01
 2408.08   0.94957E-01   0.96583E-01   0.92065E-01
 2421.69   0.94051E-01   0.95610E-01   0.91123E-01
 2435.29   0.93155E-01   0.94649E-01   0.90192E-01
 2448.90   0.92272E-01   0.93700E-01   0.89274E-01
 2462.50   0.91399E-01   0.92762E-01   0.88367E-01
 2476.11   0.90538E-01   0.91837E-01   0.87471E-01
 2489.71   0.89687E-01   0.90922E-01   0.86586E-01
 2503.32   0.88847E-01   0.90019E-01   0.85713E-01
 2516.92   0.88018E-01   0.89128E-01   0.84851E-01
 2530.53   0.87200E-01   0.88247E-01   0.84000E-01
 2544.13   0.86391E-01   0.87377E-01   0.83159E-01
 2557.74   0.85593E-01   0.86518E-01   0.82329E-01
 2571.34   0.84805E-01   0.85669E-01   0.81509E-01
 2584.95   0.84026E-01   0.84831E-01   0.80699E-01
 2598.55   0.83257E-01   0.84003E-01   0.79899E-01
 2612.16   0.82498E-01   0.83185E-01   0.79110E-01
 2625.76   0.81750E-01   0.82379E-01   0.78331E-01
 2639.37   0.81010E-01   0.81581E-01   0.77562E-01
 2652.97   0.80279E-01   0.80793E-01   0.76802E-01
 2666.58   0.79557E-01   0.80015E-01   0.76051E-01
 2680.18   0.78844E-01   0.79246E-01   0.75310E-01
 2693.79   0.78140E-01   0.78486E-01   0.74577E-01
 2707.39   0.77442E-01   0.77734E-01   0.73852E-01
 2721.00   0.76759E-01   0.76996E-01   0.73141E-01
 2734.60   0.76079E-01   0.76262E-01   0.72434E-01
 2748.21   0.75408E-01   0.75539E-01   0.71737E-01
 2761.81   0.74746E-01   0.74823E-01   0.71048E-01
 2775.42   0.74091E-01   0.74116E-01   0.70367E-01
 2789.02   0.73443E-01   0.73417E-01   0.69694E-01
 2802.63   0.72802E-01   0.72725E-01   0.69029E-01
 2816.23   0.72165E-01   0.72038E-01   0.68367E-01
 2829.84   0.71548E-01   0.71371E-01   0.67726E-01
 2843.44   0.70930E-01   0.70703E-01   0.67083E-01
 2857.05   0.70320E-01   0.70043E-01   0.66450E-01
 2870.65   0.69717E-01   0.69392E-01   0.65824E-01
 2884.26   0.69121E-01   0.68748E-01   0.65205E-01
 2897.86   0.68532E-01   0.68111E-01   0.64594E-01
 2911.47   0.67947E-01   0.67480E-01   0.63987E-01
 2925.07   0.67378E-01   0.66865E-01   0.63397E-01
 2938.68   0.66806E-01   0.66247E-01   0.62803E-01
 2952.28   0.66243E-01   0.65638E-01   0.62219E-01
 2965.89   0.65687E-01   0.65037E-01   0.61643E-01
 2979.49   0.65138E-01   0.64443E-01   0.61073E-01
 2993.10   0.64595E-01   0.63856E-01   0.60511E-01
 3006.70   0.64058E-01   0.63276E-01   0.59955E-01
 3020.31   0.63526E-01   0.62700E-01   0.59403E-01
 3033.91   0.63005E-01   0.62137E-01   0.58864E-01
 3047.52   0.62485E-01   0.61575E-01   0.58325E-01
 3061.12   0.61971E-01   0.61019E-01   0.57793E-01
 3074.73   0.61462E-01   0.60470E-01   0.57268E-01
 3088.33   0.60961E-01   0.59927E-01   0.56749E-01
 3101.94   0.60465E-01   0.59391E-01   0.56236E-01
 3115.54   0.59974E-01   0.58861E-01   0.55729E-01
 3129.15   0.59488E-01   0.58336E-01   0.55227E-01
 3142.75   0.59011E-01   0.57819E-01   0.54733E-01
 3156.36   0.58535E-01   0.57306E-01   0.54243E-01
 3169.96   0.58065E-01   0.56797E-01   0.53757E-01
 3183.57   0.57599E-01   0.56294E-01   0.53277E-01
 3197.17   0.57139E-01   0.55797E-01   0.52802E-01
 3210.78   0.56684E-01   0.55305E-01   0.52333E-01
 3224.38   0.56234E-01   0.54820E-01   0.51870E-01
 3237.99   0.55790E-01   0.54340E-01   0.51412E-01
 3251.59   0.55351E-01   0.53865E-01   0.50959E-01
 3265.20   0.54916E-01   0.53395E-01   0.50511E-01
 3278.80   0.54485E-01   0.52930E-01   0.50068E-01
 3292.41   0.54058E-01   0.52469E-01   0.49629E-01
 3306.01   0.53635E-01   0.52013E-01   0.49194E-01
 3319.62   0.53216E-01   0.51561E-01   0.48765E-01
 3333.22   0.52803E-01   0.51115E-01   0.48340E-01
 3346.83   0.52394E-01   0.50675E-01   0.47921E-01
 3360.43   0.51992E-01   0.50240E-01   0.47508E-01
 3374.04   0.51592E-01   0.49809E-01   0.47098E-01
 3387.64   0.51197E-01   0.49383E-01   0.46692E-01
 3401.25   0.50805E-01   0.48960E-01   0.46291E-01
 3414.85   0.50417E-01   0.48542E-01   0.45893E-01
 3428.46   0.50032E-01   0.48127E-01   0.45500E-01
 3442.06   0.49650E-01   0.47716E-01   0.45109E-01
 3455.67   0.49271E-01   0.47308E-01   0.44722E-01
 3469.27   0.48907E-01   0.46916E-01   0.44350E-01
 3482.88   0.48536E-01   0.46517E-01   0.43971E-01
 3496.48   0.48171E-01   0.46124E-01   0.43599E-01
 3510.09   0.47811E-01   0.45736E-01   0.43231E-01
 3523.69   0.47453E-01   0.45352E-01   0.42867E-01
 3537.30   0.47099E-01   0.44971E-01   0.42506E-01
 3550.90   0.46747E-01   0.44593E-01   0.42148E-01
 3564.51   0.46397E-01   0.44217E-01   0.41792E-01
 3578.11   0.46047E-01   0.43842E-01   0.41437E-01
 3591.72   0.45719E-01   0.43489E-01   0.41102E-01
 3605.32   0.45381E-01   0.43126E-01   0.40758E-01
 3618.93   0.45047E-01   0.42767E-01   0.40420E-01
 3632.53   0.44717E-01   0.42414E-01   0.40085E-01
 3646.14   0.44390E-01   0.42063E-01   0.39754E-01
 3659.74   0.44066E-01   0.41716E-01   0.39426E-01
 3673.35   0.43744E-01   0.41371E-01   0.39100E-01
 3686.95   0.43419E-01   0.41024E-01   0.38772E-01
 3700.56   0.43122E-01   0.40704E-01   0.38470E-01
 3714.16   0.42804E-01   0.40364E-01   0.38149E-01
 3727.77   0.42493E-01   0.40032E-01   0.37836E-01
 3741.37   0.42187E-01   0.39705E-01   0.37527E-01
 3754.98   0.41884E-01   0.39382E-01   0.37222E-01
 3768.58   0.41585E-01   0.39062E-01   0.36921E-01
 3782.19   0.41288E-01   0.38745E-01   0.36622E-01
 3795.79   0.40993E-01   0.38430E-01   0.36326E-01
 3809.40   0.40698E-01   0.38116E-01   0.36030E-01
 3823.00   0.40420E-01   0.37818E-01   0.35749E-01
 3836.61   0.40130E-01   0.37510E-01   0.35459E-01
 3850.21   0.39845E-01   0.37207E-01   0.35173E-01
 3863.82   0.39563E-01   0.36907E-01   0.34891E-01
 3877.42   0.39285E-01   0.36611E-01   0.34613E-01
 3891.03   0.39010E-01   0.36318E-01   0.34338E-01
 3904.63   0.38737E-01   0.36029E-01   0.34065E-01
 3918.24   0.38467E-01   0.35741E-01   0.33795E-01
 3931.84   0.38196E-01   0.35454E-01   0.33526E-01
 3945.45   0.37938E-01   0.35179E-01   0.33267E-01
 3959.05   0.37673E-01   0.34898E-01   0.33004E-01
 3972.66   0.37410E-01   0.34621E-01   0.32743E-01
 3986.26   0.37151E-01   0.34345E-01   0.32485E-01
 3999.87   0.36893E-01   0.34073E-01   0.32229E-01
 4013.47   0.36639E-01   0.33805E-01   0.31977E-01
 4027.08   0.36388E-01   0.33539E-01   0.31728E-01
 4040.68   0.36139E-01   0.33276E-01   0.31482E-01
 4054.29   0.35892E-01   0.33015E-01   0.31237E-01
 4067.89   0.35649E-01   0.32759E-01   0.30997E-01
 4081.50   0.35407E-01   0.32503E-01   0.30757E-01
 4095.10   0.35165E-01   0.32249E-01   0.30519E-01
 4108.71   0.34926E-01   0.31997E-01   0.30283E-01
 4122.31   0.34688E-01   0.31747E-01   0.30049E-01
 4135.92   0.34452E-01   0.31499E-01   0.29818E-01
 4149.52   0.34219E-01   0.31254E-01   0.29589E-01
 4163.13   0.33989E-01   0.31013E-01   0.29363E-01
 4176.73   0.33762E-01   0.30774E-01   0.29140E-01
 4190.34   0.33537E-01   0.30538E-01   0.28919E-01
 4203.94   0.33313E-01   0.30303E-01   0.28700E-01
 4217.55   0.33091E-01   0.30071E-01   0.28483E-01
 4231.15   0.32870E-01   0.29840E-01   0.28267E-01
 4244.76   0.32650E-01   0.29610E-01   0.28053E-01
 4258.36   0.32432E-01   0.29383E-01   0.27840E-01
 4271.97   0.32215E-01   0.29157E-01   0.27629E-01
 4285.57   0.32000E-01   0.28933E-01   0.27420E-01
 4299.18   0.31783E-01   0.28707E-01   0.27210E-01
 4312.78   0.31584E-01   0.28499E-01   0.27015E-01
 4326.39   0.31375E-01   0.28281E-01   0.26813E-01
 4339.99   0.31169E-01   0.28067E-01   0.26613E-01
 4353.60   0.30965E-01   0.27855E-01   0.26416E-01
 4367.20   0.30762E-01   0.27645E-01   0.26220E-01
 4380.81   0.30561E-01   0.27436E-01   0.26025E-01
 4394.41   0.30360E-01   0.27228E-01   0.25831E-01
 4408.02   0.30159E-01   0.27021E-01   0.25638E-01
 4421.62   0.29957E-01   0.26813E-01   0.25445E-01
 4435.23   0.29785E-01   0.26632E-01   0.25277E-01
 4448.83   0.29579E-01   0.26421E-01   0.25081E-01
 4462.44   0.29386E-01   0.26222E-01   0.24896E-01
 4476.04   0.29196E-01   0.26027E-01   0.24714E-01
 4489.65   0.29009E-01   0.25833E-01   0.24534E-01
 4503.25   0.28822E-01   0.25641E-01   0.24356E-01
 4516.86   0.28636E-01   0.25450E-01   0.24178E-01
 4530.46   0.28451E-01   0.25260E-01   0.24002E-01
 4544.07   0.28265E-01   0.25070E-01   0.23825E-01
 4557.67   0.28079E-01   0.24880E-01   0.23649E-01
 4571.28   0.27915E-01   0.24711E-01   0.23492E-01
 4584.88   0.27731E-01   0.24523E-01   0.23318E-01
 4598.49   0.27553E-01   0.24341E-01   0.23149E-01
 4612.09   0.27377E-01   0.24162E-01   0.22982E-01
 4625.70   0.27203E-01   0.23985E-01   0.22818E-01
 4639.30   0.27031E-01   0.23810E-01   0.22656E-01
 4652.91   0.26860E-01   0.23635E-01   0.22494E-01
 4666.51   0.26689E-01   0.23462E-01   0.22333E-01
 4680.12   0.26516E-01   0.23287E-01   0.22171E-01
 4693.72   0.26338E-01   0.23108E-01   0.22005E-01
 4707.33   0.26193E-01   0.22958E-01   0.21866E-01
 4720.93   0.26024E-01   0.22787E-01   0.21709E-01
 4734.54   0.25858E-01   0.22620E-01   0.21554E-01
 4748.14   0.25695E-01   0.22455E-01   0.21401E-01
 4761.75   0.25534E-01   0.22293E-01   0.21251E-01
 4775.35   0.25374E-01   0.22132E-01   0.21102E-01
 4788.96   0.25216E-01   0.21973E-01   0.20955E-01
 4802.56   0.25058E-01   0.21814E-01   0.20808E-01
 4816.17   0.24899E-01   0.21654E-01   0.20660E-01
 4829.77   0.24761E-01   0.21514E-01   0.20530E-01
 4843.38   0.24598E-01   0.21352E-01   0.20380E-01
 4856.98   0.24442E-01   0.21196E-01   0.20237E-01
 4870.59   0.24288E-01   0.21043E-01   0.20095E-01
 4884.19   0.24136E-01   0.20891E-01   0.19955E-01
 4897.80   0.23986E-01   0.20741E-01   0.19816E-01
 4911.40   0.23837E-01   0.20594E-01   0.19680E-01
 4925.01   0.23691E-01   0.20447E-01   0.19545E-01
 4938.61   0.23545E-01   0.20303E-01   0.19411E-01
 4952.22   0.23399E-01   0.20158E-01   0.19278E-01
 4965.82   0.23261E-01   0.20020E-01   0.19151E-01
 4979.43   0.23116E-01   0.19877E-01   0.19018E-01
 4993.03   0.22973E-01   0.19736E-01   0.18888E-01
 5006.64   0.22831E-01   0.19596E-01   0.18758E-01
 5020.24   0.22690E-01   0.19456E-01   0.18630E-01
 5033.85   0.22549E-01   0.19318E-01   0.18502E-01
 5047.45   0.22410E-01   0.19181E-01   0.18376E-01
 5061.06   0.22273E-01   0.19046E-01   0.18252E-01
 5074.66   0.22137E-01   0.18913E-01   0.18129E-01
 5088.27   0.22003E-01   0.18781E-01   0.18008E-01
 5101.87   0.21870E-01   0.18651E-01   0.17888E-01
 5115.48   0.21738E-01   0.18522E-01   0.17769E-01
 5129.08   0.21606E-01   0.18393E-01   0.17650E-01
 5142.69   0.21475E-01   0.18265E-01   0.17532E-01
 5156.29   0.21344E-01   0.18137E-01   0.17414E-01
 5169.90   0.21213E-01   0.18010E-01   0.17297E-01
 5183.50   0.21083E-01   0.17884E-01   0.17181E-01
 5197.11   0.20954E-01   0.17759E-01   0.17066E-01
 5210.71   0.20826E-01   0.17635E-01   0.16952E-01
 5224.32   0.20699E-01   0.17512E-01   0.16839E-01
 5237.92   0.20575E-01   0.17393E-01   0.16728E-01
 5251.53   0.20454E-01   0.17276E-01   0.16621E-01
 5265.13   0.20331E-01   0.17157E-01   0.16512E-01
 5278.74   0.20209E-01   0.17040E-01   0.16404E-01
 5292.34   0.20088E-01   0.16923E-01   0.16296E-01
 5305.95   0.19967E-01   0.16807E-01   0.16189E-01
 5319.55   0.19845E-01   0.16691E-01   0.16083E-01
 5333.16   0.19725E-01   0.16575E-01   0.15976E-01
 5346.76   0.19604E-01   0.16460E-01   0.15870E-01
 5360.37   0.19483E-01   0.16345E-01   0.15765E-01
 5373.97   0.19366E-01   0.16233E-01   0.15662E-01
 5387.58   0.19259E-01   0.16131E-01   0.15568E-01
 5401.18   0.19141E-01   0.16019E-01   0.15465E-01
 5414.79   0.19027E-01   0.15910E-01   0.15365E-01
 5428.39   0.18914E-01   0.15803E-01   0.15267E-01
 5442.00   0.18801E-01   0.15696E-01   0.15169E-01
 5455.60   0.18689E-01   0.15590E-01   0.15071E-01
 5469.21   0.18577E-01   0.15485E-01   0.14974E-01
 5482.81   0.18464E-01   0.15379E-01   0.14876E-01
 5496.42   0.18351E-01   0.15272E-01   0.14779E-01
 5510.02   0.18232E-01   0.15162E-01   0.14677E-01
 5523.63   0.18155E-01   0.15086E-01   0.14608E-01
 5537.23   0.18032E-01   0.14972E-01   0.14503E-01
 5550.84   0.17922E-01   0.14870E-01   0.14409E-01
 5564.44   0.17815E-01   0.14770E-01   0.14317E-01
 5578.05   0.17710E-01   0.14672E-01   0.14227E-01
 5591.65   0.17605E-01   0.14574E-01   0.14137E-01
 5605.26   0.17501E-01   0.14477E-01   0.14049E-01
 5618.86   0.17397E-01   0.14381E-01   0.13960E-01
 5632.47   0.17293E-01   0.14284E-01   0.13871E-01
 5646.07   0.17186E-01   0.14186E-01   0.13781E-01
 5659.68   0.17081E-01   0.14089E-01   0.13691E-01
 5673.28   0.16999E-01   0.14011E-01   0.13621E-01
 5686.89   0.16891E-01   0.13912E-01   0.13530E-01
 5700.49   0.16788E-01   0.13818E-01   0.13443E-01
 5714.10   0.16688E-01   0.13726E-01   0.13358E-01
 5727.70   0.16589E-01   0.13635E-01   0.13275E-01
 5741.31   0.16491E-01   0.13546E-01   0.13193E-01
 5754.91   0.16395E-01   0.13457E-01   0.13112E-01
 5768.52   0.16298E-01   0.13369E-01   0.13031E-01
 5782.12   0.16202E-01   0.13281E-01   0.12950E-01
 5795.73   0.16103E-01   0.13191E-01   0.12867E-01
 5809.33   0.16002E-01   0.13100E-01   0.12784E-01
 5822.94   0.15925E-01   0.13029E-01   0.12719E-01
 5836.54   0.15827E-01   0.12940E-01   0.12637E-01
 5850.15   0.15731E-01   0.12854E-01   0.12558E-01
 5863.75   0.15637E-01   0.12769E-01   0.12479E-01
 5877.36   0.15544E-01   0.12685E-01   0.12402E-01
 5890.96   0.15452E-01   0.12602E-01   0.12327E-01
 5904.57   0.15362E-01   0.12521E-01   0.12252E-01
 5918.17   0.15272E-01   0.12440E-01   0.12178E-01
 5931.78   0.15183E-01   0.12360E-01   0.12104E-01
 5945.38   0.15092E-01   0.12279E-01   0.12030E-01
 5958.99   0.15000E-01   0.12197E-01   0.11954E-01
 5972.59   0.14923E-01   0.12127E-01   0.11891E-01
 5986.20   0.14833E-01   0.12047E-01   0.11817E-01
 5999.80   0.14744E-01   0.11968E-01   0.11745E-01
 6013.41   0.14656E-01   0.11890E-01   0.11673E-01
 6027.01   0.14569E-01   0.11813E-01   0.11602E-01
 6040.62   0.14482E-01   0.11736E-01   0.11531E-01
 6054.22   0.14397E-01   0.11661E-01   0.11462E-01
 6067.83   0.14313E-01   0.11587E-01   0.11394E-01
 6081.43   0.14229E-01   0.11513E-01   0.11326E-01
 6095.04   0.14147E-01   0.11441E-01   0.11260E-01
 6108.64   0.14063E-01   0.11367E-01   0.11192E-01
 6122.25   0.13984E-01   0.11298E-01   0.11129E-01
 6135.85   0.13903E-01   0.11226E-01   0.11063E-01
 6149.46   0.13821E-01   0.11155E-01   0.10997E-01
 6163.06   0.13739E-01   0.11083E-01   0.10931E-01
 6176.67   0.13657E-01   0.11012E-01   0.10866E-01
 6190.27   0.13576E-01   0.10941E-01   0.10801E-01
 6203.88   0.13495E-01   0.10871E-01   0.10736E-01
 6217.48   0.13415E-01   0.10802E-01   0.10673E-01
 6231.09   0.13336E-01   0.10734E-01   0.10610E-01
 6244.69   0.13258E-01   0.10666E-01   0.10548E-01
 6258.30   0.13182E-01   0.10601E-01   0.10487E-01
 6271.90   0.13107E-01   0.10535E-01   0.10427E-01
 6285.51   0.13031E-01   0.10470E-01   0.10367E-01
 6299.11   0.12955E-01   0.10405E-01   0.10307E-01
 6312.72   0.12879E-01   0.10340E-01   0.10248E-01
 6326.32   0.12803E-01   0.10275E-01   0.10188E-01
 6339.93   0.12727E-01   0.10210E-01   0.10128E-01
 6353.53   0.12651E-01   0.10145E-01   0.10068E-01
 6367.14   0.12576E-01   0.10081E-01   0.10009E-01
 6380.74   0.12501E-01   0.10017E-01   0.99501E-02
 6394.35   0.12426E-01   0.99535E-02   0.98914E-02
 6407.95   0.12354E-01   0.98926E-02   0.98354E-02
 6421.56   0.12288E-01   0.98362E-02   0.97838E-02
 6435.16   0.12214E-01   0.97739E-02   0.97263E-02
 6448.77   0.12143E-01   0.97138E-02   0.96710E-02
 6462.37   0.12072E-01   0.96544E-02   0.96163E-02
 6475.98   0.12002E-01   0.95953E-02   0.95618E-02
 6489.58   0.11931E-01   0.95362E-02   0.95073E-02
 6503.19   0.11861E-01   0.94771E-02   0.94528E-02
 6516.79   0.11790E-01   0.94179E-02   0.93981E-02
 6530.40   0.11719E-01   0.93586E-02   0.93433E-02
 6544.00   0.11648E-01   0.92991E-02   0.92882E-02
 6557.61   0.11573E-01   0.92369E-02   0.92304E-02
 6571.21   0.11503E-01   0.91795E-02   0.91774E-02
 6584.82   0.11451E-01   0.91353E-02   0.91375E-02
 6598.42   0.11382E-01   0.90779E-02   0.90844E-02
 6612.03   0.11315E-01   0.90225E-02   0.90332E-02
 6625.63   0.11249E-01   0.89680E-02   0.89829E-02
 6639.24   0.11183E-01   0.89140E-02   0.89331E-02
 6652.84   0.11118E-01   0.88602E-02   0.88834E-02
 6666.45   0.11052E-01   0.88064E-02   0.88337E-02
 6680.05   0.10987E-01   0.87524E-02   0.87837E-02
 6693.66   0.10920E-01   0.86979E-02   0.87332E-02
 6707.26   0.10852E-01   0.86419E-02   0.86812E-02
 6720.87   0.10786E-01   0.85883E-02   0.86314E-02
 6734.47   0.10742E-01   0.85522E-02   0.85994E-02
 6748.08   0.10670E-01   0.84940E-02   0.85449E-02
 6761.68   0.10605E-01   0.84410E-02   0.84957E-02
 6775.29   0.10542E-01   0.83897E-02   0.84481E-02
 6788.89   0.10480E-01   0.83394E-02   0.84016E-02
 6802.50   0.10419E-01   0.82898E-02   0.83557E-02
 6816.10   0.10358E-01   0.82407E-02   0.83103E-02
 6829.71   0.10297E-01   0.81918E-02   0.82650E-02
 6843.31   0.10236E-01   0.81427E-02   0.82195E-02
 6856.92   0.10174E-01   0.80930E-02   0.81733E-02
 6870.52   0.10110E-01   0.80409E-02   0.81246E-02
 6884.13   0.10046E-01   0.79903E-02   0.80774E-02
 6897.73   0.10006E-01   0.79580E-02   0.80488E-02
 6911.34   0.99413E-02   0.79064E-02   0.80005E-02
 6924.94   0.98801E-02   0.78576E-02   0.79550E-02
 6938.55   0.98204E-02   0.78100E-02   0.79108E-02
 6952.15   0.97617E-02   0.77634E-02   0.78674E-02
 6965.76   0.97040E-02   0.77176E-02   0.78249E-02
 6979.36   0.96470E-02   0.76725E-02   0.77830E-02
 6992.97   0.95905E-02   0.76278E-02   0.77415E-02
 7006.57   0.95342E-02   0.75833E-02   0.77002E-02
 7020.18   0.94774E-02   0.75385E-02   0.76585E-02
 7033.78   0.94179E-02   0.74916E-02   0.76146E-02
 7047.39   0.93583E-02   0.74445E-02   0.75705E-02
 7060.99   0.93175E-02   0.74130E-02   0.75422E-02
 7074.60   0.92591E-02   0.73671E-02   0.74993E-02
 7088.20   0.92023E-02   0.73226E-02   0.74576E-02
 7101.81   0.91462E-02   0.72787E-02   0.74166E-02
 7115.41   0.90907E-02   0.72354E-02   0.73762E-02
 7129.02   0.90361E-02   0.71928E-02   0.73365E-02
 7142.62   0.89823E-02   0.71510E-02   0.72975E-02
 7156.23   0.89292E-02   0.71098E-02   0.72591E-02
 7169.83   0.88767E-02   0.70692E-02   0.72212E-02
 7183.44   0.88244E-02   0.70288E-02   0.71835E-02
 7197.04   0.87714E-02   0.69878E-02   0.71452E-02
 7210.65   0.87174E-02   0.69459E-02   0.71060E-02
 7224.25   0.86726E-02   0.69118E-02   0.70746E-02
 7237.86   0.86200E-02   0.68712E-02   0.70366E-02
 7251.46   0.85677E-02   0.68310E-02   0.69989E-02
 7265.07   0.85155E-02   0.67909E-02   0.69614E-02
 7278.67   0.84636E-02   0.67510E-02   0.69240E-02
 7292.28   0.84119E-02   0.67115E-02   0.68869E-02
 7305.88   0.83609E-02   0.66725E-02   0.68503E-02
 7319.49   0.83105E-02   0.66341E-02   0.68143E-02
 7333.09   0.82608E-02   0.65963E-02   0.67789E-02
 7346.70   0.82118E-02   0.65592E-02   0.67442E-02
 7360.30   0.81632E-02   0.65225E-02   0.67098E-02
 7373.91   0.81151E-02   0.64860E-02   0.66756E-02
 7387.51   0.80684E-02   0.64506E-02   0.66425E-02
 7401.12   0.80206E-02   0.64145E-02   0.66087E-02
 7414.72   0.79727E-02   0.63784E-02   0.65748E-02
 7428.33   0.79247E-02   0.63422E-02   0.65408E-02
 7441.93   0.78765E-02   0.63059E-02   0.65066E-02
 7455.54   0.78283E-02   0.62696E-02   0.64724E-02
 7469.14   0.77802E-02   0.62334E-02   0.64383E-02
 7482.75   0.77323E-02   0.61975E-02   0.64044E-02
 7496.35   0.76849E-02   0.61620E-02   0.63709E-02
 7509.96   0.76380E-02   0.61271E-02   0.63379E-02
 7523.56   0.75914E-02   0.60924E-02   0.63053E-02
 7537.17   0.75472E-02   0.60596E-02   0.62745E-02
 7550.77   0.75046E-02   0.60277E-02   0.62446E-02
 7564.38   0.74592E-02   0.59942E-02   0.62130E-02
 7577.98   0.74148E-02   0.59614E-02   0.61820E-02
 7591.59   0.73705E-02   0.59286E-02   0.61512E-02
 7605.19   0.73262E-02   0.58959E-02   0.61203E-02
 7618.80   0.72817E-02   0.58630E-02   0.60892E-02
 7632.40   0.72370E-02   0.58299E-02   0.60579E-02
 7646.01   0.71921E-02   0.57968E-02   0.60265E-02
 7659.61   0.71472E-02   0.57637E-02   0.59950E-02
 7673.22   0.71024E-02   0.57307E-02   0.59636E-02
 7686.82   0.70572E-02   0.56975E-02   0.59320E-02
 7700.43   0.70081E-02   0.56613E-02   0.58973E-02
 7714.03   0.69849E-02   0.56451E-02   0.58834E-02
 7727.64   0.69355E-02   0.56088E-02   0.58485E-02
 7741.24   0.68926E-02   0.55776E-02   0.58188E-02
 7754.85   0.68509E-02   0.55473E-02   0.57901E-02
 7768.45   0.68097E-02   0.55175E-02   0.57618E-02
 7782.06   0.67687E-02   0.54877E-02   0.57336E-02
 7795.66   0.67276E-02   0.54579E-02   0.57052E-02
 7809.27   0.66863E-02   0.54280E-02   0.56767E-02
 7822.87   0.66447E-02   0.53978E-02   0.56479E-02
 7836.48   0.66027E-02   0.53673E-02   0.56188E-02
 7850.08   0.65602E-02   0.53363E-02   0.55891E-02
 7863.69   0.65155E-02   0.53036E-02   0.55576E-02
 7877.29   0.64757E-02   0.52751E-02   0.55305E-02
 7890.90   0.64503E-02   0.52582E-02   0.55154E-02
 7904.50   0.64061E-02   0.52260E-02   0.54843E-02
 7918.11   0.63655E-02   0.51969E-02   0.54564E-02
 7931.71   0.63262E-02   0.51688E-02   0.54296E-02
 7945.32   0.62876E-02   0.51413E-02   0.54033E-02
 7958.92   0.62494E-02   0.51141E-02   0.53774E-02
 7972.53   0.62114E-02   0.50871E-02   0.53515E-02
 7986.13   0.61733E-02   0.50600E-02   0.53256E-02
 7999.74   0.61350E-02   0.50326E-02   0.52994E-02
 8013.34   0.60961E-02   0.50048E-02   0.52727E-02
 8026.95   0.60561E-02   0.49760E-02   0.52449E-02
 8040.55   0.60109E-02   0.49428E-02   0.52124E-02
 8054.16   0.59726E-02   0.49157E-02   0.51863E-02
 8067.76   0.59540E-02   0.49051E-02   0.51775E-02
 8081.37   0.59134E-02   0.48759E-02   0.51491E-02
 8094.97   0.58751E-02   0.48487E-02   0.51229E-02
 8108.58   0.58380E-02   0.48224E-02   0.50976E-02
 8122.18   0.58016E-02   0.47969E-02   0.50730E-02
 8135.79   0.57659E-02   0.47719E-02   0.50489E-02
 8149.39   0.57305E-02   0.47472E-02   0.50251E-02
 8163.00   0.56953E-02   0.47226E-02   0.50015E-02
 8176.60   0.56601E-02   0.46980E-02   0.49778E-02
 8190.21   0.56245E-02   0.46730E-02   0.49536E-02
 8203.81   0.55878E-02   0.46470E-02   0.49283E-02
 8217.42   0.55439E-02   0.46145E-02   0.48962E-02
 8231.02   0.55372E-02   0.46152E-02   0.48993E-02
 8244.63   0.54918E-02   0.45815E-02   0.48657E-02
 8258.23   0.54548E-02   0.45551E-02   0.48399E-02
 8271.84   0.54190E-02   0.45300E-02   0.48155E-02
 8285.44   0.53841E-02   0.45055E-02   0.47917E-02
 8299.05   0.53497E-02   0.44817E-02   0.47685E-02
 8312.65   0.53160E-02   0.44583E-02   0.47458E-02
 8326.26   0.52828E-02   0.44354E-02   0.47236E-02
 8339.86   0.52500E-02   0.44130E-02   0.47018E-02
 8353.47   0.52175E-02   0.43907E-02   0.46802E-02
 8367.07   0.51851E-02   0.43684E-02   0.46585E-02
 8380.68   0.51520E-02   0.43455E-02   0.46363E-02
 8394.28   0.51143E-02   0.43183E-02   0.46094E-02
 8407.89   0.50977E-02   0.43103E-02   0.46028E-02
 8421.49   0.50608E-02   0.42839E-02   0.45767E-02
 8435.10   0.50274E-02   0.42606E-02   0.45538E-02
 8448.70   0.49946E-02   0.42378E-02   0.45315E-02
 8462.31   0.49620E-02   0.42153E-02   0.45094E-02
 8475.91   0.49298E-02   0.41930E-02   0.44876E-02
 8489.52   0.48979E-02   0.41712E-02   0.44662E-02
 8503.12   0.48665E-02   0.41497E-02   0.44452E-02
 8516.73   0.48356E-02   0.41287E-02   0.44246E-02
 8530.33   0.48052E-02   0.41082E-02   0.44045E-02
 8543.94   0.47752E-02   0.40879E-02   0.43847E-02
 8557.54   0.47453E-02   0.40678E-02   0.43650E-02
 8571.15   0.47143E-02   0.40469E-02   0.43444E-02
 8584.75   0.46899E-02   0.40308E-02   0.43290E-02
 8598.36   0.46588E-02   0.40097E-02   0.43082E-02
 8611.96   0.46289E-02   0.39894E-02   0.42882E-02
 8625.57   0.45991E-02   0.39692E-02   0.42683E-02
 8639.17   0.45693E-02   0.39488E-02   0.42482E-02
 8652.78   0.45394E-02   0.39285E-02   0.42281E-02
 8666.38   0.45097E-02   0.39082E-02   0.42080E-02
 8679.99   0.44801E-02   0.38881E-02   0.41881E-02
 8693.59   0.44509E-02   0.38683E-02   0.41685E-02
 8707.20   0.44220E-02   0.38489E-02   0.41493E-02
 8720.80   0.43936E-02   0.38298E-02   0.41305E-02
 8734.41   0.43655E-02   0.38112E-02   0.41121E-02
 8748.01   0.43373E-02   0.37928E-02   0.40939E-02
 8761.62   0.43107E-02   0.37751E-02   0.40764E-02
 8775.22   0.42849E-02   0.37574E-02   0.40590E-02
 8788.83   0.42577E-02   0.37395E-02   0.40413E-02
 8802.43   0.42307E-02   0.37216E-02   0.40235E-02
 8816.04   0.42035E-02   0.37035E-02   0.40055E-02
 8829.64   0.41763E-02   0.36852E-02   0.39874E-02
 8843.25   0.41489E-02   0.36668E-02   0.39690E-02
 8856.85   0.41215E-02   0.36483E-02   0.39505E-02
 8870.46   0.40941E-02   0.36298E-02   0.39320E-02
 8884.06   0.40668E-02   0.36114E-02   0.39137E-02
 8897.67   0.40397E-02   0.35932E-02   0.38954E-02
 8911.27   0.40127E-02   0.35752E-02   0.38774E-02
 8924.88   0.39854E-02   0.35571E-02   0.38592E-02
 8938.48   0.39612E-02   0.35415E-02   0.38438E-02
 8952.09   0.39396E-02   0.35272E-02   0.38297E-02
 8965.69   0.39131E-02   0.35099E-02   0.38123E-02
 8979.30   0.38879E-02   0.34934E-02   0.37958E-02
 8992.90   0.38630E-02   0.34771E-02   0.37795E-02
 9006.51   0.38381E-02   0.34608E-02   0.37632E-02
 9020.11   0.38132E-02   0.34444E-02   0.37467E-02
 9033.72   0.37882E-02   0.34278E-02   0.37300E-02
 9047.32   0.37631E-02   0.34110E-02   0.37131E-02
 9060.93   0.37378E-02   0.33941E-02   0.36960E-02
 9074.53   0.37124E-02   0.33770E-02   0.36788E-02
 9088.14   0.36868E-02   0.33598E-02   0.36613E-02
 9101.74   0.36607E-02   0.33421E-02   0.36433E-02
 9115.35   0.36299E-02   0.33204E-02   0.36209E-02
 9128.95   0.36274E-02   0.33235E-02   0.36256E-02
 9142.56   0.35954E-02   0.33007E-02   0.36019E-02
 9156.16   0.35706E-02   0.32841E-02   0.35851E-02
 9169.77   0.35469E-02   0.32687E-02   0.35695E-02
 9183.37   0.35237E-02   0.32537E-02   0.35543E-02
 9196.98   0.35008E-02   0.32388E-02   0.35393E-02
 9210.58   0.34781E-02   0.32240E-02   0.35243E-02
 9224.19   0.34553E-02   0.32091E-02   0.35092E-02
 9237.79   0.34323E-02   0.31941E-02   0.34938E-02
 9251.40   0.34092E-02   0.31787E-02   0.34782E-02
 9265.00   0.33858E-02   0.31630E-02   0.34621E-02
 9278.61   0.33618E-02   0.31467E-02   0.34454E-02
 9292.21   0.33360E-02   0.31287E-02   0.34268E-02
 9305.82   0.33145E-02   0.31149E-02   0.34128E-02
 9319.42   0.33054E-02   0.31131E-02   0.34118E-02
 9333.03   0.32784E-02   0.30938E-02   0.33918E-02
 9346.63   0.32550E-02   0.30781E-02   0.33756E-02
 9360.24   0.32328E-02   0.30635E-02   0.33606E-02
 9373.84   0.32111E-02   0.30494E-02   0.33462E-02
 9387.45   0.31899E-02   0.30357E-02   0.33322E-02
 9401.05   0.31689E-02   0.30222E-02   0.33184E-02
 9414.66   0.31480E-02   0.30088E-02   0.33046E-02
 9428.26   0.31272E-02   0.29953E-02   0.32907E-02
 9441.87   0.31062E-02   0.29816E-02   0.32766E-02
 9455.47   0.30849E-02   0.29674E-02   0.32620E-02
 9469.08   0.30629E-02   0.29525E-02   0.32465E-02
 9482.68   0.30381E-02   0.29346E-02   0.32278E-02
 9496.29   0.30179E-02   0.29216E-02   0.32144E-02
 9509.89   0.30101E-02   0.29216E-02   0.32152E-02
 9523.50   0.29863E-02   0.29045E-02   0.31974E-02
 9537.10   0.29646E-02   0.28898E-02   0.31821E-02
 9550.71   0.29438E-02   0.28760E-02   0.31677E-02
 9564.31   0.29235E-02   0.28627E-02   0.31539E-02
 9577.92   0.29036E-02   0.28498E-02   0.31406E-02
 9591.52   0.28841E-02   0.28373E-02   0.31276E-02
 9605.13   0.28649E-02   0.28250E-02   0.31148E-02
 9618.73   0.28459E-02   0.28129E-02   0.31022E-02
 9632.34   0.28268E-02   0.28007E-02   0.30896E-02
 9645.94   0.28077E-02   0.27882E-02   0.30766E-02
 9659.55   0.27880E-02   0.27751E-02   0.30629E-02
 9673.15   0.27660E-02   0.27593E-02   0.30462E-02
 9686.76   0.27469E-02   0.27467E-02   0.30331E-02
 9700.36   0.27379E-02   0.27455E-02   0.30324E-02
 9713.97   0.27171E-02   0.27309E-02   0.30169E-02
 9727.57   0.26974E-02   0.27175E-02   0.30029E-02
 9741.18   0.26782E-02   0.27046E-02   0.29894E-02
 9754.78   0.26593E-02   0.26921E-02   0.29762E-02
 9768.39   0.26407E-02   0.26799E-02   0.29634E-02
 9781.99   0.26225E-02   0.26680E-02   0.29509E-02
 9795.60   0.26045E-02   0.26565E-02   0.29388E-02
 9809.20   0.25869E-02   0.26453E-02   0.29270E-02
 9822.81   0.25695E-02   0.26342E-02   0.29154E-02
 9836.41   0.25522E-02   0.26233E-02   0.29039E-02
 9850.02   0.25347E-02   0.26121E-02   0.28921E-02
 9863.62   0.25163E-02   0.25998E-02   0.28790E-02
 9877.23   0.24988E-02   0.25880E-02   0.28666E-02
 9890.83   0.24870E-02   0.25830E-02   0.28616E-02
 9904.44   0.24689E-02   0.25708E-02   0.28486E-02
 9918.04   0.24514E-02   0.25591E-02   0.28362E-02
 9931.65   0.24340E-02   0.25475E-02   0.28239E-02
 9945.25   0.24167E-02   0.25359E-02   0.28116E-02
 9958.86   0.23995E-02   0.25245E-02   0.27995E-02
 9972.46   0.23825E-02   0.25133E-02   0.27875E-02
 9986.07   0.23657E-02   0.25023E-02   0.27758E-02
 9999.67   0.23492E-02   0.24916E-02   0.27644E-02
