   27.21   0.18605E+00   0.18593E+00   0.30160E+00
   40.81   0.17260E+00   0.17249E+00   0.24686E+00
   54.42   0.14838E+00   0.14830E+00   0.19881E+00
   68.02   0.12672E+00   0.12668E+00   0.16306E+00
   81.63   0.10890E+00   0.10889E+00   0.13628E+00
   95.23   0.94240E-01   0.94253E-01   0.11553E+00
  108.84   0.82149E-01   0.82182E-01   0.99119E-01
  122.44   0.72164E-01   0.72214E-01   0.85966E-01
  136.05   0.64007E-01   0.64071E-01   0.75451E-01
  149.65   0.57319E-01   0.57395E-01   0.66974E-01
  163.26   0.51745E-01   0.51829E-01   0.60009E-01
  176.86   0.47022E-01   0.47113E-01   0.54181E-01
  190.47   0.42937E-01   0.43033E-01   0.49198E-01
  204.07   0.39369E-01   0.39470E-01   0.44891E-01
  217.68   0.36212E-01   0.36316E-01   0.41114E-01
  231.28   0.33428E-01   0.33536E-01   0.37811E-01
  244.89   0.30953E-01   0.31065E-01   0.34896E-01
  258.49   0.28759E-01   0.28873E-01   0.32327E-01
  272.10   0.26802E-01   0.26920E-01   0.30049E-01
  285.70   0.25053E-01   0.25174E-01   0.28023E-01
  299.31   0.23484E-01   0.23607E-01   0.26212E-01
  312.91   0.22047E-01   0.22173E-01   0.24562E-01
  326.52   0.20747E-01   0.20875E-01   0.23073E-01
  340.12   0.19559E-01   0.19689E-01   0.21718E-01
  353.73   0.18476E-01   0.18607E-01   0.20486E-01
  367.33   0.17484E-01   0.17616E-01   0.19360E-01
  380.94   0.16573E-01   0.16706E-01   0.18329E-01
  394.54   0.15738E-01   0.15872E-01   0.17386E-01
  408.15   0.14972E-01   0.15107E-01   0.16523E-01
  421.75   0.14259E-01   0.14394E-01   0.15721E-01
  435.36   0.13602E-01   0.13736E-01   0.14982E-01
  448.96   0.12994E-01   0.13129E-01   0.14302E-01
  462.57   0.12418E-01   0.12553E-01   0.13658E-01
  476.17   0.11883E-01   0.12018E-01   0.13060E-01
  489.78   0.11385E-01   0.11520E-01   0.12505E-01
  503.38   0.10911E-01   0.11045E-01   0.11977E-01
  516.99   0.10468E-01   0.10602E-01   0.11485E-01
  530.59   0.10052E-01   0.10186E-01   0.11024E-01
  544.20   0.96601E-02   0.97931E-02   0.10589E-01
  557.80   0.92923E-02   0.94250E-02   0.10182E-01
  571.41   0.89449E-02   0.90772E-02   0.97974E-02
  585.01   0.86167E-02   0.87485E-02   0.94348E-02
  598.62   0.83075E-02   0.84389E-02   0.90936E-02
  612.22   0.80150E-02   0.81460E-02   0.87711E-02
  625.83   0.77373E-02   0.78679E-02   0.84653E-02
  639.43   0.74735E-02   0.76036E-02   0.81749E-02
  653.04   0.72234E-02   0.73531E-02   0.79000E-02
  666.64   0.69862E-02   0.71153E-02   0.76392E-02
  680.25   0.67596E-02   0.68882E-02   0.73904E-02
  693.85   0.65448E-02   0.66728E-02   0.71545E-02
  707.46   0.63402E-02   0.64676E-02   0.69301E-02
  721.06   0.61460E-02   0.62729E-02   0.67172E-02
  734.67   0.59599E-02   0.60861E-02   0.65132E-02
  748.27   0.57834E-02   0.59090E-02   0.63198E-02
  761.88   0.56146E-02   0.57396E-02   0.61350E-02
  775.48   0.54541E-02   0.55784E-02   0.59592E-02
  789.09   0.52994E-02   0.54230E-02   0.57899E-02
  802.69   0.51523E-02   0.52753E-02   0.56290E-02
  816.30   0.50110E-02   0.51333E-02   0.54745E-02
  829.90   0.48755E-02   0.49972E-02   0.53264E-02
  843.51   0.47449E-02   0.48659E-02   0.51837E-02
  857.11   0.46202E-02   0.47406E-02   0.50476E-02
  870.72   0.45001E-02   0.46199E-02   0.49165E-02
  884.32   0.43843E-02   0.45035E-02   0.47902E-02
  897.93   0.42728E-02   0.43914E-02   0.46686E-02
  911.53   0.41659E-02   0.42840E-02   0.45521E-02
  925.14   0.40630E-02   0.41806E-02   0.44401E-02
  938.74   0.39639E-02   0.40809E-02   0.43321E-02
  952.35   0.38683E-02   0.39847E-02   0.42280E-02
  965.95   0.37761E-02   0.38921E-02   0.41278E-02
  979.56   0.36874E-02   0.38029E-02   0.40313E-02
  993.16   0.36020E-02   0.37170E-02   0.39384E-02
 1006.77   0.35196E-02   0.36341E-02   0.38488E-02
 1020.37   0.34396E-02   0.35537E-02   0.37619E-02
 1033.98   0.33626E-02   0.34762E-02   0.36782E-02
 1047.58   0.32882E-02   0.34013E-02   0.35973E-02
 1061.19   0.32164E-02   0.33290E-02   0.35193E-02
 1074.79   0.31472E-02   0.32593E-02   0.34440E-02
 1088.40   0.30795E-02   0.31910E-02   0.33704E-02
 1102.00   0.30145E-02   0.31254E-02   0.32997E-02
 1115.61   0.29515E-02   0.30619E-02   0.32312E-02
 1129.21   0.28907E-02   0.30005E-02   0.31651E-02
 1142.82   0.28312E-02   0.29405E-02   0.31004E-02
 1156.42   0.27745E-02   0.28832E-02   0.30387E-02
 1170.03   0.27191E-02   0.28273E-02   0.29785E-02
 1183.63   0.26655E-02   0.27731E-02   0.29201E-02
 1197.24   0.26136E-02   0.27207E-02   0.28637E-02
 1210.84   0.25630E-02   0.26694E-02   0.28086E-02
 1224.45   0.25143E-02   0.26202E-02   0.27556E-02
 1238.05   0.24669E-02   0.25722E-02   0.27040E-02
 1251.66   0.24208E-02   0.25256E-02   0.26538E-02
 1265.26   0.23760E-02   0.24802E-02   0.26051E-02
 1278.87   0.23323E-02   0.24360E-02   0.25575E-02
 1292.47   0.22901E-02   0.23932E-02   0.25116E-02
 1306.08   0.22490E-02   0.23515E-02   0.24668E-02
 1319.68   0.22090E-02   0.23108E-02   0.24232E-02
 1333.29   0.21699E-02   0.22712E-02   0.23806E-02
 1346.89   0.21319E-02   0.22326E-02   0.23392E-02
 1360.50   0.20950E-02   0.21951E-02   0.22989E-02
 1374.10   0.20590E-02   0.21585E-02   0.22597E-02
 1387.71   0.20241E-02   0.21229E-02   0.22216E-02
 1401.31   0.19900E-02   0.20882E-02   0.21844E-02
 1414.92   0.19567E-02   0.20543E-02   0.21481E-02
 1428.52   0.19243E-02   0.20213E-02   0.21127E-02
 1442.13   0.18927E-02   0.19891E-02   0.20782E-02
 1455.73   0.18620E-02   0.19578E-02   0.20446E-02
 1469.34   0.18321E-02   0.19272E-02   0.20119E-02
 1482.94   0.18029E-02   0.18975E-02   0.19800E-02
 1496.55   0.17743E-02   0.18682E-02   0.19487E-02
 1510.15   0.17465E-02   0.18397E-02   0.19183E-02
 1523.76   0.17193E-02   0.18119E-02   0.18886E-02
 1537.36   0.16928E-02   0.17848E-02   0.18596E-02
 1550.97   0.16669E-02   0.17584E-02   0.18313E-02
 1564.57   0.16417E-02   0.17326E-02   0.18037E-02
 1578.18   0.16168E-02   0.17071E-02   0.17765E-02
 1591.78   0.15927E-02   0.16824E-02   0.17501E-02
 1605.39   0.15691E-02   0.16582E-02   0.17242E-02
 1618.99   0.15460E-02   0.16346E-02   0.16990E-02
 1632.60   0.15235E-02   0.16115E-02   0.16744E-02
 1646.20   0.15013E-02   0.15888E-02   0.16501E-02
 1659.81   0.14799E-02   0.15668E-02   0.16266E-02
 1673.41   0.14588E-02   0.15452E-02   0.16036E-02
 1687.02   0.14382E-02   0.15240E-02   0.15810E-02
 1700.62   0.14181E-02   0.15034E-02   0.15590E-02
 1714.23   0.13984E-02   0.14832E-02   0.15374E-02
 1727.83   0.13790E-02   0.14632E-02   0.15162E-02
 1741.44   0.13602E-02   0.14439E-02   0.14956E-02
 1755.04   0.13418E-02   0.14249E-02   0.14753E-02
 1768.65   0.13237E-02   0.14063E-02   0.14555E-02
 1782.25   0.13060E-02   0.13881E-02   0.14361E-02
 1795.86   0.12886E-02   0.13702E-02   0.14171E-02
 1809.46   0.12716E-02   0.13527E-02   0.13984E-02
 1823.07   0.12550E-02   0.13355E-02   0.13801E-02
 1836.67   0.12387E-02   0.13187E-02   0.13622E-02
 1850.28   0.12227E-02   0.13022E-02   0.13447E-02
 1863.88   0.12071E-02   0.12860E-02   0.13274E-02
 1877.49   0.11917E-02   0.12701E-02   0.13105E-02
 1891.09   0.11766E-02   0.12545E-02   0.12939E-02
 1904.70   0.11618E-02   0.12392E-02   0.12776E-02
 1918.30   0.11474E-02   0.12242E-02   0.12617E-02
 1931.91   0.11332E-02   0.12095E-02   0.12460E-02
 1945.51   0.11192E-02   0.11951E-02   0.12307E-02
 1959.12   0.11055E-02   0.11809E-02   0.12156E-02
 1972.72   0.10921E-02   0.11669E-02   0.12008E-02
 1986.33   0.10789E-02   0.11532E-02   0.11863E-02
 1999.93   0.10660E-02   0.11398E-02   0.11720E-02
 2013.54   0.10533E-02   0.11266E-02   0.11580E-02
 2027.14   0.10409E-02   0.11137E-02   0.11443E-02
 2040.75   0.10286E-02   0.11010E-02   0.11308E-02
 2054.35   0.10167E-02   0.10885E-02   0.11175E-02
 2067.96   0.10048E-02   0.10762E-02   0.11045E-02
 2081.56   0.99322E-03   0.10641E-02   0.10917E-02
 2095.17   0.98183E-03   0.10523E-02   0.10791E-02
 2108.77   0.97064E-03   0.10406E-02   0.10667E-02
 2122.38   0.95965E-03   0.10291E-02   0.10546E-02
 2135.98   0.94887E-03   0.10179E-02   0.10427E-02
 2149.59   0.93819E-03   0.10068E-02   0.10309E-02
 2163.19   0.92778E-03   0.99592E-03   0.10194E-02
 2176.80   0.91752E-03   0.98522E-03   0.10081E-02
 2190.40   0.90743E-03   0.97468E-03   0.99691E-03
 2204.01   0.89752E-03   0.96433E-03   0.98595E-03
 2217.61   0.88778E-03   0.95415E-03   0.97517E-03
 2231.22   0.87822E-03   0.94415E-03   0.96459E-03
 2244.82   0.86878E-03   0.93426E-03   0.95413E-03
 2258.43   0.85953E-03   0.92458E-03   0.94389E-03
 2272.03   0.85044E-03   0.91505E-03   0.93380E-03
 2285.64   0.84150E-03   0.90567E-03   0.92388E-03
 2299.24   0.83272E-03   0.89644E-03   0.91412E-03
 2312.85   0.82408E-03   0.88735E-03   0.90452E-03
 2326.45   0.81560E-03   0.87843E-03   0.89509E-03
 2340.06   0.80724E-03   0.86961E-03   0.88577E-03
 2353.66   0.79903E-03   0.86096E-03   0.87663E-03
 2367.27   0.79096E-03   0.85243E-03   0.86762E-03
 2380.87   0.78302E-03   0.84404E-03   0.85876E-03
 2394.48   0.77520E-03   0.83577E-03   0.85003E-03
 2408.08   0.76751E-03   0.82762E-03   0.84143E-03
 2421.69   0.75995E-03   0.81960E-03   0.83296E-03
 2435.29   0.75250E-03   0.81169E-03   0.82462E-03
 2448.90   0.74517E-03   0.80390E-03   0.81641E-03
 2462.50   0.73795E-03   0.79623E-03   0.80831E-03
 2476.11   0.73084E-03   0.78866E-03   0.80034E-03
 2489.71   0.72384E-03   0.78120E-03   0.79248E-03
 2503.32   0.71694E-03   0.77385E-03   0.78473E-03
 2516.92   0.71014E-03   0.76661E-03   0.77710E-03
 2530.53   0.70345E-03   0.75947E-03   0.76958E-03
 2544.13   0.69686E-03   0.75242E-03   0.76216E-03
 2557.74   0.69036E-03   0.74548E-03   0.75485E-03
 2571.34   0.68396E-03   0.73863E-03   0.74765E-03
 2584.95   0.67765E-03   0.73188E-03   0.74054E-03
 2598.55   0.67143E-03   0.72522E-03   0.73354E-03
 2612.16   0.66531E-03   0.71866E-03   0.72663E-03
 2625.76   0.65928E-03   0.71219E-03   0.71984E-03
 2639.37   0.65334E-03   0.70581E-03   0.71313E-03
 2652.97   0.64748E-03   0.69951E-03   0.70651E-03
 2666.58   0.64170E-03   0.69330E-03   0.69999E-03
 2680.18   0.63601E-03   0.68717E-03   0.69355E-03
 2693.79   0.63039E-03   0.68113E-03   0.68720E-03
 2707.39   0.62484E-03   0.67515E-03   0.68092E-03
 2721.00   0.61941E-03   0.66930E-03   0.67478E-03
 2734.60   0.61401E-03   0.66348E-03   0.66868E-03
 2748.21   0.60870E-03   0.65776E-03   0.66268E-03
 2761.81   0.60346E-03   0.65211E-03   0.65675E-03
 2775.42   0.59829E-03   0.64653E-03   0.65090E-03
 2789.02   0.59318E-03   0.64102E-03   0.64513E-03
 2802.63   0.58814E-03   0.63557E-03   0.63942E-03
 2816.23   0.58316E-03   0.63019E-03   0.63379E-03
 2829.84   0.57828E-03   0.62493E-03   0.62827E-03
 2843.44   0.57344E-03   0.61969E-03   0.62279E-03
 2857.05   0.56866E-03   0.61453E-03   0.61738E-03
 2870.65   0.56395E-03   0.60943E-03   0.61205E-03
 2884.26   0.55930E-03   0.60440E-03   0.60679E-03
 2897.86   0.55471E-03   0.59943E-03   0.60159E-03
 2911.47   0.55016E-03   0.59450E-03   0.59643E-03
 2925.07   0.54575E-03   0.58972E-03   0.59143E-03
 2938.68   0.54131E-03   0.58491E-03   0.58640E-03
 2952.28   0.53696E-03   0.58018E-03   0.58146E-03
 2965.89   0.53266E-03   0.57551E-03   0.57658E-03
 2979.49   0.52843E-03   0.57090E-03   0.57176E-03
 2993.10   0.52425E-03   0.56635E-03   0.56701E-03
 3006.70   0.52013E-03   0.56186E-03   0.56232E-03
 3020.31   0.51605E-03   0.55741E-03   0.55768E-03
 3033.91   0.51207E-03   0.55305E-03   0.55313E-03
 3047.52   0.50810E-03   0.54871E-03   0.54860E-03
 3061.12   0.50419E-03   0.54442E-03   0.54413E-03
 3074.73   0.50032E-03   0.54018E-03   0.53971E-03
 3088.33   0.49651E-03   0.53600E-03   0.53535E-03
 3101.94   0.49276E-03   0.53187E-03   0.53104E-03
 3115.54   0.48905E-03   0.52779E-03   0.52679E-03
 3129.15   0.48539E-03   0.52375E-03   0.52259E-03
 3142.75   0.48179E-03   0.51977E-03   0.51845E-03
 3156.36   0.47822E-03   0.51583E-03   0.51434E-03
 3169.96   0.47469E-03   0.51192E-03   0.51028E-03
 3183.57   0.47120E-03   0.50806E-03   0.50626E-03
 3197.17   0.46775E-03   0.50424E-03   0.50228E-03
 3210.78   0.46435E-03   0.50046E-03   0.49836E-03
 3224.38   0.46099E-03   0.49673E-03   0.49448E-03
 3237.99   0.45768E-03   0.49305E-03   0.49066E-03
 3251.59   0.45441E-03   0.48941E-03   0.48688E-03
 3265.20   0.45117E-03   0.48581E-03   0.48314E-03
 3278.80   0.44797E-03   0.48224E-03   0.47944E-03
 3292.41   0.44479E-03   0.47871E-03   0.47577E-03
 3306.01   0.44166E-03   0.47521E-03   0.47215E-03
 3319.62   0.43855E-03   0.47175E-03   0.46856E-03
 3333.22   0.43548E-03   0.46833E-03   0.46500E-03
 3346.83   0.43245E-03   0.46495E-03   0.46150E-03
 3360.43   0.42949E-03   0.46163E-03   0.45807E-03
 3374.04   0.42653E-03   0.45833E-03   0.45464E-03
 3387.64   0.42361E-03   0.45506E-03   0.45126E-03
 3401.25   0.42072E-03   0.45183E-03   0.44792E-03
 3414.85   0.41787E-03   0.44863E-03   0.44460E-03
 3428.46   0.41503E-03   0.44545E-03   0.44132E-03
 3442.06   0.41222E-03   0.44230E-03   0.43806E-03
 3455.67   0.40942E-03   0.43916E-03   0.43481E-03
 3469.27   0.40679E-03   0.43620E-03   0.43175E-03
 3482.88   0.40405E-03   0.43312E-03   0.42857E-03
 3496.48   0.40138E-03   0.43012E-03   0.42547E-03
 3510.09   0.39874E-03   0.42715E-03   0.42240E-03
 3523.69   0.39613E-03   0.42421E-03   0.41937E-03
 3537.30   0.39355E-03   0.42130E-03   0.41636E-03
 3550.90   0.39099E-03   0.41840E-03   0.41338E-03
 3564.51   0.38843E-03   0.41552E-03   0.41041E-03
 3578.11   0.38586E-03   0.41262E-03   0.40742E-03
 3591.72   0.38352E-03   0.40996E-03   0.40468E-03
 3605.32   0.38106E-03   0.40717E-03   0.40180E-03
 3618.93   0.37863E-03   0.40443E-03   0.39898E-03
 3632.53   0.37624E-03   0.40171E-03   0.39619E-03
 3646.14   0.37389E-03   0.39903E-03   0.39343E-03
 3659.74   0.37155E-03   0.39638E-03   0.39069E-03
 3673.35   0.36923E-03   0.39374E-03   0.38798E-03
 3686.95   0.36689E-03   0.39108E-03   0.38524E-03
 3700.56   0.36476E-03   0.38864E-03   0.38273E-03
 3714.16   0.36247E-03   0.38603E-03   0.38005E-03
 3727.77   0.36024E-03   0.38348E-03   0.37743E-03
 3741.37   0.35804E-03   0.38096E-03   0.37485E-03
 3754.98   0.35587E-03   0.37848E-03   0.37230E-03
 3768.58   0.35373E-03   0.37603E-03   0.36979E-03
 3782.19   0.35162E-03   0.37360E-03   0.36730E-03
 3795.79   0.34952E-03   0.37119E-03   0.36483E-03
 3809.40   0.34742E-03   0.36878E-03   0.36236E-03
 3823.00   0.34543E-03   0.36649E-03   0.36000E-03
 3836.61   0.34338E-03   0.36413E-03   0.35759E-03
 3850.21   0.34135E-03   0.36179E-03   0.35520E-03
 3863.82   0.33934E-03   0.35949E-03   0.35284E-03
 3877.42   0.33736E-03   0.35720E-03   0.35050E-03
 3891.03   0.33541E-03   0.35495E-03   0.34819E-03
 3904.63   0.33348E-03   0.35272E-03   0.34592E-03
 3918.24   0.33157E-03   0.35051E-03   0.34366E-03
 3931.84   0.32967E-03   0.34832E-03   0.34142E-03
 3945.45   0.32782E-03   0.34617E-03   0.33923E-03
 3959.05   0.32596E-03   0.34402E-03   0.33703E-03
 3972.66   0.32411E-03   0.34188E-03   0.33484E-03
 3986.26   0.32228E-03   0.33976E-03   0.33268E-03
 3999.87   0.32046E-03   0.33765E-03   0.33053E-03
 4013.47   0.31867E-03   0.33557E-03   0.32840E-03
 4027.08   0.31689E-03   0.33351E-03   0.32630E-03
 4040.68   0.31514E-03   0.33147E-03   0.32423E-03
 4054.29   0.31341E-03   0.32946E-03   0.32218E-03
 4067.89   0.31170E-03   0.32747E-03   0.32015E-03
 4081.50   0.31000E-03   0.32549E-03   0.31814E-03
 4095.10   0.30831E-03   0.32352E-03   0.31614E-03
 4108.71   0.30663E-03   0.32157E-03   0.31415E-03
 4122.31   0.30497E-03   0.31962E-03   0.31218E-03
 4135.92   0.30331E-03   0.31769E-03   0.31022E-03
 4149.52   0.30167E-03   0.31578E-03   0.30827E-03
 4163.13   0.30005E-03   0.31388E-03   0.30634E-03
 4176.73   0.29845E-03   0.31201E-03   0.30445E-03
 4190.34   0.29691E-03   0.31020E-03   0.30261E-03
 4203.94   0.29534E-03   0.30837E-03   0.30075E-03
 4217.55   0.29380E-03   0.30656E-03   0.29891E-03
 4231.15   0.29227E-03   0.30476E-03   0.29709E-03
 4244.76   0.29075E-03   0.30297E-03   0.29527E-03
 4258.36   0.28923E-03   0.30118E-03   0.29347E-03
 4271.97   0.28773E-03   0.29941E-03   0.29167E-03
 4285.57   0.28622E-03   0.29764E-03   0.28988E-03
 4299.18   0.28474E-03   0.29589E-03   0.28811E-03
 4312.78   0.28339E-03   0.29427E-03   0.28647E-03
 4326.39   0.28191E-03   0.29254E-03   0.28472E-03
 4339.99   0.28049E-03   0.29085E-03   0.28301E-03
 4353.60   0.27908E-03   0.28918E-03   0.28133E-03
 4367.20   0.27769E-03   0.28753E-03   0.27966E-03
 4380.81   0.27631E-03   0.28589E-03   0.27800E-03
 4394.41   0.27493E-03   0.28425E-03   0.27635E-03
 4408.02   0.27354E-03   0.28261E-03   0.27470E-03
 4421.62   0.27213E-03   0.28094E-03   0.27301E-03
 4435.23   0.27105E-03   0.27961E-03   0.27166E-03
 4448.83   0.26958E-03   0.27789E-03   0.26993E-03
 4462.44   0.26824E-03   0.27629E-03   0.26833E-03
 4476.04   0.26694E-03   0.27473E-03   0.26676E-03
 4489.65   0.26565E-03   0.27320E-03   0.26522E-03
 4503.25   0.26437E-03   0.27168E-03   0.26369E-03
 4516.86   0.26311E-03   0.27016E-03   0.26217E-03
 4530.46   0.26185E-03   0.26866E-03   0.26065E-03
 4544.07   0.26058E-03   0.26715E-03   0.25913E-03
 4557.67   0.25931E-03   0.26562E-03   0.25760E-03
 4571.28   0.25822E-03   0.26430E-03   0.25627E-03
 4584.88   0.25696E-03   0.26279E-03   0.25476E-03
 4598.49   0.25574E-03   0.26133E-03   0.25329E-03
 4612.09   0.25453E-03   0.25988E-03   0.25185E-03
 4625.70   0.25335E-03   0.25846E-03   0.25042E-03
 4639.30   0.25218E-03   0.25705E-03   0.24901E-03
 4652.91   0.25102E-03   0.25566E-03   0.24762E-03
 4666.51   0.24987E-03   0.25428E-03   0.24623E-03
 4680.12   0.24871E-03   0.25289E-03   0.24484E-03
 4693.72   0.24751E-03   0.25145E-03   0.24340E-03
 4707.33   0.24652E-03   0.25023E-03   0.24218E-03
 4720.93   0.24538E-03   0.24886E-03   0.24081E-03
 4734.54   0.24426E-03   0.24751E-03   0.23946E-03
 4748.14   0.24315E-03   0.24617E-03   0.23813E-03
 4761.75   0.24205E-03   0.24484E-03   0.23680E-03
 4775.35   0.24097E-03   0.24354E-03   0.23550E-03
 4788.96   0.23990E-03   0.24225E-03   0.23421E-03
 4802.56   0.23885E-03   0.24097E-03   0.23294E-03
 4816.17   0.23780E-03   0.23970E-03   0.23167E-03
 4829.77   0.23680E-03   0.23847E-03   0.23045E-03
 4843.38   0.23575E-03   0.23721E-03   0.22919E-03
 4856.98   0.23472E-03   0.23596E-03   0.22794E-03
 4870.59   0.23370E-03   0.23471E-03   0.22670E-03
 4884.19   0.23268E-03   0.23347E-03   0.22547E-03
 4897.80   0.23166E-03   0.23223E-03   0.22424E-03
 4911.40   0.23066E-03   0.23101E-03   0.22303E-03
 4925.01   0.22967E-03   0.22980E-03   0.22183E-03
 4938.61   0.22870E-03   0.22861E-03   0.22065E-03
 4952.22   0.22774E-03   0.22744E-03   0.21948E-03
 4965.82   0.22679E-03   0.22627E-03   0.21833E-03
 4979.43   0.22585E-03   0.22512E-03   0.21718E-03
 4993.03   0.22491E-03   0.22396E-03   0.21604E-03
 5006.64   0.22397E-03   0.22281E-03   0.21490E-03
 5020.24   0.22303E-03   0.22167E-03   0.21376E-03
 5033.85   0.22210E-03   0.22052E-03   0.21263E-03
 5047.45   0.22117E-03   0.21938E-03   0.21150E-03
 5061.06   0.22024E-03   0.21825E-03   0.21038E-03
 5074.66   0.21932E-03   0.21712E-03   0.20927E-03
 5088.27   0.21840E-03   0.21599E-03   0.20815E-03
 5101.87   0.21760E-03   0.21499E-03   0.20716E-03
 5115.48   0.21669E-03   0.21388E-03   0.20606E-03
 5129.08   0.21582E-03   0.21281E-03   0.20500E-03
 5142.69   0.21495E-03   0.21174E-03   0.20395E-03
 5156.29   0.21409E-03   0.21068E-03   0.20291E-03
 5169.90   0.21323E-03   0.20962E-03   0.20186E-03
 5183.50   0.21237E-03   0.20856E-03   0.20082E-03
 5197.11   0.21150E-03   0.20750E-03   0.19978E-03
 5210.71   0.21063E-03   0.20644E-03   0.19873E-03
 5224.32   0.20974E-03   0.20536E-03   0.19767E-03
 5237.92   0.20887E-03   0.20430E-03   0.19663E-03
 5251.53   0.20820E-03   0.20344E-03   0.19577E-03
 5265.13   0.20737E-03   0.20241E-03   0.19477E-03
 5278.74   0.20656E-03   0.20142E-03   0.19379E-03
 5292.34   0.20576E-03   0.20043E-03   0.19282E-03
 5305.95   0.20496E-03   0.19945E-03   0.19186E-03
 5319.55   0.20416E-03   0.19847E-03   0.19090E-03
 5333.16   0.20336E-03   0.19749E-03   0.18994E-03
 5346.76   0.20256E-03   0.19651E-03   0.18897E-03
 5360.37   0.20173E-03   0.19550E-03   0.18798E-03
 5373.97   0.20091E-03   0.19450E-03   0.18701E-03
 5387.58   0.20033E-03   0.19374E-03   0.18626E-03
 5401.18   0.19950E-03   0.19274E-03   0.18529E-03
 5414.79   0.19872E-03   0.19179E-03   0.18436E-03
 5428.39   0.19797E-03   0.19086E-03   0.18345E-03
 5442.00   0.19722E-03   0.18994E-03   0.18255E-03
 5455.60   0.19649E-03   0.18904E-03   0.18166E-03
 5469.21   0.19575E-03   0.18813E-03   0.18078E-03
 5482.81   0.19502E-03   0.18723E-03   0.17989E-03
 5496.42   0.19427E-03   0.18631E-03   0.17900E-03
 5510.02   0.19345E-03   0.18532E-03   0.17804E-03
 5523.63   0.19306E-03   0.18476E-03   0.17748E-03
 5537.23   0.19220E-03   0.18373E-03   0.17648E-03
 5550.84   0.19145E-03   0.18282E-03   0.17560E-03
 5564.44   0.19073E-03   0.18193E-03   0.17473E-03
 5578.05   0.19003E-03   0.18106E-03   0.17389E-03
 5591.65   0.18933E-03   0.18021E-03   0.17305E-03
 5605.26   0.18865E-03   0.17936E-03   0.17223E-03
 5618.86   0.18798E-03   0.17853E-03   0.17142E-03
 5632.47   0.18731E-03   0.17769E-03   0.17061E-03
 5646.07   0.18662E-03   0.17684E-03   0.16978E-03
 5659.68   0.18592E-03   0.17599E-03   0.16895E-03
 5673.28   0.18540E-03   0.17530E-03   0.16828E-03
 5686.89   0.18469E-03   0.17443E-03   0.16744E-03
 5700.49   0.18401E-03   0.17360E-03   0.16663E-03
 5714.10   0.18335E-03   0.17277E-03   0.16583E-03
 5727.70   0.18269E-03   0.17196E-03   0.16504E-03
 5741.31   0.18204E-03   0.17115E-03   0.16426E-03
 5754.91   0.18140E-03   0.17036E-03   0.16350E-03
 5768.52   0.18078E-03   0.16958E-03   0.16274E-03
 5782.12   0.18016E-03   0.16880E-03   0.16199E-03
 5795.73   0.17954E-03   0.16803E-03   0.16124E-03
 5809.33   0.17890E-03   0.16724E-03   0.16048E-03
 5822.94   0.17836E-03   0.16654E-03   0.15980E-03
 5836.54   0.17774E-03   0.16577E-03   0.15905E-03
 5850.15   0.17712E-03   0.16500E-03   0.15831E-03
 5863.75   0.17651E-03   0.16423E-03   0.15757E-03
 5877.36   0.17589E-03   0.16347E-03   0.15684E-03
 5890.96   0.17529E-03   0.16271E-03   0.15611E-03
 5904.57   0.17469E-03   0.16196E-03   0.15539E-03
 5918.17   0.17410E-03   0.16122E-03   0.15467E-03
 5931.78   0.17352E-03   0.16050E-03   0.15398E-03
 5945.38   0.17296E-03   0.15978E-03   0.15329E-03
 5958.99   0.17239E-03   0.15907E-03   0.15260E-03
 5972.59   0.17184E-03   0.15837E-03   0.15193E-03
 5986.20   0.17128E-03   0.15766E-03   0.15125E-03
 5999.80   0.17071E-03   0.15696E-03   0.15057E-03
 6013.41   0.17015E-03   0.15625E-03   0.14989E-03
 6027.01   0.16958E-03   0.15554E-03   0.14921E-03
 6040.62   0.16901E-03   0.15483E-03   0.14853E-03
 6054.22   0.16844E-03   0.15412E-03   0.14785E-03
 6067.83   0.16787E-03   0.15342E-03   0.14718E-03
 6081.43   0.16731E-03   0.15273E-03   0.14651E-03
 6095.04   0.16675E-03   0.15203E-03   0.14585E-03
 6108.64   0.16623E-03   0.15138E-03   0.14522E-03
 6122.25   0.16573E-03   0.15074E-03   0.14461E-03
 6135.85   0.16520E-03   0.15008E-03   0.14398E-03
 6149.46   0.16467E-03   0.14943E-03   0.14335E-03
 6163.06   0.16415E-03   0.14877E-03   0.14273E-03
 6176.67   0.16362E-03   0.14812E-03   0.14210E-03
 6190.27   0.16308E-03   0.14746E-03   0.14147E-03
 6203.88   0.16254E-03   0.14680E-03   0.14084E-03
 6217.48   0.16200E-03   0.14613E-03   0.14021E-03
 6231.09   0.16145E-03   0.14547E-03   0.13957E-03
 6244.69   0.16088E-03   0.14479E-03   0.13892E-03
 6258.30   0.16037E-03   0.14415E-03   0.13832E-03
 6271.90   0.15998E-03   0.14364E-03   0.13783E-03
 6285.51   0.15945E-03   0.14299E-03   0.13721E-03
 6299.11   0.15894E-03   0.14237E-03   0.13662E-03
 6312.72   0.15844E-03   0.14176E-03   0.13604E-03
 6326.32   0.15794E-03   0.14115E-03   0.13546E-03
 6339.93   0.15744E-03   0.14054E-03   0.13488E-03
 6353.53   0.15693E-03   0.13993E-03   0.13430E-03
 6367.14   0.15642E-03   0.13932E-03   0.13372E-03
 6380.74   0.15590E-03   0.13869E-03   0.13312E-03
 6394.35   0.15535E-03   0.13805E-03   0.13251E-03
 6407.95   0.15483E-03   0.13743E-03   0.13192E-03
 6421.56   0.15457E-03   0.13705E-03   0.13156E-03
 6435.16   0.15399E-03   0.13638E-03   0.13092E-03
 6448.77   0.15347E-03   0.13577E-03   0.13035E-03
 6462.37   0.15298E-03   0.13518E-03   0.12979E-03
 6475.98   0.15251E-03   0.13461E-03   0.12925E-03
 6489.58   0.15204E-03   0.13405E-03   0.12871E-03
 6503.19   0.15157E-03   0.13348E-03   0.12818E-03
 6516.79   0.15110E-03   0.13292E-03   0.12764E-03
 6530.40   0.15062E-03   0.13234E-03   0.12710E-03
 6544.00   0.15012E-03   0.13176E-03   0.12655E-03
 6557.61   0.14954E-03   0.13110E-03   0.12592E-03
 6571.21   0.14898E-03   0.13046E-03   0.12532E-03
 6584.82   0.14886E-03   0.13020E-03   0.12507E-03
 6598.42   0.14835E-03   0.12960E-03   0.12451E-03
 6612.03   0.14787E-03   0.12903E-03   0.12397E-03
 6625.63   0.14740E-03   0.12848E-03   0.12345E-03
 6639.24   0.14695E-03   0.12794E-03   0.12294E-03
 6652.84   0.14652E-03   0.12741E-03   0.12244E-03
 6666.45   0.14608E-03   0.12688E-03   0.12195E-03
 6680.05   0.14565E-03   0.12636E-03   0.12145E-03
 6693.66   0.14521E-03   0.12583E-03   0.12096E-03
 6707.26   0.14476E-03   0.12529E-03   0.12044E-03
 6720.87   0.14429E-03   0.12474E-03   0.11992E-03
 6734.47   0.14407E-03   0.12440E-03   0.11961E-03
 6748.08   0.14357E-03   0.12382E-03   0.11906E-03
 6761.68   0.14311E-03   0.12327E-03   0.11855E-03
 6775.29   0.14266E-03   0.12274E-03   0.11805E-03
 6788.89   0.14222E-03   0.12222E-03   0.11755E-03
 6802.50   0.14180E-03   0.12171E-03   0.11707E-03
 6816.10   0.14138E-03   0.12120E-03   0.11660E-03
 6829.71   0.14097E-03   0.12071E-03   0.11614E-03
 6843.31   0.14058E-03   0.12022E-03   0.11568E-03
 6856.92   0.14018E-03   0.11974E-03   0.11522E-03
 6870.52   0.13977E-03   0.11924E-03   0.11476E-03
 6884.13   0.13934E-03   0.11873E-03   0.11428E-03
 6897.73   0.13905E-03   0.11834E-03   0.11391E-03
 6911.34   0.13863E-03   0.11784E-03   0.11345E-03
 6924.94   0.13822E-03   0.11735E-03   0.11298E-03
 6938.55   0.13781E-03   0.11685E-03   0.11252E-03
 6952.15   0.13740E-03   0.11636E-03   0.11206E-03
 6965.76   0.13699E-03   0.11588E-03   0.11161E-03
 6979.36   0.13659E-03   0.11540E-03   0.11116E-03
 6992.97   0.13620E-03   0.11492E-03   0.11072E-03
 7006.57   0.13582E-03   0.11446E-03   0.11028E-03
 7020.18   0.13545E-03   0.11401E-03   0.10986E-03
 7033.78   0.13508E-03   0.11356E-03   0.10944E-03
 7047.39   0.13471E-03   0.11311E-03   0.10902E-03
 7060.99   0.13436E-03   0.11267E-03   0.10862E-03
 7074.60   0.13399E-03   0.11223E-03   0.10820E-03
 7088.20   0.13361E-03   0.11178E-03   0.10778E-03
 7101.81   0.13323E-03   0.11132E-03   0.10736E-03
 7115.41   0.13285E-03   0.11087E-03   0.10693E-03
 7129.02   0.13246E-03   0.11041E-03   0.10651E-03
 7142.62   0.13207E-03   0.10995E-03   0.10608E-03
 7156.23   0.13168E-03   0.10950E-03   0.10566E-03
 7169.83   0.13130E-03   0.10906E-03   0.10524E-03
 7183.44   0.13092E-03   0.10862E-03   0.10484E-03
 7197.04   0.13055E-03   0.10818E-03   0.10443E-03
 7210.65   0.13022E-03   0.10778E-03   0.10406E-03
 7224.25   0.12988E-03   0.10737E-03   0.10368E-03
 7237.86   0.12952E-03   0.10695E-03   0.10329E-03
 7251.46   0.12917E-03   0.10654E-03   0.10291E-03
 7265.07   0.12882E-03   0.10612E-03   0.10252E-03
 7278.67   0.12846E-03   0.10570E-03   0.10213E-03
 7292.28   0.12809E-03   0.10528E-03   0.10174E-03
 7305.88   0.12772E-03   0.10485E-03   0.10134E-03
 7319.49   0.12734E-03   0.10442E-03   0.10094E-03
 7333.09   0.12696E-03   0.10399E-03   0.10054E-03
 7346.70   0.12658E-03   0.10356E-03   0.10014E-03
 7360.30   0.12617E-03   0.10311E-03   0.99724E-04
 7373.91   0.12585E-03   0.10273E-03   0.99370E-04
 7387.51   0.12562E-03   0.10243E-03   0.99094E-04
 7401.12   0.12525E-03   0.10201E-03   0.98708E-04
 7414.72   0.12490E-03   0.10161E-03   0.98342E-04
 7428.33   0.12456E-03   0.10123E-03   0.97984E-04
 7441.93   0.12423E-03   0.10084E-03   0.97626E-04
 7455.54   0.12388E-03   0.10045E-03   0.97267E-04
 7469.14   0.12353E-03   0.10006E-03   0.96904E-04
 7482.75   0.12317E-03   0.99660E-04   0.96535E-04
 7496.35   0.12281E-03   0.99255E-04   0.96161E-04
 7509.96   0.12243E-03   0.98840E-04   0.95776E-04
 7523.56   0.12201E-03   0.98398E-04   0.95365E-04
 7537.17   0.12166E-03   0.98015E-04   0.95012E-04
 7550.77   0.12157E-03   0.97837E-04   0.94856E-04
 7564.38   0.12114E-03   0.97390E-04   0.94441E-04
 7577.98   0.12078E-03   0.96997E-04   0.94078E-04
 7591.59   0.12044E-03   0.96622E-04   0.93731E-04
 7605.19   0.12011E-03   0.96256E-04   0.93394E-04
 7618.80   0.11979E-03   0.95894E-04   0.93061E-04
 7632.40   0.11946E-03   0.95533E-04   0.92730E-04
 7646.01   0.11914E-03   0.95170E-04   0.92395E-04
 7659.61   0.11880E-03   0.94801E-04   0.92055E-04
 7673.22   0.11845E-03   0.94421E-04   0.91704E-04
 7686.82   0.11807E-03   0.94018E-04   0.91331E-04
 7700.43   0.11752E-03   0.93480E-04   0.90826E-04
 7714.03   0.11782E-03   0.93622E-04   0.90983E-04
 7727.64   0.11726E-03   0.93078E-04   0.90472E-04
 7741.24   0.11688E-03   0.92679E-04   0.90104E-04
 7754.85   0.11653E-03   0.92307E-04   0.89760E-04
 7768.45   0.11620E-03   0.91948E-04   0.89431E-04
 7782.06   0.11589E-03   0.91600E-04   0.89111E-04
 7795.66   0.11557E-03   0.91259E-04   0.88798E-04
 7809.27   0.11527E-03   0.90923E-04   0.88489E-04
 7822.87   0.11496E-03   0.90587E-04   0.88181E-04
 7836.48   0.11465E-03   0.90247E-04   0.87869E-04
 7850.08   0.11432E-03   0.89896E-04   0.87546E-04
 7863.69   0.11394E-03   0.89509E-04   0.87188E-04
 7877.29   0.11359E-03   0.89142E-04   0.86851E-04
 7890.90   0.11356E-03   0.89028E-04   0.86758E-04
 7904.50   0.11316E-03   0.88627E-04   0.86387E-04
 7918.11   0.11281E-03   0.88263E-04   0.86052E-04
 7931.71   0.11248E-03   0.87912E-04   0.85728E-04
 7945.32   0.11215E-03   0.87570E-04   0.85414E-04
 7958.92   0.11184E-03   0.87237E-04   0.85108E-04
 7972.53   0.11153E-03   0.86912E-04   0.84810E-04
 7986.13   0.11124E-03   0.86593E-04   0.84519E-04
 7999.74   0.11094E-03   0.86280E-04   0.84233E-04
 8013.34   0.11065E-03   0.85967E-04   0.83947E-04
 8026.95   0.11035E-03   0.85650E-04   0.83657E-04
 8040.55   0.11001E-03   0.85298E-04   0.83333E-04
 8054.16   0.10966E-03   0.84945E-04   0.83007E-04
 8067.76   0.10956E-03   0.84782E-04   0.82868E-04
 8081.37   0.10924E-03   0.84446E-04   0.82559E-04
 8094.97   0.10892E-03   0.84116E-04   0.82257E-04
 8108.58   0.10860E-03   0.83789E-04   0.81956E-04
 8122.18   0.10829E-03   0.83465E-04   0.81659E-04
 8135.79   0.10798E-03   0.83145E-04   0.81366E-04
 8149.39   0.10768E-03   0.82832E-04   0.81080E-04
 8163.00   0.10738E-03   0.82526E-04   0.80800E-04
 8176.60   0.10710E-03   0.82227E-04   0.80528E-04
 8190.21   0.10682E-03   0.81935E-04   0.80261E-04
 8203.81   0.10654E-03   0.81646E-04   0.79998E-04
 8217.42   0.10626E-03   0.81351E-04   0.79730E-04
 8231.02   0.10602E-03   0.81095E-04   0.79499E-04
 8244.63   0.10573E-03   0.80799E-04   0.79229E-04
 8258.23   0.10545E-03   0.80507E-04   0.78962E-04
 8271.84   0.10515E-03   0.80211E-04   0.78692E-04
 8285.44   0.10485E-03   0.79911E-04   0.78418E-04
 8299.05   0.10455E-03   0.79609E-04   0.78142E-04
 8312.65   0.10425E-03   0.79306E-04   0.77865E-04
 8326.26   0.10395E-03   0.79005E-04   0.77590E-04
 8339.86   0.10365E-03   0.78708E-04   0.77319E-04
 8353.47   0.10336E-03   0.78417E-04   0.77053E-04
 8367.07   0.10307E-03   0.78133E-04   0.76794E-04
 8380.68   0.10280E-03   0.77855E-04   0.76541E-04
 8394.28   0.10252E-03   0.77576E-04   0.76287E-04
 8407.89   0.10229E-03   0.77329E-04   0.76065E-04
 8421.49   0.10202E-03   0.77060E-04   0.75820E-04
 8435.10   0.10176E-03   0.76794E-04   0.75579E-04
 8448.70   0.10149E-03   0.76526E-04   0.75336E-04
 8462.31   0.10122E-03   0.76255E-04   0.75089E-04
 8475.91   0.10094E-03   0.75979E-04   0.74838E-04
 8489.52   0.10066E-03   0.75698E-04   0.74582E-04
 8503.12   0.10037E-03   0.75415E-04   0.74323E-04
 8516.73   0.10008E-03   0.75130E-04   0.74063E-04
 8530.33   0.99786E-04   0.74846E-04   0.73803E-04
 8543.94   0.99494E-04   0.74562E-04   0.73544E-04
 8557.54   0.99198E-04   0.74277E-04   0.73284E-04
 8571.15   0.98839E-04   0.73946E-04   0.72977E-04
 8584.75   0.98831E-04   0.73877E-04   0.72930E-04
 8598.36   0.98494E-04   0.73563E-04   0.72641E-04
 8611.96   0.98226E-04   0.73302E-04   0.72404E-04
 8625.57   0.97970E-04   0.73051E-04   0.72176E-04
 8639.17   0.97716E-04   0.72801E-04   0.71950E-04
 8652.78   0.97458E-04   0.72550E-04   0.71722E-04
 8666.38   0.97195E-04   0.72295E-04   0.71491E-04
 8679.99   0.96925E-04   0.72036E-04   0.71255E-04
 8693.59   0.96646E-04   0.71771E-04   0.71014E-04
 8707.20   0.96360E-04   0.71501E-04   0.70767E-04
 8720.80   0.96064E-04   0.71225E-04   0.70514E-04
 8734.41   0.95752E-04   0.70937E-04   0.70250E-04
 8748.01   0.95351E-04   0.70584E-04   0.69921E-04
 8761.62   0.95152E-04   0.70381E-04   0.69741E-04
 8775.22   0.95138E-04   0.70315E-04   0.69696E-04
 8788.83   0.94835E-04   0.70036E-04   0.69440E-04
 8802.43   0.94568E-04   0.69784E-04   0.69211E-04
 8816.04   0.94315E-04   0.69544E-04   0.68993E-04
 8829.64   0.94069E-04   0.69309E-04   0.68781E-04
 8843.25   0.93824E-04   0.69075E-04   0.68570E-04
 8856.85   0.93576E-04   0.68840E-04   0.68357E-04
 8870.46   0.93321E-04   0.68601E-04   0.68140E-04
 8884.06   0.93057E-04   0.68356E-04   0.67917E-04
 8897.67   0.92779E-04   0.68102E-04   0.67685E-04
 8911.27   0.92480E-04   0.67832E-04   0.67438E-04
 8924.88   0.92114E-04   0.67515E-04   0.67143E-04
 8938.48   0.91868E-04   0.67287E-04   0.66937E-04
 8952.09   0.91965E-04   0.67311E-04   0.66981E-04
 8965.69   0.91594E-04   0.66992E-04   0.66685E-04
 8979.30   0.91299E-04   0.66731E-04   0.66445E-04
 8992.90   0.91028E-04   0.66488E-04   0.66224E-04
 9006.51   0.90771E-04   0.66256E-04   0.66014E-04
 9020.11   0.90524E-04   0.66032E-04   0.65811E-04
 9033.72   0.90281E-04   0.65813E-04   0.65613E-04
 9047.32   0.90040E-04   0.65595E-04   0.65416E-04
 9060.93   0.89795E-04   0.65376E-04   0.65218E-04
 9074.53   0.89542E-04   0.65151E-04   0.65015E-04
 9088.14   0.89274E-04   0.64916E-04   0.64801E-04
 9101.74   0.88971E-04   0.64657E-04   0.64563E-04
 9115.35   0.88474E-04   0.64258E-04   0.64185E-04
 9128.95   0.88944E-04   0.64561E-04   0.64508E-04
 9142.56   0.88420E-04   0.64144E-04   0.64111E-04
 9156.16   0.88101E-04   0.63876E-04   0.63864E-04
 9169.77   0.87814E-04   0.63631E-04   0.63640E-04
 9183.37   0.87541E-04   0.63398E-04   0.63427E-04
 9196.98   0.87280E-04   0.63174E-04   0.63223E-04
 9210.58   0.87029E-04   0.62957E-04   0.63027E-04
 9224.19   0.86787E-04   0.62748E-04   0.62837E-04
 9237.79   0.86550E-04   0.62543E-04   0.62652E-04
 9251.40   0.86316E-04   0.62340E-04   0.62469E-04
 9265.00   0.86079E-04   0.62136E-04   0.62285E-04
 9278.61   0.85833E-04   0.61926E-04   0.62094E-04
 9292.21   0.85552E-04   0.61691E-04   0.61879E-04
 9305.82   0.85287E-04   0.61468E-04   0.61676E-04
 9319.42   0.85291E-04   0.61440E-04   0.61668E-04
 9333.03   0.84969E-04   0.61177E-04   0.61424E-04
 9346.63   0.84690E-04   0.60945E-04   0.61211E-04
 9360.24   0.84420E-04   0.60721E-04   0.61006E-04
 9373.84   0.84154E-04   0.60500E-04   0.60804E-04
 9387.45   0.83894E-04   0.60284E-04   0.60607E-04
 9401.05   0.83642E-04   0.60074E-04   0.60416E-04
 9414.66   0.83397E-04   0.59870E-04   0.60230E-04
 9428.26   0.83161E-04   0.59672E-04   0.60051E-04
 9441.87   0.82932E-04   0.59480E-04   0.59878E-04
 9455.47   0.82708E-04   0.59292E-04   0.59708E-04
 9469.08   0.82484E-04   0.59104E-04   0.59539E-04
 9482.68   0.82247E-04   0.58908E-04   0.59361E-04
 9496.29   0.82000E-04   0.58704E-04   0.59175E-04
 9509.89   0.81866E-04   0.58582E-04   0.59073E-04
 9523.50   0.81622E-04   0.58381E-04   0.58890E-04
 9537.10   0.81380E-04   0.58182E-04   0.58709E-04
 9550.71   0.81135E-04   0.57981E-04   0.58525E-04
 9564.31   0.80886E-04   0.57777E-04   0.58340E-04
 9577.92   0.80636E-04   0.57573E-04   0.58153E-04
 9591.52   0.80387E-04   0.57371E-04   0.57968E-04
 9605.13   0.80143E-04   0.57171E-04   0.57786E-04
 9618.73   0.79905E-04   0.56977E-04   0.57609E-04
 9632.34   0.79674E-04   0.56788E-04   0.57437E-04
 9645.94   0.79452E-04   0.56605E-04   0.57272E-04
 9659.55   0.79238E-04   0.56428E-04   0.57112E-04
 9673.15   0.79029E-04   0.56255E-04   0.56957E-04
 9686.76   0.78825E-04   0.56085E-04   0.56805E-04
 9700.36   0.78619E-04   0.55915E-04   0.56652E-04
 9713.97   0.78412E-04   0.55744E-04   0.56498E-04
 9727.57   0.78200E-04   0.55571E-04   0.56341E-04
 9741.18   0.77982E-04   0.55393E-04   0.56180E-04
 9754.78   0.77757E-04   0.55210E-04   0.56014E-04
 9768.39   0.77525E-04   0.55023E-04   0.55844E-04
 9781.99   0.77289E-04   0.54834E-04   0.55670E-04
 9795.60   0.77050E-04   0.54642E-04   0.55495E-04
 9809.20   0.76811E-04   0.54452E-04   0.55321E-04
 9822.81   0.76574E-04   0.54263E-04   0.55148E-04
 9836.41   0.76341E-04   0.54077E-04   0.54979E-04
 9850.02   0.76110E-04   0.53894E-04   0.54811E-04
 9863.62   0.75866E-04   0.53701E-04   0.54634E-04
 9877.23   0.75709E-04   0.53572E-04   0.54521E-04
 9890.83   0.75545E-04   0.53437E-04   0.54403E-04
 9904.44   0.75331E-04   0.53267E-04   0.54249E-04
 9918.04   0.75127E-04   0.53105E-04   0.54103E-04
 9931.65   0.74923E-04   0.52944E-04   0.53958E-04
 9945.25   0.74716E-04   0.52781E-04   0.53810E-04
 9958.86   0.74503E-04   0.52614E-04   0.53659E-04
 9972.46   0.74283E-04   0.52443E-04   0.53503E-04
 9986.07   0.74056E-04   0.52267E-04   0.53343E-04
 9999.67   0.73821E-04   0.52087E-04   0.53177E-04
