  557.80   0.86956E+00   0.88306E+00   0.87697E+00
  571.41   0.84284E+00   0.85577E+00   0.84948E+00
  585.01   0.81714E+00   0.82953E+00   0.82306E+00
  598.62   0.79247E+00   0.80433E+00   0.79769E+00
  612.22   0.76878E+00   0.78011E+00   0.77333E+00
  625.83   0.74594E+00   0.75677E+00   0.74986E+00
  639.43   0.72388E+00   0.73423E+00   0.72719E+00
  653.04   0.70265E+00   0.71252E+00   0.70538E+00
  666.64   0.68221E+00   0.69162E+00   0.68438E+00
  680.25   0.66242E+00   0.67139E+00   0.66406E+00
  693.85   0.64341E+00   0.65195E+00   0.64455E+00
  707.46   0.62508E+00   0.63319E+00   0.62573E+00
  721.06   0.60745E+00   0.61515E+00   0.60764E+00
  734.67   0.59039E+00   0.59770E+00   0.59015E+00
  748.27   0.57401E+00   0.58094E+00   0.57335E+00
  761.88   0.55820E+00   0.56476E+00   0.55714E+00
  775.48   0.54298E+00   0.54918E+00   0.54154E+00
  789.09   0.52823E+00   0.53407E+00   0.52642E+00
  802.69   0.51403E+00   0.51954E+00   0.51188E+00
  816.30   0.50029E+00   0.50547E+00   0.49781E+00
  829.90   0.48702E+00   0.49188E+00   0.48423E+00
  843.51   0.47414E+00   0.47870E+00   0.47106E+00
  857.11   0.46175E+00   0.46601E+00   0.45838E+00
  870.72   0.44975E+00   0.45372E+00   0.44611E+00
  884.32   0.43814E+00   0.44182E+00   0.43424E+00
  897.93   0.42690E+00   0.43031E+00   0.42276E+00
  911.53   0.41607E+00   0.41922E+00   0.41170E+00
  925.14   0.40559E+00   0.40848E+00   0.40100E+00
  938.74   0.39545E+00   0.39809E+00   0.39064E+00
  952.35   0.38563E+00   0.38803E+00   0.38063E+00
  965.95   0.37612E+00   0.37829E+00   0.37093E+00
  979.56   0.36693E+00   0.36887E+00   0.36156E+00
  993.16   0.35802E+00   0.35975E+00   0.35248E+00
 1006.77   0.34938E+00   0.35090E+00   0.34369E+00
 1020.37   0.34100E+00   0.34231E+00   0.33515E+00
 1033.98   0.33288E+00   0.33399E+00   0.32688E+00
 1047.58   0.32500E+00   0.32592E+00   0.31888E+00
 1061.19   0.31737E+00   0.31810E+00   0.31111E+00
 1074.79   0.30997E+00   0.31052E+00   0.30359E+00
 1088.40   0.30276E+00   0.30314E+00   0.29627E+00
 1102.00   0.29579E+00   0.29599E+00   0.28919E+00
 1115.61   0.28902E+00   0.28907E+00   0.28233E+00
 1129.21   0.28247E+00   0.28235E+00   0.27568E+00
 1142.82   0.27608E+00   0.27581E+00   0.26920E+00
 1156.42   0.26991E+00   0.26949E+00   0.26295E+00
 1170.03   0.26390E+00   0.26334E+00   0.25687E+00
 1183.63   0.25807E+00   0.25737E+00   0.25096E+00
 1197.24   0.25241E+00   0.25157E+00   0.24524E+00
 1210.84   0.24688E+00   0.24592E+00   0.23965E+00
 1224.45   0.24154E+00   0.24045E+00   0.23425E+00
 1238.05   0.23633E+00   0.23512E+00   0.22899E+00
 1251.66   0.23126E+00   0.22993E+00   0.22387E+00
 1265.26   0.22634E+00   0.22490E+00   0.21891E+00
 1278.87   0.22153E+00   0.21998E+00   0.21406E+00
 1292.47   0.21688E+00   0.21522E+00   0.20937E+00
 1306.08   0.21234E+00   0.21058E+00   0.20480E+00
 1319.68   0.20792E+00   0.20606E+00   0.20035E+00
 1333.29   0.20362E+00   0.20167E+00   0.19603E+00
 1346.89   0.19943E+00   0.19738E+00   0.19181E+00
 1360.50   0.19536E+00   0.19323E+00   0.18773E+00
 1374.10   0.19140E+00   0.18918E+00   0.18375E+00
 1387.71   0.18754E+00   0.18524E+00   0.17988E+00
 1401.31   0.18378E+00   0.18140E+00   0.17611E+00
 1414.92   0.18012E+00   0.17766E+00   0.17244E+00
 1428.52   0.17654E+00   0.17401E+00   0.16886E+00
 1442.13   0.17306E+00   0.17046E+00   0.16538E+00
 1455.73   0.16967E+00   0.16700E+00   0.16199E+00
 1469.34   0.16636E+00   0.16363E+00   0.15868E+00
 1482.94   0.16313E+00   0.16034E+00   0.15546E+00
 1496.55   0.15998E+00   0.15713E+00   0.15231E+00
 1510.15   0.15691E+00   0.15400E+00   0.14925E+00
 1523.76   0.15392E+00   0.15095E+00   0.14627E+00
 1537.36   0.15099E+00   0.14797E+00   0.14336E+00
 1550.97   0.14814E+00   0.14507E+00   0.14052E+00
 1564.57   0.14536E+00   0.14224E+00   0.13775E+00
 1578.18   0.14264E+00   0.13947E+00   0.13505E+00
 1591.78   0.13998E+00   0.13678E+00   0.13242E+00
 1605.39   0.13740E+00   0.13415E+00   0.12985E+00
 1618.99   0.13487E+00   0.13158E+00   0.12734E+00
 1632.60   0.13240E+00   0.12907E+00   0.12490E+00
 1646.20   0.12999E+00   0.12662E+00   0.12251E+00
 1659.81   0.12764E+00   0.12424E+00   0.12019E+00
 1673.41   0.12533E+00   0.12190E+00   0.11791E+00
 1687.02   0.12309E+00   0.11962E+00   0.11569E+00
 1700.62   0.12089E+00   0.11740E+00   0.11353E+00
 1714.23   0.11875E+00   0.11522E+00   0.11141E+00
 1727.83   0.11664E+00   0.11309E+00   0.10934E+00
 1741.44   0.11459E+00   0.11102E+00   0.10732E+00
 1755.04   0.11258E+00   0.10899E+00   0.10535E+00
 1768.65   0.11062E+00   0.10700E+00   0.10342E+00
 1782.25   0.10870E+00   0.10506E+00   0.10153E+00
 1795.86   0.10682E+00   0.10317E+00   0.99694E-01
 1809.46   0.10498E+00   0.10131E+00   0.97890E-01
 1823.07   0.10319E+00   0.99496E-01   0.96132E-01
 1836.67   0.10143E+00   0.97722E-01   0.94412E-01
 1850.28   0.99707E-01   0.95988E-01   0.92730E-01
 1863.88   0.98023E-01   0.94291E-01   0.91086E-01
 1877.49   0.96376E-01   0.92633E-01   0.89479E-01
 1891.09   0.94761E-01   0.91008E-01   0.87905E-01
 1904.70   0.93183E-01   0.89421E-01   0.86369E-01
 1918.30   0.91638E-01   0.87868E-01   0.84866E-01
 1931.91   0.90125E-01   0.86347E-01   0.83395E-01
 1945.51   0.88643E-01   0.84859E-01   0.81956E-01
 1959.12   0.87191E-01   0.83403E-01   0.80548E-01
 1972.72   0.85769E-01   0.81977E-01   0.79169E-01
 1986.33   0.84377E-01   0.80581E-01   0.77820E-01
 1999.93   0.83012E-01   0.79215E-01   0.76500E-01
 2013.54   0.81675E-01   0.77876E-01   0.75208E-01
 2027.14   0.80365E-01   0.76566E-01   0.73943E-01
 2040.75   0.79080E-01   0.75282E-01   0.72704E-01
 2054.35   0.77821E-01   0.74024E-01   0.71490E-01
 2067.96   0.76587E-01   0.72792E-01   0.70302E-01
 2081.56   0.75378E-01   0.71586E-01   0.69139E-01
 2095.17   0.74192E-01   0.70403E-01   0.67999E-01
 2108.77   0.73029E-01   0.69245E-01   0.66883E-01
 2122.38   0.71889E-01   0.68110E-01   0.65789E-01
 2135.98   0.70771E-01   0.66998E-01   0.64718E-01
 2149.59   0.69675E-01   0.65908E-01   0.63669E-01
 2163.19   0.68599E-01   0.64840E-01   0.62641E-01
 2176.80   0.67545E-01   0.63793E-01   0.61634E-01
 2190.40   0.66511E-01   0.62767E-01   0.60647E-01
 2204.01   0.65496E-01   0.61761E-01   0.59679E-01
 2217.61   0.64500E-01   0.60775E-01   0.58731E-01
 2231.22   0.63523E-01   0.59808E-01   0.57802E-01
 2244.82   0.62565E-01   0.58861E-01   0.56891E-01
 2258.43   0.61625E-01   0.57931E-01   0.55998E-01
 2272.03   0.60701E-01   0.57020E-01   0.55123E-01
 2285.64   0.59795E-01   0.56125E-01   0.54264E-01
 2299.24   0.58905E-01   0.55248E-01   0.53422E-01
 2312.85   0.58031E-01   0.54387E-01   0.52595E-01
 2326.45   0.57172E-01   0.53542E-01   0.51784E-01
 2340.06   0.56332E-01   0.52715E-01   0.50991E-01
 2353.66   0.55505E-01   0.51903E-01   0.50212E-01
 2367.27   0.54693E-01   0.51105E-01   0.49447E-01
 2380.87   0.53895E-01   0.50323E-01   0.48697E-01
 2394.48   0.53112E-01   0.49555E-01   0.47961E-01
 2408.08   0.52341E-01   0.48800E-01   0.47238E-01
 2421.69   0.51584E-01   0.48060E-01   0.46528E-01
 2435.29   0.50844E-01   0.47336E-01   0.45834E-01
 2448.90   0.50114E-01   0.46623E-01   0.45151E-01
 2462.50   0.49397E-01   0.45923E-01   0.44482E-01
 2476.11   0.48693E-01   0.45237E-01   0.43824E-01
 2489.71   0.48001E-01   0.44562E-01   0.43179E-01
 2503.32   0.47321E-01   0.43900E-01   0.42545E-01
 2516.92   0.46649E-01   0.43247E-01   0.41920E-01
 2530.53   0.45997E-01   0.42613E-01   0.41314E-01
 2544.13   0.45351E-01   0.41986E-01   0.40713E-01
 2557.74   0.44716E-01   0.41370E-01   0.40124E-01
 2571.34   0.44092E-01   0.40765E-01   0.39546E-01
 2584.95   0.43479E-01   0.40172E-01   0.38979E-01
 2598.55   0.42876E-01   0.39588E-01   0.38421E-01
 2612.16   0.42281E-01   0.39014E-01   0.37872E-01
 2625.76   0.41701E-01   0.38454E-01   0.37336E-01
 2639.37   0.41126E-01   0.37900E-01   0.36807E-01
 2652.97   0.40562E-01   0.37356E-01   0.36287E-01
 2666.58   0.40007E-01   0.36821E-01   0.35777E-01
 2680.18   0.39461E-01   0.36297E-01   0.35276E-01
 2693.79   0.38924E-01   0.35781E-01   0.34783E-01
 2707.39   0.38396E-01   0.35274E-01   0.34299E-01
 2721.00   0.37878E-01   0.34777E-01   0.33825E-01
 2734.60   0.37366E-01   0.34287E-01   0.33357E-01
 2748.21   0.36863E-01   0.33805E-01   0.32897E-01
 2761.81   0.36368E-01   0.33332E-01   0.32445E-01
 2775.42   0.35880E-01   0.32866E-01   0.32001E-01
 2789.02   0.35401E-01   0.32409E-01   0.31564E-01
 2802.63   0.34930E-01   0.31960E-01   0.31135E-01
 2816.23   0.34466E-01   0.31518E-01   0.30714E-01
 2829.84   0.34010E-01   0.31085E-01   0.30300E-01
 2843.44   0.33561E-01   0.30657E-01   0.29892E-01
 2857.05   0.33118E-01   0.30237E-01   0.29491E-01
 2870.65   0.32682E-01   0.29824E-01   0.29097E-01
 2884.26   0.32253E-01   0.29417E-01   0.28709E-01
 2897.86   0.31831E-01   0.29018E-01   0.28328E-01
 2911.47   0.31415E-01   0.28624E-01   0.27953E-01
 2925.07   0.31007E-01   0.28239E-01   0.27585E-01
 2938.68   0.30604E-01   0.27859E-01   0.27223E-01
 2952.28   0.30207E-01   0.27485E-01   0.26866E-01
 2965.89   0.29817E-01   0.27117E-01   0.26515E-01
 2979.49   0.29432E-01   0.26755E-01   0.26170E-01
 2993.10   0.29052E-01   0.26399E-01   0.25830E-01
 3006.70   0.28678E-01   0.26048E-01   0.25495E-01
 3020.31   0.28310E-01   0.25702E-01   0.25166E-01
 3033.91   0.27950E-01   0.25365E-01   0.24844E-01
 3047.52   0.27593E-01   0.25031E-01   0.24525E-01
 3061.12   0.27242E-01   0.24703E-01   0.24212E-01
 3074.73   0.26896E-01   0.24380E-01   0.23904E-01
 3088.33   0.26554E-01   0.24061E-01   0.23601E-01
 3101.94   0.26218E-01   0.23748E-01   0.23302E-01
 3115.54   0.25886E-01   0.23439E-01   0.23007E-01
 3129.15   0.25558E-01   0.23134E-01   0.22716E-01
 3142.75   0.25240E-01   0.22839E-01   0.22435E-01
 3156.36   0.24923E-01   0.22544E-01   0.22154E-01
 3169.96   0.24611E-01   0.22255E-01   0.21878E-01
 3183.57   0.24303E-01   0.21971E-01   0.21606E-01
 3197.17   0.24000E-01   0.21690E-01   0.21339E-01
 3210.78   0.23701E-01   0.21414E-01   0.21075E-01
 3224.38   0.23406E-01   0.21141E-01   0.20815E-01
 3237.99   0.23113E-01   0.20872E-01   0.20557E-01
 3251.59   0.22832E-01   0.20613E-01   0.20310E-01
 3265.20   0.22549E-01   0.20352E-01   0.20062E-01
 3278.80   0.22270E-01   0.20096E-01   0.19817E-01
 3292.41   0.21996E-01   0.19845E-01   0.19577E-01
 3306.01   0.21726E-01   0.19597E-01   0.19341E-01
 3319.62   0.21460E-01   0.19353E-01   0.19108E-01
 3333.22   0.21197E-01   0.19112E-01   0.18878E-01
 3346.83   0.20936E-01   0.18874E-01   0.18651E-01
 3360.43   0.20685E-01   0.18645E-01   0.18432E-01
 3374.04   0.20432E-01   0.18414E-01   0.18211E-01
 3387.64   0.20183E-01   0.18187E-01   0.17994E-01
 3401.25   0.19937E-01   0.17964E-01   0.17781E-01
 3414.85   0.19696E-01   0.17744E-01   0.17571E-01
 3428.46   0.19458E-01   0.17528E-01   0.17364E-01
 3442.06   0.19223E-01   0.17315E-01   0.17160E-01
 3455.67   0.18991E-01   0.17104E-01   0.16959E-01
 3469.27   0.18766E-01   0.16900E-01   0.16764E-01
 3482.88   0.18539E-01   0.16695E-01   0.16568E-01
 3496.48   0.18316E-01   0.16494E-01   0.16375E-01
 3510.09   0.18096E-01   0.16295E-01   0.16185E-01
 3523.69   0.17879E-01   0.16100E-01   0.15998E-01
 3537.30   0.17665E-01   0.15907E-01   0.15814E-01
 3550.90   0.17455E-01   0.15718E-01   0.15633E-01
 3564.51   0.17248E-01   0.15532E-01   0.15454E-01
 3578.11   0.17042E-01   0.15347E-01   0.15278E-01
 3591.72   0.16841E-01   0.15167E-01   0.15106E-01
 3605.32   0.16642E-01   0.14988E-01   0.14934E-01
 3618.93   0.16445E-01   0.14812E-01   0.14765E-01
 3632.53   0.16250E-01   0.14638E-01   0.14598E-01
 3646.14   0.16058E-01   0.14466E-01   0.14434E-01
 3659.74   0.15868E-01   0.14297E-01   0.14272E-01
 3673.35   0.15682E-01   0.14131E-01   0.14112E-01
 3686.95   0.15498E-01   0.13967E-01   0.13955E-01
 3700.56   0.15317E-01   0.13806E-01   0.13800E-01
 3714.16   0.15137E-01   0.13647E-01   0.13647E-01
 3727.77   0.14960E-01   0.13490E-01   0.13497E-01
 3741.37   0.14786E-01   0.13335E-01   0.13348E-01
 3754.98   0.14613E-01   0.13181E-01   0.13201E-01
 3768.58   0.14442E-01   0.13030E-01   0.13055E-01
 3782.19   0.14273E-01   0.12881E-01   0.12912E-01
 3795.79   0.14107E-01   0.12734E-01   0.12771E-01
 3809.40   0.13944E-01   0.12590E-01   0.12632E-01
 3823.00   0.13783E-01   0.12449E-01   0.12496E-01
 3836.61   0.13623E-01   0.12308E-01   0.12361E-01
 3850.21   0.13466E-01   0.12170E-01   0.12228E-01
 3863.82   0.13311E-01   0.12033E-01   0.12096E-01
 3877.42   0.13157E-01   0.11898E-01   0.11966E-01
 3891.03   0.13005E-01   0.11765E-01   0.11838E-01
 3904.63   0.12855E-01   0.11633E-01   0.11711E-01
 3918.24   0.12706E-01   0.11503E-01   0.11585E-01
 3931.84   0.12559E-01   0.11374E-01   0.11461E-01
 3945.45   0.12418E-01   0.11251E-01   0.11343E-01
 3959.05   0.12276E-01   0.11127E-01   0.11222E-01
 3972.66   0.12135E-01   0.11004E-01   0.11104E-01
 3986.26   0.11997E-01   0.10883E-01   0.10988E-01
 3999.87   0.11860E-01   0.10764E-01   0.10873E-01
 4013.47   0.11724E-01   0.10646E-01   0.10759E-01
 4027.08   0.11590E-01   0.10530E-01   0.10646E-01
 4040.68   0.11457E-01   0.10414E-01   0.10534E-01
 4054.29   0.11325E-01   0.10299E-01   0.10423E-01
 4067.89   0.11201E-01   0.10192E-01   0.10320E-01
 4081.50   0.11073E-01   0.10081E-01   0.10212E-01
 4095.10   0.10948E-01   0.99726E-02   0.10107E-01
 4108.71   0.10824E-01   0.98655E-02   0.10003E-01
 4122.31   0.10702E-01   0.97600E-02   0.99010E-02
 4135.92   0.10581E-01   0.96557E-02   0.97999E-02
 4149.52   0.10461E-01   0.95524E-02   0.96998E-02
 4163.13   0.10342E-01   0.94499E-02   0.96002E-02
 4176.73   0.10224E-01   0.93478E-02   0.95011E-02
 4190.34   0.10114E-01   0.92534E-02   0.94096E-02
 4203.94   0.99986E-02   0.91544E-02   0.93134E-02
 4217.55   0.98858E-02   0.90574E-02   0.92191E-02
 4231.15   0.97747E-02   0.89621E-02   0.91265E-02
 4244.76   0.96653E-02   0.88682E-02   0.90352E-02
 4258.36   0.95572E-02   0.87756E-02   0.89451E-02
 4271.97   0.94504E-02   0.86841E-02   0.88560E-02
 4285.57   0.93444E-02   0.85935E-02   0.87677E-02
 4299.18   0.92367E-02   0.85010E-02   0.86775E-02
 4312.78   0.91399E-02   0.84189E-02   0.85977E-02
 4326.39   0.90365E-02   0.83304E-02   0.85114E-02
 4339.99   0.89351E-02   0.82439E-02   0.84269E-02
 4353.60   0.88353E-02   0.81587E-02   0.83438E-02
 4367.20   0.87369E-02   0.80749E-02   0.82619E-02
 4380.81   0.86398E-02   0.79923E-02   0.81812E-02
 4394.41   0.85441E-02   0.79108E-02   0.81016E-02
 4408.02   0.84495E-02   0.78305E-02   0.80230E-02
 4421.62   0.83556E-02   0.77506E-02   0.79449E-02
 4435.23   0.82665E-02   0.76753E-02   0.78713E-02
 4448.83   0.81733E-02   0.75960E-02   0.77936E-02
 4462.44   0.80825E-02   0.75190E-02   0.77181E-02
 4476.04   0.79928E-02   0.74429E-02   0.76435E-02
 4489.65   0.79042E-02   0.73679E-02   0.75699E-02
 4503.25   0.78168E-02   0.72938E-02   0.74973E-02
 4516.86   0.77306E-02   0.72209E-02   0.74257E-02
 4530.46   0.76456E-02   0.71491E-02   0.73551E-02
 4544.07   0.75616E-02   0.70782E-02   0.72855E-02
 4557.67   0.74786E-02   0.70082E-02   0.72166E-02
 4571.28   0.73973E-02   0.69396E-02   0.71492E-02
 4584.88   0.73161E-02   0.68712E-02   0.70818E-02
 4598.49   0.72358E-02   0.68034E-02   0.70151E-02
 4612.09   0.71563E-02   0.67364E-02   0.69490E-02
 4625.70   0.70775E-02   0.66701E-02   0.68837E-02
 4639.30   0.69998E-02   0.66046E-02   0.68190E-02
 4652.91   0.69230E-02   0.65400E-02   0.67552E-02
 4666.51   0.68472E-02   0.64763E-02   0.66924E-02
 4680.12   0.67724E-02   0.64135E-02   0.66303E-02
 4693.72   0.66988E-02   0.63518E-02   0.65693E-02
 4707.33   0.66264E-02   0.62909E-02   0.65091E-02
 4720.93   0.65544E-02   0.62305E-02   0.64494E-02
 4734.54   0.64831E-02   0.61708E-02   0.63902E-02
 4748.14   0.64125E-02   0.61116E-02   0.63316E-02
 4761.75   0.63425E-02   0.60529E-02   0.62734E-02
 4775.35   0.62732E-02   0.59948E-02   0.62158E-02
 4788.96   0.62047E-02   0.59374E-02   0.61588E-02
 4802.56   0.61370E-02   0.58807E-02   0.61024E-02
 4816.17   0.60697E-02   0.58243E-02   0.60464E-02
 4829.77   0.60068E-02   0.57720E-02   0.59944E-02
 4843.38   0.59407E-02   0.57166E-02   0.59393E-02
 4856.98   0.58764E-02   0.56630E-02   0.58859E-02
 4870.59   0.58130E-02   0.56101E-02   0.58332E-02
 4884.19   0.57503E-02   0.55577E-02   0.57810E-02
 4897.80   0.56881E-02   0.55058E-02   0.57293E-02
 4911.40   0.56265E-02   0.54543E-02   0.56779E-02
 4925.01   0.55654E-02   0.54032E-02   0.56269E-02
 4938.61   0.55047E-02   0.53525E-02   0.55762E-02
 4952.22   0.54436E-02   0.53013E-02   0.55249E-02
 4965.82   0.53901E-02   0.52575E-02   0.54813E-02
 4979.43   0.53301E-02   0.52071E-02   0.54308E-02
 4993.03   0.52725E-02   0.51591E-02   0.53827E-02
 5006.64   0.52159E-02   0.51120E-02   0.53355E-02
 5020.24   0.51600E-02   0.50655E-02   0.52889E-02
 5033.85   0.51047E-02   0.50195E-02   0.52427E-02
 5047.45   0.50499E-02   0.49738E-02   0.51969E-02
 5061.06   0.49955E-02   0.49285E-02   0.51513E-02
 5074.66   0.49414E-02   0.48833E-02   0.51058E-02
 5088.27   0.48865E-02   0.48372E-02   0.50594E-02
 5101.87   0.48411E-02   0.48008E-02   0.50230E-02
 5115.48   0.47859E-02   0.47542E-02   0.49759E-02
 5129.08   0.47342E-02   0.47110E-02   0.49324E-02
 5142.69   0.46835E-02   0.46688E-02   0.48898E-02
 5156.29   0.46335E-02   0.46273E-02   0.48478E-02
 5169.90   0.45842E-02   0.45863E-02   0.48065E-02
 5183.50   0.45354E-02   0.45457E-02   0.47655E-02
 5197.11   0.44871E-02   0.45055E-02   0.47248E-02
 5210.71   0.44390E-02   0.44655E-02   0.46843E-02
 5224.32   0.43906E-02   0.44249E-02   0.46432E-02
 5237.92   0.43419E-02   0.43840E-02   0.46016E-02
 5251.53   0.43004E-02   0.43506E-02   0.45679E-02
 5265.13   0.42539E-02   0.43117E-02   0.45284E-02
 5278.74   0.42083E-02   0.42737E-02   0.44898E-02
 5292.34   0.41635E-02   0.42364E-02   0.44519E-02
 5305.95   0.41194E-02   0.41996E-02   0.44145E-02
 5319.55   0.40758E-02   0.41634E-02   0.43777E-02
 5333.16   0.40327E-02   0.41277E-02   0.43413E-02
 5346.76   0.39901E-02   0.40922E-02   0.43051E-02
 5360.37   0.39475E-02   0.40567E-02   0.42690E-02
 5373.97   0.39051E-02   0.40212E-02   0.42327E-02
 5387.58   0.38666E-02   0.39898E-02   0.42007E-02
 5401.18   0.38249E-02   0.39549E-02   0.41650E-02
 5414.79   0.37841E-02   0.39208E-02   0.41301E-02
 5428.39   0.37439E-02   0.38872E-02   0.40957E-02
 5442.00   0.37042E-02   0.38541E-02   0.40618E-02
 5455.60   0.36651E-02   0.38215E-02   0.40284E-02
 5469.21   0.36266E-02   0.37894E-02   0.39955E-02
 5482.81   0.35885E-02   0.37578E-02   0.39630E-02
 5496.42   0.35509E-02   0.37264E-02   0.39309E-02
 5510.02   0.35133E-02   0.36951E-02   0.38986E-02
 5523.63   0.34785E-02   0.36663E-02   0.38692E-02
 5537.23   0.34411E-02   0.36351E-02   0.38370E-02
 5550.84   0.34048E-02   0.36047E-02   0.38057E-02
 5564.44   0.33689E-02   0.35746E-02   0.37747E-02
 5578.05   0.33333E-02   0.35448E-02   0.37440E-02
 5591.65   0.32982E-02   0.35154E-02   0.37136E-02
 5605.26   0.32635E-02   0.34864E-02   0.36836E-02
 5618.86   0.32294E-02   0.34578E-02   0.36541E-02
 5632.47   0.31956E-02   0.34296E-02   0.36249E-02
 5646.07   0.31623E-02   0.34019E-02   0.35962E-02
 5659.68   0.31295E-02   0.33744E-02   0.35678E-02
 5673.28   0.30974E-02   0.33475E-02   0.35399E-02
 5686.89   0.30651E-02   0.33206E-02   0.35119E-02
 5700.49   0.30332E-02   0.32938E-02   0.34842E-02
 5714.10   0.30016E-02   0.32673E-02   0.34566E-02
 5727.70   0.29702E-02   0.32408E-02   0.34291E-02
 5741.31   0.29391E-02   0.32147E-02   0.34019E-02
 5754.91   0.29083E-02   0.31888E-02   0.33749E-02
 5768.52   0.28780E-02   0.31632E-02   0.33482E-02
 5782.12   0.28480E-02   0.31379E-02   0.33219E-02
 5795.73   0.28183E-02   0.31130E-02   0.32959E-02
 5809.33   0.27893E-02   0.30887E-02   0.32706E-02
 5822.94   0.27610E-02   0.30649E-02   0.32456E-02
 5836.54   0.27325E-02   0.30409E-02   0.32206E-02
 5850.15   0.27043E-02   0.30172E-02   0.31958E-02
 5863.75   0.26764E-02   0.29937E-02   0.31711E-02
 5877.36   0.26487E-02   0.29703E-02   0.31466E-02
 5890.96   0.26213E-02   0.29470E-02   0.31222E-02
 5904.57   0.25940E-02   0.29238E-02   0.30979E-02
 5918.17   0.25670E-02   0.29009E-02   0.30738E-02
 5931.78   0.25403E-02   0.28781E-02   0.30498E-02
 5945.38   0.25135E-02   0.28553E-02   0.30258E-02
 5958.99   0.24877E-02   0.28335E-02   0.30028E-02
 5972.59   0.24636E-02   0.28133E-02   0.29816E-02
 5986.20   0.24381E-02   0.27917E-02   0.29588E-02
 5999.80   0.24132E-02   0.27705E-02   0.29365E-02
 6013.41   0.23885E-02   0.27495E-02   0.29143E-02
 6027.01   0.23641E-02   0.27288E-02   0.28924E-02
 6040.62   0.23398E-02   0.27081E-02   0.28705E-02
 6054.22   0.23157E-02   0.26875E-02   0.28487E-02
 6067.83   0.22918E-02   0.26669E-02   0.28270E-02
 6081.43   0.22680E-02   0.26464E-02   0.28052E-02
 6095.04   0.22439E-02   0.26255E-02   0.27830E-02
 6108.64   0.22207E-02   0.26054E-02   0.27617E-02
 6122.25   0.22005E-02   0.25890E-02   0.27443E-02
 6135.85   0.21776E-02   0.25692E-02   0.27232E-02
 6149.46   0.21553E-02   0.25501E-02   0.27029E-02
 6163.06   0.21334E-02   0.25313E-02   0.26829E-02
 6176.67   0.21118E-02   0.25127E-02   0.26631E-02
 6190.27   0.20904E-02   0.24943E-02   0.26435E-02
 6203.88   0.20692E-02   0.24760E-02   0.26240E-02
 6217.48   0.20481E-02   0.24578E-02   0.26045E-02
 6231.09   0.20271E-02   0.24394E-02   0.25849E-02
 6244.69   0.20058E-02   0.24206E-02   0.25648E-02
 6258.30   0.19850E-02   0.24024E-02   0.25453E-02
 6271.90   0.19677E-02   0.23886E-02   0.25305E-02
 6285.51   0.19470E-02   0.23703E-02   0.25109E-02
 6299.11   0.19271E-02   0.23529E-02   0.24922E-02
 6312.72   0.19076E-02   0.23358E-02   0.24739E-02
 6326.32   0.18884E-02   0.23191E-02   0.24560E-02
 6339.93   0.18695E-02   0.23026E-02   0.24382E-02
 6353.53   0.18507E-02   0.22863E-02   0.24207E-02
 6367.14   0.18322E-02   0.22701E-02   0.24033E-02
 6380.74   0.18137E-02   0.22539E-02   0.23858E-02
 6394.35   0.17952E-02   0.22374E-02   0.23681E-02
 6407.95   0.17768E-02   0.22211E-02   0.23505E-02
 6421.56   0.17616E-02   0.22090E-02   0.23373E-02
 6435.16   0.17429E-02   0.21920E-02   0.23190E-02
 6448.77   0.17252E-02   0.21761E-02   0.23018E-02
 6462.37   0.17077E-02   0.21606E-02   0.22851E-02
 6475.98   0.16906E-02   0.21454E-02   0.22686E-02
 6489.58   0.16737E-02   0.21305E-02   0.22524E-02
 6503.19   0.16571E-02   0.21158E-02   0.22365E-02
 6516.79   0.16407E-02   0.21013E-02   0.22207E-02
 6530.40   0.16245E-02   0.20869E-02   0.22051E-02
 6544.00   0.16083E-02   0.20725E-02   0.21895E-02
 6557.61   0.15919E-02   0.20577E-02   0.21734E-02
 6571.21   0.15755E-02   0.20426E-02   0.21570E-02
 6584.82   0.15620E-02   0.20315E-02   0.21449E-02
 6598.42   0.15463E-02   0.20172E-02   0.21293E-02
 6612.03   0.15308E-02   0.20032E-02   0.21140E-02
 6625.63   0.15155E-02   0.19894E-02   0.20990E-02
 6639.24   0.15005E-02   0.19757E-02   0.20841E-02
 6652.84   0.14857E-02   0.19623E-02   0.20694E-02
 6666.45   0.14711E-02   0.19491E-02   0.20550E-02
 6680.05   0.14567E-02   0.19361E-02   0.20408E-02
 6693.66   0.14425E-02   0.19233E-02   0.20268E-02
 6707.26   0.14284E-02   0.19106E-02   0.20128E-02
 6720.87   0.14144E-02   0.18979E-02   0.19989E-02
 6734.47   0.14015E-02   0.18863E-02   0.19861E-02
 6748.08   0.13876E-02   0.18736E-02   0.19722E-02
 6761.68   0.13740E-02   0.18611E-02   0.19585E-02
 6775.29   0.13605E-02   0.18487E-02   0.19449E-02
 6788.89   0.13472E-02   0.18364E-02   0.19313E-02
 6802.50   0.13340E-02   0.18242E-02   0.19179E-02
 6816.10   0.13210E-02   0.18121E-02   0.19046E-02
 6829.71   0.13081E-02   0.18002E-02   0.18915E-02
 6843.31   0.12955E-02   0.17885E-02   0.18786E-02
 6856.92   0.12830E-02   0.17769E-02   0.18658E-02
 6870.52   0.12706E-02   0.17656E-02   0.18533E-02
 6884.13   0.12585E-02   0.17544E-02   0.18409E-02
 6897.73   0.12468E-02   0.17434E-02   0.18288E-02
 6911.34   0.12349E-02   0.17324E-02   0.18165E-02
 6924.94   0.12231E-02   0.17214E-02   0.18044E-02
 6938.55   0.12114E-02   0.17104E-02   0.17922E-02
 6952.15   0.11998E-02   0.16994E-02   0.17800E-02
 6965.76   0.11882E-02   0.16885E-02   0.17679E-02
 6979.36   0.11768E-02   0.16776E-02   0.17558E-02
 6992.97   0.11655E-02   0.16668E-02   0.17438E-02
 7006.57   0.11543E-02   0.16561E-02   0.17320E-02
 7020.18   0.11433E-02   0.16456E-02   0.17203E-02
 7033.78   0.11323E-02   0.16351E-02   0.17086E-02
 7047.39   0.11217E-02   0.16252E-02   0.16976E-02
 7060.99   0.11117E-02   0.16157E-02   0.16869E-02
 7074.60   0.11013E-02   0.16057E-02   0.16758E-02
 7088.20   0.10910E-02   0.15959E-02   0.16649E-02
 7101.81   0.10808E-02   0.15861E-02   0.16539E-02
 7115.41   0.10707E-02   0.15763E-02   0.16430E-02
 7129.02   0.10606E-02   0.15666E-02   0.16321E-02
 7142.62   0.10506E-02   0.15568E-02   0.16212E-02
 7156.23   0.10407E-02   0.15471E-02   0.16103E-02
 7169.83   0.10309E-02   0.15373E-02   0.15995E-02
 7183.44   0.10211E-02   0.15276E-02   0.15886E-02
 7197.04   0.10112E-02   0.15176E-02   0.15775E-02
 7210.65   0.10019E-02   0.15086E-02   0.15674E-02
 7224.25   0.99379E-03   0.15011E-02   0.15589E-02
 7237.86   0.98447E-03   0.14919E-02   0.15485E-02
 7251.46   0.97542E-03   0.14829E-02   0.15384E-02
 7265.07   0.96652E-03   0.14741E-02   0.15286E-02
 7278.67   0.95772E-03   0.14654E-02   0.15188E-02
 7292.28   0.94899E-03   0.14567E-02   0.15090E-02
 7305.88   0.94032E-03   0.14480E-02   0.14992E-02
 7319.49   0.93169E-03   0.14393E-02   0.14894E-02
 7333.09   0.92308E-03   0.14305E-02   0.14795E-02
 7346.70   0.91447E-03   0.14216E-02   0.14695E-02
 7360.30   0.90561E-03   0.14122E-02   0.14590E-02
 7373.91   0.89739E-03   0.14038E-02   0.14496E-02
 7387.51   0.89095E-03   0.13983E-02   0.14431E-02
 7401.12   0.88255E-03   0.13895E-02   0.14332E-02
 7414.72   0.87454E-03   0.13812E-02   0.14238E-02
 7428.33   0.86671E-03   0.13731E-02   0.14147E-02
 7441.93   0.85902E-03   0.13652E-02   0.14058E-02
 7455.54   0.85143E-03   0.13574E-02   0.13969E-02
 7469.14   0.84392E-03   0.13497E-02   0.13882E-02
 7482.75   0.83645E-03   0.13419E-02   0.13794E-02
 7496.35   0.82901E-03   0.13341E-02   0.13705E-02
 7509.96   0.82155E-03   0.13262E-02   0.13615E-02
 7523.56   0.81391E-03   0.13178E-02   0.13521E-02
 7537.17   0.80664E-03   0.13100E-02   0.13433E-02
 7550.77   0.80145E-03   0.13059E-02   0.13382E-02
 7564.38   0.79380E-03   0.12972E-02   0.13286E-02
 7577.98   0.78667E-03   0.12894E-02   0.13198E-02
 7591.59   0.77976E-03   0.12819E-02   0.13113E-02
 7605.19   0.77299E-03   0.12746E-02   0.13030E-02
 7618.80   0.76635E-03   0.12675E-02   0.12949E-02
 7632.40   0.75982E-03   0.12605E-02   0.12869E-02
 7646.01   0.75336E-03   0.12536E-02   0.12790E-02
 7659.61   0.74696E-03   0.12466E-02   0.12711E-02
 7673.22   0.74058E-03   0.12396E-02   0.12632E-02
 7686.82   0.73413E-03   0.12325E-02   0.12550E-02
 7700.43   0.72704E-03   0.12240E-02   0.12456E-02
 7714.03   0.72385E-03   0.12225E-02   0.12432E-02
 7727.64   0.71658E-03   0.12136E-02   0.12334E-02
 7741.24   0.71030E-03   0.12064E-02   0.12252E-02
 7754.85   0.70421E-03   0.11995E-02   0.12173E-02
 7768.45   0.69825E-03   0.11927E-02   0.12096E-02
 7782.06   0.69241E-03   0.11860E-02   0.12020E-02
 7795.66   0.68668E-03   0.11796E-02   0.11946E-02
 7809.27   0.68105E-03   0.11732E-02   0.11874E-02
 7822.87   0.67552E-03   0.11669E-02   0.11802E-02
 7836.48   0.67005E-03   0.11607E-02   0.11731E-02
 7850.08   0.66462E-03   0.11545E-02   0.11660E-02
 7863.69   0.65911E-03   0.11481E-02   0.11587E-02
 7877.29   0.65366E-03   0.11417E-02   0.11514E-02
 7890.90   0.64941E-03   0.11373E-02   0.11461E-02
 7904.50   0.64395E-03   0.11308E-02   0.11387E-02
 7918.11   0.63869E-03   0.11245E-02   0.11315E-02
 7931.71   0.63351E-03   0.11183E-02   0.11245E-02
 7945.32   0.62840E-03   0.11122E-02   0.11175E-02
 7958.92   0.62337E-03   0.11061E-02   0.11106E-02
 7972.53   0.61844E-03   0.11002E-02   0.11038E-02
 7986.13   0.61360E-03   0.10943E-02   0.10971E-02
 7999.74   0.60885E-03   0.10886E-02   0.10905E-02
 8013.34   0.60418E-03   0.10830E-02   0.10841E-02
 8026.95   0.59958E-03   0.10775E-02   0.10777E-02
 8040.55   0.59494E-03   0.10719E-02   0.10713E-02
 8054.16   0.59034E-03   0.10662E-02   0.10647E-02
 8067.76   0.58638E-03   0.10614E-02   0.10592E-02
 8081.37   0.58192E-03   0.10559E-02   0.10528E-02
 8094.97   0.57752E-03   0.10504E-02   0.10465E-02
 8108.58   0.57314E-03   0.10449E-02   0.10402E-02
 8122.18   0.56881E-03   0.10393E-02   0.10338E-02
 8135.79   0.56452E-03   0.10338E-02   0.10275E-02
 8149.39   0.56029E-03   0.10284E-02   0.10213E-02
 8163.00   0.55613E-03   0.10230E-02   0.10151E-02
 8176.60   0.55204E-03   0.10177E-02   0.10091E-02
 8190.21   0.54804E-03   0.10125E-02   0.10031E-02
 8203.81   0.54411E-03   0.10074E-02   0.99727E-03
 8217.42   0.54017E-03   0.10024E-02   0.99143E-03
 8231.02   0.53673E-03   0.99771E-03   0.98605E-03
 8244.63   0.53291E-03   0.99277E-03   0.98033E-03
 8258.23   0.52920E-03   0.98789E-03   0.97470E-03
 8271.84   0.52553E-03   0.98301E-03   0.96907E-03
 8285.44   0.52189E-03   0.97810E-03   0.96341E-03
 8299.05   0.51825E-03   0.97315E-03   0.95773E-03
 8312.65   0.51464E-03   0.96818E-03   0.95203E-03
 8326.26   0.51106E-03   0.96319E-03   0.94633E-03
 8339.86   0.50751E-03   0.95823E-03   0.94065E-03
 8353.47   0.50401E-03   0.95330E-03   0.93502E-03
 8367.07   0.50056E-03   0.94842E-03   0.92944E-03
 8380.68   0.49714E-03   0.94356E-03   0.92388E-03
 8394.28   0.49350E-03   0.93828E-03   0.91790E-03
 8407.89   0.49130E-03   0.93549E-03   0.91442E-03
 8421.49   0.48789E-03   0.93052E-03   0.90875E-03
 8435.10   0.48475E-03   0.92601E-03   0.90355E-03
 8448.70   0.48169E-03   0.92159E-03   0.89845E-03
 8462.31   0.47868E-03   0.91719E-03   0.89337E-03
 8475.91   0.47568E-03   0.91278E-03   0.88828E-03
 8489.52   0.47269E-03   0.90833E-03   0.88317E-03
 8503.12   0.46972E-03   0.90384E-03   0.87802E-03
 8516.73   0.46675E-03   0.89930E-03   0.87285E-03
 8530.33   0.46379E-03   0.89474E-03   0.86765E-03
 8543.94   0.46084E-03   0.89015E-03   0.86242E-03
 8557.54   0.45786E-03   0.88544E-03   0.85710E-03
 8571.15   0.45440E-03   0.87974E-03   0.85083E-03
 8584.75   0.45387E-03   0.87977E-03   0.85006E-03
 8598.36   0.45045E-03   0.87405E-03   0.84378E-03
 8611.96   0.44772E-03   0.86966E-03   0.83878E-03
 8625.57   0.44515E-03   0.86552E-03   0.83402E-03
 8639.17   0.44265E-03   0.86148E-03   0.82937E-03
 8652.78   0.44019E-03   0.85749E-03   0.82477E-03
 8666.38   0.43777E-03   0.85350E-03   0.82018E-03
 8679.99   0.43536E-03   0.84949E-03   0.81557E-03
 8693.59   0.43295E-03   0.84543E-03   0.81093E-03
 8707.20   0.43053E-03   0.84131E-03   0.80623E-03
 8720.80   0.42809E-03   0.83709E-03   0.80145E-03
 8734.41   0.42557E-03   0.83268E-03   0.79649E-03
 8748.01   0.42264E-03   0.82738E-03   0.79071E-03
 8761.62   0.42059E-03   0.82380E-03   0.78655E-03
 8775.22   0.41983E-03   0.82276E-03   0.78480E-03
 8788.83   0.41739E-03   0.81833E-03   0.77984E-03
 8802.43   0.41519E-03   0.81431E-03   0.77529E-03
 8816.04   0.41309E-03   0.81048E-03   0.77092E-03
 8829.64   0.41108E-03   0.80676E-03   0.76665E-03
 8843.25   0.40912E-03   0.80311E-03   0.76246E-03
 8856.85   0.40721E-03   0.79949E-03   0.75831E-03
 8870.46   0.40531E-03   0.79587E-03   0.75416E-03
 8884.06   0.40341E-03   0.79221E-03   0.74998E-03
 8897.67   0.40149E-03   0.78847E-03   0.74573E-03
 8911.27   0.39952E-03   0.78457E-03   0.74133E-03
 8924.88   0.39731E-03   0.78016E-03   0.73647E-03
 8938.48   0.39550E-03   0.77650E-03   0.73232E-03
 8952.09   0.39531E-03   0.77602E-03   0.73113E-03
 8965.69   0.39306E-03   0.77142E-03   0.72612E-03
 8979.30   0.39118E-03   0.76750E-03   0.72175E-03
 8992.90   0.38943E-03   0.76380E-03   0.71758E-03
 9006.51   0.38776E-03   0.76023E-03   0.71354E-03
 9020.11   0.38617E-03   0.75677E-03   0.70961E-03
 9033.72   0.38465E-03   0.75340E-03   0.70577E-03
 9047.32   0.38317E-03   0.75009E-03   0.70198E-03
 9060.93   0.38172E-03   0.74680E-03   0.69823E-03
 9074.53   0.38029E-03   0.74351E-03   0.69447E-03
 9088.14   0.37885E-03   0.74015E-03   0.69066E-03
 9101.74   0.37732E-03   0.73659E-03   0.68667E-03
 9115.35   0.37524E-03   0.73191E-03   0.68165E-03
 9128.95   0.37634E-03   0.73341E-03   0.68236E-03
 9142.56   0.37402E-03   0.72818E-03   0.67685E-03
 9156.16   0.37248E-03   0.72446E-03   0.67275E-03
 9169.77   0.37107E-03   0.72095E-03   0.66884E-03
 9183.37   0.36973E-03   0.71754E-03   0.66503E-03
 9196.98   0.36844E-03   0.71421E-03   0.66130E-03
 9210.58   0.36722E-03   0.71097E-03   0.65766E-03
 9224.19   0.36606E-03   0.70781E-03   0.65410E-03
 9237.79   0.36496E-03   0.70473E-03   0.65062E-03
 9251.40   0.36391E-03   0.70172E-03   0.64719E-03
 9265.00   0.36289E-03   0.69873E-03   0.64380E-03
 9278.61   0.36188E-03   0.69573E-03   0.64040E-03
 9292.21   0.36082E-03   0.69259E-03   0.63689E-03
 9305.82   0.35977E-03   0.68945E-03   0.63338E-03
 9319.42   0.35952E-03   0.68781E-03   0.63126E-03
 9333.03   0.35838E-03   0.68443E-03   0.62754E-03
 9346.63   0.35737E-03   0.68127E-03   0.62403E-03
 9360.24   0.35639E-03   0.67814E-03   0.62055E-03
 9373.84   0.35543E-03   0.67502E-03   0.61710E-03
 9387.45   0.35451E-03   0.67193E-03   0.61367E-03
 9401.05   0.35362E-03   0.66888E-03   0.61029E-03
 9414.66   0.35277E-03   0.66590E-03   0.60697E-03
 9428.26   0.35199E-03   0.66299E-03   0.60373E-03
 9441.87   0.35126E-03   0.66015E-03   0.60055E-03
 9455.47   0.35058E-03   0.65738E-03   0.59744E-03
 9469.08   0.34994E-03   0.65465E-03   0.59437E-03
 9482.68   0.34933E-03   0.65193E-03   0.59131E-03
 9496.29   0.34870E-03   0.64916E-03   0.58822E-03
 9509.89   0.34827E-03   0.64680E-03   0.58554E-03
 9523.50   0.34770E-03   0.64408E-03   0.58248E-03
 9537.10   0.34713E-03   0.64134E-03   0.57943E-03
 9550.71   0.34655E-03   0.63856E-03   0.57636E-03
 9564.31   0.34597E-03   0.63575E-03   0.57326E-03
 9577.92   0.34538E-03   0.63292E-03   0.57015E-03
 9591.52   0.34481E-03   0.63009E-03   0.56704E-03
 9605.13   0.34426E-03   0.62727E-03   0.56395E-03
 9618.73   0.34374E-03   0.62448E-03   0.56091E-03
 9632.34   0.34327E-03   0.62176E-03   0.55791E-03
 9645.94   0.34285E-03   0.61909E-03   0.55498E-03
 9659.55   0.34247E-03   0.61649E-03   0.55210E-03
 9673.15   0.34213E-03   0.61389E-03   0.54922E-03
 9686.76   0.34195E-03   0.61160E-03   0.54663E-03
 9700.36   0.34170E-03   0.60921E-03   0.54400E-03
 9713.97   0.34147E-03   0.60674E-03   0.54126E-03
 9727.57   0.34125E-03   0.60429E-03   0.53854E-03
 9741.18   0.34103E-03   0.60182E-03   0.53581E-03
 9754.78   0.34079E-03   0.59931E-03   0.53306E-03
 9768.39   0.34055E-03   0.59676E-03   0.53027E-03
 9781.99   0.34029E-03   0.59416E-03   0.52746E-03
 9795.60   0.34003E-03   0.59154E-03   0.52463E-03
 9809.20   0.33977E-03   0.58891E-03   0.52179E-03
 9822.81   0.33953E-03   0.58628E-03   0.51896E-03
 9836.41   0.33930E-03   0.58366E-03   0.51615E-03
 9850.02   0.33908E-03   0.58104E-03   0.51333E-03
 9863.62   0.33876E-03   0.57822E-03   0.51035E-03
 9877.23   0.33900E-03   0.57632E-03   0.50818E-03
 9890.83   0.33939E-03   0.57471E-03   0.50628E-03
 9904.44   0.33929E-03   0.57220E-03   0.50358E-03
 9918.04   0.33931E-03   0.56987E-03   0.50105E-03
 9931.65   0.33937E-03   0.56760E-03   0.49857E-03
 9945.25   0.33944E-03   0.56533E-03   0.49610E-03
 9958.86   0.33951E-03   0.56304E-03   0.49361E-03
 9972.46   0.33957E-03   0.56071E-03   0.49110E-03
 9986.07   0.33961E-03   0.55834E-03   0.48856E-03
 9999.67   0.33963E-03   0.55591E-03   0.48598E-03
