  884.32   0.36869E-01   0.39003E-01   0.37667E-01
  897.93   0.36410E-01   0.38522E-01   0.37196E-01
  911.53   0.35965E-01   0.38053E-01   0.36739E-01
  925.14   0.35527E-01   0.37593E-01   0.36288E-01
  938.74   0.35097E-01   0.37140E-01   0.35845E-01
  952.35   0.34676E-01   0.36696E-01   0.35411E-01
  965.95   0.34261E-01   0.36258E-01   0.34983E-01
  979.56   0.33855E-01   0.35830E-01   0.34564E-01
  993.16   0.33457E-01   0.35410E-01   0.34153E-01
 1006.77   0.33065E-01   0.34995E-01   0.33747E-01
 1020.37   0.32680E-01   0.34587E-01   0.33348E-01
 1033.98   0.32301E-01   0.34186E-01   0.32955E-01
 1047.58   0.31930E-01   0.33792E-01   0.32570E-01
 1061.19   0.31565E-01   0.33405E-01   0.32191E-01
 1074.79   0.31206E-01   0.33023E-01   0.31818E-01
 1088.40   0.30851E-01   0.32647E-01   0.31449E-01
 1102.00   0.30504E-01   0.32277E-01   0.31088E-01
 1115.61   0.30164E-01   0.31915E-01   0.30733E-01
 1129.21   0.29830E-01   0.31559E-01   0.30385E-01
 1142.82   0.29500E-01   0.31206E-01   0.30040E-01
 1156.42   0.29178E-01   0.30863E-01   0.29704E-01
 1170.03   0.28861E-01   0.30524E-01   0.29372E-01
 1183.63   0.28549E-01   0.30191E-01   0.29046E-01
 1197.24   0.28244E-01   0.29864E-01   0.28726E-01
 1210.84   0.27941E-01   0.29540E-01   0.28408E-01
 1224.45   0.27646E-01   0.29223E-01   0.28099E-01
 1238.05   0.27355E-01   0.28911E-01   0.27793E-01
 1251.66   0.27068E-01   0.28603E-01   0.27491E-01
 1265.26   0.26786E-01   0.28300E-01   0.27195E-01
 1278.87   0.26507E-01   0.27999E-01   0.26901E-01
 1292.47   0.26235E-01   0.27706E-01   0.26614E-01
 1306.08   0.25966E-01   0.27416E-01   0.26331E-01
 1319.68   0.25702E-01   0.27131E-01   0.26051E-01
 1333.29   0.25441E-01   0.26850E-01   0.25776E-01
 1346.89   0.25184E-01   0.26572E-01   0.25504E-01
 1360.50   0.24933E-01   0.26300E-01   0.25238E-01
 1374.10   0.24685E-01   0.26032E-01   0.24976E-01
 1387.71   0.24442E-01   0.25768E-01   0.24718E-01
 1401.31   0.24201E-01   0.25507E-01   0.24463E-01
 1414.92   0.23965E-01   0.25251E-01   0.24213E-01
 1428.52   0.23733E-01   0.24998E-01   0.23965E-01
 1442.13   0.23504E-01   0.24749E-01   0.23722E-01
 1455.73   0.23279E-01   0.24505E-01   0.23483E-01
 1469.34   0.23057E-01   0.24263E-01   0.23247E-01
 1482.94   0.22839E-01   0.24025E-01   0.23014E-01
 1496.55   0.22623E-01   0.23790E-01   0.22785E-01
 1510.15   0.22411E-01   0.23558E-01   0.22558E-01
 1523.76   0.22202E-01   0.23329E-01   0.22335E-01
 1537.36   0.21996E-01   0.23104E-01   0.22115E-01
 1550.97   0.21794E-01   0.22882E-01   0.21899E-01
 1564.57   0.21594E-01   0.22663E-01   0.21685E-01
 1578.18   0.21396E-01   0.22447E-01   0.21473E-01
 1591.78   0.21202E-01   0.22234E-01   0.21265E-01
 1605.39   0.21011E-01   0.22023E-01   0.21060E-01
 1618.99   0.20823E-01   0.21816E-01   0.20858E-01
 1632.60   0.20637E-01   0.21612E-01   0.20660E-01
 1646.20   0.20454E-01   0.21410E-01   0.20462E-01
 1659.81   0.20274E-01   0.21212E-01   0.20269E-01
 1673.41   0.20096E-01   0.21016E-01   0.20078E-01
 1687.02   0.19921E-01   0.20822E-01   0.19889E-01
 1700.62   0.19749E-01   0.20632E-01   0.19704E-01
 1714.23   0.19579E-01   0.20444E-01   0.19521E-01
 1727.83   0.19410E-01   0.20258E-01   0.19339E-01
 1741.44   0.19245E-01   0.20075E-01   0.19161E-01
 1755.04   0.19082E-01   0.19894E-01   0.18985E-01
 1768.65   0.18921E-01   0.19715E-01   0.18811E-01
 1782.25   0.18763E-01   0.19539E-01   0.18640E-01
 1795.86   0.18606E-01   0.19365E-01   0.18471E-01
 1809.46   0.18451E-01   0.19193E-01   0.18303E-01
 1823.07   0.18299E-01   0.19023E-01   0.18138E-01
 1836.67   0.18149E-01   0.18856E-01   0.17975E-01
 1850.28   0.18000E-01   0.18690E-01   0.17814E-01
 1863.88   0.17854E-01   0.18527E-01   0.17656E-01
 1877.49   0.17709E-01   0.18366E-01   0.17499E-01
 1891.09   0.17567E-01   0.18206E-01   0.17344E-01
 1904.70   0.17426E-01   0.18049E-01   0.17191E-01
 1918.30   0.17288E-01   0.17894E-01   0.17041E-01
 1931.91   0.17151E-01   0.17740E-01   0.16892E-01
 1945.51   0.17016E-01   0.17589E-01   0.16745E-01
 1959.12   0.16882E-01   0.17439E-01   0.16600E-01
 1972.72   0.16751E-01   0.17292E-01   0.16457E-01
 1986.33   0.16621E-01   0.17146E-01   0.16315E-01
 1999.93   0.16493E-01   0.17002E-01   0.16176E-01
 2013.54   0.16366E-01   0.16859E-01   0.16038E-01
 2027.14   0.16241E-01   0.16719E-01   0.15902E-01
 2040.75   0.16118E-01   0.16580E-01   0.15767E-01
 2054.35   0.15996E-01   0.16442E-01   0.15634E-01
 2067.96   0.15876E-01   0.16307E-01   0.15503E-01
 2081.56   0.15757E-01   0.16172E-01   0.15373E-01
 2095.17   0.15640E-01   0.16040E-01   0.15245E-01
 2108.77   0.15524E-01   0.15909E-01   0.15118E-01
 2122.38   0.15409E-01   0.15779E-01   0.14993E-01
 2135.98   0.15296E-01   0.15651E-01   0.14869E-01
 2149.59   0.15185E-01   0.15524E-01   0.14747E-01
 2163.19   0.15074E-01   0.15399E-01   0.14626E-01
 2176.80   0.14965E-01   0.15275E-01   0.14506E-01
 2190.40   0.14857E-01   0.15153E-01   0.14388E-01
 2204.01   0.14751E-01   0.15032E-01   0.14271E-01
 2217.61   0.14646E-01   0.14913E-01   0.14156E-01
 2231.22   0.14542E-01   0.14794E-01   0.14042E-01
 2244.82   0.14439E-01   0.14678E-01   0.13930E-01
 2258.43   0.14338E-01   0.14562E-01   0.13818E-01
 2272.03   0.14238E-01   0.14448E-01   0.13708E-01
 2285.64   0.14139E-01   0.14335E-01   0.13600E-01
 2299.24   0.14041E-01   0.14223E-01   0.13492E-01
 2312.85   0.13944E-01   0.14113E-01   0.13386E-01
 2326.45   0.13848E-01   0.14003E-01   0.13280E-01
 2340.06   0.13754E-01   0.13896E-01   0.13177E-01
 2353.66   0.13660E-01   0.13789E-01   0.13074E-01
 2367.27   0.13568E-01   0.13683E-01   0.12973E-01
 2380.87   0.13477E-01   0.13578E-01   0.12872E-01
 2394.48   0.13386E-01   0.13475E-01   0.12773E-01
 2408.08   0.13297E-01   0.13373E-01   0.12675E-01
 2421.69   0.13208E-01   0.13271E-01   0.12577E-01
 2435.29   0.13121E-01   0.13171E-01   0.12481E-01
 2448.90   0.13035E-01   0.13072E-01   0.12386E-01
 2462.50   0.12949E-01   0.12974E-01   0.12292E-01
 2476.11   0.12865E-01   0.12877E-01   0.12199E-01
 2489.71   0.12781E-01   0.12781E-01   0.12107E-01
 2503.32   0.12699E-01   0.12686E-01   0.12016E-01
 2516.92   0.12617E-01   0.12591E-01   0.11926E-01
 2530.53   0.12536E-01   0.12499E-01   0.11837E-01
 2544.13   0.12456E-01   0.12407E-01   0.11749E-01
 2557.74   0.12377E-01   0.12315E-01   0.11662E-01
 2571.34   0.12298E-01   0.12225E-01   0.11575E-01
 2584.95   0.12221E-01   0.12136E-01   0.11490E-01
 2598.55   0.12144E-01   0.12047E-01   0.11406E-01
 2612.16   0.12069E-01   0.11960E-01   0.11322E-01
 2625.76   0.11994E-01   0.11873E-01   0.11240E-01
 2639.37   0.11920E-01   0.11788E-01   0.11158E-01
 2652.97   0.11846E-01   0.11703E-01   0.11077E-01
 2666.58   0.11773E-01   0.11619E-01   0.10997E-01
 2680.18   0.11701E-01   0.11536E-01   0.10917E-01
 2693.79   0.11630E-01   0.11453E-01   0.10839E-01
 2707.39   0.11559E-01   0.11372E-01   0.10761E-01
 2721.00   0.11490E-01   0.11291E-01   0.10685E-01
 2734.60   0.11421E-01   0.11211E-01   0.10609E-01
 2748.21   0.11352E-01   0.11132E-01   0.10533E-01
 2761.81   0.11285E-01   0.11054E-01   0.10459E-01
 2775.42   0.11218E-01   0.10976E-01   0.10385E-01
 2789.02   0.11151E-01   0.10899E-01   0.10312E-01
 2802.63   0.11085E-01   0.10823E-01   0.10239E-01
 2816.23   0.11020E-01   0.10747E-01   0.10167E-01
 2829.84   0.10956E-01   0.10673E-01   0.10097E-01
 2843.44   0.10892E-01   0.10599E-01   0.10027E-01
 2857.05   0.10829E-01   0.10526E-01   0.99574E-02
 2870.65   0.10766E-01   0.10453E-01   0.98886E-02
 2884.26   0.10704E-01   0.10381E-01   0.98204E-02
 2897.86   0.10643E-01   0.10310E-01   0.97528E-02
 2911.47   0.10581E-01   0.10239E-01   0.96852E-02
 2925.07   0.10523E-01   0.10170E-01   0.96207E-02
 2938.68   0.10462E-01   0.10101E-01   0.95547E-02
 2952.28   0.10403E-01   0.10032E-01   0.94898E-02
 2965.89   0.10345E-01   0.99642E-02   0.94256E-02
 2979.49   0.10287E-01   0.98971E-02   0.93621E-02
 2993.10   0.10229E-01   0.98304E-02   0.92991E-02
 3006.70   0.10172E-01   0.97641E-02   0.92365E-02
 3020.31   0.10115E-01   0.96980E-02   0.91741E-02
 3033.91   0.10061E-01   0.96347E-02   0.91144E-02
 3047.52   0.10005E-01   0.95700E-02   0.90533E-02
 3061.12   0.99500E-02   0.95062E-02   0.89932E-02
 3074.73   0.98956E-02   0.94431E-02   0.89337E-02
 3088.33   0.98418E-02   0.93807E-02   0.88749E-02
 3101.94   0.97885E-02   0.93188E-02   0.88166E-02
 3115.54   0.97354E-02   0.92573E-02   0.87586E-02
 3129.15   0.96821E-02   0.91957E-02   0.87006E-02
 3142.75   0.96318E-02   0.91370E-02   0.86454E-02
 3156.36   0.95798E-02   0.90768E-02   0.85888E-02
 3169.96   0.95284E-02   0.90173E-02   0.85328E-02
 3183.57   0.94777E-02   0.89585E-02   0.84776E-02
 3197.17   0.94275E-02   0.89003E-02   0.84229E-02
 3210.78   0.93778E-02   0.88428E-02   0.83688E-02
 3224.38   0.93285E-02   0.87857E-02   0.83152E-02
 3237.99   0.92793E-02   0.87287E-02   0.82618E-02
 3251.59   0.92317E-02   0.86734E-02   0.82099E-02
 3265.20   0.91834E-02   0.86175E-02   0.81575E-02
 3278.80   0.91355E-02   0.85621E-02   0.81056E-02
 3292.41   0.90880E-02   0.85072E-02   0.80541E-02
 3306.01   0.90410E-02   0.84529E-02   0.80032E-02
 3319.62   0.89946E-02   0.83991E-02   0.79529E-02
 3333.22   0.89486E-02   0.83460E-02   0.79031E-02
 3346.83   0.89030E-02   0.82932E-02   0.78538E-02
 3360.43   0.88579E-02   0.82411E-02   0.78050E-02
 3374.04   0.88130E-02   0.81892E-02   0.77565E-02
 3387.64   0.87684E-02   0.81377E-02   0.77083E-02
 3401.25   0.87240E-02   0.80865E-02   0.76605E-02
 3414.85   0.86799E-02   0.80356E-02   0.76130E-02
 3428.46   0.86361E-02   0.79853E-02   0.75660E-02
 3442.06   0.85929E-02   0.79354E-02   0.75194E-02
 3455.67   0.85500E-02   0.78860E-02   0.74734E-02
 3469.27   0.85079E-02   0.78375E-02   0.74281E-02
 3482.88   0.84658E-02   0.77890E-02   0.73829E-02
 3496.48   0.84241E-02   0.77410E-02   0.73381E-02
 3510.09   0.83826E-02   0.76932E-02   0.72937E-02
 3523.69   0.83413E-02   0.76458E-02   0.72495E-02
 3537.30   0.83001E-02   0.75986E-02   0.72055E-02
 3550.90   0.82593E-02   0.75517E-02   0.71619E-02
 3564.51   0.82186E-02   0.75052E-02   0.71186E-02
 3578.11   0.81783E-02   0.74590E-02   0.70757E-02
 3591.72   0.81398E-02   0.74147E-02   0.70345E-02
 3605.32   0.81005E-02   0.73696E-02   0.69926E-02
 3618.93   0.80615E-02   0.73250E-02   0.69512E-02
 3632.53   0.80228E-02   0.72807E-02   0.69101E-02
 3646.14   0.79843E-02   0.72367E-02   0.68692E-02
 3659.74   0.79459E-02   0.71929E-02   0.68285E-02
 3673.35   0.79075E-02   0.71492E-02   0.67879E-02
 3686.95   0.78684E-02   0.71049E-02   0.67468E-02
 3700.56   0.78342E-02   0.70652E-02   0.67101E-02
 3714.16   0.77961E-02   0.70220E-02   0.66701E-02
 3727.77   0.77591E-02   0.69800E-02   0.66311E-02
 3741.37   0.77227E-02   0.69385E-02   0.65927E-02
 3754.98   0.76865E-02   0.68974E-02   0.65546E-02
 3768.58   0.76505E-02   0.68565E-02   0.65168E-02
 3782.19   0.76145E-02   0.68157E-02   0.64791E-02
 3795.79   0.75784E-02   0.67749E-02   0.64414E-02
 3809.40   0.75421E-02   0.67340E-02   0.64035E-02
 3823.00   0.75098E-02   0.66969E-02   0.63692E-02
 3836.61   0.74742E-02   0.66568E-02   0.63321E-02
 3850.21   0.74393E-02   0.66175E-02   0.62959E-02
 3863.82   0.74050E-02   0.65787E-02   0.62601E-02
 3877.42   0.73710E-02   0.65404E-02   0.62247E-02
 3891.03   0.73373E-02   0.65024E-02   0.61896E-02
 3904.63   0.73036E-02   0.64645E-02   0.61547E-02
 3918.24   0.72698E-02   0.64266E-02   0.61197E-02
 3931.84   0.72351E-02   0.63880E-02   0.60841E-02
 3945.45   0.72052E-02   0.63537E-02   0.60525E-02
 3959.05   0.71717E-02   0.63164E-02   0.60181E-02
 3972.66   0.71388E-02   0.62796E-02   0.59843E-02
 3986.26   0.71063E-02   0.62433E-02   0.59509E-02
 3999.87   0.70742E-02   0.62075E-02   0.59178E-02
 4013.47   0.70425E-02   0.61720E-02   0.58852E-02
 4027.08   0.70109E-02   0.61368E-02   0.58528E-02
 4040.68   0.69794E-02   0.61017E-02   0.58205E-02
 4054.29   0.69471E-02   0.60660E-02   0.57877E-02
 4067.89   0.69181E-02   0.60333E-02   0.57577E-02
 4081.50   0.68868E-02   0.59986E-02   0.57259E-02
 4095.10   0.68558E-02   0.59643E-02   0.56943E-02
 4108.71   0.68250E-02   0.59303E-02   0.56631E-02
 4122.31   0.67945E-02   0.58967E-02   0.56322E-02
 4135.92   0.67644E-02   0.58634E-02   0.56016E-02
 4149.52   0.67346E-02   0.58305E-02   0.55715E-02
 4163.13   0.67050E-02   0.57979E-02   0.55416E-02
 4176.73   0.66755E-02   0.57654E-02   0.55118E-02
 4190.34   0.66467E-02   0.57336E-02   0.54827E-02
 4203.94   0.66175E-02   0.57016E-02   0.54533E-02
 4217.55   0.65884E-02   0.56697E-02   0.54241E-02
 4231.15   0.65593E-02   0.56379E-02   0.53949E-02
 4244.76   0.65303E-02   0.56063E-02   0.53660E-02
 4258.36   0.65016E-02   0.55750E-02   0.53373E-02
 4271.97   0.64732E-02   0.55440E-02   0.53090E-02
 4285.57   0.64450E-02   0.55134E-02   0.52809E-02
 4299.18   0.64173E-02   0.54832E-02   0.52533E-02
 4312.78   0.63897E-02   0.54532E-02   0.52259E-02
 4326.39   0.63622E-02   0.54234E-02   0.51986E-02
 4339.99   0.63349E-02   0.53937E-02   0.51715E-02
 4353.60   0.63075E-02   0.53641E-02   0.51445E-02
 4367.20   0.62801E-02   0.53346E-02   0.51175E-02
 4380.81   0.62528E-02   0.53052E-02   0.50907E-02
 4394.41   0.62256E-02   0.52760E-02   0.50640E-02
 4408.02   0.61985E-02   0.52470E-02   0.50375E-02
 4421.62   0.61714E-02   0.52180E-02   0.50110E-02
 4435.23   0.61471E-02   0.51915E-02   0.49869E-02
 4448.83   0.61200E-02   0.51627E-02   0.49606E-02
 4462.44   0.60939E-02   0.51349E-02   0.49352E-02
 4476.04   0.60681E-02   0.51073E-02   0.49101E-02
 4489.65   0.60423E-02   0.50798E-02   0.48850E-02
 4503.25   0.60165E-02   0.50524E-02   0.48600E-02
 4516.86   0.59907E-02   0.50251E-02   0.48351E-02
 4530.46   0.59648E-02   0.49978E-02   0.48102E-02
 4544.07   0.59387E-02   0.49704E-02   0.47852E-02
 4557.67   0.59130E-02   0.49433E-02   0.47606E-02
 4571.28   0.58905E-02   0.49191E-02   0.47386E-02
 4584.88   0.58649E-02   0.48923E-02   0.47142E-02
 4598.49   0.58401E-02   0.48663E-02   0.46905E-02
 4612.09   0.58156E-02   0.48405E-02   0.46671E-02
 4625.70   0.57913E-02   0.48150E-02   0.46438E-02
 4639.30   0.57669E-02   0.47896E-02   0.46207E-02
 4652.91   0.57425E-02   0.47641E-02   0.45975E-02
 4666.51   0.57179E-02   0.47386E-02   0.45743E-02
 4680.12   0.56925E-02   0.47125E-02   0.45505E-02
 4693.72   0.56662E-02   0.46857E-02   0.45261E-02
 4707.33   0.56476E-02   0.46654E-02   0.45078E-02
 4720.93   0.56232E-02   0.46403E-02   0.44850E-02
 4734.54   0.55995E-02   0.46158E-02   0.44628E-02
 4748.14   0.55761E-02   0.45917E-02   0.44409E-02
 4761.75   0.55529E-02   0.45679E-02   0.44192E-02
 4775.35   0.55299E-02   0.45442E-02   0.43977E-02
 4788.96   0.55068E-02   0.45206E-02   0.43763E-02
 4802.56   0.54835E-02   0.44969E-02   0.43547E-02
 4816.17   0.54589E-02   0.44721E-02   0.43322E-02
 4829.77   0.54425E-02   0.44541E-02   0.43161E-02
 4843.38   0.54168E-02   0.44286E-02   0.42928E-02
 4856.98   0.53935E-02   0.44051E-02   0.42715E-02
 4870.59   0.53707E-02   0.43821E-02   0.42506E-02
 4884.19   0.53483E-02   0.43595E-02   0.42300E-02
 4897.80   0.53261E-02   0.43371E-02   0.42098E-02
 4911.40   0.53042E-02   0.43150E-02   0.41897E-02
 4925.01   0.52824E-02   0.42931E-02   0.41698E-02
 4938.61   0.52605E-02   0.42711E-02   0.41499E-02
 4952.22   0.52376E-02   0.42484E-02   0.41293E-02
 4965.82   0.52198E-02   0.42299E-02   0.41128E-02
 4979.43   0.51967E-02   0.42072E-02   0.40921E-02
 4993.03   0.51747E-02   0.41854E-02   0.40723E-02
 5006.64   0.51528E-02   0.41638E-02   0.40527E-02
 5020.24   0.51313E-02   0.41425E-02   0.40334E-02
 5033.85   0.51099E-02   0.41214E-02   0.40143E-02
 5047.45   0.50888E-02   0.41006E-02   0.39954E-02
 5061.06   0.50680E-02   0.40801E-02   0.39768E-02
 5074.66   0.50473E-02   0.40597E-02   0.39584E-02
 5088.27   0.50265E-02   0.40393E-02   0.39400E-02
 5101.87   0.50072E-02   0.40202E-02   0.39227E-02
 5115.48   0.49862E-02   0.39998E-02   0.39042E-02
 5129.08   0.49655E-02   0.39796E-02   0.38860E-02
 5142.69   0.49448E-02   0.39596E-02   0.38678E-02
 5156.29   0.49242E-02   0.39396E-02   0.38497E-02
 5169.90   0.49036E-02   0.39197E-02   0.38317E-02
 5183.50   0.48832E-02   0.39001E-02   0.38139E-02
 5197.11   0.48630E-02   0.38806E-02   0.37963E-02
 5210.71   0.48431E-02   0.38615E-02   0.37790E-02
 5224.32   0.48235E-02   0.38426E-02   0.37619E-02
 5237.92   0.48040E-02   0.38239E-02   0.37450E-02
 5251.53   0.47845E-02   0.38052E-02   0.37281E-02
 5265.13   0.47651E-02   0.37867E-02   0.37113E-02
 5278.74   0.47456E-02   0.37681E-02   0.36946E-02
 5292.34   0.47260E-02   0.37495E-02   0.36777E-02
 5305.95   0.47063E-02   0.37310E-02   0.36609E-02
 5319.55   0.46867E-02   0.37124E-02   0.36441E-02
 5333.16   0.46671E-02   0.36940E-02   0.36275E-02
 5346.76   0.46476E-02   0.36758E-02   0.36110E-02
 5360.37   0.46283E-02   0.36577E-02   0.35946E-02
 5373.97   0.46096E-02   0.36402E-02   0.35787E-02
 5387.58   0.45915E-02   0.36232E-02   0.35634E-02
 5401.18   0.45728E-02   0.36056E-02   0.35476E-02
 5414.79   0.45542E-02   0.35884E-02   0.35320E-02
 5428.39   0.45357E-02   0.35711E-02   0.35164E-02
 5442.00   0.45171E-02   0.35539E-02   0.35008E-02
 5455.60   0.44983E-02   0.35367E-02   0.34852E-02
 5469.21   0.44795E-02   0.35194E-02   0.34695E-02
 5482.81   0.44607E-02   0.35021E-02   0.34539E-02
 5496.42   0.44417E-02   0.34848E-02   0.34382E-02
 5510.02   0.44218E-02   0.34668E-02   0.34218E-02
 5523.63   0.44088E-02   0.34543E-02   0.34108E-02
 5537.23   0.43886E-02   0.34362E-02   0.33943E-02
 5550.84   0.43704E-02   0.34197E-02   0.33794E-02
 5564.44   0.43526E-02   0.34035E-02   0.33647E-02
 5578.05   0.43349E-02   0.33874E-02   0.33502E-02
 5591.65   0.43172E-02   0.33715E-02   0.33358E-02
 5605.26   0.42994E-02   0.33555E-02   0.33213E-02
 5618.86   0.42815E-02   0.33394E-02   0.33067E-02
 5632.47   0.42633E-02   0.33232E-02   0.32920E-02
 5646.07   0.42446E-02   0.33066E-02   0.32769E-02
 5659.68   0.42264E-02   0.32904E-02   0.32623E-02
 5673.28   0.42134E-02   0.32784E-02   0.32517E-02
 5686.89   0.41945E-02   0.32618E-02   0.32366E-02
 5700.49   0.41768E-02   0.32462E-02   0.32224E-02
 5714.10   0.41595E-02   0.32310E-02   0.32086E-02
 5727.70   0.41425E-02   0.32160E-02   0.31951E-02
 5741.31   0.41256E-02   0.32011E-02   0.31816E-02
 5754.91   0.41087E-02   0.31863E-02   0.31682E-02
 5768.52   0.40917E-02   0.31714E-02   0.31547E-02
 5782.12   0.40743E-02   0.31563E-02   0.31410E-02
 5795.73   0.40560E-02   0.31405E-02   0.31266E-02
 5809.33   0.40376E-02   0.31247E-02   0.31122E-02
 5822.94   0.40264E-02   0.31145E-02   0.31033E-02
 5836.54   0.40084E-02   0.30991E-02   0.30893E-02
 5850.15   0.39913E-02   0.30843E-02   0.30759E-02
 5863.75   0.39745E-02   0.30699E-02   0.30628E-02
 5877.36   0.39580E-02   0.30558E-02   0.30500E-02
 5890.96   0.39417E-02   0.30418E-02   0.30374E-02
 5904.57   0.39256E-02   0.30280E-02   0.30249E-02
 5918.17   0.39094E-02   0.30143E-02   0.30124E-02
 5931.78   0.38930E-02   0.30004E-02   0.29998E-02
 5945.38   0.38758E-02   0.29859E-02   0.29866E-02
 5958.99   0.38578E-02   0.29708E-02   0.29728E-02
 5972.59   0.38468E-02   0.29611E-02   0.29644E-02
 5986.20   0.38298E-02   0.29469E-02   0.29514E-02
 5999.80   0.38133E-02   0.29331E-02   0.29389E-02
 6013.41   0.37970E-02   0.29195E-02   0.29265E-02
 6027.01   0.37809E-02   0.29061E-02   0.29143E-02
 6040.62   0.37651E-02   0.28930E-02   0.29024E-02
 6054.22   0.37495E-02   0.28800E-02   0.28906E-02
 6067.83   0.37340E-02   0.28672E-02   0.28790E-02
 6081.43   0.37186E-02   0.28544E-02   0.28674E-02
 6095.04   0.37029E-02   0.28415E-02   0.28556E-02
 6108.64   0.36865E-02   0.28280E-02   0.28434E-02
 6122.25   0.36737E-02   0.28174E-02   0.28339E-02
 6135.85   0.36579E-02   0.28045E-02   0.28221E-02
 6149.46   0.36422E-02   0.27917E-02   0.28105E-02
 6163.06   0.36265E-02   0.27790E-02   0.27989E-02
 6176.67   0.36109E-02   0.27663E-02   0.27873E-02
 6190.27   0.35955E-02   0.27538E-02   0.27759E-02
 6203.88   0.35802E-02   0.27415E-02   0.27647E-02
 6217.48   0.35652E-02   0.27294E-02   0.27537E-02
 6231.09   0.35504E-02   0.27175E-02   0.27429E-02
 6244.69   0.35357E-02   0.27057E-02   0.27322E-02
 6258.30   0.35209E-02   0.26939E-02   0.27214E-02
 6271.90   0.35067E-02   0.26824E-02   0.27111E-02
 6285.51   0.34920E-02   0.26708E-02   0.27005E-02
 6299.11   0.34773E-02   0.26591E-02   0.26898E-02
 6312.72   0.34624E-02   0.26473E-02   0.26791E-02
 6326.32   0.34475E-02   0.26355E-02   0.26683E-02
 6339.93   0.34326E-02   0.26237E-02   0.26576E-02
 6353.53   0.34177E-02   0.26120E-02   0.26468E-02
 6367.14   0.34029E-02   0.26004E-02   0.26363E-02
 6380.74   0.33883E-02   0.25890E-02   0.26258E-02
 6394.35   0.33738E-02   0.25778E-02   0.26155E-02
 6407.95   0.33599E-02   0.25669E-02   0.26057E-02
 6421.56   0.33461E-02   0.25562E-02   0.25959E-02
 6435.16   0.33321E-02   0.25453E-02   0.25860E-02
 6448.77   0.33181E-02   0.25345E-02   0.25761E-02
 6462.37   0.33041E-02   0.25237E-02   0.25663E-02
 6475.98   0.32900E-02   0.25128E-02   0.25564E-02
 6489.58   0.32758E-02   0.25019E-02   0.25464E-02
 6503.19   0.32614E-02   0.24910E-02   0.25363E-02
 6516.79   0.32471E-02   0.24800E-02   0.25263E-02
 6530.40   0.32327E-02   0.24690E-02   0.25162E-02
 6544.00   0.32183E-02   0.24581E-02   0.25061E-02
 6557.61   0.32033E-02   0.24467E-02   0.24956E-02
 6571.21   0.31899E-02   0.24366E-02   0.24864E-02
 6584.82   0.31785E-02   0.24280E-02   0.24787E-02
 6598.42   0.31647E-02   0.24176E-02   0.24692E-02
 6612.03   0.31512E-02   0.24075E-02   0.24599E-02
 6625.63   0.31378E-02   0.23975E-02   0.24508E-02
 6639.24   0.31244E-02   0.23874E-02   0.24416E-02
 6652.84   0.31109E-02   0.23774E-02   0.24323E-02
 6666.45   0.30972E-02   0.23672E-02   0.24230E-02
 6680.05   0.30834E-02   0.23569E-02   0.24135E-02
 6693.66   0.30694E-02   0.23465E-02   0.24039E-02
 6707.26   0.30549E-02   0.23358E-02   0.23940E-02
 6720.87   0.30414E-02   0.23259E-02   0.23848E-02
 6734.47   0.30327E-02   0.23196E-02   0.23794E-02
 6748.08   0.30177E-02   0.23086E-02   0.23691E-02
 6761.68   0.30041E-02   0.22987E-02   0.23600E-02
 6775.29   0.29910E-02   0.22891E-02   0.23512E-02
 6788.89   0.29781E-02   0.22797E-02   0.23425E-02
 6802.50   0.29653E-02   0.22704E-02   0.23340E-02
 6816.10   0.29524E-02   0.22611E-02   0.23254E-02
 6829.71   0.29395E-02   0.22517E-02   0.23168E-02
 6843.31   0.29263E-02   0.22422E-02   0.23080E-02
 6856.92   0.29128E-02   0.22325E-02   0.22989E-02
 6870.52   0.28981E-02   0.22219E-02   0.22890E-02
 6884.13   0.28845E-02   0.22121E-02   0.22799E-02
 6897.73   0.28776E-02   0.22075E-02   0.22761E-02
 6911.34   0.28633E-02   0.21972E-02   0.22665E-02
 6924.94   0.28501E-02   0.21878E-02   0.22577E-02
 6938.55   0.28373E-02   0.21787E-02   0.22493E-02
 6952.15   0.28247E-02   0.21698E-02   0.22411E-02
 6965.76   0.28124E-02   0.21611E-02   0.22330E-02
 6979.36   0.28001E-02   0.21525E-02   0.22251E-02
 6992.97   0.27878E-02   0.21438E-02   0.22171E-02
 7006.57   0.27754E-02   0.21351E-02   0.22090E-02
 7020.18   0.27626E-02   0.21262E-02   0.22007E-02
 7033.78   0.27485E-02   0.21162E-02   0.21913E-02
 7047.39   0.27348E-02   0.21066E-02   0.21822E-02
 7060.99   0.27286E-02   0.21027E-02   0.21791E-02
 7074.60   0.27152E-02   0.20933E-02   0.21703E-02
 7088.20   0.27023E-02   0.20844E-02   0.21620E-02
 7101.81   0.26898E-02   0.20757E-02   0.21539E-02
 7115.41   0.26775E-02   0.20672E-02   0.21460E-02
 7129.02   0.26655E-02   0.20590E-02   0.21383E-02
 7142.62   0.26536E-02   0.20509E-02   0.21307E-02
 7156.23   0.26419E-02   0.20429E-02   0.21233E-02
 7169.83   0.26302E-02   0.20349E-02   0.21159E-02
 7183.44   0.26184E-02   0.20268E-02   0.21084E-02
 7197.04   0.26057E-02   0.20182E-02   0.21003E-02
 7210.65   0.25928E-02   0.20093E-02   0.20919E-02
 7224.25   0.25850E-02   0.20045E-02   0.20877E-02
 7237.86   0.25726E-02   0.19960E-02   0.20797E-02
 7251.46   0.25605E-02   0.19878E-02   0.20720E-02
 7265.07   0.25484E-02   0.19796E-02   0.20644E-02
 7278.67   0.25365E-02   0.19716E-02   0.20568E-02
 7292.28   0.25247E-02   0.19637E-02   0.20494E-02
 7305.88   0.25131E-02   0.19559E-02   0.20421E-02
 7319.49   0.25017E-02   0.19483E-02   0.20350E-02
 7333.09   0.24904E-02   0.19409E-02   0.20280E-02
 7346.70   0.24793E-02   0.19335E-02   0.20212E-02
 7360.30   0.24681E-02   0.19262E-02   0.20143E-02
 7373.91   0.24566E-02   0.19185E-02   0.20071E-02
 7387.51   0.24466E-02   0.19121E-02   0.20012E-02
 7401.12   0.24354E-02   0.19047E-02   0.19942E-02
 7414.72   0.24240E-02   0.18973E-02   0.19872E-02
 7428.33   0.24127E-02   0.18898E-02   0.19802E-02
 7441.93   0.24012E-02   0.18823E-02   0.19731E-02
 7455.54   0.23898E-02   0.18748E-02   0.19660E-02
 7469.14   0.23785E-02   0.18674E-02   0.19590E-02
 7482.75   0.23672E-02   0.18601E-02   0.19521E-02
 7496.35   0.23562E-02   0.18529E-02   0.19453E-02
 7509.96   0.23453E-02   0.18459E-02   0.19387E-02
 7523.56   0.23347E-02   0.18390E-02   0.19322E-02
 7537.17   0.23242E-02   0.18324E-02   0.19260E-02
 7550.77   0.23137E-02   0.18256E-02   0.19196E-02
 7564.38   0.23032E-02   0.18190E-02   0.19133E-02
 7577.98   0.22927E-02   0.18123E-02   0.19070E-02
 7591.59   0.22821E-02   0.18055E-02   0.19006E-02
 7605.19   0.22713E-02   0.17986E-02   0.18941E-02
 7618.80   0.22605E-02   0.17917E-02   0.18875E-02
 7632.40   0.22496E-02   0.17848E-02   0.18809E-02
 7646.01   0.22387E-02   0.17778E-02   0.18743E-02
 7659.61   0.22278E-02   0.17708E-02   0.18676E-02
 7673.22   0.22170E-02   0.17640E-02   0.18611E-02
 7686.82   0.22063E-02   0.17572E-02   0.18546E-02
 7700.43   0.21949E-02   0.17499E-02   0.18476E-02
 7714.03   0.21877E-02   0.17459E-02   0.18440E-02
 7727.64   0.21766E-02   0.17388E-02   0.18372E-02
 7741.24   0.21665E-02   0.17325E-02   0.18312E-02
 7754.85   0.21564E-02   0.17262E-02   0.18253E-02
 7768.45   0.21464E-02   0.17200E-02   0.18194E-02
 7782.06   0.21363E-02   0.17137E-02   0.18134E-02
 7795.66   0.21261E-02   0.17074E-02   0.18073E-02
 7809.27   0.21157E-02   0.17010E-02   0.18011E-02
 7822.87   0.21053E-02   0.16944E-02   0.17949E-02
 7836.48   0.20947E-02   0.16878E-02   0.17885E-02
 7850.08   0.20841E-02   0.16811E-02   0.17820E-02
 7863.69   0.20729E-02   0.16740E-02   0.17751E-02
 7877.29   0.20634E-02   0.16683E-02   0.17696E-02
 7890.90   0.20568E-02   0.16649E-02   0.17667E-02
 7904.50   0.20460E-02   0.16581E-02   0.17601E-02
 7918.11   0.20360E-02   0.16520E-02   0.17542E-02
 7931.71   0.20264E-02   0.16461E-02   0.17485E-02
 7945.32   0.20168E-02   0.16403E-02   0.17430E-02
 7958.92   0.20072E-02   0.16346E-02   0.17375E-02
 7972.53   0.19976E-02   0.16288E-02   0.17319E-02
 7986.13   0.19879E-02   0.16229E-02   0.17262E-02
 7999.74   0.19780E-02   0.16168E-02   0.17203E-02
 8013.34   0.19679E-02   0.16107E-02   0.17143E-02
 8026.95   0.19574E-02   0.16041E-02   0.17079E-02
 8040.55   0.19450E-02   0.15960E-02   0.16999E-02
 8054.16   0.19357E-02   0.15904E-02   0.16945E-02
 8067.76   0.19321E-02   0.15896E-02   0.16941E-02
 8081.37   0.19216E-02   0.15831E-02   0.16877E-02
 8094.97   0.19118E-02   0.15771E-02   0.16819E-02
 8108.58   0.19024E-02   0.15715E-02   0.16765E-02
 8122.18   0.18931E-02   0.15660E-02   0.16712E-02
 8135.79   0.18840E-02   0.15607E-02   0.16660E-02
 8149.39   0.18750E-02   0.15553E-02   0.16608E-02
 8163.00   0.18659E-02   0.15500E-02   0.16556E-02
 8176.60   0.18567E-02   0.15445E-02   0.16503E-02
 8190.21   0.18472E-02   0.15388E-02   0.16447E-02
 8203.81   0.18372E-02   0.15327E-02   0.16386E-02
 8217.42   0.18237E-02   0.15237E-02   0.16295E-02
 8231.02   0.18263E-02   0.15281E-02   0.16347E-02
 8244.63   0.18131E-02   0.15194E-02   0.16259E-02
 8258.23   0.18031E-02   0.15132E-02   0.16198E-02
 8271.84   0.17936E-02   0.15075E-02   0.16141E-02
 8285.44   0.17844E-02   0.15021E-02   0.16088E-02
 8299.05   0.17755E-02   0.14968E-02   0.16036E-02
 8312.65   0.17667E-02   0.14917E-02   0.15986E-02
 8326.26   0.17580E-02   0.14867E-02   0.15938E-02
 8339.86   0.17495E-02   0.14818E-02   0.15889E-02
 8353.47   0.17409E-02   0.14769E-02   0.15841E-02
 8367.07   0.17321E-02   0.14718E-02   0.15791E-02
 8380.68   0.17230E-02   0.14664E-02   0.15738E-02
 8394.28   0.17109E-02   0.14585E-02   0.15657E-02
 8407.89   0.17106E-02   0.14606E-02   0.15684E-02
 8421.49   0.16996E-02   0.14536E-02   0.15613E-02
 8435.10   0.16903E-02   0.14480E-02   0.15557E-02
 8448.70   0.16813E-02   0.14427E-02   0.15504E-02
 8462.31   0.16724E-02   0.14375E-02   0.15452E-02
 8475.91   0.16637E-02   0.14324E-02   0.15402E-02
 8489.52   0.16551E-02   0.14275E-02   0.15353E-02
 8503.12   0.16468E-02   0.14227E-02   0.15306E-02
 8516.73   0.16385E-02   0.14180E-02   0.15259E-02
 8530.33   0.16304E-02   0.14135E-02   0.15214E-02
 8543.94   0.16224E-02   0.14089E-02   0.15169E-02
 8557.54   0.16142E-02   0.14043E-02   0.15124E-02
 8571.15   0.16051E-02   0.13989E-02   0.15069E-02
 8584.75   0.16003E-02   0.13972E-02   0.15054E-02
 8598.36   0.15912E-02   0.13917E-02   0.14999E-02
 8611.96   0.15827E-02   0.13869E-02   0.14951E-02
 8625.57   0.15744E-02   0.13821E-02   0.14902E-02
 8639.17   0.15660E-02   0.13773E-02   0.14854E-02
 8652.78   0.15577E-02   0.13725E-02   0.14806E-02
 8666.38   0.15494E-02   0.13677E-02   0.14758E-02
 8679.99   0.15413E-02   0.13631E-02   0.14711E-02
 8693.59   0.15332E-02   0.13585E-02   0.14666E-02
 8707.20   0.15254E-02   0.13541E-02   0.14622E-02
 8720.80   0.15177E-02   0.13498E-02   0.14579E-02
 8734.41   0.15101E-02   0.13457E-02   0.14537E-02
 8748.01   0.15025E-02   0.13416E-02   0.14496E-02
 8761.62   0.14948E-02   0.13373E-02   0.14453E-02
 8775.22   0.14877E-02   0.13335E-02   0.14415E-02
 8788.83   0.14802E-02   0.13294E-02   0.14373E-02
 8802.43   0.14726E-02   0.13252E-02   0.14331E-02
 8816.04   0.14649E-02   0.13209E-02   0.14287E-02
 8829.64   0.14571E-02   0.13165E-02   0.14243E-02
 8843.25   0.14493E-02   0.13121E-02   0.14198E-02
 8856.85   0.14415E-02   0.13076E-02   0.14153E-02
 8870.46   0.14337E-02   0.13032E-02   0.14108E-02
 8884.06   0.14260E-02   0.12989E-02   0.14064E-02
 8897.67   0.14184E-02   0.12946E-02   0.14021E-02
 8911.27   0.14109E-02   0.12905E-02   0.13979E-02
 8924.88   0.14035E-02   0.12864E-02   0.13937E-02
 8938.48   0.13967E-02   0.12829E-02   0.13902E-02
 8952.09   0.13899E-02   0.12792E-02   0.13865E-02
 8965.69   0.13827E-02   0.12754E-02   0.13825E-02
 8979.30   0.13757E-02   0.12716E-02   0.13787E-02
 8992.90   0.13686E-02   0.12678E-02   0.13748E-02
 9006.51   0.13615E-02   0.12639E-02   0.13709E-02
 9020.11   0.13543E-02   0.12600E-02   0.13668E-02
 9033.72   0.13470E-02   0.12559E-02   0.13627E-02
 9047.32   0.13397E-02   0.12518E-02   0.13584E-02
 9060.93   0.13323E-02   0.12476E-02   0.13541E-02
 9074.53   0.13249E-02   0.12435E-02   0.13498E-02
 9088.14   0.13175E-02   0.12393E-02   0.13455E-02
 9101.74   0.13100E-02   0.12350E-02   0.13410E-02
 9115.35   0.13013E-02   0.12295E-02   0.13353E-02
 9128.95   0.12997E-02   0.12308E-02   0.13369E-02
 9142.56   0.12911E-02   0.12254E-02   0.13313E-02
 9156.16   0.12841E-02   0.12215E-02   0.13273E-02
 9169.77   0.12773E-02   0.12179E-02   0.13235E-02
 9183.37   0.12707E-02   0.12144E-02   0.13199E-02
 9196.98   0.12641E-02   0.12109E-02   0.13163E-02
 9210.58   0.12574E-02   0.12073E-02   0.13126E-02
 9224.19   0.12507E-02   0.12037E-02   0.13088E-02
 9237.79   0.12439E-02   0.11999E-02   0.13049E-02
 9251.40   0.12369E-02   0.11960E-02   0.13008E-02
 9265.00   0.12299E-02   0.11920E-02   0.12967E-02
 9278.61   0.12227E-02   0.11878E-02   0.12923E-02
 9292.21   0.12148E-02   0.11830E-02   0.12872E-02
 9305.82   0.12087E-02   0.11799E-02   0.12840E-02
 9319.42   0.12064E-02   0.11805E-02   0.12848E-02
 9333.03   0.11983E-02   0.11755E-02   0.12794E-02
 9346.63   0.11915E-02   0.11716E-02   0.12754E-02
 9360.24   0.11850E-02   0.11681E-02   0.12717E-02
 9373.84   0.11786E-02   0.11647E-02   0.12681E-02
 9387.45   0.11724E-02   0.11614E-02   0.12647E-02
 9401.05   0.11662E-02   0.11582E-02   0.12613E-02
 9414.66   0.11600E-02   0.11549E-02   0.12578E-02
 9428.26   0.11538E-02   0.11515E-02   0.12543E-02
 9441.87   0.11474E-02   0.11480E-02   0.12506E-02
 9455.47   0.11408E-02   0.11443E-02   0.12467E-02
 9469.08   0.11339E-02   0.11403E-02   0.12424E-02
 9482.68   0.11257E-02   0.11349E-02   0.12367E-02
 9496.29   0.11199E-02   0.11320E-02   0.12336E-02
 9509.89   0.11189E-02   0.11339E-02   0.12357E-02
 9523.50   0.11114E-02   0.11291E-02   0.12307E-02
 9537.10   0.11047E-02   0.11253E-02   0.12266E-02
 9550.71   0.10984E-02   0.11218E-02   0.12229E-02
 9564.31   0.10923E-02   0.11185E-02   0.12194E-02
 9577.92   0.10864E-02   0.11153E-02   0.12160E-02
 9591.52   0.10806E-02   0.11123E-02   0.12128E-02
 9605.13   0.10748E-02   0.11093E-02   0.12096E-02
 9618.73   0.10691E-02   0.11063E-02   0.12063E-02
 9632.34   0.10633E-02   0.11032E-02   0.12030E-02
 9645.94   0.10573E-02   0.10999E-02   0.11996E-02
 9659.55   0.10510E-02   0.10963E-02   0.11957E-02
 9673.15   0.10434E-02   0.10913E-02   0.11903E-02
 9686.76   0.10377E-02   0.10882E-02   0.11870E-02
 9700.36   0.10367E-02   0.10902E-02   0.11892E-02
 9713.97   0.10299E-02   0.10859E-02   0.11846E-02
 9727.57   0.10236E-02   0.10823E-02   0.11807E-02
 9741.18   0.10176E-02   0.10789E-02   0.11770E-02
 9754.78   0.10117E-02   0.10756E-02   0.11735E-02
 9768.39   0.10060E-02   0.10725E-02   0.11701E-02
 9781.99   0.10004E-02   0.10695E-02   0.11669E-02
 9795.60   0.99499E-03   0.10667E-02   0.11638E-02
 9809.20   0.98963E-03   0.10639E-02   0.11608E-02
 9822.81   0.98430E-03   0.10611E-02   0.11578E-02
 9836.41   0.97896E-03   0.10583E-02   0.11548E-02
 9850.02   0.97346E-03   0.10554E-02   0.11516E-02
 9863.62   0.96727E-03   0.10516E-02   0.11475E-02
 9877.23   0.96165E-03   0.10485E-02   0.11441E-02
 9890.83   0.95931E-03   0.10489E-02   0.11446E-02
 9904.44   0.95335E-03   0.10454E-02   0.11407E-02
 9918.04   0.94767E-03   0.10421E-02   0.11372E-02
 9931.65   0.94207E-03   0.10389E-02   0.11337E-02
 9945.25   0.93653E-03   0.10358E-02   0.11303E-02
 9958.86   0.93107E-03   0.10328E-02   0.11270E-02
 9972.46   0.92572E-03   0.10298E-02   0.11237E-02
 9986.07   0.92048E-03   0.10270E-02   0.11206E-02
 9999.67   0.91536E-03   0.10242E-02   0.11176E-02
