  176.86   0.65693E+00   0.65789E+00   0.60370E+00
  190.47   0.63700E+00   0.63820E+00   0.58807E+00
  204.07   0.61698E+00   0.61840E+00   0.57196E+00
  217.68   0.59719E+00   0.59882E+00   0.55572E+00
  231.28   0.57761E+00   0.57943E+00   0.53937E+00
  244.89   0.55832E+00   0.56031E+00   0.52303E+00
  258.49   0.53922E+00   0.54137E+00   0.50664E+00
  272.10   0.52043E+00   0.52272E+00   0.49033E+00
  285.70   0.50201E+00   0.50443E+00   0.47420E+00
  299.31   0.48403E+00   0.48657E+00   0.45832E+00
  312.91   0.46680E+00   0.46944E+00   0.44301E+00
  326.52   0.45018E+00   0.45292E+00   0.42815E+00
  340.12   0.43427E+00   0.43710E+00   0.41385E+00
  353.73   0.41901E+00   0.42192E+00   0.40008E+00
  367.33   0.40441E+00   0.40739E+00   0.38684E+00
  380.94   0.39041E+00   0.39346E+00   0.37409E+00
  394.54   0.37694E+00   0.38004E+00   0.36178E+00
  408.15   0.36399E+00   0.36714E+00   0.34989E+00
  421.75   0.35153E+00   0.35473E+00   0.33843E+00
  435.36   0.33953E+00   0.34277E+00   0.32734E+00
  448.96   0.32801E+00   0.33128E+00   0.31668E+00
  462.57   0.31696E+00   0.32026E+00   0.30642E+00
  476.17   0.30636E+00   0.30969E+00   0.29655E+00
  489.78   0.29622E+00   0.29956E+00   0.28708E+00
  503.38   0.28653E+00   0.28989E+00   0.27802E+00
  516.99   0.27725E+00   0.28062E+00   0.26932E+00
  530.59   0.26834E+00   0.27173E+00   0.26096E+00
  544.20   0.25983E+00   0.26322E+00   0.25295E+00
  557.80   0.25165E+00   0.25505E+00   0.24524E+00
  571.41   0.24378E+00   0.24718E+00   0.23781E+00
  585.01   0.23623E+00   0.23964E+00   0.23067E+00
  598.62   0.22895E+00   0.23235E+00   0.22378E+00
  612.22   0.22196E+00   0.22535E+00   0.21714E+00
  625.83   0.21521E+00   0.21860E+00   0.21072E+00
  639.43   0.20875E+00   0.21213E+00   0.20458E+00
  653.04   0.20252E+00   0.20589E+00   0.19864E+00
  666.64   0.19654E+00   0.19990E+00   0.19293E+00
  680.25   0.19079E+00   0.19414E+00   0.18744E+00
  693.85   0.18525E+00   0.18859E+00   0.18214E+00
  707.46   0.17994E+00   0.18325E+00   0.17704E+00
  721.06   0.17482E+00   0.17812E+00   0.17214E+00
  734.67   0.16990E+00   0.17318E+00   0.16741E+00
  748.27   0.16516E+00   0.16842E+00   0.16285E+00
  761.88   0.16059E+00   0.16383E+00   0.15845E+00
  775.48   0.15618E+00   0.15940E+00   0.15421E+00
  789.09   0.15193E+00   0.15513E+00   0.15011E+00
  802.69   0.14783E+00   0.15101E+00   0.14614E+00
  816.30   0.14386E+00   0.14702E+00   0.14231E+00
  829.90   0.14003E+00   0.14316E+00   0.13860E+00
  843.51   0.13633E+00   0.13944E+00   0.13502E+00
  857.11   0.13276E+00   0.13585E+00   0.13156E+00
  870.72   0.12931E+00   0.13237E+00   0.12821E+00
  884.32   0.12598E+00   0.12901E+00   0.12497E+00
  897.93   0.12276E+00   0.12577E+00   0.12185E+00
  911.53   0.11965E+00   0.12263E+00   0.11882E+00
  925.14   0.11665E+00   0.11960E+00   0.11589E+00
  938.74   0.11375E+00   0.11667E+00   0.11306E+00
  952.35   0.11093E+00   0.11383E+00   0.11032E+00
  965.95   0.10822E+00   0.11110E+00   0.10767E+00
  979.56   0.10560E+00   0.10844E+00   0.10511E+00
  993.16   0.10305E+00   0.10587E+00   0.10262E+00
 1006.77   0.10059E+00   0.10338E+00   0.10020E+00
 1020.37   0.98205E-01   0.10097E+00   0.97872E-01
 1033.98   0.95888E-01   0.98623E-01   0.95600E-01
 1047.58   0.93645E-01   0.96351E-01   0.93399E-01
 1061.19   0.91470E-01   0.94148E-01   0.91263E-01
 1074.79   0.89356E-01   0.92006E-01   0.89186E-01
 1088.40   0.87314E-01   0.89935E-01   0.87178E-01
 1102.00   0.85327E-01   0.87920E-01   0.85222E-01
 1115.61   0.83401E-01   0.85965E-01   0.83325E-01
 1129.21   0.81534E-01   0.84069E-01   0.81484E-01
 1142.82   0.79723E-01   0.82230E-01   0.79699E-01
 1156.42   0.77963E-01   0.80441E-01   0.77961E-01
 1170.03   0.76255E-01   0.78704E-01   0.76274E-01
 1183.63   0.74597E-01   0.77018E-01   0.74636E-01
 1197.24   0.72989E-01   0.75382E-01   0.73045E-01
 1210.84   0.71427E-01   0.73792E-01   0.71499E-01
 1224.45   0.69910E-01   0.72246E-01   0.69996E-01
 1238.05   0.68434E-01   0.70743E-01   0.68534E-01
 1251.66   0.67000E-01   0.69280E-01   0.67111E-01
 1265.26   0.65605E-01   0.67857E-01   0.65726E-01
 1278.87   0.64250E-01   0.66474E-01   0.64381E-01
 1292.47   0.62931E-01   0.65127E-01   0.63070E-01
 1306.08   0.61647E-01   0.63815E-01   0.61793E-01
 1319.68   0.60396E-01   0.62537E-01   0.60548E-01
 1333.29   0.59178E-01   0.61291E-01   0.59336E-01
 1346.89   0.57997E-01   0.60083E-01   0.58159E-01
 1360.50   0.56842E-01   0.58901E-01   0.57007E-01
 1374.10   0.55719E-01   0.57751E-01   0.55887E-01
 1387.71   0.54626E-01   0.56631E-01   0.54796E-01
 1401.31   0.53560E-01   0.55538E-01   0.53731E-01
 1414.92   0.52520E-01   0.54471E-01   0.52691E-01
 1428.52   0.51513E-01   0.53438E-01   0.51685E-01
 1442.13   0.50529E-01   0.52427E-01   0.50700E-01
 1455.73   0.49570E-01   0.51442E-01   0.49740E-01
 1469.34   0.48636E-01   0.50482E-01   0.48804E-01
 1482.94   0.47722E-01   0.49543E-01   0.47888E-01
 1496.55   0.46839E-01   0.48633E-01   0.47002E-01
 1510.15   0.45971E-01   0.47741E-01   0.46132E-01
 1523.76   0.45127E-01   0.46871E-01   0.45284E-01
 1537.36   0.44303E-01   0.46022E-01   0.44456E-01
 1550.97   0.43500E-01   0.45193E-01   0.43648E-01
 1564.57   0.42713E-01   0.44382E-01   0.42857E-01
 1578.18   0.41951E-01   0.43595E-01   0.42090E-01
 1591.78   0.41202E-01   0.42822E-01   0.41336E-01
 1605.39   0.40472E-01   0.42068E-01   0.40601E-01
 1618.99   0.39760E-01   0.41331E-01   0.39883E-01
 1632.60   0.39064E-01   0.40611E-01   0.39181E-01
 1646.20   0.38386E-01   0.39909E-01   0.38496E-01
 1659.81   0.37720E-01   0.39221E-01   0.37825E-01
 1673.41   0.37071E-01   0.38548E-01   0.37169E-01
 1687.02   0.36437E-01   0.37890E-01   0.36527E-01
 1700.62   0.35817E-01   0.37248E-01   0.35901E-01
 1714.23   0.35212E-01   0.36620E-01   0.35289E-01
 1727.83   0.34622E-01   0.36007E-01   0.34691E-01
 1741.44   0.34044E-01   0.35406E-01   0.34106E-01
 1755.04   0.33479E-01   0.34819E-01   0.33533E-01
 1768.65   0.32926E-01   0.34244E-01   0.32973E-01
 1782.25   0.32386E-01   0.33682E-01   0.32425E-01
 1795.86   0.31858E-01   0.33132E-01   0.31890E-01
 1809.46   0.31342E-01   0.32595E-01   0.31366E-01
 1823.07   0.30838E-01   0.32070E-01   0.30854E-01
 1836.67   0.30344E-01   0.31555E-01   0.30352E-01
 1850.28   0.29861E-01   0.31050E-01   0.29861E-01
 1863.88   0.29387E-01   0.30556E-01   0.29379E-01
 1877.49   0.28923E-01   0.30071E-01   0.28907E-01
 1891.09   0.28472E-01   0.29600E-01   0.28448E-01
 1904.70   0.28029E-01   0.29136E-01   0.27996E-01
 1918.30   0.27594E-01   0.28682E-01   0.27554E-01
 1931.91   0.27169E-01   0.28237E-01   0.27120E-01
 1945.51   0.26752E-01   0.27800E-01   0.26695E-01
 1959.12   0.26343E-01   0.27371E-01   0.26278E-01
 1972.72   0.25947E-01   0.26956E-01   0.25874E-01
 1986.33   0.25554E-01   0.26543E-01   0.25472E-01
 1999.93   0.25170E-01   0.26141E-01   0.25080E-01
 2013.54   0.24795E-01   0.25747E-01   0.24697E-01
 2027.14   0.24427E-01   0.25360E-01   0.24321E-01
 2040.75   0.24066E-01   0.24980E-01   0.23951E-01
 2054.35   0.23710E-01   0.24606E-01   0.23587E-01
 2067.96   0.23367E-01   0.24246E-01   0.23237E-01
 2081.56   0.23027E-01   0.23888E-01   0.22889E-01
 2095.17   0.22695E-01   0.23537E-01   0.22548E-01
 2108.77   0.22369E-01   0.23194E-01   0.22214E-01
 2122.38   0.22049E-01   0.22857E-01   0.21887E-01
 2135.98   0.21735E-01   0.22525E-01   0.21564E-01
 2149.59   0.21431E-01   0.22204E-01   0.21252E-01
 2163.19   0.21128E-01   0.21884E-01   0.20942E-01
 2176.80   0.20832E-01   0.21571E-01   0.20638E-01
 2190.40   0.20542E-01   0.21265E-01   0.20340E-01
 2204.01   0.20258E-01   0.20964E-01   0.20048E-01
 2217.61   0.19979E-01   0.20669E-01   0.19762E-01
 2231.22   0.19705E-01   0.20379E-01   0.19480E-01
 2244.82   0.19438E-01   0.20096E-01   0.19205E-01
 2258.43   0.19174E-01   0.19816E-01   0.18934E-01
 2272.03   0.18914E-01   0.19541E-01   0.18667E-01
 2285.64   0.18660E-01   0.19271E-01   0.18405E-01
 2299.24   0.18411E-01   0.19006E-01   0.18149E-01
 2312.85   0.18166E-01   0.18747E-01   0.17897E-01
 2326.45   0.17925E-01   0.18491E-01   0.17649E-01
 2340.06   0.17690E-01   0.18241E-01   0.17407E-01
 2353.66   0.17458E-01   0.17994E-01   0.17168E-01
 2367.27   0.17230E-01   0.17752E-01   0.16933E-01
 2380.87   0.17006E-01   0.17513E-01   0.16702E-01
 2394.48   0.16787E-01   0.17279E-01   0.16476E-01
 2408.08   0.16571E-01   0.17050E-01   0.16253E-01
 2421.69   0.16359E-01   0.16824E-01   0.16035E-01
 2435.29   0.16152E-01   0.16602E-01   0.15821E-01
 2448.90   0.15947E-01   0.16384E-01   0.15610E-01
 2462.50   0.15746E-01   0.16170E-01   0.15402E-01
 2476.11   0.15549E-01   0.15959E-01   0.15198E-01
 2489.71   0.15354E-01   0.15751E-01   0.14998E-01
 2503.32   0.15164E-01   0.15547E-01   0.14801E-01
 2516.92   0.14976E-01   0.15347E-01   0.14607E-01
 2530.53   0.14793E-01   0.15151E-01   0.14418E-01
 2544.13   0.14612E-01   0.14958E-01   0.14231E-01
 2557.74   0.14435E-01   0.14767E-01   0.14047E-01
 2571.34   0.14260E-01   0.14580E-01   0.13866E-01
 2584.95   0.14087E-01   0.14395E-01   0.13688E-01
 2598.55   0.13918E-01   0.14213E-01   0.13513E-01
 2612.16   0.13751E-01   0.14034E-01   0.13340E-01
 2625.76   0.13589E-01   0.13861E-01   0.13173E-01
 2639.37   0.13428E-01   0.13688E-01   0.13006E-01
 2652.97   0.13270E-01   0.13518E-01   0.12843E-01
 2666.58   0.13114E-01   0.13351E-01   0.12682E-01
 2680.18   0.12961E-01   0.13186E-01   0.12523E-01
 2693.79   0.12810E-01   0.13024E-01   0.12367E-01
 2707.39   0.12660E-01   0.12863E-01   0.12211E-01
 2721.00   0.12517E-01   0.12709E-01   0.12064E-01
 2734.60   0.12372E-01   0.12554E-01   0.11914E-01
 2748.21   0.12231E-01   0.12402E-01   0.11768E-01
 2761.81   0.12092E-01   0.12252E-01   0.11624E-01
 2775.42   0.11955E-01   0.12105E-01   0.11482E-01
 2789.02   0.11821E-01   0.11960E-01   0.11343E-01
 2802.63   0.11687E-01   0.11816E-01   0.11205E-01
 2816.23   0.11556E-01   0.11674E-01   0.11069E-01
 2829.84   0.11430E-01   0.11538E-01   0.10938E-01
 2843.44   0.11303E-01   0.11401E-01   0.10807E-01
 2857.05   0.11178E-01   0.11267E-01   0.10678E-01
 2870.65   0.11055E-01   0.11134E-01   0.10551E-01
 2884.26   0.10935E-01   0.11004E-01   0.10426E-01
 2897.86   0.10816E-01   0.10876E-01   0.10303E-01
 2911.47   0.10698E-01   0.10749E-01   0.10181E-01
 2925.07   0.10585E-01   0.10627E-01   0.10064E-01
 2938.68   0.10471E-01   0.10503E-01   0.99456E-02
 2952.28   0.10359E-01   0.10382E-01   0.98295E-02
 2965.89   0.10248E-01   0.10262E-01   0.97152E-02
 2979.49   0.10140E-01   0.10145E-01   0.96029E-02
 2993.10   0.10033E-01   0.10029E-01   0.94924E-02
 3006.70   0.99275E-02   0.99155E-02   0.93835E-02
 3020.31   0.98234E-02   0.98030E-02   0.92759E-02
 3033.91   0.97222E-02   0.96934E-02   0.91711E-02
 3047.52   0.96211E-02   0.95839E-02   0.90665E-02
 3061.12   0.95214E-02   0.94760E-02   0.89635E-02
 3074.73   0.94231E-02   0.93697E-02   0.88620E-02
 3088.33   0.93264E-02   0.92650E-02   0.87620E-02
 3101.94   0.92312E-02   0.91619E-02   0.86636E-02
 3115.54   0.91375E-02   0.90604E-02   0.85668E-02
 3129.15   0.90451E-02   0.89603E-02   0.84714E-02
 3142.75   0.89543E-02   0.88619E-02   0.83776E-02
 3156.36   0.88644E-02   0.87645E-02   0.82848E-02
 3169.96   0.87757E-02   0.86684E-02   0.81931E-02
 3183.57   0.86880E-02   0.85734E-02   0.81027E-02
 3197.17   0.86015E-02   0.84797E-02   0.80135E-02
 3210.78   0.85163E-02   0.83874E-02   0.79256E-02
 3224.38   0.84324E-02   0.82965E-02   0.78391E-02
 3237.99   0.83499E-02   0.82070E-02   0.77540E-02
 3251.59   0.82688E-02   0.81190E-02   0.76704E-02
 3265.20   0.81885E-02   0.80320E-02   0.75876E-02
 3278.80   0.81092E-02   0.79461E-02   0.75060E-02
 3292.41   0.80309E-02   0.78612E-02   0.74253E-02
 3306.01   0.79535E-02   0.77773E-02   0.73457E-02
 3319.62   0.78770E-02   0.76944E-02   0.72670E-02
 3333.22   0.78015E-02   0.76127E-02   0.71894E-02
 3346.83   0.77272E-02   0.75321E-02   0.71130E-02
 3360.43   0.76551E-02   0.74539E-02   0.70388E-02
 3374.04   0.75828E-02   0.73755E-02   0.69645E-02
 3387.64   0.75117E-02   0.72984E-02   0.68915E-02
 3401.25   0.74415E-02   0.72223E-02   0.68193E-02
 3414.85   0.73721E-02   0.71471E-02   0.67481E-02
 3428.46   0.73034E-02   0.70727E-02   0.66776E-02
 3442.06   0.72353E-02   0.69990E-02   0.66079E-02
 3455.67   0.71673E-02   0.69255E-02   0.65383E-02
 3469.27   0.71044E-02   0.68570E-02   0.64736E-02
 3482.88   0.70383E-02   0.67855E-02   0.64060E-02
 3496.48   0.69740E-02   0.67159E-02   0.63401E-02
 3510.09   0.69107E-02   0.66473E-02   0.62753E-02
 3523.69   0.68482E-02   0.65796E-02   0.62114E-02
 3537.30   0.67863E-02   0.65127E-02   0.61482E-02
 3550.90   0.67250E-02   0.64464E-02   0.60856E-02
 3564.51   0.66640E-02   0.63805E-02   0.60234E-02
 3578.11   0.66025E-02   0.63143E-02   0.59609E-02
 3591.72   0.65471E-02   0.62539E-02   0.59040E-02
 3605.32   0.64885E-02   0.61906E-02   0.58443E-02
 3618.93   0.64309E-02   0.61284E-02   0.57857E-02
 3632.53   0.63743E-02   0.60672E-02   0.57280E-02
 3646.14   0.63184E-02   0.60069E-02   0.56712E-02
 3659.74   0.62632E-02   0.59472E-02   0.56150E-02
 3673.35   0.62084E-02   0.58880E-02   0.55593E-02
 3686.95   0.61530E-02   0.58285E-02   0.55033E-02
 3700.56   0.61031E-02   0.57741E-02   0.54522E-02
 3714.16   0.60491E-02   0.57160E-02   0.53975E-02
 3727.77   0.59966E-02   0.56595E-02   0.53444E-02
 3741.37   0.59449E-02   0.56039E-02   0.52921E-02
 3754.98   0.58941E-02   0.55491E-02   0.52406E-02
 3768.58   0.58440E-02   0.54951E-02   0.51899E-02
 3782.19   0.57945E-02   0.54417E-02   0.51398E-02
 3795.79   0.57453E-02   0.53889E-02   0.50902E-02
 3809.40   0.56963E-02   0.53362E-02   0.50408E-02
 3823.00   0.56501E-02   0.52862E-02   0.49939E-02
 3836.61   0.56022E-02   0.52348E-02   0.49457E-02
 3850.21   0.55550E-02   0.51842E-02   0.48983E-02
 3863.82   0.55085E-02   0.51343E-02   0.48515E-02
 3877.42   0.54626E-02   0.50850E-02   0.48053E-02
 3891.03   0.54174E-02   0.50365E-02   0.47599E-02
 3904.63   0.53728E-02   0.49886E-02   0.47151E-02
 3918.24   0.53286E-02   0.49413E-02   0.46708E-02
 3931.84   0.52846E-02   0.48942E-02   0.46267E-02
 3945.45   0.52423E-02   0.48487E-02   0.45842E-02
 3959.05   0.51994E-02   0.48028E-02   0.45413E-02
 3972.66   0.51569E-02   0.47574E-02   0.44988E-02
 3986.26   0.51148E-02   0.47125E-02   0.44568E-02
 3999.87   0.50733E-02   0.46681E-02   0.44153E-02
 4013.47   0.50322E-02   0.46243E-02   0.43744E-02
 4027.08   0.49917E-02   0.45811E-02   0.43341E-02
 4040.68   0.49518E-02   0.45385E-02   0.42943E-02
 4054.29   0.49123E-02   0.44964E-02   0.42550E-02
 4067.89   0.48735E-02   0.44550E-02   0.42164E-02
 4081.50   0.48348E-02   0.44138E-02   0.41780E-02
 4095.10   0.47965E-02   0.43730E-02   0.41400E-02
 4108.71   0.47584E-02   0.43326E-02   0.41023E-02
 4122.31   0.47207E-02   0.42925E-02   0.40650E-02
 4135.92   0.46833E-02   0.42529E-02   0.40281E-02
 4149.52   0.46464E-02   0.42138E-02   0.39916E-02
 4163.13   0.46099E-02   0.41751E-02   0.39556E-02
 4176.73   0.45741E-02   0.41371E-02   0.39202E-02
 4190.34   0.45390E-02   0.40999E-02   0.38857E-02
 4203.94   0.45039E-02   0.40627E-02   0.38511E-02
 4217.55   0.44692E-02   0.40260E-02   0.38169E-02
 4231.15   0.44347E-02   0.39896E-02   0.37831E-02
 4244.76   0.44005E-02   0.39535E-02   0.37496E-02
 4258.36   0.43665E-02   0.39177E-02   0.37163E-02
 4271.97   0.43328E-02   0.38822E-02   0.36833E-02
 4285.57   0.42993E-02   0.38470E-02   0.36506E-02
 4299.18   0.42663E-02   0.38124E-02   0.36185E-02
 4312.78   0.42353E-02   0.37796E-02   0.35880E-02
 4326.39   0.42028E-02   0.37455E-02   0.35564E-02
 4339.99   0.41710E-02   0.37121E-02   0.35255E-02
 4353.60   0.41397E-02   0.36792E-02   0.34950E-02
 4367.20   0.41086E-02   0.36467E-02   0.34648E-02
 4380.81   0.40777E-02   0.36143E-02   0.34348E-02
 4394.41   0.40469E-02   0.35822E-02   0.34051E-02
 4408.02   0.40163E-02   0.35503E-02   0.33755E-02
 4421.62   0.39852E-02   0.35181E-02   0.33456E-02
 4435.23   0.39598E-02   0.34909E-02   0.33205E-02
 4448.83   0.39281E-02   0.34583E-02   0.32902E-02
 4462.44   0.38987E-02   0.34277E-02   0.32620E-02
 4476.04   0.38699E-02   0.33977E-02   0.32342E-02
 4489.65   0.38414E-02   0.33682E-02   0.32069E-02
 4503.25   0.38132E-02   0.33389E-02   0.31798E-02
 4516.86   0.37853E-02   0.33099E-02   0.31530E-02
 4530.46   0.37574E-02   0.32811E-02   0.31264E-02
 4544.07   0.37294E-02   0.32522E-02   0.30997E-02
 4557.67   0.37014E-02   0.32235E-02   0.30731E-02
 4571.28   0.36770E-02   0.31979E-02   0.30495E-02
 4584.88   0.36494E-02   0.31696E-02   0.30234E-02
 4598.49   0.36227E-02   0.31421E-02   0.29980E-02
 4612.09   0.35963E-02   0.31150E-02   0.29730E-02
 4625.70   0.35704E-02   0.30884E-02   0.29484E-02
 4639.30   0.35448E-02   0.30621E-02   0.29241E-02
 4652.91   0.35193E-02   0.30360E-02   0.29000E-02
 4666.51   0.34940E-02   0.30101E-02   0.28761E-02
 4680.12   0.34684E-02   0.29840E-02   0.28521E-02
 4693.72   0.34421E-02   0.29574E-02   0.28275E-02
 4707.33   0.34206E-02   0.29349E-02   0.28069E-02
 4720.93   0.33957E-02   0.29097E-02   0.27836E-02
 4734.54   0.33713E-02   0.28849E-02   0.27607E-02
 4748.14   0.33472E-02   0.28604E-02   0.27382E-02
 4761.75   0.33234E-02   0.28363E-02   0.27160E-02
 4775.35   0.33000E-02   0.28125E-02   0.26941E-02
 4788.96   0.32768E-02   0.27890E-02   0.26724E-02
 4802.56   0.32538E-02   0.27657E-02   0.26510E-02
 4816.17   0.32306E-02   0.27424E-02   0.26295E-02
 4829.77   0.32099E-02   0.27211E-02   0.26100E-02
 4843.38   0.31865E-02   0.26977E-02   0.25884E-02
 4856.98   0.31640E-02   0.26751E-02   0.25676E-02
 4870.59   0.31416E-02   0.26527E-02   0.25470E-02
 4884.19   0.31195E-02   0.26306E-02   0.25266E-02
 4897.80   0.30977E-02   0.26087E-02   0.25065E-02
 4911.40   0.30761E-02   0.25871E-02   0.24867E-02
 4925.01   0.30548E-02   0.25658E-02   0.24671E-02
 4938.61   0.30338E-02   0.25448E-02   0.24478E-02
 4952.22   0.30128E-02   0.25239E-02   0.24286E-02
 4965.82   0.29926E-02   0.25038E-02   0.24101E-02
 4979.43   0.29719E-02   0.24832E-02   0.23912E-02
 4993.03   0.29514E-02   0.24628E-02   0.23725E-02
 5006.64   0.29310E-02   0.24427E-02   0.23540E-02
 5020.24   0.29107E-02   0.24226E-02   0.23355E-02
 5033.85   0.28906E-02   0.24027E-02   0.23173E-02
 5047.45   0.28706E-02   0.23831E-02   0.22992E-02
 5061.06   0.28509E-02   0.23637E-02   0.22814E-02
 5074.66   0.28315E-02   0.23445E-02   0.22639E-02
 5088.27   0.28122E-02   0.23256E-02   0.22464E-02
 5101.87   0.27935E-02   0.23073E-02   0.22297E-02
 5115.48   0.27746E-02   0.22887E-02   0.22126E-02
 5129.08   0.27558E-02   0.22703E-02   0.21958E-02
 5142.69   0.27372E-02   0.22521E-02   0.21791E-02
 5156.29   0.27186E-02   0.22340E-02   0.21625E-02
 5169.90   0.27001E-02   0.22160E-02   0.21460E-02
 5183.50   0.26816E-02   0.21981E-02   0.21296E-02
 5197.11   0.26633E-02   0.21804E-02   0.21133E-02
 5210.71   0.26452E-02   0.21629E-02   0.20972E-02
 5224.32   0.26271E-02   0.21454E-02   0.20812E-02
 5237.92   0.26094E-02   0.21283E-02   0.20655E-02
 5251.53   0.25928E-02   0.21122E-02   0.20508E-02
 5265.13   0.25755E-02   0.20955E-02   0.20355E-02
 5278.74   0.25583E-02   0.20790E-02   0.20204E-02
 5292.34   0.25413E-02   0.20627E-02   0.20054E-02
 5305.95   0.25243E-02   0.20464E-02   0.19905E-02
 5319.55   0.25073E-02   0.20302E-02   0.19756E-02
 5333.16   0.24904E-02   0.20141E-02   0.19608E-02
 5346.76   0.24735E-02   0.19980E-02   0.19461E-02
 5360.37   0.24565E-02   0.19820E-02   0.19314E-02
 5373.97   0.24400E-02   0.19663E-02   0.19170E-02
 5387.58   0.24255E-02   0.19523E-02   0.19043E-02
 5401.18   0.24089E-02   0.19367E-02   0.18900E-02
 5414.79   0.23929E-02   0.19216E-02   0.18761E-02
 5428.39   0.23772E-02   0.19067E-02   0.18625E-02
 5442.00   0.23615E-02   0.18919E-02   0.18490E-02
 5455.60   0.23460E-02   0.18773E-02   0.18356E-02
 5469.21   0.23304E-02   0.18627E-02   0.18222E-02
 5482.81   0.23148E-02   0.18482E-02   0.18089E-02
 5496.42   0.22992E-02   0.18336E-02   0.17955E-02
 5510.02   0.22826E-02   0.18184E-02   0.17815E-02
 5523.63   0.22720E-02   0.18078E-02   0.17721E-02
 5537.23   0.22551E-02   0.17923E-02   0.17578E-02
 5550.84   0.22399E-02   0.17783E-02   0.17449E-02
 5564.44   0.22251E-02   0.17646E-02   0.17323E-02
 5578.05   0.22105E-02   0.17511E-02   0.17200E-02
 5591.65   0.21961E-02   0.17378E-02   0.17078E-02
 5605.26   0.21817E-02   0.17245E-02   0.16957E-02
 5618.86   0.21675E-02   0.17114E-02   0.16836E-02
 5632.47   0.21531E-02   0.16983E-02   0.16716E-02
 5646.07   0.21386E-02   0.16850E-02   0.16594E-02
 5659.68   0.21241E-02   0.16718E-02   0.16473E-02
 5673.28   0.21127E-02   0.16611E-02   0.16376E-02
 5686.89   0.20980E-02   0.16478E-02   0.16254E-02
 5700.49   0.20840E-02   0.16351E-02   0.16137E-02
 5714.10   0.20702E-02   0.16226E-02   0.16023E-02
 5727.70   0.20567E-02   0.16104E-02   0.15911E-02
 5741.31   0.20433E-02   0.15983E-02   0.15800E-02
 5754.91   0.20301E-02   0.15863E-02   0.15690E-02
 5768.52   0.20170E-02   0.15745E-02   0.15582E-02
 5782.12   0.20039E-02   0.15627E-02   0.15474E-02
 5795.73   0.19905E-02   0.15507E-02   0.15364E-02
 5809.33   0.19769E-02   0.15386E-02   0.15252E-02
 5822.94   0.19662E-02   0.15287E-02   0.15163E-02
 5836.54   0.19529E-02   0.15170E-02   0.15055E-02
 5850.15   0.19400E-02   0.15055E-02   0.14949E-02
 5863.75   0.19272E-02   0.14941E-02   0.14845E-02
 5877.36   0.19146E-02   0.14829E-02   0.14743E-02
 5890.96   0.19022E-02   0.14719E-02   0.14642E-02
 5904.57   0.18899E-02   0.14611E-02   0.14542E-02
 5918.17   0.18777E-02   0.14503E-02   0.14444E-02
 5931.78   0.18657E-02   0.14397E-02   0.14346E-02
 5945.38   0.18535E-02   0.14290E-02   0.14248E-02
 5958.99   0.18411E-02   0.14182E-02   0.14148E-02
 5972.59   0.18305E-02   0.14087E-02   0.14063E-02
 5986.20   0.18185E-02   0.13982E-02   0.13966E-02
 5999.80   0.18066E-02   0.13879E-02   0.13871E-02
 6013.41   0.17947E-02   0.13776E-02   0.13777E-02
 6027.01   0.17830E-02   0.13674E-02   0.13683E-02
 6040.62   0.17714E-02   0.13573E-02   0.13590E-02
 6054.22   0.17599E-02   0.13474E-02   0.13499E-02
 6067.83   0.17486E-02   0.13376E-02   0.13409E-02
 6081.43   0.17374E-02   0.13279E-02   0.13320E-02
 6095.04   0.17262E-02   0.13183E-02   0.13232E-02
 6108.64   0.17151E-02   0.13088E-02   0.13145E-02
 6122.25   0.17045E-02   0.12997E-02   0.13061E-02
 6135.85   0.16936E-02   0.12903E-02   0.12975E-02
 6149.46   0.16827E-02   0.12810E-02   0.12889E-02
 6163.06   0.16718E-02   0.12717E-02   0.12804E-02
 6176.67   0.16609E-02   0.12625E-02   0.12719E-02
 6190.27   0.16500E-02   0.12533E-02   0.12634E-02
 6203.88   0.16393E-02   0.12442E-02   0.12550E-02
 6217.48   0.16286E-02   0.12352E-02   0.12467E-02
 6231.09   0.16181E-02   0.12263E-02   0.12385E-02
 6244.69   0.16076E-02   0.12175E-02   0.12304E-02
 6258.30   0.15974E-02   0.12089E-02   0.12226E-02
 6271.90   0.15876E-02   0.12006E-02   0.12149E-02
 6285.51   0.15774E-02   0.11921E-02   0.12071E-02
 6299.11   0.15673E-02   0.11837E-02   0.11994E-02
 6312.72   0.15573E-02   0.11753E-02   0.11916E-02
 6326.32   0.15473E-02   0.11670E-02   0.11839E-02
 6339.93   0.15372E-02   0.11586E-02   0.11763E-02
 6353.53   0.15272E-02   0.11503E-02   0.11686E-02
 6367.14   0.15172E-02   0.11421E-02   0.11610E-02
 6380.74   0.15072E-02   0.11339E-02   0.11534E-02
 6394.35   0.14973E-02   0.11257E-02   0.11458E-02
 6407.95   0.14877E-02   0.11178E-02   0.11385E-02
 6421.56   0.14792E-02   0.11108E-02   0.11321E-02
 6435.16   0.14694E-02   0.11027E-02   0.11246E-02
 6448.77   0.14599E-02   0.10950E-02   0.11175E-02
 6462.37   0.14506E-02   0.10874E-02   0.11105E-02
 6475.98   0.14414E-02   0.10798E-02   0.11035E-02
 6489.58   0.14321E-02   0.10723E-02   0.10966E-02
 6503.19   0.14229E-02   0.10648E-02   0.10896E-02
 6516.79   0.14136E-02   0.10573E-02   0.10827E-02
 6530.40   0.14043E-02   0.10498E-02   0.10757E-02
 6544.00   0.13949E-02   0.10423E-02   0.10687E-02
 6557.61   0.13850E-02   0.10344E-02   0.10613E-02
 6571.21   0.13758E-02   0.10270E-02   0.10545E-02
 6584.82   0.13691E-02   0.10215E-02   0.10496E-02
 6598.42   0.13600E-02   0.10143E-02   0.10428E-02
 6612.03   0.13512E-02   0.10072E-02   0.10363E-02
 6625.63   0.13425E-02   0.10003E-02   0.10299E-02
 6639.24   0.13340E-02   0.99351E-03   0.10236E-02
 6652.84   0.13254E-02   0.98673E-03   0.10173E-02
 6666.45   0.13169E-02   0.97997E-03   0.10110E-02
 6680.05   0.13083E-02   0.97320E-03   0.10047E-02
 6693.66   0.12997E-02   0.96640E-03   0.99838E-03
 6707.26   0.12908E-02   0.95943E-03   0.99186E-03
 6720.87   0.12822E-02   0.95271E-03   0.98559E-03
 6734.47   0.12763E-02   0.94799E-03   0.98142E-03
 6748.08   0.12671E-02   0.94082E-03   0.97465E-03
 6761.68   0.12586E-02   0.93421E-03   0.96848E-03
 6775.29   0.12504E-02   0.92779E-03   0.96249E-03
 6788.89   0.12423E-02   0.92150E-03   0.95663E-03
 6802.50   0.12343E-02   0.91530E-03   0.95086E-03
 6816.10   0.12264E-02   0.90916E-03   0.94515E-03
 6829.71   0.12185E-02   0.90307E-03   0.93947E-03
 6843.31   0.12106E-02   0.89698E-03   0.93379E-03
 6856.92   0.12026E-02   0.89083E-03   0.92805E-03
 6870.52   0.11943E-02   0.88444E-03   0.92202E-03
 6884.13   0.11861E-02   0.87820E-03   0.91615E-03
 6897.73   0.11806E-02   0.87394E-03   0.91238E-03
 6911.34   0.11724E-02   0.86765E-03   0.90645E-03
 6924.94   0.11645E-02   0.86166E-03   0.90081E-03
 6938.55   0.11568E-02   0.85579E-03   0.89531E-03
 6952.15   0.11492E-02   0.85003E-03   0.88991E-03
 6965.76   0.11418E-02   0.84437E-03   0.88461E-03
 6979.36   0.11344E-02   0.83879E-03   0.87939E-03
 6992.97   0.11271E-02   0.83327E-03   0.87423E-03
 7006.57   0.11198E-02   0.82779E-03   0.86909E-03
 7020.18   0.11125E-02   0.82229E-03   0.86394E-03
 7033.78   0.11049E-02   0.81658E-03   0.85854E-03
 7047.39   0.10973E-02   0.81087E-03   0.85314E-03
 7060.99   0.10918E-02   0.80678E-03   0.84946E-03
 7074.60   0.10844E-02   0.80123E-03   0.84422E-03
 7088.20   0.10772E-02   0.79582E-03   0.83910E-03
 7101.81   0.10700E-02   0.79048E-03   0.83406E-03
 7115.41   0.10629E-02   0.78521E-03   0.82909E-03
 7129.02   0.10559E-02   0.78001E-03   0.82419E-03
 7142.62   0.10490E-02   0.77490E-03   0.81938E-03
 7156.23   0.10422E-02   0.76986E-03   0.81464E-03
 7169.83   0.10354E-02   0.76489E-03   0.80996E-03
 7183.44   0.10287E-02   0.75996E-03   0.80532E-03
 7197.04   0.10219E-02   0.75496E-03   0.80061E-03
 7210.65   0.10150E-02   0.74992E-03   0.79583E-03
 7224.25   0.10093E-02   0.74571E-03   0.79191E-03
 7237.86   0.10026E-02   0.74082E-03   0.78728E-03
 7251.46   0.99591E-03   0.73597E-03   0.78269E-03
 7265.07   0.98928E-03   0.73114E-03   0.77811E-03
 7278.67   0.98268E-03   0.72634E-03   0.77355E-03
 7292.28   0.97612E-03   0.72158E-03   0.76903E-03
 7305.88   0.96963E-03   0.71688E-03   0.76456E-03
 7319.49   0.96321E-03   0.71224E-03   0.76016E-03
 7333.09   0.95687E-03   0.70767E-03   0.75583E-03
 7346.70   0.95061E-03   0.70317E-03   0.75157E-03
 7360.30   0.94436E-03   0.69869E-03   0.74733E-03
 7373.91   0.93823E-03   0.69430E-03   0.74317E-03
 7387.51   0.93245E-03   0.69013E-03   0.73921E-03
 7401.12   0.92633E-03   0.68577E-03   0.73508E-03
 7414.72   0.92025E-03   0.68144E-03   0.73096E-03
 7428.33   0.91417E-03   0.67711E-03   0.72683E-03
 7441.93   0.90808E-03   0.67278E-03   0.72270E-03
 7455.54   0.90200E-03   0.66845E-03   0.71856E-03
 7469.14   0.89593E-03   0.66414E-03   0.71444E-03
 7482.75   0.88990E-03   0.65987E-03   0.71035E-03
 7496.35   0.88392E-03   0.65564E-03   0.70629E-03
 7509.96   0.87799E-03   0.65145E-03   0.70229E-03
 7523.56   0.87206E-03   0.64729E-03   0.69830E-03
 7537.17   0.86643E-03   0.64336E-03   0.69456E-03
 7550.77   0.86123E-03   0.63968E-03   0.69106E-03
 7564.38   0.85544E-03   0.63564E-03   0.68720E-03
 7577.98   0.84980E-03   0.63171E-03   0.68344E-03
 7591.59   0.84421E-03   0.62782E-03   0.67971E-03
 7605.19   0.83862E-03   0.62393E-03   0.67599E-03
 7618.80   0.83303E-03   0.62004E-03   0.67225E-03
 7632.40   0.82743E-03   0.61614E-03   0.66850E-03
 7646.01   0.82182E-03   0.61225E-03   0.66474E-03
 7659.61   0.81622E-03   0.60835E-03   0.66097E-03
 7673.22   0.81062E-03   0.60447E-03   0.65721E-03
 7686.82   0.80498E-03   0.60056E-03   0.65342E-03
 7700.43   0.79880E-03   0.59626E-03   0.64921E-03
 7714.03   0.79585E-03   0.59436E-03   0.64758E-03
 7727.64   0.78972E-03   0.59011E-03   0.64341E-03
 7741.24   0.78434E-03   0.58642E-03   0.63985E-03
 7754.85   0.77911E-03   0.58285E-03   0.63640E-03
 7768.45   0.77394E-03   0.57932E-03   0.63300E-03
 7782.06   0.76879E-03   0.57582E-03   0.62962E-03
 7795.66   0.76366E-03   0.57233E-03   0.62623E-03
 7809.27   0.75851E-03   0.56883E-03   0.62284E-03
 7822.87   0.75334E-03   0.56531E-03   0.61941E-03
 7836.48   0.74815E-03   0.56177E-03   0.61596E-03
 7850.08   0.74290E-03   0.55818E-03   0.61245E-03
 7863.69   0.73741E-03   0.55441E-03   0.60872E-03
 7877.29   0.73245E-03   0.55107E-03   0.60548E-03
 7890.90   0.72910E-03   0.54898E-03   0.60361E-03
 7904.50   0.72370E-03   0.54529E-03   0.59996E-03
 7918.11   0.71868E-03   0.54190E-03   0.59665E-03
 7931.71   0.71380E-03   0.53863E-03   0.59345E-03
 7945.32   0.70900E-03   0.53542E-03   0.59032E-03
 7958.92   0.70425E-03   0.53225E-03   0.58724E-03
 7972.53   0.69952E-03   0.52911E-03   0.58417E-03
 7986.13   0.69480E-03   0.52596E-03   0.58109E-03
 7999.74   0.69006E-03   0.52280E-03   0.57800E-03
 8013.34   0.68528E-03   0.51960E-03   0.57485E-03
 8026.95   0.68039E-03   0.51631E-03   0.57159E-03
 8040.55   0.67493E-03   0.51256E-03   0.56780E-03
 8054.16   0.67024E-03   0.50943E-03   0.56472E-03
 8067.76   0.66764E-03   0.50801E-03   0.56355E-03
 8081.37   0.66273E-03   0.50470E-03   0.56025E-03
 8094.97   0.65805E-03   0.50159E-03   0.55716E-03
 8108.58   0.65350E-03   0.49858E-03   0.55419E-03
 8122.18   0.64902E-03   0.49563E-03   0.55128E-03
 8135.79   0.64461E-03   0.49274E-03   0.54844E-03
 8149.39   0.64025E-03   0.48989E-03   0.54563E-03
 8163.00   0.63591E-03   0.48706E-03   0.54284E-03
 8176.60   0.63158E-03   0.48424E-03   0.54005E-03
 8190.21   0.62721E-03   0.48138E-03   0.53721E-03
 8203.81   0.62273E-03   0.47842E-03   0.53426E-03
 8217.42   0.61744E-03   0.47479E-03   0.53055E-03
 8231.02   0.61616E-03   0.47447E-03   0.53057E-03
 8244.63   0.61087E-03   0.47084E-03   0.52684E-03
 8258.23   0.60641E-03   0.46788E-03   0.52386E-03
 8271.84   0.60209E-03   0.46505E-03   0.52102E-03
 8285.44   0.59785E-03   0.46228E-03   0.51825E-03
 8299.05   0.59368E-03   0.45957E-03   0.51554E-03
 8312.65   0.58957E-03   0.45691E-03   0.51289E-03
 8326.26   0.58552E-03   0.45430E-03   0.51029E-03
 8339.86   0.58151E-03   0.45173E-03   0.50773E-03
 8353.47   0.57753E-03   0.44919E-03   0.50520E-03
 8367.07   0.57355E-03   0.44665E-03   0.50266E-03
 8380.68   0.56951E-03   0.44405E-03   0.50006E-03
 8394.28   0.56504E-03   0.44105E-03   0.49698E-03
 8407.89   0.56285E-03   0.43995E-03   0.49605E-03
 8421.49   0.55842E-03   0.43703E-03   0.49308E-03
 8435.10   0.55440E-03   0.43443E-03   0.49044E-03
 8448.70   0.55044E-03   0.43188E-03   0.48786E-03
 8462.31   0.54653E-03   0.42936E-03   0.48531E-03
 8475.91   0.54266E-03   0.42687E-03   0.48279E-03
 8489.52   0.53883E-03   0.42441E-03   0.48031E-03
 8503.12   0.53505E-03   0.42200E-03   0.47787E-03
 8516.73   0.53132E-03   0.41964E-03   0.47548E-03
 8530.33   0.52764E-03   0.41731E-03   0.47314E-03
 8543.94   0.52398E-03   0.41502E-03   0.47083E-03
 8557.54   0.52032E-03   0.41274E-03   0.46852E-03
 8571.15   0.51641E-03   0.41032E-03   0.46608E-03
 8584.75   0.51385E-03   0.40863E-03   0.46440E-03
 8598.36   0.50998E-03   0.40623E-03   0.46196E-03
 8611.96   0.50636E-03   0.40396E-03   0.45965E-03
 8625.57   0.50277E-03   0.40170E-03   0.45734E-03
 8639.17   0.49920E-03   0.39943E-03   0.45503E-03
 8652.78   0.49564E-03   0.39717E-03   0.45272E-03
 8666.38   0.49210E-03   0.39492E-03   0.45041E-03
 8679.99   0.48859E-03   0.39270E-03   0.44813E-03
 8693.59   0.48511E-03   0.39050E-03   0.44587E-03
 8707.20   0.48167E-03   0.38834E-03   0.44366E-03
 8720.80   0.47826E-03   0.38622E-03   0.44149E-03
 8734.41   0.47488E-03   0.38412E-03   0.43935E-03
 8748.01   0.47139E-03   0.38202E-03   0.43720E-03
 8761.62   0.46818E-03   0.38004E-03   0.43518E-03
 8775.22   0.46534E-03   0.37818E-03   0.43327E-03
 8788.83   0.46204E-03   0.37617E-03   0.43121E-03
 8802.43   0.45879E-03   0.37417E-03   0.42915E-03
 8816.04   0.45554E-03   0.37216E-03   0.42708E-03
 8829.64   0.45230E-03   0.37014E-03   0.42500E-03
 8843.25   0.44906E-03   0.36811E-03   0.42290E-03
 8856.85   0.44583E-03   0.36608E-03   0.42079E-03
 8870.46   0.44261E-03   0.36406E-03   0.41868E-03
 8884.06   0.43940E-03   0.36204E-03   0.41659E-03
 8897.67   0.43622E-03   0.36005E-03   0.41451E-03
 8911.27   0.43304E-03   0.35807E-03   0.41245E-03
 8924.88   0.42980E-03   0.35606E-03   0.41035E-03
 8938.48   0.42688E-03   0.35432E-03   0.40857E-03
 8952.09   0.42443E-03   0.35280E-03   0.40701E-03
 8965.69   0.42128E-03   0.35088E-03   0.40500E-03
 8979.30   0.41827E-03   0.34905E-03   0.40310E-03
 8992.90   0.41530E-03   0.34725E-03   0.40123E-03
 9006.51   0.41235E-03   0.34546E-03   0.39936E-03
 9020.11   0.40941E-03   0.34366E-03   0.39747E-03
 9033.72   0.40647E-03   0.34184E-03   0.39557E-03
 9047.32   0.40353E-03   0.34002E-03   0.39365E-03
 9060.93   0.40058E-03   0.33818E-03   0.39172E-03
 9074.53   0.39764E-03   0.33633E-03   0.38977E-03
 9088.14   0.39468E-03   0.33447E-03   0.38780E-03
 9101.74   0.39168E-03   0.33257E-03   0.38577E-03
 9115.35   0.38819E-03   0.33023E-03   0.38323E-03
 9128.95   0.38747E-03   0.33038E-03   0.38360E-03
 9142.56   0.38395E-03   0.32801E-03   0.38103E-03
 9156.16   0.38108E-03   0.32623E-03   0.37913E-03
 9169.77   0.37831E-03   0.32455E-03   0.37735E-03
 9183.37   0.37559E-03   0.32291E-03   0.37562E-03
 9196.98   0.37291E-03   0.32129E-03   0.37391E-03
 9210.58   0.37023E-03   0.31968E-03   0.37220E-03
 9224.19   0.36756E-03   0.31806E-03   0.37048E-03
 9237.79   0.36489E-03   0.31643E-03   0.36875E-03
 9251.40   0.36222E-03   0.31478E-03   0.36698E-03
 9265.00   0.35953E-03   0.31310E-03   0.36518E-03
 9278.61   0.35680E-03   0.31136E-03   0.36331E-03
 9292.21   0.35392E-03   0.30946E-03   0.36124E-03
 9305.82   0.35142E-03   0.30798E-03   0.35966E-03
 9319.42   0.35002E-03   0.30761E-03   0.35939E-03
 9333.03   0.34707E-03   0.30562E-03   0.35720E-03
 9346.63   0.34443E-03   0.30395E-03   0.35541E-03
 9360.24   0.34188E-03   0.30239E-03   0.35372E-03
 9373.84   0.33938E-03   0.30088E-03   0.35210E-03
 9387.45   0.33692E-03   0.29940E-03   0.35051E-03
 9401.05   0.33449E-03   0.29795E-03   0.34895E-03
 9414.66   0.33207E-03   0.29650E-03   0.34739E-03
 9428.26   0.32965E-03   0.29505E-03   0.34582E-03
 9441.87   0.32723E-03   0.29358E-03   0.34423E-03
 9455.47   0.32479E-03   0.29207E-03   0.34259E-03
 9469.08   0.32229E-03   0.29049E-03   0.34086E-03
 9482.68   0.31956E-03   0.28862E-03   0.33879E-03
 9496.29   0.31728E-03   0.28725E-03   0.33730E-03
 9509.89   0.31606E-03   0.28709E-03   0.33724E-03
 9523.50   0.31345E-03   0.28533E-03   0.33530E-03
 9537.10   0.31104E-03   0.28380E-03   0.33361E-03
 9550.71   0.30870E-03   0.28234E-03   0.33202E-03
 9564.31   0.30641E-03   0.28094E-03   0.33048E-03
 9577.92   0.30415E-03   0.27957E-03   0.32898E-03
 9591.52   0.30192E-03   0.27824E-03   0.32753E-03
 9605.13   0.29972E-03   0.27693E-03   0.32609E-03
 9618.73   0.29753E-03   0.27563E-03   0.32467E-03
 9632.34   0.29534E-03   0.27433E-03   0.32324E-03
 9645.94   0.29314E-03   0.27300E-03   0.32179E-03
 9659.55   0.29090E-03   0.27162E-03   0.32025E-03
 9673.15   0.28841E-03   0.26995E-03   0.31838E-03
 9686.76   0.28633E-03   0.26865E-03   0.31695E-03
 9700.36   0.28515E-03   0.26843E-03   0.31679E-03
 9713.97   0.28284E-03   0.26692E-03   0.31510E-03
 9727.57   0.28066E-03   0.26553E-03   0.31355E-03
 9741.18   0.27853E-03   0.26419E-03   0.31205E-03
 9754.78   0.27643E-03   0.26288E-03   0.31060E-03
 9768.39   0.27436E-03   0.26161E-03   0.30918E-03
 9781.99   0.27231E-03   0.26037E-03   0.30780E-03
 9795.60   0.27029E-03   0.25916E-03   0.30645E-03
 9809.20   0.26830E-03   0.25797E-03   0.30513E-03
 9822.81   0.26631E-03   0.25681E-03   0.30383E-03
 9836.41   0.26433E-03   0.25564E-03   0.30253E-03
 9850.02   0.26233E-03   0.25446E-03   0.30121E-03
 9863.62   0.26016E-03   0.25314E-03   0.29972E-03
 9877.23   0.25827E-03   0.25193E-03   0.29836E-03
 9890.83   0.25703E-03   0.25141E-03   0.29781E-03
 9904.44   0.25499E-03   0.25014E-03   0.29637E-03
 9918.04   0.25302E-03   0.24892E-03   0.29500E-03
 9931.65   0.25110E-03   0.24772E-03   0.29364E-03
 9945.25   0.24919E-03   0.24652E-03   0.29229E-03
 9958.86   0.24730E-03   0.24534E-03   0.29095E-03
 9972.46   0.24543E-03   0.24418E-03   0.28964E-03
 9986.07   0.24358E-03   0.24305E-03   0.28835E-03
 9999.67   0.24175E-03   0.24194E-03   0.28709E-03
