   13.60   0.56840E+01   0.57032E+01   0.81931E+01
   27.21   0.84592E+00   0.84828E+00   0.12199E+01
   40.81   0.27325E+00   0.27335E+00   0.34054E+00
   54.42   0.16305E+00   0.16262E+00   0.15893E+00
   68.02   0.13587E+00   0.13533E+00   0.11389E+00
   81.63   0.12489E+00   0.12436E+00   0.10026E+00
   95.23   0.11681E+00   0.11633E+00   0.93861E-01
  108.84   0.10934E+00   0.10893E+00   0.89068E-01
  122.44   0.10224E+00   0.10189E+00   0.84644E-01
  136.05   0.95517E-01   0.95224E-01   0.80318E-01
  149.65   0.89182E-01   0.88947E-01   0.76070E-01
  163.26   0.83302E-01   0.83114E-01   0.71961E-01
  176.86   0.77893E-01   0.77751E-01   0.68050E-01
  190.47   0.72971E-01   0.72863E-01   0.64380E-01
  204.07   0.68486E-01   0.68416E-01   0.60955E-01
  217.68   0.64405E-01   0.64360E-01   0.57762E-01
  231.28   0.60642E-01   0.60629E-01   0.54765E-01
  244.89   0.57172E-01   0.57179E-01   0.51944E-01
  258.49   0.53929E-01   0.53960E-01   0.49270E-01
  272.10   0.50905E-01   0.50954E-01   0.46738E-01
  285.70   0.48079E-01   0.48143E-01   0.44341E-01
  299.31   0.45428E-01   0.45512E-01   0.42073E-01
  312.91   0.42981E-01   0.43074E-01   0.39954E-01
  326.52   0.40696E-01   0.40803E-01   0.37963E-01
  340.12   0.38576E-01   0.38695E-01   0.36102E-01
  353.73   0.36609E-01   0.36734E-01   0.34361E-01
  367.33   0.34776E-01   0.34911E-01   0.32733E-01
  380.94   0.33071E-01   0.33213E-01   0.31209E-01
  394.54   0.31481E-01   0.31627E-01   0.29778E-01
  408.15   0.29991E-01   0.30143E-01   0.28435E-01
  421.75   0.28597E-01   0.28756E-01   0.27173E-01
  435.36   0.27293E-01   0.27454E-01   0.25986E-01
  448.96   0.26069E-01   0.26234E-01   0.24870E-01
  462.57   0.24921E-01   0.25091E-01   0.23820E-01
  476.17   0.23847E-01   0.24018E-01   0.22832E-01
  489.78   0.22837E-01   0.23011E-01   0.21902E-01
  503.38   0.21888E-01   0.22066E-01   0.21028E-01
  516.99   0.20996E-01   0.21176E-01   0.20203E-01
  530.59   0.20156E-01   0.20336E-01   0.19422E-01
  544.20   0.19361E-01   0.19544E-01   0.18684E-01
  557.80   0.18608E-01   0.18794E-01   0.17983E-01
  571.41   0.17896E-01   0.18081E-01   0.17317E-01
  585.01   0.17220E-01   0.17405E-01   0.16683E-01
  598.62   0.16573E-01   0.16761E-01   0.16078E-01
  612.22   0.15960E-01   0.16148E-01   0.15501E-01
  625.83   0.15376E-01   0.15563E-01   0.14950E-01
  639.43   0.14821E-01   0.15007E-01   0.14426E-01
  653.04   0.14289E-01   0.14476E-01   0.13924E-01
  666.64   0.13783E-01   0.13971E-01   0.13445E-01
  680.25   0.13303E-01   0.13489E-01   0.12988E-01
  693.85   0.12843E-01   0.13028E-01   0.12551E-01
  707.46   0.12403E-01   0.12589E-01   0.12134E-01
  721.06   0.11985E-01   0.12170E-01   0.11735E-01
  734.67   0.11587E-01   0.11770E-01   0.11355E-01
  748.27   0.11205E-01   0.11387E-01   0.10990E-01
  761.88   0.10839E-01   0.11021E-01   0.10641E-01
  775.48   0.10490E-01   0.10671E-01   0.10306E-01
  789.09   0.10157E-01   0.10336E-01   0.99861E-02
  802.69   0.98371E-02   0.10015E-01   0.96788E-02
  816.30   0.95293E-02   0.97068E-02   0.93840E-02
  829.90   0.92347E-02   0.94116E-02   0.91011E-02
  843.51   0.89540E-02   0.91289E-02   0.88300E-02
  857.11   0.86845E-02   0.88575E-02   0.85697E-02
  870.72   0.84246E-02   0.85972E-02   0.83197E-02
  884.32   0.81750E-02   0.83472E-02   0.80794E-02
  897.93   0.79372E-02   0.81078E-02   0.78492E-02
  911.53   0.77091E-02   0.78774E-02   0.76276E-02
  925.14   0.74895E-02   0.76563E-02   0.74148E-02
  938.74   0.72775E-02   0.74437E-02   0.72100E-02
  952.35   0.70736E-02   0.72387E-02   0.70124E-02
  965.95   0.68796E-02   0.70426E-02   0.68233E-02
  979.56   0.66922E-02   0.68530E-02   0.66404E-02
  993.16   0.65109E-02   0.66704E-02   0.64641E-02
 1006.77   0.63352E-02   0.64940E-02   0.62938E-02
 1020.37   0.61669E-02   0.63244E-02   0.61299E-02
 1033.98   0.60047E-02   0.61600E-02   0.59710E-02
 1047.58   0.58481E-02   0.60014E-02   0.58176E-02
 1061.19   0.56961E-02   0.58482E-02   0.56694E-02
 1074.79   0.55486E-02   0.56998E-02   0.55257E-02
 1088.40   0.54072E-02   0.55569E-02   0.53873E-02
 1102.00   0.52708E-02   0.54183E-02   0.52531E-02
 1115.61   0.51390E-02   0.52843E-02   0.51232E-02
 1129.21   0.50108E-02   0.51547E-02   0.49976E-02
 1142.82   0.48867E-02   0.50295E-02   0.48762E-02
 1156.42   0.47669E-02   0.49081E-02   0.47584E-02
 1170.03   0.46516E-02   0.47906E-02   0.46444E-02
 1183.63   0.45401E-02   0.46769E-02   0.45340E-02
 1197.24   0.44317E-02   0.45669E-02   0.44272E-02
 1210.84   0.43262E-02   0.44604E-02   0.43237E-02
 1224.45   0.42244E-02   0.43571E-02   0.42234E-02
 1238.05   0.41262E-02   0.42570E-02   0.41262E-02
 1251.66   0.40313E-02   0.41600E-02   0.40319E-02
 1265.26   0.39389E-02   0.40659E-02   0.39404E-02
 1278.87   0.38489E-02   0.39748E-02   0.38518E-02
 1292.47   0.37617E-02   0.38863E-02   0.37658E-02
 1306.08   0.36775E-02   0.38005E-02   0.36823E-02
 1319.68   0.35961E-02   0.37171E-02   0.36012E-02
 1333.29   0.35170E-02   0.36362E-02   0.35224E-02
 1346.89   0.34400E-02   0.35578E-02   0.34462E-02
 1360.50   0.33648E-02   0.34815E-02   0.33719E-02
 1374.10   0.32921E-02   0.34075E-02   0.32998E-02
 1387.71   0.32219E-02   0.33356E-02   0.32298E-02
 1401.31   0.31539E-02   0.32657E-02   0.31618E-02
 1414.92   0.30875E-02   0.31977E-02   0.30955E-02
 1428.52   0.30229E-02   0.31321E-02   0.30315E-02
 1442.13   0.29599E-02   0.30680E-02   0.29691E-02
 1455.73   0.28990E-02   0.30057E-02   0.29085E-02
 1469.34   0.28402E-02   0.29452E-02   0.28495E-02
 1482.94   0.27830E-02   0.28861E-02   0.27919E-02
 1496.55   0.27274E-02   0.28291E-02   0.27363E-02
 1510.15   0.26727E-02   0.27732E-02   0.26819E-02
 1523.76   0.26196E-02   0.27189E-02   0.26290E-02
 1537.36   0.25682E-02   0.26661E-02   0.25775E-02
 1550.97   0.25184E-02   0.26146E-02   0.25272E-02
 1564.57   0.24698E-02   0.25643E-02   0.24782E-02
 1578.18   0.24225E-02   0.25156E-02   0.24307E-02
 1591.78   0.23758E-02   0.24678E-02   0.23841E-02
 1605.39   0.23304E-02   0.24213E-02   0.23388E-02
 1618.99   0.22864E-02   0.23759E-02   0.22945E-02
 1632.60   0.22437E-02   0.23317E-02   0.22514E-02
 1646.20   0.22023E-02   0.22886E-02   0.22094E-02
 1659.81   0.21615E-02   0.22464E-02   0.21682E-02
 1673.41   0.21215E-02   0.22052E-02   0.21281E-02
 1687.02   0.20823E-02   0.21651E-02   0.20889E-02
 1700.62   0.20444E-02   0.21259E-02   0.20507E-02
 1714.23   0.20076E-02   0.20876E-02   0.20134E-02
 1727.83   0.19718E-02   0.20503E-02   0.19771E-02
 1741.44   0.19367E-02   0.20139E-02   0.19415E-02
 1755.04   0.19022E-02   0.19782E-02   0.19068E-02
 1768.65   0.18683E-02   0.19434E-02   0.18728E-02
 1782.25   0.18353E-02   0.19094E-02   0.18397E-02
 1795.86   0.18033E-02   0.18763E-02   0.18073E-02
 1809.46   0.17723E-02   0.18439E-02   0.17758E-02
 1823.07   0.17419E-02   0.18122E-02   0.17449E-02
 1836.67   0.17120E-02   0.17813E-02   0.17147E-02
 1850.28   0.16826E-02   0.17510E-02   0.16852E-02
 1863.88   0.16538E-02   0.17214E-02   0.16563E-02
 1877.49   0.16259E-02   0.16924E-02   0.16281E-02
 1891.09   0.15990E-02   0.16642E-02   0.16006E-02
 1904.70   0.15727E-02   0.16365E-02   0.15737E-02
 1918.30   0.15468E-02   0.16095E-02   0.15473E-02
 1931.91   0.15214E-02   0.15830E-02   0.15215E-02
 1945.51   0.14963E-02   0.15571E-02   0.14963E-02
 1959.12   0.14719E-02   0.15317E-02   0.14715E-02
 1972.72   0.14485E-02   0.15071E-02   0.14476E-02
 1986.33   0.14255E-02   0.14828E-02   0.14239E-02
 1999.93   0.14030E-02   0.14590E-02   0.14007E-02
 2013.54   0.13810E-02   0.14358E-02   0.13781E-02
 2027.14   0.13592E-02   0.14131E-02   0.13560E-02
 2040.75   0.13378E-02   0.13908E-02   0.13343E-02
 2054.35   0.13168E-02   0.13688E-02   0.13130E-02
 2067.96   0.12969E-02   0.13477E-02   0.12924E-02
 2081.56   0.12772E-02   0.13268E-02   0.12721E-02
 2095.17   0.12579E-02   0.13064E-02   0.12522E-02
 2108.77   0.12389E-02   0.12863E-02   0.12327E-02
 2122.38   0.12202E-02   0.12667E-02   0.12136E-02
 2135.98   0.12017E-02   0.12474E-02   0.11949E-02
 2149.59   0.11839E-02   0.12288E-02   0.11767E-02
 2163.19   0.11664E-02   0.12102E-02   0.11587E-02
 2176.80   0.11494E-02   0.11921E-02   0.11411E-02
 2190.40   0.11327E-02   0.11743E-02   0.11238E-02
 2204.01   0.11163E-02   0.11570E-02   0.11069E-02
 2217.61   0.11000E-02   0.11399E-02   0.10904E-02
 2231.22   0.10839E-02   0.11231E-02   0.10741E-02
 2244.82   0.10684E-02   0.11068E-02   0.10583E-02
 2258.43   0.10531E-02   0.10907E-02   0.10426E-02
 2272.03   0.10382E-02   0.10749E-02   0.10272E-02
 2285.64   0.10237E-02   0.10594E-02   0.10122E-02
 2299.24   0.10093E-02   0.10441E-02   0.99742E-03
 2312.85   0.99501E-03   0.10292E-02   0.98294E-03
 2326.45   0.98090E-03   0.10145E-02   0.96871E-03
 2340.06   0.96717E-03   0.10002E-02   0.95481E-03
 2353.66   0.95375E-03   0.98607E-03   0.94110E-03
 2367.27   0.94069E-03   0.97219E-03   0.92764E-03
 2380.87   0.92792E-03   0.95855E-03   0.91443E-03
 2394.48   0.91534E-03   0.94517E-03   0.90146E-03
 2408.08   0.90289E-03   0.93204E-03   0.88874E-03
 2421.69   0.89060E-03   0.91917E-03   0.87627E-03
 2435.29   0.87855E-03   0.90652E-03   0.86402E-03
 2448.90   0.86680E-03   0.89409E-03   0.85199E-03
 2462.50   0.85538E-03   0.88187E-03   0.84016E-03
 2476.11   0.84426E-03   0.86986E-03   0.82853E-03
 2489.71   0.83333E-03   0.85805E-03   0.81710E-03
 2503.32   0.82253E-03   0.84645E-03   0.80589E-03
 2516.92   0.81183E-03   0.83506E-03   0.79487E-03
 2530.53   0.80134E-03   0.82393E-03   0.78411E-03
 2544.13   0.79103E-03   0.81296E-03   0.77350E-03
 2557.74   0.78100E-03   0.80216E-03   0.76307E-03
 2571.34   0.77123E-03   0.79155E-03   0.75282E-03
 2584.95   0.76165E-03   0.78110E-03   0.74272E-03
 2598.55   0.75218E-03   0.77081E-03   0.73279E-03
 2612.16   0.74276E-03   0.76068E-03   0.72302E-03
 2625.76   0.73355E-03   0.75087E-03   0.71356E-03
 2639.37   0.72436E-03   0.74112E-03   0.70415E-03
 2652.97   0.71538E-03   0.73155E-03   0.69492E-03
 2666.58   0.70664E-03   0.72213E-03   0.68584E-03
 2680.18   0.69812E-03   0.71286E-03   0.67691E-03
 2693.79   0.68973E-03   0.70373E-03   0.66811E-03
 2707.39   0.68136E-03   0.69467E-03   0.65939E-03
 2721.00   0.67332E-03   0.68604E-03   0.65108E-03
 2734.60   0.66509E-03   0.67732E-03   0.64268E-03
 2748.21   0.65703E-03   0.66879E-03   0.63447E-03
 2761.81   0.64915E-03   0.66041E-03   0.62641E-03
 2775.42   0.64149E-03   0.65217E-03   0.61848E-03
 2789.02   0.63401E-03   0.64405E-03   0.61068E-03
 2802.63   0.62663E-03   0.63604E-03   0.60297E-03
 2816.23   0.61931E-03   0.62814E-03   0.59538E-03
 2829.84   0.61219E-03   0.62053E-03   0.58808E-03
 2843.44   0.60497E-03   0.61290E-03   0.58075E-03
 2857.05   0.59788E-03   0.60541E-03   0.57355E-03
 2870.65   0.59096E-03   0.59805E-03   0.56649E-03
 2884.26   0.58423E-03   0.59082E-03   0.55955E-03
 2897.86   0.57767E-03   0.58369E-03   0.55271E-03
 2911.47   0.57119E-03   0.57663E-03   0.54593E-03
 2925.07   0.56496E-03   0.56985E-03   0.53944E-03
 2938.68   0.55856E-03   0.56299E-03   0.53286E-03
 2952.28   0.55224E-03   0.55627E-03   0.52642E-03
 2965.89   0.54601E-03   0.54967E-03   0.52009E-03
 2979.49   0.53991E-03   0.54317E-03   0.51387E-03
 2993.10   0.53400E-03   0.53678E-03   0.50775E-03
 3006.70   0.52824E-03   0.53049E-03   0.50173E-03
 3020.31   0.52259E-03   0.52427E-03   0.49578E-03
 3033.91   0.51708E-03   0.51821E-03   0.48999E-03
 3047.52   0.51153E-03   0.51217E-03   0.48421E-03
 3061.12   0.50600E-03   0.50622E-03   0.47852E-03
 3074.73   0.50052E-03   0.50036E-03   0.47292E-03
 3088.33   0.49513E-03   0.49458E-03   0.46741E-03
 3101.94   0.48989E-03   0.48890E-03   0.46198E-03
 3115.54   0.48479E-03   0.48331E-03   0.45664E-03
 3129.15   0.47981E-03   0.47780E-03   0.45138E-03
 3142.75   0.47491E-03   0.47238E-03   0.44622E-03
 3156.36   0.47003E-03   0.46702E-03   0.44111E-03
 3169.96   0.46514E-03   0.46173E-03   0.43606E-03
 3183.57   0.46026E-03   0.45651E-03   0.43109E-03
 3197.17   0.45543E-03   0.45136E-03   0.42618E-03
 3210.78   0.45071E-03   0.44629E-03   0.42135E-03
 3224.38   0.44611E-03   0.44130E-03   0.41660E-03
 3237.99   0.44164E-03   0.43638E-03   0.41192E-03
 3251.59   0.43727E-03   0.43155E-03   0.40733E-03
 3265.20   0.43293E-03   0.42678E-03   0.40278E-03
 3278.80   0.42859E-03   0.42206E-03   0.39830E-03
 3292.41   0.42424E-03   0.41741E-03   0.39388E-03
 3306.01   0.41991E-03   0.41281E-03   0.38951E-03
 3319.62   0.41563E-03   0.40827E-03   0.38520E-03
 3333.22   0.41145E-03   0.40379E-03   0.38095E-03
 3346.83   0.40739E-03   0.39938E-03   0.37676E-03
 3360.43   0.40348E-03   0.39510E-03   0.37270E-03
 3374.04   0.39959E-03   0.39081E-03   0.36863E-03
 3387.64   0.39574E-03   0.38660E-03   0.36464E-03
 3401.25   0.39190E-03   0.38244E-03   0.36069E-03
 3414.85   0.38806E-03   0.37833E-03   0.35680E-03
 3428.46   0.38424E-03   0.37426E-03   0.35295E-03
 3442.06   0.38047E-03   0.37025E-03   0.34914E-03
 3455.67   0.37675E-03   0.36624E-03   0.34535E-03
 3469.27   0.37335E-03   0.36250E-03   0.34181E-03
 3482.88   0.36982E-03   0.35861E-03   0.33813E-03
 3496.48   0.36640E-03   0.35481E-03   0.33454E-03
 3510.09   0.36301E-03   0.35108E-03   0.33101E-03
 3523.69   0.35962E-03   0.34740E-03   0.32753E-03
 3537.30   0.35622E-03   0.34376E-03   0.32410E-03
 3550.90   0.35283E-03   0.34016E-03   0.32069E-03
 3564.51   0.34947E-03   0.33658E-03   0.31731E-03
 3578.11   0.34613E-03   0.33299E-03   0.31393E-03
 3591.72   0.34315E-03   0.32971E-03   0.31083E-03
 3605.32   0.34005E-03   0.32627E-03   0.30759E-03
 3618.93   0.33701E-03   0.32290E-03   0.30442E-03
 3632.53   0.33399E-03   0.31959E-03   0.30129E-03
 3646.14   0.33098E-03   0.31632E-03   0.29821E-03
 3659.74   0.32796E-03   0.31309E-03   0.29517E-03
 3673.35   0.32493E-03   0.30989E-03   0.29216E-03
 3686.95   0.32188E-03   0.30667E-03   0.28913E-03
 3700.56   0.31915E-03   0.30373E-03   0.28637E-03
 3714.16   0.31623E-03   0.30059E-03   0.28342E-03
 3727.77   0.31344E-03   0.29754E-03   0.28055E-03
 3741.37   0.31070E-03   0.29454E-03   0.27773E-03
 3754.98   0.30799E-03   0.29159E-03   0.27495E-03
 3768.58   0.30528E-03   0.28867E-03   0.27222E-03
 3782.19   0.30257E-03   0.28580E-03   0.26952E-03
 3795.79   0.29985E-03   0.28295E-03   0.26685E-03
 3809.40   0.29714E-03   0.28012E-03   0.26419E-03
 3823.00   0.29461E-03   0.27743E-03   0.26166E-03
 3836.61   0.29202E-03   0.27466E-03   0.25907E-03
 3850.21   0.28951E-03   0.27194E-03   0.25652E-03
 3863.82   0.28706E-03   0.26926E-03   0.25400E-03
 3877.42   0.28464E-03   0.26662E-03   0.25152E-03
 3891.03   0.28222E-03   0.26401E-03   0.24908E-03
 3904.63   0.27980E-03   0.26144E-03   0.24668E-03
 3918.24   0.27738E-03   0.25890E-03   0.24430E-03
 3931.84   0.27496E-03   0.25637E-03   0.24193E-03
 3945.45   0.27263E-03   0.25393E-03   0.23965E-03
 3959.05   0.27032E-03   0.25147E-03   0.23735E-03
 3972.66   0.26806E-03   0.24904E-03   0.23507E-03
 3986.26   0.26586E-03   0.24663E-03   0.23282E-03
 3999.87   0.26370E-03   0.24425E-03   0.23060E-03
 4013.47   0.26156E-03   0.24190E-03   0.22841E-03
 4027.08   0.25942E-03   0.23959E-03   0.22625E-03
 4040.68   0.25728E-03   0.23731E-03   0.22412E-03
 4054.29   0.25515E-03   0.23505E-03   0.22202E-03
 4067.89   0.25305E-03   0.23284E-03   0.21995E-03
 4081.50   0.25097E-03   0.23063E-03   0.21789E-03
 4095.10   0.24894E-03   0.22845E-03   0.21586E-03
 4108.71   0.24696E-03   0.22629E-03   0.21384E-03
 4122.31   0.24501E-03   0.22415E-03   0.21185E-03
 4135.92   0.24309E-03   0.22203E-03   0.20987E-03
 4149.52   0.24116E-03   0.21994E-03   0.20793E-03
 4163.13   0.23923E-03   0.21787E-03   0.20600E-03
 4176.73   0.23731E-03   0.21583E-03   0.20411E-03
 4190.34   0.23542E-03   0.21385E-03   0.20226E-03
 4203.94   0.23353E-03   0.21186E-03   0.20042E-03
 4217.55   0.23168E-03   0.20990E-03   0.19859E-03
 4231.15   0.22987E-03   0.20796E-03   0.19679E-03
 4244.76   0.22810E-03   0.20603E-03   0.19499E-03
 4258.36   0.22636E-03   0.20412E-03   0.19322E-03
 4271.97   0.22462E-03   0.20222E-03   0.19146E-03
 4285.57   0.22287E-03   0.20034E-03   0.18972E-03
 4299.18   0.22112E-03   0.19850E-03   0.18800E-03
 4312.78   0.21943E-03   0.19674E-03   0.18638E-03
 4326.39   0.21765E-03   0.19493E-03   0.18469E-03
 4339.99   0.21590E-03   0.19315E-03   0.18305E-03
 4353.60   0.21420E-03   0.19140E-03   0.18142E-03
 4367.20   0.21254E-03   0.18966E-03   0.17981E-03
 4380.81   0.21091E-03   0.18794E-03   0.17822E-03
 4394.41   0.20931E-03   0.18623E-03   0.17664E-03
 4408.02   0.20772E-03   0.18453E-03   0.17506E-03
 4421.62   0.20608E-03   0.18282E-03   0.17347E-03
 4435.23   0.20471E-03   0.18137E-03   0.17214E-03
 4448.83   0.20299E-03   0.17963E-03   0.17053E-03
 4462.44   0.20138E-03   0.17801E-03   0.16903E-03
 4476.04   0.19979E-03   0.17642E-03   0.16756E-03
 4489.65   0.19825E-03   0.17485E-03   0.16610E-03
 4503.25   0.19674E-03   0.17330E-03   0.16467E-03
 4516.86   0.19526E-03   0.17176E-03   0.16325E-03
 4530.46   0.19380E-03   0.17023E-03   0.16183E-03
 4544.07   0.19235E-03   0.16870E-03   0.16042E-03
 4557.67   0.19088E-03   0.16717E-03   0.15901E-03
 4571.28   0.18958E-03   0.16582E-03   0.15776E-03
 4584.88   0.18810E-03   0.16432E-03   0.15638E-03
 4598.49   0.18665E-03   0.16286E-03   0.15503E-03
 4612.09   0.18523E-03   0.16143E-03   0.15371E-03
 4625.70   0.18385E-03   0.16002E-03   0.15241E-03
 4639.30   0.18251E-03   0.15863E-03   0.15113E-03
 4652.91   0.18120E-03   0.15725E-03   0.14986E-03
 4666.51   0.17992E-03   0.15588E-03   0.14859E-03
 4680.12   0.17863E-03   0.15450E-03   0.14732E-03
 4693.72   0.17729E-03   0.15310E-03   0.14603E-03
 4707.33   0.17617E-03   0.15191E-03   0.14494E-03
 4720.93   0.17486E-03   0.15057E-03   0.14371E-03
 4734.54   0.17356E-03   0.14927E-03   0.14250E-03
 4748.14   0.17227E-03   0.14798E-03   0.14131E-03
 4761.75   0.17101E-03   0.14670E-03   0.14014E-03
 4775.35   0.16978E-03   0.14545E-03   0.13899E-03
 4788.96   0.16858E-03   0.14421E-03   0.13785E-03
 4802.56   0.16742E-03   0.14298E-03   0.13672E-03
 4816.17   0.16625E-03   0.14175E-03   0.13559E-03
 4829.77   0.16521E-03   0.14063E-03   0.13456E-03
 4843.38   0.16402E-03   0.13940E-03   0.13343E-03
 4856.98   0.16284E-03   0.13821E-03   0.13233E-03
 4870.59   0.16166E-03   0.13703E-03   0.13125E-03
 4884.19   0.16047E-03   0.13586E-03   0.13018E-03
 4897.80   0.15930E-03   0.13471E-03   0.12912E-03
 4911.40   0.15814E-03   0.13358E-03   0.12808E-03
 4925.01   0.15702E-03   0.13246E-03   0.12705E-03
 4938.61   0.15593E-03   0.13135E-03   0.12604E-03
 4952.22   0.15485E-03   0.13025E-03   0.12503E-03
 4965.82   0.15382E-03   0.12919E-03   0.12406E-03
 4979.43   0.15275E-03   0.12811E-03   0.12306E-03
 4993.03   0.15167E-03   0.12704E-03   0.12208E-03
 5006.64   0.15058E-03   0.12598E-03   0.12111E-03
 5020.24   0.14948E-03   0.12493E-03   0.12014E-03
 5033.85   0.14838E-03   0.12388E-03   0.11919E-03
 5047.45   0.14729E-03   0.12285E-03   0.11824E-03
 5061.06   0.14623E-03   0.12183E-03   0.11731E-03
 5074.66   0.14521E-03   0.12083E-03   0.11638E-03
 5088.27   0.14421E-03   0.11983E-03   0.11547E-03
 5101.87   0.14325E-03   0.11887E-03   0.11459E-03
 5115.48   0.14228E-03   0.11789E-03   0.11370E-03
 5129.08   0.14131E-03   0.11693E-03   0.11281E-03
 5142.69   0.14034E-03   0.11598E-03   0.11194E-03
 5156.29   0.13934E-03   0.11503E-03   0.11107E-03
 5169.90   0.13834E-03   0.11408E-03   0.11020E-03
 5183.50   0.13734E-03   0.11314E-03   0.10934E-03
 5197.11   0.13636E-03   0.11222E-03   0.10849E-03
 5210.71   0.13540E-03   0.11130E-03   0.10765E-03
 5224.32   0.13446E-03   0.11038E-03   0.10681E-03
 5237.92   0.13356E-03   0.10948E-03   0.10599E-03
 5251.53   0.13273E-03   0.10864E-03   0.10522E-03
 5265.13   0.13186E-03   0.10776E-03   0.10442E-03
 5278.74   0.13099E-03   0.10690E-03   0.10363E-03
 5292.34   0.13012E-03   0.10604E-03   0.10284E-03
 5305.95   0.12924E-03   0.10519E-03   0.10206E-03
 5319.55   0.12834E-03   0.10434E-03   0.10128E-03
 5333.16   0.12745E-03   0.10350E-03   0.10051E-03
 5346.76   0.12656E-03   0.10266E-03   0.99741E-04
 5360.37   0.12568E-03   0.10182E-03   0.98970E-04
 5373.97   0.12484E-03   0.10099E-03   0.98219E-04
 5387.58   0.12411E-03   0.10026E-03   0.97551E-04
 5401.18   0.12330E-03   0.99445E-04   0.96804E-04
 5414.79   0.12251E-03   0.98653E-04   0.96080E-04
 5428.39   0.12172E-03   0.97874E-04   0.95367E-04
 5442.00   0.12092E-03   0.97102E-04   0.94662E-04
 5455.60   0.12012E-03   0.96336E-04   0.93962E-04
 5469.21   0.11930E-03   0.95573E-04   0.93264E-04
 5482.81   0.11847E-03   0.94813E-04   0.92568E-04
 5496.42   0.11764E-03   0.94050E-04   0.91870E-04
 5510.02   0.11677E-03   0.93256E-04   0.91140E-04
 5523.63   0.11623E-03   0.92702E-04   0.90647E-04
 5537.23   0.11536E-03   0.91895E-04   0.89902E-04
 5550.84   0.11460E-03   0.91161E-04   0.89230E-04
 5564.44   0.11386E-03   0.90445E-04   0.88575E-04
 5578.05   0.11312E-03   0.89740E-04   0.87931E-04
 5591.65   0.11238E-03   0.89044E-04   0.87296E-04
 5605.26   0.11163E-03   0.88354E-04   0.86666E-04
 5618.86   0.11086E-03   0.87669E-04   0.86039E-04
 5632.47   0.11008E-03   0.86984E-04   0.85413E-04
 5646.07   0.10929E-03   0.86292E-04   0.84779E-04
 5659.68   0.10851E-03   0.85605E-04   0.84149E-04
 5673.28   0.10790E-03   0.85044E-04   0.83644E-04
 5686.89   0.10713E-03   0.84353E-04   0.83009E-04
 5700.49   0.10641E-03   0.83691E-04   0.82403E-04
 5714.10   0.10571E-03   0.83042E-04   0.81809E-04
 5727.70   0.10502E-03   0.82403E-04   0.81225E-04
 5741.31   0.10432E-03   0.81774E-04   0.80649E-04
 5754.91   0.10363E-03   0.81152E-04   0.80081E-04
 5768.52   0.10292E-03   0.80536E-04   0.79517E-04
 5782.12   0.10221E-03   0.79921E-04   0.78955E-04
 5795.73   0.10148E-03   0.79299E-04   0.78385E-04
 5809.33   0.10074E-03   0.78672E-04   0.77808E-04
 5822.94   0.10016E-03   0.78157E-04   0.77344E-04
 5836.54   0.99470E-04   0.77547E-04   0.76784E-04
 5850.15   0.98806E-04   0.76950E-04   0.76236E-04
 5863.75   0.98161E-04   0.76361E-04   0.75697E-04
 5877.36   0.97528E-04   0.75781E-04   0.75166E-04
 5890.96   0.96900E-04   0.75209E-04   0.74642E-04
 5904.57   0.96272E-04   0.74646E-04   0.74126E-04
 5918.17   0.95639E-04   0.74089E-04   0.73616E-04
 5931.78   0.95002E-04   0.73537E-04   0.73111E-04
 5945.38   0.94354E-04   0.72982E-04   0.72603E-04
 5958.99   0.93694E-04   0.72421E-04   0.72087E-04
 5972.59   0.93133E-04   0.71931E-04   0.71642E-04
 5986.20   0.92514E-04   0.71388E-04   0.71145E-04
 5999.80   0.91913E-04   0.70851E-04   0.70652E-04
 6013.41   0.91329E-04   0.70319E-04   0.70163E-04
 6027.01   0.90756E-04   0.69791E-04   0.69679E-04
 6040.62   0.90190E-04   0.69269E-04   0.69200E-04
 6054.22   0.89625E-04   0.68755E-04   0.68728E-04
 6067.83   0.89059E-04   0.68247E-04   0.68263E-04
 6081.43   0.88488E-04   0.67746E-04   0.67804E-04
 6095.04   0.87912E-04   0.67248E-04   0.67349E-04
 6108.64   0.87330E-04   0.66753E-04   0.66895E-04
 6122.25   0.86777E-04   0.66283E-04   0.66464E-04
 6135.85   0.86211E-04   0.65797E-04   0.66019E-04
 6149.46   0.85656E-04   0.65315E-04   0.65576E-04
 6163.06   0.85112E-04   0.64834E-04   0.65134E-04
 6176.67   0.84578E-04   0.64355E-04   0.64694E-04
 6190.27   0.84050E-04   0.63880E-04   0.64257E-04
 6203.88   0.83525E-04   0.63408E-04   0.63824E-04
 6217.48   0.82998E-04   0.62942E-04   0.63396E-04
 6231.09   0.82466E-04   0.62482E-04   0.62973E-04
 6244.69   0.81926E-04   0.62025E-04   0.62554E-04
 6258.30   0.81393E-04   0.61582E-04   0.62148E-04
 6271.90   0.80868E-04   0.61152E-04   0.61753E-04
 6285.51   0.80329E-04   0.60711E-04   0.61348E-04
 6299.11   0.79800E-04   0.60275E-04   0.60948E-04
 6312.72   0.79280E-04   0.59842E-04   0.60550E-04
 6326.32   0.78770E-04   0.59410E-04   0.60152E-04
 6339.93   0.78268E-04   0.58979E-04   0.59756E-04
 6353.53   0.77770E-04   0.58549E-04   0.59360E-04
 6367.14   0.77271E-04   0.58122E-04   0.58966E-04
 6380.74   0.76768E-04   0.57698E-04   0.58574E-04
 6394.35   0.76255E-04   0.57274E-04   0.58183E-04
 6407.95   0.75752E-04   0.56867E-04   0.57809E-04
 6421.56   0.75293E-04   0.56502E-04   0.57476E-04
 6435.16   0.74761E-04   0.56086E-04   0.57092E-04
 6448.77   0.74249E-04   0.55687E-04   0.56725E-04
 6462.37   0.73749E-04   0.55294E-04   0.56362E-04
 6475.98   0.73259E-04   0.54904E-04   0.56003E-04
 6489.58   0.72780E-04   0.54515E-04   0.55645E-04
 6503.19   0.72309E-04   0.54128E-04   0.55286E-04
 6516.79   0.71842E-04   0.53740E-04   0.54928E-04
 6530.40   0.71374E-04   0.53353E-04   0.54569E-04
 6544.00   0.70899E-04   0.52964E-04   0.54208E-04
 6557.61   0.70390E-04   0.52556E-04   0.53828E-04
 6571.21   0.69908E-04   0.52176E-04   0.53476E-04
 6584.82   0.69544E-04   0.51891E-04   0.53221E-04
 6598.42   0.69053E-04   0.51516E-04   0.52873E-04
 6612.03   0.68577E-04   0.51153E-04   0.52537E-04
 6625.63   0.68112E-04   0.50797E-04   0.52208E-04
 6639.24   0.67660E-04   0.50445E-04   0.51882E-04
 6652.84   0.67218E-04   0.50095E-04   0.51558E-04
 6666.45   0.66787E-04   0.49747E-04   0.51235E-04
 6680.05   0.66360E-04   0.49398E-04   0.50911E-04
 6693.66   0.65931E-04   0.49047E-04   0.50585E-04
 6707.26   0.65490E-04   0.48688E-04   0.50250E-04
 6720.87   0.65058E-04   0.48341E-04   0.49927E-04
 6734.47   0.64754E-04   0.48097E-04   0.49711E-04
 6748.08   0.64275E-04   0.47728E-04   0.49364E-04
 6761.68   0.63827E-04   0.47388E-04   0.49046E-04
 6775.29   0.63390E-04   0.47057E-04   0.48739E-04
 6788.89   0.62963E-04   0.46733E-04   0.48437E-04
 6802.50   0.62548E-04   0.46414E-04   0.48141E-04
 6816.10   0.62145E-04   0.46098E-04   0.47847E-04
 6829.71   0.61753E-04   0.45784E-04   0.47556E-04
 6843.31   0.61367E-04   0.45471E-04   0.47264E-04
 6856.92   0.60982E-04   0.45155E-04   0.46969E-04
 6870.52   0.60578E-04   0.44826E-04   0.46660E-04
 6884.13   0.60180E-04   0.44505E-04   0.46359E-04
 6897.73   0.59909E-04   0.44285E-04   0.46164E-04
 6911.34   0.59491E-04   0.43962E-04   0.45860E-04
 6924.94   0.59085E-04   0.43654E-04   0.45571E-04
 6938.55   0.58683E-04   0.43352E-04   0.45289E-04
 6952.15   0.58286E-04   0.43056E-04   0.45012E-04
 6965.76   0.57898E-04   0.42765E-04   0.44740E-04
 6979.36   0.57520E-04   0.42479E-04   0.44473E-04
 6992.97   0.57153E-04   0.42195E-04   0.44208E-04
 7006.57   0.56794E-04   0.41913E-04   0.43945E-04
 7020.18   0.56438E-04   0.41631E-04   0.43681E-04
 7033.78   0.56069E-04   0.41338E-04   0.43405E-04
 7047.39   0.55697E-04   0.41045E-04   0.43128E-04
 7060.99   0.55429E-04   0.40834E-04   0.42939E-04
 7074.60   0.55053E-04   0.40549E-04   0.42671E-04
 7088.20   0.54678E-04   0.40272E-04   0.42409E-04
 7101.81   0.54300E-04   0.39998E-04   0.42151E-04
 7115.41   0.53922E-04   0.39727E-04   0.41897E-04
 7129.02   0.53548E-04   0.39461E-04   0.41646E-04
 7142.62   0.53182E-04   0.39198E-04   0.41400E-04
 7156.23   0.52826E-04   0.38940E-04   0.41157E-04
 7169.83   0.52480E-04   0.38685E-04   0.40918E-04
 7183.44   0.52142E-04   0.38432E-04   0.40681E-04
 7197.04   0.51803E-04   0.38176E-04   0.40440E-04
 7210.65   0.51461E-04   0.37918E-04   0.40195E-04
 7224.25   0.51174E-04   0.37702E-04   0.39995E-04
 7237.86   0.50833E-04   0.37451E-04   0.39758E-04
 7251.46   0.50488E-04   0.37202E-04   0.39523E-04
 7265.07   0.50137E-04   0.36955E-04   0.39289E-04
 7278.67   0.49782E-04   0.36709E-04   0.39056E-04
 7292.28   0.49426E-04   0.36465E-04   0.38826E-04
 7305.88   0.49075E-04   0.36225E-04   0.38597E-04
 7319.49   0.48731E-04   0.35987E-04   0.38372E-04
 7333.09   0.48397E-04   0.35753E-04   0.38151E-04
 7346.70   0.48073E-04   0.35523E-04   0.37933E-04
 7360.30   0.47757E-04   0.35294E-04   0.37717E-04
 7373.91   0.47451E-04   0.35069E-04   0.37504E-04
 7387.51   0.47164E-04   0.34856E-04   0.37302E-04
 7401.12   0.46858E-04   0.34632E-04   0.37091E-04
 7414.72   0.46550E-04   0.34410E-04   0.36880E-04
 7428.33   0.46236E-04   0.34189E-04   0.36669E-04
 7441.93   0.45916E-04   0.33967E-04   0.36458E-04
 7455.54   0.45592E-04   0.33746E-04   0.36247E-04
 7469.14   0.45266E-04   0.33526E-04   0.36037E-04
 7482.75   0.44943E-04   0.33307E-04   0.35828E-04
 7496.35   0.44626E-04   0.33091E-04   0.35621E-04
 7509.96   0.44318E-04   0.32877E-04   0.35416E-04
 7523.56   0.44016E-04   0.32664E-04   0.35213E-04
 7537.17   0.43735E-04   0.32463E-04   0.35022E-04
 7550.77   0.43480E-04   0.32274E-04   0.34842E-04
 7564.38   0.43197E-04   0.32068E-04   0.34645E-04
 7577.98   0.42921E-04   0.31867E-04   0.34454E-04
 7591.59   0.42643E-04   0.31668E-04   0.34263E-04
 7605.19   0.42361E-04   0.31469E-04   0.34073E-04
 7618.80   0.42072E-04   0.31270E-04   0.33882E-04
 7632.40   0.41779E-04   0.31071E-04   0.33691E-04
 7646.01   0.41483E-04   0.30872E-04   0.33499E-04
 7659.61   0.41187E-04   0.30673E-04   0.33307E-04
 7673.22   0.40894E-04   0.30474E-04   0.33115E-04
 7686.82   0.40603E-04   0.30275E-04   0.32921E-04
 7700.43   0.40292E-04   0.30055E-04   0.32707E-04
 7714.03   0.40148E-04   0.29957E-04   0.32623E-04
 7727.64   0.39849E-04   0.29740E-04   0.32410E-04
 7741.24   0.39590E-04   0.29552E-04   0.32228E-04
 7754.85   0.39337E-04   0.29369E-04   0.32052E-04
 7768.45   0.39084E-04   0.29189E-04   0.31879E-04
 7782.06   0.38828E-04   0.29010E-04   0.31706E-04
 7795.66   0.38566E-04   0.28832E-04   0.31533E-04
 7809.27   0.38300E-04   0.28653E-04   0.31360E-04
 7822.87   0.38029E-04   0.28473E-04   0.31186E-04
 7836.48   0.37755E-04   0.28292E-04   0.31009E-04
 7850.08   0.37480E-04   0.28109E-04   0.30831E-04
 7863.69   0.37196E-04   0.27917E-04   0.30641E-04
 7877.29   0.36944E-04   0.27746E-04   0.30475E-04
 7890.90   0.36779E-04   0.27638E-04   0.30379E-04
 7904.50   0.36514E-04   0.27450E-04   0.30193E-04
 7918.11   0.36271E-04   0.27278E-04   0.30025E-04
 7931.71   0.36036E-04   0.27110E-04   0.29862E-04
 7945.32   0.35802E-04   0.26947E-04   0.29702E-04
 7958.92   0.35568E-04   0.26785E-04   0.29545E-04
 7972.53   0.35329E-04   0.26624E-04   0.29389E-04
 7986.13   0.35086E-04   0.26464E-04   0.29232E-04
 7999.74   0.34838E-04   0.26302E-04   0.29074E-04
 8013.34   0.34585E-04   0.26139E-04   0.28914E-04
 8026.95   0.34327E-04   0.25972E-04   0.28748E-04
 8040.55   0.34043E-04   0.25781E-04   0.28556E-04
 8054.16   0.33801E-04   0.25621E-04   0.28399E-04
 8067.76   0.33669E-04   0.25548E-04   0.28338E-04
 8081.37   0.33425E-04   0.25379E-04   0.28170E-04
 8094.97   0.33197E-04   0.25221E-04   0.28014E-04
 8108.58   0.32976E-04   0.25067E-04   0.27862E-04
 8122.18   0.32758E-04   0.24917E-04   0.27715E-04
 8135.79   0.32541E-04   0.24770E-04   0.27570E-04
 8149.39   0.32323E-04   0.24625E-04   0.27427E-04
 8163.00   0.32101E-04   0.24481E-04   0.27285E-04
 8176.60   0.31875E-04   0.24336E-04   0.27143E-04
 8190.21   0.31644E-04   0.24191E-04   0.26999E-04
 8203.81   0.31406E-04   0.24040E-04   0.26849E-04
 8217.42   0.31128E-04   0.23856E-04   0.26661E-04
 8231.02   0.31055E-04   0.23838E-04   0.26660E-04
 8244.63   0.30784E-04   0.23654E-04   0.26471E-04
 8258.23   0.30559E-04   0.23504E-04   0.26320E-04
 8271.84   0.30345E-04   0.23360E-04   0.26176E-04
 8285.44   0.30138E-04   0.23219E-04   0.26035E-04
 8299.05   0.29936E-04   0.23081E-04   0.25898E-04
 8312.65   0.29735E-04   0.22946E-04   0.25763E-04
 8326.26   0.29535E-04   0.22813E-04   0.25631E-04
 8339.86   0.29334E-04   0.22683E-04   0.25501E-04
 8353.47   0.29129E-04   0.22553E-04   0.25373E-04
 8367.07   0.28921E-04   0.22424E-04   0.25244E-04
 8380.68   0.28707E-04   0.22292E-04   0.25112E-04
 8394.28   0.28470E-04   0.22140E-04   0.24956E-04
 8407.89   0.28349E-04   0.22083E-04   0.24908E-04
 8421.49   0.28118E-04   0.21936E-04   0.24758E-04
 8435.10   0.27911E-04   0.21803E-04   0.24624E-04
 8448.70   0.27712E-04   0.21674E-04   0.24493E-04
 8462.31   0.27518E-04   0.21546E-04   0.24364E-04
 8475.91   0.27329E-04   0.21420E-04   0.24236E-04
 8489.52   0.27143E-04   0.21295E-04   0.24110E-04
 8503.12   0.26958E-04   0.21173E-04   0.23987E-04
 8516.73   0.26773E-04   0.21053E-04   0.23866E-04
 8530.33   0.26587E-04   0.20935E-04   0.23747E-04
 8543.94   0.26398E-04   0.20818E-04   0.23630E-04
 8557.54   0.26205E-04   0.20702E-04   0.23513E-04
 8571.15   0.25997E-04   0.20580E-04   0.23389E-04
 8584.75   0.25857E-04   0.20494E-04   0.23304E-04
 8598.36   0.25651E-04   0.20372E-04   0.23180E-04
 8611.96   0.25461E-04   0.20257E-04   0.23063E-04
 8625.57   0.25275E-04   0.20143E-04   0.22946E-04
 8639.17   0.25094E-04   0.20028E-04   0.22829E-04
 8652.78   0.24916E-04   0.19913E-04   0.22712E-04
 8666.38   0.24742E-04   0.19799E-04   0.22596E-04
 8679.99   0.24571E-04   0.19686E-04   0.22480E-04
 8693.59   0.24400E-04   0.19575E-04   0.22366E-04
 8707.20   0.24228E-04   0.19466E-04   0.22254E-04
 8720.80   0.24056E-04   0.19358E-04   0.22144E-04
 8734.41   0.23880E-04   0.19252E-04   0.22035E-04
 8748.01   0.23697E-04   0.19145E-04   0.21926E-04
 8761.62   0.23525E-04   0.19045E-04   0.21824E-04
 8775.22   0.23371E-04   0.18951E-04   0.21727E-04
 8788.83   0.23194E-04   0.18849E-04   0.21623E-04
 8802.43   0.23021E-04   0.18747E-04   0.21519E-04
 8816.04   0.22852E-04   0.18646E-04   0.21414E-04
 8829.64   0.22687E-04   0.18543E-04   0.21308E-04
 8843.25   0.22525E-04   0.18441E-04   0.21202E-04
 8856.85   0.22367E-04   0.18338E-04   0.21096E-04
 8870.46   0.22210E-04   0.18236E-04   0.20989E-04
 8884.06   0.22053E-04   0.18134E-04   0.20883E-04
 8897.67   0.21897E-04   0.18033E-04   0.20778E-04
 8911.27   0.21738E-04   0.17932E-04   0.20673E-04
 8924.88   0.21572E-04   0.17831E-04   0.20567E-04
 8938.48   0.21420E-04   0.17743E-04   0.20477E-04
 8952.09   0.21289E-04   0.17665E-04   0.20398E-04
 8965.69   0.21121E-04   0.17568E-04   0.20296E-04
 8979.30   0.20961E-04   0.17476E-04   0.20200E-04
 8992.90   0.20805E-04   0.17384E-04   0.20105E-04
 9006.51   0.20652E-04   0.17294E-04   0.20010E-04
 9020.11   0.20503E-04   0.17202E-04   0.19915E-04
 9033.72   0.20357E-04   0.17111E-04   0.19819E-04
 9047.32   0.20213E-04   0.17018E-04   0.19721E-04
 9060.93   0.20071E-04   0.16925E-04   0.19623E-04
 9074.53   0.19930E-04   0.16832E-04   0.19525E-04
 9088.14   0.19787E-04   0.16738E-04   0.19425E-04
 9101.74   0.19640E-04   0.16642E-04   0.19322E-04
 9115.35   0.19465E-04   0.16524E-04   0.19195E-04
 9128.95   0.19426E-04   0.16530E-04   0.19212E-04
 9142.56   0.19245E-04   0.16411E-04   0.19082E-04
 9156.16   0.19094E-04   0.16321E-04   0.18986E-04
 9169.77   0.18949E-04   0.16236E-04   0.18896E-04
 9183.37   0.18806E-04   0.16153E-04   0.18808E-04
 9196.98   0.18667E-04   0.16071E-04   0.18722E-04
 9210.58   0.18531E-04   0.15989E-04   0.18635E-04
 9224.19   0.18399E-04   0.15907E-04   0.18549E-04
 9237.79   0.18269E-04   0.15825E-04   0.18461E-04
 9251.40   0.18141E-04   0.15741E-04   0.18371E-04
 9265.00   0.18013E-04   0.15656E-04   0.18280E-04
 9278.61   0.17883E-04   0.15569E-04   0.18186E-04
 9292.21   0.17744E-04   0.15473E-04   0.18081E-04
 9305.82   0.17622E-04   0.15398E-04   0.18001E-04
 9319.42   0.17551E-04   0.15378E-04   0.17987E-04
 9333.03   0.17401E-04   0.15278E-04   0.17877E-04
 9346.63   0.17264E-04   0.15194E-04   0.17786E-04
 9360.24   0.17130E-04   0.15115E-04   0.17701E-04
 9373.84   0.16999E-04   0.15038E-04   0.17619E-04
 9387.45   0.16870E-04   0.14964E-04   0.17538E-04
 9401.05   0.16745E-04   0.14890E-04   0.17459E-04
 9414.66   0.16623E-04   0.14817E-04   0.17381E-04
 9428.26   0.16503E-04   0.14744E-04   0.17301E-04
 9441.87   0.16386E-04   0.14670E-04   0.17221E-04
 9455.47   0.16269E-04   0.14594E-04   0.17138E-04
 9469.08   0.16150E-04   0.14514E-04   0.17051E-04
 9482.68   0.16018E-04   0.14420E-04   0.16947E-04
 9496.29   0.15908E-04   0.14350E-04   0.16871E-04
 9509.89   0.15847E-04   0.14341E-04   0.16868E-04
 9523.50   0.15715E-04   0.14253E-04   0.16770E-04
 9537.10   0.15590E-04   0.14176E-04   0.16685E-04
 9550.71   0.15467E-04   0.14102E-04   0.16604E-04
 9564.31   0.15346E-04   0.14031E-04   0.16526E-04
 9577.92   0.15226E-04   0.13962E-04   0.16451E-04
 9591.52   0.15108E-04   0.13895E-04   0.16377E-04
 9605.13   0.14994E-04   0.13829E-04   0.16305E-04
 9618.73   0.14882E-04   0.13764E-04   0.16233E-04
 9632.34   0.14773E-04   0.13698E-04   0.16161E-04
 9645.94   0.14666E-04   0.13631E-04   0.16088E-04
 9659.55   0.14557E-04   0.13561E-04   0.16010E-04
 9673.15   0.14437E-04   0.13477E-04   0.15916E-04
 9686.76   0.14336E-04   0.13412E-04   0.15844E-04
 9700.36   0.14278E-04   0.13401E-04   0.15835E-04
 9713.97   0.14163E-04   0.13324E-04   0.15750E-04
 9727.57   0.14051E-04   0.13254E-04   0.15672E-04
 9741.18   0.13939E-04   0.13187E-04   0.15597E-04
 9754.78   0.13827E-04   0.13121E-04   0.15523E-04
 9768.39   0.13717E-04   0.13057E-04   0.15452E-04
 9781.99   0.13608E-04   0.12995E-04   0.15382E-04
 9795.60   0.13501E-04   0.12934E-04   0.15314E-04
 9809.20   0.13397E-04   0.12874E-04   0.15248E-04
 9822.81   0.13296E-04   0.12815E-04   0.15182E-04
 9836.41   0.13197E-04   0.12757E-04   0.15117E-04
 9850.02   0.13099E-04   0.12697E-04   0.15050E-04
 9863.62   0.12994E-04   0.12631E-04   0.14975E-04
 9877.23   0.12904E-04   0.12570E-04   0.14907E-04
 9890.83   0.12846E-04   0.12544E-04   0.14879E-04
 9904.44   0.12745E-04   0.12480E-04   0.14807E-04
 9918.04   0.12648E-04   0.12419E-04   0.14738E-04
 9931.65   0.12550E-04   0.12358E-04   0.14669E-04
 9945.25   0.12451E-04   0.12298E-04   0.14601E-04
 9958.86   0.12351E-04   0.12239E-04   0.14534E-04
 9972.46   0.12252E-04   0.12181E-04   0.14468E-04
 9986.07   0.12154E-04   0.12124E-04   0.14403E-04
 9999.67   0.12058E-04   0.12068E-04   0.14340E-04
