   13.60   0.12108E+01   0.12023E+01   0.95776E+00
   27.21   0.29441E+01   0.29440E+01   0.27994E+01
   40.81   0.43052E+01   0.43072E+01   0.42350E+01
   54.42   0.50138E+01   0.50196E+01   0.49915E+01
   68.02   0.51616E+01   0.51659E+01   0.51634E+01
   81.63   0.50638E+01   0.50695E+01   0.50825E+01
   95.23   0.48415E+01   0.48475E+01   0.48696E+01
  108.84   0.45405E+01   0.45450E+01   0.45725E+01
  122.44   0.42096E+01   0.42155E+01   0.42459E+01
  136.05   0.38806E+01   0.38867E+01   0.39183E+01
  149.65   0.35587E+01   0.35634E+01   0.35952E+01
  163.26   0.32466E+01   0.32518E+01   0.32831E+01
  176.86   0.29543E+01   0.29605E+01   0.29907E+01
  190.47   0.26873E+01   0.26929E+01   0.27217E+01
  204.07   0.24433E+01   0.24480E+01   0.24754E+01
  217.68   0.22187E+01   0.22237E+01   0.22496E+01
  231.28   0.20137E+01   0.20193E+01   0.20437E+01
  244.89   0.18290E+01   0.18344E+01   0.18571E+01
  258.49   0.16633E+01   0.16679E+01   0.16891E+01
  272.10   0.15136E+01   0.15179E+01   0.15378E+01
  285.70   0.13783E+01   0.13830E+01   0.14015E+01
  299.31   0.12562E+01   0.12612E+01   0.12784E+01
  312.91   0.11467E+01   0.11513E+01   0.11673E+01
  326.52   0.10485E+01   0.10525E+01   0.10674E+01
  340.12   0.95976E+00   0.96351E+00   0.97733E+00
  353.73   0.87948E+00   0.88342E+00   0.89628E+00
  367.33   0.80700E+00   0.81118E+00   0.82313E+00
  380.94   0.74174E+00   0.74582E+00   0.75692E+00
  394.54   0.68300E+00   0.68665E+00   0.69697E+00
  408.15   0.62980E+00   0.63306E+00   0.64266E+00
  421.75   0.58125E+00   0.58439E+00   0.59334E+00
  435.36   0.53700E+00   0.54029E+00   0.54863E+00
  448.96   0.49686E+00   0.50028E+00   0.50804E+00
  462.57   0.46045E+00   0.46377E+00   0.47100E+00
  476.17   0.42748E+00   0.43051E+00   0.43725E+00
  489.78   0.39745E+00   0.40016E+00   0.40645E+00
  503.38   0.36976E+00   0.37231E+00   0.37818E+00
  516.99   0.34426E+00   0.34684E+00   0.35233E+00
  530.59   0.32082E+00   0.32351E+00   0.32863E+00
  544.20   0.29937E+00   0.30209E+00   0.30687E+00
  557.80   0.27984E+00   0.28242E+00   0.28689E+00
  571.41   0.26197E+00   0.26432E+00   0.26849E+00
  585.01   0.24549E+00   0.24762E+00   0.25153E+00
  598.62   0.23021E+00   0.23223E+00   0.23589E+00
  612.22   0.21596E+00   0.21799E+00   0.22142E+00
  625.83   0.20272E+00   0.20482E+00   0.20802E+00
  639.43   0.19049E+00   0.19262E+00   0.19562E+00
  653.04   0.17925E+00   0.18132E+00   0.18412E+00
  666.64   0.16892E+00   0.17084E+00   0.17346E+00
  680.25   0.15935E+00   0.16110E+00   0.16355E+00
  693.85   0.15043E+00   0.15204E+00   0.15434E+00
  707.46   0.14204E+00   0.14361E+00   0.14576E+00
  721.06   0.13416E+00   0.13576E+00   0.13777E+00
  734.67   0.12678E+00   0.12843E+00   0.13031E+00
  748.27   0.11993E+00   0.12158E+00   0.12334E+00
  761.88   0.11360E+00   0.11519E+00   0.11684E+00
  775.48   0.10773E+00   0.10921E+00   0.11075E+00
  789.09   0.10226E+00   0.10361E+00   0.10505E+00
  802.69   0.97113E-01   0.98361E-01   0.99708E-01
  816.30   0.92242E-01   0.93445E-01   0.94704E-01
  829.90   0.87626E-01   0.88834E-01   0.90012E-01
  843.51   0.83262E-01   0.84501E-01   0.85600E-01
  857.11   0.79175E-01   0.80431E-01   0.81457E-01
  870.72   0.75367E-01   0.76603E-01   0.77558E-01
  884.32   0.71828E-01   0.73000E-01   0.73889E-01
  897.93   0.68521E-01   0.69601E-01   0.70427E-01
  911.53   0.65413E-01   0.66402E-01   0.67170E-01
  925.14   0.62458E-01   0.63381E-01   0.64096E-01
  938.74   0.59634E-01   0.60530E-01   0.61195E-01
  952.35   0.56940E-01   0.57844E-01   0.58461E-01
  965.95   0.54372E-01   0.55296E-01   0.55868E-01
  979.56   0.51956E-01   0.52894E-01   0.53421E-01
  993.16   0.49696E-01   0.50620E-01   0.51106E-01
 1006.77   0.47587E-01   0.48468E-01   0.48914E-01
 1020.37   0.45611E-01   0.46427E-01   0.46836E-01
 1033.98   0.43747E-01   0.44493E-01   0.44868E-01
 1047.58   0.41968E-01   0.42658E-01   0.43001E-01
 1061.19   0.40258E-01   0.40915E-01   0.41229E-01
 1074.79   0.38609E-01   0.39261E-01   0.39546E-01
 1088.40   0.37025E-01   0.37689E-01   0.37947E-01
 1102.00   0.35518E-01   0.36197E-01   0.36429E-01
 1115.61   0.34096E-01   0.34778E-01   0.34985E-01
 1129.21   0.32763E-01   0.33428E-01   0.33612E-01
 1142.82   0.31515E-01   0.32143E-01   0.32305E-01
 1156.42   0.30341E-01   0.30920E-01   0.31060E-01
 1170.03   0.29227E-01   0.29753E-01   0.29875E-01
 1183.63   0.28157E-01   0.28641E-01   0.28745E-01
 1197.24   0.27120E-01   0.27580E-01   0.27667E-01
 1210.84   0.26113E-01   0.26568E-01   0.26639E-01
 1224.45   0.25139E-01   0.25601E-01   0.25657E-01
 1238.05   0.24205E-01   0.24678E-01   0.24720E-01
 1251.66   0.23318E-01   0.23797E-01   0.23825E-01
 1265.26   0.22484E-01   0.22956E-01   0.22969E-01
 1278.87   0.21701E-01   0.22150E-01   0.22151E-01
 1292.47   0.20965E-01   0.21380E-01   0.21369E-01
 1306.08   0.20268E-01   0.20643E-01   0.20621E-01
 1319.68   0.19599E-01   0.19937E-01   0.19906E-01
 1333.29   0.18949E-01   0.19262E-01   0.19220E-01
 1346.89   0.18314E-01   0.18613E-01   0.18563E-01
 1360.50   0.17694E-01   0.17993E-01   0.17935E-01
 1374.10   0.17091E-01   0.17398E-01   0.17332E-01
 1387.71   0.16512E-01   0.16827E-01   0.16753E-01
 1401.31   0.15962E-01   0.16280E-01   0.16199E-01
 1414.92   0.15443E-01   0.15755E-01   0.15667E-01
 1428.52   0.14955E-01   0.15251E-01   0.15156E-01
 1442.13   0.14497E-01   0.14766E-01   0.14665E-01
 1455.73   0.14061E-01   0.14301E-01   0.14194E-01
 1469.34   0.13642E-01   0.13853E-01   0.13742E-01
 1482.94   0.13234E-01   0.13423E-01   0.13307E-01
 1496.55   0.12832E-01   0.13010E-01   0.12889E-01
 1510.15   0.12437E-01   0.12612E-01   0.12487E-01
 1523.76   0.12049E-01   0.12229E-01   0.12101E-01
 1537.36   0.11674E-01   0.11861E-01   0.11729E-01
 1550.97   0.11314E-01   0.11506E-01   0.11371E-01
 1564.57   0.10973E-01   0.11165E-01   0.11026E-01
 1578.18   0.10653E-01   0.10836E-01   0.10694E-01
 1591.78   0.10351E-01   0.10519E-01   0.10375E-01
 1605.39   0.10067E-01   0.10214E-01   0.10066E-01
 1618.99   0.97948E-02   0.99192E-02   0.97695E-02
 1632.60   0.95308E-02   0.96349E-02   0.94832E-02
 1646.20   0.92713E-02   0.93605E-02   0.92071E-02
 1659.81   0.90144E-02   0.90958E-02   0.89409E-02
 1673.41   0.87599E-02   0.88404E-02   0.86840E-02
 1687.02   0.85092E-02   0.85938E-02   0.84362E-02
 1700.62   0.82652E-02   0.83559E-02   0.81970E-02
 1714.23   0.80307E-02   0.81262E-02   0.79661E-02
 1727.83   0.78082E-02   0.79043E-02   0.77431E-02
 1741.44   0.75988E-02   0.76900E-02   0.75277E-02
 1755.04   0.74023E-02   0.74828E-02   0.73196E-02
 1768.65   0.72169E-02   0.72824E-02   0.71185E-02
 1782.25   0.70401E-02   0.70885E-02   0.69240E-02
 1795.86   0.68688E-02   0.69009E-02   0.67361E-02
 1809.46   0.67002E-02   0.67193E-02   0.65543E-02
 1823.07   0.65326E-02   0.65436E-02   0.63785E-02
 1836.67   0.63652E-02   0.63735E-02   0.62084E-02
 1850.28   0.61987E-02   0.62088E-02   0.60438E-02
 1863.88   0.60347E-02   0.60495E-02   0.58846E-02
 1877.49   0.58753E-02   0.58952E-02   0.57304E-02
 1891.09   0.57226E-02   0.57459E-02   0.55812E-02
 1904.70   0.55781E-02   0.56012E-02   0.54366E-02
 1918.30   0.54425E-02   0.54611E-02   0.52967E-02
 1931.91   0.53154E-02   0.53253E-02   0.51611E-02
 1945.51   0.51954E-02   0.51935E-02   0.50297E-02
 1959.12   0.50805E-02   0.50657E-02   0.49023E-02
 1972.72   0.49690E-02   0.49418E-02   0.47791E-02
 1986.33   0.48584E-02   0.48214E-02   0.46593E-02
 1999.93   0.47477E-02   0.47046E-02   0.45433E-02
 2013.54   0.46365E-02   0.45912E-02   0.44307E-02
 2027.14   0.45250E-02   0.44812E-02   0.43216E-02
 2040.75   0.44145E-02   0.43745E-02   0.42156E-02
 2054.35   0.43062E-02   0.42708E-02   0.41127E-02
 2067.96   0.42023E-02   0.41704E-02   0.40132E-02
 2081.56   0.41034E-02   0.40728E-02   0.39163E-02
 2095.17   0.40105E-02   0.39780E-02   0.38223E-02
 2108.77   0.39237E-02   0.38860E-02   0.37311E-02
 2122.38   0.38422E-02   0.37965E-02   0.36425E-02
 2135.98   0.37648E-02   0.37095E-02   0.35564E-02
 2149.59   0.36902E-02   0.36250E-02   0.34730E-02
 2163.19   0.36165E-02   0.35427E-02   0.33917E-02
 2176.80   0.35428E-02   0.34626E-02   0.33127E-02
 2190.40   0.34684E-02   0.33847E-02   0.32360E-02
 2204.01   0.33931E-02   0.33090E-02   0.31615E-02
 2217.61   0.33173E-02   0.32353E-02   0.30890E-02
 2231.22   0.32419E-02   0.31636E-02   0.30185E-02
 2244.82   0.31684E-02   0.30941E-02   0.29501E-02
 2258.43   0.30974E-02   0.30263E-02   0.28834E-02
 2272.03   0.30303E-02   0.29603E-02   0.28185E-02
 2285.64   0.29673E-02   0.28961E-02   0.27554E-02
 2299.24   0.29086E-02   0.28337E-02   0.26940E-02
 2312.85   0.28537E-02   0.27728E-02   0.26343E-02
 2326.45   0.28016E-02   0.27135E-02   0.25761E-02
 2340.06   0.27514E-02   0.26558E-02   0.25196E-02
 2353.66   0.27019E-02   0.25994E-02   0.24645E-02
 2367.27   0.26522E-02   0.25445E-02   0.24109E-02
 2380.87   0.26017E-02   0.24910E-02   0.23586E-02
 2394.48   0.25501E-02   0.24388E-02   0.23078E-02
 2408.08   0.24978E-02   0.23880E-02   0.22582E-02
 2421.69   0.24453E-02   0.23385E-02   0.22100E-02
 2435.29   0.23935E-02   0.22903E-02   0.21630E-02
 2448.90   0.23431E-02   0.22433E-02   0.21172E-02
 2462.50   0.22950E-02   0.21974E-02   0.20726E-02
 2476.11   0.22498E-02   0.21527E-02   0.20290E-02
 2489.71   0.22076E-02   0.21091E-02   0.19866E-02
 2503.32   0.21685E-02   0.20666E-02   0.19452E-02
 2516.92   0.21318E-02   0.20250E-02   0.19049E-02
 2530.53   0.20970E-02   0.19846E-02   0.18657E-02
 2544.13   0.20631E-02   0.19450E-02   0.18273E-02
 2557.74   0.20294E-02   0.19064E-02   0.17900E-02
 2571.34   0.19952E-02   0.18686E-02   0.17535E-02
 2584.95   0.19601E-02   0.18318E-02   0.17179E-02
 2598.55   0.19240E-02   0.17958E-02   0.16832E-02
 2612.16   0.18872E-02   0.17606E-02   0.16493E-02
 2625.76   0.18502E-02   0.17264E-02   0.16163E-02
 2639.37   0.18134E-02   0.16930E-02   0.15841E-02
 2652.97   0.17777E-02   0.16603E-02   0.15526E-02
 2666.58   0.17435E-02   0.16284E-02   0.15219E-02
 2680.18   0.17113E-02   0.15973E-02   0.14919E-02
 2693.79   0.16814E-02   0.15668E-02   0.14626E-02
 2707.39   0.16536E-02   0.15370E-02   0.14339E-02
 2721.00   0.16282E-02   0.15082E-02   0.14062E-02
 2734.60   0.16038E-02   0.14797E-02   0.13789E-02
 2748.21   0.15803E-02   0.14518E-02   0.13522E-02
 2761.81   0.15571E-02   0.14247E-02   0.13262E-02
 2775.42   0.15336E-02   0.13981E-02   0.13008E-02
 2789.02   0.15094E-02   0.13720E-02   0.12760E-02
 2802.63   0.14843E-02   0.13465E-02   0.12516E-02
 2816.23   0.14582E-02   0.13215E-02   0.12278E-02
 2829.84   0.14320E-02   0.12974E-02   0.12049E-02
 2843.44   0.14053E-02   0.12736E-02   0.11822E-02
 2857.05   0.13789E-02   0.12503E-02   0.11600E-02
 2870.65   0.13535E-02   0.12276E-02   0.11384E-02
 2884.26   0.13293E-02   0.12054E-02   0.11172E-02
 2897.86   0.13067E-02   0.11836E-02   0.10965E-02
 2911.47   0.12857E-02   0.11623E-02   0.10763E-02
 2925.07   0.12667E-02   0.11417E-02   0.10567E-02
 2938.68   0.12488E-02   0.11212E-02   0.10372E-02
 2952.28   0.12319E-02   0.11012E-02   0.10183E-02
 2965.89   0.12156E-02   0.10816E-02   0.99976E-03
 2979.49   0.11994E-02   0.10625E-02   0.98165E-03
 2993.10   0.11829E-02   0.10437E-02   0.96395E-03
 3006.70   0.11658E-02   0.10253E-02   0.94662E-03
 3020.31   0.11478E-02   0.10073E-02   0.92961E-03
 3033.91   0.11293E-02   0.98976E-03   0.91313E-03
 3047.52   0.11100E-02   0.97246E-03   0.89686E-03
 3061.12   0.10905E-02   0.95553E-03   0.88094E-03
 3074.73   0.10711E-02   0.93895E-03   0.86536E-03
 3088.33   0.10522E-02   0.92274E-03   0.85012E-03
 3101.94   0.10342E-02   0.90688E-03   0.83521E-03
 3115.54   0.10173E-02   0.89136E-03   0.82062E-03
 3129.15   0.10017E-02   0.87614E-03   0.80633E-03
 3142.75   0.98748E-03   0.86127E-03   0.79237E-03
 3156.36   0.97434E-03   0.84665E-03   0.77866E-03
 3169.96   0.96211E-03   0.83231E-03   0.76523E-03
 3183.57   0.95045E-03   0.81823E-03   0.75207E-03
 3197.17   0.93903E-03   0.80443E-03   0.73917E-03
 3210.78   0.92748E-03   0.79089E-03   0.72655E-03
 3224.38   0.91555E-03   0.77762E-03   0.71420E-03
 3237.99   0.90303E-03   0.76462E-03   0.70210E-03
 3251.59   0.88984E-03   0.75187E-03   0.69026E-03
 3265.20   0.87602E-03   0.73937E-03   0.67865E-03
 3278.80   0.86173E-03   0.72710E-03   0.66726E-03
 3292.41   0.84722E-03   0.71507E-03   0.65610E-03
 3306.01   0.83279E-03   0.70327E-03   0.64514E-03
 3319.62   0.81876E-03   0.69169E-03   0.63440E-03
 3333.22   0.80540E-03   0.68035E-03   0.62388E-03
 3346.83   0.79288E-03   0.66919E-03   0.61352E-03
 3360.43   0.78156E-03   0.65841E-03   0.60352E-03
 3374.04   0.77110E-03   0.64773E-03   0.59362E-03
 3387.64   0.76158E-03   0.63725E-03   0.58392E-03
 3401.25   0.75276E-03   0.62696E-03   0.57441E-03
 3414.85   0.74441E-03   0.61685E-03   0.56507E-03
 3428.46   0.73624E-03   0.60691E-03   0.55590E-03
 3442.06   0.72798E-03   0.59713E-03   0.54690E-03
 3455.67   0.71935E-03   0.58749E-03   0.53804E-03
 3469.27   0.71054E-03   0.57827E-03   0.52956E-03
 3482.88   0.70085E-03   0.56897E-03   0.52103E-03
 3496.48   0.69069E-03   0.55990E-03   0.51272E-03
 3510.09   0.68009E-03   0.55101E-03   0.50458E-03
 3523.69   0.66919E-03   0.54229E-03   0.49659E-03
 3537.30   0.65823E-03   0.53373E-03   0.48874E-03
 3550.90   0.64742E-03   0.52531E-03   0.48102E-03
 3564.51   0.63699E-03   0.51702E-03   0.47343E-03
 3578.11   0.62711E-03   0.50884E-03   0.46593E-03
 3591.72   0.61832E-03   0.50108E-03   0.45882E-03
 3605.32   0.61004E-03   0.49325E-03   0.45165E-03
 3618.93   0.60258E-03   0.48559E-03   0.44464E-03
 3632.53   0.59579E-03   0.47807E-03   0.43776E-03
 3646.14   0.58952E-03   0.47068E-03   0.43101E-03
 3659.74   0.58355E-03   0.46341E-03   0.42439E-03
 3673.35   0.57765E-03   0.45625E-03   0.41786E-03
 3686.95   0.57153E-03   0.44914E-03   0.41140E-03
 3700.56   0.56550E-03   0.44245E-03   0.40533E-03
 3714.16   0.55863E-03   0.43556E-03   0.39908E-03
 3727.77   0.55137E-03   0.42885E-03   0.39301E-03
 3741.37   0.54366E-03   0.42228E-03   0.38706E-03
 3754.98   0.53557E-03   0.41584E-03   0.38122E-03
 3768.58   0.52724E-03   0.40952E-03   0.37550E-03
 3782.19   0.51883E-03   0.40331E-03   0.36988E-03
 3795.79   0.51051E-03   0.39720E-03   0.36435E-03
 3809.40   0.50245E-03   0.39117E-03   0.35889E-03
 3823.00   0.49504E-03   0.38539E-03   0.35366E-03
 3836.61   0.48801E-03   0.37957E-03   0.34838E-03
 3850.21   0.48162E-03   0.37387E-03   0.34322E-03
 3863.82   0.47588E-03   0.36827E-03   0.33815E-03
 3877.42   0.47070E-03   0.36277E-03   0.33318E-03
 3891.03   0.46598E-03   0.35737E-03   0.32830E-03
 3904.63   0.46156E-03   0.35206E-03   0.32351E-03
 3918.24   0.45726E-03   0.34683E-03   0.31880E-03
 3931.84   0.45288E-03   0.34166E-03   0.31415E-03
 3945.45   0.44840E-03   0.33665E-03   0.30965E-03
 3959.05   0.44351E-03   0.33165E-03   0.30517E-03
 3972.66   0.43823E-03   0.32673E-03   0.30076E-03
 3986.26   0.43253E-03   0.32189E-03   0.29642E-03
 3999.87   0.42646E-03   0.31714E-03   0.29216E-03
 4013.47   0.42011E-03   0.31247E-03   0.28798E-03
 4027.08   0.41360E-03   0.30788E-03   0.28388E-03
 4040.68   0.40707E-03   0.30338E-03   0.27985E-03
 4054.29   0.40066E-03   0.29896E-03   0.27589E-03
 4067.89   0.39454E-03   0.29463E-03   0.27200E-03
 4081.50   0.38879E-03   0.29035E-03   0.26817E-03
 4095.10   0.38349E-03   0.28614E-03   0.26440E-03
 4108.71   0.37870E-03   0.28200E-03   0.26068E-03
 4122.31   0.37439E-03   0.27791E-03   0.25702E-03
 4135.92   0.37053E-03   0.27390E-03   0.25343E-03
 4149.52   0.36702E-03   0.26995E-03   0.24989E-03
 4163.13   0.36374E-03   0.26606E-03   0.24642E-03
 4176.73   0.36057E-03   0.26225E-03   0.24302E-03
 4190.34   0.35736E-03   0.25850E-03   0.23968E-03
 4203.94   0.35398E-03   0.25479E-03   0.23638E-03
 4217.55   0.35033E-03   0.25114E-03   0.23314E-03
 4231.15   0.34635E-03   0.24754E-03   0.22994E-03
 4244.76   0.34201E-03   0.24400E-03   0.22679E-03
 4258.36   0.33734E-03   0.24050E-03   0.22369E-03
 4271.97   0.33240E-03   0.23706E-03   0.22063E-03
 4285.57   0.32729E-03   0.23367E-03   0.21763E-03
 4299.18   0.32206E-03   0.23031E-03   0.21464E-03
 4312.78   0.31709E-03   0.22713E-03   0.21183E-03
 4326.39   0.31215E-03   0.22391E-03   0.20896E-03
 4339.99   0.30750E-03   0.22076E-03   0.20616E-03
 4353.60   0.30321E-03   0.21766E-03   0.20340E-03
 4367.20   0.29932E-03   0.21461E-03   0.20069E-03
 4380.81   0.29582E-03   0.21160E-03   0.19801E-03
 4394.41   0.29270E-03   0.20862E-03   0.19536E-03
 4408.02   0.28988E-03   0.20569E-03   0.19276E-03
 4421.62   0.28728E-03   0.20278E-03   0.19017E-03
 4435.23   0.28489E-03   0.19997E-03   0.18767E-03
 4448.83   0.28259E-03   0.19723E-03   0.18526E-03
 4462.44   0.28011E-03   0.19447E-03   0.18281E-03
 4476.04   0.27748E-03   0.19176E-03   0.18042E-03
 4489.65   0.27462E-03   0.18909E-03   0.17807E-03
 4503.25   0.27147E-03   0.18646E-03   0.17575E-03
 4516.86   0.26804E-03   0.18387E-03   0.17346E-03
 4530.46   0.26432E-03   0.18130E-03   0.17120E-03
 4544.07   0.26038E-03   0.17877E-03   0.16896E-03
 4557.67   0.25629E-03   0.17626E-03   0.16675E-03
 4571.28   0.25236E-03   0.17394E-03   0.16471E-03
 4584.88   0.24825E-03   0.17150E-03   0.16255E-03
 4598.49   0.24433E-03   0.16913E-03   0.16046E-03
 4612.09   0.24065E-03   0.16681E-03   0.15840E-03
 4625.70   0.23726E-03   0.16453E-03   0.15638E-03
 4639.30   0.23419E-03   0.16229E-03   0.15440E-03
 4652.91   0.23145E-03   0.16008E-03   0.15244E-03
 4666.51   0.22901E-03   0.15789E-03   0.15050E-03
 4680.12   0.22680E-03   0.15572E-03   0.14857E-03
 4693.72   0.22476E-03   0.15354E-03   0.14664E-03
 4707.33   0.22312E-03   0.15158E-03   0.14492E-03
 4720.93   0.22129E-03   0.14949E-03   0.14308E-03
 4734.54   0.21944E-03   0.14745E-03   0.14127E-03
 4748.14   0.21748E-03   0.14544E-03   0.13950E-03
 4761.75   0.21535E-03   0.14346E-03   0.13776E-03
 4775.35   0.21300E-03   0.14151E-03   0.13605E-03
 4788.96   0.21041E-03   0.13960E-03   0.13437E-03
 4802.56   0.20759E-03   0.13771E-03   0.13271E-03
 4816.17   0.20455E-03   0.13582E-03   0.13105E-03
 4829.77   0.20155E-03   0.13410E-03   0.12954E-03
 4843.38   0.19821E-03   0.13223E-03   0.12789E-03
 4856.98   0.19494E-03   0.13044E-03   0.12631E-03
 4870.59   0.19175E-03   0.12868E-03   0.12475E-03
 4884.19   0.18870E-03   0.12694E-03   0.12322E-03
 4897.80   0.18585E-03   0.12524E-03   0.12172E-03
 4911.40   0.18325E-03   0.12357E-03   0.12024E-03
 4925.01   0.18093E-03   0.12193E-03   0.11878E-03
 4938.61   0.17886E-03   0.12031E-03   0.11735E-03
 4952.22   0.17704E-03   0.11870E-03   0.11593E-03
 4965.82   0.17548E-03   0.11717E-03   0.11457E-03
 4979.43   0.17400E-03   0.11560E-03   0.11318E-03
 4993.03   0.17262E-03   0.11406E-03   0.11182E-03
 5006.64   0.17127E-03   0.11253E-03   0.11048E-03
 5020.24   0.16986E-03   0.11103E-03   0.10915E-03
 5033.85   0.16836E-03   0.10955E-03   0.10785E-03
 5047.45   0.16670E-03   0.10809E-03   0.10656E-03
 5061.06   0.16488E-03   0.10666E-03   0.10530E-03
 5074.66   0.16286E-03   0.10524E-03   0.10405E-03
 5088.27   0.16065E-03   0.10385E-03   0.10283E-03
 5101.87   0.15829E-03   0.10249E-03   0.10163E-03
 5115.48   0.15579E-03   0.10114E-03   0.10044E-03
 5129.08   0.15322E-03   0.99803E-04   0.99262E-04
 5142.69   0.15063E-03   0.98488E-04   0.98100E-04
 5156.29   0.14807E-03   0.97190E-04   0.96952E-04
 5169.90   0.14561E-03   0.95910E-04   0.95816E-04
 5183.50   0.14330E-03   0.94648E-04   0.94696E-04
 5197.11   0.14117E-03   0.93407E-04   0.93592E-04
 5210.71   0.13926E-03   0.92185E-04   0.92506E-04
 5224.32   0.13757E-03   0.90980E-04   0.91434E-04
 5237.92   0.13609E-03   0.89800E-04   0.90388E-04
 5251.53   0.13481E-03   0.88649E-04   0.89362E-04
 5265.13   0.13365E-03   0.87498E-04   0.88340E-04
 5278.74   0.13259E-03   0.86363E-04   0.87332E-04
 5292.34   0.13158E-03   0.85241E-04   0.86336E-04
 5305.95   0.13055E-03   0.84130E-04   0.85350E-04
 5319.55   0.12946E-03   0.83031E-04   0.84374E-04
 5333.16   0.12826E-03   0.81944E-04   0.83409E-04
 5346.76   0.12693E-03   0.80870E-04   0.82456E-04
 5360.37   0.12543E-03   0.79807E-04   0.81513E-04
 5373.97   0.12380E-03   0.78768E-04   0.80593E-04
 5387.58   0.12208E-03   0.77781E-04   0.79723E-04
 5401.18   0.12016E-03   0.76763E-04   0.78819E-04
 5414.79   0.11816E-03   0.75770E-04   0.77937E-04
 5428.39   0.11611E-03   0.74794E-04   0.77069E-04
 5442.00   0.11406E-03   0.73831E-04   0.76212E-04
 5455.60   0.11205E-03   0.72880E-04   0.75363E-04
 5469.21   0.11011E-03   0.71941E-04   0.74522E-04
 5482.81   0.10830E-03   0.71012E-04   0.73689E-04
 5496.42   0.10662E-03   0.70092E-04   0.72862E-04
 5510.02   0.10509E-03   0.69166E-04   0.72024E-04
 5523.63   0.10396E-03   0.68399E-04   0.71357E-04
 5537.23   0.10271E-03   0.67468E-04   0.70509E-04
 5550.84   0.10170E-03   0.66600E-04   0.69727E-04
 5564.44   0.10081E-03   0.65751E-04   0.68963E-04
 5578.05   0.10001E-03   0.64914E-04   0.68212E-04
 5591.65   0.99254E-04   0.64089E-04   0.67471E-04
 5605.26   0.98496E-04   0.63273E-04   0.66739E-04
 5618.86   0.97694E-04   0.62464E-04   0.66013E-04
 5632.47   0.96810E-04   0.61662E-04   0.65292E-04
 5646.07   0.95811E-04   0.60861E-04   0.64571E-04
 5659.68   0.94696E-04   0.60073E-04   0.63861E-04
 5673.28   0.93587E-04   0.59374E-04   0.63249E-04
 5686.89   0.92197E-04   0.58591E-04   0.62540E-04
 5700.49   0.90731E-04   0.57837E-04   0.61860E-04
 5714.10   0.89188E-04   0.57099E-04   0.61195E-04
 5727.70   0.87595E-04   0.56375E-04   0.60542E-04
 5741.31   0.85983E-04   0.55663E-04   0.59899E-04
 5754.91   0.84387E-04   0.54962E-04   0.59265E-04
 5768.52   0.82839E-04   0.54270E-04   0.58638E-04
 5782.12   0.81368E-04   0.53585E-04   0.58014E-04
 5795.73   0.79987E-04   0.52899E-04   0.57387E-04
 5809.33   0.78727E-04   0.52219E-04   0.56763E-04
 5822.94   0.77722E-04   0.51626E-04   0.56233E-04
 5836.54   0.76734E-04   0.50964E-04   0.55625E-04
 5850.15   0.75886E-04   0.50320E-04   0.55033E-04
 5863.75   0.75155E-04   0.49687E-04   0.54453E-04
 5877.36   0.74515E-04   0.49064E-04   0.53883E-04
 5890.96   0.73936E-04   0.48451E-04   0.53322E-04
 5904.57   0.73388E-04   0.47847E-04   0.52770E-04
 5918.17   0.72834E-04   0.47251E-04   0.52225E-04
 5931.78   0.72243E-04   0.46660E-04   0.51686E-04
 5945.38   0.71581E-04   0.46070E-04   0.51146E-04
 5958.99   0.70824E-04   0.45479E-04   0.50603E-04
 5972.59   0.70061E-04   0.44952E-04   0.50129E-04
 5986.20   0.69120E-04   0.44382E-04   0.49605E-04
 5999.80   0.68087E-04   0.43822E-04   0.49091E-04
 6013.41   0.66970E-04   0.43271E-04   0.48584E-04
 6027.01   0.65787E-04   0.42728E-04   0.48084E-04
 6040.62   0.64560E-04   0.42195E-04   0.47593E-04
 6054.22   0.63317E-04   0.41672E-04   0.47109E-04
 6067.83   0.62083E-04   0.41157E-04   0.46633E-04
 6081.43   0.60884E-04   0.40651E-04   0.46164E-04
 6095.04   0.59742E-04   0.40150E-04   0.45700E-04
 6108.64   0.58672E-04   0.39652E-04   0.45235E-04
 6122.25   0.57731E-04   0.39184E-04   0.44799E-04
 6135.85   0.56865E-04   0.38702E-04   0.44348E-04
 6149.46   0.56104E-04   0.38226E-04   0.43902E-04
 6163.06   0.55446E-04   0.37755E-04   0.43460E-04
 6176.67   0.54879E-04   0.37290E-04   0.43022E-04
 6190.27   0.54390E-04   0.36831E-04   0.42590E-04
 6203.88   0.53958E-04   0.36378E-04   0.42164E-04
 6217.48   0.53562E-04   0.35932E-04   0.41745E-04
 6231.09   0.53177E-04   0.35493E-04   0.41333E-04
 6244.69   0.52779E-04   0.35059E-04   0.40927E-04
 6258.30   0.52346E-04   0.34632E-04   0.40528E-04
 6271.90   0.51867E-04   0.34215E-04   0.40135E-04
 6285.51   0.51312E-04   0.33797E-04   0.39744E-04
 6299.11   0.50682E-04   0.33384E-04   0.39356E-04
 6312.72   0.49974E-04   0.32975E-04   0.38972E-04
 6326.32   0.49192E-04   0.32571E-04   0.38590E-04
 6339.93   0.48346E-04   0.32171E-04   0.38211E-04
 6353.53   0.47451E-04   0.31776E-04   0.37836E-04
 6367.14   0.46526E-04   0.31387E-04   0.37465E-04
 6380.74   0.45589E-04   0.31004E-04   0.37100E-04
 6394.35   0.44661E-04   0.30627E-04   0.36739E-04
 6407.95   0.43769E-04   0.30260E-04   0.36389E-04
 6421.56   0.42939E-04   0.29908E-04   0.36052E-04
 6435.16   0.42146E-04   0.29546E-04   0.35704E-04
 6448.77   0.41433E-04   0.29194E-04   0.35364E-04
 6462.37   0.40799E-04   0.28846E-04   0.35028E-04
 6475.98   0.40246E-04   0.28501E-04   0.34695E-04
 6489.58   0.39772E-04   0.28160E-04   0.34364E-04
 6503.19   0.39368E-04   0.27822E-04   0.34036E-04
 6516.79   0.39024E-04   0.27487E-04   0.33709E-04
 6530.40   0.38725E-04   0.27155E-04   0.33385E-04
 6544.00   0.38454E-04   0.26826E-04   0.33063E-04
 6557.61   0.38187E-04   0.26495E-04   0.32738E-04
 6571.21   0.37929E-04   0.26178E-04   0.32431E-04
 6584.82   0.37685E-04   0.25890E-04   0.32158E-04
 6598.42   0.37364E-04   0.25578E-04   0.31853E-04
 6612.03   0.37000E-04   0.25272E-04   0.31556E-04
 6625.63   0.36583E-04   0.24972E-04   0.31264E-04
 6639.24   0.36108E-04   0.24675E-04   0.30974E-04
 6652.84   0.35577E-04   0.24381E-04   0.30687E-04
 6666.45   0.34993E-04   0.24090E-04   0.30402E-04
 6680.05   0.34366E-04   0.23801E-04   0.30117E-04
 6693.66   0.33706E-04   0.23515E-04   0.29833E-04
 6707.26   0.33025E-04   0.23229E-04   0.29547E-04
 6720.87   0.32348E-04   0.22953E-04   0.29272E-04
 6734.47   0.31731E-04   0.22721E-04   0.29054E-04
 6748.08   0.31074E-04   0.22438E-04   0.28765E-04
 6761.68   0.30470E-04   0.22172E-04   0.28497E-04
 6775.29   0.29919E-04   0.21913E-04   0.28236E-04
 6788.89   0.29425E-04   0.21659E-04   0.27980E-04
 6802.50   0.28992E-04   0.21408E-04   0.27727E-04
 6816.10   0.28620E-04   0.21160E-04   0.27477E-04
 6829.71   0.28306E-04   0.20915E-04   0.27229E-04
 6843.31   0.28045E-04   0.20671E-04   0.26981E-04
 6856.92   0.27827E-04   0.20428E-04   0.26733E-04
 6870.52   0.27636E-04   0.20181E-04   0.26478E-04
 6884.13   0.27474E-04   0.19941E-04   0.26232E-04
 6897.73   0.27371E-04   0.19747E-04   0.26049E-04
 6911.34   0.27209E-04   0.19507E-04   0.25801E-04
 6924.94   0.27040E-04   0.19276E-04   0.25564E-04
 6938.55   0.26848E-04   0.19051E-04   0.25334E-04
 6952.15   0.26625E-04   0.18829E-04   0.25108E-04
 6965.76   0.26363E-04   0.18612E-04   0.24886E-04
 6979.36   0.26060E-04   0.18398E-04   0.24667E-04
 6992.97   0.25715E-04   0.18186E-04   0.24451E-04
 7006.57   0.25331E-04   0.17977E-04   0.24235E-04
 7020.18   0.24911E-04   0.17768E-04   0.24020E-04
 7033.78   0.24456E-04   0.17556E-04   0.23797E-04
 7047.39   0.23991E-04   0.17348E-04   0.23578E-04
 7060.99   0.23562E-04   0.17183E-04   0.23417E-04
 7074.60   0.23090E-04   0.16981E-04   0.23202E-04
 7088.20   0.22636E-04   0.16785E-04   0.22994E-04
 7101.81   0.22207E-04   0.16593E-04   0.22790E-04
 7115.41   0.21810E-04   0.16405E-04   0.22590E-04
 7129.02   0.21451E-04   0.16221E-04   0.22394E-04
 7142.62   0.21135E-04   0.16040E-04   0.22201E-04
 7156.23   0.20864E-04   0.15861E-04   0.22011E-04
 7169.83   0.20638E-04   0.15685E-04   0.21823E-04
 7183.44   0.20454E-04   0.15510E-04   0.21636E-04
 7197.04   0.20303E-04   0.15333E-04   0.21446E-04
 7210.65   0.20188E-04   0.15157E-04   0.21256E-04
 7224.25   0.20135E-04   0.15008E-04   0.21102E-04
 7237.86   0.20061E-04   0.14837E-04   0.20917E-04
 7251.46   0.19997E-04   0.14669E-04   0.20735E-04
 7265.07   0.19933E-04   0.14503E-04   0.20556E-04
 7278.67   0.19860E-04   0.14340E-04   0.20379E-04
 7292.28   0.19769E-04   0.14179E-04   0.20204E-04
 7305.88   0.19655E-04   0.14020E-04   0.20033E-04
 7319.49   0.19514E-04   0.13865E-04   0.19864E-04
 7333.09   0.19343E-04   0.13712E-04   0.19698E-04
 7346.70   0.19140E-04   0.13561E-04   0.19535E-04
 7360.30   0.18902E-04   0.13412E-04   0.19372E-04
 7373.91   0.18642E-04   0.13265E-04   0.19210E-04
 7387.51   0.18393E-04   0.13127E-04   0.19059E-04
 7401.12   0.18093E-04   0.12984E-04   0.18900E-04
 7414.72   0.17787E-04   0.12843E-04   0.18743E-04
 7428.33   0.17480E-04   0.12703E-04   0.18586E-04
 7441.93   0.17179E-04   0.12565E-04   0.18430E-04
 7455.54   0.16891E-04   0.12428E-04   0.18275E-04
 7469.14   0.16623E-04   0.12294E-04   0.18122E-04
 7482.75   0.16379E-04   0.12162E-04   0.17972E-04
 7496.35   0.16165E-04   0.12032E-04   0.17823E-04
 7509.96   0.15983E-04   0.11904E-04   0.17678E-04
 7523.56   0.15832E-04   0.11778E-04   0.17534E-04
 7537.17   0.15717E-04   0.11655E-04   0.17394E-04
 7550.77   0.15660E-04   0.11535E-04   0.17256E-04
 7564.38   0.15601E-04   0.11414E-04   0.17117E-04
 7577.98   0.15572E-04   0.11294E-04   0.16980E-04
 7591.59   0.15562E-04   0.11175E-04   0.16843E-04
 7605.19   0.15566E-04   0.11057E-04   0.16707E-04
 7618.80   0.15576E-04   0.10939E-04   0.16571E-04
 7632.40   0.15585E-04   0.10823E-04   0.16436E-04
 7646.01   0.15589E-04   0.10707E-04   0.16301E-04
 7659.61   0.15580E-04   0.10593E-04   0.16168E-04
 7673.22   0.15554E-04   0.10481E-04   0.16036E-04
 7686.82   0.15507E-04   0.10370E-04   0.15906E-04
 7700.43   0.15428E-04   0.10258E-04   0.15773E-04
 7714.03   0.15370E-04   0.10168E-04   0.15673E-04
 7727.64   0.15241E-04   0.10058E-04   0.15540E-04
 7741.24   0.15100E-04   0.99545E-05   0.15418E-04
 7754.85   0.14940E-04   0.98536E-05   0.15298E-04
 7768.45   0.14764E-04   0.97542E-05   0.15178E-04
 7782.06   0.14577E-04   0.96558E-05   0.15059E-04
 7795.66   0.14384E-04   0.95584E-05   0.14941E-04
 7809.27   0.14192E-04   0.94617E-05   0.14822E-04
 7822.87   0.14006E-04   0.93658E-05   0.14704E-04
 7836.48   0.13831E-04   0.92707E-05   0.14586E-04
 7850.08   0.13672E-04   0.91762E-05   0.14468E-04
 7863.69   0.13534E-04   0.90808E-05   0.14348E-04
 7877.29   0.13421E-04   0.89926E-05   0.14239E-04
 7890.90   0.13345E-04   0.89186E-05   0.14152E-04
 7904.50   0.13286E-04   0.88264E-05   0.14035E-04
 7918.11   0.13255E-04   0.87390E-05   0.13926E-04
 7931.71   0.13251E-04   0.86536E-05   0.13819E-04
 7945.32   0.13270E-04   0.85695E-05   0.13714E-04
 7958.92   0.13309E-04   0.84863E-05   0.13610E-04
 7972.53   0.13363E-04   0.84037E-05   0.13507E-04
 7986.13   0.13428E-04   0.83214E-05   0.13403E-04
 7999.74   0.13499E-04   0.82394E-05   0.13299E-04
 8013.34   0.13569E-04   0.81575E-05   0.13195E-04
 8026.95   0.13635E-04   0.80751E-05   0.13089E-04
 8040.55   0.13690E-04   0.79875E-05   0.12973E-04
 8054.16   0.13733E-04   0.79113E-05   0.12876E-04
 8067.76   0.13762E-04   0.78573E-05   0.12815E-04
 8081.37   0.13765E-04   0.77783E-05   0.12710E-04
 8094.97   0.13746E-04   0.77034E-05   0.12612E-04
 8108.58   0.13705E-04   0.76309E-05   0.12517E-04
 8122.18   0.13640E-04   0.75602E-05   0.12424E-04
 8135.79   0.13554E-04   0.74909E-05   0.12332E-04
 8149.39   0.13451E-04   0.74226E-05   0.12241E-04
 8163.00   0.13334E-04   0.73552E-05   0.12151E-04
 8176.60   0.13208E-04   0.72881E-05   0.12060E-04
 8190.21   0.13079E-04   0.72211E-05   0.11968E-04
 8203.81   0.12951E-04   0.71528E-05   0.11874E-04
 8217.42   0.12826E-04   0.70750E-05   0.11763E-04
 8231.02   0.12746E-04   0.70564E-05   0.11752E-04
 8244.63   0.12651E-04   0.69750E-05   0.11634E-04
 8258.23   0.12586E-04   0.69090E-05   0.11541E-04
 8271.84   0.12545E-04   0.68458E-05   0.11453E-04
 8285.44   0.12530E-04   0.67844E-05   0.11367E-04
 8299.05   0.12541E-04   0.67243E-05   0.11284E-04
 8312.65   0.12577E-04   0.66654E-05   0.11202E-04
 8326.26   0.12636E-04   0.66075E-05   0.11122E-04
 8339.86   0.12714E-04   0.65504E-05   0.11042E-04
 8353.47   0.12809E-04   0.64937E-05   0.10963E-04
 8367.07   0.12915E-04   0.64371E-05   0.10883E-04
 8380.68   0.13027E-04   0.63796E-05   0.10802E-04
 8394.28   0.13120E-04   0.63137E-05   0.10706E-04
 8407.89   0.13300E-04   0.62911E-05   0.10682E-04
 8421.49   0.13391E-04   0.62265E-05   0.10587E-04
 8435.10   0.13485E-04   0.61708E-05   0.10505E-04
 8448.70   0.13564E-04   0.61172E-05   0.10427E-04
 8462.31   0.13624E-04   0.60649E-05   0.10350E-04
 8475.91   0.13661E-04   0.60140E-05   0.10275E-04
 8489.52   0.13674E-04   0.59644E-05   0.10201E-04
 8503.12   0.13661E-04   0.59161E-05   0.10129E-04
 8516.73   0.13623E-04   0.58690E-05   0.10058E-04
 8530.33   0.13563E-04   0.58229E-05   0.99884E-05
 8543.94   0.13482E-04   0.57775E-05   0.99192E-05
 8557.54   0.13384E-04   0.57322E-05   0.98496E-05
 8571.15   0.13251E-04   0.56842E-05   0.97749E-05
 8584.75   0.13246E-04   0.56550E-05   0.97316E-05
 8598.36   0.13114E-04   0.56060E-05   0.96543E-05
 8611.96   0.13017E-04   0.55617E-05   0.95846E-05
 8625.57   0.12940E-04   0.55181E-05   0.95159E-05
 8639.17   0.12883E-04   0.54750E-05   0.94478E-05
 8652.78   0.12851E-04   0.54324E-05   0.93804E-05
 8666.38   0.12844E-04   0.53905E-05   0.93138E-05
 8679.99   0.12863E-04   0.53493E-05   0.92484E-05
 8693.59   0.12910E-04   0.53090E-05   0.91842E-05
 8707.20   0.12981E-04   0.52695E-05   0.91213E-05
 8720.80   0.13073E-04   0.52308E-05   0.90596E-05
 8734.41   0.13182E-04   0.51929E-05   0.89988E-05
 8748.01   0.13291E-04   0.51553E-05   0.89383E-05
 8761.62   0.13433E-04   0.51176E-05   0.88772E-05
 8775.22   0.13638E-04   0.50834E-05   0.88219E-05
 8788.83   0.13777E-04   0.50472E-05   0.87624E-05
 8802.43   0.13917E-04   0.50113E-05   0.87030E-05
 8816.04   0.14050E-04   0.49756E-05   0.86435E-05
 8829.64   0.14168E-04   0.49402E-05   0.85840E-05
 8843.25   0.14269E-04   0.49052E-05   0.85246E-05
 8856.85   0.14347E-04   0.48708E-05   0.84655E-05
 8870.46   0.14399E-04   0.48371E-05   0.84071E-05
 8884.06   0.14425E-04   0.48042E-05   0.83496E-05
 8897.67   0.14422E-04   0.47723E-05   0.82931E-05
 8911.27   0.14391E-04   0.47412E-05   0.82377E-05
 8924.88   0.14329E-04   0.47109E-05   0.81832E-05
 8938.48   0.14253E-04   0.46825E-05   0.81315E-05
 8952.09   0.14210E-04   0.46541E-05   0.80798E-05
 8965.69   0.14101E-04   0.46256E-05   0.80273E-05
 8979.30   0.13996E-04   0.45976E-05   0.79754E-05
 8992.90   0.13896E-04   0.45697E-05   0.79236E-05
 9006.51   0.13806E-04   0.45419E-05   0.78717E-05
 9020.11   0.13732E-04   0.45139E-05   0.78195E-05
 9033.72   0.13679E-04   0.44860E-05   0.77672E-05
 9047.32   0.13651E-04   0.44580E-05   0.77149E-05
 9060.93   0.13649E-04   0.44302E-05   0.76626E-05
 9074.53   0.13677E-04   0.44026E-05   0.76108E-05
 9088.14   0.13732E-04   0.43754E-05   0.75593E-05
 9101.74   0.13813E-04   0.43483E-05   0.75080E-05
 9115.35   0.13909E-04   0.43190E-05   0.74528E-05
 9128.95   0.14073E-04   0.42982E-05   0.74120E-05
 9142.56   0.14205E-04   0.42782E-05   0.73721E-05
 9156.16   0.14358E-04   0.42536E-05   0.73242E-05
 9169.77   0.14518E-04   0.42301E-05   0.72779E-05
 9183.37   0.14678E-04   0.42072E-05   0.72321E-05
 9196.98   0.14833E-04   0.41846E-05   0.71865E-05
 9210.58   0.14977E-04   0.41621E-05   0.71408E-05
 9224.19   0.15106E-04   0.41398E-05   0.70949E-05
 9237.79   0.15213E-04   0.41175E-05   0.70487E-05
 9251.40   0.15297E-04   0.40953E-05   0.70021E-05
 9265.00   0.15354E-04   0.40731E-05   0.69553E-05
 9278.61   0.15382E-04   0.40509E-05   0.69079E-05
 9292.21   0.15381E-04   0.40274E-05   0.68582E-05
 9305.82   0.15352E-04   0.40095E-05   0.68175E-05
 9319.42   0.15305E-04   0.40029E-05   0.67956E-05
 9333.03   0.15227E-04   0.39790E-05   0.67444E-05
 9346.63   0.15132E-04   0.39594E-05   0.67002E-05
 9360.24   0.15025E-04   0.39412E-05   0.66581E-05
 9373.84   0.14911E-04   0.39236E-05   0.66170E-05
 9387.45   0.14799E-04   0.39065E-05   0.65766E-05
 9401.05   0.14693E-04   0.38895E-05   0.65363E-05
 9414.66   0.14601E-04   0.38725E-05   0.64960E-05
 9428.26   0.14527E-04   0.38553E-05   0.64555E-05
 9441.87   0.14477E-04   0.38378E-05   0.64144E-05
 9455.47   0.14453E-04   0.38198E-05   0.63726E-05
 9469.08   0.14459E-04   0.38009E-05   0.63293E-05
 9482.68   0.14491E-04   0.37786E-05   0.62803E-05
 9496.29   0.14562E-04   0.37639E-05   0.62438E-05
 9509.89   0.14662E-04   0.37646E-05   0.62323E-05
 9523.50   0.14775E-04   0.37438E-05   0.61857E-05
 9537.10   0.14909E-04   0.37267E-05   0.61448E-05
 9550.71   0.15058E-04   0.37109E-05   0.61061E-05
 9564.31   0.15215E-04   0.36961E-05   0.60687E-05
 9577.92   0.15374E-04   0.36820E-05   0.60322E-05
 9591.52   0.15528E-04   0.36685E-05   0.59963E-05
 9605.13   0.15673E-04   0.36553E-05   0.59608E-05
 9618.73   0.15802E-04   0.36423E-05   0.59252E-05
 9632.34   0.15910E-04   0.36293E-05   0.58894E-05
 9645.94   0.15993E-04   0.36160E-05   0.58527E-05
 9659.55   0.16046E-04   0.36018E-05   0.58144E-05
 9673.15   0.16060E-04   0.35834E-05   0.57692E-05
 9686.76   0.16072E-04   0.35721E-05   0.57352E-05
 9700.36   0.16074E-04   0.35779E-05   0.57281E-05
 9713.97   0.16007E-04   0.35621E-05   0.56865E-05
 9727.57   0.15922E-04   0.35491E-05   0.56492E-05
 9741.18   0.15818E-04   0.35372E-05   0.56136E-05
 9754.78   0.15698E-04   0.35260E-05   0.55791E-05
 9768.39   0.15568E-04   0.35155E-05   0.55457E-05
 9781.99   0.15435E-04   0.35055E-05   0.55130E-05
 9795.60   0.15304E-04   0.34960E-05   0.54811E-05
 9809.20   0.15180E-04   0.34867E-05   0.54495E-05
 9822.81   0.15070E-04   0.34774E-05   0.54182E-05
 9836.41   0.14978E-04   0.34680E-05   0.53865E-05
 9850.02   0.14906E-04   0.34578E-05   0.53539E-05
 9863.62   0.14846E-04   0.34449E-05   0.53169E-05
 9877.23   0.14850E-04   0.34349E-05   0.52848E-05
 9890.83   0.14925E-04   0.34389E-05   0.52740E-05
 9904.44   0.14960E-04   0.34266E-05   0.52382E-05
 9918.04   0.15031E-04   0.34160E-05   0.52050E-05
 9931.65   0.15128E-04   0.34061E-05   0.51728E-05
 9945.25   0.15245E-04   0.33966E-05   0.51412E-05
 9958.86   0.15377E-04   0.33876E-05   0.51103E-05
 9972.46   0.15518E-04   0.33793E-05   0.50801E-05
 9986.07   0.15660E-04   0.33715E-05   0.50507E-05
 9999.67   0.15798E-04   0.33643E-05   0.50220E-05
