 7850.08   0.47888E-02   0.46251E-02   0.46682E-02
 7863.69   0.47805E-02   0.46172E-02   0.46604E-02
 7877.29   0.47726E-02   0.46098E-02   0.46531E-02
 7890.90   0.47644E-02   0.46020E-02   0.46454E-02
 7904.50   0.47563E-02   0.45943E-02   0.46379E-02
 7918.11   0.47480E-02   0.45865E-02   0.46301E-02
 7931.71   0.47394E-02   0.45783E-02   0.46221E-02
 7945.32   0.47305E-02   0.45699E-02   0.46137E-02
 7958.92   0.47212E-02   0.45611E-02   0.46050E-02
 7972.53   0.47118E-02   0.45521E-02   0.45961E-02
 7986.13   0.47022E-02   0.45431E-02   0.45871E-02
 7999.74   0.46927E-02   0.45340E-02   0.45781E-02
 8013.34   0.46832E-02   0.45251E-02   0.45693E-02
 8026.95   0.46739E-02   0.45162E-02   0.45605E-02
 8040.55   0.46637E-02   0.45065E-02   0.45509E-02
 8054.16   0.46574E-02   0.45007E-02   0.45451E-02
 8067.76   0.46516E-02   0.44952E-02   0.45398E-02
 8081.37   0.46432E-02   0.44873E-02   0.45319E-02
 8094.97   0.46352E-02   0.44797E-02   0.45245E-02
 8108.58   0.46272E-02   0.44722E-02   0.45170E-02
 8122.18   0.46190E-02   0.44644E-02   0.45093E-02
 8135.79   0.46105E-02   0.44563E-02   0.45013E-02
 8149.39   0.46016E-02   0.44479E-02   0.44930E-02
 8163.00   0.45923E-02   0.44392E-02   0.44843E-02
 8176.60   0.45828E-02   0.44301E-02   0.44753E-02
 8190.21   0.45729E-02   0.44208E-02   0.44661E-02
 8203.81   0.45623E-02   0.44107E-02   0.44561E-02
 8217.42   0.45461E-02   0.43952E-02   0.44406E-02
 8231.02   0.45585E-02   0.44074E-02   0.44530E-02
 8244.63   0.45435E-02   0.43931E-02   0.44388E-02
 8258.23   0.45342E-02   0.43843E-02   0.44301E-02
 8271.84   0.45260E-02   0.43766E-02   0.44224E-02
 8285.44   0.45182E-02   0.43692E-02   0.44150E-02
 8299.05   0.45104E-02   0.43619E-02   0.44078E-02
 8312.65   0.45025E-02   0.43544E-02   0.44005E-02
 8326.26   0.44944E-02   0.43467E-02   0.43929E-02
 8339.86   0.44858E-02   0.43387E-02   0.43849E-02
 8353.47   0.44767E-02   0.43301E-02   0.43763E-02
 8367.07   0.44670E-02   0.43208E-02   0.43671E-02
 8380.68   0.44556E-02   0.43100E-02   0.43564E-02
 8394.28   0.44329E-02   0.42882E-02   0.43345E-02
 8407.89   0.44573E-02   0.43121E-02   0.43588E-02
 8421.49   0.44399E-02   0.42954E-02   0.43421E-02
 8435.10   0.44295E-02   0.42856E-02   0.43323E-02
 8448.70   0.44207E-02   0.42773E-02   0.43240E-02
 8462.31   0.44125E-02   0.42696E-02   0.43164E-02
 8475.91   0.44048E-02   0.42623E-02   0.43092E-02
 8489.52   0.43973E-02   0.42552E-02   0.43022E-02
 8503.12   0.43898E-02   0.42482E-02   0.42952E-02
 8516.73   0.43820E-02   0.42409E-02   0.42880E-02
 8530.33   0.43739E-02   0.42332E-02   0.42804E-02
 8543.94   0.43650E-02   0.42248E-02   0.42721E-02
 8557.54   0.43544E-02   0.42148E-02   0.42621E-02
 8571.15   0.43341E-02   0.41954E-02   0.42427E-02
 8584.75   0.43594E-02   0.42201E-02   0.42677E-02
 8598.36   0.43397E-02   0.42013E-02   0.42489E-02
 8611.96   0.43288E-02   0.41909E-02   0.42386E-02
 8625.57   0.43194E-02   0.41820E-02   0.42297E-02
 8639.17   0.43107E-02   0.41739E-02   0.42216E-02
 8652.78   0.43026E-02   0.41662E-02   0.42140E-02
 8666.38   0.42949E-02   0.41590E-02   0.42069E-02
 8679.99   0.42876E-02   0.41521E-02   0.42000E-02
 8693.59   0.42804E-02   0.41453E-02   0.41933E-02
 8707.20   0.42731E-02   0.41385E-02   0.41866E-02
 8720.80   0.42654E-02   0.41314E-02   0.41795E-02
 8734.41   0.42569E-02   0.41233E-02   0.41715E-02
 8748.01   0.42442E-02   0.41112E-02   0.41594E-02
 8761.62   0.42348E-02   0.41024E-02   0.41506E-02
 8775.22   0.42414E-02   0.41090E-02   0.41575E-02
 8788.83   0.42310E-02   0.40992E-02   0.41477E-02
 8802.43   0.42218E-02   0.40904E-02   0.41389E-02
 8816.04   0.42129E-02   0.40821E-02   0.41306E-02
 8829.64   0.42044E-02   0.40741E-02   0.41227E-02
 8843.25   0.41962E-02   0.40664E-02   0.41151E-02
 8856.85   0.41885E-02   0.40592E-02   0.41079E-02
 8870.46   0.41812E-02   0.40523E-02   0.41010E-02
 8884.06   0.41741E-02   0.40457E-02   0.40945E-02
 8897.67   0.41672E-02   0.40393E-02   0.40882E-02
 8911.27   0.41602E-02   0.40327E-02   0.40817E-02
 8924.88   0.41525E-02   0.40254E-02   0.40745E-02
 8938.48   0.41443E-02   0.40177E-02   0.40668E-02
 8952.09   0.41433E-02   0.40170E-02   0.40662E-02
 8965.69   0.41346E-02   0.40088E-02   0.40581E-02
 8979.30   0.41264E-02   0.40011E-02   0.40504E-02
 8992.90   0.41181E-02   0.39934E-02   0.40427E-02
 9006.51   0.41098E-02   0.39856E-02   0.40349E-02
 9020.11   0.41015E-02   0.39778E-02   0.40272E-02
 9033.72   0.40934E-02   0.39701E-02   0.40196E-02
 9047.32   0.40855E-02   0.39627E-02   0.40122E-02
 9060.93   0.40780E-02   0.39557E-02   0.40052E-02
 9074.53   0.40708E-02   0.39490E-02   0.39986E-02
 9088.14   0.40640E-02   0.39427E-02   0.39924E-02
 9101.74   0.40575E-02   0.39366E-02   0.39863E-02
 9115.35   0.40511E-02   0.39306E-02   0.39804E-02
 9128.95   0.40451E-02   0.39252E-02   0.39750E-02
 9142.56   0.40386E-02   0.39190E-02   0.39689E-02
 9156.16   0.40319E-02   0.39128E-02   0.39627E-02
 9169.77   0.40249E-02   0.39063E-02   0.39563E-02
 9183.37   0.40175E-02   0.38994E-02   0.39494E-02
 9196.98   0.40098E-02   0.38922E-02   0.39423E-02
 9210.58   0.40019E-02   0.38848E-02   0.39349E-02
 9224.19   0.39939E-02   0.38773E-02   0.39274E-02
 9237.79   0.39859E-02   0.38698E-02   0.39200E-02
 9251.40   0.39781E-02   0.38625E-02   0.39127E-02
 9265.00   0.39705E-02   0.38554E-02   0.39056E-02
 9278.61   0.39633E-02   0.38486E-02   0.38989E-02
 9292.21   0.39561E-02   0.38419E-02   0.38923E-02
 9305.82   0.39509E-02   0.38371E-02   0.38875E-02
 9319.42   0.39455E-02   0.38322E-02   0.38826E-02
 9333.03   0.39388E-02   0.38260E-02   0.38765E-02
 9346.63   0.39325E-02   0.38201E-02   0.38707E-02
 9360.24   0.39262E-02   0.38142E-02   0.38649E-02
 9373.84   0.39196E-02   0.38081E-02   0.38588E-02
 9387.45   0.39127E-02   0.38017E-02   0.38524E-02
 9401.05   0.39054E-02   0.37949E-02   0.38456E-02
 9414.66   0.38978E-02   0.37877E-02   0.38385E-02
 9428.26   0.38899E-02   0.37804E-02   0.38312E-02
 9441.87   0.38818E-02   0.37728E-02   0.38237E-02
 9455.47   0.38737E-02   0.37652E-02   0.38160E-02
 9469.08   0.38653E-02   0.37573E-02   0.38082E-02
 9482.68   0.38552E-02   0.37478E-02   0.37986E-02
 9496.29   0.38515E-02   0.37445E-02   0.37954E-02
 9509.89   0.38514E-02   0.37447E-02   0.37958E-02
 9523.50   0.38432E-02   0.37370E-02   0.37881E-02
 9537.10   0.38365E-02   0.37308E-02   0.37820E-02
 9550.71   0.38303E-02   0.37251E-02   0.37762E-02
 9564.31   0.38242E-02   0.37194E-02   0.37706E-02
 9577.92   0.38179E-02   0.37136E-02   0.37648E-02
 9591.52   0.38113E-02   0.37075E-02   0.37588E-02
 9605.13   0.38044E-02   0.37010E-02   0.37524E-02
 9618.73   0.37970E-02   0.36942E-02   0.37455E-02
 9632.34   0.37892E-02   0.36868E-02   0.37382E-02
 9645.94   0.37808E-02   0.36789E-02   0.37303E-02
 9659.55   0.37713E-02   0.36700E-02   0.37214E-02
 9673.15   0.37571E-02   0.36565E-02   0.37078E-02
 9686.76   0.37542E-02   0.36540E-02   0.37054E-02
 9700.36   0.37619E-02   0.36618E-02   0.37134E-02
 9713.97   0.37519E-02   0.36523E-02   0.37039E-02
 9727.57   0.37443E-02   0.36452E-02   0.36968E-02
 9741.18   0.37376E-02   0.36390E-02   0.36907E-02
 9754.78   0.37314E-02   0.36333E-02   0.36850E-02
 9768.39   0.37254E-02   0.36277E-02   0.36795E-02
 9781.99   0.37194E-02   0.36222E-02   0.36740E-02
 9795.60   0.37132E-02   0.36165E-02   0.36683E-02
 9809.20   0.37067E-02   0.36105E-02   0.36623E-02
 9822.81   0.36996E-02   0.36039E-02   0.36557E-02
 9836.41   0.36918E-02   0.35966E-02   0.36484E-02
 9850.02   0.36825E-02   0.35878E-02   0.36396E-02
 9863.62   0.36674E-02   0.35734E-02   0.36252E-02
 9877.23   0.36631E-02   0.35696E-02   0.36214E-02
 9890.83   0.36760E-02   0.35824E-02   0.36345E-02
 9904.44   0.36645E-02   0.35716E-02   0.36236E-02
 9918.04   0.36559E-02   0.35635E-02   0.36156E-02
 9931.65   0.36485E-02   0.35566E-02   0.36087E-02
 9945.25   0.36418E-02   0.35504E-02   0.36025E-02
 9958.86   0.36355E-02   0.35446E-02   0.35967E-02
 9972.46   0.36296E-02   0.35392E-02   0.35913E-02
 9986.07   0.36239E-02   0.35339E-02   0.35861E-02
 9999.67   0.36181E-02   0.35285E-02   0.35808E-02
