   27.21   0.29658E+01   0.29523E+01   0.27006E+01
   40.81   0.45539E+01   0.45443E+01   0.43763E+01
   54.42   0.56639E+01   0.56587E+01   0.55600E+01
   68.02   0.61788E+01   0.61753E+01   0.61250E+01
   81.63   0.63340E+01   0.63326E+01   0.63150E+01
   95.23   0.63007E+01   0.63022E+01   0.63068E+01
  108.84   0.61268E+01   0.61283E+01   0.61480E+01
  122.44   0.58652E+01   0.58685E+01   0.58983E+01
  136.05   0.55611E+01   0.55664E+01   0.56027E+01
  149.65   0.52396E+01   0.52448E+01   0.52853E+01
  163.26   0.49056E+01   0.49112E+01   0.49540E+01
  176.86   0.45680E+01   0.45751E+01   0.46188E+01
  190.47   0.42417E+01   0.42495E+01   0.42932E+01
  204.07   0.39321E+01   0.39395E+01   0.39825E+01
  217.68   0.36397E+01   0.36471E+01   0.36890E+01
  231.28   0.33631E+01   0.33713E+01   0.34118E+01
  244.89   0.31042E+01   0.31130E+01   0.31518E+01
  258.49   0.28640E+01   0.28724E+01   0.29093E+01
  272.10   0.26434E+01   0.26514E+01   0.26865E+01
  285.70   0.24387E+01   0.24467E+01   0.24799E+01
  299.31   0.22508E+01   0.22593E+01   0.22907E+01
  312.91   0.20783E+01   0.20869E+01   0.21165E+01
  326.52   0.19198E+01   0.19280E+01   0.19558E+01
  340.12   0.17751E+01   0.17828E+01   0.18089E+01
  353.73   0.16421E+01   0.16495E+01   0.16741E+01
  367.33   0.15199E+01   0.15275E+01   0.15506E+01
  380.94   0.14086E+01   0.14164E+01   0.14380E+01
  394.54   0.13066E+01   0.13142E+01   0.13345E+01
  408.15   0.12130E+01   0.12201E+01   0.12391E+01
  421.75   0.11279E+01   0.11346E+01   0.11524E+01
  435.36   0.10491E+01   0.10557E+01   0.10723E+01
  448.96   0.97613E+00   0.98268E+00   0.99827E+00
  462.57   0.91004E+00   0.91665E+00   0.93126E+00
  476.17   0.84908E+00   0.85557E+00   0.86925E+00
  489.78   0.79278E+00   0.79893E+00   0.81173E+00
  503.38   0.74173E+00   0.74750E+00   0.75950E+00
  516.99   0.69420E+00   0.69970E+00   0.71095E+00
  530.59   0.65005E+00   0.65546E+00   0.66601E+00
  544.20   0.60934E+00   0.61476E+00   0.62465E+00
  557.80   0.57154E+00   0.57695E+00   0.58621E+00
  571.41   0.53678E+00   0.54204E+00   0.55072E+00
  585.01   0.50482E+00   0.50981E+00   0.51794E+00
  598.62   0.47500E+00   0.47969E+00   0.48731E+00
  612.22   0.44737E+00   0.45183E+00   0.45898E+00
  625.83   0.42161E+00   0.42596E+00   0.43266E+00
  639.43   0.39759E+00   0.40192E+00   0.40821E+00
  653.04   0.37513E+00   0.37945E+00   0.38535E+00
  666.64   0.35430E+00   0.35854E+00   0.36406E+00
  680.25   0.33500E+00   0.33907E+00   0.34425E+00
  693.85   0.31702E+00   0.32087E+00   0.32572E+00
  707.46   0.30021E+00   0.30384E+00   0.30839E+00
  721.06   0.28446E+00   0.28793E+00   0.29219E+00
  734.67   0.26969E+00   0.27308E+00   0.27708E+00
  748.27   0.25579E+00   0.25917E+00   0.26291E+00
  761.88   0.24274E+00   0.24610E+00   0.24960E+00
  775.48   0.23052E+00   0.23382E+00   0.23710E+00
  789.09   0.21917E+00   0.22235E+00   0.22541E+00
  802.69   0.20853E+00   0.21154E+00   0.21441E+00
  816.30   0.19853E+00   0.20137E+00   0.20405E+00
  829.90   0.18907E+00   0.19177E+00   0.19428E+00
  843.51   0.18018E+00   0.18280E+00   0.18514E+00
  857.11   0.17173E+00   0.17430E+00   0.17649E+00
  870.72   0.16375E+00   0.16631E+00   0.16835E+00
  884.32   0.15622E+00   0.15875E+00   0.16065E+00
  897.93   0.14920E+00   0.15168E+00   0.15345E+00
  911.53   0.14253E+00   0.14492E+00   0.14656E+00
  925.14   0.13630E+00   0.13856E+00   0.14008E+00
  938.74   0.13041E+00   0.13254E+00   0.13395E+00
  952.35   0.12476E+00   0.12678E+00   0.12809E+00
  965.95   0.11950E+00   0.12145E+00   0.12266E+00
  979.56   0.11441E+00   0.11633E+00   0.11745E+00
  993.16   0.10958E+00   0.11148E+00   0.11252E+00
 1006.77   0.10500E+00   0.10688E+00   0.10784E+00
 1020.37   0.10069E+00   0.10254E+00   0.10341E+00
 1033.98   0.96598E-01   0.98388E-01   0.99186E-01
 1047.58   0.92748E-01   0.94451E-01   0.95178E-01
 1061.19   0.89108E-01   0.90714E-01   0.91375E-01
 1074.79   0.85637E-01   0.87151E-01   0.87750E-01
 1088.40   0.82336E-01   0.83779E-01   0.84319E-01
 1102.00   0.79151E-01   0.80549E-01   0.81035E-01
 1115.61   0.76099E-01   0.77475E-01   0.77909E-01
 1129.21   0.73185E-01   0.74550E-01   0.74934E-01
 1142.82   0.70413E-01   0.71766E-01   0.72103E-01
 1156.42   0.67781E-01   0.69107E-01   0.69400E-01
 1170.03   0.65288E-01   0.66568E-01   0.66817E-01
 1183.63   0.62926E-01   0.64142E-01   0.64352E-01
 1197.24   0.60685E-01   0.61829E-01   0.62000E-01
 1210.84   0.58550E-01   0.59623E-01   0.59760E-01
 1224.45   0.56498E-01   0.57513E-01   0.57617E-01
 1238.05   0.54519E-01   0.55494E-01   0.55566E-01
 1251.66   0.52606E-01   0.53559E-01   0.53602E-01
 1265.26   0.50764E-01   0.51706E-01   0.51722E-01
 1278.87   0.49008E-01   0.49944E-01   0.49933E-01
 1292.47   0.47326E-01   0.48248E-01   0.48212E-01
 1306.08   0.45728E-01   0.46626E-01   0.46565E-01
 1319.68   0.44210E-01   0.45068E-01   0.44985E-01
 1333.29   0.42764E-01   0.43572E-01   0.43468E-01
 1346.89   0.41401E-01   0.42155E-01   0.42031E-01
 1360.50   0.40071E-01   0.40773E-01   0.40630E-01
 1374.10   0.38797E-01   0.39456E-01   0.39296E-01
 1387.71   0.37562E-01   0.38192E-01   0.38016E-01
 1401.31   0.36362E-01   0.36975E-01   0.36784E-01
 1414.92   0.35190E-01   0.35796E-01   0.35591E-01
 1428.52   0.34089E-01   0.34691E-01   0.34472E-01
 1442.13   0.33018E-01   0.33612E-01   0.33380E-01
 1455.73   0.31999E-01   0.32576E-01   0.32332E-01
 1469.34   0.31028E-01   0.31580E-01   0.31325E-01
 1482.94   0.30100E-01   0.30617E-01   0.30351E-01
 1496.55   0.29225E-01   0.29702E-01   0.29426E-01
 1510.15   0.28373E-01   0.28809E-01   0.28524E-01
 1523.76   0.27552E-01   0.27952E-01   0.27659E-01
 1537.36   0.26755E-01   0.27128E-01   0.26827E-01
 1550.97   0.25978E-01   0.26333E-01   0.26025E-01
 1564.57   0.25218E-01   0.25564E-01   0.25250E-01
 1578.18   0.24489E-01   0.24831E-01   0.24510E-01
 1591.78   0.23778E-01   0.24118E-01   0.23791E-01
 1605.39   0.23096E-01   0.23430E-01   0.23098E-01
 1618.99   0.22446E-01   0.22769E-01   0.22432E-01
 1632.60   0.21827E-01   0.22130E-01   0.21788E-01
 1646.20   0.21239E-01   0.21515E-01   0.21169E-01
 1659.81   0.20672E-01   0.20919E-01   0.20569E-01
 1673.41   0.20126E-01   0.20342E-01   0.19989E-01
 1687.02   0.19596E-01   0.19785E-01   0.19429E-01
 1700.62   0.19080E-01   0.19247E-01   0.18889E-01
 1714.23   0.18575E-01   0.18728E-01   0.18367E-01
 1727.83   0.18081E-01   0.18226E-01   0.17864E-01
 1741.44   0.17598E-01   0.17741E-01   0.17377E-01
 1755.04   0.17129E-01   0.17270E-01   0.16905E-01
 1768.65   0.16676E-01   0.16815E-01   0.16449E-01
 1782.25   0.16241E-01   0.16375E-01   0.16007E-01
 1795.86   0.15827E-01   0.15950E-01   0.15581E-01
 1809.46   0.15432E-01   0.15539E-01   0.15170E-01
 1823.07   0.15055E-01   0.15141E-01   0.14771E-01
 1836.67   0.14692E-01   0.14755E-01   0.14385E-01
 1850.28   0.14339E-01   0.14381E-01   0.14010E-01
 1863.88   0.13996E-01   0.14017E-01   0.13648E-01
 1877.49   0.13658E-01   0.13665E-01   0.13295E-01
 1891.09   0.13329E-01   0.13327E-01   0.12958E-01
 1904.70   0.13003E-01   0.12996E-01   0.12628E-01
 1918.30   0.12685E-01   0.12676E-01   0.12309E-01
 1931.91   0.12374E-01   0.12366E-01   0.12000E-01
 1945.51   0.12073E-01   0.12064E-01   0.11699E-01
 1959.12   0.11782E-01   0.11771E-01   0.11407E-01
 1972.72   0.11511E-01   0.11492E-01   0.11130E-01
 1986.33   0.11244E-01   0.11214E-01   0.10853E-01
 1999.93   0.10991E-01   0.10947E-01   0.10588E-01
 2013.54   0.10749E-01   0.10689E-01   0.10330E-01
 2027.14   0.10514E-01   0.10437E-01   0.10080E-01
 2040.75   0.10285E-01   0.10192E-01   0.98372E-02
 2054.35   0.10057E-01   0.99521E-02   0.95995E-02
 2067.96   0.98388E-02   0.97249E-02   0.93742E-02
 2081.56   0.96184E-02   0.95000E-02   0.91514E-02
 2095.17   0.94018E-02   0.92820E-02   0.89357E-02
 2108.77   0.91894E-02   0.90705E-02   0.87264E-02
 2122.38   0.89824E-02   0.88648E-02   0.85228E-02
 2135.98   0.87813E-02   0.86639E-02   0.83242E-02
 2149.59   0.85920E-02   0.84724E-02   0.81348E-02
 2163.19   0.84061E-02   0.82814E-02   0.79462E-02
 2176.80   0.82298E-02   0.80969E-02   0.77640E-02
 2190.40   0.80615E-02   0.79177E-02   0.75872E-02
 2204.01   0.78996E-02   0.77436E-02   0.74155E-02
 2217.61   0.77426E-02   0.75740E-02   0.72484E-02
 2231.22   0.75876E-02   0.74077E-02   0.70848E-02
 2244.82   0.74380E-02   0.72489E-02   0.69286E-02
 2258.43   0.72869E-02   0.70918E-02   0.67742E-02
 2272.03   0.71372E-02   0.69389E-02   0.66241E-02
 2285.64   0.69889E-02   0.67903E-02   0.64782E-02
 2299.24   0.68430E-02   0.66457E-02   0.63364E-02
 2312.85   0.67003E-02   0.65051E-02   0.61984E-02
 2326.45   0.65614E-02   0.63678E-02   0.60638E-02
 2340.06   0.64285E-02   0.62348E-02   0.59335E-02
 2353.66   0.63003E-02   0.61045E-02   0.58058E-02
 2367.27   0.61777E-02   0.59773E-02   0.56814E-02
 2380.87   0.60606E-02   0.58534E-02   0.55601E-02
 2394.48   0.59483E-02   0.57326E-02   0.54421E-02
 2408.08   0.58398E-02   0.56150E-02   0.53273E-02
 2421.69   0.57341E-02   0.55004E-02   0.52155E-02
 2435.29   0.56300E-02   0.53887E-02   0.51065E-02
 2448.90   0.55265E-02   0.52795E-02   0.50002E-02
 2462.50   0.54232E-02   0.51728E-02   0.48964E-02
 2476.11   0.53200E-02   0.50686E-02   0.47951E-02
 2489.71   0.52175E-02   0.49670E-02   0.46963E-02
 2503.32   0.51162E-02   0.48679E-02   0.46000E-02
 2516.92   0.50171E-02   0.47712E-02   0.45062E-02
 2530.53   0.49212E-02   0.46775E-02   0.44152E-02
 2544.13   0.48285E-02   0.45857E-02   0.43261E-02
 2557.74   0.47396E-02   0.44959E-02   0.42391E-02
 2571.34   0.46546E-02   0.44082E-02   0.41541E-02
 2584.95   0.45733E-02   0.43224E-02   0.40710E-02
 2598.55   0.44952E-02   0.42385E-02   0.39898E-02
 2612.16   0.44197E-02   0.41565E-02   0.39105E-02
 2625.76   0.43473E-02   0.40775E-02   0.38342E-02
 2639.37   0.42749E-02   0.39994E-02   0.37589E-02
 2652.97   0.42030E-02   0.39232E-02   0.36855E-02
 2666.58   0.41311E-02   0.38488E-02   0.36137E-02
 2680.18   0.40590E-02   0.37759E-02   0.35436E-02
 2693.79   0.39866E-02   0.37044E-02   0.34749E-02
 2707.39   0.39140E-02   0.36341E-02   0.34073E-02
 2721.00   0.38450E-02   0.35678E-02   0.33436E-02
 2734.60   0.37751E-02   0.35007E-02   0.32792E-02
 2748.21   0.37080E-02   0.34357E-02   0.32168E-02
 2761.81   0.36436E-02   0.33723E-02   0.31559E-02
 2775.42   0.35820E-02   0.33103E-02   0.30965E-02
 2789.02   0.35231E-02   0.32495E-02   0.30382E-02
 2802.63   0.34666E-02   0.31898E-02   0.29811E-02
 2816.23   0.34114E-02   0.31305E-02   0.29244E-02
 2829.84   0.33612E-02   0.30755E-02   0.28717E-02
 2843.44   0.33097E-02   0.30196E-02   0.28184E-02
 2857.05   0.32590E-02   0.29651E-02   0.27663E-02
 2870.65   0.32084E-02   0.29118E-02   0.27156E-02
 2884.26   0.31576E-02   0.28597E-02   0.26660E-02
 2897.86   0.31064E-02   0.28086E-02   0.26174E-02
 2911.47   0.30545E-02   0.27582E-02   0.25695E-02
 2925.07   0.30046E-02   0.27105E-02   0.25241E-02
 2938.68   0.29530E-02   0.26620E-02   0.24781E-02
 2952.28   0.29029E-02   0.26149E-02   0.24334E-02
 2965.89   0.28543E-02   0.25690E-02   0.23898E-02
 2979.49   0.28075E-02   0.25240E-02   0.23472E-02
 2993.10   0.27629E-02   0.24801E-02   0.23055E-02
 3006.70   0.27204E-02   0.24371E-02   0.22647E-02
 3020.31   0.26794E-02   0.23945E-02   0.22244E-02
 3033.91   0.26414E-02   0.23540E-02   0.21861E-02
 3047.52   0.26037E-02   0.23133E-02   0.21476E-02
 3061.12   0.25670E-02   0.22734E-02   0.21100E-02
 3074.73   0.25308E-02   0.22344E-02   0.20732E-02
 3088.33   0.24947E-02   0.21962E-02   0.20373E-02
 3101.94   0.24585E-02   0.21589E-02   0.20021E-02
 3115.54   0.24219E-02   0.21223E-02   0.19677E-02
 3129.15   0.23849E-02   0.20864E-02   0.19340E-02
 3142.75   0.23478E-02   0.20515E-02   0.19011E-02
 3156.36   0.23105E-02   0.20170E-02   0.18687E-02
 3169.96   0.22734E-02   0.19831E-02   0.18370E-02
 3183.57   0.22371E-02   0.19499E-02   0.18058E-02
 3197.17   0.22018E-02   0.19174E-02   0.17753E-02
 3210.78   0.21680E-02   0.18855E-02   0.17455E-02
 3224.38   0.21357E-02   0.18543E-02   0.17162E-02
 3237.99   0.21050E-02   0.18238E-02   0.16877E-02
 3251.59   0.20759E-02   0.17939E-02   0.16597E-02
 3265.20   0.20480E-02   0.17645E-02   0.16322E-02
 3278.80   0.20210E-02   0.17356E-02   0.16053E-02
 3292.41   0.19946E-02   0.17073E-02   0.15788E-02
 3306.01   0.19685E-02   0.16794E-02   0.15528E-02
 3319.62   0.19424E-02   0.16520E-02   0.15273E-02
 3333.22   0.19160E-02   0.16251E-02   0.15024E-02
 3346.83   0.18891E-02   0.15987E-02   0.14777E-02
 3360.43   0.18625E-02   0.15733E-02   0.14542E-02
 3374.04   0.18351E-02   0.15480E-02   0.14307E-02
 3387.64   0.18076E-02   0.15232E-02   0.14077E-02
 3401.25   0.17802E-02   0.14989E-02   0.13852E-02
 3414.85   0.17530E-02   0.14750E-02   0.13630E-02
 3428.46   0.17265E-02   0.14515E-02   0.13412E-02
 3442.06   0.17008E-02   0.14283E-02   0.13198E-02
 3455.67   0.16760E-02   0.14055E-02   0.12986E-02
 3469.27   0.16536E-02   0.13841E-02   0.12788E-02
 3482.88   0.16312E-02   0.13620E-02   0.12584E-02
 3496.48   0.16102E-02   0.13407E-02   0.12386E-02
 3510.09   0.15901E-02   0.13197E-02   0.12193E-02
 3523.69   0.15706E-02   0.12991E-02   0.12003E-02
 3537.30   0.15515E-02   0.12789E-02   0.11816E-02
 3550.90   0.15324E-02   0.12589E-02   0.11632E-02
 3564.51   0.15131E-02   0.12392E-02   0.11451E-02
 3578.11   0.14933E-02   0.12196E-02   0.11271E-02
 3591.72   0.14744E-02   0.12015E-02   0.11105E-02
 3605.32   0.14541E-02   0.11828E-02   0.10933E-02
 3618.93   0.14336E-02   0.11646E-02   0.10766E-02
 3632.53   0.14130E-02   0.11468E-02   0.10602E-02
 3646.14   0.13924E-02   0.11292E-02   0.10442E-02
 3659.74   0.13720E-02   0.11120E-02   0.10284E-02
 3673.35   0.13520E-02   0.10950E-02   0.10128E-02
 3686.95   0.13323E-02   0.10781E-02   0.99727E-03
 3700.56   0.13150E-02   0.10626E-02   0.98314E-03
 3714.16   0.12970E-02   0.10462E-02   0.96807E-03
 3727.77   0.12802E-02   0.10303E-02   0.95355E-03
 3741.37   0.12644E-02   0.10148E-02   0.93934E-03
 3754.98   0.12494E-02   0.99955E-03   0.92542E-03
 3768.58   0.12349E-02   0.98460E-03   0.91177E-03
 3782.19   0.12208E-02   0.96989E-03   0.89835E-03
 3795.79   0.12067E-02   0.95537E-03   0.88512E-03
 3809.40   0.11924E-02   0.94098E-03   0.87201E-03
 3823.00   0.11787E-02   0.92742E-03   0.85969E-03
 3836.61   0.11638E-02   0.91348E-03   0.84701E-03
 3850.21   0.11487E-02   0.89986E-03   0.83463E-03
 3863.82   0.11333E-02   0.88650E-03   0.82250E-03
 3877.42   0.11177E-02   0.87339E-03   0.81060E-03
 3891.03   0.11020E-02   0.86054E-03   0.79893E-03
 3904.63   0.10864E-02   0.84791E-03   0.78748E-03
 3918.24   0.10710E-02   0.83549E-03   0.77621E-03
 3931.84   0.10559E-02   0.82318E-03   0.76504E-03
 3945.45   0.10417E-02   0.81142E-03   0.75438E-03
 3959.05   0.10278E-02   0.79955E-03   0.74360E-03
 3972.66   0.10146E-02   0.78788E-03   0.73302E-03
 3986.26   0.10021E-02   0.77641E-03   0.72262E-03
 3999.87   0.99028E-03   0.76513E-03   0.71241E-03
 4013.47   0.97904E-03   0.75406E-03   0.70239E-03
 4027.08   0.96824E-03   0.74319E-03   0.69256E-03
 4040.68   0.95770E-03   0.73251E-03   0.68291E-03
 4054.29   0.94722E-03   0.72197E-03   0.67340E-03
 4067.89   0.93676E-03   0.71169E-03   0.66412E-03
 4081.50   0.92601E-03   0.70148E-03   0.65492E-03
 4095.10   0.91495E-03   0.69142E-03   0.64585E-03
 4108.71   0.90355E-03   0.68150E-03   0.63692E-03
 4122.31   0.89183E-03   0.67173E-03   0.62812E-03
 4135.92   0.87987E-03   0.66213E-03   0.61947E-03
 4149.52   0.86779E-03   0.65269E-03   0.61098E-03
 4163.13   0.85572E-03   0.64342E-03   0.60265E-03
 4176.73   0.84381E-03   0.63434E-03   0.59448E-03
 4190.34   0.83216E-03   0.62543E-03   0.58646E-03
 4203.94   0.82088E-03   0.61664E-03   0.57854E-03
 4217.55   0.81006E-03   0.60797E-03   0.57075E-03
 4231.15   0.79976E-03   0.59943E-03   0.56306E-03
 4244.76   0.78999E-03   0.59100E-03   0.55548E-03
 4258.36   0.78074E-03   0.58269E-03   0.54800E-03
 4271.97   0.77195E-03   0.57450E-03   0.54064E-03
 4285.57   0.76355E-03   0.56644E-03   0.53339E-03
 4299.18   0.75529E-03   0.55841E-03   0.52618E-03
 4312.78   0.74771E-03   0.55091E-03   0.51946E-03
 4326.39   0.73973E-03   0.54321E-03   0.51257E-03
 4339.99   0.73170E-03   0.53568E-03   0.50582E-03
 4353.60   0.72347E-03   0.52826E-03   0.49918E-03
 4367.20   0.71497E-03   0.52095E-03   0.49264E-03
 4380.81   0.70616E-03   0.51372E-03   0.48617E-03
 4394.41   0.69707E-03   0.50659E-03   0.47979E-03
 4408.02   0.68774E-03   0.49954E-03   0.47349E-03
 4421.62   0.67819E-03   0.49254E-03   0.46722E-03
 4435.23   0.66889E-03   0.48584E-03   0.46122E-03
 4448.83   0.65983E-03   0.47934E-03   0.45543E-03
 4462.44   0.65069E-03   0.47275E-03   0.44953E-03
 4476.04   0.64190E-03   0.46630E-03   0.44375E-03
 4489.65   0.63349E-03   0.45995E-03   0.43807E-03
 4503.25   0.62551E-03   0.45370E-03   0.43248E-03
 4516.86   0.61794E-03   0.44752E-03   0.42695E-03
 4530.46   0.61077E-03   0.44142E-03   0.42148E-03
 4544.07   0.60392E-03   0.43536E-03   0.41605E-03
 4557.67   0.59737E-03   0.42938E-03   0.41069E-03
 4571.28   0.59167E-03   0.42391E-03   0.40584E-03
 4584.88   0.58541E-03   0.41806E-03   0.40060E-03
 4598.49   0.57931E-03   0.41238E-03   0.39552E-03
 4612.09   0.57318E-03   0.40681E-03   0.39056E-03
 4625.70   0.56692E-03   0.40134E-03   0.38568E-03
 4639.30   0.56046E-03   0.39595E-03   0.38087E-03
 4652.91   0.55376E-03   0.39063E-03   0.37613E-03
 4666.51   0.54679E-03   0.38536E-03   0.37144E-03
 4680.12   0.53953E-03   0.38011E-03   0.36674E-03
 4693.72   0.53198E-03   0.37484E-03   0.36203E-03
 4707.33   0.52521E-03   0.37023E-03   0.35796E-03
 4720.93   0.51775E-03   0.36521E-03   0.35347E-03
 4734.54   0.51046E-03   0.36031E-03   0.34909E-03
 4748.14   0.50338E-03   0.35551E-03   0.34480E-03
 4761.75   0.49659E-03   0.35079E-03   0.34059E-03
 4775.35   0.49012E-03   0.34616E-03   0.33645E-03
 4788.96   0.48401E-03   0.34159E-03   0.33237E-03
 4802.56   0.47823E-03   0.33708E-03   0.32833E-03
 4816.17   0.47269E-03   0.33256E-03   0.32429E-03
 4829.77   0.46810E-03   0.32855E-03   0.32074E-03
 4843.38   0.46290E-03   0.32403E-03   0.31667E-03
 4856.98   0.45809E-03   0.31971E-03   0.31282E-03
 4870.59   0.45339E-03   0.31548E-03   0.30903E-03
 4884.19   0.44872E-03   0.31131E-03   0.30531E-03
 4897.80   0.44400E-03   0.30722E-03   0.30166E-03
 4911.40   0.43918E-03   0.30319E-03   0.29806E-03
 4925.01   0.43419E-03   0.29923E-03   0.29453E-03
 4938.61   0.42902E-03   0.29532E-03   0.29105E-03
 4952.22   0.42362E-03   0.29144E-03   0.28759E-03
 4965.82   0.41826E-03   0.28779E-03   0.28434E-03
 4979.43   0.41250E-03   0.28398E-03   0.28094E-03
 4993.03   0.40671E-03   0.28026E-03   0.27762E-03
 5006.64   0.40091E-03   0.27660E-03   0.27434E-03
 5020.24   0.39516E-03   0.27299E-03   0.27111E-03
 5033.85   0.38956E-03   0.26944E-03   0.26793E-03
 5047.45   0.38415E-03   0.26594E-03   0.26480E-03
 5061.06   0.37900E-03   0.26251E-03   0.26172E-03
 5074.66   0.37413E-03   0.25913E-03   0.25870E-03
 5088.27   0.36956E-03   0.25581E-03   0.25572E-03
 5101.87   0.36528E-03   0.25257E-03   0.25280E-03
 5115.48   0.36123E-03   0.24932E-03   0.24990E-03
 5129.08   0.35739E-03   0.24613E-03   0.24704E-03
 5142.69   0.35370E-03   0.24297E-03   0.24420E-03
 5156.29   0.35010E-03   0.23984E-03   0.24140E-03
 5169.90   0.34653E-03   0.23675E-03   0.23863E-03
 5183.50   0.34294E-03   0.23370E-03   0.23589E-03
 5197.11   0.33928E-03   0.23070E-03   0.23320E-03
 5210.71   0.33551E-03   0.22774E-03   0.23054E-03
 5224.32   0.33159E-03   0.22483E-03   0.22793E-03
 5237.92   0.32756E-03   0.22197E-03   0.22538E-03
 5251.53   0.32338E-03   0.21919E-03   0.22288E-03
 5265.13   0.31904E-03   0.21641E-03   0.22039E-03
 5278.74   0.31459E-03   0.21366E-03   0.21792E-03
 5292.34   0.31008E-03   0.21095E-03   0.21549E-03
 5305.95   0.30555E-03   0.20827E-03   0.21308E-03
 5319.55   0.30106E-03   0.20562E-03   0.21069E-03
 5333.16   0.29667E-03   0.20301E-03   0.20833E-03
 5346.76   0.29243E-03   0.20043E-03   0.20599E-03
 5360.37   0.28837E-03   0.19787E-03   0.20368E-03
 5373.97   0.28457E-03   0.19538E-03   0.20144E-03
 5387.58   0.28113E-03   0.19303E-03   0.19931E-03
 5401.18   0.27775E-03   0.19059E-03   0.19710E-03
 5414.79   0.27462E-03   0.18820E-03   0.19495E-03
 5428.39   0.27166E-03   0.18585E-03   0.19282E-03
 5442.00   0.26884E-03   0.18353E-03   0.19072E-03
 5455.60   0.26610E-03   0.18124E-03   0.18864E-03
 5469.21   0.26338E-03   0.17896E-03   0.18658E-03
 5482.81   0.26065E-03   0.17670E-03   0.18454E-03
 5496.42   0.25784E-03   0.17446E-03   0.18250E-03
 5510.02   0.25486E-03   0.17220E-03   0.18043E-03
 5523.63   0.25242E-03   0.17039E-03   0.17885E-03
 5537.23   0.24908E-03   0.16810E-03   0.17674E-03
 5550.84   0.24583E-03   0.16598E-03   0.17482E-03
 5564.44   0.24250E-03   0.16392E-03   0.17295E-03
 5578.05   0.23908E-03   0.16189E-03   0.17111E-03
 5591.65   0.23560E-03   0.15989E-03   0.16929E-03
 5605.26   0.23209E-03   0.15791E-03   0.16749E-03
 5618.86   0.22858E-03   0.15595E-03   0.16571E-03
 5632.47   0.22511E-03   0.15401E-03   0.16393E-03
 5646.07   0.22170E-03   0.15207E-03   0.16215E-03
 5659.68   0.21844E-03   0.15017E-03   0.16040E-03
 5673.28   0.21569E-03   0.14852E-03   0.15893E-03
 5686.89   0.21269E-03   0.14662E-03   0.15718E-03
 5700.49   0.20996E-03   0.14481E-03   0.15550E-03
 5714.10   0.20743E-03   0.14303E-03   0.15387E-03
 5727.70   0.20507E-03   0.14128E-03   0.15226E-03
 5741.31   0.20285E-03   0.13956E-03   0.15068E-03
 5754.91   0.20074E-03   0.13786E-03   0.14912E-03
 5768.52   0.19869E-03   0.13618E-03   0.14758E-03
 5782.12   0.19665E-03   0.13451E-03   0.14604E-03
 5795.73   0.19455E-03   0.13283E-03   0.14448E-03
 5809.33   0.19240E-03   0.13116E-03   0.14294E-03
 5822.94   0.19053E-03   0.12974E-03   0.14167E-03
 5836.54   0.18822E-03   0.12812E-03   0.14016E-03
 5850.15   0.18584E-03   0.12654E-03   0.13870E-03
 5863.75   0.18339E-03   0.12499E-03   0.13726E-03
 5877.36   0.18084E-03   0.12347E-03   0.13586E-03
 5890.96   0.17823E-03   0.12197E-03   0.13448E-03
 5904.57   0.17557E-03   0.12050E-03   0.13312E-03
 5918.17   0.17288E-03   0.11905E-03   0.13177E-03
 5931.78   0.17018E-03   0.11762E-03   0.13044E-03
 5945.38   0.16750E-03   0.11618E-03   0.12910E-03
 5958.99   0.16485E-03   0.11474E-03   0.12775E-03
 5972.59   0.16255E-03   0.11349E-03   0.12661E-03
 5986.20   0.16014E-03   0.11211E-03   0.12531E-03
 5999.80   0.15788E-03   0.11075E-03   0.12403E-03
 6013.41   0.15576E-03   0.10942E-03   0.12278E-03
 6027.01   0.15380E-03   0.10810E-03   0.12154E-03
 6040.62   0.15197E-03   0.10681E-03   0.12033E-03
 6054.22   0.15026E-03   0.10554E-03   0.11913E-03
 6067.83   0.14866E-03   0.10428E-03   0.11796E-03
 6081.43   0.14713E-03   0.10305E-03   0.11680E-03
 6095.04   0.14563E-03   0.10182E-03   0.11565E-03
 6108.64   0.14412E-03   0.10060E-03   0.11449E-03
 6122.25   0.14270E-03   0.99463E-04   0.11343E-03
 6135.85   0.14114E-03   0.98275E-04   0.11231E-03
 6149.46   0.13953E-03   0.97103E-04   0.11120E-03
 6163.06   0.13784E-03   0.95943E-04   0.11010E-03
 6176.67   0.13606E-03   0.94797E-04   0.10902E-03
 6190.27   0.13421E-03   0.93668E-04   0.10794E-03
 6203.88   0.13229E-03   0.92556E-04   0.10689E-03
 6217.48   0.13032E-03   0.91463E-04   0.10585E-03
 6231.09   0.12831E-03   0.90389E-04   0.10483E-03
 6244.69   0.12629E-03   0.89331E-04   0.10382E-03
 6258.30   0.12427E-03   0.88290E-04   0.10283E-03
 6271.90   0.12231E-03   0.87276E-04   0.10186E-03
 6285.51   0.12037E-03   0.86260E-04   0.10089E-03
 6299.11   0.11851E-03   0.85257E-04   0.99928E-04
 6312.72   0.11673E-03   0.84263E-04   0.98972E-04
 6326.32   0.11505E-03   0.83278E-04   0.98022E-04
 6339.93   0.11348E-03   0.82304E-04   0.97079E-04
 6353.53   0.11202E-03   0.81341E-04   0.96146E-04
 6367.14   0.11067E-03   0.80390E-04   0.95224E-04
 6380.74   0.10941E-03   0.79454E-04   0.94315E-04
 6394.35   0.10823E-03   0.78530E-04   0.93419E-04
 6407.95   0.10712E-03   0.77631E-04   0.92551E-04
 6421.56   0.10610E-03   0.76764E-04   0.91711E-04
 6435.16   0.10503E-03   0.75874E-04   0.90847E-04
 6448.77   0.10397E-03   0.75004E-04   0.90003E-04
 6462.37   0.10289E-03   0.74143E-04   0.89168E-04
 6475.98   0.10176E-03   0.73291E-04   0.88338E-04
 6489.58   0.10058E-03   0.72446E-04   0.87513E-04
 6503.19   0.99336E-04   0.71607E-04   0.86693E-04
 6516.79   0.98025E-04   0.70777E-04   0.85878E-04
 6530.40   0.96653E-04   0.69955E-04   0.85069E-04
 6544.00   0.95227E-04   0.69141E-04   0.84266E-04
 6557.61   0.93739E-04   0.68323E-04   0.83452E-04
 6571.21   0.92264E-04   0.67547E-04   0.82690E-04
 6584.82   0.90874E-04   0.66845E-04   0.82012E-04
 6598.42   0.89391E-04   0.66080E-04   0.81252E-04
 6612.03   0.87947E-04   0.65334E-04   0.80512E-04
 6625.63   0.86551E-04   0.64599E-04   0.79783E-04
 6639.24   0.85215E-04   0.63874E-04   0.79061E-04
 6652.84   0.83948E-04   0.63156E-04   0.78344E-04
 6666.45   0.82758E-04   0.62443E-04   0.77629E-04
 6680.05   0.81648E-04   0.61735E-04   0.76917E-04
 6693.66   0.80617E-04   0.61031E-04   0.76205E-04
 6707.26   0.79654E-04   0.60325E-04   0.75487E-04
 6720.87   0.78783E-04   0.59644E-04   0.74800E-04
 6734.47   0.78098E-04   0.59083E-04   0.74265E-04
 6748.08   0.77288E-04   0.58378E-04   0.73539E-04
 6761.68   0.76548E-04   0.57717E-04   0.72868E-04
 6775.29   0.75831E-04   0.57072E-04   0.72216E-04
 6788.89   0.75118E-04   0.56439E-04   0.71575E-04
 6802.50   0.74389E-04   0.55815E-04   0.70944E-04
 6816.10   0.73631E-04   0.55197E-04   0.70318E-04
 6829.71   0.72833E-04   0.54585E-04   0.69696E-04
 6843.31   0.71988E-04   0.53976E-04   0.69074E-04
 6856.92   0.71089E-04   0.53368E-04   0.68450E-04
 6870.52   0.70126E-04   0.52748E-04   0.67806E-04
 6884.13   0.69141E-04   0.52151E-04   0.67189E-04
 6897.73   0.68248E-04   0.51686E-04   0.66745E-04
 6911.34   0.67185E-04   0.51087E-04   0.66117E-04
 6924.94   0.66132E-04   0.50516E-04   0.65522E-04
 6938.55   0.65087E-04   0.49960E-04   0.64944E-04
 6952.15   0.64059E-04   0.49415E-04   0.64378E-04
 6965.76   0.63060E-04   0.48880E-04   0.63822E-04
 6979.36   0.62100E-04   0.48354E-04   0.63273E-04
 6992.97   0.61189E-04   0.47834E-04   0.62730E-04
 7006.57   0.60331E-04   0.47318E-04   0.62189E-04
 7020.18   0.59529E-04   0.46802E-04   0.61645E-04
 7033.78   0.58770E-04   0.46272E-04   0.61079E-04
 7047.39   0.58090E-04   0.45755E-04   0.60525E-04
 7060.99   0.57582E-04   0.45362E-04   0.60139E-04
 7074.60   0.57006E-04   0.44854E-04   0.59594E-04
 7088.20   0.56487E-04   0.44363E-04   0.59069E-04
 7101.81   0.56006E-04   0.43882E-04   0.58556E-04
 7115.41   0.55549E-04   0.43410E-04   0.58053E-04
 7129.02   0.55105E-04   0.42946E-04   0.57559E-04
 7142.62   0.54661E-04   0.42491E-04   0.57074E-04
 7156.23   0.54206E-04   0.42042E-04   0.56596E-04
 7169.83   0.53729E-04   0.41599E-04   0.56123E-04
 7183.44   0.53220E-04   0.41159E-04   0.55652E-04
 7197.04   0.52661E-04   0.40712E-04   0.55170E-04
 7210.65   0.52080E-04   0.40268E-04   0.54686E-04
 7224.25   0.51561E-04   0.39906E-04   0.54311E-04
 7237.86   0.50910E-04   0.39475E-04   0.53842E-04
 7251.46   0.50241E-04   0.39054E-04   0.53382E-04
 7265.07   0.49555E-04   0.38640E-04   0.52928E-04
 7278.67   0.48858E-04   0.38233E-04   0.52481E-04
 7292.28   0.48160E-04   0.37833E-04   0.52040E-04
 7305.88   0.47469E-04   0.37440E-04   0.51607E-04
 7319.49   0.46793E-04   0.37055E-04   0.51182E-04
 7333.09   0.46141E-04   0.36676E-04   0.50764E-04
 7346.70   0.45518E-04   0.36303E-04   0.50352E-04
 7360.30   0.44922E-04   0.35933E-04   0.49942E-04
 7373.91   0.44381E-04   0.35564E-04   0.49530E-04
 7387.51   0.43963E-04   0.35226E-04   0.49155E-04
 7401.12   0.43509E-04   0.34867E-04   0.48752E-04
 7414.72   0.43109E-04   0.34511E-04   0.48352E-04
 7428.33   0.42756E-04   0.34159E-04   0.47955E-04
 7441.93   0.42442E-04   0.33809E-04   0.47559E-04
 7455.54   0.42162E-04   0.33464E-04   0.47167E-04
 7469.14   0.41906E-04   0.33122E-04   0.46780E-04
 7482.75   0.41666E-04   0.32786E-04   0.46398E-04
 7496.35   0.41433E-04   0.32456E-04   0.46023E-04
 7509.96   0.41197E-04   0.32132E-04   0.45655E-04
 7523.56   0.40944E-04   0.31813E-04   0.45292E-04
 7537.17   0.40683E-04   0.31501E-04   0.44938E-04
 7550.77   0.40470E-04   0.31196E-04   0.44588E-04
 7564.38   0.40148E-04   0.30889E-04   0.44238E-04
 7577.98   0.39812E-04   0.30586E-04   0.43890E-04
 7591.59   0.39453E-04   0.30286E-04   0.43543E-04
 7605.19   0.39070E-04   0.29988E-04   0.43197E-04
 7618.80   0.38666E-04   0.29692E-04   0.42851E-04
 7632.40   0.38245E-04   0.29398E-04   0.42507E-04
 7646.01   0.37813E-04   0.29109E-04   0.42165E-04
 7659.61   0.37375E-04   0.28823E-04   0.41827E-04
 7673.22   0.36938E-04   0.28541E-04   0.41493E-04
 7686.82   0.36504E-04   0.28264E-04   0.41163E-04
 7700.43   0.36062E-04   0.27983E-04   0.40827E-04
 7714.03   0.35767E-04   0.27759E-04   0.40568E-04
 7727.64   0.35364E-04   0.27482E-04   0.40234E-04
 7741.24   0.35021E-04   0.27223E-04   0.39924E-04
 7754.85   0.34716E-04   0.26969E-04   0.39619E-04
 7768.45   0.34447E-04   0.26717E-04   0.39315E-04
 7782.06   0.34216E-04   0.26467E-04   0.39013E-04
 7795.66   0.34021E-04   0.26218E-04   0.38711E-04
 7809.27   0.33859E-04   0.25970E-04   0.38408E-04
 7822.87   0.33728E-04   0.25723E-04   0.38107E-04
 7836.48   0.33620E-04   0.25478E-04   0.37806E-04
 7850.08   0.33530E-04   0.25234E-04   0.37505E-04
 7863.69   0.33447E-04   0.24987E-04   0.37198E-04
 7877.29   0.33371E-04   0.24761E-04   0.36922E-04
 7890.90   0.33330E-04   0.24572E-04   0.36701E-04
 7904.50   0.33238E-04   0.24335E-04   0.36404E-04
 7918.11   0.33138E-04   0.24111E-04   0.36126E-04
 7931.71   0.33021E-04   0.23892E-04   0.35855E-04
 7945.32   0.32882E-04   0.23678E-04   0.35587E-04
 7958.92   0.32721E-04   0.23466E-04   0.35322E-04
 7972.53   0.32537E-04   0.23256E-04   0.35058E-04
 7986.13   0.32332E-04   0.23047E-04   0.34793E-04
 7999.74   0.32108E-04   0.22838E-04   0.34527E-04
 8013.34   0.31868E-04   0.22630E-04   0.34260E-04
 8026.95   0.31615E-04   0.22420E-04   0.33988E-04
 8040.55   0.31351E-04   0.22195E-04   0.33690E-04
 8054.16   0.31091E-04   0.22003E-04   0.33443E-04
 8067.76   0.30847E-04   0.21874E-04   0.33290E-04
 8081.37   0.30594E-04   0.21671E-04   0.33023E-04
 8094.97   0.30356E-04   0.21480E-04   0.32773E-04
 8108.58   0.30135E-04   0.21295E-04   0.32530E-04
 8122.18   0.29935E-04   0.21115E-04   0.32292E-04
 8135.79   0.29762E-04   0.20937E-04   0.32058E-04
 8149.39   0.29616E-04   0.20761E-04   0.31826E-04
 8163.00   0.29501E-04   0.20586E-04   0.31594E-04
 8176.60   0.29415E-04   0.20411E-04   0.31361E-04
 8190.21   0.29359E-04   0.20235E-04   0.31126E-04
 8203.81   0.29329E-04   0.20055E-04   0.30883E-04
 8217.42   0.29310E-04   0.19846E-04   0.30593E-04
 8231.02   0.29376E-04   0.19816E-04   0.30581E-04
 8244.63   0.29389E-04   0.19594E-04   0.30271E-04
 8258.23   0.29423E-04   0.19420E-04   0.30032E-04
 8271.84   0.29461E-04   0.19254E-04   0.29806E-04
 8285.44   0.29494E-04   0.19094E-04   0.29587E-04
 8299.05   0.29516E-04   0.18937E-04   0.29373E-04
 8312.65   0.29524E-04   0.18785E-04   0.29164E-04
 8326.26   0.29511E-04   0.18635E-04   0.28958E-04
 8339.86   0.29476E-04   0.18488E-04   0.28754E-04
 8353.47   0.29418E-04   0.18342E-04   0.28551E-04
 8367.07   0.29335E-04   0.18196E-04   0.28346E-04
 8380.68   0.29226E-04   0.18047E-04   0.28135E-04
 8394.28   0.29058E-04   0.17872E-04   0.27881E-04
 8407.89   0.29046E-04   0.17832E-04   0.27839E-04
 8421.49   0.28864E-04   0.17659E-04   0.27587E-04
 8435.10   0.28700E-04   0.17514E-04   0.27377E-04
 8448.70   0.28537E-04   0.17375E-04   0.27175E-04
 8462.31   0.28376E-04   0.17239E-04   0.26977E-04
 8475.91   0.28221E-04   0.17107E-04   0.26784E-04
 8489.52   0.28076E-04   0.16977E-04   0.26594E-04
 8503.12   0.27945E-04   0.16851E-04   0.26409E-04
 8516.73   0.27831E-04   0.16728E-04   0.26227E-04
 8530.33   0.27738E-04   0.16606E-04   0.26048E-04
 8543.94   0.27667E-04   0.16486E-04   0.25869E-04
 8557.54   0.27616E-04   0.16365E-04   0.25690E-04
 8571.15   0.27538E-04   0.16234E-04   0.25493E-04
 8584.75   0.27753E-04   0.16165E-04   0.25395E-04
 8598.36   0.27728E-04   0.16030E-04   0.25190E-04
 8611.96   0.27779E-04   0.15910E-04   0.25009E-04
 8625.57   0.27856E-04   0.15792E-04   0.24831E-04
 8639.17   0.27950E-04   0.15676E-04   0.24655E-04
 8652.78   0.28053E-04   0.15562E-04   0.24481E-04
 8666.38   0.28159E-04   0.15450E-04   0.24309E-04
 8679.99   0.28260E-04   0.15340E-04   0.24141E-04
 8693.59   0.28350E-04   0.15234E-04   0.23976E-04
 8707.20   0.28424E-04   0.15130E-04   0.23814E-04
 8720.80   0.28474E-04   0.15028E-04   0.23655E-04
 8734.41   0.28495E-04   0.14929E-04   0.23498E-04
 8748.01   0.28453E-04   0.14830E-04   0.23342E-04
 8761.62   0.28443E-04   0.14731E-04   0.23183E-04
 8775.22   0.28528E-04   0.14644E-04   0.23043E-04
 8788.83   0.28443E-04   0.14548E-04   0.22889E-04
 8802.43   0.28351E-04   0.14454E-04   0.22735E-04
 8816.04   0.28247E-04   0.14359E-04   0.22581E-04
 8829.64   0.28134E-04   0.14265E-04   0.22427E-04
 8843.25   0.28015E-04   0.14172E-04   0.22273E-04
 8856.85   0.27894E-04   0.14080E-04   0.22120E-04
 8870.46   0.27776E-04   0.13990E-04   0.21969E-04
 8884.06   0.27665E-04   0.13901E-04   0.21820E-04
 8897.67   0.27564E-04   0.13814E-04   0.21675E-04
 8911.27   0.27474E-04   0.13730E-04   0.21532E-04
 8924.88   0.27389E-04   0.13648E-04   0.21392E-04
 8938.48   0.27342E-04   0.13569E-04   0.21258E-04
 8952.09   0.27428E-04   0.13490E-04   0.21123E-04
 8965.69   0.27409E-04   0.13412E-04   0.20988E-04
 8979.30   0.27434E-04   0.13334E-04   0.20854E-04
 8992.90   0.27488E-04   0.13257E-04   0.20720E-04
 9006.51   0.27567E-04   0.13179E-04   0.20585E-04
 9020.11   0.27666E-04   0.13101E-04   0.20449E-04
 9033.72   0.27782E-04   0.13024E-04   0.20314E-04
 9047.32   0.27909E-04   0.12946E-04   0.20178E-04
 9060.93   0.28042E-04   0.12869E-04   0.20042E-04
 9074.53   0.28173E-04   0.12794E-04   0.19908E-04
 9088.14   0.28296E-04   0.12719E-04   0.19774E-04
 9101.74   0.28402E-04   0.12646E-04   0.19642E-04
 9115.35   0.28463E-04   0.12567E-04   0.19501E-04
 9128.95   0.28638E-04   0.12511E-04   0.19395E-04
 9142.56   0.28646E-04   0.12456E-04   0.19289E-04
 9156.16   0.28655E-04   0.12390E-04   0.19166E-04
 9169.77   0.28640E-04   0.12327E-04   0.19046E-04
 9183.37   0.28599E-04   0.12265E-04   0.18927E-04
 9196.98   0.28534E-04   0.12203E-04   0.18809E-04
 9210.58   0.28448E-04   0.12142E-04   0.18690E-04
 9224.19   0.28346E-04   0.12080E-04   0.18570E-04
 9237.79   0.28233E-04   0.12018E-04   0.18449E-04
 9251.40   0.28113E-04   0.11955E-04   0.18328E-04
 9265.00   0.27992E-04   0.11893E-04   0.18206E-04
 9278.61   0.27875E-04   0.11829E-04   0.18083E-04
 9292.21   0.27766E-04   0.11762E-04   0.17954E-04
 9305.82   0.27667E-04   0.11711E-04   0.17849E-04
 9319.42   0.27607E-04   0.11691E-04   0.17791E-04
 9333.03   0.27545E-04   0.11622E-04   0.17658E-04
 9346.63   0.27508E-04   0.11565E-04   0.17544E-04
 9360.24   0.27494E-04   0.11511E-04   0.17435E-04
 9373.84   0.27505E-04   0.11460E-04   0.17328E-04
 9387.45   0.27540E-04   0.11409E-04   0.17223E-04
 9401.05   0.27597E-04   0.11359E-04   0.17118E-04
 9414.66   0.27676E-04   0.11309E-04   0.17013E-04
 9428.26   0.27772E-04   0.11258E-04   0.16907E-04
 9441.87   0.27883E-04   0.11207E-04   0.16800E-04
 9455.47   0.28004E-04   0.11154E-04   0.16690E-04
 9469.08   0.28128E-04   0.11099E-04   0.16577E-04
 9482.68   0.28249E-04   0.11034E-04   0.16449E-04
 9496.29   0.28373E-04   0.10992E-04   0.16355E-04
 9509.89   0.28484E-04   0.10995E-04   0.16325E-04
 9523.50   0.28568E-04   0.10935E-04   0.16204E-04
 9537.10   0.28630E-04   0.10886E-04   0.16097E-04
 9550.71   0.28665E-04   0.10841E-04   0.15997E-04
 9564.31   0.28672E-04   0.10799E-04   0.15899E-04
 9577.92   0.28648E-04   0.10758E-04   0.15805E-04
 9591.52   0.28595E-04   0.10719E-04   0.15711E-04
 9605.13   0.28515E-04   0.10681E-04   0.15618E-04
 9618.73   0.28410E-04   0.10642E-04   0.15525E-04
 9632.34   0.28286E-04   0.10603E-04   0.15431E-04
 9645.94   0.28147E-04   0.10562E-04   0.15335E-04
 9659.55   0.27996E-04   0.10518E-04   0.15234E-04
 9673.15   0.27829E-04   0.10461E-04   0.15114E-04
 9686.76   0.27707E-04   0.10427E-04   0.15027E-04
 9700.36   0.27611E-04   0.10443E-04   0.15011E-04
 9713.97   0.27478E-04   0.10393E-04   0.14902E-04
 9727.57   0.27369E-04   0.10351E-04   0.14804E-04
 9741.18   0.27281E-04   0.10313E-04   0.14711E-04
 9754.78   0.27217E-04   0.10276E-04   0.14621E-04
 9768.39   0.27176E-04   0.10242E-04   0.14534E-04
 9781.99   0.27158E-04   0.10209E-04   0.14449E-04
 9795.60   0.27163E-04   0.10178E-04   0.14365E-04
 9809.20   0.27190E-04   0.10147E-04   0.14283E-04
 9822.81   0.27234E-04   0.10116E-04   0.14201E-04
 9836.41   0.27294E-04   0.10085E-04   0.14118E-04
 9850.02   0.27361E-04   0.10052E-04   0.14031E-04
 9863.62   0.27410E-04   0.10009E-04   0.13932E-04
 9877.23   0.27532E-04   0.99776E-05   0.13849E-04
 9890.83   0.27718E-04   0.99897E-05   0.13825E-04
 9904.44   0.27784E-04   0.99502E-05   0.13730E-04
 9918.04   0.27854E-04   0.99165E-05   0.13642E-04
 9931.65   0.27913E-04   0.98848E-05   0.13558E-04
 9945.25   0.27954E-04   0.98547E-05   0.13475E-04
 9958.86   0.27972E-04   0.98261E-05   0.13394E-04
 9972.46   0.27962E-04   0.97992E-05   0.13315E-04
 9986.07   0.27924E-04   0.97739E-05   0.13238E-04
 9999.67   0.27855E-04   0.97501E-05   0.13163E-04
