  108.84   0.32429E+00   0.32920E+00   0.36858E+00
  122.44   0.29341E+00   0.29780E+00   0.31395E+00
  136.05   0.27797E+00   0.28198E+00   0.28212E+00
  149.65   0.27136E+00   0.27509E+00   0.26420E+00
  163.26   0.26990E+00   0.27343E+00   0.25496E+00
  176.86   0.27133E+00   0.27473E+00   0.25115E+00
  190.47   0.27410E+00   0.27741E+00   0.25051E+00
  204.07   0.27717E+00   0.28042E+00   0.25149E+00
  217.68   0.28003E+00   0.28325E+00   0.25319E+00
  231.28   0.28243E+00   0.28563E+00   0.25508E+00
  244.89   0.28429E+00   0.28749E+00   0.25690E+00
  258.49   0.28547E+00   0.28868E+00   0.25840E+00
  272.10   0.28599E+00   0.28920E+00   0.25948E+00
  285.70   0.28580E+00   0.28903E+00   0.26004E+00
  299.31   0.28499E+00   0.28824E+00   0.26008E+00
  312.91   0.28371E+00   0.28699E+00   0.25972E+00
  326.52   0.28193E+00   0.28523E+00   0.25888E+00
  340.12   0.27974E+00   0.28306E+00   0.25766E+00
  353.73   0.27716E+00   0.28050E+00   0.25604E+00
  367.33   0.27421E+00   0.27757E+00   0.25406E+00
  380.94   0.27103E+00   0.27441E+00   0.25181E+00
  394.54   0.26761E+00   0.27101E+00   0.24931E+00
  408.15   0.26397E+00   0.26738E+00   0.24655E+00
  421.75   0.26029E+00   0.26371E+00   0.24370E+00
  435.36   0.25644E+00   0.25987E+00   0.24066E+00
  448.96   0.25244E+00   0.25588E+00   0.23744E+00
  462.57   0.24844E+00   0.25190E+00   0.23418E+00
  476.17   0.24435E+00   0.24781E+00   0.23079E+00
  489.78   0.24023E+00   0.24369E+00   0.22734E+00
  503.38   0.23613E+00   0.23959E+00   0.22388E+00
  516.99   0.23201E+00   0.23548E+00   0.22036E+00
  530.59   0.22792E+00   0.23138E+00   0.21684E+00
  544.20   0.22385E+00   0.22732E+00   0.21332E+00
  557.80   0.21980E+00   0.22326E+00   0.20978E+00
  571.41   0.21577E+00   0.21923E+00   0.20624E+00
  585.01   0.21180E+00   0.21525E+00   0.20273E+00
  598.62   0.20788E+00   0.21131E+00   0.19925E+00
  612.22   0.20400E+00   0.20743E+00   0.19579E+00
  625.83   0.20018E+00   0.20360E+00   0.19236E+00
  639.43   0.19646E+00   0.19986E+00   0.18900E+00
  653.04   0.19279E+00   0.19617E+00   0.18568E+00
  666.64   0.18917E+00   0.19254E+00   0.18239E+00
  680.25   0.18563E+00   0.18899E+00   0.17917E+00
  693.85   0.18213E+00   0.18546E+00   0.17597E+00
  707.46   0.17870E+00   0.18202E+00   0.17282E+00
  721.06   0.17534E+00   0.17864E+00   0.16973E+00
  734.67   0.17206E+00   0.17534E+00   0.16670E+00
  748.27   0.16883E+00   0.17209E+00   0.16371E+00
  761.88   0.16568E+00   0.16892E+00   0.16079E+00
  775.48   0.16260E+00   0.16582E+00   0.15792E+00
  789.09   0.15959E+00   0.16279E+00   0.15512E+00
  802.69   0.15663E+00   0.15980E+00   0.15235E+00
  816.30   0.15374E+00   0.15689E+00   0.14965E+00
  829.90   0.15091E+00   0.15403E+00   0.14699E+00
  843.51   0.14815E+00   0.15125E+00   0.14439E+00
  857.11   0.14543E+00   0.14851E+00   0.14183E+00
  870.72   0.14278E+00   0.14583E+00   0.13933E+00
  884.32   0.14019E+00   0.14322E+00   0.13688E+00
  897.93   0.13767E+00   0.14067E+00   0.13449E+00
  911.53   0.13520E+00   0.13817E+00   0.13215E+00
  925.14   0.13278E+00   0.13572E+00   0.12985E+00
  938.74   0.13042E+00   0.13333E+00   0.12760E+00
  952.35   0.12811E+00   0.13099E+00   0.12540E+00
  965.95   0.12585E+00   0.12871E+00   0.12324E+00
  979.56   0.12364E+00   0.12647E+00   0.12113E+00
  993.16   0.12148E+00   0.12428E+00   0.11906E+00
 1006.77   0.11936E+00   0.12214E+00   0.11703E+00
 1020.37   0.11730E+00   0.12005E+00   0.11505E+00
 1033.98   0.11528E+00   0.11800E+00   0.11311E+00
 1047.58   0.11331E+00   0.11600E+00   0.11122E+00
 1061.19   0.11138E+00   0.11404E+00   0.10936E+00
 1074.79   0.10948E+00   0.11211E+00   0.10752E+00
 1088.40   0.10765E+00   0.11026E+00   0.10576E+00
 1102.00   0.10585E+00   0.10843E+00   0.10402E+00
 1115.61   0.10409E+00   0.10664E+00   0.10231E+00
 1129.21   0.10236E+00   0.10488E+00   0.10063E+00
 1142.82   0.10068E+00   0.10317E+00   0.99009E-01
 1156.42   0.99017E-01   0.10148E+00   0.97393E-01
 1170.03   0.97398E-01   0.99832E-01   0.95821E-01
 1183.63   0.95816E-01   0.98222E-01   0.94283E-01
 1197.24   0.94268E-01   0.96644E-01   0.92775E-01
 1210.84   0.92761E-01   0.95109E-01   0.91307E-01
 1224.45   0.91275E-01   0.93594E-01   0.89858E-01
 1238.05   0.89823E-01   0.92114E-01   0.88441E-01
 1251.66   0.88404E-01   0.90666E-01   0.87055E-01
 1265.26   0.87015E-01   0.89249E-01   0.85698E-01
 1278.87   0.85658E-01   0.87864E-01   0.84370E-01
 1292.47   0.84324E-01   0.86501E-01   0.83063E-01
 1306.08   0.83017E-01   0.85166E-01   0.81782E-01
 1319.68   0.81737E-01   0.83858E-01   0.80527E-01
 1333.29   0.80485E-01   0.82578E-01   0.79299E-01
 1346.89   0.79260E-01   0.81325E-01   0.78096E-01
 1360.50   0.78060E-01   0.80097E-01   0.76916E-01
 1374.10   0.76883E-01   0.78893E-01   0.75759E-01
 1387.71   0.75729E-01   0.77711E-01   0.74623E-01
 1401.31   0.74600E-01   0.76554E-01   0.73511E-01
 1414.92   0.73493E-01   0.75421E-01   0.72420E-01
 1428.52   0.72412E-01   0.74313E-01   0.71355E-01
 1442.13   0.71351E-01   0.73224E-01   0.70307E-01
 1455.73   0.70309E-01   0.72155E-01   0.69278E-01
 1469.34   0.69286E-01   0.71105E-01   0.68267E-01
 1482.94   0.68280E-01   0.70074E-01   0.67274E-01
 1496.55   0.67304E-01   0.69071E-01   0.66308E-01
 1510.15   0.66340E-01   0.68081E-01   0.65354E-01
 1523.76   0.65396E-01   0.67111E-01   0.64419E-01
 1537.36   0.64470E-01   0.66158E-01   0.63501E-01
 1550.97   0.63559E-01   0.65222E-01   0.62599E-01
 1564.57   0.62664E-01   0.64301E-01   0.61711E-01
 1578.18   0.61797E-01   0.63409E-01   0.60851E-01
 1591.78   0.60939E-01   0.62526E-01   0.59999E-01
 1605.39   0.60099E-01   0.61661E-01   0.59164E-01
 1618.99   0.59274E-01   0.60810E-01   0.58344E-01
 1632.60   0.58461E-01   0.59973E-01   0.57536E-01
 1646.20   0.57674E-01   0.59162E-01   0.56753E-01
 1659.81   0.56888E-01   0.58351E-01   0.55971E-01
 1673.41   0.56121E-01   0.57559E-01   0.55207E-01
 1687.02   0.55368E-01   0.56783E-01   0.54458E-01
 1700.62   0.54630E-01   0.56021E-01   0.53722E-01
 1714.23   0.53902E-01   0.55269E-01   0.52996E-01
 1727.83   0.53195E-01   0.54539E-01   0.52291E-01
 1741.44   0.52493E-01   0.53813E-01   0.51590E-01
 1755.04   0.51805E-01   0.53102E-01   0.50903E-01
 1768.65   0.51130E-01   0.52404E-01   0.50229E-01
 1782.25   0.50468E-01   0.51719E-01   0.49568E-01
 1795.86   0.49817E-01   0.51045E-01   0.48917E-01
 1809.46   0.49180E-01   0.50386E-01   0.48281E-01
 1823.07   0.48551E-01   0.49734E-01   0.47651E-01
 1836.67   0.47932E-01   0.49093E-01   0.47032E-01
 1850.28   0.47324E-01   0.48464E-01   0.46424E-01
 1863.88   0.46728E-01   0.47845E-01   0.45827E-01
 1877.49   0.46142E-01   0.47238E-01   0.45240E-01
 1891.09   0.45567E-01   0.46641E-01   0.44664E-01
 1904.70   0.45000E-01   0.46053E-01   0.44096E-01
 1918.30   0.44443E-01   0.45475E-01   0.43537E-01
 1931.91   0.43894E-01   0.44905E-01   0.42987E-01
 1945.51   0.43355E-01   0.44345E-01   0.42446E-01
 1959.12   0.42825E-01   0.43795E-01   0.41915E-01
 1972.72   0.42307E-01   0.43255E-01   0.41394E-01
 1986.33   0.41795E-01   0.42724E-01   0.40880E-01
 1999.93   0.41292E-01   0.42201E-01   0.40375E-01
 2013.54   0.40797E-01   0.41685E-01   0.39877E-01
 2027.14   0.40309E-01   0.41178E-01   0.39387E-01
 2040.75   0.39828E-01   0.40678E-01   0.38904E-01
 2054.35   0.39355E-01   0.40185E-01   0.38429E-01
 2067.96   0.38895E-01   0.39706E-01   0.37966E-01
 2081.56   0.38439E-01   0.39230E-01   0.37507E-01
 2095.17   0.37990E-01   0.38762E-01   0.37055E-01
 2108.77   0.37548E-01   0.38301E-01   0.36610E-01
 2122.38   0.37111E-01   0.37847E-01   0.36171E-01
 2135.98   0.36680E-01   0.37397E-01   0.35737E-01
 2149.59   0.36265E-01   0.36964E-01   0.35319E-01
 2163.19   0.35847E-01   0.36528E-01   0.34899E-01
 2176.80   0.35439E-01   0.36101E-01   0.34487E-01
 2190.40   0.35037E-01   0.35682E-01   0.34082E-01
 2204.01   0.34642E-01   0.35269E-01   0.33684E-01
 2217.61   0.34251E-01   0.34861E-01   0.33290E-01
 2231.22   0.33864E-01   0.34456E-01   0.32900E-01
 2244.82   0.33493E-01   0.34068E-01   0.32525E-01
 2258.43   0.33119E-01   0.33677E-01   0.32148E-01
 2272.03   0.32752E-01   0.33293E-01   0.31778E-01
 2285.64   0.32391E-01   0.32916E-01   0.31415E-01
 2299.24   0.32036E-01   0.32544E-01   0.31056E-01
 2312.85   0.31685E-01   0.32177E-01   0.30703E-01
 2326.45   0.31335E-01   0.31811E-01   0.30350E-01
 2340.06   0.31003E-01   0.31462E-01   0.30014E-01
 2353.66   0.30666E-01   0.31110E-01   0.29674E-01
 2367.27   0.30336E-01   0.30763E-01   0.29340E-01
 2380.87   0.30010E-01   0.30423E-01   0.29012E-01
 2394.48   0.29690E-01   0.30087E-01   0.28689E-01
 2408.08   0.29375E-01   0.29756E-01   0.28371E-01
 2421.69   0.29062E-01   0.29429E-01   0.28055E-01
 2435.29   0.28759E-01   0.29110E-01   0.27748E-01
 2448.90   0.28455E-01   0.28792E-01   0.27442E-01
 2462.50   0.28157E-01   0.28479E-01   0.27141E-01
 2476.11   0.27863E-01   0.28170E-01   0.26844E-01
 2489.71   0.27573E-01   0.27867E-01   0.26552E-01
 2503.32   0.27288E-01   0.27567E-01   0.26264E-01
 2516.92   0.27007E-01   0.27272E-01   0.25980E-01
 2530.53   0.26730E-01   0.26982E-01   0.25701E-01
 2544.13   0.26457E-01   0.26694E-01   0.25424E-01
 2557.74   0.26186E-01   0.26410E-01   0.25151E-01
 2571.34   0.25920E-01   0.26130E-01   0.24882E-01
 2584.95   0.25657E-01   0.25854E-01   0.24616E-01
 2598.55   0.25398E-01   0.25582E-01   0.24355E-01
 2612.16   0.25143E-01   0.25314E-01   0.24098E-01
 2625.76   0.24892E-01   0.25050E-01   0.23844E-01
 2639.37   0.24644E-01   0.24790E-01   0.23594E-01
 2652.97   0.24399E-01   0.24532E-01   0.23347E-01
 2666.58   0.24157E-01   0.24278E-01   0.23102E-01
 2680.18   0.23918E-01   0.24026E-01   0.22861E-01
 2693.79   0.23682E-01   0.23778E-01   0.22623E-01
 2707.39   0.23448E-01   0.23533E-01   0.22387E-01
 2721.00   0.23223E-01   0.23295E-01   0.22159E-01
 2734.60   0.22996E-01   0.23057E-01   0.21931E-01
 2748.21   0.22774E-01   0.22823E-01   0.21706E-01
 2761.81   0.22554E-01   0.22591E-01   0.21484E-01
 2775.42   0.22337E-01   0.22363E-01   0.21265E-01
 2789.02   0.22121E-01   0.22136E-01   0.21048E-01
 2802.63   0.21908E-01   0.21912E-01   0.20833E-01
 2816.23   0.21695E-01   0.21688E-01   0.20619E-01
 2829.84   0.21496E-01   0.21478E-01   0.20417E-01
 2843.44   0.21292E-01   0.21263E-01   0.20212E-01
 2857.05   0.21091E-01   0.21052E-01   0.20009E-01
 2870.65   0.20893E-01   0.20843E-01   0.19810E-01
 2884.26   0.20697E-01   0.20637E-01   0.19612E-01
 2897.86   0.20503E-01   0.20433E-01   0.19417E-01
 2911.47   0.20309E-01   0.20229E-01   0.19222E-01
 2925.07   0.20128E-01   0.20038E-01   0.19039E-01
 2938.68   0.19939E-01   0.19839E-01   0.18849E-01
 2952.28   0.19755E-01   0.19645E-01   0.18663E-01
 2965.89   0.19573E-01   0.19454E-01   0.18480E-01
 2979.49   0.19394E-01   0.19265E-01   0.18300E-01
 2993.10   0.19218E-01   0.19079E-01   0.18122E-01
 3006.70   0.19042E-01   0.18895E-01   0.17946E-01
 3020.31   0.18868E-01   0.18711E-01   0.17770E-01
 3033.91   0.18702E-01   0.18536E-01   0.17604E-01
 3047.52   0.18532E-01   0.18357E-01   0.17433E-01
 3061.12   0.18365E-01   0.18181E-01   0.17264E-01
 3074.73   0.18200E-01   0.18008E-01   0.17099E-01
 3088.33   0.18038E-01   0.17837E-01   0.16936E-01
 3101.94   0.17877E-01   0.17668E-01   0.16775E-01
 3115.54   0.17719E-01   0.17501E-01   0.16616E-01
 3129.15   0.17561E-01   0.17335E-01   0.16457E-01
 3142.75   0.17409E-01   0.17175E-01   0.16305E-01
 3156.36   0.17255E-01   0.17013E-01   0.16151E-01
 3169.96   0.17103E-01   0.16853E-01   0.15998E-01
 3183.57   0.16954E-01   0.16696E-01   0.15848E-01
 3197.17   0.16806E-01   0.16540E-01   0.15700E-01
 3210.78   0.16660E-01   0.16387E-01   0.15554E-01
 3224.38   0.16516E-01   0.16236E-01   0.15410E-01
 3237.99   0.16374E-01   0.16086E-01   0.15267E-01
 3251.59   0.16234E-01   0.15939E-01   0.15127E-01
 3265.20   0.16095E-01   0.15792E-01   0.14988E-01
 3278.80   0.15957E-01   0.15647E-01   0.14850E-01
 3292.41   0.15820E-01   0.15503E-01   0.14713E-01
 3306.01   0.15685E-01   0.15361E-01   0.14578E-01
 3319.62   0.15552E-01   0.15221E-01   0.14445E-01
 3333.22   0.15421E-01   0.15083E-01   0.14314E-01
 3346.83   0.15291E-01   0.14947E-01   0.14184E-01
 3360.43   0.15163E-01   0.14813E-01   0.14056E-01
 3374.04   0.15036E-01   0.14680E-01   0.13930E-01
 3387.64   0.14911E-01   0.14548E-01   0.13805E-01
 3401.25   0.14786E-01   0.14417E-01   0.13680E-01
 3414.85   0.14663E-01   0.14287E-01   0.13558E-01
 3428.46   0.14541E-01   0.14159E-01   0.13436E-01
 3442.06   0.14420E-01   0.14033E-01   0.13316E-01
 3455.67   0.14301E-01   0.13907E-01   0.13197E-01
 3469.27   0.14186E-01   0.13786E-01   0.13082E-01
 3482.88   0.14069E-01   0.13664E-01   0.12966E-01
 3496.48   0.13955E-01   0.13544E-01   0.12852E-01
 3510.09   0.13841E-01   0.13425E-01   0.12739E-01
 3523.69   0.13729E-01   0.13307E-01   0.12627E-01
 3537.30   0.13617E-01   0.13190E-01   0.12516E-01
 3550.90   0.13506E-01   0.13074E-01   0.12406E-01
 3564.51   0.13396E-01   0.12958E-01   0.12297E-01
 3578.11   0.13286E-01   0.12844E-01   0.12189E-01
 3591.72   0.13184E-01   0.12736E-01   0.12087E-01
 3605.32   0.13078E-01   0.12626E-01   0.11982E-01
 3618.93   0.12974E-01   0.12517E-01   0.11879E-01
 3632.53   0.12871E-01   0.12409E-01   0.11777E-01
 3646.14   0.12769E-01   0.12302E-01   0.11676E-01
 3659.74   0.12667E-01   0.12196E-01   0.11576E-01
 3673.35   0.12566E-01   0.12091E-01   0.11476E-01
 3686.95   0.12464E-01   0.11984E-01   0.11375E-01
 3700.56   0.12374E-01   0.11889E-01   0.11286E-01
 3714.16   0.12274E-01   0.11785E-01   0.11187E-01
 3727.77   0.12178E-01   0.11684E-01   0.11092E-01
 3741.37   0.12083E-01   0.11585E-01   0.10999E-01
 3754.98   0.11989E-01   0.11487E-01   0.10906E-01
 3768.58   0.11896E-01   0.11391E-01   0.10815E-01
 3782.19   0.11804E-01   0.11294E-01   0.10724E-01
 3795.79   0.11712E-01   0.11199E-01   0.10634E-01
 3809.40   0.11620E-01   0.11103E-01   0.10543E-01
 3823.00   0.11536E-01   0.11015E-01   0.10461E-01
 3836.61   0.11446E-01   0.10921E-01   0.10372E-01
 3850.21   0.11358E-01   0.10830E-01   0.10285E-01
 3863.82   0.11271E-01   0.10739E-01   0.10200E-01
 3877.42   0.11185E-01   0.10650E-01   0.10116E-01
 3891.03   0.11100E-01   0.10562E-01   0.10033E-01
 3904.63   0.11016E-01   0.10475E-01   0.99512E-02
 3918.24   0.10933E-01   0.10388E-01   0.98693E-02
 3931.84   0.10848E-01   0.10300E-01   0.97868E-02
 3945.45   0.10771E-01   0.10220E-01   0.97114E-02
 3959.05   0.10689E-01   0.10135E-01   0.96313E-02
 3972.66   0.10609E-01   0.10052E-01   0.95525E-02
 3986.26   0.10529E-01   0.99690E-02   0.94748E-02
 3999.87   0.10450E-01   0.98875E-02   0.93982E-02
 4013.47   0.10373E-01   0.98072E-02   0.93226E-02
 4027.08   0.10296E-01   0.97278E-02   0.92479E-02
 4040.68   0.10220E-01   0.96491E-02   0.91739E-02
 4054.29   0.10144E-01   0.95703E-02   0.90998E-02
 4067.89   0.10071E-01   0.94952E-02   0.90293E-02
 4081.50   0.99966E-02   0.94183E-02   0.89570E-02
 4095.10   0.99228E-02   0.93421E-02   0.88854E-02
 4108.71   0.98496E-02   0.92667E-02   0.88145E-02
 4122.31   0.97772E-02   0.91920E-02   0.87444E-02
 4135.92   0.97058E-02   0.91184E-02   0.86752E-02
 4149.52   0.96352E-02   0.90457E-02   0.86069E-02
 4163.13   0.95656E-02   0.89739E-02   0.85395E-02
 4176.73   0.94966E-02   0.89029E-02   0.84729E-02
 4190.34   0.94285E-02   0.88328E-02   0.84071E-02
 4203.94   0.93608E-02   0.87631E-02   0.83417E-02
 4217.55   0.92933E-02   0.86938E-02   0.82767E-02
 4231.15   0.92263E-02   0.86250E-02   0.82121E-02
 4244.76   0.91597E-02   0.85566E-02   0.81480E-02
 4258.36   0.90936E-02   0.84889E-02   0.80845E-02
 4271.97   0.90283E-02   0.84220E-02   0.80218E-02
 4285.57   0.89638E-02   0.83558E-02   0.79598E-02
 4299.18   0.88996E-02   0.82901E-02   0.78982E-02
 4312.78   0.88380E-02   0.82269E-02   0.78390E-02
 4326.39   0.87756E-02   0.81631E-02   0.77791E-02
 4339.99   0.87138E-02   0.80999E-02   0.77200E-02
 4353.60   0.86524E-02   0.80372E-02   0.76612E-02
 4367.20   0.85914E-02   0.79748E-02   0.76029E-02
 4380.81   0.85306E-02   0.79128E-02   0.75448E-02
 4394.41   0.84701E-02   0.78512E-02   0.74871E-02
 4408.02   0.84101E-02   0.77901E-02   0.74299E-02
 4421.62   0.83500E-02   0.77290E-02   0.73727E-02
 4435.23   0.82972E-02   0.76748E-02   0.73221E-02
 4448.83   0.82367E-02   0.76135E-02   0.72647E-02
 4462.44   0.81795E-02   0.75553E-02   0.72102E-02
 4476.04   0.81230E-02   0.74978E-02   0.71565E-02
 4489.65   0.80669E-02   0.74409E-02   0.71033E-02
 4503.25   0.80111E-02   0.73843E-02   0.70504E-02
 4516.86   0.79556E-02   0.73280E-02   0.69977E-02
 4530.46   0.79001E-02   0.72719E-02   0.69453E-02
 4544.07   0.78445E-02   0.72157E-02   0.68927E-02
 4557.67   0.77895E-02   0.71602E-02   0.68408E-02
 4571.28   0.77409E-02   0.71106E-02   0.67946E-02
 4584.88   0.76864E-02   0.70556E-02   0.67433E-02
 4598.49   0.76336E-02   0.70024E-02   0.66935E-02
 4612.09   0.75817E-02   0.69500E-02   0.66446E-02
 4625.70   0.75303E-02   0.68982E-02   0.65962E-02
 4639.30   0.74793E-02   0.68468E-02   0.65482E-02
 4652.91   0.74284E-02   0.67956E-02   0.65004E-02
 4666.51   0.73775E-02   0.67445E-02   0.64527E-02
 4680.12   0.73257E-02   0.66926E-02   0.64042E-02
 4693.72   0.72729E-02   0.66398E-02   0.63549E-02
 4707.33   0.72314E-02   0.65975E-02   0.63156E-02
 4720.93   0.71814E-02   0.65475E-02   0.62689E-02
 4734.54   0.71326E-02   0.64987E-02   0.62234E-02
 4748.14   0.70847E-02   0.64507E-02   0.61786E-02
 4761.75   0.70374E-02   0.64034E-02   0.61345E-02
 4775.35   0.69906E-02   0.63566E-02   0.60909E-02
 4788.96   0.69440E-02   0.63101E-02   0.60475E-02
 4802.56   0.68975E-02   0.62636E-02   0.60042E-02
 4816.17   0.68496E-02   0.62160E-02   0.59598E-02
 4829.77   0.68126E-02   0.61784E-02   0.59249E-02
 4843.38   0.67628E-02   0.61293E-02   0.58791E-02
 4856.98   0.67169E-02   0.60838E-02   0.58366E-02
 4870.59   0.66719E-02   0.60391E-02   0.57949E-02
 4884.19   0.66275E-02   0.59950E-02   0.57539E-02
 4897.80   0.65837E-02   0.59516E-02   0.57134E-02
 4911.40   0.65405E-02   0.59087E-02   0.56735E-02
 4925.01   0.64977E-02   0.58663E-02   0.56340E-02
 4938.61   0.64551E-02   0.58242E-02   0.55948E-02
 4952.22   0.64118E-02   0.57815E-02   0.55550E-02
 4965.82   0.63741E-02   0.57439E-02   0.55201E-02
 4979.43   0.63306E-02   0.57011E-02   0.54803E-02
 4993.03   0.62886E-02   0.56598E-02   0.54417E-02
 5006.64   0.62470E-02   0.56189E-02   0.54036E-02
 5020.24   0.62059E-02   0.55784E-02   0.53659E-02
 5033.85   0.61652E-02   0.55384E-02   0.53287E-02
 5047.45   0.61250E-02   0.54990E-02   0.52920E-02
 5061.06   0.60854E-02   0.54601E-02   0.52558E-02
 5074.66   0.60462E-02   0.54216E-02   0.52201E-02
 5088.27   0.60072E-02   0.53835E-02   0.51846E-02
 5101.87   0.59696E-02   0.53466E-02   0.51503E-02
 5115.48   0.59309E-02   0.53087E-02   0.51150E-02
 5129.08   0.58926E-02   0.52713E-02   0.50802E-02
 5142.69   0.58544E-02   0.52340E-02   0.50456E-02
 5156.29   0.58163E-02   0.51970E-02   0.50111E-02
 5169.90   0.57785E-02   0.51602E-02   0.49769E-02
 5183.50   0.57411E-02   0.51238E-02   0.49430E-02
 5197.11   0.57040E-02   0.50878E-02   0.49095E-02
 5210.71   0.56675E-02   0.50523E-02   0.48765E-02
 5224.32   0.56314E-02   0.50173E-02   0.48439E-02
 5237.92   0.55959E-02   0.49829E-02   0.48120E-02
 5251.53   0.55606E-02   0.49486E-02   0.47802E-02
 5265.13   0.55255E-02   0.49146E-02   0.47485E-02
 5278.74   0.54904E-02   0.48808E-02   0.47171E-02
 5292.34   0.54555E-02   0.48470E-02   0.46857E-02
 5305.95   0.54205E-02   0.48133E-02   0.46544E-02
 5319.55   0.53857E-02   0.47798E-02   0.46232E-02
 5333.16   0.53511E-02   0.47465E-02   0.45922E-02
 5346.76   0.53167E-02   0.47135E-02   0.45615E-02
 5360.37   0.52826E-02   0.46808E-02   0.45311E-02
 5373.97   0.52495E-02   0.46490E-02   0.45015E-02
 5387.58   0.52179E-02   0.46186E-02   0.44733E-02
 5401.18   0.51848E-02   0.45870E-02   0.44439E-02
 5414.79   0.51524E-02   0.45559E-02   0.44151E-02
 5428.39   0.51202E-02   0.45251E-02   0.43865E-02
 5442.00   0.50881E-02   0.44945E-02   0.43580E-02
 5455.60   0.50560E-02   0.44639E-02   0.43296E-02
 5469.21   0.50239E-02   0.44333E-02   0.43012E-02
 5482.81   0.49918E-02   0.44029E-02   0.42728E-02
 5496.42   0.49597E-02   0.43724E-02   0.42445E-02
 5510.02   0.49264E-02   0.43409E-02   0.42152E-02
 5523.63   0.49032E-02   0.43184E-02   0.41945E-02
 5537.23   0.48692E-02   0.42864E-02   0.41646E-02
 5550.84   0.48384E-02   0.42573E-02   0.41375E-02
 5564.44   0.48083E-02   0.42288E-02   0.41111E-02
 5578.05   0.47786E-02   0.42007E-02   0.40850E-02
 5591.65   0.47490E-02   0.41728E-02   0.40591E-02
 5605.26   0.47195E-02   0.41450E-02   0.40332E-02
 5618.86   0.46900E-02   0.41172E-02   0.40074E-02
 5632.47   0.46603E-02   0.40893E-02   0.39814E-02
 5646.07   0.46301E-02   0.40610E-02   0.39551E-02
 5659.68   0.46004E-02   0.40332E-02   0.39292E-02
 5673.28   0.45775E-02   0.40114E-02   0.39092E-02
 5686.89   0.45471E-02   0.39831E-02   0.38827E-02
 5700.49   0.45184E-02   0.39563E-02   0.38578E-02
 5714.10   0.44904E-02   0.39301E-02   0.38335E-02
 5727.70   0.44628E-02   0.39043E-02   0.38095E-02
 5741.31   0.44355E-02   0.38789E-02   0.37859E-02
 5754.91   0.44084E-02   0.38536E-02   0.37623E-02
 5768.52   0.43812E-02   0.38283E-02   0.37389E-02
 5782.12   0.43539E-02   0.38029E-02   0.37152E-02
 5795.73   0.43256E-02   0.37768E-02   0.36909E-02
 5809.33   0.42973E-02   0.37506E-02   0.36665E-02
 5822.94   0.42770E-02   0.37315E-02   0.36489E-02
 5836.54   0.42492E-02   0.37058E-02   0.36250E-02
 5850.15   0.42224E-02   0.36812E-02   0.36020E-02
 5863.75   0.41962E-02   0.36570E-02   0.35795E-02
 5877.36   0.41704E-02   0.36332E-02   0.35575E-02
 5890.96   0.41450E-02   0.36098E-02   0.35357E-02
 5904.57   0.41199E-02   0.35867E-02   0.35142E-02
 5918.17   0.40949E-02   0.35637E-02   0.34928E-02
 5931.78   0.40699E-02   0.35408E-02   0.34715E-02
 5945.38   0.40441E-02   0.35172E-02   0.34495E-02
 5958.99   0.40177E-02   0.34931E-02   0.34269E-02
 5972.59   0.39981E-02   0.34750E-02   0.34103E-02
 5986.20   0.39728E-02   0.34519E-02   0.33888E-02
 5999.80   0.39480E-02   0.34293E-02   0.33677E-02
 6013.41   0.39235E-02   0.34070E-02   0.33470E-02
 6027.01   0.38994E-02   0.33850E-02   0.33265E-02
 6040.62   0.38756E-02   0.33634E-02   0.33063E-02
 6054.22   0.38521E-02   0.33421E-02   0.32865E-02
 6067.83   0.38289E-02   0.33210E-02   0.32670E-02
 6081.43   0.38059E-02   0.33002E-02   0.32476E-02
 6095.04   0.37828E-02   0.32793E-02   0.32281E-02
 6108.64   0.37592E-02   0.32579E-02   0.32082E-02
 6122.25   0.37388E-02   0.32394E-02   0.31910E-02
 6135.85   0.37158E-02   0.32187E-02   0.31717E-02
 6149.46   0.36930E-02   0.31982E-02   0.31526E-02
 6163.06   0.36703E-02   0.31778E-02   0.31336E-02
 6176.67   0.36478E-02   0.31575E-02   0.31147E-02
 6190.27   0.36254E-02   0.31375E-02   0.30960E-02
 6203.88   0.36033E-02   0.31177E-02   0.30775E-02
 6217.48   0.35816E-02   0.30982E-02   0.30594E-02
 6231.09   0.35601E-02   0.30790E-02   0.30415E-02
 6244.69   0.35389E-02   0.30601E-02   0.30238E-02
 6258.30   0.35179E-02   0.30413E-02   0.30063E-02
 6271.90   0.34972E-02   0.30229E-02   0.29892E-02
 6285.51   0.34764E-02   0.30043E-02   0.29719E-02
 6299.11   0.34555E-02   0.29858E-02   0.29546E-02
 6312.72   0.34347E-02   0.29672E-02   0.29373E-02
 6326.32   0.34138E-02   0.29487E-02   0.29200E-02
 6339.93   0.33929E-02   0.29302E-02   0.29027E-02
 6353.53   0.33722E-02   0.29119E-02   0.28855E-02
 6367.14   0.33516E-02   0.28937E-02   0.28686E-02
 6380.74   0.33312E-02   0.28758E-02   0.28518E-02
 6394.35   0.33111E-02   0.28580E-02   0.28352E-02
 6407.95   0.32917E-02   0.28409E-02   0.28193E-02
 6421.56   0.32728E-02   0.28242E-02   0.28037E-02
 6435.16   0.32532E-02   0.28070E-02   0.27877E-02
 6448.77   0.32339E-02   0.27901E-02   0.27719E-02
 6462.37   0.32147E-02   0.27733E-02   0.27562E-02
 6475.98   0.31955E-02   0.27565E-02   0.27405E-02
 6489.58   0.31763E-02   0.27397E-02   0.27247E-02
 6503.19   0.31570E-02   0.27228E-02   0.27090E-02
 6516.79   0.31377E-02   0.27060E-02   0.26932E-02
 6530.40   0.31185E-02   0.26892E-02   0.26775E-02
 6544.00   0.30992E-02   0.26725E-02   0.26618E-02
 6557.61   0.30794E-02   0.26553E-02   0.26457E-02
 6571.21   0.30612E-02   0.26396E-02   0.26310E-02
 6584.82   0.30457E-02   0.26260E-02   0.26184E-02
 6598.42   0.30273E-02   0.26101E-02   0.26035E-02
 6612.03   0.30093E-02   0.25946E-02   0.25889E-02
 6625.63   0.29915E-02   0.25792E-02   0.25746E-02
 6639.24   0.29738E-02   0.25639E-02   0.25603E-02
 6652.84   0.29561E-02   0.25487E-02   0.25459E-02
 6666.45   0.29383E-02   0.25333E-02   0.25316E-02
 6680.05   0.29204E-02   0.25179E-02   0.25171E-02
 6693.66   0.29024E-02   0.25025E-02   0.25026E-02
 6707.26   0.28839E-02   0.24866E-02   0.24876E-02
 6720.87   0.28665E-02   0.24717E-02   0.24736E-02
 6734.47   0.28542E-02   0.24612E-02   0.24640E-02
 6748.08   0.28352E-02   0.24449E-02   0.24486E-02
 6761.68   0.28178E-02   0.24301E-02   0.24347E-02
 6775.29   0.28010E-02   0.24157E-02   0.24212E-02
 6788.89   0.27844E-02   0.24016E-02   0.24080E-02
 6802.50   0.27680E-02   0.23877E-02   0.23949E-02
 6816.10   0.27517E-02   0.23738E-02   0.23819E-02
 6829.71   0.27353E-02   0.23599E-02   0.23688E-02
 6843.31   0.27188E-02   0.23459E-02   0.23556E-02
 6856.92   0.27020E-02   0.23317E-02   0.23422E-02
 6870.52   0.26843E-02   0.23167E-02   0.23280E-02
 6884.13   0.26675E-02   0.23024E-02   0.23146E-02
 6897.73   0.26572E-02   0.22939E-02   0.23068E-02
 6911.34   0.26398E-02   0.22791E-02   0.22929E-02
 6924.94   0.26235E-02   0.22654E-02   0.22799E-02
 6938.55   0.26076E-02   0.22521E-02   0.22673E-02
 6952.15   0.25921E-02   0.22390E-02   0.22551E-02
 6965.76   0.25768E-02   0.22262E-02   0.22430E-02
 6979.36   0.25616E-02   0.22135E-02   0.22310E-02
 6992.97   0.25465E-02   0.22009E-02   0.22191E-02
 7006.57   0.25314E-02   0.21882E-02   0.22072E-02
 7020.18   0.25160E-02   0.21754E-02   0.21951E-02
 7033.78   0.24996E-02   0.21616E-02   0.21820E-02
 7047.39   0.24835E-02   0.21481E-02   0.21692E-02
 7060.99   0.24740E-02   0.21405E-02   0.21623E-02
 7074.60   0.24582E-02   0.21272E-02   0.21497E-02
 7088.20   0.24429E-02   0.21146E-02   0.21377E-02
 7101.81   0.24280E-02   0.21022E-02   0.21260E-02
 7115.41   0.24134E-02   0.20900E-02   0.21145E-02
 7129.02   0.23990E-02   0.20781E-02   0.21032E-02
 7142.62   0.23848E-02   0.20664E-02   0.20922E-02
 7156.23   0.23708E-02   0.20549E-02   0.20813E-02
 7169.83   0.23569E-02   0.20434E-02   0.20704E-02
 7183.44   0.23429E-02   0.20319E-02   0.20595E-02
 7197.04   0.23284E-02   0.20199E-02   0.20481E-02
 7210.65   0.23137E-02   0.20077E-02   0.20365E-02
 7224.25   0.23033E-02   0.19994E-02   0.20289E-02
 7237.86   0.22890E-02   0.19876E-02   0.20177E-02
 7251.46   0.22750E-02   0.19761E-02   0.20067E-02
 7265.07   0.22611E-02   0.19647E-02   0.19959E-02
 7278.67   0.22473E-02   0.19534E-02   0.19852E-02
 7292.28   0.22338E-02   0.19423E-02   0.19746E-02
 7305.88   0.22204E-02   0.19314E-02   0.19643E-02
 7319.49   0.22072E-02   0.19207E-02   0.19541E-02
 7333.09   0.21942E-02   0.19102E-02   0.19441E-02
 7346.70   0.21814E-02   0.18997E-02   0.19342E-02
 7360.30   0.21686E-02   0.18893E-02   0.19243E-02
 7373.91   0.21556E-02   0.18788E-02   0.19142E-02
 7387.51   0.21439E-02   0.18694E-02   0.19054E-02
 7401.12   0.21312E-02   0.18591E-02   0.18956E-02
 7414.72   0.21184E-02   0.18487E-02   0.18857E-02
 7428.33   0.21057E-02   0.18384E-02   0.18759E-02
 7441.93   0.20929E-02   0.18280E-02   0.18660E-02
 7455.54   0.20801E-02   0.18178E-02   0.18562E-02
 7469.14   0.20675E-02   0.18076E-02   0.18465E-02
 7482.75   0.20550E-02   0.17975E-02   0.18369E-02
 7496.35   0.20427E-02   0.17876E-02   0.18274E-02
 7509.96   0.20306E-02   0.17779E-02   0.18182E-02
 7523.56   0.20186E-02   0.17683E-02   0.18090E-02
 7537.17   0.20070E-02   0.17590E-02   0.18002E-02
 7550.77   0.19955E-02   0.17498E-02   0.17914E-02
 7564.38   0.19838E-02   0.17405E-02   0.17825E-02
 7577.98   0.19722E-02   0.17312E-02   0.17737E-02
 7591.59   0.19606E-02   0.17219E-02   0.17648E-02
 7605.19   0.19489E-02   0.17126E-02   0.17559E-02
 7618.80   0.19371E-02   0.17032E-02   0.17469E-02
 7632.40   0.19253E-02   0.16938E-02   0.17379E-02
 7646.01   0.19136E-02   0.16844E-02   0.17289E-02
 7659.61   0.19019E-02   0.16751E-02   0.17199E-02
 7673.22   0.18903E-02   0.16659E-02   0.17111E-02
 7686.82   0.18787E-02   0.16567E-02   0.17023E-02
 7700.43   0.18666E-02   0.16472E-02   0.16930E-02
 7714.03   0.18587E-02   0.16409E-02   0.16872E-02
 7727.64   0.18467E-02   0.16315E-02   0.16781E-02
 7741.24   0.18358E-02   0.16229E-02   0.16698E-02
 7754.85   0.18250E-02   0.16144E-02   0.16617E-02
 7768.45   0.18143E-02   0.16060E-02   0.16536E-02
 7782.06   0.18036E-02   0.15975E-02   0.16455E-02
 7795.66   0.17928E-02   0.15891E-02   0.16374E-02
 7809.27   0.17819E-02   0.15805E-02   0.16291E-02
 7822.87   0.17710E-02   0.15719E-02   0.16208E-02
 7836.48   0.17601E-02   0.15633E-02   0.16125E-02
 7850.08   0.17490E-02   0.15545E-02   0.16040E-02
 7863.69   0.17376E-02   0.15455E-02   0.15952E-02
 7877.29   0.17275E-02   0.15377E-02   0.15877E-02
 7890.90   0.17202E-02   0.15322E-02   0.15826E-02
 7904.50   0.17090E-02   0.15234E-02   0.15741E-02
 7918.11   0.16987E-02   0.15153E-02   0.15663E-02
 7931.71   0.16886E-02   0.15075E-02   0.15587E-02
 7945.32   0.16787E-02   0.14998E-02   0.15513E-02
 7958.92   0.16688E-02   0.14921E-02   0.15439E-02
 7972.53   0.16589E-02   0.14844E-02   0.15365E-02
 7986.13   0.16490E-02   0.14767E-02   0.15290E-02
 7999.74   0.16389E-02   0.14689E-02   0.15214E-02
 8013.34   0.16287E-02   0.14609E-02   0.15136E-02
 8026.95   0.16182E-02   0.14527E-02   0.15056E-02
 8040.55   0.16064E-02   0.14432E-02   0.14963E-02
 8054.16   0.15968E-02   0.14358E-02   0.14891E-02
 8067.76   0.15920E-02   0.14327E-02   0.14864E-02
 8081.37   0.15815E-02   0.14245E-02   0.14784E-02
 8094.97   0.15717E-02   0.14169E-02   0.14710E-02
 8108.58   0.15622E-02   0.14096E-02   0.14639E-02
 8122.18   0.15529E-02   0.14025E-02   0.14569E-02
 8135.79   0.15438E-02   0.13954E-02   0.14501E-02
 8149.39   0.15347E-02   0.13885E-02   0.14433E-02
 8163.00   0.15256E-02   0.13815E-02   0.14365E-02
 8176.60   0.15164E-02   0.13744E-02   0.14297E-02
 8190.21   0.15070E-02   0.13672E-02   0.14226E-02
 8203.81   0.14973E-02   0.13596E-02   0.14152E-02
 8217.42   0.14852E-02   0.13498E-02   0.14054E-02
 8231.02   0.14856E-02   0.13517E-02   0.14078E-02
 8244.63   0.14731E-02   0.13414E-02   0.13976E-02
 8258.23   0.14633E-02   0.13339E-02   0.13902E-02
 8271.84   0.14541E-02   0.13268E-02   0.13832E-02
 8285.44   0.14452E-02   0.13199E-02   0.13765E-02
 8299.05   0.14364E-02   0.13132E-02   0.13699E-02
 8312.65   0.14278E-02   0.13067E-02   0.13635E-02
 8326.26   0.14194E-02   0.13003E-02   0.13573E-02
 8339.86   0.14110E-02   0.12939E-02   0.13510E-02
 8353.47   0.14026E-02   0.12876E-02   0.13448E-02
 8367.07   0.13942E-02   0.12811E-02   0.13385E-02
 8380.68   0.13854E-02   0.12744E-02   0.13319E-02
 8394.28   0.13747E-02   0.12657E-02   0.13232E-02
 8407.89   0.13729E-02   0.12658E-02   0.13237E-02
 8421.49   0.13625E-02   0.12574E-02   0.13154E-02
 8435.10   0.13537E-02   0.12506E-02   0.13086E-02
 8448.70   0.13452E-02   0.12441E-02   0.13022E-02
 8462.31   0.13368E-02   0.12376E-02   0.12958E-02
 8475.91   0.13285E-02   0.12314E-02   0.12896E-02
 8489.52   0.13204E-02   0.12252E-02   0.12836E-02
 8503.12   0.13124E-02   0.12192E-02   0.12776E-02
 8516.73   0.13046E-02   0.12133E-02   0.12719E-02
 8530.33   0.12969E-02   0.12075E-02   0.12662E-02
 8543.94   0.12892E-02   0.12018E-02   0.12605E-02
 8557.54   0.12815E-02   0.11960E-02   0.12548E-02
 8571.15   0.12731E-02   0.11895E-02   0.12483E-02
 8584.75   0.12683E-02   0.11865E-02   0.12456E-02
 8598.36   0.12597E-02   0.11798E-02   0.12389E-02
 8611.96   0.12518E-02   0.11739E-02   0.12330E-02
 8625.57   0.12441E-02   0.11680E-02   0.12271E-02
 8639.17   0.12363E-02   0.11621E-02   0.12213E-02
 8652.78   0.12286E-02   0.11563E-02   0.12155E-02
 8666.38   0.12210E-02   0.11505E-02   0.12097E-02
 8679.99   0.12135E-02   0.11448E-02   0.12041E-02
 8693.59   0.12061E-02   0.11393E-02   0.11986E-02
 8707.20   0.11988E-02   0.11338E-02   0.11932E-02
 8720.80   0.11916E-02   0.11285E-02   0.11879E-02
 8734.41   0.11846E-02   0.11233E-02   0.11827E-02
 8748.01   0.11775E-02   0.11181E-02   0.11776E-02
 8761.62   0.11704E-02   0.11128E-02   0.11723E-02
 8775.22   0.11640E-02   0.11081E-02   0.11676E-02
 8788.83   0.11571E-02   0.11029E-02   0.11625E-02
 8802.43   0.11501E-02   0.10977E-02   0.11573E-02
 8816.04   0.11431E-02   0.10925E-02   0.11521E-02
 8829.64   0.11361E-02   0.10872E-02   0.11468E-02
 8843.25   0.11290E-02   0.10819E-02   0.11415E-02
 8856.85   0.11220E-02   0.10766E-02   0.11362E-02
 8870.46   0.11150E-02   0.10713E-02   0.11309E-02
 8884.06   0.11080E-02   0.10661E-02   0.11257E-02
 8897.67   0.11012E-02   0.10610E-02   0.11206E-02
 8911.27   0.10945E-02   0.10561E-02   0.11156E-02
 8924.88   0.10878E-02   0.10511E-02   0.11106E-02
 8938.48   0.10816E-02   0.10466E-02   0.11062E-02
 8952.09   0.10756E-02   0.10421E-02   0.11017E-02
 8965.69   0.10691E-02   0.10374E-02   0.10969E-02
 8979.30   0.10627E-02   0.10327E-02   0.10922E-02
 8992.90   0.10564E-02   0.10281E-02   0.10876E-02
 9006.51   0.10500E-02   0.10234E-02   0.10828E-02
 9020.11   0.10437E-02   0.10186E-02   0.10781E-02
 9033.72   0.10372E-02   0.10138E-02   0.10732E-02
 9047.32   0.10307E-02   0.10089E-02   0.10683E-02
 9060.93   0.10243E-02   0.10041E-02   0.10634E-02
 9074.53   0.10178E-02   0.99920E-03   0.10585E-02
 9088.14   0.10113E-02   0.99434E-03   0.10536E-02
 9101.74   0.10048E-02   0.98944E-03   0.10486E-02
 9115.35   0.99740E-03   0.98379E-03   0.10428E-02
 9128.95   0.99549E-03   0.98310E-03   0.10423E-02
 9142.56   0.98798E-03   0.97731E-03   0.10364E-02
 9156.16   0.98184E-03   0.97278E-03   0.10318E-02
 9169.77   0.97593E-03   0.96845E-03   0.10274E-02
 9183.37   0.97011E-03   0.96420E-03   0.10231E-02
 9196.98   0.96431E-03   0.95995E-03   0.10188E-02
 9210.58   0.95850E-03   0.95568E-03   0.10145E-02
 9224.19   0.95265E-03   0.95134E-03   0.10101E-02
 9237.79   0.94675E-03   0.94695E-03   0.10056E-02
 9251.40   0.94079E-03   0.94248E-03   0.10011E-02
 9265.00   0.93476E-03   0.93793E-03   0.99643E-03
 9278.61   0.92861E-03   0.93325E-03   0.99166E-03
 9292.21   0.92205E-03   0.92817E-03   0.98644E-03
 9305.82   0.91674E-03   0.92437E-03   0.98259E-03
 9319.42   0.91427E-03   0.92335E-03   0.98169E-03
 9333.03   0.90749E-03   0.91804E-03   0.97621E-03
 9346.63   0.90166E-03   0.91367E-03   0.97174E-03
 9360.24   0.89609E-03   0.90957E-03   0.96755E-03
 9373.84   0.89067E-03   0.90561E-03   0.96351E-03
 9387.45   0.88534E-03   0.90172E-03   0.95954E-03
 9401.05   0.88004E-03   0.89785E-03   0.95558E-03
 9414.66   0.87473E-03   0.89396E-03   0.95161E-03
 9428.26   0.86939E-03   0.89002E-03   0.94757E-03
 9441.87   0.86398E-03   0.88599E-03   0.94343E-03
 9455.47   0.85846E-03   0.88182E-03   0.93915E-03
 9469.08   0.85271E-03   0.87741E-03   0.93461E-03
 9482.68   0.84615E-03   0.87211E-03   0.92911E-03
 9496.29   0.84121E-03   0.86857E-03   0.92549E-03
 9509.89   0.83972E-03   0.86867E-03   0.92573E-03
 9523.50   0.83351E-03   0.86373E-03   0.92061E-03
 9537.10   0.82800E-03   0.85953E-03   0.91627E-03
 9550.71   0.82274E-03   0.85561E-03   0.91223E-03
 9564.31   0.81765E-03   0.85185E-03   0.90835E-03
 9577.92   0.81267E-03   0.84821E-03   0.90460E-03
 9591.52   0.80778E-03   0.84465E-03   0.90093E-03
 9605.13   0.80294E-03   0.84113E-03   0.89730E-03
 9618.73   0.79811E-03   0.83760E-03   0.89366E-03
 9632.34   0.79324E-03   0.83402E-03   0.88995E-03
 9645.94   0.78829E-03   0.83032E-03   0.88613E-03
 9659.55   0.78312E-03   0.82636E-03   0.88202E-03
 9673.15   0.77705E-03   0.82138E-03   0.87682E-03
 9686.76   0.77233E-03   0.81793E-03   0.87324E-03
 9700.36   0.77101E-03   0.81827E-03   0.87370E-03
 9713.97   0.76543E-03   0.81381E-03   0.86905E-03
 9727.57   0.76032E-03   0.80988E-03   0.86496E-03
 9741.18   0.75540E-03   0.80615E-03   0.86107E-03
 9754.78   0.75061E-03   0.80256E-03   0.85734E-03
 9768.39   0.74593E-03   0.79909E-03   0.85373E-03
 9781.99   0.74135E-03   0.79573E-03   0.85023E-03
 9795.60   0.73686E-03   0.79245E-03   0.84682E-03
 9809.20   0.73244E-03   0.78923E-03   0.84347E-03
 9822.81   0.72804E-03   0.78604E-03   0.84013E-03
 9836.41   0.72363E-03   0.78280E-03   0.83676E-03
 9850.02   0.71911E-03   0.77943E-03   0.83324E-03
 9863.62   0.71409E-03   0.77546E-03   0.82908E-03
 9877.23   0.70960E-03   0.77206E-03   0.82552E-03
 9890.83   0.70752E-03   0.77150E-03   0.82499E-03
 9904.44   0.70267E-03   0.76768E-03   0.82098E-03
 9918.04   0.69808E-03   0.76415E-03   0.81728E-03
 9931.65   0.69356E-03   0.76071E-03   0.81367E-03
 9945.25   0.68911E-03   0.75733E-03   0.81012E-03
 9958.86   0.68472E-03   0.75402E-03   0.80664E-03
 9972.46   0.68042E-03   0.75080E-03   0.80326E-03
 9986.07   0.67619E-03   0.74766E-03   0.79996E-03
 9999.67   0.67206E-03   0.74462E-03   0.79677E-03
