 2884.26   0.50162E-01   0.48572E-01   0.48543E-01
 2897.86   0.49912E-01   0.48334E-01   0.48306E-01
 2911.47   0.49664E-01   0.48097E-01   0.48072E-01
 2925.07   0.49415E-01   0.47861E-01   0.47837E-01
 2938.68   0.49170E-01   0.47627E-01   0.47606E-01
 2952.28   0.48926E-01   0.47395E-01   0.47376E-01
 2965.89   0.48683E-01   0.47165E-01   0.47148E-01
 2979.49   0.48442E-01   0.46936E-01   0.46921E-01
 2993.10   0.48202E-01   0.46708E-01   0.46695E-01
 3006.70   0.47964E-01   0.46482E-01   0.46471E-01
 3020.31   0.47727E-01   0.46257E-01   0.46248E-01
 3033.91   0.47492E-01   0.46034E-01   0.46027E-01
 3047.52   0.47258E-01   0.45812E-01   0.45807E-01
 3061.12   0.47026E-01   0.45592E-01   0.45589E-01
 3074.73   0.46795E-01   0.45373E-01   0.45372E-01
 3088.33   0.46565E-01   0.45156E-01   0.45157E-01
 3101.94   0.46337E-01   0.44939E-01   0.44942E-01
 3115.54   0.46110E-01   0.44725E-01   0.44729E-01
 3129.15   0.45885E-01   0.44511E-01   0.44518E-01
 3142.75   0.45660E-01   0.44299E-01   0.44308E-01
 3156.36   0.45438E-01   0.44089E-01   0.44099E-01
 3169.96   0.45216E-01   0.43879E-01   0.43891E-01
 3183.57   0.44995E-01   0.43671E-01   0.43684E-01
 3197.17   0.44776E-01   0.43464E-01   0.43479E-01
 3210.78   0.44558E-01   0.43258E-01   0.43275E-01
 3224.38   0.44341E-01   0.43054E-01   0.43072E-01
 3237.99   0.44126E-01   0.42850E-01   0.42870E-01
 3251.59   0.43912E-01   0.42649E-01   0.42671E-01
 3265.20   0.43700E-01   0.42449E-01   0.42472E-01
 3278.80   0.43488E-01   0.42250E-01   0.42274E-01
 3292.41   0.43278E-01   0.42052E-01   0.42078E-01
 3306.01   0.43069E-01   0.41855E-01   0.41882E-01
 3319.62   0.42861E-01   0.41659E-01   0.41688E-01
 3333.22   0.42654E-01   0.41464E-01   0.41495E-01
 3346.83   0.42448E-01   0.41270E-01   0.41302E-01
 3360.43   0.42246E-01   0.41081E-01   0.41114E-01
 3374.04   0.42042E-01   0.40889E-01   0.40924E-01
 3387.64   0.41841E-01   0.40700E-01   0.40736E-01
 3401.25   0.41641E-01   0.40512E-01   0.40550E-01
 3414.85   0.41442E-01   0.40325E-01   0.40364E-01
 3428.46   0.41243E-01   0.40139E-01   0.40179E-01
 3442.06   0.41046E-01   0.39954E-01   0.39995E-01
 3455.67   0.40848E-01   0.39768E-01   0.39811E-01
 3469.27   0.40659E-01   0.39592E-01   0.39635E-01
 3482.88   0.40463E-01   0.39408E-01   0.39453E-01
 3496.48   0.40270E-01   0.39227E-01   0.39273E-01
 3510.09   0.40079E-01   0.39048E-01   0.39095E-01
 3523.69   0.39889E-01   0.38870E-01   0.38919E-01
 3537.30   0.39700E-01   0.38694E-01   0.38743E-01
 3550.90   0.39512E-01   0.38518E-01   0.38568E-01
 3564.51   0.39324E-01   0.38342E-01   0.38393E-01
 3578.11   0.39134E-01   0.38164E-01   0.38217E-01
 3591.72   0.38957E-01   0.37998E-01   0.38052E-01
 3605.32   0.38772E-01   0.37825E-01   0.37880E-01
 3618.93   0.38588E-01   0.37654E-01   0.37709E-01
 3632.53   0.38406E-01   0.37484E-01   0.37541E-01
 3646.14   0.38226E-01   0.37315E-01   0.37373E-01
 3659.74   0.38047E-01   0.37148E-01   0.37207E-01
 3673.35   0.37868E-01   0.36982E-01   0.37041E-01
 3686.95   0.37689E-01   0.36814E-01   0.36875E-01
 3700.56   0.37518E-01   0.36655E-01   0.36716E-01
 3714.16   0.37341E-01   0.36490E-01   0.36552E-01
 3727.77   0.37165E-01   0.36326E-01   0.36389E-01
 3741.37   0.36991E-01   0.36164E-01   0.36227E-01
 3754.98   0.36818E-01   0.36003E-01   0.36067E-01
 3768.58   0.36647E-01   0.35843E-01   0.35908E-01
 3782.19   0.36477E-01   0.35685E-01   0.35751E-01
 3795.79   0.36308E-01   0.35527E-01   0.35594E-01
 3809.40   0.36139E-01   0.35370E-01   0.35438E-01
 3823.00   0.35974E-01   0.35217E-01   0.35285E-01
 3836.61   0.35807E-01   0.35061E-01   0.35130E-01
 3850.21   0.35641E-01   0.34907E-01   0.34976E-01
 3863.82   0.35475E-01   0.34753E-01   0.34823E-01
 3877.42   0.35311E-01   0.34600E-01   0.34671E-01
 3891.03   0.35148E-01   0.34449E-01   0.34520E-01
 3904.63   0.34986E-01   0.34298E-01   0.34370E-01
 3918.24   0.34825E-01   0.34149E-01   0.34221E-01
 3931.84   0.34666E-01   0.34001E-01   0.34074E-01
 3945.45   0.34507E-01   0.33854E-01   0.33927E-01
 3959.05   0.34349E-01   0.33707E-01   0.33781E-01
 3972.66   0.34192E-01   0.33561E-01   0.33635E-01
 3986.26   0.34035E-01   0.33416E-01   0.33490E-01
 3999.87   0.33878E-01   0.33270E-01   0.33345E-01
 4013.47   0.33723E-01   0.33126E-01   0.33201E-01
 4027.08   0.33568E-01   0.32982E-01   0.33058E-01
 4040.68   0.33414E-01   0.32840E-01   0.32916E-01
 4054.29   0.33262E-01   0.32699E-01   0.32776E-01
 4067.89   0.33113E-01   0.32561E-01   0.32638E-01
 4081.50   0.32963E-01   0.32422E-01   0.32499E-01
 4095.10   0.32814E-01   0.32284E-01   0.32361E-01
 4108.71   0.32665E-01   0.32146E-01   0.32224E-01
 4122.31   0.32517E-01   0.32009E-01   0.32087E-01
 4135.92   0.32369E-01   0.31871E-01   0.31950E-01
 4149.52   0.32221E-01   0.31735E-01   0.31813E-01
 4163.13   0.32073E-01   0.31598E-01   0.31677E-01
 4176.73   0.31927E-01   0.31463E-01   0.31542E-01
 4190.34   0.31790E-01   0.31336E-01   0.31415E-01
 4203.94   0.31646E-01   0.31202E-01   0.31282E-01
 4217.55   0.31504E-01   0.31071E-01   0.31151E-01
 4231.15   0.31363E-01   0.30941E-01   0.31021E-01
 4244.76   0.31222E-01   0.30811E-01   0.30891E-01
 4258.36   0.31082E-01   0.30681E-01   0.30761E-01
 4271.97   0.30942E-01   0.30552E-01   0.30632E-01
 4285.57   0.30801E-01   0.30421E-01   0.30502E-01
 4299.18   0.30661E-01   0.30292E-01   0.30372E-01
 4312.78   0.30535E-01   0.30176E-01   0.30256E-01
 4326.39   0.30395E-01   0.30046E-01   0.30126E-01
 4339.99   0.30258E-01   0.29920E-01   0.30000E-01
 4353.60   0.30124E-01   0.29796E-01   0.29876E-01
 4367.20   0.29990E-01   0.29672E-01   0.29753E-01
 4380.81   0.29858E-01   0.29550E-01   0.29630E-01
 4394.41   0.29725E-01   0.29427E-01   0.29508E-01
 4408.02   0.29592E-01   0.29305E-01   0.29385E-01
 4421.62   0.29456E-01   0.29178E-01   0.29259E-01
 4435.23   0.29348E-01   0.29080E-01   0.29161E-01
 4448.83   0.29206E-01   0.28948E-01   0.29028E-01
 4462.44   0.29074E-01   0.28827E-01   0.28907E-01
 4476.04   0.28945E-01   0.28707E-01   0.28787E-01
 4489.65   0.28817E-01   0.28589E-01   0.28669E-01
 4503.25   0.28691E-01   0.28473E-01   0.28552E-01
 4516.86   0.28566E-01   0.28357E-01   0.28437E-01
 4530.46   0.28441E-01   0.28242E-01   0.28321E-01
 4544.07   0.28315E-01   0.28125E-01   0.28205E-01
 4557.67   0.28188E-01   0.28008E-01   0.28087E-01
 4571.28   0.28075E-01   0.27905E-01   0.27984E-01
 4584.88   0.27949E-01   0.27788E-01   0.27867E-01
 4598.49   0.27825E-01   0.27674E-01   0.27752E-01
 4612.09   0.27703E-01   0.27561E-01   0.27639E-01
 4625.70   0.27582E-01   0.27449E-01   0.27527E-01
 4639.30   0.27462E-01   0.27338E-01   0.27416E-01
 4652.91   0.27343E-01   0.27229E-01   0.27306E-01
 4666.51   0.27225E-01   0.27120E-01   0.27197E-01
 4680.12   0.27107E-01   0.27011E-01   0.27088E-01
 4693.72   0.26986E-01   0.26899E-01   0.26976E-01
 4707.33   0.26877E-01   0.26800E-01   0.26876E-01
 4720.93   0.26760E-01   0.26691E-01   0.26767E-01
 4734.54   0.26644E-01   0.26584E-01   0.26659E-01
 4748.14   0.26527E-01   0.26476E-01   0.26552E-01
 4761.75   0.26412E-01   0.26370E-01   0.26445E-01
 4775.35   0.26298E-01   0.26265E-01   0.26339E-01
 4788.96   0.26185E-01   0.26161E-01   0.26235E-01
 4802.56   0.26074E-01   0.26058E-01   0.26131E-01
 4816.17   0.25963E-01   0.25955E-01   0.26029E-01
 4829.77   0.25853E-01   0.25855E-01   0.25927E-01
 4843.38   0.25743E-01   0.25753E-01   0.25825E-01
 4856.98   0.25634E-01   0.25652E-01   0.25724E-01
 4870.59   0.25524E-01   0.25551E-01   0.25622E-01
 4884.19   0.25414E-01   0.25449E-01   0.25520E-01
 4897.80   0.25305E-01   0.25348E-01   0.25419E-01
 4911.40   0.25196E-01   0.25248E-01   0.25318E-01
 4925.01   0.25088E-01   0.25148E-01   0.25218E-01
 4938.61   0.24982E-01   0.25050E-01   0.25119E-01
 4952.22   0.24875E-01   0.24951E-01   0.25020E-01
 4965.82   0.24774E-01   0.24858E-01   0.24926E-01
 4979.43   0.24669E-01   0.24761E-01   0.24829E-01
 4993.03   0.24566E-01   0.24666E-01   0.24733E-01
 5006.64   0.24463E-01   0.24571E-01   0.24637E-01
 5020.24   0.24360E-01   0.24476E-01   0.24541E-01
 5033.85   0.24256E-01   0.24380E-01   0.24445E-01
 5047.45   0.24153E-01   0.24285E-01   0.24349E-01
 5061.06   0.24050E-01   0.24189E-01   0.24253E-01
 5074.66   0.23947E-01   0.24094E-01   0.24158E-01
 5088.27   0.23843E-01   0.23997E-01   0.24060E-01
 5101.87   0.23757E-01   0.23919E-01   0.23982E-01
 5115.48   0.23653E-01   0.23822E-01   0.23884E-01
 5129.08   0.23554E-01   0.23731E-01   0.23792E-01
 5142.69   0.23457E-01   0.23641E-01   0.23702E-01
 5156.29   0.23360E-01   0.23552E-01   0.23611E-01
 5169.90   0.23263E-01   0.23462E-01   0.23521E-01
 5183.50   0.23166E-01   0.23372E-01   0.23430E-01
 5197.11   0.23068E-01   0.23282E-01   0.23339E-01
 5210.71   0.22970E-01   0.23190E-01   0.23248E-01
 5224.32   0.22869E-01   0.23096E-01   0.23153E-01
 5237.92   0.22769E-01   0.23003E-01   0.23059E-01
 5251.53   0.22693E-01   0.22934E-01   0.22989E-01
 5265.13   0.22597E-01   0.22845E-01   0.22900E-01
 5278.74   0.22504E-01   0.22759E-01   0.22812E-01
 5292.34   0.22412E-01   0.22674E-01   0.22727E-01
 5305.95   0.22320E-01   0.22589E-01   0.22641E-01
 5319.55   0.22229E-01   0.22505E-01   0.22556E-01
 5333.16   0.22138E-01   0.22420E-01   0.22470E-01
 5346.76   0.22045E-01   0.22334E-01   0.22384E-01
 5360.37   0.21951E-01   0.22246E-01   0.22295E-01
 5373.97   0.21856E-01   0.22158E-01   0.22206E-01
 5387.58   0.21786E-01   0.22095E-01   0.22143E-01
 5401.18   0.21691E-01   0.22006E-01   0.22053E-01
 5414.79   0.21601E-01   0.21922E-01   0.21968E-01
 5428.39   0.21513E-01   0.21840E-01   0.21885E-01
 5442.00   0.21426E-01   0.21759E-01   0.21804E-01
 5455.60   0.21339E-01   0.21679E-01   0.21723E-01
 5469.21   0.21254E-01   0.21599E-01   0.21643E-01
 5482.81   0.21168E-01   0.21520E-01   0.21562E-01
 5496.42   0.21081E-01   0.21439E-01   0.21480E-01
 5510.02   0.20988E-01   0.21351E-01   0.21392E-01
 5523.63   0.20933E-01   0.21303E-01   0.21343E-01
 5537.23   0.20835E-01   0.21211E-01   0.21250E-01
 5550.84   0.20748E-01   0.21129E-01   0.21167E-01
 5564.44   0.20663E-01   0.21049E-01   0.21087E-01
 5578.05   0.20579E-01   0.20971E-01   0.21008E-01
 5591.65   0.20496E-01   0.20894E-01   0.20930E-01
 5605.26   0.20415E-01   0.20818E-01   0.20853E-01
 5618.86   0.20334E-01   0.20743E-01   0.20777E-01
 5632.47   0.20254E-01   0.20668E-01   0.20702E-01
 5646.07   0.20173E-01   0.20593E-01   0.20625E-01
 5659.68   0.20090E-01   0.20516E-01   0.20547E-01
 5673.28   0.20022E-01   0.20453E-01   0.20484E-01
 5686.89   0.19939E-01   0.20375E-01   0.20405E-01
 5700.49   0.19858E-01   0.20300E-01   0.20329E-01
 5714.10   0.19778E-01   0.20224E-01   0.20252E-01
 5727.70   0.19698E-01   0.20150E-01   0.20177E-01
 5741.31   0.19620E-01   0.20076E-01   0.20103E-01
 5754.91   0.19542E-01   0.20004E-01   0.20029E-01
 5768.52   0.19466E-01   0.19932E-01   0.19957E-01
 5782.12   0.19390E-01   0.19862E-01   0.19885E-01
 5795.73   0.19315E-01   0.19791E-01   0.19814E-01
 5809.33   0.19239E-01   0.19720E-01   0.19742E-01
 5822.94   0.19168E-01   0.19654E-01   0.19675E-01
 5836.54   0.19093E-01   0.19584E-01   0.19604E-01
 5850.15   0.19018E-01   0.19514E-01   0.19533E-01
 5863.75   0.18943E-01   0.19443E-01   0.19461E-01
 5877.36   0.18868E-01   0.19372E-01   0.19390E-01
 5890.96   0.18793E-01   0.19302E-01   0.19318E-01
 5904.57   0.18719E-01   0.19232E-01   0.19248E-01
 5918.17   0.18646E-01   0.19164E-01   0.19178E-01
 5931.78   0.18574E-01   0.19096E-01   0.19110E-01
 5945.38   0.18503E-01   0.19029E-01   0.19042E-01
 5958.99   0.18434E-01   0.18964E-01   0.18976E-01
 5972.59   0.18364E-01   0.18899E-01   0.18909E-01
 5986.20   0.18295E-01   0.18833E-01   0.18843E-01
 5999.80   0.18225E-01   0.18768E-01   0.18777E-01
 6013.41   0.18155E-01   0.18702E-01   0.18710E-01
 6027.01   0.18085E-01   0.18635E-01   0.18642E-01
 6040.62   0.18014E-01   0.18569E-01   0.18575E-01
 6054.22   0.17944E-01   0.18502E-01   0.18507E-01
 6067.83   0.17874E-01   0.18436E-01   0.18440E-01
 6081.43   0.17804E-01   0.18370E-01   0.18373E-01
 6095.04   0.17734E-01   0.18303E-01   0.18306E-01
 6108.64   0.17669E-01   0.18242E-01   0.18243E-01
 6122.25   0.17607E-01   0.18184E-01   0.18185E-01
 6135.85   0.17541E-01   0.18121E-01   0.18121E-01
 6149.46   0.17476E-01   0.18060E-01   0.18058E-01
 6163.06   0.17410E-01   0.17998E-01   0.17995E-01
 6176.67   0.17345E-01   0.17936E-01   0.17932E-01
 6190.27   0.17279E-01   0.17874E-01   0.17869E-01
 6203.88   0.17213E-01   0.17811E-01   0.17805E-01
 6217.48   0.17146E-01   0.17747E-01   0.17741E-01
 6231.09   0.17079E-01   0.17683E-01   0.17676E-01
 6244.69   0.17010E-01   0.17617E-01   0.17608E-01
 6258.30   0.16946E-01   0.17555E-01   0.17546E-01
 6271.90   0.16897E-01   0.17511E-01   0.17501E-01
 6285.51   0.16831E-01   0.17447E-01   0.17436E-01
 6299.11   0.16768E-01   0.17387E-01   0.17375E-01
 6312.72   0.16706E-01   0.17329E-01   0.17316E-01
 6326.32   0.16645E-01   0.17271E-01   0.17256E-01
 6339.93   0.16584E-01   0.17212E-01   0.17197E-01
 6353.53   0.16523E-01   0.17154E-01   0.17138E-01
 6367.14   0.16461E-01   0.17094E-01   0.17077E-01
 6380.74   0.16398E-01   0.17034E-01   0.17016E-01
 6394.35   0.16332E-01   0.16970E-01   0.16951E-01
 6407.95   0.16269E-01   0.16910E-01   0.16890E-01
 6421.56   0.16234E-01   0.16878E-01   0.16857E-01
 6435.16   0.16164E-01   0.16811E-01   0.16789E-01
 6448.77   0.16102E-01   0.16751E-01   0.16728E-01
 6462.37   0.16042E-01   0.16694E-01   0.16670E-01
 6475.98   0.15984E-01   0.16638E-01   0.16613E-01
 6489.58   0.15927E-01   0.16583E-01   0.16557E-01
 6503.19   0.15870E-01   0.16528E-01   0.16501E-01
 6516.79   0.15812E-01   0.16473E-01   0.16445E-01
 6530.40   0.15754E-01   0.16417E-01   0.16388E-01
 6544.00   0.15695E-01   0.16360E-01   0.16330E-01
 6557.61   0.15628E-01   0.16294E-01   0.16263E-01
 6571.21   0.15562E-01   0.16230E-01   0.16198E-01
 6584.82   0.15537E-01   0.16209E-01   0.16176E-01
 6598.42   0.15476E-01   0.16149E-01   0.16115E-01
 6612.03   0.15418E-01   0.16093E-01   0.16058E-01
 6625.63   0.15361E-01   0.16038E-01   0.16002E-01
 6639.24   0.15306E-01   0.15984E-01   0.15948E-01
 6652.84   0.15252E-01   0.15932E-01   0.15894E-01
 6666.45   0.15198E-01   0.15880E-01   0.15841E-01
 6680.05   0.15145E-01   0.15828E-01   0.15789E-01
 6693.66   0.15091E-01   0.15776E-01   0.15736E-01
 6707.26   0.15036E-01   0.15722E-01   0.15681E-01
 6720.87   0.14979E-01   0.15668E-01   0.15625E-01
 6734.47   0.14946E-01   0.15636E-01   0.15593E-01
 6748.08   0.14886E-01   0.15577E-01   0.15533E-01
 6761.68   0.14830E-01   0.15523E-01   0.15477E-01
 6775.29   0.14775E-01   0.15469E-01   0.15423E-01
 6788.89   0.14722E-01   0.15417E-01   0.15370E-01
 6802.50   0.14669E-01   0.15365E-01   0.15317E-01
 6816.10   0.14617E-01   0.15315E-01   0.15266E-01
 6829.71   0.14567E-01   0.15265E-01   0.15215E-01
 6843.31   0.14517E-01   0.15217E-01   0.15166E-01
 6856.92   0.14467E-01   0.15168E-01   0.15116E-01
 6870.52   0.14417E-01   0.15119E-01   0.15066E-01
 6884.13   0.14365E-01   0.15068E-01   0.15014E-01
 6897.73   0.14324E-01   0.15029E-01   0.14974E-01
 6911.34   0.14273E-01   0.14978E-01   0.14923E-01
 6924.94   0.14222E-01   0.14929E-01   0.14872E-01
 6938.55   0.14172E-01   0.14879E-01   0.14821E-01
 6952.15   0.14121E-01   0.14829E-01   0.14770E-01
 6965.76   0.14071E-01   0.14779E-01   0.14720E-01
 6979.36   0.14022E-01   0.14731E-01   0.14670E-01
 6992.97   0.13973E-01   0.14683E-01   0.14621E-01
 7006.57   0.13925E-01   0.14636E-01   0.14573E-01
 7020.18   0.13879E-01   0.14590E-01   0.14526E-01
 7033.78   0.13833E-01   0.14544E-01   0.14480E-01
 7047.39   0.13787E-01   0.14499E-01   0.14434E-01
 7060.99   0.13742E-01   0.14455E-01   0.14389E-01
 7074.60   0.13697E-01   0.14410E-01   0.14343E-01
 7088.20   0.13651E-01   0.14364E-01   0.14296E-01
 7101.81   0.13604E-01   0.14318E-01   0.14249E-01
 7115.41   0.13557E-01   0.14272E-01   0.14202E-01
 7129.02   0.13510E-01   0.14225E-01   0.14154E-01
 7142.62   0.13463E-01   0.14178E-01   0.14106E-01
 7156.23   0.13416E-01   0.14131E-01   0.14058E-01
 7169.83   0.13370E-01   0.14085E-01   0.14011E-01
 7183.44   0.13325E-01   0.14040E-01   0.13965E-01
 7197.04   0.13279E-01   0.13994E-01   0.13919E-01
 7210.65   0.13238E-01   0.13953E-01   0.13877E-01
 7224.25   0.13197E-01   0.13913E-01   0.13836E-01
 7237.86   0.13154E-01   0.13870E-01   0.13792E-01
 7251.46   0.13112E-01   0.13827E-01   0.13749E-01
 7265.07   0.13069E-01   0.13785E-01   0.13705E-01
 7278.67   0.13026E-01   0.13742E-01   0.13661E-01
 7292.28   0.12983E-01   0.13698E-01   0.13616E-01
 7305.88   0.12939E-01   0.13653E-01   0.13571E-01
 7319.49   0.12894E-01   0.13609E-01   0.13525E-01
 7333.09   0.12850E-01   0.13564E-01   0.13479E-01
 7346.70   0.12805E-01   0.13518E-01   0.13433E-01
 7360.30   0.12757E-01   0.13470E-01   0.13384E-01
 7373.91   0.12718E-01   0.13431E-01   0.13344E-01
 7387.51   0.12689E-01   0.13402E-01   0.13315E-01
 7401.12   0.12646E-01   0.13358E-01   0.13270E-01
 7414.72   0.12605E-01   0.13317E-01   0.13228E-01
 7428.33   0.12565E-01   0.13277E-01   0.13186E-01
 7441.93   0.12526E-01   0.13236E-01   0.13145E-01
 7455.54   0.12486E-01   0.13196E-01   0.13104E-01
 7469.14   0.12445E-01   0.13155E-01   0.13062E-01
 7482.75   0.12404E-01   0.13113E-01   0.13019E-01
 7496.35   0.12362E-01   0.13070E-01   0.12976E-01
 7509.96   0.12319E-01   0.13026E-01   0.12931E-01
 7523.56   0.12273E-01   0.12979E-01   0.12882E-01
 7537.17   0.12233E-01   0.12938E-01   0.12841E-01
 7550.77   0.12219E-01   0.12924E-01   0.12826E-01
 7564.38   0.12171E-01   0.12875E-01   0.12777E-01
 7577.98   0.12130E-01   0.12834E-01   0.12734E-01
 7591.59   0.12092E-01   0.12794E-01   0.12693E-01
 7605.19   0.12054E-01   0.12755E-01   0.12654E-01
 7618.80   0.12017E-01   0.12717E-01   0.12615E-01
 7632.40   0.11980E-01   0.12679E-01   0.12576E-01
 7646.01   0.11943E-01   0.12641E-01   0.12537E-01
 7659.61   0.11905E-01   0.12602E-01   0.12497E-01
 7673.22   0.11866E-01   0.12561E-01   0.12456E-01
 7686.82   0.11823E-01   0.12518E-01   0.12412E-01
 7700.43   0.11766E-01   0.12458E-01   0.12351E-01
 7714.03   0.11789E-01   0.12483E-01   0.12375E-01
 7727.64   0.11729E-01   0.12420E-01   0.12312E-01
 7741.24   0.11687E-01   0.12377E-01   0.12268E-01
 7754.85   0.11649E-01   0.12337E-01   0.12227E-01
 7768.45   0.11612E-01   0.12298E-01   0.12188E-01
 7782.06   0.11576E-01   0.12261E-01   0.12150E-01
 7795.66   0.11541E-01   0.12225E-01   0.12113E-01
 7809.27   0.11507E-01   0.12189E-01   0.12076E-01
 7822.87   0.11472E-01   0.12153E-01   0.12039E-01
 7836.48   0.11437E-01   0.12117E-01   0.12002E-01
 7850.08   0.11401E-01   0.12079E-01   0.11964E-01
 7863.69   0.11360E-01   0.12036E-01   0.11920E-01
 7877.29   0.11322E-01   0.11997E-01   0.11880E-01
 7890.90   0.11315E-01   0.11989E-01   0.11871E-01
 7904.50   0.11272E-01   0.11944E-01   0.11826E-01
 7918.11   0.11234E-01   0.11904E-01   0.11785E-01
 7931.71   0.11198E-01   0.11866E-01   0.11746E-01
 7945.32   0.11163E-01   0.11829E-01   0.11708E-01
 7958.92   0.11128E-01   0.11793E-01   0.11672E-01
 7972.53   0.11095E-01   0.11758E-01   0.11636E-01
 7986.13   0.11063E-01   0.11723E-01   0.11601E-01
 7999.74   0.11031E-01   0.11690E-01   0.11566E-01
 8013.34   0.10999E-01   0.11656E-01   0.11532E-01
 8026.95   0.10966E-01   0.11621E-01   0.11497E-01
 8040.55   0.10929E-01   0.11582E-01   0.11457E-01
 8054.16   0.10893E-01   0.11543E-01   0.11417E-01
 8067.76   0.10880E-01   0.11529E-01   0.11402E-01
 8081.37   0.10845E-01   0.11492E-01   0.11364E-01
 8094.97   0.10810E-01   0.11456E-01   0.11327E-01
 8108.58   0.10777E-01   0.11420E-01   0.11291E-01
 8122.18   0.10743E-01   0.11384E-01   0.11254E-01
 8135.79   0.10710E-01   0.11349E-01   0.11219E-01
 8149.39   0.10678E-01   0.11314E-01   0.11184E-01
 8163.00   0.10647E-01   0.11281E-01   0.11149E-01
 8176.60   0.10617E-01   0.11248E-01   0.11116E-01
 8190.21   0.10587E-01   0.11217E-01   0.11084E-01
 8203.81   0.10558E-01   0.11185E-01   0.11051E-01
 8217.42   0.10527E-01   0.11152E-01   0.11018E-01
 8231.02   0.10504E-01   0.11127E-01   0.10992E-01
 8244.63   0.10473E-01   0.11093E-01   0.10958E-01
 8258.23   0.10443E-01   0.11061E-01   0.10925E-01
 8271.84   0.10413E-01   0.11028E-01   0.10892E-01
 8285.44   0.10382E-01   0.10995E-01   0.10858E-01
 8299.05   0.10351E-01   0.10962E-01   0.10824E-01
 8312.65   0.10320E-01   0.10928E-01   0.10789E-01
 8326.26   0.10289E-01   0.10894E-01   0.10755E-01
 8339.86   0.10258E-01   0.10861E-01   0.10722E-01
 8353.47   0.10229E-01   0.10829E-01   0.10689E-01
 8367.07   0.10200E-01   0.10798E-01   0.10657E-01
 8380.68   0.10172E-01   0.10767E-01   0.10625E-01
 8394.28   0.10144E-01   0.10737E-01   0.10595E-01
 8407.89   0.10119E-01   0.10710E-01   0.10567E-01
 8421.49   0.10092E-01   0.10680E-01   0.10536E-01
 8435.10   0.10065E-01   0.10650E-01   0.10506E-01
 8448.70   0.10038E-01   0.10621E-01   0.10476E-01
 8462.31   0.10011E-01   0.10590E-01   0.10445E-01
 8475.91   0.99827E-02   0.10559E-01   0.10414E-01
 8489.52   0.99540E-02   0.10528E-01   0.10382E-01
 8503.12   0.99249E-02   0.10496E-01   0.10349E-01
 8516.73   0.98957E-02   0.10464E-01   0.10317E-01
 8530.33   0.98665E-02   0.10432E-01   0.10284E-01
 8543.94   0.98376E-02   0.10400E-01   0.10252E-01
 8557.54   0.98085E-02   0.10368E-01   0.10219E-01
 8571.15   0.97744E-02   0.10330E-01   0.10181E-01
 8584.75   0.97705E-02   0.10325E-01   0.10175E-01
 8598.36   0.97380E-02   0.10289E-01   0.10138E-01
 8611.96   0.97118E-02   0.10260E-01   0.10109E-01
 8625.57   0.96866E-02   0.10232E-01   0.10080E-01
 8639.17   0.96616E-02   0.10204E-01   0.10052E-01
 8652.78   0.96364E-02   0.10175E-01   0.10023E-01
 8666.38   0.96106E-02   0.10146E-01   0.99934E-02
 8679.99   0.95842E-02   0.10117E-01   0.99634E-02
 8693.59   0.95571E-02   0.10087E-01   0.99327E-02
 8707.20   0.95294E-02   0.10056E-01   0.99013E-02
 8720.80   0.95010E-02   0.10024E-01   0.98691E-02
 8734.41   0.94711E-02   0.99907E-02   0.98355E-02
 8748.01   0.94337E-02   0.99494E-02   0.97938E-02
 8761.62   0.94147E-02   0.99274E-02   0.97713E-02
 8775.22   0.94115E-02   0.99224E-02   0.97654E-02
 8788.83   0.93828E-02   0.98902E-02   0.97329E-02
 8802.43   0.93575E-02   0.98616E-02   0.97038E-02
 8816.04   0.93336E-02   0.98344E-02   0.96761E-02
 8829.64   0.93102E-02   0.98077E-02   0.96491E-02
 8843.25   0.92870E-02   0.97812E-02   0.96221E-02
 8856.85   0.92634E-02   0.97544E-02   0.95948E-02
 8870.46   0.92393E-02   0.97269E-02   0.95669E-02
 8884.06   0.92143E-02   0.96985E-02   0.95381E-02
 8897.67   0.91882E-02   0.96689E-02   0.95081E-02
 8911.27   0.91601E-02   0.96372E-02   0.94760E-02
 8924.88   0.91261E-02   0.95993E-02   0.94379E-02
 8938.48   0.91037E-02   0.95735E-02   0.94117E-02
 8952.09   0.91133E-02   0.95812E-02   0.94185E-02
 8965.69   0.90788E-02   0.95427E-02   0.93797E-02
 8979.30   0.90519E-02   0.95121E-02   0.93488E-02
 8992.90   0.90274E-02   0.94840E-02   0.93204E-02
 9006.51   0.90043E-02   0.94574E-02   0.92934E-02
 9020.11   0.89822E-02   0.94317E-02   0.92673E-02
 9033.72   0.89605E-02   0.94065E-02   0.92417E-02
 9047.32   0.89389E-02   0.93814E-02   0.92162E-02
 9060.93   0.89170E-02   0.93560E-02   0.91904E-02
 9074.53   0.88944E-02   0.93297E-02   0.91638E-02
 9088.14   0.88703E-02   0.93019E-02   0.91357E-02
 9101.74   0.88429E-02   0.92707E-02   0.91042E-02
 9115.35   0.87970E-02   0.92202E-02   0.90538E-02
 9128.95   0.88476E-02   0.92701E-02   0.91020E-02
 9142.56   0.87971E-02   0.92148E-02   0.90469E-02
 9156.16   0.87685E-02   0.91823E-02   0.90142E-02
 9169.77   0.87433E-02   0.91532E-02   0.89848E-02
 9183.37   0.87197E-02   0.91257E-02   0.89571E-02
 9196.98   0.86973E-02   0.90995E-02   0.89305E-02
 9210.58   0.86758E-02   0.90743E-02   0.89050E-02
 9224.19   0.86552E-02   0.90499E-02   0.88803E-02
 9237.79   0.86351E-02   0.90261E-02   0.88562E-02
 9251.40   0.86152E-02   0.90024E-02   0.88322E-02
 9265.00   0.85950E-02   0.89784E-02   0.88079E-02
 9278.61   0.85736E-02   0.89532E-02   0.87824E-02
 9292.21   0.85486E-02   0.89242E-02   0.87532E-02
 9305.82   0.85260E-02   0.88977E-02   0.87265E-02
 9319.42   0.85324E-02   0.89012E-02   0.87291E-02
 9333.03   0.85029E-02   0.88675E-02   0.86953E-02
 9346.63   0.84785E-02   0.88391E-02   0.86668E-02
 9360.24   0.84554E-02   0.88120E-02   0.86394E-02
 9373.84   0.84329E-02   0.87855E-02   0.86127E-02
 9387.45   0.84111E-02   0.87598E-02   0.85868E-02
 9401.05   0.83902E-02   0.87348E-02   0.85616E-02
 9414.66   0.83701E-02   0.87107E-02   0.85373E-02
 9428.26   0.83508E-02   0.86875E-02   0.85138E-02
 9441.87   0.83321E-02   0.86649E-02   0.84909E-02
 9455.47   0.83138E-02   0.86426E-02   0.84684E-02
 9469.08   0.82954E-02   0.86202E-02   0.84457E-02
 9482.68   0.82750E-02   0.85958E-02   0.84211E-02
 9496.29   0.82542E-02   0.85710E-02   0.83962E-02
 9509.89   0.82480E-02   0.85611E-02   0.83857E-02
 9523.50   0.82268E-02   0.85359E-02   0.83604E-02
 9537.10   0.82064E-02   0.85114E-02   0.83358E-02
 9550.71   0.81859E-02   0.84868E-02   0.83109E-02
 9564.31   0.81651E-02   0.84620E-02   0.82860E-02
 9577.92   0.81445E-02   0.84372E-02   0.82610E-02
 9591.52   0.81241E-02   0.84126E-02   0.82363E-02
 9605.13   0.81042E-02   0.83886E-02   0.82121E-02
 9618.73   0.80851E-02   0.83653E-02   0.81887E-02
 9632.34   0.80667E-02   0.83428E-02   0.81660E-02
 9645.94   0.80491E-02   0.83211E-02   0.81441E-02
 9659.55   0.80322E-02   0.83000E-02   0.81228E-02
 9673.15   0.80156E-02   0.82792E-02   0.81018E-02
 9686.76   0.79987E-02   0.82582E-02   0.80807E-02
 9700.36   0.79839E-02   0.82395E-02   0.80618E-02
 9713.97   0.79673E-02   0.82187E-02   0.80408E-02
 9727.57   0.79502E-02   0.81974E-02   0.80194E-02
 9741.18   0.79325E-02   0.81755E-02   0.79973E-02
 9754.78   0.79141E-02   0.81530E-02   0.79747E-02
 9768.39   0.78953E-02   0.81299E-02   0.79515E-02
 9781.99   0.78761E-02   0.81065E-02   0.79280E-02
 9795.60   0.78568E-02   0.80830E-02   0.79043E-02
 9809.20   0.78377E-02   0.80596E-02   0.78809E-02
 9822.81   0.78190E-02   0.80366E-02   0.78578E-02
 9836.41   0.78008E-02   0.80141E-02   0.78353E-02
 9850.02   0.77832E-02   0.79921E-02   0.78132E-02
 9863.62   0.77649E-02   0.79694E-02   0.77904E-02
 9877.23   0.77531E-02   0.79535E-02   0.77743E-02
 9890.83   0.77401E-02   0.79366E-02   0.77572E-02
 9904.44   0.77241E-02   0.79163E-02   0.77368E-02
 9918.04   0.77088E-02   0.78966E-02   0.77170E-02
 9931.65   0.76933E-02   0.78769E-02   0.76972E-02
 9945.25   0.76774E-02   0.78567E-02   0.76769E-02
 9958.86   0.76610E-02   0.78359E-02   0.76561E-02
 9972.46   0.76438E-02   0.78145E-02   0.76346E-02
 9986.07   0.76260E-02   0.77924E-02   0.76125E-02
 9999.67   0.76078E-02   0.77698E-02   0.75898E-02
