 1564.57   0.22985E+00   0.22439E+00   0.21880E+00
 1578.18   0.22696E+00   0.22152E+00   0.21600E+00
 1591.78   0.22414E+00   0.21872E+00   0.21328E+00
 1605.39   0.22137E+00   0.21596E+00   0.21059E+00
 1618.99   0.21863E+00   0.21324E+00   0.20795E+00
 1632.60   0.21593E+00   0.21055E+00   0.20534E+00
 1646.20   0.21326E+00   0.20791E+00   0.20276E+00
 1659.81   0.21064E+00   0.20531E+00   0.20023E+00
 1673.41   0.20807E+00   0.20275E+00   0.19775E+00
 1687.02   0.20553E+00   0.20024E+00   0.19530E+00
 1700.62   0.20304E+00   0.19776E+00   0.19290E+00
 1714.23   0.20058E+00   0.19532E+00   0.19053E+00
 1727.83   0.19814E+00   0.19291E+00   0.18818E+00
 1741.44   0.19575E+00   0.19054E+00   0.18588E+00
 1755.04   0.19339E+00   0.18821E+00   0.18361E+00
 1768.65   0.19108E+00   0.18592E+00   0.18138E+00
 1782.25   0.18880E+00   0.18366E+00   0.17920E+00
 1795.86   0.18656E+00   0.18145E+00   0.17705E+00
 1809.46   0.18432E+00   0.17924E+00   0.17490E+00
 1823.07   0.18214E+00   0.17708E+00   0.17280E+00
 1836.67   0.17999E+00   0.17495E+00   0.17073E+00
 1850.28   0.17787E+00   0.17286E+00   0.16870E+00
 1863.88   0.17578E+00   0.17080E+00   0.16670E+00
 1877.49   0.17374E+00   0.16879E+00   0.16474E+00
 1891.09   0.17168E+00   0.16675E+00   0.16277E+00
 1904.70   0.16969E+00   0.16479E+00   0.16086E+00
 1918.30   0.16771E+00   0.16285E+00   0.15898E+00
 1931.91   0.16577E+00   0.16093E+00   0.15711E+00
 1945.51   0.16385E+00   0.15904E+00   0.15528E+00
 1959.12   0.16197E+00   0.15719E+00   0.15349E+00
 1972.72   0.16007E+00   0.15532E+00   0.15167E+00
 1986.33   0.15826E+00   0.15354E+00   0.14994E+00
 1999.93   0.15645E+00   0.15177E+00   0.14822E+00
 2013.54   0.15467E+00   0.15001E+00   0.14652E+00
 2027.14   0.15291E+00   0.14828E+00   0.14484E+00
 2040.75   0.15117E+00   0.14658E+00   0.14319E+00
 2054.35   0.14948E+00   0.14492E+00   0.14157E+00
 2067.96   0.14777E+00   0.14324E+00   0.13994E+00
 2081.56   0.14611E+00   0.14161E+00   0.13837E+00
 2095.17   0.14447E+00   0.14001E+00   0.13681E+00
 2108.77   0.14286E+00   0.13842E+00   0.13527E+00
 2122.38   0.14126E+00   0.13686E+00   0.13375E+00
 2135.98   0.13969E+00   0.13532E+00   0.13226E+00
 2149.59   0.13812E+00   0.13379E+00   0.13077E+00
 2163.19   0.13660E+00   0.13230E+00   0.12933E+00
 2176.80   0.13509E+00   0.13082E+00   0.12789E+00
 2190.40   0.13360E+00   0.12937E+00   0.12648E+00
 2204.01   0.13213E+00   0.12793E+00   0.12509E+00
 2217.61   0.13068E+00   0.12651E+00   0.12371E+00
 2231.22   0.12925E+00   0.12511E+00   0.12236E+00
 2244.82   0.12783E+00   0.12373E+00   0.12102E+00
 2258.43   0.12644E+00   0.12238E+00   0.11970E+00
 2272.03   0.12507E+00   0.12104E+00   0.11840E+00
 2285.64   0.12372E+00   0.11972E+00   0.11712E+00
 2299.24   0.12238E+00   0.11842E+00   0.11586E+00
 2312.85   0.12106E+00   0.11713E+00   0.11461E+00
 2326.45   0.11975E+00   0.11586E+00   0.11338E+00
 2340.06   0.11847E+00   0.11461E+00   0.11217E+00
 2353.66   0.11720E+00   0.11337E+00   0.11097E+00
 2367.27   0.11595E+00   0.11216E+00   0.10979E+00
 2380.87   0.11471E+00   0.11096E+00   0.10862E+00
 2394.48   0.11349E+00   0.10977E+00   0.10748E+00
 2408.08   0.11229E+00   0.10860E+00   0.10634E+00
 2421.69   0.11110E+00   0.10745E+00   0.10522E+00
 2435.29   0.10993E+00   0.10631E+00   0.10412E+00
 2448.90   0.10877E+00   0.10518E+00   0.10302E+00
 2462.50   0.10762E+00   0.10407E+00   0.10195E+00
 2476.11   0.10649E+00   0.10298E+00   0.10089E+00
 2489.71   0.10538E+00   0.10190E+00   0.99841E-01
 2503.32   0.10428E+00   0.10084E+00   0.98809E-01
 2516.92   0.10320E+00   0.99791E-01   0.97793E-01
 2530.53   0.10212E+00   0.98746E-01   0.96779E-01
 2544.13   0.10106E+00   0.97721E-01   0.95785E-01
 2557.74   0.10002E+00   0.96710E-01   0.94804E-01
 2571.34   0.98982E-01   0.95712E-01   0.93835E-01
 2584.95   0.97963E-01   0.94727E-01   0.92880E-01
 2598.55   0.96958E-01   0.93756E-01   0.91937E-01
 2612.16   0.95967E-01   0.92799E-01   0.91009E-01
 2625.76   0.94979E-01   0.91846E-01   0.90084E-01
 2639.37   0.94011E-01   0.90911E-01   0.89177E-01
 2652.97   0.93053E-01   0.89988E-01   0.88281E-01
 2666.58   0.92107E-01   0.89076E-01   0.87396E-01
 2680.18   0.91172E-01   0.88175E-01   0.86522E-01
 2693.79   0.90249E-01   0.87286E-01   0.85659E-01
 2707.39   0.89340E-01   0.86410E-01   0.84809E-01
 2721.00   0.88434E-01   0.85539E-01   0.83963E-01
 2734.60   0.87546E-01   0.84685E-01   0.83134E-01
 2748.21   0.86668E-01   0.83840E-01   0.82314E-01
 2761.81   0.85800E-01   0.83005E-01   0.81503E-01
 2775.42   0.84942E-01   0.82181E-01   0.80703E-01
 2789.02   0.84094E-01   0.81366E-01   0.79912E-01
 2802.63   0.83257E-01   0.80562E-01   0.79132E-01
 2816.23   0.82432E-01   0.79770E-01   0.78362E-01
 2829.84   0.81612E-01   0.78984E-01   0.77599E-01
 2843.44   0.80805E-01   0.78209E-01   0.76847E-01
 2857.05   0.80008E-01   0.77444E-01   0.76104E-01
 2870.65   0.79220E-01   0.76689E-01   0.75370E-01
 2884.26   0.78441E-01   0.75942E-01   0.74645E-01
 2897.86   0.77671E-01   0.75205E-01   0.73929E-01
 2911.47   0.76910E-01   0.74477E-01   0.73221E-01
 2925.07   0.76159E-01   0.73757E-01   0.72522E-01
 2938.68   0.75416E-01   0.73046E-01   0.71832E-01
 2952.28   0.74682E-01   0.72344E-01   0.71149E-01
 2965.89   0.73956E-01   0.71650E-01   0.70475E-01
 2979.49   0.73239E-01   0.70965E-01   0.69809E-01
 2993.10   0.72530E-01   0.70287E-01   0.69150E-01
 3006.70   0.71830E-01   0.69618E-01   0.68500E-01
 3020.31   0.71137E-01   0.68957E-01   0.67857E-01
 3033.91   0.70453E-01   0.68303E-01   0.67222E-01
 3047.52   0.69777E-01   0.67658E-01   0.66595E-01
 3061.12   0.69108E-01   0.67020E-01   0.65974E-01
 3074.73   0.68447E-01   0.66389E-01   0.65361E-01
 3088.33   0.67793E-01   0.65766E-01   0.64755E-01
 3101.94   0.67147E-01   0.65150E-01   0.64156E-01
 3115.54   0.66508E-01   0.64541E-01   0.63564E-01
 3129.15   0.65877E-01   0.63939E-01   0.62979E-01
 3142.75   0.65253E-01   0.63346E-01   0.62401E-01
 3156.36   0.64636E-01   0.62759E-01   0.61830E-01
 3169.96   0.64027E-01   0.62178E-01   0.61265E-01
 3183.57   0.63423E-01   0.61604E-01   0.60707E-01
 3197.17   0.62827E-01   0.61037E-01   0.60155E-01
 3210.78   0.62237E-01   0.60476E-01   0.59608E-01
 3224.38   0.61653E-01   0.59921E-01   0.59068E-01
 3237.99   0.61075E-01   0.59372E-01   0.58534E-01
 3251.59   0.60508E-01   0.58833E-01   0.58009E-01
 3265.20   0.59944E-01   0.58297E-01   0.57488E-01
 3278.80   0.59387E-01   0.57768E-01   0.56973E-01
 3292.41   0.58836E-01   0.57245E-01   0.56463E-01
 3306.01   0.58290E-01   0.56728E-01   0.55959E-01
 3319.62   0.57751E-01   0.56216E-01   0.55460E-01
 3333.22   0.57216E-01   0.55709E-01   0.54967E-01
 3346.83   0.56687E-01   0.55207E-01   0.54478E-01
 3360.43   0.56171E-01   0.54718E-01   0.54001E-01
 3374.04   0.55653E-01   0.54227E-01   0.53523E-01
 3387.64   0.55143E-01   0.53743E-01   0.53051E-01
 3401.25   0.54639E-01   0.53266E-01   0.52586E-01
 3414.85   0.54140E-01   0.52793E-01   0.52125E-01
 3428.46   0.53646E-01   0.52326E-01   0.51670E-01
 3442.06   0.53157E-01   0.51863E-01   0.51218E-01
 3455.67   0.52671E-01   0.51403E-01   0.50769E-01
 3469.27   0.52203E-01   0.50961E-01   0.50338E-01
 3482.88   0.51726E-01   0.50509E-01   0.49898E-01
 3496.48   0.51258E-01   0.50066E-01   0.49465E-01
 3510.09   0.50795E-01   0.49629E-01   0.49039E-01
 3523.69   0.50338E-01   0.49197E-01   0.48617E-01
 3537.30   0.49886E-01   0.48769E-01   0.48200E-01
 3550.90   0.49438E-01   0.48346E-01   0.47787E-01
 3564.51   0.48994E-01   0.47927E-01   0.47378E-01
 3578.11   0.48551E-01   0.47508E-01   0.46969E-01
 3591.72   0.48127E-01   0.47108E-01   0.46578E-01
 3605.32   0.47696E-01   0.46701E-01   0.46181E-01
 3618.93   0.47271E-01   0.46300E-01   0.45788E-01
 3632.53   0.46850E-01   0.45903E-01   0.45401E-01
 3646.14   0.46435E-01   0.45511E-01   0.45018E-01
 3659.74   0.46024E-01   0.45124E-01   0.44639E-01
 3673.35   0.45618E-01   0.44740E-01   0.44265E-01
 3686.95   0.45215E-01   0.44360E-01   0.43893E-01
 3700.56   0.44822E-01   0.43990E-01   0.43531E-01
 3714.16   0.44426E-01   0.43616E-01   0.43166E-01
 3727.77   0.44035E-01   0.43248E-01   0.42805E-01
 3741.37   0.43648E-01   0.42883E-01   0.42449E-01
 3754.98   0.43266E-01   0.42522E-01   0.42096E-01
 3768.58   0.42887E-01   0.42166E-01   0.41748E-01
 3782.19   0.42514E-01   0.41814E-01   0.41403E-01
 3795.79   0.42145E-01   0.41466E-01   0.41063E-01
 3809.40   0.41779E-01   0.41122E-01   0.40726E-01
 3823.00   0.41418E-01   0.40782E-01   0.40393E-01
 3836.61   0.41060E-01   0.40445E-01   0.40063E-01
 3850.21   0.40704E-01   0.40110E-01   0.39735E-01
 3863.82   0.40352E-01   0.39779E-01   0.39411E-01
 3877.42   0.40004E-01   0.39451E-01   0.39089E-01
 3891.03   0.39659E-01   0.39126E-01   0.38771E-01
 3904.63   0.39318E-01   0.38805E-01   0.38457E-01
 3918.24   0.38981E-01   0.38488E-01   0.38146E-01
 3931.84   0.38649E-01   0.38175E-01   0.37840E-01
 3945.45   0.38319E-01   0.37865E-01   0.37536E-01
 3959.05   0.37993E-01   0.37559E-01   0.37235E-01
 3972.66   0.37670E-01   0.37254E-01   0.36937E-01
 3986.26   0.37349E-01   0.36953E-01   0.36641E-01
 3999.87   0.37031E-01   0.36654E-01   0.36348E-01
 4013.47   0.36716E-01   0.36358E-01   0.36057E-01
 4027.08   0.36404E-01   0.36064E-01   0.35769E-01
 4040.68   0.36096E-01   0.35774E-01   0.35484E-01
 4054.29   0.35791E-01   0.35487E-01   0.35203E-01
 4067.89   0.35493E-01   0.35208E-01   0.34929E-01
 4081.50   0.35195E-01   0.34927E-01   0.34653E-01
 4095.10   0.34900E-01   0.34650E-01   0.34381E-01
 4108.71   0.34608E-01   0.34375E-01   0.34111E-01
 4122.31   0.34318E-01   0.34103E-01   0.33844E-01
 4135.92   0.34031E-01   0.33833E-01   0.33578E-01
 4149.52   0.33746E-01   0.33564E-01   0.33314E-01
 4163.13   0.33462E-01   0.33298E-01   0.33052E-01
 4176.73   0.33182E-01   0.33034E-01   0.32793E-01
 4190.34   0.32915E-01   0.32783E-01   0.32547E-01
 4203.94   0.32640E-01   0.32525E-01   0.32293E-01
 4217.55   0.32370E-01   0.32271E-01   0.32043E-01
 4231.15   0.32104E-01   0.32021E-01   0.31797E-01
 4244.76   0.31839E-01   0.31772E-01   0.31552E-01
 4258.36   0.31577E-01   0.31526E-01   0.31310E-01
 4271.97   0.31317E-01   0.31281E-01   0.31069E-01
 4285.57   0.31057E-01   0.31037E-01   0.30828E-01
 4299.18   0.30790E-01   0.30785E-01   0.30580E-01
 4312.78   0.30560E-01   0.30570E-01   0.30369E-01
 4326.39   0.30305E-01   0.30330E-01   0.30133E-01
 4339.99   0.30057E-01   0.30096E-01   0.29903E-01
 4353.60   0.29812E-01   0.29866E-01   0.29676E-01
 4367.20   0.29571E-01   0.29639E-01   0.29452E-01
 4380.81   0.29331E-01   0.29414E-01   0.29230E-01
 4394.41   0.29094E-01   0.29190E-01   0.29009E-01
 4408.02   0.28857E-01   0.28968E-01   0.28790E-01
 4421.62   0.28620E-01   0.28744E-01   0.28569E-01
 4435.23   0.28412E-01   0.28550E-01   0.28378E-01
 4448.83   0.28170E-01   0.28321E-01   0.28152E-01
 4462.44   0.27941E-01   0.28105E-01   0.27939E-01
 4476.04   0.27715E-01   0.27893E-01   0.27730E-01
 4489.65   0.27493E-01   0.27683E-01   0.27523E-01
 4503.25   0.27273E-01   0.27477E-01   0.27319E-01
 4516.86   0.27056E-01   0.27272E-01   0.27117E-01
 4530.46   0.26841E-01   0.27070E-01   0.26917E-01
 4544.07   0.26626E-01   0.26868E-01   0.26718E-01
 4557.67   0.26412E-01   0.26666E-01   0.26518E-01
 4571.28   0.26212E-01   0.26478E-01   0.26333E-01
 4584.88   0.26001E-01   0.26279E-01   0.26136E-01
 4598.49   0.25794E-01   0.26083E-01   0.25943E-01
 4612.09   0.25589E-01   0.25890E-01   0.25752E-01
 4625.70   0.25387E-01   0.25699E-01   0.25563E-01
 4639.30   0.25187E-01   0.25511E-01   0.25377E-01
 4652.91   0.24990E-01   0.25325E-01   0.25193E-01
 4666.51   0.24794E-01   0.25141E-01   0.25011E-01
 4680.12   0.24600E-01   0.24957E-01   0.24829E-01
 4693.72   0.24405E-01   0.24773E-01   0.24647E-01
 4707.33   0.24221E-01   0.24600E-01   0.24476E-01
 4720.93   0.24031E-01   0.24421E-01   0.24298E-01
 4734.54   0.23843E-01   0.24243E-01   0.24123E-01
 4748.14   0.23657E-01   0.24067E-01   0.23948E-01
 4761.75   0.23473E-01   0.23893E-01   0.23775E-01
 4775.35   0.23290E-01   0.23720E-01   0.23605E-01
 4788.96   0.23110E-01   0.23550E-01   0.23436E-01
 4802.56   0.22932E-01   0.23382E-01   0.23269E-01
 4816.17   0.22756E-01   0.23216E-01   0.23105E-01
 4829.77   0.22583E-01   0.23052E-01   0.22942E-01
 4843.38   0.22410E-01   0.22888E-01   0.22780E-01
 4856.98   0.22239E-01   0.22726E-01   0.22619E-01
 4870.59   0.22068E-01   0.22565E-01   0.22459E-01
 4884.19   0.21899E-01   0.22404E-01   0.22300E-01
 4897.80   0.21731E-01   0.22245E-01   0.22142E-01
 4911.40   0.21564E-01   0.22087E-01   0.21985E-01
 4925.01   0.21399E-01   0.21931E-01   0.21830E-01
 4938.61   0.21236E-01   0.21776E-01   0.21677E-01
 4952.22   0.21075E-01   0.21623E-01   0.21525E-01
 4965.82   0.20919E-01   0.21476E-01   0.21378E-01
 4979.43   0.20761E-01   0.21326E-01   0.21229E-01
 4993.03   0.20605E-01   0.21178E-01   0.21082E-01
 5006.64   0.20451E-01   0.21031E-01   0.20936E-01
 5020.24   0.20297E-01   0.20885E-01   0.20791E-01
 5033.85   0.20144E-01   0.20739E-01   0.20647E-01
 5047.45   0.19992E-01   0.20595E-01   0.20503E-01
 5061.06   0.19841E-01   0.20451E-01   0.20360E-01
 5074.66   0.19691E-01   0.20309E-01   0.20218E-01
 5088.27   0.19541E-01   0.20165E-01   0.20076E-01
 5101.87   0.19408E-01   0.20040E-01   0.19951E-01
 5115.48   0.19259E-01   0.19897E-01   0.19809E-01
 5129.08   0.19116E-01   0.19761E-01   0.19674E-01
 5142.69   0.18975E-01   0.19627E-01   0.19540E-01
 5156.29   0.18835E-01   0.19494E-01   0.19407E-01
 5169.90   0.18696E-01   0.19361E-01   0.19275E-01
 5183.50   0.18558E-01   0.19229E-01   0.19144E-01
 5197.11   0.18421E-01   0.19098E-01   0.19013E-01
 5210.71   0.18283E-01   0.18966E-01   0.18882E-01
 5224.32   0.18144E-01   0.18833E-01   0.18750E-01
 5237.92   0.18007E-01   0.18702E-01   0.18619E-01
 5251.53   0.17890E-01   0.18591E-01   0.18508E-01
 5265.13   0.17758E-01   0.18464E-01   0.18381E-01
 5278.74   0.17628E-01   0.18340E-01   0.18258E-01
 5292.34   0.17501E-01   0.18218E-01   0.18136E-01
 5305.95   0.17374E-01   0.18097E-01   0.18015E-01
 5319.55   0.17249E-01   0.17976E-01   0.17895E-01
 5333.16   0.17124E-01   0.17856E-01   0.17776E-01
 5346.76   0.16999E-01   0.17737E-01   0.17656E-01
 5360.37   0.16873E-01   0.17615E-01   0.17535E-01
 5373.97   0.16748E-01   0.17495E-01   0.17415E-01
 5387.58   0.16643E-01   0.17395E-01   0.17315E-01
 5401.18   0.16519E-01   0.17275E-01   0.17196E-01
 5414.79   0.16399E-01   0.17160E-01   0.17081E-01
 5428.39   0.16281E-01   0.17047E-01   0.16967E-01
 5442.00   0.16165E-01   0.16935E-01   0.16856E-01
 5455.60   0.16051E-01   0.16825E-01   0.16746E-01
 5469.21   0.15937E-01   0.16716E-01   0.16637E-01
 5482.81   0.15824E-01   0.16607E-01   0.16528E-01
 5496.42   0.15711E-01   0.16497E-01   0.16418E-01
 5510.02   0.15594E-01   0.16384E-01   0.16305E-01
 5523.63   0.15508E-01   0.16302E-01   0.16223E-01
 5537.23   0.15387E-01   0.16184E-01   0.16106E-01
 5550.84   0.15276E-01   0.16077E-01   0.15998E-01
 5564.44   0.15167E-01   0.15972E-01   0.15893E-01
 5578.05   0.15060E-01   0.15868E-01   0.15789E-01
 5591.65   0.14955E-01   0.15766E-01   0.15687E-01
 5605.26   0.14851E-01   0.15665E-01   0.15586E-01
 5618.86   0.14748E-01   0.15565E-01   0.15486E-01
 5632.47   0.14646E-01   0.15466E-01   0.15387E-01
 5646.07   0.14544E-01   0.15367E-01   0.15287E-01
 5659.68   0.14442E-01   0.15267E-01   0.15188E-01
 5673.28   0.14351E-01   0.15180E-01   0.15100E-01
 5686.89   0.14249E-01   0.15080E-01   0.15000E-01
 5700.49   0.14149E-01   0.14983E-01   0.14903E-01
 5714.10   0.14051E-01   0.14887E-01   0.14806E-01
 5727.70   0.13953E-01   0.14791E-01   0.14711E-01
 5741.31   0.13857E-01   0.14698E-01   0.14617E-01
 5754.91   0.13762E-01   0.14605E-01   0.14524E-01
 5768.52   0.13669E-01   0.14514E-01   0.14433E-01
 5782.12   0.13576E-01   0.14423E-01   0.14342E-01
 5795.73   0.13485E-01   0.14333E-01   0.14252E-01
 5809.33   0.13392E-01   0.14243E-01   0.14161E-01
 5822.94   0.13306E-01   0.14159E-01   0.14077E-01
 5836.54   0.13215E-01   0.14070E-01   0.13988E-01
 5850.15   0.13126E-01   0.13982E-01   0.13899E-01
 5863.75   0.13037E-01   0.13894E-01   0.13811E-01
 5877.36   0.12948E-01   0.13807E-01   0.13724E-01
 5890.96   0.12860E-01   0.13721E-01   0.13637E-01
 5904.57   0.12773E-01   0.13635E-01   0.13551E-01
 5918.17   0.12688E-01   0.13551E-01   0.13467E-01
 5931.78   0.12604E-01   0.13468E-01   0.13383E-01
 5945.38   0.12520E-01   0.13386E-01   0.13301E-01
 5958.99   0.12438E-01   0.13305E-01   0.13219E-01
 5972.59   0.12357E-01   0.13224E-01   0.13139E-01
 5986.20   0.12276E-01   0.13144E-01   0.13058E-01
 5999.80   0.12195E-01   0.13064E-01   0.12978E-01
 6013.41   0.12115E-01   0.12985E-01   0.12898E-01
 6027.01   0.12034E-01   0.12905E-01   0.12818E-01
 6040.62   0.11955E-01   0.12826E-01   0.12738E-01
 6054.22   0.11875E-01   0.12747E-01   0.12659E-01
 6067.83   0.11797E-01   0.12669E-01   0.12581E-01
 6081.43   0.11719E-01   0.12591E-01   0.12503E-01
 6095.04   0.11642E-01   0.12514E-01   0.12425E-01
 6108.64   0.11567E-01   0.12440E-01   0.12351E-01
 6122.25   0.11495E-01   0.12369E-01   0.12279E-01
 6135.85   0.11421E-01   0.12295E-01   0.12205E-01
 6149.46   0.11348E-01   0.12222E-01   0.12131E-01
 6163.06   0.11275E-01   0.12149E-01   0.12058E-01
 6176.67   0.11203E-01   0.12077E-01   0.11985E-01
 6190.27   0.11131E-01   0.12004E-01   0.11912E-01
 6203.88   0.11059E-01   0.11932E-01   0.11840E-01
 6217.48   0.10987E-01   0.11860E-01   0.11767E-01
 6231.09   0.10915E-01   0.11788E-01   0.11694E-01
 6244.69   0.10842E-01   0.11715E-01   0.11621E-01
 6258.30   0.10774E-01   0.11645E-01   0.11551E-01
 6271.90   0.10713E-01   0.11585E-01   0.11491E-01
 6285.51   0.10644E-01   0.11515E-01   0.11420E-01
 6299.11   0.10577E-01   0.11448E-01   0.11352E-01
 6312.72   0.10511E-01   0.11381E-01   0.11285E-01
 6326.32   0.10445E-01   0.11315E-01   0.11218E-01
 6339.93   0.10380E-01   0.11249E-01   0.11152E-01
 6353.53   0.10315E-01   0.11183E-01   0.11085E-01
 6367.14   0.10250E-01   0.11117E-01   0.11018E-01
 6380.74   0.10184E-01   0.11050E-01   0.10951E-01
 6394.35   0.10118E-01   0.10982E-01   0.10883E-01
 6407.95   0.10053E-01   0.10917E-01   0.10818E-01
 6421.56   0.10006E-01   0.10869E-01   0.10769E-01
 6435.16   0.99376E-02   0.10800E-01   0.10699E-01
 6448.77   0.98749E-02   0.10736E-01   0.10635E-01
 6462.37   0.98139E-02   0.10673E-01   0.10572E-01
 6475.98   0.97540E-02   0.10612E-01   0.10510E-01
 6489.58   0.96948E-02   0.10552E-01   0.10449E-01
 6503.19   0.96360E-02   0.10492E-01   0.10389E-01
 6516.79   0.95773E-02   0.10431E-01   0.10328E-01
 6530.40   0.95184E-02   0.10371E-01   0.10267E-01
 6544.00   0.94588E-02   0.10310E-01   0.10205E-01
 6557.61   0.93951E-02   0.10244E-01   0.10139E-01
 6571.21   0.93334E-02   0.10180E-01   0.10075E-01
 6584.82   0.92957E-02   0.10142E-01   0.10036E-01
 6598.42   0.92365E-02   0.10081E-01   0.99748E-02
 6612.03   0.91796E-02   0.10022E-01   0.99155E-02
 6625.63   0.91240E-02   0.99650E-02   0.98576E-02
 6639.24   0.90695E-02   0.99086E-02   0.98007E-02
 6652.84   0.90158E-02   0.98530E-02   0.97446E-02
 6666.45   0.89628E-02   0.97980E-02   0.96892E-02
 6680.05   0.89100E-02   0.97433E-02   0.96339E-02
 6693.66   0.88571E-02   0.96884E-02   0.95785E-02
 6707.26   0.88032E-02   0.96322E-02   0.95219E-02
 6720.87   0.87494E-02   0.95762E-02   0.94654E-02
 6734.47   0.87114E-02   0.95372E-02   0.94257E-02
 6748.08   0.86549E-02   0.94780E-02   0.93661E-02
 6761.68   0.86021E-02   0.94228E-02   0.93105E-02
 6775.29   0.85505E-02   0.93688E-02   0.92560E-02
 6788.89   0.84998E-02   0.93157E-02   0.92025E-02
 6802.50   0.84500E-02   0.92635E-02   0.91498E-02
 6816.10   0.84011E-02   0.92122E-02   0.90980E-02
 6829.71   0.83529E-02   0.91616E-02   0.90469E-02
 6843.31   0.83053E-02   0.91115E-02   0.89964E-02
 6856.92   0.82579E-02   0.90617E-02   0.89461E-02
 6870.52   0.82099E-02   0.90110E-02   0.88950E-02
 6884.13   0.81613E-02   0.89596E-02   0.88432E-02
 6897.73   0.81222E-02   0.89187E-02   0.88016E-02
 6911.34   0.80743E-02   0.88679E-02   0.87504E-02
 6924.94   0.80273E-02   0.88181E-02   0.87002E-02
 6938.55   0.79807E-02   0.87687E-02   0.86503E-02
 6952.15   0.79345E-02   0.87197E-02   0.86009E-02
 6965.76   0.78890E-02   0.86713E-02   0.85520E-02
 6979.36   0.78441E-02   0.86235E-02   0.85038E-02
 6992.97   0.78001E-02   0.85766E-02   0.84565E-02
 7006.57   0.77567E-02   0.85304E-02   0.84098E-02
 7020.18   0.77140E-02   0.84848E-02   0.83637E-02
 7033.78   0.76716E-02   0.84394E-02   0.83179E-02
 7047.39   0.76287E-02   0.83935E-02   0.82716E-02
 7060.99   0.75892E-02   0.83512E-02   0.82289E-02
 7074.60   0.75473E-02   0.83064E-02   0.81836E-02
 7088.20   0.75056E-02   0.82615E-02   0.81383E-02
 7101.81   0.74638E-02   0.82165E-02   0.80929E-02
 7115.41   0.74221E-02   0.81716E-02   0.80476E-02
 7129.02   0.73805E-02   0.81268E-02   0.80024E-02
 7142.62   0.73394E-02   0.80824E-02   0.79576E-02
 7156.23   0.72988E-02   0.80385E-02   0.79133E-02
 7169.83   0.72589E-02   0.79952E-02   0.78696E-02
 7183.44   0.72196E-02   0.79526E-02   0.78267E-02
 7197.04   0.71808E-02   0.79105E-02   0.77841E-02
 7210.65   0.71435E-02   0.78700E-02   0.77431E-02
 7224.25   0.71061E-02   0.78295E-02   0.77023E-02
 7237.86   0.70687E-02   0.77887E-02   0.76610E-02
 7251.46   0.70314E-02   0.77480E-02   0.76200E-02
 7265.07   0.69941E-02   0.77072E-02   0.75789E-02
 7278.67   0.69567E-02   0.76663E-02   0.75376E-02
 7292.28   0.69192E-02   0.76253E-02   0.74962E-02
 7305.88   0.68817E-02   0.75842E-02   0.74548E-02
 7319.49   0.68444E-02   0.75432E-02   0.74135E-02
 7333.09   0.68074E-02   0.75025E-02   0.73724E-02
 7346.70   0.67706E-02   0.74621E-02   0.73316E-02
 7360.30   0.67335E-02   0.74211E-02   0.72904E-02
 7373.91   0.66999E-02   0.73840E-02   0.72529E-02
 7387.51   0.66691E-02   0.73500E-02   0.72185E-02
 7401.12   0.66341E-02   0.73113E-02   0.71794E-02
 7414.72   0.66002E-02   0.72737E-02   0.71414E-02
 7428.33   0.65666E-02   0.72364E-02   0.71038E-02
 7441.93   0.65331E-02   0.71992E-02   0.70663E-02
 7455.54   0.64996E-02   0.71619E-02   0.70287E-02
 7469.14   0.64659E-02   0.71244E-02   0.69909E-02
 7482.75   0.64321E-02   0.70867E-02   0.69529E-02
 7496.35   0.63981E-02   0.70488E-02   0.69147E-02
 7509.96   0.63639E-02   0.70105E-02   0.68762E-02
 7523.56   0.63286E-02   0.69711E-02   0.68365E-02
 7537.17   0.62971E-02   0.69357E-02   0.68008E-02
 7550.77   0.62753E-02   0.69111E-02   0.67757E-02
 7564.38   0.62403E-02   0.68718E-02   0.67361E-02
 7577.98   0.62084E-02   0.68358E-02   0.66999E-02
 7591.59   0.61775E-02   0.68010E-02   0.66648E-02
 7605.19   0.61472E-02   0.67667E-02   0.66302E-02
 7618.80   0.61171E-02   0.67326E-02   0.65959E-02
 7632.40   0.60870E-02   0.66986E-02   0.65616E-02
 7646.01   0.60568E-02   0.66644E-02   0.65271E-02
 7659.61   0.60264E-02   0.66298E-02   0.64923E-02
 7673.22   0.59954E-02   0.65946E-02   0.64569E-02
 7686.82   0.59633E-02   0.65582E-02   0.64204E-02
 7700.43   0.59243E-02   0.65143E-02   0.63764E-02
 7714.03   0.59254E-02   0.65139E-02   0.63751E-02
 7727.64   0.58843E-02   0.64676E-02   0.63288E-02
 7741.24   0.58533E-02   0.64322E-02   0.62933E-02
 7754.85   0.58241E-02   0.63988E-02   0.62596E-02
 7768.45   0.57958E-02   0.63663E-02   0.62270E-02
 7782.06   0.57682E-02   0.63346E-02   0.61950E-02
 7795.66   0.57411E-02   0.63032E-02   0.61635E-02
 7809.27   0.57141E-02   0.62721E-02   0.61321E-02
 7822.87   0.56871E-02   0.62409E-02   0.61007E-02
 7836.48   0.56598E-02   0.62093E-02   0.60689E-02
 7850.08   0.56318E-02   0.61770E-02   0.60365E-02
 7863.69   0.56015E-02   0.61421E-02   0.60015E-02
 7877.29   0.55736E-02   0.61098E-02   0.59691E-02
 7890.90   0.55624E-02   0.60956E-02   0.59543E-02
 7904.50   0.55314E-02   0.60599E-02   0.59185E-02
 7918.11   0.55035E-02   0.60276E-02   0.58861E-02
 7931.71   0.54768E-02   0.59964E-02   0.58548E-02
 7945.32   0.54508E-02   0.59661E-02   0.58244E-02
 7958.92   0.54255E-02   0.59364E-02   0.57946E-02
 7972.53   0.54007E-02   0.59073E-02   0.57653E-02
 7986.13   0.53764E-02   0.58786E-02   0.57365E-02
 7999.74   0.53522E-02   0.58501E-02   0.57078E-02
 8013.34   0.53279E-02   0.58215E-02   0.56790E-02
 8026.95   0.53031E-02   0.57922E-02   0.56497E-02
 8040.55   0.52751E-02   0.57596E-02   0.56170E-02
 8054.16   0.52488E-02   0.57288E-02   0.55861E-02
 8067.76   0.52379E-02   0.57143E-02   0.55712E-02
 8081.37   0.52118E-02   0.56837E-02   0.55406E-02
 8094.97   0.51869E-02   0.56543E-02   0.55111E-02
 8108.58   0.51625E-02   0.56254E-02   0.54822E-02
 8122.18   0.51387E-02   0.55970E-02   0.54537E-02
 8135.79   0.51153E-02   0.55692E-02   0.54258E-02
 8149.39   0.50925E-02   0.55419E-02   0.53985E-02
 8163.00   0.50702E-02   0.55152E-02   0.53716E-02
 8176.60   0.50483E-02   0.54889E-02   0.53452E-02
 8190.21   0.50267E-02   0.54628E-02   0.53191E-02
 8203.81   0.50049E-02   0.54366E-02   0.52928E-02
 8217.42   0.49813E-02   0.54082E-02   0.52644E-02
 8231.02   0.49681E-02   0.53913E-02   0.52472E-02
 8244.63   0.49438E-02   0.53623E-02   0.52182E-02
 8258.23   0.49216E-02   0.53356E-02   0.51915E-02
 8271.84   0.48997E-02   0.53091E-02   0.51650E-02
 8285.44   0.48777E-02   0.52826E-02   0.51385E-02
 8299.05   0.48559E-02   0.52563E-02   0.51122E-02
 8312.65   0.48344E-02   0.52302E-02   0.50861E-02
 8326.26   0.48132E-02   0.52044E-02   0.50603E-02
 8339.86   0.47925E-02   0.51792E-02   0.50351E-02
 8353.47   0.47723E-02   0.51544E-02   0.50103E-02
 8367.07   0.47525E-02   0.51301E-02   0.49860E-02
 8380.68   0.47331E-02   0.51062E-02   0.49620E-02
 8394.28   0.47138E-02   0.50821E-02   0.49380E-02
 8407.89   0.46956E-02   0.50601E-02   0.49158E-02
 8421.49   0.46765E-02   0.50363E-02   0.48921E-02
 8435.10   0.46574E-02   0.50127E-02   0.48685E-02
 8448.70   0.46382E-02   0.49889E-02   0.48447E-02
 8462.31   0.46188E-02   0.49649E-02   0.48208E-02
 8475.91   0.45992E-02   0.49408E-02   0.47967E-02
 8489.52   0.45796E-02   0.49166E-02   0.47726E-02
 8503.12   0.45600E-02   0.48925E-02   0.47485E-02
 8516.73   0.45407E-02   0.48685E-02   0.47246E-02
 8530.33   0.45216E-02   0.48449E-02   0.47011E-02
 8543.94   0.45030E-02   0.48217E-02   0.46779E-02
 8557.54   0.44847E-02   0.47988E-02   0.46550E-02
 8571.15   0.44660E-02   0.47752E-02   0.46316E-02
 8584.75   0.44520E-02   0.47576E-02   0.46139E-02
 8598.36   0.44338E-02   0.47346E-02   0.45910E-02
 8611.96   0.44167E-02   0.47129E-02   0.45693E-02
 8625.57   0.43997E-02   0.46913E-02   0.45478E-02
 8639.17   0.43826E-02   0.46697E-02   0.45263E-02
 8652.78   0.43653E-02   0.46479E-02   0.45045E-02
 8666.38   0.43478E-02   0.46258E-02   0.44826E-02
 8679.99   0.43301E-02   0.46036E-02   0.44604E-02
 8693.59   0.43123E-02   0.45812E-02   0.44382E-02
 8707.20   0.42944E-02   0.45588E-02   0.44159E-02
 8720.80   0.42766E-02   0.45364E-02   0.43937E-02
 8734.41   0.42587E-02   0.45138E-02   0.43713E-02
 8748.01   0.42391E-02   0.44894E-02   0.43471E-02
 8761.62   0.42255E-02   0.44714E-02   0.43291E-02
 8775.22   0.42146E-02   0.44565E-02   0.43142E-02
 8788.83   0.41978E-02   0.44351E-02   0.42930E-02
 8802.43   0.41820E-02   0.44148E-02   0.42728E-02
 8816.04   0.41666E-02   0.43948E-02   0.42529E-02
 8829.64   0.41513E-02   0.43750E-02   0.42332E-02
 8843.25   0.41358E-02   0.43550E-02   0.42134E-02
 8856.85   0.41202E-02   0.43349E-02   0.41934E-02
 8870.46   0.41043E-02   0.43145E-02   0.41732E-02
 8884.06   0.40881E-02   0.42938E-02   0.41526E-02
 8897.67   0.40716E-02   0.42727E-02   0.41318E-02
 8911.27   0.40545E-02   0.42511E-02   0.41104E-02
 8924.88   0.40356E-02   0.42276E-02   0.40872E-02
 8938.48   0.40219E-02   0.42094E-02   0.40692E-02
 8952.09   0.40186E-02   0.42021E-02   0.40617E-02
 8965.69   0.39998E-02   0.41787E-02   0.40386E-02
 8979.30   0.39842E-02   0.41585E-02   0.40186E-02
 8992.90   0.39695E-02   0.41394E-02   0.39997E-02
 9006.51   0.39553E-02   0.41207E-02   0.39812E-02
 9020.11   0.39414E-02   0.41023E-02   0.39630E-02
 9033.72   0.39276E-02   0.40840E-02   0.39449E-02
 9047.32   0.39136E-02   0.40657E-02   0.39267E-02
 9060.93   0.38994E-02   0.40470E-02   0.39083E-02
 9074.53   0.38849E-02   0.40280E-02   0.38895E-02
 9088.14   0.38696E-02   0.40084E-02   0.38702E-02
 9101.74   0.38530E-02   0.39873E-02   0.38495E-02
 9115.35   0.38286E-02   0.39584E-02   0.38211E-02
 9128.95   0.38492E-02   0.39749E-02   0.38367E-02
 9142.56   0.38214E-02   0.39426E-02   0.38051E-02
 9156.16   0.38050E-02   0.39218E-02   0.37846E-02
 9169.77   0.37903E-02   0.39027E-02   0.37659E-02
 9183.37   0.37765E-02   0.38845E-02   0.37479E-02
 9196.98   0.37633E-02   0.38669E-02   0.37306E-02
 9210.58   0.37505E-02   0.38497E-02   0.37136E-02
 9224.19   0.37380E-02   0.38328E-02   0.36970E-02
 9237.79   0.37255E-02   0.38159E-02   0.36804E-02
 9251.40   0.37129E-02   0.37990E-02   0.36637E-02
 9265.00   0.37000E-02   0.37817E-02   0.36467E-02
 9278.61   0.36863E-02   0.37638E-02   0.36290E-02
 9292.21   0.36706E-02   0.37437E-02   0.36094E-02
 9305.82   0.36574E-02   0.37263E-02   0.35922E-02
 9319.42   0.36604E-02   0.37248E-02   0.35906E-02
 9333.03   0.36422E-02   0.37024E-02   0.35686E-02
 9346.63   0.36276E-02   0.36835E-02   0.35501E-02
 9360.24   0.36140E-02   0.36657E-02   0.35326E-02
 9373.84   0.36010E-02   0.36485E-02   0.35157E-02
 9387.45   0.35886E-02   0.36317E-02   0.34993E-02
 9401.05   0.35765E-02   0.36154E-02   0.34833E-02
 9414.66   0.35649E-02   0.35995E-02   0.34677E-02
 9428.26   0.35536E-02   0.35839E-02   0.34524E-02
 9441.87   0.35423E-02   0.35684E-02   0.34372E-02
 9455.47   0.35310E-02   0.35528E-02   0.34219E-02
 9469.08   0.35192E-02   0.35368E-02   0.34062E-02
 9482.68   0.35055E-02   0.35189E-02   0.33887E-02
 9496.29   0.34931E-02   0.35024E-02   0.33726E-02
 9509.89   0.34919E-02   0.34969E-02   0.33670E-02
 9523.50   0.34781E-02   0.34789E-02   0.33495E-02
 9537.10   0.34654E-02   0.34621E-02   0.33331E-02
 9550.71   0.34531E-02   0.34457E-02   0.33171E-02
 9564.31   0.34410E-02   0.34295E-02   0.33013E-02
 9577.92   0.34292E-02   0.34136E-02   0.32858E-02
 9591.52   0.34178E-02   0.33981E-02   0.32706E-02
 9605.13   0.34067E-02   0.33829E-02   0.32558E-02
 9618.73   0.33961E-02   0.33681E-02   0.32413E-02
 9632.34   0.33857E-02   0.33536E-02   0.32272E-02
 9645.94   0.33756E-02   0.33393E-02   0.32132E-02
 9659.55   0.33655E-02   0.33251E-02   0.31993E-02
 9673.15   0.33547E-02   0.33101E-02   0.31848E-02
 9686.76   0.33437E-02   0.32952E-02   0.31702E-02
 9700.36   0.33377E-02   0.32852E-02   0.31605E-02
 9713.97   0.33269E-02   0.32704E-02   0.31460E-02
 9727.57   0.33162E-02   0.32557E-02   0.31317E-02
 9741.18   0.33054E-02   0.32409E-02   0.31173E-02
 9754.78   0.32945E-02   0.32260E-02   0.31028E-02
 9768.39   0.32836E-02   0.32111E-02   0.30884E-02
 9781.99   0.32727E-02   0.31964E-02   0.30741E-02
 9795.60   0.32621E-02   0.31818E-02   0.30599E-02
 9809.20   0.32518E-02   0.31676E-02   0.30460E-02
 9822.81   0.32418E-02   0.31536E-02   0.30325E-02
 9836.41   0.32321E-02   0.31400E-02   0.30193E-02
 9850.02   0.32229E-02   0.31267E-02   0.30064E-02
 9863.62   0.32138E-02   0.31135E-02   0.29936E-02
 9877.23   0.32049E-02   0.31008E-02   0.29813E-02
 9890.83   0.31962E-02   0.30886E-02   0.29694E-02
 9904.44   0.31873E-02   0.30756E-02   0.29569E-02
 9918.04   0.31782E-02   0.30626E-02   0.29443E-02
 9931.65   0.31689E-02   0.30495E-02   0.29315E-02
 9945.25   0.31594E-02   0.30361E-02   0.29186E-02
 9958.86   0.31496E-02   0.30225E-02   0.29055E-02
 9972.46   0.31396E-02   0.30088E-02   0.28922E-02
 9986.07   0.31296E-02   0.29951E-02   0.28789E-02
 9999.67   0.31196E-02   0.29814E-02   0.28657E-02
