   13.60   0.57104E-01   0.57911E-01   0.99057E-03
   27.21   0.64398E-01   0.62545E-01   0.16746E-01
   40.81   0.52052E-01   0.50461E-01   0.23553E-01
   54.42   0.40335E-01   0.39308E-01   0.22602E-01
   68.02   0.30930E-01   0.31046E-01   0.19944E-01
   81.63   0.24763E-01   0.25159E-01   0.17362E-01
   95.23   0.21621E-01   0.20927E-01   0.15174E-01
  108.84   0.17747E-01   0.17802E-01   0.13383E-01
  122.44   0.15353E-01   0.15362E-01   0.11914E-01
  136.05   0.13833E-01   0.13494E-01   0.10700E-01
  149.65   0.11747E-01   0.11954E-01   0.96790E-02
  163.26   0.11060E-01   0.10699E-01   0.87938E-02
  176.86   0.94343E-02   0.96092E-02   0.80160E-02
  190.47   0.89296E-02   0.86861E-02   0.73203E-02
  204.07   0.78269E-02   0.78608E-02   0.67016E-02
  217.68   0.71899E-02   0.71648E-02   0.61509E-02
  231.28   0.67216E-02   0.65362E-02   0.56634E-02
  244.89   0.58169E-02   0.60039E-02   0.52317E-02
  258.49   0.58095E-02   0.55308E-02   0.48507E-02
  272.10   0.49753E-02   0.51110E-02   0.45110E-02
  285.70   0.47915E-02   0.47525E-02   0.42099E-02
  299.31   0.45832E-02   0.44221E-02   0.39419E-02
  312.91   0.39569E-02   0.41356E-02   0.37002E-02
  326.52   0.40277E-02   0.38815E-02   0.34850E-02
  340.12   0.37039E-02   0.36444E-02   0.32898E-02
  353.73   0.32948E-02   0.34401E-02   0.31129E-02
  367.33   0.34088E-02   0.32519E-02   0.29520E-02
  380.94   0.31061E-02   0.30731E-02   0.28025E-02
  394.54   0.27833E-02   0.29171E-02   0.26649E-02
  408.15   0.28972E-02   0.27717E-02   0.25384E-02
  421.75   0.26873E-02   0.26300E-02   0.24184E-02
  435.36   0.23727E-02   0.25060E-02   0.23079E-02
  448.96   0.24560E-02   0.23906E-02   0.22051E-02
  462.57   0.23855E-02   0.22778E-02   0.21086E-02
  476.17   0.20711E-02   0.21770E-02   0.20192E-02
  489.78   0.20602E-02   0.20852E-02   0.19354E-02
  503.38   0.21259E-02   0.19951E-02   0.18569E-02
  516.99   0.18874E-02   0.19114E-02   0.17838E-02
  530.59   0.17356E-02   0.18372E-02   0.17153E-02
  544.20   0.18354E-02   0.17655E-02   0.16506E-02
  557.80   0.17780E-02   0.16957E-02   0.15901E-02
  571.41   0.15495E-02   0.16330E-02   0.15334E-02
  585.01   0.15241E-02   0.15754E-02   0.14796E-02
  598.62   0.16163E-02   0.15190E-02   0.14293E-02
  612.22   0.15002E-02   0.14645E-02   0.13816E-02
  625.83   0.13239E-02   0.14164E-02   0.13372E-02
  639.43   0.13483E-02   0.13701E-02   0.12936E-02
  653.04   0.14188E-02   0.13244E-02   0.12529E-02
  666.64   0.12975E-02   0.12804E-02   0.12140E-02
  680.25   0.11525E-02   0.12405E-02   0.11766E-02
  693.85   0.11845E-02   0.12035E-02   0.11416E-02
  707.46   0.12508E-02   0.11658E-02   0.11078E-02
  721.06   0.11521E-02   0.11294E-02   0.10755E-02
  734.67   0.10175E-02   0.10963E-02   0.10444E-02
  748.27   0.10305E-02   0.10655E-02   0.10149E-02
  761.88   0.11034E-02   0.10345E-02   0.98666E-03
  775.48   0.10462E-02   0.10039E-02   0.95950E-03
  789.09   0.91492E-03   0.97593E-03   0.93346E-03
  802.69   0.89012E-03   0.95028E-03   0.90857E-03
  816.30   0.96195E-03   0.92478E-03   0.88478E-03
  829.90   0.96138E-03   0.89916E-03   0.86193E-03
  843.51   0.84980E-03   0.87508E-03   0.83990E-03
  857.11   0.77895E-03   0.85332E-03   0.81880E-03
  870.72   0.82183E-03   0.83235E-03   0.79861E-03
  884.32   0.87302E-03   0.81108E-03   0.77927E-03
  897.93   0.81545E-03   0.79013E-03   0.76048E-03
  911.53   0.71540E-03   0.77120E-03   0.74258E-03
  925.14   0.69800E-03   0.75363E-03   0.72531E-03
  938.74   0.75799E-03   0.73613E-03   0.70873E-03
  952.35   0.77650E-03   0.71856E-03   0.69296E-03
  965.95   0.69947E-03   0.70130E-03   0.67723E-03
  979.56   0.62315E-03   0.68587E-03   0.66231E-03
  993.16   0.63191E-03   0.67125E-03   0.64788E-03
 1006.77   0.68912E-03   0.65647E-03   0.63401E-03
 1020.37   0.68969E-03   0.64129E-03   0.62036E-03
 1033.98   0.61389E-03   0.62715E-03   0.60735E-03
 1047.58   0.55295E-03   0.61422E-03   0.59468E-03
 1061.19   0.56860E-03   0.60181E-03   0.58238E-03
 1074.79   0.62096E-03   0.58920E-03   0.57054E-03
 1088.40   0.62027E-03   0.57626E-03   0.55888E-03
 1102.00   0.55248E-03   0.56417E-03   0.54772E-03
 1115.61   0.49600E-03   0.55313E-03   0.53687E-03
 1129.21   0.50631E-03   0.54256E-03   0.52632E-03
 1142.82   0.55485E-03   0.53174E-03   0.51606E-03
 1156.42   0.56432E-03   0.52078E-03   0.50614E-03
 1170.03   0.50925E-03   0.51031E-03   0.49653E-03
 1183.63   0.45063E-03   0.50076E-03   0.48720E-03
 1197.24   0.44678E-03   0.49175E-03   0.47812E-03
 1210.84   0.48897E-03   0.48262E-03   0.46928E-03
 1224.45   0.51427E-03   0.47324E-03   0.46070E-03
 1238.05   0.47958E-03   0.46409E-03   0.45239E-03
 1251.66   0.41992E-03   0.45569E-03   0.44432E-03
 1265.26   0.39621E-03   0.44794E-03   0.43649E-03
 1278.87   0.42377E-03   0.44021E-03   0.42881E-03
 1292.47   0.46203E-03   0.43227E-03   0.42138E-03
 1306.08   0.45615E-03   0.42427E-03   0.41415E-03
 1319.68   0.40557E-03   0.41675E-03   0.40713E-03
 1333.29   0.36239E-03   0.40990E-03   0.40033E-03
 1346.89   0.36433E-03   0.40326E-03   0.39358E-03
 1360.50   0.40089E-03   0.39664E-03   0.38714E-03
 1374.10   0.42421E-03   0.38974E-03   0.38080E-03
 1387.71   0.39996E-03   0.38295E-03   0.37463E-03
 1401.31   0.35035E-03   0.37667E-03   0.36862E-03
 1414.92   0.32288E-03   0.37094E-03   0.36281E-03
 1428.52   0.33746E-03   0.36520E-03   0.35698E-03
 1442.13   0.37303E-03   0.35937E-03   0.35138E-03
 1455.73   0.38550E-03   0.35335E-03   0.34590E-03
 1469.34   0.35527E-03   0.34751E-03   0.34054E-03
 1482.94   0.31091E-03   0.34216E-03   0.33534E-03
 1496.55   0.29195E-03   0.33710E-03   0.33017E-03
 1510.15   0.31015E-03   0.33220E-03   0.32519E-03
 1523.76   0.34273E-03   0.32709E-03   0.32032E-03
 1537.36   0.35125E-03   0.32184E-03   0.31554E-03
 1550.97   0.32187E-03   0.31676E-03   0.31086E-03
 1564.57   0.28152E-03   0.31210E-03   0.30631E-03
 1578.18   0.26444E-03   0.30772E-03   0.30181E-03
 1591.78   0.28066E-03   0.30345E-03   0.29745E-03
 1605.39   0.31101E-03   0.29902E-03   0.29319E-03
 1618.99   0.32166E-03   0.29444E-03   0.28901E-03
 1632.60   0.29767E-03   0.28998E-03   0.28491E-03
 1646.20   0.26006E-03   0.28585E-03   0.28090E-03
 1659.81   0.24016E-03   0.28205E-03   0.27699E-03
 1673.41   0.25053E-03   0.27834E-03   0.27316E-03
 1687.02   0.27857E-03   0.27451E-03   0.26942E-03
 1700.62   0.29519E-03   0.27054E-03   0.26576E-03
 1714.23   0.28071E-03   0.26660E-03   0.26217E-03
 1727.83   0.24665E-03   0.26291E-03   0.25864E-03
 1741.44   0.22142E-03   0.25953E-03   0.25519E-03
 1755.04   0.22236E-03   0.25629E-03   0.25182E-03
 1768.65   0.24538E-03   0.25301E-03   0.24852E-03
 1782.25   0.26819E-03   0.24957E-03   0.24530E-03
 1795.86   0.26690E-03   0.24610E-03   0.24215E-03
 1809.46   0.24022E-03   0.24274E-03   0.23901E-03
 1823.07   0.21038E-03   0.23967E-03   0.23596E-03
 1836.67   0.19924E-03   0.23681E-03   0.23297E-03
 1850.28   0.21221E-03   0.23397E-03   0.23004E-03
 1863.88   0.23673E-03   0.23102E-03   0.22718E-03
 1877.49   0.24967E-03   0.22798E-03   0.22438E-03
 1891.09   0.23683E-03   0.22490E-03   0.22157E-03
 1904.70   0.20805E-03   0.22207E-03   0.21886E-03
 1918.30   0.18554E-03   0.21946E-03   0.21619E-03
 1931.91   0.18376E-03   0.21697E-03   0.21356E-03
 1945.51   0.20151E-03   0.21444E-03   0.21098E-03
 1959.12   0.22333E-03   0.21180E-03   0.20846E-03
 1972.72   0.22888E-03   0.20903E-03   0.20593E-03
 1986.33   0.21147E-03   0.20641E-03   0.20352E-03
 1999.93   0.18452E-03   0.20395E-03   0.20112E-03
 2013.54   0.16751E-03   0.20168E-03   0.19876E-03
 2027.14   0.17023E-03   0.19948E-03   0.19644E-03
 2040.75   0.18889E-03   0.19723E-03   0.19417E-03
 2054.35   0.20813E-03   0.19488E-03   0.19195E-03
 2067.96   0.21054E-03   0.19243E-03   0.18972E-03
 2081.56   0.19260E-03   0.19011E-03   0.18756E-03
 2095.17   0.16780E-03   0.18794E-03   0.18544E-03
 2108.77   0.15312E-03   0.18594E-03   0.18335E-03
 2122.38   0.15645E-03   0.18400E-03   0.18130E-03
 2135.98   0.17394E-03   0.18201E-03   0.17928E-03
 2149.59   0.19181E-03   0.17990E-03   0.17728E-03
 2163.19   0.19459E-03   0.17777E-03   0.17533E-03
 2176.80   0.17862E-03   0.17569E-03   0.17342E-03
 2190.40   0.15551E-03   0.17377E-03   0.17153E-03
 2204.01   0.14065E-03   0.17200E-03   0.16968E-03
 2217.61   0.14191E-03   0.17029E-03   0.16786E-03
 2231.22   0.15704E-03   0.16853E-03   0.16606E-03
 2244.82   0.17479E-03   0.16669E-03   0.16429E-03
 2258.43   0.18072E-03   0.16479E-03   0.16255E-03
 2272.03   0.16897E-03   0.16293E-03   0.16085E-03
 2285.64   0.14777E-03   0.16120E-03   0.15917E-03
 2299.24   0.13123E-03   0.15961E-03   0.15752E-03
 2312.85   0.12841E-03   0.15809E-03   0.15589E-03
 2326.45   0.13969E-03   0.15656E-03   0.15429E-03
 2340.06   0.15710E-03   0.15494E-03   0.15271E-03
 2353.66   0.16762E-03   0.15326E-03   0.15116E-03
 2367.27   0.16231E-03   0.15159E-03   0.14963E-03
 2380.87   0.14440E-03   0.14999E-03   0.14812E-03
 2394.48   0.12596E-03   0.14853E-03   0.14664E-03
 2408.08   0.11764E-03   0.14716E-03   0.14518E-03
 2421.69   0.12299E-03   0.14581E-03   0.14374E-03
 2435.29   0.13803E-03   0.14441E-03   0.14232E-03
 2448.90   0.15249E-03   0.14293E-03   0.14092E-03
 2462.50   0.15530E-03   0.14142E-03   0.13954E-03
 2476.11   0.14357E-03   0.13994E-03   0.13818E-03
 2489.71   0.12511E-03   0.13857E-03   0.13685E-03
 2503.32   0.11124E-03   0.13731E-03   0.13553E-03
 2516.92   0.10890E-03   0.13610E-03   0.13423E-03
 2530.53   0.11835E-03   0.13488E-03   0.13294E-03
 2544.13   0.13358E-03   0.13360E-03   0.13168E-03
 2557.74   0.14419E-03   0.13226E-03   0.13043E-03
 2571.34   0.14200E-03   0.13090E-03   0.12920E-03
 2584.95   0.12794E-03   0.12961E-03   0.12798E-03
 2598.55   0.11103E-03   0.12841E-03   0.12679E-03
 2612.16   0.10078E-03   0.12730E-03   0.12562E-03
 2625.76   0.10172E-03   0.12622E-03   0.12444E-03
 2639.37   0.11262E-03   0.12512E-03   0.12330E-03
 2652.97   0.12685E-03   0.12396E-03   0.12217E-03
 2666.58   0.13487E-03   0.12275E-03   0.12105E-03
 2680.18   0.13053E-03   0.12154E-03   0.11995E-03
 2693.79   0.11630E-03   0.12039E-03   0.11887E-03
 2707.39   0.10093E-03   0.11933E-03   0.11780E-03
 2721.00   0.92515E-04   0.11834E-03   0.11674E-03
 2734.60   0.94483E-04   0.11738E-03   0.11570E-03
 2748.21   0.10522E-03   0.11639E-03   0.11467E-03
 2761.81   0.11848E-03   0.11535E-03   0.11366E-03
 2775.42   0.12562E-03   0.11426E-03   0.11266E-03
 2789.02   0.12133E-03   0.11318E-03   0.11167E-03
 2802.63   0.10804E-03   0.11215E-03   0.11070E-03
 2816.23   0.93648E-04   0.11120E-03   0.10974E-03
 2829.84   0.85509E-04   0.11031E-03   0.10879E-03
 2843.44   0.86848E-04   0.10946E-03   0.10785E-03
 2857.05   0.96477E-04   0.10858E-03   0.10693E-03
 2870.65   0.10908E-03   0.10765E-03   0.10602E-03
 2884.26   0.11686E-03   0.10667E-03   0.10512E-03
 2897.86   0.11437E-03   0.10569E-03   0.10423E-03
 2911.47   0.10283E-03   0.10476E-03   0.10335E-03
 2925.07   0.89008E-04   0.10389E-03   0.10249E-03
 2938.68   0.79973E-04   0.10309E-03   0.10163E-03
 2952.28   0.79384E-04   0.10232E-03   0.10079E-03
 2965.89   0.86989E-04   0.10154E-03   0.99957E-04
 2979.49   0.98826E-04   0.10071E-03   0.99134E-04
 2993.10   0.10809E-03   0.99844E-04   0.98320E-04
 3006.70   0.10874E-03   0.98957E-04   0.97516E-04
 3020.31   0.99996E-04   0.98096E-04   0.96722E-04
 3033.91   0.86928E-04   0.97294E-04   0.95938E-04
 3047.52   0.76381E-04   0.96554E-04   0.95162E-04
 3061.12   0.72856E-04   0.95855E-04   0.94396E-04
 3074.73   0.77357E-04   0.95158E-04   0.93639E-04
 3088.33   0.87576E-04   0.94429E-04   0.92891E-04
 3101.94   0.98157E-04   0.93656E-04   0.92150E-04
 3115.54   0.10276E-03   0.92854E-04   0.91418E-04
 3129.15   0.98223E-04   0.92058E-04   0.90694E-04
 3142.75   0.87042E-04   0.91306E-04   0.89983E-04
 3156.36   0.75265E-04   0.90610E-04   0.89276E-04
 3169.96   0.68310E-04   0.89964E-04   0.88578E-04
 3183.57   0.68663E-04   0.89339E-04   0.87888E-04
 3197.17   0.75802E-04   0.88699E-04   0.87206E-04
 3210.78   0.86320E-04   0.88022E-04   0.86531E-04
 3224.38   0.94581E-04   0.87307E-04   0.85863E-04
 3237.99   0.95540E-04   0.86576E-04   0.85201E-04
 3251.59   0.88347E-04   0.85873E-04   0.84556E-04
 3265.20   0.76934E-04   0.85208E-04   0.83910E-04
 3278.80   0.67020E-04   0.84597E-04   0.83273E-04
 3292.41   0.62670E-04   0.84024E-04   0.82644E-04
 3306.01   0.65193E-04   0.83459E-04   0.82021E-04
 3319.62   0.73315E-04   0.82873E-04   0.81406E-04
 3333.22   0.83238E-04   0.82249E-04   0.80796E-04
 3346.83   0.89634E-04   0.81594E-04   0.80191E-04
 3360.43   0.88626E-04   0.80944E-04   0.79604E-04
 3374.04   0.80552E-04   0.80306E-04   0.79012E-04
 3387.64   0.69716E-04   0.79714E-04   0.78429E-04
 3401.25   0.61205E-04   0.79169E-04   0.77854E-04
 3414.85   0.58242E-04   0.78655E-04   0.77285E-04
 3428.46   0.61596E-04   0.78144E-04   0.76723E-04
 3442.06   0.69776E-04   0.77610E-04   0.76166E-04
 3455.67   0.79056E-04   0.77039E-04   0.75612E-04
 3469.27   0.84572E-04   0.76456E-04   0.75078E-04
 3482.88   0.83018E-04   0.75854E-04   0.74535E-04
 3496.48   0.75101E-04   0.75278E-04   0.74001E-04
 3510.09   0.64899E-04   0.74744E-04   0.73473E-04
 3523.69   0.57017E-04   0.74252E-04   0.72951E-04
 3537.30   0.54311E-04   0.73787E-04   0.72435E-04
 3550.90   0.57445E-04   0.73325E-04   0.71926E-04
 3564.51   0.65083E-04   0.72842E-04   0.71421E-04
 3578.11   0.73882E-04   0.72325E-04   0.70919E-04
 3591.72   0.79388E-04   0.71793E-04   0.70430E-04
 3605.32   0.78422E-04   0.71248E-04   0.69940E-04
 3618.93   0.71342E-04   0.70722E-04   0.69454E-04
 3632.53   0.61707E-04   0.70232E-04   0.68974E-04
 3646.14   0.53811E-04   0.69782E-04   0.68498E-04
 3659.74   0.50486E-04   0.69358E-04   0.68028E-04
 3673.35   0.52595E-04   0.68941E-04   0.67563E-04
 3686.95   0.59221E-04   0.68508E-04   0.67104E-04
 3700.56   0.67643E-04   0.68047E-04   0.66649E-04
 3714.16   0.73844E-04   0.67561E-04   0.66198E-04
 3727.77   0.74454E-04   0.67064E-04   0.65751E-04
 3741.37   0.68983E-04   0.66580E-04   0.65308E-04
 3754.98   0.60149E-04   0.66124E-04   0.64868E-04
 3768.58   0.51950E-04   0.65704E-04   0.64433E-04
 3782.19   0.47440E-04   0.65312E-04   0.64002E-04
 3795.79   0.47904E-04   0.64932E-04   0.63575E-04
 3809.40   0.53010E-04   0.64545E-04   0.63155E-04
 3823.00   0.60833E-04   0.64135E-04   0.62739E-04
 3836.61   0.67969E-04   0.63697E-04   0.62326E-04
 3850.21   0.70834E-04   0.63245E-04   0.61918E-04
 3863.82   0.67800E-04   0.62795E-04   0.61512E-04
 3877.42   0.60327E-04   0.62366E-04   0.61110E-04
 3891.03   0.51897E-04   0.61968E-04   0.60710E-04
 3904.63   0.45859E-04   0.61600E-04   0.60314E-04
 3918.24   0.44106E-04   0.61249E-04   0.59920E-04
 3931.84   0.46985E-04   0.60898E-04   0.59531E-04
 3945.45   0.53465E-04   0.60542E-04   0.59158E-04
 3959.05   0.61023E-04   0.60153E-04   0.58777E-04
 3972.66   0.66231E-04   0.59744E-04   0.58402E-04
 3986.26   0.66399E-04   0.59329E-04   0.58031E-04
 3999.87   0.61325E-04   0.58925E-04   0.57662E-04
 4013.47   0.53411E-04   0.58544E-04   0.57296E-04
 4027.08   0.46039E-04   0.58192E-04   0.56932E-04
 4040.68   0.41798E-04   0.57861E-04   0.56569E-04
 4054.29   0.41822E-04   0.57538E-04   0.56206E-04
 4067.89   0.45974E-04   0.57236E-04   0.55873E-04
 4081.50   0.52791E-04   0.56892E-04   0.55521E-04
 4095.10   0.59592E-04   0.56529E-04   0.55175E-04
 4108.71   0.63227E-04   0.56152E-04   0.54834E-04
 4122.31   0.61803E-04   0.55774E-04   0.54496E-04
 4135.92   0.55926E-04   0.55410E-04   0.54161E-04
 4149.52   0.48260E-04   0.55069E-04   0.53827E-04
 4163.13   0.41848E-04   0.54752E-04   0.53493E-04
 4176.73   0.38735E-04   0.54451E-04   0.53158E-04
 4190.34   0.39678E-04   0.54185E-04   0.52855E-04
 4203.94   0.44251E-04   0.53884E-04   0.52529E-04
 4217.55   0.50936E-04   0.53568E-04   0.52209E-04
 4231.15   0.57088E-04   0.53233E-04   0.51894E-04
 4244.76   0.59878E-04   0.52886E-04   0.51583E-04
 4258.36   0.57868E-04   0.52542E-04   0.51274E-04
 4271.97   0.51940E-04   0.52211E-04   0.50968E-04
 4285.57   0.44690E-04   0.51902E-04   0.50663E-04
 4299.18   0.38865E-04   0.51614E-04   0.50358E-04
 4312.78   0.36236E-04   0.51365E-04   0.50076E-04
 4326.39   0.37357E-04   0.51097E-04   0.49773E-04
 4339.99   0.41840E-04   0.50823E-04   0.49477E-04
 4353.60   0.48232E-04   0.50532E-04   0.49184E-04
 4367.20   0.54080E-04   0.50224E-04   0.48895E-04
 4380.81   0.56773E-04   0.49906E-04   0.48609E-04
 4394.41   0.54969E-04   0.49589E-04   0.48326E-04
 4408.02   0.49444E-04   0.49285E-04   0.48046E-04
 4421.62   0.42569E-04   0.49000E-04   0.47766E-04
 4435.23   0.36918E-04   0.48753E-04   0.47503E-04
 4448.83   0.34145E-04   0.48501E-04   0.47223E-04
 4462.44   0.34878E-04   0.48259E-04   0.46949E-04
 4476.04   0.38832E-04   0.48010E-04   0.46677E-04
 4489.65   0.44791E-04   0.47745E-04   0.46408E-04
 4503.25   0.50591E-04   0.47464E-04   0.46141E-04
 4516.86   0.53758E-04   0.47171E-04   0.45877E-04
 4530.46   0.52780E-04   0.46877E-04   0.45617E-04
 4544.07   0.48040E-04   0.46595E-04   0.45359E-04
 4557.67   0.41551E-04   0.46331E-04   0.45104E-04
 4571.28   0.35752E-04   0.46089E-04   0.44852E-04
 4584.88   0.32401E-04   0.45863E-04   0.44600E-04
 4598.49   0.32266E-04   0.45642E-04   0.44349E-04
 4612.09   0.35284E-04   0.45417E-04   0.44100E-04
 4625.70   0.40587E-04   0.45179E-04   0.43852E-04
 4639.30   0.46404E-04   0.44923E-04   0.43606E-04
 4652.91   0.50424E-04   0.44655E-04   0.43362E-04
 4666.51   0.50838E-04   0.44383E-04   0.43120E-04
 4680.12   0.47397E-04   0.44117E-04   0.42882E-04
 4693.72   0.41556E-04   0.43869E-04   0.42648E-04
 4707.33   0.35577E-04   0.43640E-04   0.42415E-04
 4720.93   0.31384E-04   0.43428E-04   0.42184E-04
 4734.54   0.30023E-04   0.43226E-04   0.41954E-04
 4748.14   0.31720E-04   0.43023E-04   0.41725E-04
 4761.75   0.36002E-04   0.42810E-04   0.41497E-04
 4775.35   0.41600E-04   0.42582E-04   0.41269E-04
 4788.96   0.46511E-04   0.42339E-04   0.41043E-04
 4802.56   0.48694E-04   0.42086E-04   0.40819E-04
 4816.17   0.47139E-04   0.41832E-04   0.40593E-04
 4829.77   0.42509E-04   0.41613E-04   0.40394E-04
 4843.38   0.36613E-04   0.41383E-04   0.40171E-04
 4856.98   0.31547E-04   0.41179E-04   0.39956E-04
 4870.59   0.28718E-04   0.40989E-04   0.39744E-04
 4884.19   0.28719E-04   0.40805E-04   0.39534E-04
 4897.80   0.31479E-04   0.40616E-04   0.39324E-04
 4911.40   0.36271E-04   0.40415E-04   0.39115E-04
 4925.01   0.41611E-04   0.40198E-04   0.38906E-04
 4938.61   0.45514E-04   0.39968E-04   0.38696E-04
 4952.22   0.46320E-04   0.39722E-04   0.38479E-04
 4965.82   0.43700E-04   0.39533E-04   0.38314E-04
 4979.43   0.38614E-04   0.39303E-04   0.38100E-04
 4993.03   0.33050E-04   0.39102E-04   0.37899E-04
 5006.64   0.28768E-04   0.38918E-04   0.37702E-04
 5020.24   0.26829E-04   0.38746E-04   0.37508E-04
 5033.85   0.27583E-04   0.38577E-04   0.37315E-04
 5047.45   0.30806E-04   0.38401E-04   0.37122E-04
 5061.06   0.35656E-04   0.38213E-04   0.36930E-04
 5074.66   0.40600E-04   0.38008E-04   0.36736E-04
 5088.27   0.43771E-04   0.37783E-04   0.36533E-04
 5101.87   0.43916E-04   0.37619E-04   0.36394E-04
 5115.48   0.40795E-04   0.37388E-04   0.36186E-04
 5129.08   0.35735E-04   0.37186E-04   0.35997E-04
 5142.69   0.30537E-04   0.37003E-04   0.35812E-04
 5156.29   0.26754E-04   0.36835E-04   0.35631E-04
 5169.90   0.25256E-04   0.36678E-04   0.35451E-04
 5183.50   0.26284E-04   0.36522E-04   0.35274E-04
 5197.11   0.29579E-04   0.36360E-04   0.35097E-04
 5210.71   0.34298E-04   0.36184E-04   0.34919E-04
 5224.32   0.38969E-04   0.35990E-04   0.34736E-04
 5237.92   0.41865E-04   0.35778E-04   0.34546E-04
 5251.53   0.41860E-04   0.35617E-04   0.34409E-04
 5265.13   0.38825E-04   0.35418E-04   0.34231E-04
 5278.74   0.33985E-04   0.35233E-04   0.34058E-04
 5292.34   0.29038E-04   0.35063E-04   0.33887E-04
 5305.95   0.25421E-04   0.34908E-04   0.33719E-04
 5319.55   0.23944E-04   0.34762E-04   0.33553E-04
 5333.16   0.24842E-04   0.34618E-04   0.33389E-04
 5346.76   0.27892E-04   0.34469E-04   0.33226E-04
 5360.37   0.32350E-04   0.34307E-04   0.33062E-04
 5373.97   0.36885E-04   0.34132E-04   0.32896E-04
 5387.58   0.39914E-04   0.33968E-04   0.32751E-04
 5401.18   0.40185E-04   0.33780E-04   0.32587E-04
 5414.79   0.37580E-04   0.33597E-04   0.32426E-04
 5428.39   0.33083E-04   0.33424E-04   0.32265E-04
 5442.00   0.28262E-04   0.33265E-04   0.32107E-04
 5455.60   0.24526E-04   0.33119E-04   0.31950E-04
 5469.21   0.22720E-04   0.32982E-04   0.31796E-04
 5482.81   0.23138E-04   0.32849E-04   0.31644E-04
 5496.42   0.25657E-04   0.32714E-04   0.31493E-04
 5510.02   0.29703E-04   0.32569E-04   0.31343E-04
 5523.63   0.34164E-04   0.32418E-04   0.31199E-04
 5537.23   0.37540E-04   0.32252E-04   0.31050E-04
 5550.84   0.38554E-04   0.32083E-04   0.30902E-04
 5564.44   0.36775E-04   0.31913E-04   0.30754E-04
 5578.05   0.32866E-04   0.31751E-04   0.30606E-04
 5591.65   0.28208E-04   0.31600E-04   0.30459E-04
 5605.26   0.24216E-04   0.31460E-04   0.30314E-04
 5618.86   0.21851E-04   0.31331E-04   0.30169E-04
 5632.47   0.21536E-04   0.31207E-04   0.30027E-04
 5646.07   0.23283E-04   0.31083E-04   0.29887E-04
 5659.68   0.26730E-04   0.30954E-04   0.29750E-04
 5673.28   0.31031E-04   0.30815E-04   0.29613E-04
 5686.89   0.34885E-04   0.30666E-04   0.29477E-04
 5700.49   0.36933E-04   0.30511E-04   0.29341E-04
 5714.10   0.36377E-04   0.30354E-04   0.29205E-04
 5727.70   0.33412E-04   0.30200E-04   0.29069E-04
 5741.31   0.29108E-04   0.30055E-04   0.28933E-04
 5754.91   0.24851E-04   0.29920E-04   0.28798E-04
 5768.52   0.21771E-04   0.29795E-04   0.28663E-04
 5782.12   0.20487E-04   0.29677E-04   0.28528E-04
 5795.73   0.21184E-04   0.29559E-04   0.28394E-04
 5809.33   0.23715E-04   0.29442E-04   0.28266E-04
 5822.94   0.27545E-04   0.29325E-04   0.28147E-04
 5836.54   0.31650E-04   0.29190E-04   0.28018E-04
 5850.15   0.34727E-04   0.29048E-04   0.27892E-04
 5863.75   0.35660E-04   0.28903E-04   0.27767E-04
 5877.36   0.34074E-04   0.28758E-04   0.27642E-04
 5890.96   0.30537E-04   0.28618E-04   0.27517E-04
 5904.57   0.26250E-04   0.28487E-04   0.27391E-04
 5918.17   0.22468E-04   0.28364E-04   0.27265E-04
 5931.78   0.20073E-04   0.28249E-04   0.27138E-04
 5945.38   0.19474E-04   0.28132E-04   0.27006E-04
 5958.99   0.20735E-04   0.28022E-04   0.26882E-04
 5972.59   0.23629E-04   0.27937E-04   0.26787E-04
 5986.20   0.27474E-04   0.27813E-04   0.26664E-04
 5999.80   0.31237E-04   0.27685E-04   0.26546E-04
 6013.41   0.33689E-04   0.27552E-04   0.26429E-04
 6027.01   0.33934E-04   0.27416E-04   0.26313E-04
 6040.62   0.31858E-04   0.27283E-04   0.26198E-04
 6054.22   0.28186E-04   0.27155E-04   0.26082E-04
 6067.83   0.24104E-04   0.27035E-04   0.25965E-04
 6081.43   0.20728E-04   0.26922E-04   0.25846E-04
 6095.04   0.18773E-04   0.26807E-04   0.25720E-04
 6108.64   0.18552E-04   0.26699E-04   0.25598E-04
 6122.25   0.20099E-04   0.26639E-04   0.25523E-04
 6135.85   0.23066E-04   0.26527E-04   0.25405E-04
 6149.46   0.26835E-04   0.26411E-04   0.25291E-04
 6163.06   0.30370E-04   0.26291E-04   0.25181E-04
 6176.67   0.32528E-04   0.26166E-04   0.25072E-04
 6190.27   0.32535E-04   0.26040E-04   0.24965E-04
 6203.88   0.30372E-04   0.25916E-04   0.24858E-04
 6217.48   0.26781E-04   0.25798E-04   0.24751E-04
 6231.09   0.22885E-04   0.25686E-04   0.24642E-04
 6244.69   0.19710E-04   0.25577E-04   0.24527E-04
 6258.30   0.17909E-04   0.25473E-04   0.24413E-04
 6271.90   0.17781E-04   0.25419E-04   0.24344E-04
 6285.51   0.19255E-04   0.25316E-04   0.24230E-04
 6299.11   0.22105E-04   0.25214E-04   0.24122E-04
 6312.72   0.25716E-04   0.25106E-04   0.24017E-04
 6326.32   0.29124E-04   0.24993E-04   0.23914E-04
 6339.93   0.31251E-04   0.24876E-04   0.23812E-04
 6353.53   0.31353E-04   0.24759E-04   0.23712E-04
 6367.14   0.29376E-04   0.24643E-04   0.23613E-04
 6380.74   0.25982E-04   0.24534E-04   0.23514E-04
 6394.35   0.22218E-04   0.24429E-04   0.23413E-04
 6407.95   0.19070E-04   0.24330E-04   0.23311E-04
 6421.56   0.17201E-04   0.24268E-04   0.23237E-04
 6435.16   0.16847E-04   0.24174E-04   0.23131E-04
 6448.77   0.18058E-04   0.24084E-04   0.23030E-04
 6462.37   0.20626E-04   0.23990E-04   0.22931E-04
 6475.98   0.24037E-04   0.23891E-04   0.22833E-04
 6489.58   0.27434E-04   0.23787E-04   0.22736E-04
 6503.19   0.29797E-04   0.23677E-04   0.22641E-04
 6516.79   0.30331E-04   0.23567E-04   0.22548E-04
 6530.40   0.28839E-04   0.23459E-04   0.22456E-04
 6544.00   0.25814E-04   0.23356E-04   0.22364E-04
 6557.61   0.22197E-04   0.23258E-04   0.22272E-04
 6571.21   0.18956E-04   0.23163E-04   0.22175E-04
 6584.82   0.16803E-04   0.23094E-04   0.22098E-04
 6598.42   0.16051E-04   0.23014E-04   0.22006E-04
 6612.03   0.16791E-04   0.22933E-04   0.21914E-04
 6625.63   0.18900E-04   0.22849E-04   0.21823E-04
 6639.24   0.21997E-04   0.22759E-04   0.21731E-04
 6652.84   0.25374E-04   0.22662E-04   0.21641E-04
 6666.45   0.28090E-04   0.22561E-04   0.21551E-04
 6680.05   0.29279E-04   0.22457E-04   0.21463E-04
 6693.66   0.28529E-04   0.22354E-04   0.21377E-04
 6707.26   0.26080E-04   0.22256E-04   0.21292E-04
 6720.87   0.22705E-04   0.22165E-04   0.21209E-04
 6734.47   0.19349E-04   0.22081E-04   0.21125E-04
 6748.08   0.16788E-04   0.22003E-04   0.21042E-04
 6761.68   0.15470E-04   0.21929E-04   0.20959E-04
 6775.29   0.15560E-04   0.21856E-04   0.20875E-04
 6788.89   0.17028E-04   0.21781E-04   0.20791E-04
 6802.50   0.19642E-04   0.21700E-04   0.20706E-04
 6816.10   0.22884E-04   0.21612E-04   0.20621E-04
 6829.71   0.25952E-04   0.21519E-04   0.20537E-04
 6843.31   0.27945E-04   0.21421E-04   0.20453E-04
 6856.92   0.28215E-04   0.21322E-04   0.20370E-04
 6870.52   0.26662E-04   0.21225E-04   0.20288E-04
 6884.13   0.23788E-04   0.21138E-04   0.20211E-04
 6897.73   0.20438E-04   0.21060E-04   0.20138E-04
 6911.34   0.17458E-04   0.20982E-04   0.20059E-04
 6924.94   0.15455E-04   0.20911E-04   0.19982E-04
 6938.55   0.14723E-04   0.20844E-04   0.19904E-04
 6952.15   0.15333E-04   0.20776E-04   0.19827E-04
 6965.76   0.17189E-04   0.20704E-04   0.19749E-04
 6979.36   0.19982E-04   0.20626E-04   0.19670E-04
 6992.97   0.23121E-04   0.20542E-04   0.19591E-04
 7006.57   0.25787E-04   0.20452E-04   0.19511E-04
 7020.18   0.27179E-04   0.20357E-04   0.19430E-04
 7033.78   0.26836E-04   0.20256E-04   0.19345E-04
 7047.39   0.24879E-04   0.20170E-04   0.19272E-04
 7060.99   0.21918E-04   0.20109E-04   0.19219E-04
 7074.60   0.18734E-04   0.20029E-04   0.19141E-04
 7088.20   0.16108E-04   0.19958E-04   0.19068E-04
 7101.81   0.14515E-04   0.19892E-04   0.18995E-04
 7115.41   0.14165E-04   0.19830E-04   0.18924E-04
 7129.02   0.15084E-04   0.19766E-04   0.18852E-04
 7142.62   0.17145E-04   0.19698E-04   0.18779E-04
 7156.23   0.19999E-04   0.19624E-04   0.18705E-04
 7169.83   0.23031E-04   0.19543E-04   0.18631E-04
 7183.44   0.25441E-04   0.19454E-04   0.18553E-04
 7197.04   0.26494E-04   0.19352E-04   0.18466E-04
 7210.65   0.25875E-04   0.19264E-04   0.18393E-04
 7224.25   0.23807E-04   0.19222E-04   0.18362E-04
 7237.86   0.20800E-04   0.19137E-04   0.18284E-04
 7251.46   0.17726E-04   0.19063E-04   0.18213E-04
 7265.07   0.15259E-04   0.18996E-04   0.18144E-04
 7278.67   0.13814E-04   0.18935E-04   0.18076E-04
 7292.28   0.13564E-04   0.18877E-04   0.18009E-04
 7305.88   0.14520E-04   0.18818E-04   0.17942E-04
 7319.49   0.16547E-04   0.18755E-04   0.17875E-04
 7333.09   0.19309E-04   0.18686E-04   0.17807E-04
 7346.70   0.22214E-04   0.18608E-04   0.17736E-04
 7360.30   0.24500E-04   0.18517E-04   0.17656E-04
 7373.91   0.25513E-04   0.18431E-04   0.17583E-04
 7387.51   0.24990E-04   0.18396E-04   0.17560E-04
 7401.12   0.22959E-04   0.18307E-04   0.17484E-04
 7414.72   0.20097E-04   0.18230E-04   0.17414E-04
 7428.33   0.17150E-04   0.18160E-04   0.17347E-04
 7441.93   0.14761E-04   0.18097E-04   0.17282E-04
 7455.54   0.13329E-04   0.18040E-04   0.17219E-04
 7469.14   0.13025E-04   0.17985E-04   0.17156E-04
 7482.75   0.13869E-04   0.17930E-04   0.17094E-04
 7496.35   0.15749E-04   0.17872E-04   0.17032E-04
 7509.96   0.18367E-04   0.17808E-04   0.16969E-04
 7523.56   0.21188E-04   0.17735E-04   0.16901E-04
 7537.17   0.23515E-04   0.17658E-04   0.16834E-04
 7550.77   0.24739E-04   0.17618E-04   0.16805E-04
 7564.38   0.24378E-04   0.17532E-04   0.16733E-04
 7577.98   0.22603E-04   0.17454E-04   0.16667E-04
 7591.59   0.19920E-04   0.17381E-04   0.16603E-04
 7605.19   0.17034E-04   0.17314E-04   0.16540E-04
 7618.80   0.14586E-04   0.17254E-04   0.16478E-04
 7632.40   0.12997E-04   0.17199E-04   0.16418E-04
 7646.01   0.12464E-04   0.17147E-04   0.16359E-04
 7659.61   0.13032E-04   0.17096E-04   0.16302E-04
 7673.22   0.14626E-04   0.17044E-04   0.16244E-04
 7686.82   0.17019E-04   0.16986E-04   0.16186E-04
 7700.43   0.19760E-04   0.16917E-04   0.16122E-04
 7714.03   0.22263E-04   0.16878E-04   0.16090E-04
 7727.64   0.23777E-04   0.16800E-04   0.16024E-04
 7741.24   0.23903E-04   0.16727E-04   0.15964E-04
 7754.85   0.22589E-04   0.16655E-04   0.15904E-04
 7768.45   0.20215E-04   0.16586E-04   0.15845E-04
 7782.06   0.17419E-04   0.16522E-04   0.15785E-04
 7795.66   0.14851E-04   0.16463E-04   0.15727E-04
 7809.27   0.12989E-04   0.16409E-04   0.15670E-04
 7822.87   0.12087E-04   0.16359E-04   0.15614E-04
 7836.48   0.12231E-04   0.16311E-04   0.15559E-04
 7850.08   0.13394E-04   0.16262E-04   0.15506E-04
 7863.69   0.15430E-04   0.16212E-04   0.15453E-04
 7877.29   0.18005E-04   0.16156E-04   0.15399E-04
 7890.90   0.20590E-04   0.16100E-04   0.15349E-04
 7904.50   0.22534E-04   0.16037E-04   0.15297E-04
 7918.11   0.23293E-04   0.15971E-04   0.15243E-04
 7931.71   0.22640E-04   0.15905E-04   0.15189E-04
 7945.32   0.20758E-04   0.15840E-04   0.15135E-04
 7958.92   0.18167E-04   0.15778E-04   0.15080E-04
 7972.53   0.15505E-04   0.15720E-04   0.15024E-04
 7986.13   0.13318E-04   0.15666E-04   0.14970E-04
 7999.74   0.11949E-04   0.15616E-04   0.14916E-04
 8013.34   0.11550E-04   0.15569E-04   0.14863E-04
 8026.95   0.12150E-04   0.15523E-04   0.14811E-04
 8040.55   0.13676E-04   0.15475E-04   0.14759E-04
 8054.16   0.15928E-04   0.15429E-04   0.14713E-04
 8067.76   0.18502E-04   0.15377E-04   0.14665E-04
 8081.37   0.20830E-04   0.15321E-04   0.14616E-04
 8094.97   0.22314E-04   0.15261E-04   0.14567E-04
 8108.58   0.22533E-04   0.15200E-04   0.14518E-04
 8122.18   0.21419E-04   0.15138E-04   0.14468E-04
 8135.79   0.19285E-04   0.15079E-04   0.14417E-04
 8149.39   0.16689E-04   0.15022E-04   0.14366E-04
 8163.00   0.14224E-04   0.14968E-04   0.14314E-04
 8176.60   0.12347E-04   0.14918E-04   0.14262E-04
 8190.21   0.11315E-04   0.14870E-04   0.14209E-04
 8203.81   0.11227E-04   0.14823E-04   0.14157E-04
 8217.42   0.12071E-04   0.14764E-04   0.14094E-04
 8231.02   0.13807E-04   0.14760E-04   0.14085E-04
 8244.63   0.16099E-04   0.14699E-04   0.14026E-04
 8258.23   0.18577E-04   0.14646E-04   0.13978E-04
 8271.84   0.20669E-04   0.14591E-04   0.13932E-04
 8285.44   0.21828E-04   0.14535E-04   0.13886E-04
 8299.05   0.21727E-04   0.14477E-04   0.13840E-04
 8312.65   0.20388E-04   0.14420E-04   0.13794E-04
 8326.26   0.18173E-04   0.14365E-04   0.13747E-04
 8339.86   0.15637E-04   0.14312E-04   0.13698E-04
 8353.47   0.13326E-04   0.14262E-04   0.13649E-04
 8367.07   0.11638E-04   0.14214E-04   0.13599E-04
 8380.68   0.10779E-04   0.14164E-04   0.13545E-04
 8394.28   0.10805E-04   0.14087E-04   0.13464E-04
 8407.89   0.11815E-04   0.14128E-04   0.13497E-04
 8421.49   0.13527E-04   0.14062E-04   0.13431E-04
 8435.10   0.15791E-04   0.14011E-04   0.13381E-04
 8448.70   0.18175E-04   0.13960E-04   0.13336E-04
 8462.31   0.20137E-04   0.13908E-04   0.13292E-04
 8475.91   0.21172E-04   0.13855E-04   0.13249E-04
 8489.52   0.20990E-04   0.13801E-04   0.13206E-04
 8503.12   0.19640E-04   0.13748E-04   0.13163E-04
 8516.73   0.17478E-04   0.13697E-04   0.13120E-04
 8530.33   0.15035E-04   0.13648E-04   0.13075E-04
 8543.94   0.12823E-04   0.13600E-04   0.13028E-04
 8557.54   0.11209E-04   0.13550E-04   0.12976E-04
 8571.15   0.10372E-04   0.13474E-04   0.12898E-04
 8584.75   0.10504E-04   0.13535E-04   0.12950E-04
 8598.36   0.11386E-04   0.13462E-04   0.12874E-04
 8611.96   0.13043E-04   0.13413E-04   0.12824E-04
 8625.57   0.15231E-04   0.13366E-04   0.12778E-04
 8639.17   0.17556E-04   0.13317E-04   0.12735E-04
 8652.78   0.19505E-04   0.13268E-04   0.12693E-04
 8666.38   0.20592E-04   0.13217E-04   0.12653E-04
 8679.99   0.20521E-04   0.13167E-04   0.12613E-04
 8693.59   0.19308E-04   0.13117E-04   0.12573E-04
 8707.20   0.17271E-04   0.13069E-04   0.12533E-04
 8720.80   0.14904E-04   0.13023E-04   0.12491E-04
 8734.41   0.12705E-04   0.12976E-04   0.12446E-04
 8748.01   0.11034E-04   0.12918E-04   0.12387E-04
 8761.62   0.10125E-04   0.12878E-04   0.12344E-04
 8775.22   0.10077E-04   0.12890E-04   0.12350E-04
 8788.83   0.10806E-04   0.12845E-04   0.12301E-04
 8802.43   0.12287E-04   0.12802E-04   0.12256E-04
 8816.04   0.14326E-04   0.12758E-04   0.12213E-04
 8829.64   0.16582E-04   0.12712E-04   0.12172E-04
 8843.25   0.18585E-04   0.12665E-04   0.12132E-04
 8856.85   0.19853E-04   0.12617E-04   0.12093E-04
 8870.46   0.20052E-04   0.12570E-04   0.12056E-04
 8884.06   0.19124E-04   0.12523E-04   0.12019E-04
 8897.67   0.17309E-04   0.12478E-04   0.11982E-04
 8911.27   0.15049E-04   0.12434E-04   0.11944E-04
 8924.88   0.12828E-04   0.12390E-04   0.11902E-04
 8938.48   0.11044E-04   0.12349E-04   0.11861E-04
 8952.09   0.99568E-05   0.12343E-04   0.11850E-04
 8965.69   0.96143E-05   0.12301E-04   0.11805E-04
 8979.30   0.10067E-04   0.12264E-04   0.11764E-04
 8992.90   0.11269E-04   0.12226E-04   0.11723E-04
 9006.51   0.13082E-04   0.12186E-04   0.11683E-04
 9020.11   0.15235E-04   0.12143E-04   0.11644E-04
 9033.72   0.17321E-04   0.12099E-04   0.11605E-04
 9047.32   0.18868E-04   0.12054E-04   0.11568E-04
 9060.93   0.19489E-04   0.12008E-04   0.11532E-04
 9074.53   0.19018E-04   0.11963E-04   0.11497E-04
 9088.14   0.17575E-04   0.11920E-04   0.11463E-04
 9101.74   0.15516E-04   0.11880E-04   0.11428E-04
 9115.35   0.13302E-04   0.11839E-04   0.11392E-04
 9128.95   0.11373E-04   0.11816E-04   0.11368E-04
 9142.56   0.99890E-05   0.11780E-04   0.11330E-04
 9156.16   0.93153E-05   0.11748E-04   0.11295E-04
 9169.77   0.93980E-05   0.11715E-04   0.11259E-04
 9183.37   0.10224E-04   0.11682E-04   0.11222E-04
 9196.98   0.11714E-04   0.11646E-04   0.11185E-04
 9210.58   0.13679E-04   0.11607E-04   0.11148E-04
 9224.19   0.15796E-04   0.11566E-04   0.11111E-04
 9237.79   0.17632E-04   0.11523E-04   0.11075E-04
 9251.40   0.18760E-04   0.11479E-04   0.11039E-04
 9265.00   0.18892E-04   0.11435E-04   0.11005E-04
 9278.61   0.17992E-04   0.11393E-04   0.10972E-04
 9292.21   0.16286E-04   0.11353E-04   0.10940E-04
 9305.82   0.14175E-04   0.11318E-04   0.10909E-04
 9319.42   0.12097E-04   0.11284E-04   0.10877E-04
 9333.03   0.10408E-04   0.11253E-04   0.10846E-04
 9346.63   0.93258E-05   0.11224E-04   0.10815E-04
 9360.24   0.89470E-05   0.11195E-04   0.10782E-04
 9373.84   0.92929E-05   0.11166E-04   0.10749E-04
 9387.45   0.10332E-04   0.11134E-04   0.10716E-04
 9401.05   0.11958E-04   0.11100E-04   0.10681E-04
 9414.66   0.13950E-04   0.11063E-04   0.10646E-04
 9428.26   0.15959E-04   0.11023E-04   0.10611E-04
 9441.87   0.17561E-04   0.10980E-04   0.10577E-04
 9455.47   0.18376E-04   0.10937E-04   0.10542E-04
 9469.08   0.18197E-04   0.10894E-04   0.10508E-04
 9482.68   0.17061E-04   0.10850E-04   0.10472E-04
 9496.29   0.15264E-04   0.10819E-04   0.10448E-04
 9509.89   0.13193E-04   0.10792E-04   0.10425E-04
 9523.50   0.11242E-04   0.10758E-04   0.10393E-04
 9537.10   0.97315E-05   0.10729E-04   0.10363E-04
 9550.71   0.88340E-05   0.10702E-04   0.10333E-04
 9564.31   0.86191E-05   0.10676E-04   0.10303E-04
 9577.92   0.90951E-05   0.10648E-04   0.10273E-04
 9591.52   0.10221E-04   0.10619E-04   0.10242E-04
 9605.13   0.11880E-04   0.10587E-04   0.10209E-04
 9618.73   0.13839E-04   0.10551E-04   0.10177E-04
 9632.34   0.15749E-04   0.10512E-04   0.10143E-04
 9645.94   0.17206E-04   0.10470E-04   0.10108E-04
 9659.55   0.17862E-04   0.10426E-04   0.10072E-04
 9673.15   0.17539E-04   0.10372E-04   0.10027E-04
 9686.76   0.16367E-04   0.10344E-04   0.10008E-04
 9700.36   0.14608E-04   0.10336E-04   0.10004E-04
 9713.97   0.12580E-04   0.10296E-04   0.99688E-05
 9727.57   0.10723E-04   0.10264E-04   0.99382E-05
 9741.18   0.93075E-05   0.10236E-04   0.99095E-05
 9754.78   0.84880E-05   0.10211E-04   0.98815E-05
 9768.39   0.83239E-05   0.10186E-04   0.98537E-05
 9781.99   0.88205E-05   0.10161E-04   0.98256E-05
 9795.60   0.99370E-05   0.10134E-04   0.97967E-05
 9809.20   0.11560E-04   0.10104E-04   0.97669E-05
 9822.81   0.13466E-04   0.10070E-04   0.97358E-05
 9836.41   0.15320E-04   0.10032E-04   0.97030E-05
 9850.02   0.16733E-04   0.99885E-05   0.96669E-05
 9863.62   0.17357E-04   0.99303E-05   0.96175E-05
 9877.23   0.17106E-04   0.99020E-05   0.95972E-05
 9890.83   0.16052E-04   0.99112E-05   0.96125E-05
 9904.44   0.14302E-04   0.98654E-05   0.95730E-05
 9918.04   0.12337E-04   0.98293E-05   0.95409E-05
 9931.65   0.10515E-04   0.97983E-05   0.95115E-05
 9945.25   0.91044E-05   0.97712E-05   0.94838E-05
 9958.86   0.82576E-05   0.97467E-05   0.94572E-05
 9972.46   0.80368E-05   0.97235E-05   0.94311E-05
 9986.07   0.84505E-05   0.97001E-05   0.94050E-05
 9999.67   0.94660E-05   0.96752E-05   0.93785E-05
