 1170.03   0.39034E-01   0.38587E-01   0.38013E-01
 1183.63   0.38640E-01   0.38174E-01   0.37604E-01
 1197.24   0.38252E-01   0.37766E-01   0.37200E-01
 1210.84   0.37872E-01   0.37368E-01   0.36805E-01
 1224.45   0.37496E-01   0.36974E-01   0.36415E-01
 1238.05   0.37125E-01   0.36586E-01   0.36030E-01
 1251.66   0.36760E-01   0.36203E-01   0.35651E-01
 1265.26   0.36398E-01   0.35824E-01   0.35276E-01
 1278.87   0.36046E-01   0.35455E-01   0.34912E-01
 1292.47   0.35695E-01   0.35088E-01   0.34548E-01
 1306.08   0.35350E-01   0.34727E-01   0.34191E-01
 1319.68   0.35009E-01   0.34371E-01   0.33839E-01
 1333.29   0.34672E-01   0.34019E-01   0.33491E-01
 1346.89   0.34345E-01   0.33677E-01   0.33153E-01
 1360.50   0.34015E-01   0.33332E-01   0.32813E-01
 1374.10   0.33692E-01   0.32994E-01   0.32479E-01
 1387.71   0.33374E-01   0.32662E-01   0.32151E-01
 1401.31   0.33059E-01   0.32333E-01   0.31827E-01
 1414.92   0.32746E-01   0.32007E-01   0.31505E-01
 1428.52   0.32443E-01   0.31691E-01   0.31194E-01
 1442.13   0.32139E-01   0.31374E-01   0.30882E-01
 1455.73   0.31840E-01   0.31063E-01   0.30575E-01
 1469.34   0.31546E-01   0.30756E-01   0.30273E-01
 1482.94   0.31254E-01   0.30453E-01   0.29974E-01
 1496.55   0.30969E-01   0.30155E-01   0.29681E-01
 1510.15   0.30685E-01   0.29860E-01   0.29390E-01
 1523.76   0.30404E-01   0.29568E-01   0.29103E-01
 1537.36   0.30128E-01   0.29281E-01   0.28821E-01
 1550.97   0.29856E-01   0.28998E-01   0.28542E-01
 1564.57   0.29587E-01   0.28719E-01   0.28268E-01
 1578.18   0.29322E-01   0.28444E-01   0.27998E-01
 1591.78   0.29060E-01   0.28171E-01   0.27730E-01
 1605.39   0.28800E-01   0.27902E-01   0.27466E-01
 1618.99   0.28544E-01   0.27637E-01   0.27205E-01
 1632.60   0.28292E-01   0.27376E-01   0.26948E-01
 1646.20   0.28043E-01   0.27118E-01   0.26696E-01
 1659.81   0.27797E-01   0.26863E-01   0.26446E-01
 1673.41   0.27554E-01   0.26612E-01   0.26199E-01
 1687.02   0.27313E-01   0.26363E-01   0.25955E-01
 1700.62   0.27075E-01   0.26117E-01   0.25713E-01
 1714.23   0.26839E-01   0.25873E-01   0.25475E-01
 1727.83   0.26609E-01   0.25636E-01   0.25242E-01
 1741.44   0.26380E-01   0.25399E-01   0.25010E-01
 1755.04   0.26154E-01   0.25166E-01   0.24781E-01
 1768.65   0.25930E-01   0.24935E-01   0.24555E-01
 1782.25   0.25708E-01   0.24706E-01   0.24331E-01
 1795.86   0.25486E-01   0.24479E-01   0.24108E-01
 1809.46   0.25274E-01   0.24259E-01   0.23894E-01
 1823.07   0.25059E-01   0.24039E-01   0.23678E-01
 1836.67   0.24848E-01   0.23822E-01   0.23466E-01
 1850.28   0.24639E-01   0.23608E-01   0.23256E-01
 1863.88   0.24433E-01   0.23396E-01   0.23049E-01
 1877.49   0.24226E-01   0.23184E-01   0.22842E-01
 1891.09   0.24029E-01   0.22981E-01   0.22644E-01
 1904.70   0.23828E-01   0.22776E-01   0.22443E-01
 1918.30   0.23630E-01   0.22574E-01   0.22246E-01
 1931.91   0.23436E-01   0.22375E-01   0.22051E-01
 1945.51   0.23243E-01   0.22178E-01   0.21859E-01
 1959.12   0.23052E-01   0.21983E-01   0.21668E-01
 1972.72   0.22868E-01   0.21794E-01   0.21484E-01
 1986.33   0.22679E-01   0.21602E-01   0.21297E-01
 1999.93   0.22494E-01   0.21414E-01   0.21113E-01
 2013.54   0.22312E-01   0.21228E-01   0.20932E-01
 2027.14   0.22132E-01   0.21045E-01   0.20753E-01
 2040.75   0.21954E-01   0.20864E-01   0.20576E-01
 2054.35   0.21777E-01   0.20683E-01   0.20400E-01
 2067.96   0.21605E-01   0.20509E-01   0.20230E-01
 2081.56   0.21432E-01   0.20333E-01   0.20059E-01
 2095.17   0.21261E-01   0.20160E-01   0.19890E-01
 2108.77   0.21092E-01   0.19988E-01   0.19723E-01
 2122.38   0.20925E-01   0.19819E-01   0.19558E-01
 2135.98   0.20760E-01   0.19652E-01   0.19395E-01
 2149.59   0.20597E-01   0.19488E-01   0.19235E-01
 2163.19   0.20435E-01   0.19324E-01   0.19075E-01
 2176.80   0.20274E-01   0.19162E-01   0.18918E-01
 2190.40   0.20115E-01   0.19002E-01   0.18762E-01
 2204.01   0.19957E-01   0.18843E-01   0.18607E-01
 2217.61   0.19802E-01   0.18687E-01   0.18455E-01
 2231.22   0.19649E-01   0.18532E-01   0.18305E-01
 2244.82   0.19497E-01   0.18380E-01   0.18156E-01
 2258.43   0.19346E-01   0.18229E-01   0.18009E-01
 2272.03   0.19197E-01   0.18079E-01   0.17864E-01
 2285.64   0.19049E-01   0.17931E-01   0.17720E-01
 2299.24   0.18903E-01   0.17784E-01   0.17577E-01
 2312.85   0.18758E-01   0.17639E-01   0.17436E-01
 2326.45   0.18614E-01   0.17496E-01   0.17296E-01
 2340.06   0.18474E-01   0.17356E-01   0.17160E-01
 2353.66   0.18334E-01   0.17216E-01   0.17024E-01
 2367.27   0.18195E-01   0.17078E-01   0.16890E-01
 2380.87   0.18058E-01   0.16941E-01   0.16757E-01
 2394.48   0.17921E-01   0.16805E-01   0.16625E-01
 2408.08   0.17785E-01   0.16670E-01   0.16494E-01
 2421.69   0.17651E-01   0.16537E-01   0.16365E-01
 2435.29   0.17521E-01   0.16408E-01   0.16239E-01
 2448.90   0.17390E-01   0.16279E-01   0.16113E-01
 2462.50   0.17261E-01   0.16151E-01   0.15989E-01
 2476.11   0.17133E-01   0.16024E-01   0.15865E-01
 2489.71   0.17005E-01   0.15898E-01   0.15743E-01
 2503.32   0.16878E-01   0.15773E-01   0.15621E-01
 2516.92   0.16752E-01   0.15648E-01   0.15501E-01
 2530.53   0.16632E-01   0.15529E-01   0.15385E-01
 2544.13   0.16509E-01   0.15408E-01   0.15268E-01
 2557.74   0.16387E-01   0.15289E-01   0.15152E-01
 2571.34   0.16267E-01   0.15171E-01   0.15038E-01
 2584.95   0.16148E-01   0.15055E-01   0.14924E-01
 2598.55   0.16030E-01   0.14939E-01   0.14811E-01
 2612.16   0.15911E-01   0.14822E-01   0.14698E-01
 2625.76   0.15799E-01   0.14713E-01   0.14592E-01
 2639.37   0.15683E-01   0.14599E-01   0.14482E-01
 2652.97   0.15569E-01   0.14488E-01   0.14374E-01
 2666.58   0.15457E-01   0.14378E-01   0.14268E-01
 2680.18   0.15345E-01   0.14270E-01   0.14162E-01
 2693.79   0.15235E-01   0.14163E-01   0.14058E-01
 2707.39   0.15124E-01   0.14055E-01   0.13954E-01
 2721.00   0.15019E-01   0.13952E-01   0.13854E-01
 2734.60   0.14910E-01   0.13847E-01   0.13752E-01
 2748.21   0.14803E-01   0.13743E-01   0.13651E-01
 2761.81   0.14697E-01   0.13641E-01   0.13551E-01
 2775.42   0.14592E-01   0.13539E-01   0.13453E-01
 2789.02   0.14489E-01   0.13440E-01   0.13356E-01
 2802.63   0.14386E-01   0.13341E-01   0.13260E-01
 2816.23   0.14284E-01   0.13242E-01   0.13165E-01
 2829.84   0.14184E-01   0.13146E-01   0.13071E-01
 2843.44   0.14084E-01   0.13050E-01   0.12978E-01
 2857.05   0.13985E-01   0.12954E-01   0.12885E-01
 2870.65   0.13886E-01   0.12859E-01   0.12793E-01
 2884.26   0.13788E-01   0.12766E-01   0.12702E-01
 2897.86   0.13692E-01   0.12673E-01   0.12612E-01
 2911.47   0.13596E-01   0.12582E-01   0.12524E-01
 2925.07   0.13502E-01   0.12492E-01   0.12436E-01
 2938.68   0.13408E-01   0.12402E-01   0.12349E-01
 2952.28   0.13315E-01   0.12313E-01   0.12263E-01
 2965.89   0.13222E-01   0.12225E-01   0.12177E-01
 2979.49   0.13130E-01   0.12137E-01   0.12092E-01
 2993.10   0.13039E-01   0.12050E-01   0.12008E-01
 3006.70   0.12948E-01   0.11965E-01   0.11924E-01
 3020.31   0.12859E-01   0.11880E-01   0.11842E-01
 3033.91   0.12771E-01   0.11797E-01   0.11761E-01
 3047.52   0.12684E-01   0.11714E-01   0.11680E-01
 3061.12   0.12597E-01   0.11631E-01   0.11601E-01
 3074.73   0.12510E-01   0.11550E-01   0.11521E-01
 3088.33   0.12424E-01   0.11469E-01   0.11442E-01
 3101.94   0.12339E-01   0.11388E-01   0.11364E-01
 3115.54   0.12254E-01   0.11308E-01   0.11286E-01
 3129.15   0.12169E-01   0.11229E-01   0.11209E-01
 3142.75   0.12089E-01   0.11153E-01   0.11136E-01
 3156.36   0.12006E-01   0.11075E-01   0.11061E-01
 3169.96   0.11925E-01   0.10999E-01   0.10987E-01
 3183.57   0.11845E-01   0.10924E-01   0.10913E-01
 3197.17   0.11764E-01   0.10849E-01   0.10840E-01
 3210.78   0.11684E-01   0.10774E-01   0.10768E-01
 3224.38   0.11605E-01   0.10700E-01   0.10695E-01
 3237.99   0.11525E-01   0.10625E-01   0.10623E-01
 3251.59   0.11451E-01   0.10556E-01   0.10556E-01
 3265.20   0.11373E-01   0.10484E-01   0.10486E-01
 3278.80   0.11297E-01   0.10413E-01   0.10417E-01
 3292.41   0.11222E-01   0.10343E-01   0.10349E-01
 3306.01   0.11147E-01   0.10274E-01   0.10281E-01
 3319.62   0.11072E-01   0.10205E-01   0.10214E-01
 3333.22   0.10998E-01   0.10136E-01   0.10147E-01
 3346.83   0.10923E-01   0.10066E-01   0.10079E-01
 3360.43   0.10854E-01   0.10003E-01   0.10018E-01
 3374.04   0.10781E-01   0.99352E-02   0.99518E-02
 3387.64   0.10709E-01   0.98689E-02   0.98872E-02
 3401.25   0.10638E-01   0.98035E-02   0.98236E-02
 3414.85   0.10568E-01   0.97390E-02   0.97607E-02
 3428.46   0.10498E-01   0.96750E-02   0.96984E-02
 3442.06   0.10429E-01   0.96114E-02   0.96364E-02
 3455.67   0.10358E-01   0.95469E-02   0.95736E-02
 3469.27   0.10295E-01   0.94886E-02   0.95169E-02
 3482.88   0.10225E-01   0.94249E-02   0.94548E-02
 3496.48   0.10157E-01   0.93629E-02   0.93944E-02
 3510.09   0.10090E-01   0.93017E-02   0.93347E-02
 3523.69   0.10024E-01   0.92413E-02   0.92758E-02
 3537.30   0.99586E-02   0.91817E-02   0.92177E-02
 3550.90   0.98938E-02   0.91226E-02   0.91601E-02
 3564.51   0.98292E-02   0.90640E-02   0.91029E-02
 3578.11   0.97637E-02   0.90045E-02   0.90448E-02
 3591.72   0.97028E-02   0.89492E-02   0.89910E-02
 3605.32   0.96392E-02   0.88916E-02   0.89347E-02
 3618.93   0.95761E-02   0.88344E-02   0.88790E-02
 3632.53   0.95135E-02   0.87779E-02   0.88237E-02
 3646.14   0.94516E-02   0.87219E-02   0.87691E-02
 3659.74   0.93904E-02   0.86667E-02   0.87152E-02
 3673.35   0.93298E-02   0.86121E-02   0.86619E-02
 3686.95   0.92698E-02   0.85581E-02   0.86091E-02
 3700.56   0.92106E-02   0.85048E-02   0.85571E-02
 3714.16   0.91513E-02   0.84516E-02   0.85051E-02
 3727.77   0.90924E-02   0.83986E-02   0.84533E-02
 3741.37   0.90336E-02   0.83460E-02   0.84018E-02
 3754.98   0.89752E-02   0.82936E-02   0.83507E-02
 3768.58   0.89173E-02   0.82418E-02   0.82999E-02
 3782.19   0.88599E-02   0.81905E-02   0.82497E-02
 3795.79   0.88031E-02   0.81398E-02   0.82002E-02
 3809.40   0.87472E-02   0.80899E-02   0.81514E-02
 3823.00   0.86917E-02   0.80405E-02   0.81030E-02
 3836.61   0.86365E-02   0.79913E-02   0.80549E-02
 3850.21   0.85816E-02   0.79425E-02   0.80071E-02
 3863.82   0.85269E-02   0.78939E-02   0.79595E-02
 3877.42   0.84724E-02   0.78455E-02   0.79121E-02
 3891.03   0.84181E-02   0.77974E-02   0.78649E-02
 3904.63   0.83642E-02   0.77496E-02   0.78181E-02
 3918.24   0.83106E-02   0.77021E-02   0.77715E-02
 3931.84   0.82577E-02   0.76553E-02   0.77257E-02
 3945.45   0.82071E-02   0.76107E-02   0.76820E-02
 3959.05   0.81552E-02   0.75649E-02   0.76370E-02
 3972.66   0.81039E-02   0.75197E-02   0.75927E-02
 3986.26   0.80528E-02   0.74748E-02   0.75486E-02
 3999.87   0.80020E-02   0.74301E-02   0.75047E-02
 4013.47   0.79512E-02   0.73855E-02   0.74609E-02
 4027.08   0.79006E-02   0.73409E-02   0.74171E-02
 4040.68   0.78497E-02   0.72963E-02   0.73732E-02
 4054.29   0.77989E-02   0.72516E-02   0.73293E-02
 4067.89   0.77538E-02   0.72123E-02   0.72908E-02
 4081.50   0.77046E-02   0.71693E-02   0.72485E-02
 4095.10   0.76563E-02   0.71271E-02   0.72070E-02
 4108.71   0.76086E-02   0.70854E-02   0.71660E-02
 4122.31   0.75611E-02   0.70441E-02   0.71253E-02
 4135.92   0.75138E-02   0.70028E-02   0.70847E-02
 4149.52   0.74665E-02   0.69616E-02   0.70441E-02
 4163.13   0.74187E-02   0.69200E-02   0.70031E-02
 4176.73   0.73706E-02   0.68780E-02   0.69618E-02
 4190.34   0.73295E-02   0.68426E-02   0.69270E-02
 4203.94   0.72827E-02   0.68019E-02   0.68869E-02
 4217.55   0.72371E-02   0.67624E-02   0.68479E-02
 4231.15   0.71921E-02   0.67235E-02   0.68095E-02
 4244.76   0.71477E-02   0.66850E-02   0.67716E-02
 4258.36   0.71036E-02   0.66469E-02   0.67340E-02
 4271.97   0.70596E-02   0.66089E-02   0.66965E-02
 4285.57   0.70154E-02   0.65707E-02   0.66587E-02
 4299.18   0.69708E-02   0.65322E-02   0.66207E-02
 4312.78   0.69321E-02   0.64991E-02   0.65881E-02
 4326.39   0.68876E-02   0.64606E-02   0.65501E-02
 4339.99   0.68445E-02   0.64235E-02   0.65134E-02
 4353.60   0.68020E-02   0.63870E-02   0.64772E-02
 4367.20   0.67601E-02   0.63510E-02   0.64416E-02
 4380.81   0.67187E-02   0.63154E-02   0.64065E-02
 4394.41   0.66776E-02   0.62802E-02   0.63717E-02
 4408.02   0.66368E-02   0.62452E-02   0.63370E-02
 4421.62   0.65953E-02   0.62097E-02   0.63018E-02
 4435.23   0.65594E-02   0.61793E-02   0.62719E-02
 4448.83   0.65169E-02   0.61428E-02   0.62356E-02
 4462.44   0.64765E-02   0.61082E-02   0.62013E-02
 4476.04   0.64364E-02   0.60739E-02   0.61673E-02
 4489.65   0.63968E-02   0.60401E-02   0.61338E-02
 4503.25   0.63576E-02   0.60066E-02   0.61006E-02
 4516.86   0.63189E-02   0.59737E-02   0.60679E-02
 4530.46   0.62807E-02   0.59411E-02   0.60356E-02
 4544.07   0.62427E-02   0.59089E-02   0.60036E-02
 4557.67   0.62047E-02   0.58765E-02   0.59715E-02
 4571.28   0.61682E-02   0.58457E-02   0.59408E-02
 4584.88   0.61307E-02   0.58137E-02   0.59091E-02
 4598.49   0.60933E-02   0.57820E-02   0.58775E-02
 4612.09   0.60560E-02   0.57504E-02   0.58461E-02
 4625.70   0.60190E-02   0.57190E-02   0.58148E-02
 4639.30   0.59824E-02   0.56879E-02   0.57839E-02
 4652.91   0.59461E-02   0.56572E-02   0.57533E-02
 4666.51   0.59103E-02   0.56269E-02   0.57232E-02
 4680.12   0.58749E-02   0.55970E-02   0.56934E-02
 4693.72   0.58399E-02   0.55674E-02   0.56640E-02
 4707.33   0.58051E-02   0.55381E-02   0.56347E-02
 4720.93   0.57704E-02   0.55088E-02   0.56056E-02
 4734.54   0.57358E-02   0.54796E-02   0.55764E-02
 4748.14   0.57012E-02   0.54504E-02   0.55473E-02
 4761.75   0.56667E-02   0.54213E-02   0.55183E-02
 4775.35   0.56324E-02   0.53924E-02   0.54894E-02
 4788.96   0.55984E-02   0.53637E-02   0.54607E-02
 4802.56   0.55646E-02   0.53353E-02   0.54323E-02
 4816.17   0.55310E-02   0.53070E-02   0.54040E-02
 4829.77   0.54998E-02   0.52809E-02   0.53780E-02
 4843.38   0.54667E-02   0.52530E-02   0.53501E-02
 4856.98   0.54343E-02   0.52259E-02   0.53230E-02
 4870.59   0.54022E-02   0.51990E-02   0.52960E-02
 4884.19   0.53701E-02   0.51721E-02   0.52691E-02
 4897.80   0.53381E-02   0.51452E-02   0.52422E-02
 4911.40   0.53061E-02   0.51184E-02   0.52153E-02
 4925.01   0.52742E-02   0.50915E-02   0.51884E-02
 4938.61   0.52423E-02   0.50647E-02   0.51615E-02
 4952.22   0.52095E-02   0.50370E-02   0.51337E-02
 4965.82   0.51834E-02   0.50159E-02   0.51125E-02
 4979.43   0.51513E-02   0.49888E-02   0.50853E-02
 4993.03   0.51208E-02   0.49633E-02   0.50597E-02
 5006.64   0.50908E-02   0.49382E-02   0.50346E-02
 5020.24   0.50610E-02   0.49134E-02   0.50096E-02
 5033.85   0.50313E-02   0.48886E-02   0.49847E-02
 5047.45   0.50016E-02   0.48638E-02   0.49597E-02
 5061.06   0.49719E-02   0.48389E-02   0.49347E-02
 5074.66   0.49419E-02   0.48138E-02   0.49094E-02
 5088.27   0.49104E-02   0.47871E-02   0.48826E-02
 5101.87   0.48893E-02   0.47707E-02   0.48661E-02
 5115.48   0.48573E-02   0.47435E-02   0.48387E-02
 5129.08   0.48284E-02   0.47193E-02   0.48143E-02
 5142.69   0.48001E-02   0.46957E-02   0.47905E-02
 5156.29   0.47722E-02   0.46726E-02   0.47672E-02
 5169.90   0.47446E-02   0.46496E-02   0.47440E-02
 5183.50   0.47171E-02   0.46267E-02   0.47209E-02
 5197.11   0.46896E-02   0.46038E-02   0.46978E-02
 5210.71   0.46618E-02   0.45806E-02   0.46744E-02
 5224.32   0.46330E-02   0.45563E-02   0.46498E-02
 5237.92   0.46032E-02   0.45312E-02   0.46244E-02
 5251.53   0.45832E-02   0.45155E-02   0.46086E-02
 5265.13   0.45556E-02   0.44924E-02   0.45853E-02
 5278.74   0.45288E-02   0.44701E-02   0.45627E-02
 5292.34   0.45025E-02   0.44482E-02   0.45405E-02
 5305.95   0.44766E-02   0.44267E-02   0.45188E-02
 5319.55   0.44510E-02   0.44055E-02   0.44972E-02
 5333.16   0.44255E-02   0.43844E-02   0.44758E-02
 5346.76   0.44000E-02   0.43632E-02   0.44544E-02
 5360.37   0.43741E-02   0.43416E-02   0.44325E-02
 5373.97   0.43479E-02   0.43196E-02   0.44102E-02
 5387.58   0.43270E-02   0.43030E-02   0.43934E-02
 5401.18   0.43010E-02   0.42812E-02   0.43712E-02
 5414.79   0.42757E-02   0.42601E-02   0.43498E-02
 5428.39   0.42508E-02   0.42394E-02   0.43288E-02
 5442.00   0.42263E-02   0.42190E-02   0.43081E-02
 5455.60   0.42022E-02   0.41990E-02   0.42877E-02
 5469.21   0.41784E-02   0.41793E-02   0.42676E-02
 5482.81   0.41548E-02   0.41598E-02   0.42478E-02
 5496.42   0.41313E-02   0.41403E-02   0.42280E-02
 5510.02   0.41073E-02   0.41203E-02   0.42076E-02
 5523.63   0.40871E-02   0.41041E-02   0.41911E-02
 5537.23   0.40627E-02   0.40836E-02   0.41703E-02
 5550.84   0.40393E-02   0.40641E-02   0.41504E-02
 5564.44   0.40160E-02   0.40448E-02   0.41307E-02
 5578.05   0.39930E-02   0.40256E-02   0.41111E-02
 5591.65   0.39701E-02   0.40066E-02   0.40917E-02
 5605.26   0.39476E-02   0.39879E-02   0.40726E-02
 5618.86   0.39253E-02   0.39694E-02   0.40538E-02
 5632.47   0.39034E-02   0.39513E-02   0.40352E-02
 5646.07   0.38818E-02   0.39334E-02   0.40169E-02
 5659.68   0.38601E-02   0.39155E-02   0.39986E-02
 5673.28   0.38391E-02   0.38982E-02   0.39809E-02
 5686.89   0.38177E-02   0.38804E-02   0.39628E-02
 5700.49   0.37964E-02   0.38627E-02   0.39446E-02
 5714.10   0.37750E-02   0.38449E-02   0.39264E-02
 5727.70   0.37536E-02   0.38271E-02   0.39082E-02
 5741.31   0.37324E-02   0.38094E-02   0.38901E-02
 5754.91   0.37113E-02   0.37919E-02   0.38721E-02
 5768.52   0.36904E-02   0.37745E-02   0.38543E-02
 5782.12   0.36699E-02   0.37575E-02   0.38368E-02
 5795.73   0.36496E-02   0.37406E-02   0.38195E-02
 5809.33   0.36298E-02   0.37243E-02   0.38027E-02
 5822.94   0.36101E-02   0.37079E-02   0.37859E-02
 5836.54   0.35904E-02   0.36916E-02   0.37692E-02
 5850.15   0.35707E-02   0.36753E-02   0.37524E-02
 5863.75   0.35511E-02   0.36590E-02   0.37356E-02
 5877.36   0.35314E-02   0.36426E-02   0.37188E-02
 5890.96   0.35117E-02   0.36262E-02   0.37019E-02
 5904.57   0.34920E-02   0.36097E-02   0.36850E-02
 5918.17   0.34725E-02   0.35933E-02   0.36681E-02
 5931.78   0.34530E-02   0.35771E-02   0.36513E-02
 5945.38   0.34334E-02   0.35606E-02   0.36344E-02
 5958.99   0.34149E-02   0.35453E-02   0.36186E-02
 5972.59   0.33979E-02   0.35314E-02   0.36043E-02
 5986.20   0.33794E-02   0.35159E-02   0.35883E-02
 5999.80   0.33611E-02   0.35008E-02   0.35727E-02
 6013.41   0.33430E-02   0.34857E-02   0.35571E-02
 6027.01   0.33250E-02   0.34706E-02   0.35415E-02
 6040.62   0.33068E-02   0.34555E-02   0.35259E-02
 6054.22   0.32886E-02   0.34402E-02   0.35101E-02
 6067.83   0.32704E-02   0.34249E-02   0.34943E-02
 6081.43   0.32520E-02   0.34094E-02   0.34783E-02
 6095.04   0.32330E-02   0.33931E-02   0.34615E-02
 6108.64   0.32151E-02   0.33781E-02   0.34459E-02
 6122.25   0.32016E-02   0.33676E-02   0.34349E-02
 6135.85   0.31838E-02   0.33525E-02   0.34194E-02
 6149.46   0.31667E-02   0.33382E-02   0.34045E-02
 6163.06   0.31498E-02   0.33241E-02   0.33899E-02
 6176.67   0.31332E-02   0.33101E-02   0.33754E-02
 6190.27   0.31165E-02   0.32962E-02   0.33610E-02
 6203.88   0.30999E-02   0.32822E-02   0.33465E-02
 6217.48   0.30831E-02   0.32680E-02   0.33318E-02
 6231.09   0.30661E-02   0.32536E-02   0.33168E-02
 6244.69   0.30483E-02   0.32383E-02   0.33009E-02
 6258.30   0.30312E-02   0.32237E-02   0.32858E-02
 6271.90   0.30201E-02   0.32154E-02   0.32771E-02
 6285.51   0.30028E-02   0.32006E-02   0.32617E-02
 6299.11   0.29865E-02   0.31867E-02   0.32473E-02
 6312.72   0.29706E-02   0.31733E-02   0.32333E-02
 6326.32   0.29551E-02   0.31602E-02   0.32197E-02
 6339.93   0.29397E-02   0.31472E-02   0.32062E-02
 6353.53   0.29245E-02   0.31344E-02   0.31928E-02
 6367.14   0.29092E-02   0.31214E-02   0.31793E-02
 6380.74   0.28937E-02   0.31083E-02   0.31657E-02
 6394.35   0.28778E-02   0.30946E-02   0.31514E-02
 6407.95   0.28620E-02   0.30810E-02   0.31372E-02
 6421.56   0.28521E-02   0.30738E-02   0.31295E-02
 6435.16   0.28352E-02   0.30590E-02   0.31142E-02
 6448.77   0.28198E-02   0.30457E-02   0.31003E-02
 6462.37   0.28048E-02   0.30328E-02   0.30868E-02
 6475.98   0.27901E-02   0.30202E-02   0.30737E-02
 6489.58   0.27756E-02   0.30079E-02   0.30609E-02
 6503.19   0.27614E-02   0.29958E-02   0.30482E-02
 6516.79   0.27474E-02   0.29839E-02   0.30358E-02
 6530.40   0.27334E-02   0.29720E-02   0.30233E-02
 6544.00   0.27193E-02   0.29599E-02   0.30107E-02
 6557.61   0.27043E-02   0.29468E-02   0.29970E-02
 6571.21   0.26888E-02   0.29331E-02   0.29827E-02
 6584.82   0.26797E-02   0.29263E-02   0.29754E-02
 6598.42   0.26653E-02   0.29138E-02   0.29624E-02
 6612.03   0.26513E-02   0.29016E-02   0.29496E-02
 6625.63   0.26374E-02   0.28896E-02   0.29370E-02
 6639.24   0.26238E-02   0.28778E-02   0.29247E-02
 6652.84   0.26104E-02   0.28662E-02   0.29125E-02
 6666.45   0.25972E-02   0.28549E-02   0.29006E-02
 6680.05   0.25843E-02   0.28438E-02   0.28889E-02
 6693.66   0.25715E-02   0.28327E-02   0.28774E-02
 6707.26   0.25587E-02   0.28217E-02   0.28658E-02
 6720.87   0.25458E-02   0.28105E-02   0.28540E-02
 6734.47   0.25346E-02   0.28011E-02   0.28441E-02
 6748.08   0.25216E-02   0.27898E-02   0.28322E-02
 6761.68   0.25089E-02   0.27786E-02   0.28205E-02
 6775.29   0.24961E-02   0.27675E-02   0.28088E-02
 6788.89   0.24834E-02   0.27563E-02   0.27970E-02
 6802.50   0.24708E-02   0.27453E-02   0.27854E-02
 6816.10   0.24584E-02   0.27343E-02   0.27739E-02
 6829.71   0.24461E-02   0.27236E-02   0.27626E-02
 6843.31   0.24341E-02   0.27130E-02   0.27515E-02
 6856.92   0.24223E-02   0.27027E-02   0.27406E-02
 6870.52   0.24106E-02   0.26926E-02   0.27299E-02
 6884.13   0.23991E-02   0.26825E-02   0.27193E-02
 6897.73   0.23877E-02   0.26726E-02   0.27088E-02
 6911.34   0.23763E-02   0.26626E-02   0.26982E-02
 6924.94   0.23649E-02   0.26525E-02   0.26876E-02
 6938.55   0.23533E-02   0.26423E-02   0.26768E-02
 6952.15   0.23418E-02   0.26320E-02   0.26660E-02
 6965.76   0.23302E-02   0.26217E-02   0.26551E-02
 6979.36   0.23187E-02   0.26114E-02   0.26443E-02
 6992.97   0.23072E-02   0.26012E-02   0.26335E-02
 7006.57   0.22959E-02   0.25911E-02   0.26228E-02
 7020.18   0.22848E-02   0.25811E-02   0.26123E-02
 7033.78   0.22737E-02   0.25712E-02   0.26018E-02
 7047.39   0.22634E-02   0.25622E-02   0.25922E-02
 7060.99   0.22532E-02   0.25532E-02   0.25827E-02
 7074.60   0.22427E-02   0.25438E-02   0.25728E-02
 7088.20   0.22323E-02   0.25345E-02   0.25629E-02
 7101.81   0.22219E-02   0.25252E-02   0.25531E-02
 7115.41   0.22114E-02   0.25158E-02   0.25431E-02
 7129.02   0.22009E-02   0.25063E-02   0.25330E-02
 7142.62   0.21903E-02   0.24967E-02   0.25229E-02
 7156.23   0.21797E-02   0.24870E-02   0.25127E-02
 7169.83   0.21691E-02   0.24773E-02   0.25024E-02
 7183.44   0.21585E-02   0.24675E-02   0.24921E-02
 7197.04   0.21473E-02   0.24571E-02   0.24811E-02
 7210.65   0.21378E-02   0.24486E-02   0.24720E-02
 7224.25   0.21302E-02   0.24422E-02   0.24651E-02
 7237.86   0.21201E-02   0.24329E-02   0.24553E-02
 7251.46   0.21104E-02   0.24241E-02   0.24459E-02
 7265.07   0.21009E-02   0.24154E-02   0.24367E-02
 7278.67   0.20914E-02   0.24068E-02   0.24275E-02
 7292.28   0.20819E-02   0.23981E-02   0.24183E-02
 7305.88   0.20723E-02   0.23893E-02   0.24089E-02
 7319.49   0.20627E-02   0.23803E-02   0.23994E-02
 7333.09   0.20529E-02   0.23712E-02   0.23898E-02
 7346.70   0.20429E-02   0.23618E-02   0.23798E-02
 7360.30   0.20320E-02   0.23513E-02   0.23688E-02
 7373.91   0.20227E-02   0.23427E-02   0.23597E-02
 7387.51   0.20178E-02   0.23391E-02   0.23556E-02
 7401.12   0.20078E-02   0.23296E-02   0.23455E-02
 7414.72   0.19986E-02   0.23209E-02   0.23363E-02
 7428.33   0.19896E-02   0.23126E-02   0.23274E-02
 7441.93   0.19809E-02   0.23044E-02   0.23188E-02
 7455.54   0.19723E-02   0.22964E-02   0.23102E-02
 7469.14   0.19637E-02   0.22884E-02   0.23016E-02
 7482.75   0.19550E-02   0.22802E-02   0.22929E-02
 7496.35   0.19463E-02   0.22719E-02   0.22841E-02
 7509.96   0.19372E-02   0.22632E-02   0.22749E-02
 7523.56   0.19274E-02   0.22537E-02   0.22648E-02
 7537.17   0.19185E-02   0.22452E-02   0.22558E-02
 7550.77   0.19153E-02   0.22432E-02   0.22534E-02
 7564.38   0.19052E-02   0.22332E-02   0.22428E-02
 7577.98   0.18963E-02   0.22245E-02   0.22336E-02
 7591.59   0.18878E-02   0.22164E-02   0.22250E-02
 7605.19   0.18796E-02   0.22085E-02   0.22166E-02
 7618.80   0.18716E-02   0.22008E-02   0.22084E-02
 7632.40   0.18637E-02   0.21933E-02   0.22004E-02
 7646.01   0.18559E-02   0.21859E-02   0.21924E-02
 7659.61   0.18481E-02   0.21783E-02   0.21844E-02
 7673.22   0.18402E-02   0.21707E-02   0.21762E-02
 7686.82   0.18319E-02   0.21625E-02   0.21675E-02
 7700.43   0.18213E-02   0.21517E-02   0.21562E-02
 7714.03   0.18219E-02   0.21540E-02   0.21581E-02
 7727.64   0.18111E-02   0.21429E-02   0.21464E-02
 7741.24   0.18027E-02   0.21344E-02   0.21375E-02
 7754.85   0.17947E-02   0.21265E-02   0.21290E-02
 7768.45   0.17869E-02   0.21188E-02   0.21208E-02
 7782.06   0.17793E-02   0.21113E-02   0.21128E-02
 7795.66   0.17719E-02   0.21040E-02   0.21050E-02
 7809.27   0.17646E-02   0.20969E-02   0.20974E-02
 7822.87   0.17576E-02   0.20899E-02   0.20900E-02
 7836.48   0.17505E-02   0.20830E-02   0.20826E-02
 7850.08   0.17435E-02   0.20760E-02   0.20751E-02
 7863.69   0.17360E-02   0.20685E-02   0.20671E-02
 7877.29   0.17285E-02   0.20609E-02   0.20591E-02
 7890.90   0.17243E-02   0.20573E-02   0.20549E-02
 7904.50   0.17167E-02   0.20494E-02   0.20466E-02
 7918.11   0.17093E-02   0.20420E-02   0.20387E-02
 7931.71   0.17021E-02   0.20347E-02   0.20309E-02
 7945.32   0.16950E-02   0.20274E-02   0.20232E-02
 7958.92   0.16880E-02   0.20203E-02   0.20156E-02
 7972.53   0.16811E-02   0.20133E-02   0.20081E-02
 7986.13   0.16744E-02   0.20065E-02   0.20009E-02
 7999.74   0.16679E-02   0.19999E-02   0.19938E-02
 8013.34   0.16615E-02   0.19934E-02   0.19868E-02
 8026.95   0.16552E-02   0.19870E-02   0.19800E-02
 8040.55   0.16488E-02   0.19805E-02   0.19730E-02
 8054.16   0.16422E-02   0.19735E-02   0.19656E-02
 8067.76   0.16370E-02   0.19684E-02   0.19600E-02
 8081.37   0.16306E-02   0.19619E-02   0.19530E-02
 8094.97   0.16243E-02   0.19552E-02   0.19460E-02
 8108.58   0.16179E-02   0.19486E-02   0.19388E-02
 8122.18   0.16114E-02   0.19418E-02   0.19316E-02
 8135.79   0.16050E-02   0.19351E-02   0.19245E-02
 8149.39   0.15986E-02   0.19284E-02   0.19173E-02
 8163.00   0.15924E-02   0.19218E-02   0.19103E-02
 8176.60   0.15863E-02   0.19153E-02   0.19034E-02
 8190.21   0.15803E-02   0.19091E-02   0.18967E-02
 8203.81   0.15745E-02   0.19030E-02   0.18902E-02
 8217.42   0.15688E-02   0.18970E-02   0.18837E-02
 8231.02   0.15634E-02   0.18913E-02   0.18776E-02
 8244.63   0.15579E-02   0.18854E-02   0.18713E-02
 8258.23   0.15523E-02   0.18795E-02   0.18650E-02
 8271.84   0.15468E-02   0.18736E-02   0.18586E-02
 8285.44   0.15411E-02   0.18675E-02   0.18522E-02
 8299.05   0.15354E-02   0.18613E-02   0.18456E-02
 8312.65   0.15296E-02   0.18551E-02   0.18389E-02
 8326.26   0.15238E-02   0.18487E-02   0.18321E-02
 8339.86   0.15180E-02   0.18424E-02   0.18254E-02
 8353.47   0.15122E-02   0.18361E-02   0.18187E-02
 8367.07   0.15065E-02   0.18299E-02   0.18120E-02
 8380.68   0.15009E-02   0.18236E-02   0.18054E-02
 8394.28   0.14944E-02   0.18164E-02   0.17977E-02
 8407.89   0.14921E-02   0.18142E-02   0.17951E-02
 8421.49   0.14863E-02   0.18078E-02   0.17883E-02
 8435.10   0.14812E-02   0.18021E-02   0.17822E-02
 8448.70   0.14762E-02   0.17966E-02   0.17763E-02
 8462.31   0.14712E-02   0.17910E-02   0.17704E-02
 8475.91   0.14662E-02   0.17854E-02   0.17644E-02
 8489.52   0.14611E-02   0.17797E-02   0.17583E-02
 8503.12   0.14559E-02   0.17739E-02   0.17521E-02
 8516.73   0.14506E-02   0.17679E-02   0.17457E-02
 8530.33   0.14453E-02   0.17619E-02   0.17393E-02
 8543.94   0.14399E-02   0.17557E-02   0.17327E-02
 8557.54   0.14343E-02   0.17492E-02   0.17259E-02
 8571.15   0.14267E-02   0.17403E-02   0.17167E-02
 8584.75   0.14291E-02   0.17437E-02   0.17196E-02
 8598.36   0.14220E-02   0.17354E-02   0.17109E-02
 8611.96   0.14169E-02   0.17295E-02   0.17047E-02
 8625.57   0.14122E-02   0.17241E-02   0.16989E-02
 8639.17   0.14077E-02   0.17188E-02   0.16933E-02
 8652.78   0.14032E-02   0.17136E-02   0.16877E-02
 8666.38   0.13988E-02   0.17084E-02   0.16822E-02
 8679.99   0.13942E-02   0.17031E-02   0.16765E-02
 8693.59   0.13896E-02   0.16977E-02   0.16707E-02
 8707.20   0.13849E-02   0.16921E-02   0.16648E-02
 8720.80   0.13799E-02   0.16863E-02   0.16586E-02
 8734.41   0.13746E-02   0.16800E-02   0.16520E-02
 8748.01   0.13676E-02   0.16715E-02   0.16432E-02
 8761.62   0.13638E-02   0.16670E-02   0.16384E-02
 8775.22   0.13645E-02   0.16680E-02   0.16389E-02
 8788.83   0.13592E-02   0.16616E-02   0.16321E-02
 8802.43   0.13545E-02   0.16560E-02   0.16262E-02
 8816.04   0.13502E-02   0.16508E-02   0.16207E-02
 8829.64   0.13461E-02   0.16457E-02   0.16153E-02
 8843.25   0.13421E-02   0.16408E-02   0.16101E-02
 8856.85   0.13381E-02   0.16360E-02   0.16049E-02
 8870.46   0.13341E-02   0.16311E-02   0.15997E-02
 8884.06   0.13300E-02   0.16261E-02   0.15944E-02
 8897.67   0.13258E-02   0.16209E-02   0.15889E-02
 8911.27   0.13213E-02   0.16153E-02   0.15829E-02
 8924.88   0.13158E-02   0.16085E-02   0.15759E-02
 8938.48   0.13117E-02   0.16034E-02   0.15704E-02
 8952.09   0.13131E-02   0.16050E-02   0.15716E-02
 8965.69   0.13074E-02   0.15979E-02   0.15643E-02
 8979.30   0.13028E-02   0.15922E-02   0.15583E-02
 8992.90   0.12986E-02   0.15869E-02   0.15526E-02
 9006.51   0.12946E-02   0.15818E-02   0.15473E-02
 9020.11   0.12908E-02   0.15770E-02   0.15421E-02
 9033.72   0.12871E-02   0.15723E-02   0.15372E-02
 9047.32   0.12836E-02   0.15677E-02   0.15323E-02
 9060.93   0.12801E-02   0.15632E-02   0.15274E-02
 9074.53   0.12765E-02   0.15586E-02   0.15226E-02
 9088.14   0.12729E-02   0.15538E-02   0.15175E-02
 9101.74   0.12688E-02   0.15486E-02   0.15121E-02
 9115.35   0.12626E-02   0.15407E-02   0.15039E-02
 9128.95   0.12673E-02   0.15460E-02   0.15088E-02
 9142.56   0.12607E-02   0.15377E-02   0.15002E-02
 9156.16   0.12564E-02   0.15321E-02   0.14943E-02
 9169.77   0.12524E-02   0.15269E-02   0.14889E-02
 9183.37   0.12486E-02   0.15218E-02   0.14836E-02
 9196.98   0.12449E-02   0.15169E-02   0.14784E-02
 9210.58   0.12414E-02   0.15122E-02   0.14734E-02
 9224.19   0.12380E-02   0.15076E-02   0.14686E-02
 9237.79   0.12347E-02   0.15032E-02   0.14639E-02
 9251.40   0.12316E-02   0.14989E-02   0.14594E-02
 9265.00   0.12285E-02   0.14947E-02   0.14549E-02
 9278.61   0.12254E-02   0.14904E-02   0.14504E-02
 9292.21   0.12221E-02   0.14859E-02   0.14455E-02
 9305.82   0.12187E-02   0.14812E-02   0.14406E-02
 9319.42   0.12178E-02   0.14796E-02   0.14387E-02
 9333.03   0.12141E-02   0.14745E-02   0.14334E-02
 9346.63   0.12107E-02   0.14698E-02   0.14284E-02
 9360.24   0.12073E-02   0.14651E-02   0.14235E-02
 9373.84   0.12039E-02   0.14604E-02   0.14186E-02
 9387.45   0.12006E-02   0.14557E-02   0.14137E-02
 9401.05   0.11973E-02   0.14511E-02   0.14089E-02
 9414.66   0.11941E-02   0.14467E-02   0.14042E-02
 9428.26   0.11911E-02   0.14423E-02   0.13996E-02
 9441.87   0.11882E-02   0.14381E-02   0.13952E-02
 9455.47   0.11854E-02   0.14341E-02   0.13909E-02
 9469.08   0.11828E-02   0.14301E-02   0.13867E-02
 9482.68   0.11801E-02   0.14262E-02   0.13826E-02
 9496.29   0.11773E-02   0.14221E-02   0.13783E-02
 9509.89   0.11751E-02   0.14187E-02   0.13746E-02
 9523.50   0.11725E-02   0.14148E-02   0.13705E-02
 9537.10   0.11697E-02   0.14107E-02   0.13662E-02
 9550.71   0.11669E-02   0.14065E-02   0.13618E-02
 9564.31   0.11641E-02   0.14023E-02   0.13573E-02
 9577.92   0.11611E-02   0.13979E-02   0.13528E-02
 9591.52   0.11582E-02   0.13935E-02   0.13482E-02
 9605.13   0.11552E-02   0.13891E-02   0.13436E-02
 9618.73   0.11523E-02   0.13848E-02   0.13391E-02
 9632.34   0.11496E-02   0.13806E-02   0.13347E-02
 9645.94   0.11469E-02   0.13765E-02   0.13305E-02
 9659.55   0.11443E-02   0.13726E-02   0.13263E-02
 9673.15   0.11418E-02   0.13686E-02   0.13222E-02
 9686.76   0.11399E-02   0.13654E-02   0.13188E-02
 9700.36   0.11377E-02   0.13618E-02   0.13150E-02
 9713.97   0.11354E-02   0.13582E-02   0.13111E-02
 9727.57   0.11331E-02   0.13545E-02   0.13073E-02
 9741.18   0.11308E-02   0.13508E-02   0.13034E-02
 9754.78   0.11284E-02   0.13470E-02   0.12994E-02
 9768.39   0.11259E-02   0.13430E-02   0.12953E-02
 9781.99   0.11234E-02   0.13390E-02   0.12911E-02
 9795.60   0.11208E-02   0.13348E-02   0.12868E-02
 9809.20   0.11181E-02   0.13306E-02   0.12824E-02
 9822.81   0.11154E-02   0.13264E-02   0.12780E-02
 9836.41   0.11127E-02   0.13222E-02   0.12737E-02
 9850.02   0.11100E-02   0.13179E-02   0.12693E-02
 9863.62   0.11068E-02   0.13130E-02   0.12643E-02
 9877.23   0.11057E-02   0.13106E-02   0.12616E-02
 9890.83   0.11051E-02   0.13088E-02   0.12596E-02
 9904.44   0.11026E-02   0.13048E-02   0.12555E-02
 9918.04   0.11005E-02   0.13012E-02   0.12517E-02
 9931.65   0.10985E-02   0.12977E-02   0.12481E-02
 9945.25   0.10965E-02   0.12942E-02   0.12444E-02
 9958.86   0.10945E-02   0.12907E-02   0.12408E-02
 9972.46   0.10924E-02   0.12870E-02   0.12370E-02
 9986.07   0.10902E-02   0.12832E-02   0.12331E-02
 9999.67   0.10879E-02   0.12793E-02   0.12290E-02
