   95.23   0.76479E+00   0.76679E+00   0.69092E+00
  108.84   0.77612E+00   0.77828E+00   0.70771E+00
  122.44   0.77429E+00   0.77657E+00   0.71165E+00
  136.05   0.76350E+00   0.76588E+00   0.70645E+00
  149.65   0.74682E+00   0.74928E+00   0.69497E+00
  163.26   0.72660E+00   0.72913E+00   0.67947E+00
  176.86   0.70389E+00   0.70648E+00   0.66102E+00
  190.47   0.67966E+00   0.68230E+00   0.64064E+00
  204.07   0.65431E+00   0.65698E+00   0.61877E+00
  217.68   0.62855E+00   0.63125E+00   0.59616E+00
  231.28   0.60267E+00   0.60539E+00   0.57312E+00
  244.89   0.57723E+00   0.57996E+00   0.55023E+00
  258.49   0.55244E+00   0.55518E+00   0.52775E+00
  272.10   0.52857E+00   0.53130E+00   0.50595E+00
  285.70   0.50564E+00   0.50838E+00   0.48489E+00
  299.31   0.48368E+00   0.48641E+00   0.46461E+00
  312.91   0.46291E+00   0.46563E+00   0.44536E+00
  326.52   0.44302E+00   0.44573E+00   0.42685E+00
  340.12   0.42407E+00   0.42677E+00   0.40915E+00
  353.73   0.40594E+00   0.40863E+00   0.39216E+00
  367.33   0.38868E+00   0.39135E+00   0.37594E+00
  380.94   0.37224E+00   0.37489E+00   0.36045E+00
  394.54   0.35655E+00   0.35919E+00   0.34564E+00
  408.15   0.34166E+00   0.34427E+00   0.33154E+00
  421.75   0.32752E+00   0.33011E+00   0.31813E+00
  435.36   0.31408E+00   0.31665E+00   0.30536E+00
  448.96   0.30132E+00   0.30387E+00   0.29322E+00
  462.57   0.28926E+00   0.29179E+00   0.28173E+00
  476.17   0.27780E+00   0.28030E+00   0.27078E+00
  489.78   0.26687E+00   0.26935E+00   0.26034E+00
  503.38   0.25656E+00   0.25901E+00   0.25047E+00
  516.99   0.24672E+00   0.24915E+00   0.24104E+00
  530.59   0.23732E+00   0.23973E+00   0.23202E+00
  544.20   0.22841E+00   0.23079E+00   0.22346E+00
  557.80   0.21989E+00   0.22225E+00   0.21527E+00
  571.41   0.21177E+00   0.21410E+00   0.20745E+00
  585.01   0.20404E+00   0.20635E+00   0.20000E+00
  598.62   0.19663E+00   0.19891E+00   0.19286E+00
  612.22   0.18958E+00   0.19184E+00   0.18605E+00
  625.83   0.18285E+00   0.18508E+00   0.17954E+00
  639.43   0.17644E+00   0.17865E+00   0.17335E+00
  653.04   0.17031E+00   0.17249E+00   0.16741E+00
  666.64   0.16446E+00   0.16661E+00   0.16175E+00
  680.25   0.15888E+00   0.16101E+00   0.15634E+00
  693.85   0.15354E+00   0.15564E+00   0.15116E+00
  707.46   0.14842E+00   0.15050E+00   0.14620E+00
  721.06   0.14354E+00   0.14559E+00   0.14145E+00
  734.67   0.13886E+00   0.14089E+00   0.13690E+00
  748.27   0.13438E+00   0.13639E+00   0.13255E+00
  761.88   0.13008E+00   0.13206E+00   0.12836E+00
  775.48   0.12595E+00   0.12791E+00   0.12434E+00
  789.09   0.12200E+00   0.12394E+00   0.12049E+00
  802.69   0.11821E+00   0.12012E+00   0.11679E+00
  816.30   0.11456E+00   0.11645E+00   0.11323E+00
  829.90   0.11105E+00   0.11292E+00   0.10981E+00
  843.51   0.10770E+00   0.10954E+00   0.10653E+00
  857.11   0.10447E+00   0.10628E+00   0.10337E+00
  870.72   0.10136E+00   0.10315E+00   0.10034E+00
  884.32   0.98373E-01   0.10014E+00   0.97414E-01
  897.93   0.95512E-01   0.97260E-01   0.94614E-01
  911.53   0.92746E-01   0.94472E-01   0.91906E-01
  925.14   0.90092E-01   0.91796E-01   0.89305E-01
  938.74   0.87537E-01   0.89219E-01   0.86800E-01
  952.35   0.85066E-01   0.86726E-01   0.84376E-01
  965.95   0.82708E-01   0.84347E-01   0.82063E-01
  979.56   0.80423E-01   0.82040E-01   0.79819E-01
  993.16   0.78222E-01   0.79818E-01   0.77658E-01
 1006.77   0.76098E-01   0.77673E-01   0.75570E-01
 1020.37   0.74054E-01   0.75608E-01   0.73560E-01
 1033.98   0.72073E-01   0.73607E-01   0.71612E-01
 1047.58   0.70162E-01   0.71676E-01   0.69732E-01
 1061.19   0.68319E-01   0.69813E-01   0.67917E-01
 1074.79   0.66537E-01   0.68010E-01   0.66162E-01
 1088.40   0.64818E-01   0.66272E-01   0.64469E-01
 1102.00   0.63153E-01   0.64588E-01   0.62827E-01
 1115.61   0.61544E-01   0.62959E-01   0.61241E-01
 1129.21   0.59990E-01   0.61386E-01   0.59707E-01
 1142.82   0.58488E-01   0.59865E-01   0.58225E-01
 1156.42   0.57035E-01   0.58393E-01   0.56790E-01
 1170.03   0.55628E-01   0.56968E-01   0.55400E-01
 1183.63   0.54266E-01   0.55588E-01   0.54054E-01
 1197.24   0.52949E-01   0.54252E-01   0.52751E-01
 1210.84   0.51676E-01   0.52961E-01   0.51492E-01
 1224.45   0.50442E-01   0.51710E-01   0.50271E-01
 1238.05   0.49247E-01   0.50497E-01   0.49088E-01
 1251.66   0.48088E-01   0.49320E-01   0.47940E-01
 1265.26   0.46963E-01   0.48178E-01   0.46826E-01
 1278.87   0.45878E-01   0.47076E-01   0.45751E-01
 1292.47   0.44822E-01   0.46003E-01   0.44704E-01
 1306.08   0.43799E-01   0.44963E-01   0.43689E-01
 1319.68   0.42805E-01   0.43953E-01   0.42703E-01
 1333.29   0.41840E-01   0.42972E-01   0.41745E-01
 1346.89   0.40909E-01   0.42025E-01   0.40821E-01
 1360.50   0.39998E-01   0.41097E-01   0.39915E-01
 1374.10   0.39116E-01   0.40200E-01   0.39039E-01
 1387.71   0.38260E-01   0.39328E-01   0.38188E-01
 1401.31   0.37427E-01   0.38480E-01   0.37359E-01
 1414.92   0.36616E-01   0.37652E-01   0.36552E-01
 1428.52   0.35835E-01   0.36856E-01   0.35775E-01
 1442.13   0.35071E-01   0.36077E-01   0.35014E-01
 1455.73   0.34330E-01   0.35321E-01   0.34275E-01
 1469.34   0.33609E-01   0.34585E-01   0.33557E-01
 1482.94   0.32906E-01   0.33868E-01   0.32856E-01
 1496.55   0.32228E-01   0.33175E-01   0.32180E-01
 1510.15   0.31563E-01   0.32496E-01   0.31517E-01
 1523.76   0.30918E-01   0.31837E-01   0.30873E-01
 1537.36   0.30290E-01   0.31195E-01   0.30247E-01
 1550.97   0.29680E-01   0.30571E-01   0.29637E-01
 1564.57   0.29084E-01   0.29962E-01   0.29042E-01
 1578.18   0.28508E-01   0.29372E-01   0.28466E-01
 1591.78   0.27943E-01   0.28795E-01   0.27902E-01
 1605.39   0.27394E-01   0.28232E-01   0.27353E-01
 1618.99   0.26859E-01   0.27684E-01   0.26818E-01
 1632.60   0.26339E-01   0.27151E-01   0.26298E-01
 1646.20   0.25832E-01   0.26631E-01   0.25790E-01
 1659.81   0.25338E-01   0.26124E-01   0.25295E-01
 1673.41   0.24855E-01   0.25629E-01   0.24812E-01
 1687.02   0.24384E-01   0.25146E-01   0.24340E-01
 1700.62   0.23926E-01   0.24675E-01   0.23880E-01
 1714.23   0.23479E-01   0.24216E-01   0.23432E-01
 1727.83   0.23043E-01   0.23768E-01   0.22995E-01
 1741.44   0.22618E-01   0.23331E-01   0.22569E-01
 1755.04   0.22203E-01   0.22905E-01   0.22152E-01
 1768.65   0.21798E-01   0.22488E-01   0.21745E-01
 1782.25   0.21402E-01   0.22080E-01   0.21348E-01
 1795.86   0.21015E-01   0.21683E-01   0.20959E-01
 1809.46   0.20640E-01   0.21297E-01   0.20583E-01
 1823.07   0.20273E-01   0.20918E-01   0.20213E-01
 1836.67   0.19914E-01   0.20549E-01   0.19853E-01
 1850.28   0.19564E-01   0.20187E-01   0.19500E-01
 1863.88   0.19221E-01   0.19834E-01   0.19156E-01
 1877.49   0.18886E-01   0.19488E-01   0.18818E-01
 1891.09   0.18562E-01   0.19153E-01   0.18492E-01
 1904.70   0.18242E-01   0.18824E-01   0.18170E-01
 1918.30   0.17931E-01   0.18502E-01   0.17857E-01
 1931.91   0.17626E-01   0.18188E-01   0.17550E-01
 1945.51   0.17329E-01   0.17880E-01   0.17250E-01
 1959.12   0.17037E-01   0.17578E-01   0.16956E-01
 1972.72   0.16756E-01   0.17287E-01   0.16672E-01
 1986.33   0.16476E-01   0.16997E-01   0.16390E-01
 1999.93   0.16204E-01   0.16716E-01   0.16115E-01
 2013.54   0.15938E-01   0.16440E-01   0.15847E-01
 2027.14   0.15678E-01   0.16171E-01   0.15584E-01
 2040.75   0.15423E-01   0.15907E-01   0.15327E-01
 2054.35   0.15172E-01   0.15646E-01   0.15073E-01
 2067.96   0.14931E-01   0.15397E-01   0.14830E-01
 2081.56   0.14692E-01   0.15149E-01   0.14588E-01
 2095.17   0.14458E-01   0.14906E-01   0.14352E-01
 2108.77   0.14230E-01   0.14669E-01   0.14121E-01
 2122.38   0.14006E-01   0.14437E-01   0.13895E-01
 2135.98   0.13787E-01   0.14209E-01   0.13673E-01
 2149.59   0.13574E-01   0.13988E-01   0.13458E-01
 2163.19   0.13363E-01   0.13768E-01   0.13244E-01
 2176.80   0.13157E-01   0.13554E-01   0.13036E-01
 2190.40   0.12956E-01   0.13344E-01   0.12832E-01
 2204.01   0.12758E-01   0.13139E-01   0.12632E-01
 2217.61   0.12565E-01   0.12938E-01   0.12437E-01
 2231.22   0.12376E-01   0.12741E-01   0.12245E-01
 2244.82   0.12191E-01   0.12548E-01   0.12057E-01
 2258.43   0.12010E-01   0.12359E-01   0.11873E-01
 2272.03   0.11831E-01   0.12173E-01   0.11692E-01
 2285.64   0.11657E-01   0.11990E-01   0.11515E-01
 2299.24   0.11486E-01   0.11812E-01   0.11342E-01
 2312.85   0.11318E-01   0.11637E-01   0.11172E-01
 2326.45   0.11154E-01   0.11465E-01   0.11005E-01
 2340.06   0.10993E-01   0.11297E-01   0.10842E-01
 2353.66   0.10835E-01   0.11132E-01   0.10681E-01
 2367.27   0.10680E-01   0.10970E-01   0.10524E-01
 2380.87   0.10528E-01   0.10811E-01   0.10369E-01
 2394.48   0.10379E-01   0.10655E-01   0.10218E-01
 2408.08   0.10232E-01   0.10502E-01   0.10069E-01
 2421.69   0.10089E-01   0.10352E-01   0.99235E-02
 2435.29   0.99486E-02   0.10204E-01   0.97808E-02
 2448.90   0.98106E-02   0.10060E-01   0.96405E-02
 2462.50   0.96751E-02   0.99179E-02   0.95027E-02
 2476.11   0.95419E-02   0.97782E-02   0.93673E-02
 2489.71   0.94111E-02   0.96410E-02   0.92342E-02
 2503.32   0.92825E-02   0.95061E-02   0.91035E-02
 2516.92   0.91559E-02   0.93732E-02   0.89747E-02
 2530.53   0.90340E-02   0.92451E-02   0.88505E-02
 2544.13   0.89127E-02   0.91177E-02   0.87271E-02
 2557.74   0.87938E-02   0.89927E-02   0.86060E-02
 2571.34   0.86770E-02   0.88698E-02   0.84870E-02
 2584.95   0.85620E-02   0.87490E-02   0.83700E-02
 2598.55   0.84489E-02   0.86299E-02   0.82547E-02
 2612.16   0.83372E-02   0.85125E-02   0.81411E-02
 2625.76   0.82303E-02   0.83998E-02   0.80320E-02
 2639.37   0.81231E-02   0.82870E-02   0.79229E-02
 2652.97   0.80182E-02   0.81765E-02   0.78160E-02
 2666.58   0.79152E-02   0.80680E-02   0.77110E-02
 2680.18   0.78139E-02   0.79612E-02   0.76078E-02
 2693.79   0.77141E-02   0.78561E-02   0.75062E-02
 2707.39   0.76151E-02   0.77517E-02   0.74053E-02
 2721.00   0.75214E-02   0.76528E-02   0.73096E-02
 2734.60   0.74260E-02   0.75522E-02   0.72125E-02
 2748.21   0.73329E-02   0.74540E-02   0.71176E-02
 2761.81   0.72416E-02   0.73577E-02   0.70246E-02
 2775.42   0.71519E-02   0.72630E-02   0.69332E-02
 2789.02   0.70637E-02   0.71698E-02   0.68433E-02
 2802.63   0.69767E-02   0.70779E-02   0.67546E-02
 2816.23   0.68908E-02   0.69872E-02   0.66670E-02
 2829.84   0.68083E-02   0.68999E-02   0.65828E-02
 2843.44   0.67254E-02   0.68122E-02   0.64982E-02
 2857.05   0.66441E-02   0.67262E-02   0.64153E-02
 2870.65   0.65642E-02   0.66417E-02   0.63339E-02
 2884.26   0.64858E-02   0.65587E-02   0.62538E-02
 2897.86   0.64086E-02   0.64770E-02   0.61751E-02
 2911.47   0.63324E-02   0.63963E-02   0.60974E-02
 2925.07   0.62587E-02   0.63182E-02   0.60222E-02
 2938.68   0.61847E-02   0.62399E-02   0.59467E-02
 2952.28   0.61121E-02   0.61629E-02   0.58727E-02
 2965.89   0.60407E-02   0.60873E-02   0.57998E-02
 2979.49   0.59705E-02   0.60128E-02   0.57282E-02
 2993.10   0.59015E-02   0.59397E-02   0.56578E-02
 3006.70   0.58336E-02   0.58678E-02   0.55887E-02
 3020.31   0.57668E-02   0.57969E-02   0.55205E-02
 3033.91   0.57014E-02   0.57275E-02   0.54538E-02
 3047.52   0.56365E-02   0.56587E-02   0.53877E-02
 3061.12   0.55726E-02   0.55910E-02   0.53226E-02
 3074.73   0.55096E-02   0.55242E-02   0.52584E-02
 3088.33   0.54476E-02   0.54584E-02   0.51952E-02
 3101.94   0.53867E-02   0.53937E-02   0.51331E-02
 3115.54   0.53267E-02   0.53300E-02   0.50720E-02
 3129.15   0.52678E-02   0.52675E-02   0.50119E-02
 3142.75   0.52099E-02   0.52059E-02   0.49529E-02
 3156.36   0.51527E-02   0.51452E-02   0.48947E-02
 3169.96   0.50963E-02   0.50853E-02   0.48372E-02
 3183.57   0.50407E-02   0.50262E-02   0.47805E-02
 3197.17   0.49858E-02   0.49679E-02   0.47247E-02
 3210.78   0.49317E-02   0.49104E-02   0.46696E-02
 3224.38   0.48784E-02   0.48538E-02   0.46153E-02
 3237.99   0.48260E-02   0.47981E-02   0.45620E-02
 3251.59   0.47750E-02   0.47438E-02   0.45100E-02
 3265.20   0.47243E-02   0.46898E-02   0.44583E-02
 3278.80   0.46743E-02   0.46367E-02   0.44074E-02
 3292.41   0.46250E-02   0.45842E-02   0.43572E-02
 3306.01   0.45762E-02   0.45324E-02   0.43077E-02
 3319.62   0.45281E-02   0.44812E-02   0.42587E-02
 3333.22   0.44806E-02   0.44306E-02   0.42104E-02
 3346.83   0.44337E-02   0.43808E-02   0.41627E-02
 3360.43   0.43888E-02   0.43330E-02   0.41170E-02
 3374.04   0.43432E-02   0.42845E-02   0.40707E-02
 3387.64   0.42986E-02   0.42371E-02   0.40254E-02
 3401.25   0.42547E-02   0.41903E-02   0.39807E-02
 3414.85   0.42113E-02   0.41442E-02   0.39367E-02
 3428.46   0.41684E-02   0.40985E-02   0.38931E-02
 3442.06   0.41259E-02   0.40534E-02   0.38501E-02
 3455.67   0.40833E-02   0.40082E-02   0.38070E-02
 3469.27   0.40444E-02   0.39667E-02   0.37674E-02
 3482.88   0.40030E-02   0.39228E-02   0.37255E-02
 3496.48   0.39629E-02   0.38801E-02   0.36848E-02
 3510.09   0.39235E-02   0.38382E-02   0.36449E-02
 3523.69   0.38847E-02   0.37969E-02   0.36056E-02
 3537.30   0.38464E-02   0.37562E-02   0.35668E-02
 3550.90   0.38085E-02   0.37159E-02   0.35284E-02
 3564.51   0.37708E-02   0.36759E-02   0.34903E-02
 3578.11   0.37329E-02   0.36356E-02   0.34520E-02
 3591.72   0.36986E-02   0.35990E-02   0.34171E-02
 3605.32   0.36624E-02   0.35605E-02   0.33805E-02
 3618.93   0.36269E-02   0.35228E-02   0.33446E-02
 3632.53   0.35920E-02   0.34857E-02   0.33093E-02
 3646.14   0.35576E-02   0.34491E-02   0.32746E-02
 3659.74   0.35237E-02   0.34130E-02   0.32403E-02
 3673.35   0.34902E-02   0.33774E-02   0.32064E-02
 3686.95   0.34565E-02   0.33417E-02   0.31725E-02
 3700.56   0.34254E-02   0.33084E-02   0.31410E-02
 3714.16   0.33925E-02   0.32736E-02   0.31079E-02
 3727.77   0.33604E-02   0.32395E-02   0.30756E-02
 3741.37   0.33288E-02   0.32060E-02   0.30438E-02
 3754.98   0.32977E-02   0.31730E-02   0.30124E-02
 3768.58   0.32671E-02   0.31404E-02   0.29816E-02
 3782.19   0.32369E-02   0.31084E-02   0.29512E-02
 3795.79   0.32070E-02   0.30767E-02   0.29212E-02
 3809.40   0.31774E-02   0.30453E-02   0.28914E-02
 3823.00   0.31489E-02   0.30150E-02   0.28627E-02
 3836.61   0.31199E-02   0.29843E-02   0.28336E-02
 3850.21   0.30913E-02   0.29540E-02   0.28050E-02
 3863.82   0.30631E-02   0.29242E-02   0.27767E-02
 3877.42   0.30353E-02   0.28947E-02   0.27488E-02
 3891.03   0.30078E-02   0.28656E-02   0.27213E-02
 3904.63   0.29808E-02   0.28370E-02   0.26942E-02
 3918.24   0.29541E-02   0.28087E-02   0.26675E-02
 3931.84   0.29278E-02   0.27808E-02   0.26411E-02
 3945.45   0.29019E-02   0.27535E-02   0.26152E-02
 3959.05   0.28762E-02   0.27262E-02   0.25895E-02
 3972.66   0.28507E-02   0.26992E-02   0.25640E-02
 3986.26   0.28254E-02   0.26726E-02   0.25388E-02
 3999.87   0.28005E-02   0.26462E-02   0.25139E-02
 4013.47   0.27758E-02   0.26201E-02   0.24893E-02
 4027.08   0.27515E-02   0.25944E-02   0.24650E-02
 4040.68   0.27275E-02   0.25690E-02   0.24411E-02
 4054.29   0.27039E-02   0.25441E-02   0.24175E-02
 4067.89   0.26807E-02   0.25196E-02   0.23945E-02
 4081.50   0.26576E-02   0.24953E-02   0.23715E-02
 4095.10   0.26348E-02   0.24712E-02   0.23488E-02
 4108.71   0.26122E-02   0.24473E-02   0.23263E-02
 4122.31   0.25898E-02   0.24237E-02   0.23041E-02
 4135.92   0.25675E-02   0.24003E-02   0.22820E-02
 4149.52   0.25455E-02   0.23772E-02   0.22602E-02
 4163.13   0.25237E-02   0.23542E-02   0.22386E-02
 4176.73   0.25023E-02   0.23317E-02   0.22174E-02
 4190.34   0.24818E-02   0.23101E-02   0.21971E-02
 4203.94   0.24609E-02   0.22881E-02   0.21764E-02
 4217.55   0.24403E-02   0.22665E-02   0.21561E-02
 4231.15   0.24200E-02   0.22451E-02   0.21360E-02
 4244.76   0.23998E-02   0.22240E-02   0.21161E-02
 4258.36   0.23798E-02   0.22030E-02   0.20964E-02
 4271.97   0.23599E-02   0.21821E-02   0.20768E-02
 4285.57   0.23401E-02   0.21614E-02   0.20573E-02
 4299.18   0.23205E-02   0.21410E-02   0.20381E-02
 4312.78   0.23026E-02   0.21221E-02   0.20204E-02
 4326.39   0.22833E-02   0.21020E-02   0.20015E-02
 4339.99   0.22646E-02   0.20824E-02   0.19831E-02
 4353.60   0.22461E-02   0.20631E-02   0.19650E-02
 4367.20   0.22279E-02   0.20441E-02   0.19472E-02
 4380.81   0.22099E-02   0.20252E-02   0.19295E-02
 4394.41   0.21919E-02   0.20065E-02   0.19119E-02
 4408.02   0.21741E-02   0.19879E-02   0.18945E-02
 4421.62   0.21559E-02   0.19691E-02   0.18768E-02
 4435.23   0.21412E-02   0.19534E-02   0.18622E-02
 4448.83   0.21226E-02   0.19343E-02   0.18442E-02
 4462.44   0.21055E-02   0.19164E-02   0.18275E-02
 4476.04   0.20886E-02   0.18989E-02   0.18111E-02
 4489.65   0.20721E-02   0.18817E-02   0.17950E-02
 4503.25   0.20557E-02   0.18647E-02   0.17790E-02
 4516.86   0.20395E-02   0.18479E-02   0.17633E-02
 4530.46   0.20234E-02   0.18312E-02   0.17477E-02
 4544.07   0.20073E-02   0.18145E-02   0.17321E-02
 4557.67   0.19911E-02   0.17978E-02   0.17165E-02
 4571.28   0.19769E-02   0.17829E-02   0.17025E-02
 4584.88   0.19610E-02   0.17665E-02   0.16872E-02
 4598.49   0.19455E-02   0.17506E-02   0.16723E-02
 4612.09   0.19303E-02   0.17349E-02   0.16576E-02
 4625.70   0.19153E-02   0.17194E-02   0.16432E-02
 4639.30   0.19005E-02   0.17042E-02   0.16289E-02
 4652.91   0.18859E-02   0.16891E-02   0.16149E-02
 4666.51   0.18714E-02   0.16742E-02   0.16009E-02
 4680.12   0.18568E-02   0.16592E-02   0.15870E-02
 4693.72   0.18419E-02   0.16441E-02   0.15728E-02
 4707.33   0.18291E-02   0.16307E-02   0.15604E-02
 4720.93   0.18150E-02   0.16162E-02   0.15468E-02
 4734.54   0.18010E-02   0.16019E-02   0.15335E-02
 4748.14   0.17872E-02   0.15878E-02   0.15203E-02
 4761.75   0.17736E-02   0.15739E-02   0.15073E-02
 4775.35   0.17602E-02   0.15602E-02   0.14945E-02
 4788.96   0.17469E-02   0.15466E-02   0.14819E-02
 4802.56   0.17338E-02   0.15333E-02   0.14695E-02
 4816.17   0.17208E-02   0.15199E-02   0.14570E-02
 4829.77   0.17085E-02   0.15073E-02   0.14453E-02
 4843.38   0.16955E-02   0.14941E-02   0.14330E-02
 4856.98   0.16828E-02   0.14812E-02   0.14210E-02
 4870.59   0.16702E-02   0.14684E-02   0.14090E-02
 4884.19   0.16577E-02   0.14557E-02   0.13972E-02
 4897.80   0.16453E-02   0.14432E-02   0.13855E-02
 4911.40   0.16330E-02   0.14308E-02   0.13739E-02
 4925.01   0.16210E-02   0.14185E-02   0.13626E-02
 4938.61   0.16091E-02   0.14065E-02   0.13513E-02
 4952.22   0.15973E-02   0.13945E-02   0.13402E-02
 4965.82   0.15858E-02   0.13829E-02   0.13294E-02
 4979.43   0.15742E-02   0.13712E-02   0.13185E-02
 4993.03   0.15627E-02   0.13596E-02   0.13078E-02
 5006.64   0.15513E-02   0.13481E-02   0.12971E-02
 5020.24   0.15399E-02   0.13367E-02   0.12865E-02
 5033.85   0.15286E-02   0.13254E-02   0.12759E-02
 5047.45   0.15174E-02   0.13142E-02   0.12655E-02
 5061.06   0.15063E-02   0.13030E-02   0.12552E-02
 5074.66   0.14954E-02   0.12921E-02   0.12449E-02
 5088.27   0.14844E-02   0.12811E-02   0.12348E-02
 5101.87   0.14743E-02   0.12710E-02   0.12254E-02
 5115.48   0.14636E-02   0.12603E-02   0.12154E-02
 5129.08   0.14531E-02   0.12498E-02   0.12057E-02
 5142.69   0.14427E-02   0.12395E-02   0.11961E-02
 5156.29   0.14324E-02   0.12292E-02   0.11866E-02
 5169.90   0.14221E-02   0.12190E-02   0.11771E-02
 5183.50   0.14119E-02   0.12089E-02   0.11677E-02
 5197.11   0.14017E-02   0.11988E-02   0.11583E-02
 5210.71   0.13916E-02   0.11888E-02   0.11490E-02
 5224.32   0.13814E-02   0.11788E-02   0.11397E-02
 5237.92   0.13714E-02   0.11689E-02   0.11306E-02
 5251.53   0.13626E-02   0.11601E-02   0.11224E-02
 5265.13   0.13529E-02   0.11506E-02   0.11136E-02
 5278.74   0.13434E-02   0.11412E-02   0.11049E-02
 5292.34   0.13340E-02   0.11319E-02   0.10963E-02
 5305.95   0.13246E-02   0.11227E-02   0.10877E-02
 5319.55   0.13153E-02   0.11136E-02   0.10793E-02
 5333.16   0.13060E-02   0.11045E-02   0.10708E-02
 5346.76   0.12967E-02   0.10954E-02   0.10624E-02
 5360.37   0.12874E-02   0.10863E-02   0.10539E-02
 5373.97   0.12782E-02   0.10774E-02   0.10456E-02
 5387.58   0.12704E-02   0.10696E-02   0.10385E-02
 5401.18   0.12613E-02   0.10607E-02   0.10303E-02
 5414.79   0.12524E-02   0.10522E-02   0.10223E-02
 5428.39   0.12437E-02   0.10437E-02   0.10145E-02
 5442.00   0.12352E-02   0.10354E-02   0.10068E-02
 5455.60   0.12267E-02   0.10272E-02   0.99913E-03
 5469.21   0.12182E-02   0.10190E-02   0.99153E-03
 5482.81   0.12098E-02   0.10108E-02   0.98396E-03
 5496.42   0.12012E-02   0.10026E-02   0.97636E-03
 5510.02   0.11922E-02   0.99404E-03   0.96840E-03
 5523.63   0.11865E-02   0.98812E-03   0.96303E-03
 5537.23   0.11772E-02   0.97938E-03   0.95487E-03
 5550.84   0.11689E-02   0.97144E-03   0.94751E-03
 5564.44   0.11608E-02   0.96369E-03   0.94032E-03
 5578.05   0.11528E-02   0.95607E-03   0.93326E-03
 5591.65   0.11450E-02   0.94856E-03   0.92631E-03
 5605.26   0.11372E-02   0.94114E-03   0.91944E-03
 5618.86   0.11295E-02   0.93378E-03   0.91262E-03
 5632.47   0.11218E-02   0.92645E-03   0.90583E-03
 5646.07   0.11140E-02   0.91906E-03   0.89898E-03
 5659.68   0.11061E-02   0.91167E-03   0.89212E-03
 5673.28   0.10998E-02   0.90552E-03   0.88648E-03
 5686.89   0.10920E-02   0.89813E-03   0.87961E-03
 5700.49   0.10844E-02   0.89100E-03   0.87300E-03
 5714.10   0.10769E-02   0.88399E-03   0.86650E-03
 5727.70   0.10696E-02   0.87709E-03   0.86011E-03
 5741.31   0.10624E-02   0.87029E-03   0.85381E-03
 5754.91   0.10553E-02   0.86358E-03   0.84760E-03
 5768.52   0.10482E-02   0.85695E-03   0.84146E-03
 5782.12   0.10412E-02   0.85036E-03   0.83537E-03
 5795.73   0.10341E-02   0.84374E-03   0.82923E-03
 5809.33   0.10269E-02   0.83706E-03   0.82303E-03
 5822.94   0.10209E-02   0.83129E-03   0.81773E-03
 5836.54   0.10139E-02   0.82479E-03   0.81170E-03
 5850.15   0.10070E-02   0.81839E-03   0.80576E-03
 5863.75   0.10002E-02   0.81205E-03   0.79989E-03
 5877.36   0.99340E-03   0.80579E-03   0.79409E-03
 5890.96   0.98673E-03   0.79961E-03   0.78836E-03
 5904.57   0.98015E-03   0.79352E-03   0.78272E-03
 5918.17   0.97365E-03   0.78751E-03   0.77715E-03
 5931.78   0.96723E-03   0.78157E-03   0.77166E-03
 5945.38   0.96082E-03   0.77566E-03   0.76618E-03
 5958.99   0.95436E-03   0.76972E-03   0.76068E-03
 5972.59   0.94841E-03   0.76424E-03   0.75561E-03
 5986.20   0.94211E-03   0.75845E-03   0.75026E-03
 5999.80   0.93583E-03   0.75271E-03   0.74494E-03
 6013.41   0.92957E-03   0.74700E-03   0.73964E-03
 6027.01   0.92335E-03   0.74133E-03   0.73438E-03
 6040.62   0.91716E-03   0.73571E-03   0.72917E-03
 6054.22   0.91104E-03   0.73016E-03   0.72402E-03
 6067.83   0.90500E-03   0.72467E-03   0.71893E-03
 6081.43   0.89904E-03   0.71926E-03   0.71392E-03
 6095.04   0.89313E-03   0.71390E-03   0.70896E-03
 6108.64   0.88732E-03   0.70864E-03   0.70409E-03
 6122.25   0.88166E-03   0.70354E-03   0.69936E-03
 6135.85   0.87590E-03   0.69835E-03   0.69455E-03
 6149.46   0.87018E-03   0.69319E-03   0.68977E-03
 6163.06   0.86446E-03   0.68805E-03   0.68501E-03
 6176.67   0.85875E-03   0.68293E-03   0.68026E-03
 6190.27   0.85305E-03   0.67784E-03   0.67553E-03
 6203.88   0.84737E-03   0.67278E-03   0.67083E-03
 6217.48   0.84174E-03   0.66776E-03   0.66617E-03
 6231.09   0.83615E-03   0.66279E-03   0.66155E-03
 6244.69   0.83057E-03   0.65783E-03   0.65694E-03
 6258.30   0.82523E-03   0.65306E-03   0.65253E-03
 6271.90   0.82020E-03   0.64858E-03   0.64838E-03
 6285.51   0.81482E-03   0.64381E-03   0.64396E-03
 6299.11   0.80955E-03   0.63914E-03   0.63963E-03
 6312.72   0.80432E-03   0.63451E-03   0.63533E-03
 6326.32   0.79910E-03   0.62990E-03   0.63106E-03
 6339.93   0.79388E-03   0.62530E-03   0.62679E-03
 6353.53   0.78865E-03   0.62072E-03   0.62252E-03
 6367.14   0.78343E-03   0.61615E-03   0.61827E-03
 6380.74   0.77821E-03   0.61158E-03   0.61402E-03
 6394.35   0.77295E-03   0.60700E-03   0.60975E-03
 6407.95   0.76792E-03   0.60260E-03   0.60567E-03
 6421.56   0.76375E-03   0.59890E-03   0.60227E-03
 6435.16   0.75849E-03   0.59435E-03   0.59802E-03
 6448.77   0.75353E-03   0.59004E-03   0.59402E-03
 6462.37   0.74867E-03   0.58582E-03   0.59009E-03
 6475.98   0.74386E-03   0.58164E-03   0.58622E-03
 6489.58   0.73907E-03   0.57750E-03   0.58237E-03
 6503.19   0.73428E-03   0.57337E-03   0.57852E-03
 6516.79   0.72949E-03   0.56924E-03   0.57468E-03
 6530.40   0.72467E-03   0.56510E-03   0.57083E-03
 6544.00   0.71979E-03   0.56094E-03   0.56693E-03
 6557.61   0.71459E-03   0.55653E-03   0.56279E-03
 6571.21   0.70970E-03   0.55237E-03   0.55890E-03
 6584.82   0.70649E-03   0.54950E-03   0.55633E-03
 6598.42   0.70171E-03   0.54545E-03   0.55254E-03
 6612.03   0.69711E-03   0.54154E-03   0.54889E-03
 6625.63   0.69261E-03   0.53771E-03   0.54532E-03
 6639.24   0.68816E-03   0.53393E-03   0.54181E-03
 6652.84   0.68376E-03   0.53020E-03   0.53833E-03
 6666.45   0.67937E-03   0.52648E-03   0.53487E-03
 6680.05   0.67497E-03   0.52277E-03   0.53141E-03
 6693.66   0.67054E-03   0.51904E-03   0.52792E-03
 6707.26   0.66599E-03   0.51523E-03   0.52435E-03
 6720.87   0.66154E-03   0.51150E-03   0.52086E-03
 6734.47   0.65855E-03   0.50888E-03   0.51852E-03
 6748.08   0.65379E-03   0.50494E-03   0.51479E-03
 6761.68   0.64941E-03   0.50129E-03   0.51137E-03
 6775.29   0.64514E-03   0.49773E-03   0.50804E-03
 6788.89   0.64096E-03   0.49424E-03   0.50478E-03
 6802.50   0.63684E-03   0.49081E-03   0.50157E-03
 6816.10   0.63278E-03   0.48743E-03   0.49842E-03
 6829.71   0.62875E-03   0.48408E-03   0.49529E-03
 6843.31   0.62473E-03   0.48074E-03   0.49217E-03
 6856.92   0.62068E-03   0.47740E-03   0.48904E-03
 6870.52   0.61649E-03   0.47394E-03   0.48579E-03
 6884.13   0.61232E-03   0.47052E-03   0.48257E-03
 6897.73   0.60939E-03   0.46804E-03   0.48033E-03
 6911.34   0.60522E-03   0.46462E-03   0.47711E-03
 6924.94   0.60120E-03   0.46133E-03   0.47402E-03
 6938.55   0.59724E-03   0.45810E-03   0.47098E-03
 6952.15   0.59335E-03   0.45492E-03   0.46800E-03
 6965.76   0.58951E-03   0.45179E-03   0.46506E-03
 6979.36   0.58573E-03   0.44871E-03   0.46217E-03
 6992.97   0.58200E-03   0.44567E-03   0.45932E-03
 7006.57   0.57830E-03   0.44266E-03   0.45650E-03
 7020.18   0.57460E-03   0.43966E-03   0.45369E-03
 7033.78   0.57081E-03   0.43659E-03   0.45082E-03
 7047.39   0.56698E-03   0.43351E-03   0.44790E-03
 7060.99   0.56399E-03   0.43106E-03   0.44565E-03
 7074.60   0.56026E-03   0.42807E-03   0.44283E-03
 7088.20   0.55659E-03   0.42512E-03   0.44006E-03
 7101.81   0.55294E-03   0.42220E-03   0.43730E-03
 7115.41   0.54932E-03   0.41930E-03   0.43457E-03
 7129.02   0.54573E-03   0.41643E-03   0.43187E-03
 7142.62   0.54219E-03   0.41361E-03   0.42921E-03
 7156.23   0.53870E-03   0.41083E-03   0.42659E-03
 7169.83   0.53526E-03   0.40809E-03   0.42401E-03
 7183.44   0.53185E-03   0.40538E-03   0.42147E-03
 7197.04   0.52844E-03   0.40266E-03   0.41892E-03
 7210.65   0.52502E-03   0.39996E-03   0.41637E-03
 7224.25   0.52193E-03   0.39751E-03   0.41407E-03
 7237.86   0.51858E-03   0.39486E-03   0.41158E-03
 7251.46   0.51523E-03   0.39223E-03   0.40909E-03
 7265.07   0.51189E-03   0.38960E-03   0.40661E-03
 7278.67   0.50855E-03   0.38698E-03   0.40413E-03
 7292.28   0.50523E-03   0.38437E-03   0.40166E-03
 7305.88   0.50193E-03   0.38178E-03   0.39921E-03
 7319.49   0.49865E-03   0.37922E-03   0.39678E-03
 7333.09   0.49542E-03   0.37670E-03   0.39439E-03
 7346.70   0.49223E-03   0.37421E-03   0.39204E-03
 7360.30   0.48904E-03   0.37173E-03   0.38970E-03
 7373.91   0.48599E-03   0.36935E-03   0.38746E-03
 7387.51   0.48305E-03   0.36707E-03   0.38529E-03
 7401.12   0.47997E-03   0.36468E-03   0.38304E-03
 7414.72   0.47692E-03   0.36231E-03   0.38080E-03
 7428.33   0.47387E-03   0.35995E-03   0.37857E-03
 7441.93   0.47081E-03   0.35760E-03   0.37633E-03
 7455.54   0.46775E-03   0.35524E-03   0.37409E-03
 7469.14   0.46470E-03   0.35289E-03   0.37185E-03
 7482.75   0.46164E-03   0.35054E-03   0.36962E-03
 7496.35   0.45860E-03   0.34821E-03   0.36740E-03
 7509.96   0.45558E-03   0.34590E-03   0.36519E-03
 7523.56   0.45253E-03   0.34357E-03   0.36297E-03
 7537.17   0.44970E-03   0.34141E-03   0.36093E-03
 7550.77   0.44721E-03   0.33951E-03   0.35914E-03
 7564.38   0.44423E-03   0.33725E-03   0.35698E-03
 7577.98   0.44137E-03   0.33508E-03   0.35492E-03
 7591.59   0.43856E-03   0.33295E-03   0.35290E-03
 7605.19   0.43575E-03   0.33083E-03   0.35088E-03
 7618.80   0.43295E-03   0.32871E-03   0.34886E-03
 7632.40   0.43014E-03   0.32659E-03   0.34684E-03
 7646.01   0.42732E-03   0.32447E-03   0.34481E-03
 7659.61   0.42450E-03   0.32234E-03   0.34277E-03
 7673.22   0.42166E-03   0.32021E-03   0.34073E-03
 7686.82   0.41878E-03   0.31805E-03   0.33864E-03
 7700.43   0.41551E-03   0.31560E-03   0.33625E-03
 7714.03   0.41443E-03   0.31481E-03   0.33565E-03
 7727.64   0.41117E-03   0.31237E-03   0.33326E-03
 7741.24   0.40842E-03   0.31032E-03   0.33128E-03
 7754.85   0.40576E-03   0.30835E-03   0.32939E-03
 7768.45   0.40315E-03   0.30641E-03   0.32754E-03
 7782.06   0.40057E-03   0.30449E-03   0.32571E-03
 7795.66   0.39800E-03   0.30259E-03   0.32388E-03
 7809.27   0.39543E-03   0.30069E-03   0.32206E-03
 7822.87   0.39284E-03   0.29878E-03   0.32022E-03
 7836.48   0.39024E-03   0.29686E-03   0.31837E-03
 7850.08   0.38760E-03   0.29490E-03   0.31648E-03
 7863.69   0.38480E-03   0.29283E-03   0.31445E-03
 7877.29   0.38227E-03   0.29097E-03   0.31266E-03
 7890.90   0.38075E-03   0.28989E-03   0.31172E-03
 7904.50   0.37798E-03   0.28785E-03   0.30972E-03
 7918.11   0.37543E-03   0.28598E-03   0.30791E-03
 7931.71   0.37296E-03   0.28417E-03   0.30616E-03
 7945.32   0.37054E-03   0.28240E-03   0.30445E-03
 7958.92   0.36815E-03   0.28066E-03   0.30278E-03
 7972.53   0.36579E-03   0.27894E-03   0.30112E-03
 7986.13   0.36343E-03   0.27723E-03   0.29947E-03
 7999.74   0.36107E-03   0.27552E-03   0.29782E-03
 8013.34   0.35869E-03   0.27379E-03   0.29614E-03
 8026.95   0.35625E-03   0.27202E-03   0.29442E-03
 8040.55   0.35351E-03   0.27001E-03   0.29243E-03
 8054.16   0.35111E-03   0.26827E-03   0.29072E-03
 8067.76   0.34988E-03   0.26745E-03   0.29004E-03
 8081.37   0.34740E-03   0.26565E-03   0.28827E-03
 8094.97   0.34504E-03   0.26394E-03   0.28661E-03
 8108.58   0.34274E-03   0.26229E-03   0.28499E-03
 8122.18   0.34048E-03   0.26067E-03   0.28341E-03
 8135.79   0.33826E-03   0.25908E-03   0.28187E-03
 8149.39   0.33607E-03   0.25751E-03   0.28035E-03
 8163.00   0.33390E-03   0.25596E-03   0.27885E-03
 8176.60   0.33174E-03   0.25443E-03   0.27736E-03
 8190.21   0.32957E-03   0.25288E-03   0.27585E-03
 8203.81   0.32735E-03   0.25130E-03   0.27431E-03
 8217.42   0.32476E-03   0.24944E-03   0.27245E-03
 8231.02   0.32396E-03   0.24896E-03   0.27211E-03
 8244.63   0.32138E-03   0.24710E-03   0.27024E-03
 8258.23   0.31915E-03   0.24551E-03   0.26868E-03
 8271.84   0.31698E-03   0.24397E-03   0.26716E-03
 8285.44   0.31484E-03   0.24246E-03   0.26568E-03
 8299.05   0.31274E-03   0.24097E-03   0.26421E-03
 8312.65   0.31066E-03   0.23951E-03   0.26278E-03
 8326.26   0.30862E-03   0.23807E-03   0.26137E-03
 8339.86   0.30660E-03   0.23666E-03   0.25999E-03
 8353.47   0.30461E-03   0.23527E-03   0.25862E-03
 8367.07   0.30263E-03   0.23388E-03   0.25727E-03
 8380.68   0.30063E-03   0.23249E-03   0.25591E-03
 8394.28   0.29853E-03   0.23101E-03   0.25443E-03
 8407.89   0.29717E-03   0.23009E-03   0.25357E-03
 8421.49   0.29504E-03   0.22860E-03   0.25210E-03
 8435.10   0.29304E-03   0.22721E-03   0.25072E-03
 8448.70   0.29107E-03   0.22583E-03   0.24936E-03
 8462.31   0.28912E-03   0.22447E-03   0.24801E-03
 8475.91   0.28717E-03   0.22311E-03   0.24666E-03
 8489.52   0.28524E-03   0.22176E-03   0.24533E-03
 8503.12   0.28334E-03   0.22044E-03   0.24402E-03
 8516.73   0.28146E-03   0.21913E-03   0.24272E-03
 8530.33   0.27960E-03   0.21785E-03   0.24146E-03
 8543.94   0.27777E-03   0.21659E-03   0.24021E-03
 8557.54   0.27595E-03   0.21534E-03   0.23898E-03
 8571.15   0.27404E-03   0.21405E-03   0.23771E-03
 8584.75   0.27263E-03   0.21303E-03   0.23669E-03
 8598.36   0.27075E-03   0.21176E-03   0.23544E-03
 8611.96   0.26896E-03   0.21054E-03   0.23423E-03
 8625.57   0.26718E-03   0.20932E-03   0.23302E-03
 8639.17   0.26540E-03   0.20810E-03   0.23180E-03
 8652.78   0.26362E-03   0.20688E-03   0.23058E-03
 8666.38   0.26184E-03   0.20565E-03   0.22936E-03
 8679.99   0.26007E-03   0.20443E-03   0.22814E-03
 8693.59   0.25832E-03   0.20323E-03   0.22693E-03
 8707.20   0.25658E-03   0.20204E-03   0.22573E-03
 8720.80   0.25485E-03   0.20086E-03   0.22456E-03
 8734.41   0.25314E-03   0.19970E-03   0.22339E-03
 8748.01   0.25138E-03   0.19851E-03   0.22221E-03
 8761.62   0.24981E-03   0.19746E-03   0.22117E-03
 8775.22   0.24837E-03   0.19647E-03   0.22017E-03
 8788.83   0.24672E-03   0.19536E-03   0.21907E-03
 8802.43   0.24510E-03   0.19426E-03   0.21798E-03
 8816.04   0.24348E-03   0.19318E-03   0.21689E-03
 8829.64   0.24186E-03   0.19209E-03   0.21579E-03
 8843.25   0.24024E-03   0.19099E-03   0.21469E-03
 8856.85   0.23861E-03   0.18989E-03   0.21358E-03
 8870.46   0.23699E-03   0.18879E-03   0.21246E-03
 8884.06   0.23537E-03   0.18768E-03   0.21135E-03
 8897.67   0.23375E-03   0.18659E-03   0.21023E-03
 8911.27   0.23214E-03   0.18549E-03   0.20911E-03
 8924.88   0.23047E-03   0.18435E-03   0.20795E-03
 8938.48   0.22902E-03   0.18339E-03   0.20700E-03
 8952.09   0.22787E-03   0.18266E-03   0.20629E-03
 8965.69   0.22625E-03   0.18157E-03   0.20517E-03
 8979.30   0.22473E-03   0.18055E-03   0.20415E-03
 8992.90   0.22324E-03   0.17956E-03   0.20315E-03
 9006.51   0.22176E-03   0.17858E-03   0.20216E-03
 9020.11   0.22029E-03   0.17760E-03   0.20117E-03
 9033.72   0.21882E-03   0.17662E-03   0.20017E-03
 9047.32   0.21735E-03   0.17564E-03   0.19917E-03
 9060.93   0.21586E-03   0.17464E-03   0.19815E-03
 9074.53   0.21438E-03   0.17364E-03   0.19712E-03
 9088.14   0.21288E-03   0.17262E-03   0.19607E-03
 9101.74   0.21134E-03   0.17156E-03   0.19498E-03
 9115.35   0.20949E-03   0.17023E-03   0.19356E-03
 9128.95   0.20941E-03   0.17048E-03   0.19398E-03
 9142.56   0.20752E-03   0.16910E-03   0.19251E-03
 9156.16   0.20605E-03   0.16810E-03   0.19148E-03
 9169.77   0.20464E-03   0.16717E-03   0.19052E-03
 9183.37   0.20327E-03   0.16626E-03   0.18959E-03
 9196.98   0.20192E-03   0.16537E-03   0.18868E-03
 9210.58   0.20058E-03   0.16449E-03   0.18778E-03
 9224.19   0.19925E-03   0.16361E-03   0.18688E-03
 9237.79   0.19791E-03   0.16273E-03   0.18597E-03
 9251.40   0.19656E-03   0.16184E-03   0.18505E-03
 9265.00   0.19521E-03   0.16093E-03   0.18411E-03
 9278.61   0.19382E-03   0.15999E-03   0.18314E-03
 9292.21   0.19234E-03   0.15896E-03   0.18205E-03
 9305.82   0.19107E-03   0.15813E-03   0.18119E-03
 9319.42   0.19049E-03   0.15793E-03   0.18108E-03
 9333.03   0.18895E-03   0.15684E-03   0.17991E-03
 9346.63   0.18759E-03   0.15592E-03   0.17895E-03
 9360.24   0.18629E-03   0.15506E-03   0.17805E-03
 9373.84   0.18502E-03   0.15422E-03   0.17717E-03
 9387.45   0.18378E-03   0.15340E-03   0.17633E-03
 9401.05   0.18255E-03   0.15260E-03   0.17550E-03
 9414.66   0.18133E-03   0.15181E-03   0.17468E-03
 9428.26   0.18011E-03   0.15102E-03   0.17386E-03
 9441.87   0.17889E-03   0.15023E-03   0.17304E-03
 9455.47   0.17766E-03   0.14942E-03   0.17219E-03
 9469.08   0.17640E-03   0.14857E-03   0.17131E-03
 9482.68   0.17500E-03   0.14760E-03   0.17026E-03
 9496.29   0.17383E-03   0.14682E-03   0.16945E-03
 9509.89   0.17328E-03   0.14665E-03   0.16935E-03
 9523.50   0.17194E-03   0.14572E-03   0.16835E-03
 9537.10   0.17071E-03   0.14489E-03   0.16747E-03
 9550.71   0.16951E-03   0.14409E-03   0.16662E-03
 9564.31   0.16834E-03   0.14331E-03   0.16580E-03
 9577.92   0.16719E-03   0.14256E-03   0.16501E-03
 9591.52   0.16606E-03   0.14182E-03   0.16423E-03
 9605.13   0.16494E-03   0.14109E-03   0.16347E-03
 9618.73   0.16383E-03   0.14038E-03   0.16273E-03
 9632.34   0.16273E-03   0.13967E-03   0.16198E-03
 9645.94   0.16162E-03   0.13896E-03   0.16123E-03
 9659.55   0.16049E-03   0.13822E-03   0.16045E-03
 9673.15   0.15923E-03   0.13738E-03   0.15955E-03
 9686.76   0.15816E-03   0.13666E-03   0.15878E-03
 9700.36   0.15758E-03   0.13640E-03   0.15856E-03
 9713.97   0.15641E-03   0.13561E-03   0.15771E-03
 9727.57   0.15530E-03   0.13487E-03   0.15692E-03
 9741.18   0.15421E-03   0.13414E-03   0.15614E-03
 9754.78   0.15313E-03   0.13343E-03   0.15538E-03
 9768.39   0.15207E-03   0.13273E-03   0.15463E-03
 9781.99   0.15103E-03   0.13204E-03   0.15389E-03
 9795.60   0.15000E-03   0.13137E-03   0.15318E-03
 9809.20   0.14898E-03   0.13071E-03   0.15248E-03
 9822.81   0.14798E-03   0.13007E-03   0.15179E-03
 9836.41   0.14698E-03   0.12943E-03   0.15112E-03
 9850.02   0.14597E-03   0.12879E-03   0.15044E-03
 9863.62   0.14488E-03   0.12811E-03   0.14971E-03
 9877.23   0.14391E-03   0.12746E-03   0.14901E-03
 9890.83   0.14326E-03   0.12705E-03   0.14859E-03
 9904.44   0.14223E-03   0.12639E-03   0.14788E-03
 9918.04   0.14124E-03   0.12575E-03   0.14718E-03
 9931.65   0.14025E-03   0.12510E-03   0.14649E-03
 9945.25   0.13927E-03   0.12446E-03   0.14579E-03
 9958.86   0.13830E-03   0.12381E-03   0.14509E-03
 9972.46   0.13734E-03   0.12318E-03   0.14440E-03
 9986.07   0.13639E-03   0.12255E-03   0.14372E-03
 9999.67   0.13545E-03   0.12193E-03   0.14306E-03
