  367.33   0.31124E+01   0.31571E+01   0.32044E+01
  380.94   0.30178E+01   0.30617E+01   0.31069E+01
  394.54   0.29260E+01   0.29690E+01   0.30122E+01
  408.15   0.28359E+01   0.28781E+01   0.29193E+01
  421.75   0.27476E+01   0.27889E+01   0.28282E+01
  435.36   0.26624E+01   0.27029E+01   0.27403E+01
  448.96   0.25787E+01   0.26183E+01   0.26538E+01
  462.57   0.24971E+01   0.25358E+01   0.25695E+01
  476.17   0.24183E+01   0.24562E+01   0.24881E+01
  489.78   0.23419E+01   0.23788E+01   0.24091E+01
  503.38   0.22673E+01   0.23034E+01   0.23320E+01
  516.99   0.21958E+01   0.22309E+01   0.22580E+01
  530.59   0.21269E+01   0.21612E+01   0.21868E+01
  544.20   0.20594E+01   0.20929E+01   0.21170E+01
  557.80   0.19944E+01   0.20270E+01   0.20497E+01
  571.41   0.19320E+01   0.19637E+01   0.19850E+01
  585.01   0.18709E+01   0.19018E+01   0.19219E+01
  598.62   0.18128E+01   0.18429E+01   0.18616E+01
  612.22   0.17564E+01   0.17857E+01   0.18032E+01
  625.83   0.17028E+01   0.17313E+01   0.17477E+01
  639.43   0.16497E+01   0.16774E+01   0.16927E+01
  653.04   0.15991E+01   0.16261E+01   0.16403E+01
  666.64   0.15502E+01   0.15764E+01   0.15897E+01
  680.25   0.15023E+01   0.15277E+01   0.15400E+01
  693.85   0.14576E+01   0.14823E+01   0.14937E+01
  707.46   0.14138E+01   0.14378E+01   0.14482E+01
  721.06   0.13714E+01   0.13947E+01   0.14044E+01
  734.67   0.13304E+01   0.13530E+01   0.13618E+01
  748.27   0.12913E+01   0.13132E+01   0.13213E+01
  761.88   0.12534E+01   0.12747E+01   0.12821E+01
  775.48   0.12167E+01   0.12374E+01   0.12440E+01
  789.09   0.11812E+01   0.12012E+01   0.12072E+01
  802.69   0.11472E+01   0.11665E+01   0.11719E+01
  816.30   0.11143E+01   0.11331E+01   0.11378E+01
  829.90   0.10825E+01   0.11006E+01   0.11048E+01
  843.51   0.10517E+01   0.10692E+01   0.10729E+01
  857.11   0.10220E+01   0.10390E+01   0.10421E+01
  870.72   0.99348E+00   0.10099E+01   0.10126E+01
  884.32   0.96590E+00   0.98182E+00   0.98397E+00
  897.93   0.93910E+00   0.95449E+00   0.95619E+00
  911.53   0.91325E+00   0.92812E+00   0.92939E+00
  925.14   0.88831E+00   0.90267E+00   0.90353E+00
  938.74   0.86426E+00   0.87813E+00   0.87861E+00
  952.35   0.84116E+00   0.85454E+00   0.85466E+00
  965.95   0.81833E+00   0.83125E+00   0.83101E+00
  979.56   0.79651E+00   0.80896E+00   0.80840E+00
  993.16   0.77547E+00   0.78747E+00   0.78659E+00
 1006.77   0.75523E+00   0.76679E+00   0.76562E+00
 1020.37   0.73533E+00   0.74646E+00   0.74501E+00
 1033.98   0.71631E+00   0.72702E+00   0.72530E+00
 1047.58   0.69782E+00   0.70811E+00   0.70615E+00
 1061.19   0.67995E+00   0.68985E+00   0.68765E+00
 1074.79   0.66293E+00   0.67244E+00   0.67001E+00
 1088.40   0.64583E+00   0.65496E+00   0.65232E+00
 1102.00   0.62962E+00   0.63838E+00   0.63554E+00
 1115.61   0.61388E+00   0.62227E+00   0.61924E+00
 1129.21   0.59866E+00   0.60669E+00   0.60349E+00
 1142.82   0.58367E+00   0.59136E+00   0.58799E+00
 1156.42   0.56956E+00   0.57692E+00   0.57339E+00
 1170.03   0.55573E+00   0.56276E+00   0.55908E+00
 1183.63   0.54228E+00   0.54898E+00   0.54517E+00
 1197.24   0.52923E+00   0.53562E+00   0.53168E+00
 1210.84   0.51649E+00   0.52257E+00   0.51850E+00
 1224.45   0.50428E+00   0.51006E+00   0.50588E+00
 1238.05   0.49240E+00   0.49789E+00   0.49361E+00
 1251.66   0.48085E+00   0.48605E+00   0.48167E+00
 1265.26   0.46961E+00   0.47454E+00   0.47007E+00
 1278.87   0.45869E+00   0.46335E+00   0.45879E+00
 1292.47   0.44813E+00   0.45253E+00   0.44789E+00
 1306.08   0.43789E+00   0.44203E+00   0.43733E+00
 1319.68   0.42795E+00   0.43184E+00   0.42707E+00
 1333.29   0.41827E+00   0.42191E+00   0.41708E+00
 1346.89   0.40885E+00   0.41225E+00   0.40736E+00
 1360.50   0.39969E+00   0.40287E+00   0.39793E+00
 1374.10   0.39081E+00   0.39376E+00   0.38877E+00
 1387.71   0.38219E+00   0.38492E+00   0.37989E+00
 1401.31   0.37381E+00   0.37633E+00   0.37126E+00
 1414.92   0.36566E+00   0.36796E+00   0.36287E+00
 1428.52   0.35768E+00   0.35978E+00   0.35465E+00
 1442.13   0.34995E+00   0.35184E+00   0.34670E+00
 1455.73   0.34244E+00   0.34414E+00   0.33897E+00
 1469.34   0.33515E+00   0.33666E+00   0.33148E+00
 1482.94   0.32808E+00   0.32941E+00   0.32420E+00
 1496.55   0.32109E+00   0.32225E+00   0.31703E+00
 1510.15   0.31436E+00   0.31534E+00   0.31012E+00
 1523.76   0.30780E+00   0.30860E+00   0.30338E+00
 1537.36   0.30141E+00   0.30205E+00   0.29682E+00
 1550.97   0.29521E+00   0.29569E+00   0.29046E+00
 1564.57   0.28919E+00   0.28951E+00   0.28428E+00
 1578.18   0.28322E+00   0.28339E+00   0.27816E+00
 1591.78   0.27747E+00   0.27749E+00   0.27228E+00
 1605.39   0.27186E+00   0.27174E+00   0.26653E+00
 1618.99   0.26640E+00   0.26613E+00   0.26094E+00
 1632.60   0.26109E+00   0.26069E+00   0.25551E+00
 1646.20   0.25583E+00   0.25529E+00   0.25013E+00
 1659.81   0.25082E+00   0.25016E+00   0.24501E+00
 1673.41   0.24590E+00   0.24511E+00   0.23997E+00
 1687.02   0.24108E+00   0.24017E+00   0.23506E+00
 1700.62   0.23639E+00   0.23535E+00   0.23026E+00
 1714.23   0.23183E+00   0.23068E+00   0.22561E+00
 1727.83   0.22731E+00   0.22605E+00   0.22101E+00
 1741.44   0.22298E+00   0.22161E+00   0.21659E+00
 1755.04   0.21873E+00   0.21725E+00   0.21226E+00
 1768.65   0.21458E+00   0.21300E+00   0.20803E+00
 1782.25   0.21052E+00   0.20884E+00   0.20391E+00
 1795.86   0.20657E+00   0.20479E+00   0.19988E+00
 1809.46   0.20269E+00   0.20081E+00   0.19594E+00
 1823.07   0.19892E+00   0.19696E+00   0.19211E+00
 1836.67   0.19525E+00   0.19319E+00   0.18838E+00
 1850.28   0.19166E+00   0.18951E+00   0.18474E+00
 1863.88   0.18814E+00   0.18591E+00   0.18117E+00
 1877.49   0.18471E+00   0.18240E+00   0.17769E+00
 1891.09   0.18135E+00   0.17896E+00   0.17428E+00
 1904.70   0.17807E+00   0.17560E+00   0.17096E+00
 1918.30   0.17487E+00   0.17233E+00   0.16772E+00
 1931.91   0.17174E+00   0.16913E+00   0.16456E+00
 1945.51   0.16868E+00   0.16600E+00   0.16147E+00
 1959.12   0.16569E+00   0.16294E+00   0.15845E+00
 1972.72   0.16275E+00   0.15994E+00   0.15549E+00
 1986.33   0.15989E+00   0.15701E+00   0.15260E+00
 1999.93   0.15709E+00   0.15415E+00   0.14978E+00
 2013.54   0.15436E+00   0.15136E+00   0.14702E+00
 2027.14   0.15168E+00   0.14863E+00   0.14433E+00
 2040.75   0.14907E+00   0.14596E+00   0.14170E+00
 2054.35   0.14651E+00   0.14335E+00   0.13913E+00
 2067.96   0.14399E+00   0.14078E+00   0.13660E+00
 2081.56   0.14154E+00   0.13827E+00   0.13414E+00
 2095.17   0.13914E+00   0.13583E+00   0.13173E+00
 2108.77   0.13679E+00   0.13343E+00   0.12938E+00
 2122.38   0.13449E+00   0.13109E+00   0.12708E+00
 2135.98   0.13225E+00   0.12881E+00   0.12483E+00
 2149.59   0.13002E+00   0.12654E+00   0.12260E+00
 2163.19   0.12787E+00   0.12435E+00   0.12046E+00
 2176.80   0.12576E+00   0.12220E+00   0.11834E+00
 2190.40   0.12369E+00   0.12009E+00   0.11628E+00
 2204.01   0.12166E+00   0.11803E+00   0.11425E+00
 2217.61   0.11968E+00   0.11601E+00   0.11228E+00
 2231.22   0.11776E+00   0.11405E+00   0.11036E+00
 2244.82   0.11582E+00   0.11209E+00   0.10844E+00
 2258.43   0.11395E+00   0.11019E+00   0.10659E+00
 2272.03   0.11212E+00   0.10834E+00   0.10477E+00
 2285.64   0.11033E+00   0.10652E+00   0.10299E+00
 2299.24   0.10857E+00   0.10473E+00   0.10125E+00
 2312.85   0.10685E+00   0.10299E+00   0.99541E-01
 2326.45   0.10518E+00   0.10129E+00   0.97882E-01
 2340.06   0.10350E+00   0.99591E-01   0.96225E-01
 2353.66   0.10188E+00   0.97951E-01   0.94624E-01
 2367.27   0.10029E+00   0.96341E-01   0.93054E-01
 2380.87   0.98727E-01   0.94762E-01   0.91513E-01
 2394.48   0.97195E-01   0.93213E-01   0.90004E-01
 2408.08   0.95694E-01   0.91696E-01   0.88526E-01
 2421.69   0.94232E-01   0.90219E-01   0.87087E-01
 2435.29   0.92772E-01   0.88745E-01   0.85653E-01
 2448.90   0.91358E-01   0.87318E-01   0.84265E-01
 2462.50   0.89969E-01   0.85918E-01   0.82902E-01
 2476.11   0.88606E-01   0.84543E-01   0.81566E-01
 2489.71   0.87267E-01   0.83194E-01   0.80255E-01
 2503.32   0.85953E-01   0.81871E-01   0.78969E-01
 2516.92   0.84666E-01   0.80576E-01   0.77711E-01
 2530.53   0.83396E-01   0.79299E-01   0.76471E-01
 2544.13   0.82155E-01   0.78051E-01   0.75261E-01
 2557.74   0.80937E-01   0.76828E-01   0.74074E-01
 2571.34   0.79741E-01   0.75627E-01   0.72909E-01
 2584.95   0.78567E-01   0.74448E-01   0.71767E-01
 2598.55   0.77412E-01   0.73290E-01   0.70645E-01
 2612.16   0.76279E-01   0.72154E-01   0.69544E-01
 2625.76   0.75165E-01   0.71039E-01   0.68465E-01
 2639.37   0.74072E-01   0.69945E-01   0.67406E-01
 2652.97   0.73000E-01   0.68872E-01   0.66368E-01
 2666.58   0.71946E-01   0.67819E-01   0.65349E-01
 2680.18   0.70912E-01   0.66785E-01   0.64350E-01
 2693.79   0.69895E-01   0.65770E-01   0.63369E-01
 2707.39   0.68896E-01   0.64774E-01   0.62406E-01
 2721.00   0.67914E-01   0.63794E-01   0.61460E-01
 2734.60   0.66949E-01   0.62832E-01   0.60532E-01
 2748.21   0.66001E-01   0.61888E-01   0.59621E-01
 2761.81   0.65070E-01   0.60962E-01   0.58727E-01
 2775.42   0.64155E-01   0.60052E-01   0.57850E-01
 2789.02   0.63256E-01   0.59159E-01   0.56988E-01
 2802.63   0.62372E-01   0.58281E-01   0.56143E-01
 2816.23   0.61504E-01   0.57420E-01   0.55313E-01
 2829.84   0.60647E-01   0.56571E-01   0.54495E-01
 2843.44   0.59807E-01   0.55738E-01   0.53694E-01
 2857.05   0.58981E-01   0.54921E-01   0.52907E-01
 2870.65   0.58169E-01   0.54117E-01   0.52134E-01
 2884.26   0.57371E-01   0.53328E-01   0.51375E-01
 2897.86   0.56586E-01   0.52554E-01   0.50630E-01
 2911.47   0.55815E-01   0.51793E-01   0.49898E-01
 2925.07   0.55053E-01   0.51042E-01   0.49177E-01
 2938.68   0.54308E-01   0.50307E-01   0.48471E-01
 2952.28   0.53573E-01   0.49584E-01   0.47777E-01
 2965.89   0.52851E-01   0.48873E-01   0.47094E-01
 2979.49   0.52140E-01   0.48174E-01   0.46424E-01
 2993.10   0.51441E-01   0.47488E-01   0.45765E-01
 3006.70   0.50753E-01   0.46813E-01   0.45118E-01
 3020.31   0.50077E-01   0.46150E-01   0.44483E-01
 3033.91   0.49410E-01   0.45496E-01   0.43856E-01
 3047.52   0.48755E-01   0.44855E-01   0.43242E-01
 3061.12   0.48110E-01   0.44225E-01   0.42637E-01
 3074.73   0.47475E-01   0.43604E-01   0.42044E-01
 3088.33   0.46850E-01   0.42995E-01   0.41460E-01
 3101.94   0.46236E-01   0.42395E-01   0.40886E-01
 3115.54   0.45631E-01   0.41805E-01   0.40322E-01
 3129.15   0.45035E-01   0.41225E-01   0.39767E-01
 3142.75   0.44449E-01   0.40655E-01   0.39222E-01
 3156.36   0.43872E-01   0.40094E-01   0.38685E-01
 3169.96   0.43303E-01   0.39543E-01   0.38158E-01
 3183.57   0.42744E-01   0.39000E-01   0.37639E-01
 3197.17   0.42193E-01   0.38466E-01   0.37129E-01
 3210.78   0.41651E-01   0.37941E-01   0.36628E-01
 3224.38   0.41117E-01   0.37424E-01   0.36135E-01
 3237.99   0.40590E-01   0.36916E-01   0.35649E-01
 3251.59   0.40073E-01   0.36416E-01   0.35172E-01
 3265.20   0.39563E-01   0.35924E-01   0.34703E-01
 3278.80   0.39060E-01   0.35440E-01   0.34241E-01
 3292.41   0.38565E-01   0.34963E-01   0.33786E-01
 3306.01   0.38077E-01   0.34494E-01   0.33339E-01
 3319.62   0.37597E-01   0.34033E-01   0.32899E-01
 3333.22   0.37124E-01   0.33579E-01   0.32466E-01
 3346.83   0.36658E-01   0.33132E-01   0.32041E-01
 3360.43   0.36199E-01   0.32693E-01   0.31622E-01
 3374.04   0.35747E-01   0.32260E-01   0.31210E-01
 3387.64   0.35301E-01   0.31833E-01   0.30804E-01
 3401.25   0.34862E-01   0.31414E-01   0.30404E-01
 3414.85   0.34429E-01   0.31001E-01   0.30011E-01
 3428.46   0.34002E-01   0.30594E-01   0.29624E-01
 3442.06   0.33581E-01   0.30194E-01   0.29243E-01
 3455.67   0.33167E-01   0.29800E-01   0.28868E-01
 3469.27   0.32759E-01   0.29412E-01   0.28500E-01
 3482.88   0.32357E-01   0.29031E-01   0.28137E-01
 3496.48   0.31961E-01   0.28655E-01   0.27779E-01
 3510.09   0.31570E-01   0.28284E-01   0.27427E-01
 3523.69   0.31184E-01   0.27919E-01   0.27080E-01
 3537.30   0.30803E-01   0.27560E-01   0.26739E-01
 3550.90   0.30428E-01   0.27206E-01   0.26402E-01
 3564.51   0.30059E-01   0.26857E-01   0.26071E-01
 3578.11   0.29694E-01   0.26514E-01   0.25745E-01
 3591.72   0.29336E-01   0.26177E-01   0.25425E-01
 3605.32   0.28982E-01   0.25845E-01   0.25109E-01
 3618.93   0.28634E-01   0.25517E-01   0.24798E-01
 3632.53   0.28289E-01   0.25194E-01   0.24492E-01
 3646.14   0.27950E-01   0.24876E-01   0.24189E-01
 3659.74   0.27614E-01   0.24562E-01   0.23892E-01
 3673.35   0.27283E-01   0.24253E-01   0.23598E-01
 3686.95   0.26956E-01   0.23947E-01   0.23308E-01
 3700.56   0.26639E-01   0.23652E-01   0.23028E-01
 3714.16   0.26321E-01   0.23355E-01   0.22746E-01
 3727.77   0.26008E-01   0.23064E-01   0.22470E-01
 3741.37   0.25700E-01   0.22778E-01   0.22199E-01
 3754.98   0.25396E-01   0.22496E-01   0.21931E-01
 3768.58   0.25096E-01   0.22217E-01   0.21667E-01
 3782.19   0.24800E-01   0.21943E-01   0.21407E-01
 3795.79   0.24507E-01   0.21672E-01   0.21150E-01
 3809.40   0.24217E-01   0.21404E-01   0.20896E-01
 3823.00   0.23937E-01   0.21146E-01   0.20651E-01
 3836.61   0.23655E-01   0.20886E-01   0.20404E-01
 3850.21   0.23378E-01   0.20630E-01   0.20162E-01
 3863.82   0.23105E-01   0.20379E-01   0.19924E-01
 3877.42   0.22836E-01   0.20132E-01   0.19690E-01
 3891.03   0.22570E-01   0.19888E-01   0.19459E-01
 3904.63   0.22307E-01   0.19647E-01   0.19230E-01
 3918.24   0.22047E-01   0.19409E-01   0.19005E-01
 3931.84   0.21789E-01   0.19173E-01   0.18781E-01
 3945.45   0.21543E-01   0.18947E-01   0.18567E-01
 3959.05   0.21292E-01   0.18719E-01   0.18351E-01
 3972.66   0.21046E-01   0.18494E-01   0.18138E-01
 3986.26   0.20803E-01   0.18273E-01   0.17928E-01
 3999.87   0.20564E-01   0.18056E-01   0.17722E-01
 4013.47   0.20328E-01   0.17841E-01   0.17519E-01
 4027.08   0.20094E-01   0.17629E-01   0.17318E-01
 4040.68   0.19863E-01   0.17420E-01   0.17120E-01
 4054.29   0.19634E-01   0.17212E-01   0.16923E-01
 4067.89   0.19414E-01   0.17014E-01   0.16735E-01
 4081.50   0.19191E-01   0.16813E-01   0.16544E-01
 4095.10   0.18972E-01   0.16614E-01   0.16357E-01
 4108.71   0.18755E-01   0.16419E-01   0.16172E-01
 4122.31   0.18542E-01   0.16227E-01   0.15990E-01
 4135.92   0.18331E-01   0.16038E-01   0.15810E-01
 4149.52   0.18123E-01   0.15852E-01   0.15633E-01
 4163.13   0.17918E-01   0.15667E-01   0.15459E-01
 4176.73   0.17714E-01   0.15485E-01   0.15286E-01
 4190.34   0.17517E-01   0.15308E-01   0.15118E-01
 4203.94   0.17318E-01   0.15131E-01   0.14950E-01
 4217.55   0.17122E-01   0.14956E-01   0.14785E-01
 4231.15   0.16929E-01   0.14784E-01   0.14621E-01
 4244.76   0.16738E-01   0.14614E-01   0.14460E-01
 4258.36   0.16549E-01   0.14446E-01   0.14301E-01
 4271.97   0.16364E-01   0.14281E-01   0.14144E-01
 4285.57   0.16180E-01   0.14118E-01   0.13990E-01
 4299.18   0.15999E-01   0.13958E-01   0.13838E-01
 4312.78   0.15821E-01   0.13800E-01   0.13688E-01
 4326.39   0.15644E-01   0.13644E-01   0.13540E-01
 4339.99   0.15469E-01   0.13489E-01   0.13393E-01
 4353.60   0.15296E-01   0.13337E-01   0.13249E-01
 4367.20   0.15125E-01   0.13186E-01   0.13105E-01
 4380.81   0.14956E-01   0.13037E-01   0.12964E-01
 4394.41   0.14789E-01   0.12891E-01   0.12825E-01
 4408.02   0.14625E-01   0.12746E-01   0.12688E-01
 4421.62   0.14462E-01   0.12604E-01   0.12553E-01
 4435.23   0.14303E-01   0.12464E-01   0.12420E-01
 4448.83   0.14144E-01   0.12326E-01   0.12288E-01
 4462.44   0.13988E-01   0.12189E-01   0.12158E-01
 4476.04   0.13833E-01   0.12054E-01   0.12030E-01
 4489.65   0.13680E-01   0.11920E-01   0.11903E-01
 4503.25   0.13528E-01   0.11788E-01   0.11778E-01
 4516.86   0.13379E-01   0.11658E-01   0.11654E-01
 4530.46   0.13230E-01   0.11529E-01   0.11531E-01
 4544.07   0.13084E-01   0.11402E-01   0.11410E-01
 4557.67   0.12940E-01   0.11277E-01   0.11291E-01
 4571.28   0.12799E-01   0.11156E-01   0.11176E-01
 4584.88   0.12658E-01   0.11034E-01   0.11060E-01
 4598.49   0.12519E-01   0.10914E-01   0.10945E-01
 4612.09   0.12382E-01   0.10795E-01   0.10833E-01
 4625.70   0.12246E-01   0.10678E-01   0.10721E-01
 4639.30   0.12112E-01   0.10562E-01   0.10611E-01
 4652.91   0.11978E-01   0.10448E-01   0.10502E-01
 4666.51   0.11846E-01   0.10334E-01   0.10393E-01
 4680.12   0.11715E-01   0.10222E-01   0.10286E-01
 4693.72   0.11585E-01   0.10110E-01   0.10180E-01
 4707.33   0.11464E-01   0.10006E-01   0.10081E-01
 4720.93   0.11338E-01   0.98987E-02   0.99781E-02
 4734.54   0.11214E-01   0.97930E-02   0.98772E-02
 4748.14   0.11092E-01   0.96888E-02   0.97778E-02
 4761.75   0.10971E-01   0.95859E-02   0.96795E-02
 4775.35   0.10852E-01   0.94841E-02   0.95823E-02
 4788.96   0.10733E-01   0.93833E-02   0.94860E-02
 4802.56   0.10616E-01   0.92833E-02   0.93903E-02
 4816.17   0.10497E-01   0.91828E-02   0.92942E-02
 4829.77   0.10395E-01   0.90959E-02   0.92117E-02
 4843.38   0.10275E-01   0.89948E-02   0.91146E-02
 4856.98   0.10163E-01   0.88995E-02   0.90234E-02
 4870.59   0.10052E-01   0.88060E-02   0.89339E-02
 4884.19   0.99432E-02   0.87140E-02   0.88458E-02
 4897.80   0.98357E-02   0.86233E-02   0.87589E-02
 4911.40   0.97293E-02   0.85337E-02   0.86731E-02
 4925.01   0.96239E-02   0.84449E-02   0.85880E-02
 4938.61   0.95192E-02   0.83568E-02   0.85035E-02
 4952.22   0.94134E-02   0.82679E-02   0.84180E-02
 4965.82   0.93211E-02   0.81909E-02   0.83448E-02
 4979.43   0.92158E-02   0.81024E-02   0.82595E-02
 4993.03   0.91151E-02   0.80180E-02   0.81784E-02
 5006.64   0.90161E-02   0.79351E-02   0.80988E-02
 5020.24   0.89186E-02   0.78536E-02   0.80205E-02
 5033.85   0.88224E-02   0.77733E-02   0.79433E-02
 5047.45   0.87274E-02   0.76941E-02   0.78671E-02
 5061.06   0.86336E-02   0.76158E-02   0.77919E-02
 5074.66   0.85405E-02   0.75383E-02   0.77173E-02
 5088.27   0.84472E-02   0.74606E-02   0.76424E-02
 5101.87   0.83629E-02   0.73911E-02   0.75759E-02
 5115.48   0.82694E-02   0.73132E-02   0.75006E-02
 5129.08   0.81796E-02   0.72386E-02   0.74286E-02
 5142.69   0.80909E-02   0.71651E-02   0.73577E-02
 5156.29   0.80035E-02   0.70926E-02   0.72878E-02
 5169.90   0.79172E-02   0.70212E-02   0.72189E-02
 5183.50   0.78321E-02   0.69509E-02   0.71510E-02
 5197.11   0.77481E-02   0.68816E-02   0.70840E-02
 5210.71   0.76651E-02   0.68132E-02   0.70179E-02
 5224.32   0.75828E-02   0.67453E-02   0.69523E-02
 5237.92   0.75005E-02   0.66774E-02   0.68866E-02
 5251.53   0.74225E-02   0.66134E-02   0.68248E-02
 5265.13   0.73425E-02   0.65477E-02   0.67611E-02
 5278.74   0.72634E-02   0.64826E-02   0.66981E-02
 5292.34   0.71851E-02   0.64183E-02   0.66357E-02
 5305.95   0.71077E-02   0.63547E-02   0.65741E-02
 5319.55   0.70312E-02   0.62920E-02   0.65132E-02
 5333.16   0.69557E-02   0.62303E-02   0.64532E-02
 5346.76   0.68813E-02   0.61694E-02   0.63941E-02
 5360.37   0.68078E-02   0.61093E-02   0.63358E-02
 5373.97   0.67352E-02   0.60501E-02   0.62783E-02
 5387.58   0.66637E-02   0.59917E-02   0.62215E-02
 5401.18   0.65926E-02   0.59338E-02   0.61651E-02
 5414.79   0.65221E-02   0.58763E-02   0.61092E-02
 5428.39   0.64522E-02   0.58194E-02   0.60538E-02
 5442.00   0.63829E-02   0.57630E-02   0.59988E-02
 5455.60   0.63143E-02   0.57071E-02   0.59443E-02
 5469.21   0.62464E-02   0.56519E-02   0.58904E-02
 5482.81   0.61793E-02   0.55974E-02   0.58371E-02
 5496.42   0.61130E-02   0.55436E-02   0.57846E-02
 5510.02   0.60474E-02   0.54905E-02   0.57327E-02
 5523.63   0.59847E-02   0.54396E-02   0.56830E-02
 5537.23   0.59203E-02   0.53876E-02   0.56321E-02
 5550.84   0.58573E-02   0.53366E-02   0.55822E-02
 5564.44   0.57949E-02   0.52862E-02   0.55329E-02
 5578.05   0.57331E-02   0.52362E-02   0.54839E-02
 5591.65   0.56717E-02   0.51867E-02   0.54353E-02
 5605.26   0.56109E-02   0.51375E-02   0.53870E-02
 5618.86   0.55505E-02   0.50888E-02   0.53391E-02
 5632.47   0.54908E-02   0.50405E-02   0.52917E-02
 5646.07   0.54314E-02   0.49926E-02   0.52446E-02
 5659.68   0.53735E-02   0.49460E-02   0.51987E-02
 5673.28   0.53186E-02   0.49020E-02   0.51556E-02
 5686.89   0.52611E-02   0.48558E-02   0.51100E-02
 5700.49   0.52050E-02   0.48107E-02   0.50656E-02
 5714.10   0.51497E-02   0.47663E-02   0.50218E-02
 5727.70   0.50949E-02   0.47223E-02   0.49785E-02
 5741.31   0.50405E-02   0.46787E-02   0.49354E-02
 5754.91   0.49866E-02   0.46354E-02   0.48927E-02
 5768.52   0.49331E-02   0.45924E-02   0.48501E-02
 5782.12   0.48798E-02   0.45496E-02   0.48077E-02
 5795.73   0.48264E-02   0.45066E-02   0.47651E-02
 5809.33   0.47742E-02   0.44648E-02   0.47236E-02
 5822.94   0.47275E-02   0.44280E-02   0.46874E-02
 5836.54   0.46760E-02   0.43867E-02   0.46464E-02
 5850.15   0.46260E-02   0.43467E-02   0.46066E-02
 5863.75   0.45767E-02   0.43073E-02   0.45675E-02
 5877.36   0.45280E-02   0.42685E-02   0.45290E-02
 5890.96   0.44799E-02   0.42301E-02   0.44908E-02
 5904.57   0.44321E-02   0.41920E-02   0.44529E-02
 5918.17   0.43847E-02   0.41541E-02   0.44151E-02
 5931.78   0.43374E-02   0.41162E-02   0.43773E-02
 5945.38   0.42895E-02   0.40777E-02   0.43388E-02
 5958.99   0.42423E-02   0.40398E-02   0.43009E-02
 5972.59   0.42024E-02   0.40091E-02   0.42706E-02
 5986.20   0.41565E-02   0.39722E-02   0.42336E-02
 5999.80   0.41117E-02   0.39365E-02   0.41979E-02
 6013.41   0.40677E-02   0.39015E-02   0.41628E-02
 6027.01   0.40244E-02   0.38670E-02   0.41283E-02
 6040.62   0.39816E-02   0.38330E-02   0.40942E-02
 6054.22   0.39393E-02   0.37994E-02   0.40605E-02
 6067.83   0.38973E-02   0.37660E-02   0.40270E-02
 6081.43   0.38555E-02   0.37328E-02   0.39936E-02
 6095.04   0.38133E-02   0.36989E-02   0.39594E-02
 6108.64   0.37712E-02   0.36652E-02   0.39254E-02
 6122.25   0.37356E-02   0.36380E-02   0.38983E-02
 6135.85   0.36947E-02   0.36052E-02   0.38653E-02
 6149.46   0.36548E-02   0.35733E-02   0.38331E-02
 6163.06   0.36155E-02   0.35421E-02   0.38015E-02
 6176.67   0.35767E-02   0.35113E-02   0.37704E-02
 6190.27   0.35386E-02   0.34810E-02   0.37398E-02
 6203.88   0.35009E-02   0.34512E-02   0.37097E-02
 6217.48   0.34637E-02   0.34217E-02   0.36798E-02
 6231.09   0.34269E-02   0.33925E-02   0.36502E-02
 6244.69   0.33900E-02   0.33632E-02   0.36205E-02
 6258.30   0.33532E-02   0.33338E-02   0.35906E-02
 6271.90   0.33201E-02   0.33083E-02   0.35649E-02
 6285.51   0.32840E-02   0.32794E-02   0.35355E-02
 6299.11   0.32486E-02   0.32512E-02   0.35067E-02
 6312.72   0.32136E-02   0.32233E-02   0.34783E-02
 6326.32   0.31790E-02   0.31958E-02   0.34502E-02
 6339.93   0.31449E-02   0.31687E-02   0.34226E-02
 6353.53   0.31112E-02   0.31420E-02   0.33954E-02
 6367.14   0.30781E-02   0.31157E-02   0.33685E-02
 6380.74   0.30453E-02   0.30899E-02   0.33421E-02
 6394.35   0.30129E-02   0.30642E-02   0.33159E-02
 6407.95   0.29808E-02   0.30387E-02   0.32898E-02
 6421.56   0.29501E-02   0.30146E-02   0.32651E-02
 6435.16   0.29184E-02   0.29894E-02   0.32392E-02
 6448.77   0.28871E-02   0.29645E-02   0.32137E-02
 6462.37   0.28561E-02   0.29399E-02   0.31883E-02
 6475.98   0.28254E-02   0.29154E-02   0.31631E-02
 6489.58   0.27950E-02   0.28911E-02   0.31382E-02
 6503.19   0.27649E-02   0.28672E-02   0.31135E-02
 6516.79   0.27352E-02   0.28436E-02   0.30891E-02
 6530.40   0.27059E-02   0.28203E-02   0.30651E-02
 6544.00   0.26770E-02   0.27974E-02   0.30415E-02
 6557.61   0.26484E-02   0.27749E-02   0.30182E-02
 6571.21   0.26202E-02   0.27527E-02   0.29952E-02
 6584.82   0.25929E-02   0.27307E-02   0.29725E-02
 6598.42   0.25653E-02   0.27089E-02   0.29498E-02
 6612.03   0.25379E-02   0.26871E-02   0.29273E-02
 6625.63   0.25108E-02   0.26655E-02   0.29049E-02
 6639.24   0.24838E-02   0.26440E-02   0.28825E-02
 6652.84   0.24571E-02   0.26226E-02   0.28602E-02
 6666.45   0.24306E-02   0.26014E-02   0.28381E-02
 6680.05   0.24043E-02   0.25804E-02   0.28162E-02
 6693.66   0.23784E-02   0.25597E-02   0.27946E-02
 6707.26   0.23527E-02   0.25392E-02   0.27732E-02
 6720.87   0.23277E-02   0.25195E-02   0.27526E-02
 6734.47   0.23040E-02   0.25005E-02   0.27327E-02
 6748.08   0.22790E-02   0.24807E-02   0.27120E-02
 6761.68   0.22547E-02   0.24613E-02   0.26918E-02
 6775.29   0.22307E-02   0.24422E-02   0.26717E-02
 6788.89   0.22069E-02   0.24232E-02   0.26518E-02
 6802.50   0.21832E-02   0.24043E-02   0.26319E-02
 6816.10   0.21598E-02   0.23855E-02   0.26121E-02
 6829.71   0.21364E-02   0.23667E-02   0.25923E-02
 6843.31   0.21133E-02   0.23480E-02   0.25726E-02
 6856.92   0.20903E-02   0.23294E-02   0.25530E-02
 6870.52   0.20672E-02   0.23107E-02   0.25332E-02
 6884.13   0.20451E-02   0.22931E-02   0.25146E-02
 6897.73   0.20252E-02   0.22776E-02   0.24983E-02
 6911.34   0.20030E-02   0.22597E-02   0.24793E-02
 6924.94   0.19815E-02   0.22425E-02   0.24610E-02
 6938.55   0.19603E-02   0.22255E-02   0.24430E-02
 6952.15   0.19394E-02   0.22088E-02   0.24252E-02
 6965.76   0.19187E-02   0.21921E-02   0.24075E-02
 6979.36   0.18981E-02   0.21755E-02   0.23899E-02
 6992.97   0.18777E-02   0.21590E-02   0.23723E-02
 7006.57   0.18573E-02   0.21424E-02   0.23546E-02
 7020.18   0.18369E-02   0.21257E-02   0.23368E-02
 7033.78   0.18162E-02   0.21084E-02   0.23182E-02
 7047.39   0.17964E-02   0.20924E-02   0.23011E-02
 7060.99   0.17801E-02   0.20805E-02   0.22884E-02
 7074.60   0.17603E-02   0.20642E-02   0.22710E-02
 7088.20   0.17413E-02   0.20486E-02   0.22543E-02
 7101.81   0.17225E-02   0.20335E-02   0.22380E-02
 7115.41   0.17041E-02   0.20186E-02   0.22220E-02
 7129.02   0.16859E-02   0.20039E-02   0.22062E-02
 7142.62   0.16679E-02   0.19893E-02   0.21905E-02
 7156.23   0.16500E-02   0.19747E-02   0.21748E-02
 7169.83   0.16321E-02   0.19601E-02   0.21591E-02
 7183.44   0.16143E-02   0.19454E-02   0.21431E-02
 7197.04   0.15959E-02   0.19297E-02   0.21262E-02
 7210.65   0.15783E-02   0.19151E-02   0.21103E-02
 7224.25   0.15645E-02   0.19055E-02   0.21001E-02
 7237.86   0.15470E-02   0.18908E-02   0.20841E-02
 7251.46   0.15300E-02   0.18767E-02   0.20688E-02
 7265.07   0.15135E-02   0.18631E-02   0.20540E-02
 7278.67   0.14972E-02   0.18497E-02   0.20394E-02
 7292.28   0.14811E-02   0.18366E-02   0.20251E-02
 7305.88   0.14653E-02   0.18236E-02   0.20110E-02
 7319.49   0.14496E-02   0.18108E-02   0.19970E-02
 7333.09   0.14340E-02   0.17980E-02   0.19831E-02
 7346.70   0.14185E-02   0.17851E-02   0.19690E-02
 7360.30   0.14027E-02   0.17717E-02   0.19544E-02
 7373.91   0.13872E-02   0.17586E-02   0.19400E-02
 7387.51   0.13747E-02   0.17498E-02   0.19303E-02
 7401.12   0.13593E-02   0.17366E-02   0.19158E-02
 7414.72   0.13444E-02   0.17240E-02   0.19020E-02
 7428.33   0.13297E-02   0.17117E-02   0.18885E-02
 7441.93   0.13153E-02   0.16996E-02   0.18752E-02
 7455.54   0.13011E-02   0.16878E-02   0.18621E-02
 7469.14   0.12871E-02   0.16762E-02   0.18493E-02
 7482.75   0.12733E-02   0.16647E-02   0.18367E-02
 7496.35   0.12596E-02   0.16534E-02   0.18242E-02
 7509.96   0.12461E-02   0.16422E-02   0.18118E-02
 7523.56   0.12326E-02   0.16309E-02   0.17993E-02
 7537.17   0.12192E-02   0.16195E-02   0.17867E-02
 7550.77   0.12075E-02   0.16105E-02   0.17766E-02
 7564.38   0.11941E-02   0.15990E-02   0.17639E-02
 7577.98   0.11811E-02   0.15879E-02   0.17515E-02
 7591.59   0.11682E-02   0.15769E-02   0.17393E-02
 7605.19   0.11555E-02   0.15661E-02   0.17272E-02
 7618.80   0.11430E-02   0.15553E-02   0.17153E-02
 7632.40   0.11306E-02   0.15448E-02   0.17035E-02
 7646.01   0.11184E-02   0.15345E-02   0.16919E-02
 7659.61   0.11063E-02   0.15243E-02   0.16806E-02
 7673.22   0.10944E-02   0.15143E-02   0.16694E-02
 7686.82   0.10827E-02   0.15044E-02   0.16583E-02
 7700.43   0.10708E-02   0.14946E-02   0.16472E-02
 7714.03   0.10605E-02   0.14855E-02   0.16370E-02
 7727.64   0.10487E-02   0.14757E-02   0.16260E-02
 7741.24   0.10374E-02   0.14660E-02   0.16151E-02
 7754.85   0.10262E-02   0.14564E-02   0.16043E-02
 7768.45   0.10151E-02   0.14468E-02   0.15934E-02
 7782.06   0.10041E-02   0.14372E-02   0.15826E-02
 7795.66   0.99314E-03   0.14277E-02   0.15719E-02
 7809.27   0.98234E-03   0.14183E-02   0.15612E-02
 7822.87   0.97168E-03   0.14090E-02   0.15507E-02
 7836.48   0.96116E-03   0.13999E-02   0.15404E-02
 7850.08   0.95076E-03   0.13909E-02   0.15302E-02
 7863.69   0.94044E-03   0.13822E-02   0.15202E-02
 7877.29   0.93045E-03   0.13736E-02   0.15105E-02
 7890.90   0.92100E-03   0.13651E-02   0.15009E-02
 7904.50   0.91103E-03   0.13566E-02   0.14912E-02
 7918.11   0.90124E-03   0.13482E-02   0.14816E-02
 7931.71   0.89156E-03   0.13398E-02   0.14719E-02
 7945.32   0.88195E-03   0.13314E-02   0.14623E-02
 7958.92   0.87241E-03   0.13229E-02   0.14527E-02
 7972.53   0.86294E-03   0.13145E-02   0.14430E-02
 7986.13   0.85355E-03   0.13061E-02   0.14334E-02
 7999.74   0.84425E-03   0.12978E-02   0.14238E-02
 8013.34   0.83504E-03   0.12895E-02   0.14144E-02
 8026.95   0.82590E-03   0.12813E-02   0.14050E-02
 8040.55   0.81660E-03   0.12730E-02   0.13954E-02
 8054.16   0.80802E-03   0.12657E-02   0.13870E-02
 8067.76   0.80022E-03   0.12588E-02   0.13789E-02
 8081.37   0.79150E-03   0.12511E-02   0.13700E-02
 8094.97   0.78300E-03   0.12436E-02   0.13614E-02
 8108.58   0.77460E-03   0.12362E-02   0.13527E-02
 8122.18   0.76629E-03   0.12288E-02   0.13442E-02
 8135.79   0.75805E-03   0.12213E-02   0.13356E-02
 8149.39   0.74986E-03   0.12139E-02   0.13269E-02
 8163.00   0.74172E-03   0.12064E-02   0.13183E-02
 8176.60   0.73363E-03   0.11990E-02   0.13096E-02
 8190.21   0.72558E-03   0.11915E-02   0.13009E-02
 8203.81   0.71751E-03   0.11838E-02   0.12921E-02
 8217.42   0.70887E-03   0.11752E-02   0.12821E-02
 8231.02   0.70416E-03   0.11733E-02   0.12796E-02
 8244.63   0.69547E-03   0.11644E-02   0.12693E-02
 8258.23   0.68781E-03   0.11573E-02   0.12610E-02
 8271.84   0.68038E-03   0.11505E-02   0.12530E-02
 8285.44   0.67308E-03   0.11438E-02   0.12452E-02
 8299.05   0.66587E-03   0.11373E-02   0.12375E-02
 8312.65   0.65874E-03   0.11307E-02   0.12298E-02
 8326.26   0.65167E-03   0.11242E-02   0.12221E-02
 8339.86   0.64465E-03   0.11176E-02   0.12144E-02
 8353.47   0.63765E-03   0.11110E-02   0.12066E-02
 8367.07   0.63067E-03   0.11042E-02   0.11987E-02
 8380.68   0.62361E-03   0.10972E-02   0.11905E-02
 8394.28   0.61569E-03   0.10883E-02   0.11802E-02
 8407.89   0.61236E-03   0.10891E-02   0.11804E-02
 8421.49   0.60467E-03   0.10804E-02   0.11704E-02
 8435.10   0.59793E-03   0.10738E-02   0.11626E-02
 8448.70   0.59142E-03   0.10675E-02   0.11552E-02
 8462.31   0.58505E-03   0.10614E-02   0.11480E-02
 8475.91   0.57878E-03   0.10555E-02   0.11410E-02
 8489.52   0.57261E-03   0.10497E-02   0.11340E-02
 8503.12   0.56650E-03   0.10439E-02   0.11271E-02
 8516.73   0.56045E-03   0.10382E-02   0.11203E-02
 8530.33   0.55443E-03   0.10324E-02   0.11134E-02
 8543.94   0.54842E-03   0.10264E-02   0.11063E-02
 8557.54   0.54235E-03   0.10203E-02   0.10990E-02
 8571.15   0.53565E-03   0.10124E-02   0.10899E-02
 8584.75   0.53291E-03   0.10140E-02   0.10909E-02
 8598.36   0.52598E-03   0.10054E-02   0.10810E-02
 8611.96   0.52010E-03   0.99924E-03   0.10737E-02
 8625.57   0.51442E-03   0.99345E-03   0.10668E-02
 8639.17   0.50885E-03   0.98786E-03   0.10601E-02
 8652.78   0.50339E-03   0.98244E-03   0.10536E-02
 8666.38   0.49801E-03   0.97714E-03   0.10472E-02
 8679.99   0.49272E-03   0.97196E-03   0.10410E-02
 8693.59   0.48749E-03   0.96685E-03   0.10348E-02
 8707.20   0.48232E-03   0.96176E-03   0.10286E-02
 8720.80   0.47718E-03   0.95664E-03   0.10225E-02
 8734.41   0.47203E-03   0.95138E-03   0.10161E-02
 8748.01   0.46662E-03   0.94542E-03   0.10090E-02
 8761.62   0.46160E-03   0.94008E-03   0.10026E-02
 8775.22   0.45784E-03   0.93795E-03   0.99962E-03
 8788.83   0.45276E-03   0.93240E-03   0.99299E-03
 8802.43   0.44784E-03   0.92715E-03   0.98668E-03
 8816.04   0.44300E-03   0.92204E-03   0.98051E-03
 8829.64   0.43825E-03   0.91703E-03   0.97446E-03
 8843.25   0.43357E-03   0.91214E-03   0.96854E-03
 8856.85   0.42897E-03   0.90737E-03   0.96274E-03
 8870.46   0.42444E-03   0.90271E-03   0.95705E-03
 8884.06   0.41997E-03   0.89815E-03   0.95147E-03
 8897.67   0.41556E-03   0.89364E-03   0.94595E-03
 8911.27   0.41118E-03   0.88915E-03   0.94045E-03
 8924.88   0.40677E-03   0.88454E-03   0.93481E-03
 8938.48   0.40248E-03   0.87988E-03   0.92915E-03
 8952.09   0.39892E-03   0.87678E-03   0.92512E-03
 8965.69   0.39456E-03   0.87201E-03   0.91933E-03
 8979.30   0.39036E-03   0.86742E-03   0.91374E-03
 8992.90   0.38621E-03   0.86287E-03   0.90819E-03
 9006.51   0.38211E-03   0.85834E-03   0.90266E-03
 9020.11   0.37806E-03   0.85385E-03   0.89718E-03
 9033.72   0.37407E-03   0.84943E-03   0.89177E-03
 9047.32   0.37014E-03   0.84509E-03   0.88646E-03
 9060.93   0.36627E-03   0.84086E-03   0.88125E-03
 9074.53   0.36245E-03   0.83672E-03   0.87615E-03
 9088.14   0.35870E-03   0.83269E-03   0.87114E-03
 9101.74   0.35497E-03   0.82872E-03   0.86622E-03
 9115.35   0.35114E-03   0.82477E-03   0.86129E-03
 9128.95   0.34809E-03   0.82071E-03   0.85635E-03
 9142.56   0.34442E-03   0.81714E-03   0.85182E-03
 9156.16   0.34085E-03   0.81323E-03   0.84696E-03
 9169.77   0.33733E-03   0.80930E-03   0.84208E-03
 9183.37   0.33385E-03   0.80533E-03   0.83717E-03
 9196.98   0.33040E-03   0.80133E-03   0.83224E-03
 9210.58   0.32697E-03   0.79732E-03   0.82729E-03
 9224.19   0.32359E-03   0.79332E-03   0.82237E-03
 9237.79   0.32024E-03   0.78936E-03   0.81748E-03
 9251.40   0.31694E-03   0.78547E-03   0.81267E-03
 9265.00   0.31369E-03   0.78165E-03   0.80794E-03
 9278.61   0.31048E-03   0.77792E-03   0.80330E-03
 9292.21   0.30729E-03   0.77426E-03   0.79872E-03
 9305.82   0.30428E-03   0.77090E-03   0.79446E-03
 9319.42   0.30154E-03   0.76750E-03   0.79020E-03
 9333.03   0.29845E-03   0.76398E-03   0.78578E-03
 9346.63   0.29546E-03   0.76054E-03   0.78144E-03
 9360.24   0.29252E-03   0.75709E-03   0.77711E-03
 9373.84   0.28962E-03   0.75362E-03   0.77276E-03
 9387.45   0.28673E-03   0.75010E-03   0.76837E-03
 9401.05   0.28386E-03   0.74655E-03   0.76394E-03
 9414.66   0.28102E-03   0.74297E-03   0.75948E-03
 9428.26   0.27820E-03   0.73937E-03   0.75502E-03
 9441.87   0.27541E-03   0.73577E-03   0.75056E-03
 9455.47   0.27265E-03   0.73220E-03   0.74613E-03
 9469.08   0.26991E-03   0.72862E-03   0.74170E-03
 9482.68   0.26710E-03   0.72488E-03   0.73710E-03
 9496.29   0.26465E-03   0.72208E-03   0.73346E-03
 9509.89   0.26255E-03   0.71978E-03   0.73035E-03
 9523.50   0.25991E-03   0.71633E-03   0.72605E-03
 9537.10   0.25741E-03   0.71314E-03   0.72203E-03
 9550.71   0.25496E-03   0.71004E-03   0.71810E-03
 9564.31   0.25255E-03   0.70696E-03   0.71419E-03
 9577.92   0.25016E-03   0.70387E-03   0.71028E-03
 9591.52   0.24780E-03   0.70074E-03   0.70634E-03
 9605.13   0.24545E-03   0.69757E-03   0.70235E-03
 9618.73   0.24311E-03   0.69435E-03   0.69832E-03
 9632.34   0.24079E-03   0.69107E-03   0.69425E-03
 9645.94   0.23847E-03   0.68774E-03   0.69012E-03
 9659.55   0.23614E-03   0.68428E-03   0.68587E-03
 9673.15   0.23365E-03   0.68024E-03   0.68104E-03
 9686.76   0.23167E-03   0.67783E-03   0.67784E-03
 9700.36   0.23025E-03   0.67701E-03   0.67623E-03
 9713.97   0.22798E-03   0.67351E-03   0.67195E-03
 9727.57   0.22588E-03   0.67044E-03   0.66812E-03
 9741.18   0.22385E-03   0.66755E-03   0.66445E-03
 9754.78   0.22186E-03   0.66474E-03   0.66087E-03
 9768.39   0.21992E-03   0.66197E-03   0.65734E-03
 9781.99   0.21800E-03   0.65921E-03   0.65382E-03
 9795.60   0.21609E-03   0.65643E-03   0.65028E-03
 9809.20   0.21420E-03   0.65359E-03   0.64669E-03
 9822.81   0.21232E-03   0.65069E-03   0.64305E-03
 9836.41   0.21043E-03   0.64768E-03   0.63930E-03
 9850.02   0.20851E-03   0.64447E-03   0.63536E-03
 9863.62   0.20639E-03   0.64047E-03   0.63067E-03
 9877.23   0.20475E-03   0.63813E-03   0.62759E-03
 9890.83   0.20390E-03   0.63847E-03   0.62713E-03
 9904.44   0.20197E-03   0.63491E-03   0.62288E-03
 9918.04   0.20022E-03   0.63192E-03   0.61918E-03
 9931.65   0.19855E-03   0.62914E-03   0.61569E-03
 9945.25   0.19693E-03   0.62648E-03   0.61232E-03
 9958.86   0.19535E-03   0.62392E-03   0.60905E-03
 9972.46   0.19382E-03   0.62141E-03   0.60584E-03
 9986.07   0.19231E-03   0.61893E-03   0.60266E-03
 9999.67   0.19083E-03   0.61645E-03   0.59949E-03
