  231.28   0.85799E-01   0.86759E-01   0.96398E-01
  244.89   0.82368E-01   0.83330E-01   0.92404E-01
  258.49   0.79174E-01   0.80139E-01   0.88698E-01
  272.10   0.76140E-01   0.77106E-01   0.85190E-01
  285.70   0.73267E-01   0.74233E-01   0.81878E-01
  299.31   0.70614E-01   0.71581E-01   0.78827E-01
  312.91   0.67963E-01   0.68928E-01   0.75790E-01
  326.52   0.65519E-01   0.66483E-01   0.72996E-01
  340.12   0.63204E-01   0.64166E-01   0.70354E-01
  353.73   0.61039E-01   0.62000E-01   0.67890E-01
  367.33   0.58960E-01   0.59920E-01   0.65529E-01
  380.94   0.56978E-01   0.57935E-01   0.63281E-01
  394.54   0.55104E-01   0.56059E-01   0.61160E-01
  408.15   0.53309E-01   0.54261E-01   0.59132E-01
  421.75   0.51596E-01   0.52546E-01   0.57199E-01
  435.36   0.49980E-01   0.50927E-01   0.55379E-01
  448.96   0.48452E-01   0.49396E-01   0.53660E-01
  462.57   0.46958E-01   0.47898E-01   0.51981E-01
  476.17   0.45549E-01   0.46485E-01   0.50400E-01
  489.78   0.44228E-01   0.45162E-01   0.48919E-01
  503.38   0.42909E-01   0.43838E-01   0.47443E-01
  516.99   0.41671E-01   0.42596E-01   0.46058E-01
  530.59   0.40497E-01   0.41419E-01   0.44748E-01
  544.20   0.39355E-01   0.40272E-01   0.43473E-01
  557.80   0.38276E-01   0.39189E-01   0.42269E-01
  571.41   0.37235E-01   0.38145E-01   0.41110E-01
  585.01   0.36230E-01   0.37135E-01   0.39991E-01
  598.62   0.35279E-01   0.36181E-01   0.38933E-01
  612.22   0.34359E-01   0.35256E-01   0.37910E-01
  625.83   0.33471E-01   0.34364E-01   0.36924E-01
  639.43   0.32616E-01   0.33503E-01   0.35974E-01
  653.04   0.31799E-01   0.32683E-01   0.35068E-01
  666.64   0.31014E-01   0.31893E-01   0.34197E-01
  680.25   0.30253E-01   0.31127E-01   0.33353E-01
  693.85   0.29521E-01   0.30390E-01   0.32542E-01
  707.46   0.28818E-01   0.29683E-01   0.31764E-01
  721.06   0.28143E-01   0.29004E-01   0.31017E-01
  734.67   0.27483E-01   0.28338E-01   0.30286E-01
  748.27   0.26849E-01   0.27700E-01   0.29586E-01
  761.88   0.26237E-01   0.27083E-01   0.28910E-01
  775.48   0.25652E-01   0.26494E-01   0.28263E-01
  789.09   0.25075E-01   0.25912E-01   0.27626E-01
  802.69   0.24526E-01   0.25358E-01   0.27019E-01
  816.30   0.23993E-01   0.24820E-01   0.26431E-01
  829.90   0.23481E-01   0.24303E-01   0.25865E-01
  843.51   0.22976E-01   0.23794E-01   0.25309E-01
  857.11   0.22497E-01   0.23310E-01   0.24780E-01
  870.72   0.22029E-01   0.22837E-01   0.24264E-01
  884.32   0.21575E-01   0.22379E-01   0.23764E-01
  897.93   0.21132E-01   0.21930E-01   0.23274E-01
  911.53   0.20710E-01   0.21503E-01   0.22809E-01
  925.14   0.20298E-01   0.21087E-01   0.22356E-01
  938.74   0.19898E-01   0.20682E-01   0.21915E-01
  952.35   0.19510E-01   0.20290E-01   0.21488E-01
  965.95   0.19131E-01   0.19906E-01   0.21071E-01
  979.56   0.18767E-01   0.19538E-01   0.20669E-01
  993.16   0.18413E-01   0.19179E-01   0.20280E-01
 1006.77   0.18068E-01   0.18829E-01   0.19899E-01
 1020.37   0.17731E-01   0.18488E-01   0.19529E-01
 1033.98   0.17405E-01   0.18157E-01   0.19169E-01
 1047.58   0.17089E-01   0.17836E-01   0.18821E-01
 1061.19   0.16782E-01   0.17525E-01   0.18483E-01
 1074.79   0.16483E-01   0.17222E-01   0.18155E-01
 1088.40   0.16189E-01   0.16923E-01   0.17831E-01
 1102.00   0.15905E-01   0.16634E-01   0.17518E-01
 1115.61   0.15630E-01   0.16354E-01   0.17215E-01
 1129.21   0.15363E-01   0.16083E-01   0.16921E-01
 1142.82   0.15097E-01   0.15812E-01   0.16628E-01
 1156.42   0.14845E-01   0.15556E-01   0.16351E-01
 1170.03   0.14596E-01   0.15302E-01   0.16077E-01
 1183.63   0.14354E-01   0.15055E-01   0.15810E-01
 1197.24   0.14119E-01   0.14817E-01   0.15552E-01
 1210.84   0.13885E-01   0.14578E-01   0.15294E-01
 1224.45   0.13663E-01   0.14351E-01   0.15049E-01
 1238.05   0.13444E-01   0.14128E-01   0.14808E-01
 1251.66   0.13230E-01   0.13910E-01   0.14573E-01
 1265.26   0.13023E-01   0.13698E-01   0.14344E-01
 1278.87   0.12817E-01   0.13487E-01   0.14117E-01
 1292.47   0.12620E-01   0.13287E-01   0.13901E-01
 1306.08   0.12427E-01   0.13089E-01   0.13688E-01
 1319.68   0.12238E-01   0.12896E-01   0.13479E-01
 1333.29   0.12053E-01   0.12706E-01   0.13275E-01
 1346.89   0.11871E-01   0.12520E-01   0.13075E-01
 1360.50   0.11695E-01   0.12340E-01   0.12881E-01
 1374.10   0.11523E-01   0.12164E-01   0.12692E-01
 1387.71   0.11355E-01   0.11992E-01   0.12506E-01
 1401.31   0.11190E-01   0.11823E-01   0.12324E-01
 1414.92   0.11029E-01   0.11657E-01   0.12146E-01
 1428.52   0.10871E-01   0.11495E-01   0.11972E-01
 1442.13   0.10717E-01   0.11337E-01   0.11802E-01
 1455.73   0.10567E-01   0.11182E-01   0.11636E-01
 1469.34   0.10420E-01   0.11031E-01   0.11474E-01
 1482.94   0.10276E-01   0.10883E-01   0.11315E-01
 1496.55   0.10134E-01   0.10737E-01   0.11158E-01
 1510.15   0.99955E-02   0.10594E-01   0.11005E-01
 1523.76   0.98601E-02   0.10455E-01   0.10855E-01
 1537.36   0.97279E-02   0.10319E-01   0.10709E-01
 1550.97   0.95987E-02   0.10185E-01   0.10566E-01
 1564.57   0.94725E-02   0.10055E-01   0.10427E-01
 1578.18   0.93462E-02   0.99249E-02   0.10287E-01
 1591.78   0.92241E-02   0.97987E-02   0.10152E-01
 1605.39   0.91044E-02   0.96751E-02   0.10020E-01
 1618.99   0.89875E-02   0.95542E-02   0.98903E-02
 1632.60   0.88738E-02   0.94366E-02   0.97643E-02
 1646.20   0.87589E-02   0.93176E-02   0.96371E-02
 1659.81   0.86499E-02   0.92048E-02   0.95163E-02
 1673.41   0.85418E-02   0.90928E-02   0.93966E-02
 1687.02   0.84356E-02   0.89826E-02   0.92788E-02
 1700.62   0.83315E-02   0.88747E-02   0.91635E-02
 1714.23   0.82305E-02   0.87699E-02   0.90515E-02
 1727.83   0.81283E-02   0.86637E-02   0.89381E-02
 1741.44   0.80308E-02   0.85625E-02   0.88300E-02
 1755.04   0.79346E-02   0.84625E-02   0.87232E-02
 1768.65   0.78399E-02   0.83640E-02   0.86180E-02
 1782.25   0.77469E-02   0.82672E-02   0.85147E-02
 1795.86   0.76562E-02   0.81728E-02   0.84139E-02
 1809.46   0.75655E-02   0.80783E-02   0.83132E-02
 1823.07   0.74781E-02   0.79872E-02   0.82161E-02
 1836.67   0.73922E-02   0.78976E-02   0.81205E-02
 1850.28   0.73076E-02   0.78093E-02   0.80264E-02
 1863.88   0.72243E-02   0.77223E-02   0.79337E-02
 1877.49   0.71425E-02   0.76368E-02   0.78426E-02
 1891.09   0.70619E-02   0.75525E-02   0.77529E-02
 1904.70   0.69830E-02   0.74700E-02   0.76651E-02
 1918.30   0.69057E-02   0.73891E-02   0.75789E-02
 1931.91   0.68297E-02   0.73095E-02   0.74942E-02
 1945.51   0.67549E-02   0.72311E-02   0.74108E-02
 1959.12   0.66812E-02   0.71538E-02   0.73287E-02
 1972.72   0.66087E-02   0.70777E-02   0.72477E-02
 1986.33   0.65374E-02   0.70029E-02   0.71682E-02
 1999.93   0.64675E-02   0.69294E-02   0.70901E-02
 2013.54   0.63988E-02   0.68572E-02   0.70134E-02
 2027.14   0.63315E-02   0.67863E-02   0.69381E-02
 2040.75   0.62652E-02   0.67166E-02   0.68640E-02
 2054.35   0.62001E-02   0.66480E-02   0.67912E-02
 2067.96   0.61352E-02   0.65796E-02   0.67187E-02
 2081.56   0.60720E-02   0.65129E-02   0.66479E-02
 2095.17   0.60097E-02   0.64472E-02   0.65782E-02
 2108.77   0.59486E-02   0.63826E-02   0.65097E-02
 2122.38   0.58885E-02   0.63192E-02   0.64425E-02
 2135.98   0.58298E-02   0.62570E-02   0.63766E-02
 2149.59   0.57704E-02   0.61942E-02   0.63100E-02
 2163.19   0.57134E-02   0.61338E-02   0.62461E-02
 2176.80   0.56569E-02   0.60739E-02   0.61826E-02
 2190.40   0.56012E-02   0.60149E-02   0.61201E-02
 2204.01   0.55464E-02   0.59568E-02   0.60587E-02
 2217.61   0.54927E-02   0.58997E-02   0.59983E-02
 2231.22   0.54402E-02   0.58439E-02   0.59392E-02
 2244.82   0.53870E-02   0.57874E-02   0.58794E-02
 2258.43   0.53358E-02   0.57329E-02   0.58218E-02
 2272.03   0.52852E-02   0.56790E-02   0.57649E-02
 2285.64   0.52352E-02   0.56258E-02   0.57086E-02
 2299.24   0.51860E-02   0.55733E-02   0.56532E-02
 2312.85   0.51377E-02   0.55218E-02   0.55988E-02
 2326.45   0.50909E-02   0.54718E-02   0.55459E-02
 2340.06   0.50427E-02   0.54203E-02   0.54917E-02
 2353.66   0.49966E-02   0.53710E-02   0.54396E-02
 2367.27   0.49510E-02   0.53222E-02   0.53882E-02
 2380.87   0.49061E-02   0.52741E-02   0.53374E-02
 2394.48   0.48617E-02   0.52266E-02   0.52873E-02
 2408.08   0.48180E-02   0.51797E-02   0.52379E-02
 2421.69   0.47751E-02   0.51337E-02   0.51894E-02
 2435.29   0.47324E-02   0.50878E-02   0.51411E-02
 2448.90   0.46907E-02   0.50430E-02   0.50939E-02
 2462.50   0.46495E-02   0.49987E-02   0.50473E-02
 2476.11   0.46089E-02   0.49551E-02   0.50013E-02
 2489.71   0.45689E-02   0.49119E-02   0.49559E-02
 2503.32   0.45293E-02   0.48693E-02   0.49111E-02
 2516.92   0.44904E-02   0.48273E-02   0.48669E-02
 2530.53   0.44519E-02   0.47857E-02   0.48232E-02
 2544.13   0.44140E-02   0.47448E-02   0.47803E-02
 2557.74   0.43767E-02   0.47045E-02   0.47379E-02
 2571.34   0.43399E-02   0.46647E-02   0.46961E-02
 2584.95   0.43036E-02   0.46254E-02   0.46548E-02
 2598.55   0.42677E-02   0.45866E-02   0.46140E-02
 2612.16   0.42323E-02   0.45482E-02   0.45737E-02
 2625.76   0.41973E-02   0.45102E-02   0.45340E-02
 2639.37   0.41629E-02   0.44728E-02   0.44947E-02
 2652.97   0.41289E-02   0.44359E-02   0.44560E-02
 2666.58   0.40954E-02   0.43995E-02   0.44178E-02
 2680.18   0.40624E-02   0.43635E-02   0.43802E-02
 2693.79   0.40298E-02   0.43281E-02   0.43430E-02
 2707.39   0.39976E-02   0.42931E-02   0.43063E-02
 2721.00   0.39656E-02   0.42582E-02   0.42698E-02
 2734.60   0.39343E-02   0.42239E-02   0.42340E-02
 2748.21   0.39033E-02   0.41901E-02   0.41986E-02
 2761.81   0.38727E-02   0.41567E-02   0.41636E-02
 2775.42   0.38425E-02   0.41237E-02   0.41291E-02
 2789.02   0.38128E-02   0.40911E-02   0.40950E-02
 2802.63   0.37834E-02   0.40589E-02   0.40614E-02
 2816.23   0.37544E-02   0.40271E-02   0.40282E-02
 2829.84   0.37256E-02   0.39955E-02   0.39952E-02
 2843.44   0.36972E-02   0.39644E-02   0.39627E-02
 2857.05   0.36693E-02   0.39337E-02   0.39306E-02
 2870.65   0.36416E-02   0.39033E-02   0.38989E-02
 2884.26   0.36143E-02   0.38733E-02   0.38676E-02
 2897.86   0.35874E-02   0.38436E-02   0.38367E-02
 2911.47   0.35609E-02   0.38144E-02   0.38062E-02
 2925.07   0.35344E-02   0.37852E-02   0.37758E-02
 2938.68   0.35085E-02   0.37566E-02   0.37460E-02
 2952.28   0.34829E-02   0.37283E-02   0.37165E-02
 2965.89   0.34575E-02   0.37003E-02   0.36874E-02
 2979.49   0.34325E-02   0.36726E-02   0.36585E-02
 2993.10   0.34078E-02   0.36452E-02   0.36300E-02
 3006.70   0.33834E-02   0.36181E-02   0.36019E-02
 3020.31   0.33592E-02   0.35914E-02   0.35741E-02
 3033.91   0.33353E-02   0.35649E-02   0.35465E-02
 3047.52   0.33118E-02   0.35387E-02   0.35193E-02
 3061.12   0.32885E-02   0.35128E-02   0.34924E-02
 3074.73   0.32655E-02   0.34872E-02   0.34659E-02
 3088.33   0.32427E-02   0.34619E-02   0.34396E-02
 3101.94   0.32202E-02   0.34368E-02   0.34136E-02
 3115.54   0.31980E-02   0.34120E-02   0.33878E-02
 3129.15   0.31760E-02   0.33875E-02   0.33624E-02
 3142.75   0.31543E-02   0.33632E-02   0.33373E-02
 3156.36   0.31328E-02   0.33393E-02   0.33124E-02
 3169.96   0.31116E-02   0.33155E-02   0.32878E-02
 3183.57   0.30906E-02   0.32920E-02   0.32635E-02
 3197.17   0.30699E-02   0.32688E-02   0.32394E-02
 3210.78   0.30494E-02   0.32458E-02   0.32156E-02
 3224.38   0.30291E-02   0.32230E-02   0.31921E-02
 3237.99   0.30091E-02   0.32005E-02   0.31688E-02
 3251.59   0.29892E-02   0.31783E-02   0.31458E-02
 3265.20   0.29697E-02   0.31562E-02   0.31230E-02
 3278.80   0.29503E-02   0.31344E-02   0.31005E-02
 3292.41   0.29311E-02   0.31128E-02   0.30782E-02
 3306.01   0.29121E-02   0.30914E-02   0.30561E-02
 3319.62   0.28934E-02   0.30702E-02   0.30343E-02
 3333.22   0.28748E-02   0.30493E-02   0.30126E-02
 3346.83   0.28565E-02   0.30286E-02   0.29913E-02
 3360.43   0.28384E-02   0.30081E-02   0.29702E-02
 3374.04   0.28204E-02   0.29878E-02   0.29492E-02
 3387.64   0.28027E-02   0.29677E-02   0.29285E-02
 3401.25   0.27851E-02   0.29478E-02   0.29080E-02
 3414.85   0.27677E-02   0.29281E-02   0.28877E-02
 3428.46   0.27505E-02   0.29085E-02   0.28676E-02
 3442.06   0.27335E-02   0.28892E-02   0.28477E-02
 3455.67   0.27166E-02   0.28699E-02   0.28279E-02
 3469.27   0.27001E-02   0.28512E-02   0.28087E-02
 3482.88   0.26836E-02   0.28324E-02   0.27893E-02
 3496.48   0.26673E-02   0.28138E-02   0.27703E-02
 3510.09   0.26512E-02   0.27954E-02   0.27514E-02
 3523.69   0.26352E-02   0.27772E-02   0.27327E-02
 3537.30   0.26194E-02   0.27592E-02   0.27142E-02
 3550.90   0.26038E-02   0.27413E-02   0.26958E-02
 3564.51   0.25882E-02   0.27235E-02   0.26776E-02
 3578.11   0.25727E-02   0.27057E-02   0.26594E-02
 3591.72   0.25579E-02   0.26888E-02   0.26420E-02
 3605.32   0.25429E-02   0.26715E-02   0.26243E-02
 3618.93   0.25280E-02   0.26545E-02   0.26069E-02
 3632.53   0.25133E-02   0.26376E-02   0.25896E-02
 3646.14   0.24988E-02   0.26209E-02   0.25725E-02
 3659.74   0.24844E-02   0.26043E-02   0.25556E-02
 3673.35   0.24701E-02   0.25879E-02   0.25387E-02
 3686.95   0.24557E-02   0.25713E-02   0.25218E-02
 3700.56   0.24423E-02   0.25558E-02   0.25060E-02
 3714.16   0.24283E-02   0.25396E-02   0.24895E-02
 3727.77   0.24145E-02   0.25238E-02   0.24733E-02
 3741.37   0.24009E-02   0.25081E-02   0.24572E-02
 3754.98   0.23875E-02   0.24925E-02   0.24414E-02
 3768.58   0.23742E-02   0.24772E-02   0.24257E-02
 3782.19   0.23610E-02   0.24619E-02   0.24102E-02
 3795.79   0.23480E-02   0.24468E-02   0.23948E-02
 3809.40   0.23349E-02   0.24317E-02   0.23794E-02
 3823.00   0.23225E-02   0.24172E-02   0.23647E-02
 3836.61   0.23097E-02   0.24024E-02   0.23496E-02
 3850.21   0.22971E-02   0.23877E-02   0.23347E-02
 3863.82   0.22846E-02   0.23732E-02   0.23199E-02
 3877.42   0.22723E-02   0.23589E-02   0.23053E-02
 3891.03   0.22601E-02   0.23447E-02   0.22909E-02
 3904.63   0.22481E-02   0.23307E-02   0.22767E-02
 3918.24   0.22361E-02   0.23167E-02   0.22625E-02
 3931.84   0.22242E-02   0.23028E-02   0.22484E-02
 3945.45   0.22127E-02   0.22893E-02   0.22347E-02
 3959.05   0.22010E-02   0.22757E-02   0.22209E-02
 3972.66   0.21894E-02   0.22621E-02   0.22071E-02
 3986.26   0.21780E-02   0.22487E-02   0.21936E-02
 3999.87   0.21666E-02   0.22354E-02   0.21801E-02
 4013.47   0.21554E-02   0.22223E-02   0.21668E-02
 4027.08   0.21443E-02   0.22093E-02   0.21536E-02
 4040.68   0.21333E-02   0.21964E-02   0.21406E-02
 4054.29   0.21225E-02   0.21836E-02   0.21277E-02
 4067.89   0.21117E-02   0.21710E-02   0.21149E-02
 4081.50   0.21011E-02   0.21584E-02   0.21022E-02
 4095.10   0.20904E-02   0.21459E-02   0.20896E-02
 4108.71   0.20799E-02   0.21335E-02   0.20770E-02
 4122.31   0.20694E-02   0.21212E-02   0.20646E-02
 4135.92   0.20591E-02   0.21090E-02   0.20523E-02
 4149.52   0.20488E-02   0.20969E-02   0.20401E-02
 4163.13   0.20386E-02   0.20849E-02   0.20280E-02
 4176.73   0.20286E-02   0.20730E-02   0.20160E-02
 4190.34   0.20188E-02   0.20613E-02   0.20043E-02
 4203.94   0.20089E-02   0.20497E-02   0.19925E-02
 4217.55   0.19992E-02   0.20381E-02   0.19809E-02
 4231.15   0.19895E-02   0.20267E-02   0.19693E-02
 4244.76   0.19798E-02   0.20152E-02   0.19579E-02
 4258.36   0.19702E-02   0.20039E-02   0.19464E-02
 4271.97   0.19607E-02   0.19926E-02   0.19351E-02
 4285.57   0.19512E-02   0.19813E-02   0.19238E-02
 4299.18   0.19419E-02   0.19702E-02   0.19127E-02
 4312.78   0.19330E-02   0.19596E-02   0.19020E-02
 4326.39   0.19238E-02   0.19487E-02   0.18910E-02
 4339.99   0.19148E-02   0.19379E-02   0.18802E-02
 4353.60   0.19058E-02   0.19273E-02   0.18696E-02
 4367.20   0.18970E-02   0.19167E-02   0.18589E-02
 4380.81   0.18881E-02   0.19061E-02   0.18484E-02
 4394.41   0.18793E-02   0.18956E-02   0.18379E-02
 4408.02   0.18705E-02   0.18851E-02   0.18274E-02
 4421.62   0.18616E-02   0.18745E-02   0.18168E-02
 4435.23   0.18543E-02   0.18656E-02   0.18078E-02
 4448.83   0.18452E-02   0.18548E-02   0.17970E-02
 4462.44   0.18367E-02   0.18447E-02   0.17869E-02
 4476.04   0.18284E-02   0.18347E-02   0.17770E-02
 4489.65   0.18202E-02   0.18248E-02   0.17671E-02
 4503.25   0.18120E-02   0.18150E-02   0.17573E-02
 4516.86   0.18039E-02   0.18053E-02   0.17476E-02
 4530.46   0.17958E-02   0.17956E-02   0.17380E-02
 4544.07   0.17876E-02   0.17858E-02   0.17282E-02
 4557.67   0.17794E-02   0.17760E-02   0.17185E-02
 4571.28   0.17725E-02   0.17675E-02   0.17099E-02
 4584.88   0.17644E-02   0.17578E-02   0.17003E-02
 4598.49   0.17565E-02   0.17484E-02   0.16909E-02
 4612.09   0.17488E-02   0.17391E-02   0.16817E-02
 4625.70   0.17412E-02   0.17299E-02   0.16726E-02
 4639.30   0.17337E-02   0.17209E-02   0.16636E-02
 4652.91   0.17263E-02   0.17119E-02   0.16547E-02
 4666.51   0.17188E-02   0.17029E-02   0.16457E-02
 4680.12   0.17112E-02   0.16938E-02   0.16367E-02
 4693.72   0.17034E-02   0.16844E-02   0.16274E-02
 4707.33   0.16972E-02   0.16767E-02   0.16198E-02
 4720.93   0.16898E-02   0.16678E-02   0.16110E-02
 4734.54   0.16826E-02   0.16591E-02   0.16023E-02
 4748.14   0.16754E-02   0.16504E-02   0.15937E-02
 4761.75   0.16683E-02   0.16419E-02   0.15853E-02
 4775.35   0.16614E-02   0.16335E-02   0.15769E-02
 4788.96   0.16545E-02   0.16251E-02   0.15687E-02
 4802.56   0.16476E-02   0.16168E-02   0.15605E-02
 4816.17   0.16407E-02   0.16085E-02   0.15522E-02
 4829.77   0.16345E-02   0.16008E-02   0.15447E-02
 4843.38   0.16276E-02   0.15924E-02   0.15364E-02
 4856.98   0.16208E-02   0.15842E-02   0.15283E-02
 4870.59   0.16141E-02   0.15761E-02   0.15203E-02
 4884.19   0.16075E-02   0.15680E-02   0.15123E-02
 4897.80   0.16009E-02   0.15601E-02   0.15045E-02
 4911.40   0.15944E-02   0.15522E-02   0.14967E-02
 4925.01   0.15879E-02   0.15444E-02   0.14890E-02
 4938.61   0.15816E-02   0.15366E-02   0.14814E-02
 4952.22   0.15753E-02   0.15290E-02   0.14739E-02
 4965.82   0.15691E-02   0.15214E-02   0.14665E-02
 4979.43   0.15629E-02   0.15139E-02   0.14590E-02
 4993.03   0.15567E-02   0.15063E-02   0.14516E-02
 5006.64   0.15506E-02   0.14988E-02   0.14442E-02
 5020.24   0.15444E-02   0.14913E-02   0.14369E-02
 5033.85   0.15382E-02   0.14838E-02   0.14295E-02
 5047.45   0.15321E-02   0.14764E-02   0.14223E-02
 5061.06   0.15261E-02   0.14691E-02   0.14151E-02
 5074.66   0.15201E-02   0.14618E-02   0.14079E-02
 5088.27   0.15142E-02   0.14546E-02   0.14009E-02
 5101.87   0.15086E-02   0.14477E-02   0.13941E-02
 5115.48   0.15028E-02   0.14406E-02   0.13872E-02
 5129.08   0.14971E-02   0.14336E-02   0.13803E-02
 5142.69   0.14914E-02   0.14267E-02   0.13735E-02
 5156.29   0.14857E-02   0.14197E-02   0.13667E-02
 5169.90   0.14800E-02   0.14127E-02   0.13599E-02
 5183.50   0.14743E-02   0.14058E-02   0.13531E-02
 5197.11   0.14686E-02   0.13989E-02   0.13464E-02
 5210.71   0.14629E-02   0.13920E-02   0.13397E-02
 5224.32   0.14572E-02   0.13851E-02   0.13329E-02
 5237.92   0.14517E-02   0.13784E-02   0.13264E-02
 5251.53   0.14468E-02   0.13723E-02   0.13204E-02
 5265.13   0.14414E-02   0.13657E-02   0.13140E-02
 5278.74   0.14361E-02   0.13592E-02   0.13076E-02
 5292.34   0.14308E-02   0.13527E-02   0.13014E-02
 5305.95   0.14255E-02   0.13463E-02   0.12951E-02
 5319.55   0.14203E-02   0.13398E-02   0.12888E-02
 5333.16   0.14150E-02   0.13334E-02   0.12825E-02
 5346.76   0.14096E-02   0.13269E-02   0.12763E-02
 5360.37   0.14042E-02   0.13203E-02   0.12699E-02
 5373.97   0.13989E-02   0.13139E-02   0.12637E-02
 5387.58   0.13948E-02   0.13086E-02   0.12585E-02
 5401.18   0.13895E-02   0.13022E-02   0.12523E-02
 5414.79   0.13844E-02   0.12960E-02   0.12463E-02
 5428.39   0.13794E-02   0.12899E-02   0.12404E-02
 5442.00   0.13745E-02   0.12839E-02   0.12346E-02
 5455.60   0.13696E-02   0.12780E-02   0.12288E-02
 5469.21   0.13647E-02   0.12720E-02   0.12230E-02
 5482.81   0.13598E-02   0.12660E-02   0.12172E-02
 5496.42   0.13548E-02   0.12599E-02   0.12113E-02
 5510.02   0.13493E-02   0.12534E-02   0.12050E-02
 5523.63   0.13468E-02   0.12497E-02   0.12014E-02
 5537.23   0.13410E-02   0.12429E-02   0.11949E-02
 5550.84   0.13360E-02   0.12369E-02   0.11891E-02
 5564.44   0.13313E-02   0.12312E-02   0.11835E-02
 5578.05   0.13266E-02   0.12255E-02   0.11780E-02
 5591.65   0.13220E-02   0.12198E-02   0.11726E-02
 5605.26   0.13175E-02   0.12143E-02   0.11672E-02
 5618.86   0.13129E-02   0.12087E-02   0.11619E-02
 5632.47   0.13084E-02   0.12032E-02   0.11565E-02
 5646.07   0.13037E-02   0.11975E-02   0.11511E-02
 5659.68   0.12989E-02   0.11918E-02   0.11456E-02
 5673.28   0.12956E-02   0.11874E-02   0.11414E-02
 5686.89   0.12908E-02   0.11817E-02   0.11358E-02
 5700.49   0.12862E-02   0.11761E-02   0.11305E-02
 5714.10   0.12817E-02   0.11707E-02   0.11253E-02
 5727.70   0.12773E-02   0.11653E-02   0.11201E-02
 5741.31   0.12729E-02   0.11600E-02   0.11150E-02
 5754.91   0.12686E-02   0.11548E-02   0.11100E-02
 5768.52   0.12644E-02   0.11497E-02   0.11051E-02
 5782.12   0.12602E-02   0.11445E-02   0.11002E-02
 5795.73   0.12559E-02   0.11393E-02   0.10952E-02
 5809.33   0.12514E-02   0.11340E-02   0.10900E-02
 5822.94   0.12480E-02   0.11296E-02   0.10859E-02
 5836.54   0.12437E-02   0.11244E-02   0.10809E-02
 5850.15   0.12394E-02   0.11193E-02   0.10760E-02
 5863.75   0.12352E-02   0.11142E-02   0.10711E-02
 5877.36   0.12310E-02   0.11091E-02   0.10663E-02
 5890.96   0.12269E-02   0.11042E-02   0.10615E-02
 5904.57   0.12228E-02   0.10992E-02   0.10568E-02
 5918.17   0.12188E-02   0.10944E-02   0.10522E-02
 5931.78   0.12149E-02   0.10896E-02   0.10476E-02
 5945.38   0.12110E-02   0.10849E-02   0.10431E-02
 5958.99   0.12070E-02   0.10800E-02   0.10385E-02
 5972.59   0.12033E-02   0.10755E-02   0.10342E-02
 5986.20   0.11994E-02   0.10708E-02   0.10297E-02
 5999.80   0.11955E-02   0.10661E-02   0.10252E-02
 6013.41   0.11916E-02   0.10613E-02   0.10207E-02
 6027.01   0.11876E-02   0.10566E-02   0.10161E-02
 6040.62   0.11837E-02   0.10519E-02   0.10117E-02
 6054.22   0.11798E-02   0.10472E-02   0.10072E-02
 6067.83   0.11760E-02   0.10426E-02   0.10028E-02
 6081.43   0.11722E-02   0.10381E-02   0.99853E-03
 6095.04   0.11685E-02   0.10336E-02   0.99426E-03
 6108.64   0.11649E-02   0.10293E-02   0.99013E-03
 6122.25   0.11613E-02   0.10249E-02   0.98596E-03
 6135.85   0.11576E-02   0.10205E-02   0.98182E-03
 6149.46   0.11540E-02   0.10161E-02   0.97768E-03
 6163.06   0.11504E-02   0.10118E-02   0.97353E-03
 6176.67   0.11467E-02   0.10074E-02   0.96937E-03
 6190.27   0.11430E-02   0.10030E-02   0.96519E-03
 6203.88   0.11393E-02   0.99858E-03   0.96102E-03
 6217.48   0.11356E-02   0.99419E-03   0.95686E-03
 6231.09   0.11319E-02   0.98982E-03   0.95272E-03
 6244.69   0.11282E-02   0.98543E-03   0.94856E-03
 6258.30   0.11247E-02   0.98130E-03   0.94466E-03
 6271.90   0.11217E-02   0.97754E-03   0.94110E-03
 6285.51   0.11182E-02   0.97334E-03   0.93713E-03
 6299.11   0.11147E-02   0.96924E-03   0.93326E-03
 6312.72   0.11113E-02   0.96518E-03   0.92942E-03
 6326.32   0.11079E-02   0.96112E-03   0.92559E-03
 6339.93   0.11045E-02   0.95705E-03   0.92174E-03
 6353.53   0.11010E-02   0.95295E-03   0.91787E-03
 6367.14   0.10975E-02   0.94882E-03   0.91397E-03
 6380.74   0.10940E-02   0.94466E-03   0.91004E-03
 6394.35   0.10903E-02   0.94041E-03   0.90603E-03
 6407.95   0.10869E-02   0.93640E-03   0.90225E-03
 6421.56   0.10848E-02   0.93352E-03   0.89956E-03
 6435.16   0.10810E-02   0.92919E-03   0.89548E-03
 6448.77   0.10776E-02   0.92523E-03   0.89174E-03
 6462.37   0.10743E-02   0.92137E-03   0.88811E-03
 6475.98   0.10711E-02   0.91757E-03   0.88454E-03
 6489.58   0.10679E-02   0.91379E-03   0.88098E-03
 6503.19   0.10647E-02   0.91001E-03   0.87743E-03
 6516.79   0.10614E-02   0.90620E-03   0.87385E-03
 6530.40   0.10581E-02   0.90234E-03   0.87022E-03
 6544.00   0.10547E-02   0.89838E-03   0.86649E-03
 6557.61   0.10507E-02   0.89397E-03   0.86233E-03
 6571.21   0.10470E-02   0.88984E-03   0.85844E-03
 6584.82   0.10460E-02   0.88796E-03   0.85673E-03
 6598.42   0.10425E-02   0.88401E-03   0.85301E-03
 6612.03   0.10392E-02   0.88026E-03   0.84949E-03
 6625.63   0.10361E-02   0.87661E-03   0.84607E-03
 6639.24   0.10330E-02   0.87303E-03   0.84271E-03
 6652.84   0.10300E-02   0.86949E-03   0.83940E-03
 6666.45   0.10269E-02   0.86597E-03   0.83611E-03
 6680.05   0.10239E-02   0.86244E-03   0.83281E-03
 6693.66   0.10208E-02   0.85886E-03   0.82946E-03
 6707.26   0.10175E-02   0.85513E-03   0.82595E-03
 6720.87   0.10142E-02   0.85143E-03   0.82249E-03
 6734.47   0.10129E-02   0.84939E-03   0.82063E-03
 6748.08   0.10092E-02   0.84537E-03   0.81685E-03
 6761.68   0.10060E-02   0.84171E-03   0.81343E-03
 6775.29   0.10029E-02   0.83817E-03   0.81011E-03
 6788.89   0.99982E-03   0.83470E-03   0.80687E-03
 6802.50   0.99685E-03   0.83130E-03   0.80370E-03
 6816.10   0.99394E-03   0.82797E-03   0.80059E-03
 6829.71   0.99108E-03   0.82468E-03   0.79752E-03
 6843.31   0.98823E-03   0.82141E-03   0.79447E-03
 6856.92   0.98535E-03   0.81812E-03   0.79140E-03
 6870.52   0.98230E-03   0.81469E-03   0.78821E-03
 6884.13   0.97914E-03   0.81118E-03   0.78493E-03
 6897.73   0.97743E-03   0.80888E-03   0.78283E-03
 6911.34   0.97431E-03   0.80542E-03   0.77959E-03
 6924.94   0.97130E-03   0.80206E-03   0.77646E-03
 6938.55   0.96832E-03   0.79874E-03   0.77336E-03
 6952.15   0.96538E-03   0.79545E-03   0.77030E-03
 6965.76   0.96249E-03   0.79221E-03   0.76729E-03
 6979.36   0.95966E-03   0.78904E-03   0.76433E-03
 6992.97   0.95690E-03   0.78592E-03   0.76143E-03
 7006.57   0.95418E-03   0.78285E-03   0.75858E-03
 7020.18   0.95150E-03   0.77981E-03   0.75576E-03
 7033.78   0.94878E-03   0.77675E-03   0.75293E-03
 7047.39   0.94592E-03   0.77358E-03   0.74998E-03
 7060.99   0.94368E-03   0.77093E-03   0.74753E-03
 7074.60   0.94093E-03   0.76787E-03   0.74469E-03
 7088.20   0.93817E-03   0.76480E-03   0.74185E-03
 7101.81   0.93538E-03   0.76172E-03   0.73899E-03
 7115.41   0.93257E-03   0.75864E-03   0.73612E-03
 7129.02   0.92978E-03   0.75557E-03   0.73327E-03
 7142.62   0.92701E-03   0.75253E-03   0.73045E-03
 7156.23   0.92429E-03   0.74953E-03   0.72768E-03
 7169.83   0.92162E-03   0.74659E-03   0.72495E-03
 7183.44   0.91901E-03   0.74371E-03   0.72228E-03
 7197.04   0.91646E-03   0.74087E-03   0.71966E-03
 7210.65   0.91398E-03   0.73810E-03   0.71710E-03
 7224.25   0.91145E-03   0.73530E-03   0.71451E-03
 7237.86   0.90894E-03   0.73251E-03   0.71194E-03
 7251.46   0.90640E-03   0.72971E-03   0.70936E-03
 7265.07   0.90382E-03   0.72689E-03   0.70675E-03
 7278.67   0.90120E-03   0.72404E-03   0.70411E-03
 7292.28   0.89854E-03   0.72117E-03   0.70145E-03
 7305.88   0.89586E-03   0.71829E-03   0.69879E-03
 7319.49   0.89318E-03   0.71541E-03   0.69613E-03
 7333.09   0.89052E-03   0.71256E-03   0.69349E-03
 7346.70   0.88788E-03   0.70973E-03   0.69087E-03
 7360.30   0.88518E-03   0.70687E-03   0.68822E-03
 7373.91   0.88289E-03   0.70433E-03   0.68590E-03
 7387.51   0.88079E-03   0.70195E-03   0.68372E-03
 7401.12   0.87829E-03   0.69926E-03   0.68124E-03
 7414.72   0.87587E-03   0.69664E-03   0.67883E-03
 7428.33   0.87346E-03   0.69404E-03   0.67643E-03
 7441.93   0.87102E-03   0.69142E-03   0.67402E-03
 7455.54   0.86855E-03   0.68878E-03   0.67158E-03
 7469.14   0.86603E-03   0.68611E-03   0.66912E-03
 7482.75   0.86346E-03   0.68340E-03   0.66662E-03
 7496.35   0.86085E-03   0.68067E-03   0.66410E-03
 7509.96   0.85818E-03   0.67791E-03   0.66155E-03
 7523.56   0.85535E-03   0.67502E-03   0.65887E-03
 7537.17   0.85302E-03   0.67253E-03   0.65659E-03
 7550.77   0.85185E-03   0.67096E-03   0.65520E-03
 7564.38   0.84904E-03   0.66811E-03   0.65256E-03
 7577.98   0.84658E-03   0.66554E-03   0.65020E-03
 7591.59   0.84423E-03   0.66306E-03   0.64792E-03
 7605.19   0.84191E-03   0.66061E-03   0.64567E-03
 7618.80   0.83960E-03   0.65818E-03   0.64344E-03
 7632.40   0.83726E-03   0.65573E-03   0.64119E-03
 7646.01   0.83488E-03   0.65325E-03   0.63891E-03
 7659.61   0.83243E-03   0.65073E-03   0.63659E-03
 7673.22   0.82988E-03   0.64814E-03   0.63420E-03
 7686.82   0.82716E-03   0.64541E-03   0.63168E-03
 7700.43   0.82332E-03   0.64182E-03   0.62832E-03
 7714.03   0.82511E-03   0.64263E-03   0.62925E-03
 7727.64   0.82126E-03   0.63904E-03   0.62589E-03
 7741.24   0.81862E-03   0.63641E-03   0.62346E-03
 7754.85   0.81619E-03   0.63395E-03   0.62120E-03
 7768.45   0.81387E-03   0.63158E-03   0.61902E-03
 7782.06   0.81162E-03   0.62927E-03   0.61691E-03
 7795.66   0.80941E-03   0.62699E-03   0.61482E-03
 7809.27   0.80719E-03   0.62471E-03   0.61274E-03
 7822.87   0.80495E-03   0.62242E-03   0.61064E-03
 7836.48   0.80264E-03   0.62009E-03   0.60850E-03
 7850.08   0.80020E-03   0.61766E-03   0.60627E-03
 7863.69   0.79738E-03   0.61495E-03   0.60376E-03
 7877.29   0.79491E-03   0.61251E-03   0.60151E-03
 7890.90   0.79482E-03   0.61191E-03   0.60107E-03
 7904.50   0.79190E-03   0.60914E-03   0.59850E-03
 7918.11   0.78938E-03   0.60668E-03   0.59624E-03
 7931.71   0.78700E-03   0.60433E-03   0.59408E-03
 7945.32   0.78471E-03   0.60206E-03   0.59200E-03
 7958.92   0.78249E-03   0.59985E-03   0.58998E-03
 7972.53   0.78032E-03   0.59769E-03   0.58800E-03
 7986.13   0.77820E-03   0.59556E-03   0.58606E-03
 7999.74   0.77608E-03   0.59344E-03   0.58413E-03
 8013.34   0.77392E-03   0.59130E-03   0.58218E-03
 8026.95   0.77166E-03   0.58909E-03   0.58015E-03
 8040.55   0.76891E-03   0.58651E-03   0.57776E-03
 8054.16   0.76636E-03   0.58409E-03   0.57553E-03
 8067.76   0.76608E-03   0.58340E-03   0.57500E-03
 8081.37   0.76358E-03   0.58103E-03   0.57281E-03
 8094.97   0.76122E-03   0.57876E-03   0.57074E-03
 8108.58   0.75891E-03   0.57655E-03   0.56870E-03
 8122.18   0.75664E-03   0.57437E-03   0.56671E-03
 8135.79   0.75443E-03   0.57224E-03   0.56476E-03
 8149.39   0.75228E-03   0.57016E-03   0.56286E-03
 8163.00   0.75019E-03   0.56813E-03   0.56101E-03
 8176.60   0.74815E-03   0.56615E-03   0.55920E-03
 8190.21   0.74612E-03   0.56418E-03   0.55741E-03
 8203.81   0.74407E-03   0.56220E-03   0.55561E-03
 8217.42   0.74174E-03   0.56001E-03   0.55360E-03
 8231.02   0.74070E-03   0.55880E-03   0.55255E-03
 8244.63   0.73832E-03   0.55659E-03   0.55052E-03
 8258.23   0.73615E-03   0.55454E-03   0.54865E-03
 8271.84   0.73398E-03   0.55249E-03   0.54677E-03
 8285.44   0.73178E-03   0.55043E-03   0.54489E-03
 8299.05   0.72958E-03   0.54838E-03   0.54301E-03
 8312.65   0.72740E-03   0.54634E-03   0.54114E-03
 8326.26   0.72525E-03   0.54433E-03   0.53930E-03
 8339.86   0.72315E-03   0.54236E-03   0.53751E-03
 8353.47   0.72110E-03   0.54044E-03   0.53576E-03
 8367.07   0.71911E-03   0.53857E-03   0.53405E-03
 8380.68   0.71717E-03   0.53673E-03   0.53239E-03
 8394.28   0.71526E-03   0.53493E-03   0.53075E-03
 8407.89   0.71336E-03   0.53314E-03   0.52913E-03
 8421.49   0.71144E-03   0.53134E-03   0.52750E-03
 8435.10   0.70950E-03   0.52953E-03   0.52585E-03
 8448.70   0.70752E-03   0.52769E-03   0.52418E-03
 8462.31   0.70548E-03   0.52582E-03   0.52248E-03
 8475.91   0.70341E-03   0.52392E-03   0.52074E-03
 8489.52   0.70130E-03   0.52201E-03   0.51899E-03
 8503.12   0.69918E-03   0.52009E-03   0.51724E-03
 8516.73   0.69707E-03   0.51818E-03   0.51549E-03
 8530.33   0.69498E-03   0.51629E-03   0.51377E-03
 8543.94   0.69293E-03   0.51443E-03   0.51207E-03
 8557.54   0.69090E-03   0.51260E-03   0.51040E-03
 8571.15   0.68872E-03   0.51066E-03   0.50862E-03
 8584.75   0.68758E-03   0.50950E-03   0.50762E-03
 8598.36   0.68550E-03   0.50764E-03   0.50592E-03
 8611.96   0.68363E-03   0.50594E-03   0.50438E-03
 8625.57   0.68176E-03   0.50426E-03   0.50285E-03
 8639.17   0.67988E-03   0.50256E-03   0.50131E-03
 8652.78   0.67796E-03   0.50084E-03   0.49974E-03
 8666.38   0.67599E-03   0.49909E-03   0.49815E-03
 8679.99   0.67397E-03   0.49730E-03   0.49652E-03
 8693.59   0.67191E-03   0.49549E-03   0.49487E-03
 8707.20   0.66982E-03   0.49367E-03   0.49319E-03
 8720.80   0.66771E-03   0.49183E-03   0.49150E-03
 8734.41   0.66553E-03   0.48995E-03   0.48978E-03
 8748.01   0.66295E-03   0.48777E-03   0.48776E-03
 8761.62   0.66151E-03   0.48644E-03   0.48658E-03
 8775.22   0.66070E-03   0.48558E-03   0.48586E-03
 8788.83   0.65865E-03   0.48380E-03   0.48424E-03
 8802.43   0.65677E-03   0.48216E-03   0.48274E-03
 8816.04   0.65494E-03   0.48057E-03   0.48130E-03
 8829.64   0.65313E-03   0.47899E-03   0.47987E-03
 8843.25   0.65131E-03   0.47740E-03   0.47842E-03
 8856.85   0.64944E-03   0.47578E-03   0.47696E-03
 8870.46   0.64752E-03   0.47413E-03   0.47546E-03
 8884.06   0.64554E-03   0.47244E-03   0.47391E-03
 8897.67   0.64348E-03   0.47070E-03   0.47231E-03
 8911.27   0.64130E-03   0.46887E-03   0.47062E-03
 8924.88   0.63873E-03   0.46677E-03   0.46866E-03
 8938.48   0.63704E-03   0.46531E-03   0.46734E-03
 8952.09   0.63725E-03   0.46524E-03   0.46742E-03
 8965.69   0.63472E-03   0.46317E-03   0.46550E-03
 8979.30   0.63267E-03   0.46146E-03   0.46393E-03
 8992.90   0.63078E-03   0.45987E-03   0.46248E-03
 9006.51   0.62897E-03   0.45834E-03   0.46109E-03
 9020.11   0.62720E-03   0.45685E-03   0.45974E-03
 9033.72   0.62545E-03   0.45537E-03   0.45840E-03
 9047.32   0.62368E-03   0.45389E-03   0.45705E-03
 9060.93   0.62187E-03   0.45238E-03   0.45568E-03
 9074.53   0.61999E-03   0.45082E-03   0.45425E-03
 9088.14   0.61800E-03   0.44918E-03   0.45275E-03
 9101.74   0.61576E-03   0.44737E-03   0.45107E-03
 9115.35   0.61208E-03   0.44451E-03   0.44834E-03
 9128.95   0.61565E-03   0.44693E-03   0.45092E-03
 9142.56   0.61182E-03   0.44397E-03   0.44809E-03
 9156.16   0.60954E-03   0.44215E-03   0.44639E-03
 9169.77   0.60752E-03   0.44051E-03   0.44489E-03
 9183.37   0.60561E-03   0.43897E-03   0.44347E-03
 9196.98   0.60380E-03   0.43749E-03   0.44212E-03
 9210.58   0.60204E-03   0.43606E-03   0.44082E-03
 9224.19   0.60033E-03   0.43466E-03   0.43956E-03
 9237.79   0.59863E-03   0.43329E-03   0.43831E-03
 9251.40   0.59693E-03   0.43190E-03   0.43705E-03
 9265.00   0.59518E-03   0.43049E-03   0.43577E-03
 9278.61   0.59332E-03   0.42900E-03   0.43441E-03
 9292.21   0.59113E-03   0.42729E-03   0.43281E-03
 9305.82   0.58924E-03   0.42578E-03   0.43143E-03
 9319.42   0.58968E-03   0.42596E-03   0.43176E-03
 9333.03   0.58716E-03   0.42402E-03   0.42993E-03
 9346.63   0.58509E-03   0.42240E-03   0.42843E-03
 9360.24   0.58313E-03   0.42086E-03   0.42701E-03
 9373.84   0.58124E-03   0.41937E-03   0.42564E-03
 9387.45   0.57941E-03   0.41793E-03   0.42432E-03
 9401.05   0.57763E-03   0.41654E-03   0.42305E-03
 9414.66   0.57592E-03   0.41519E-03   0.42182E-03
 9428.26   0.57425E-03   0.41388E-03   0.42063E-03
 9441.87   0.57261E-03   0.41260E-03   0.41947E-03
 9455.47   0.57098E-03   0.41132E-03   0.41831E-03
 9469.08   0.56930E-03   0.41001E-03   0.41712E-03
 9482.68   0.56740E-03   0.40854E-03   0.41577E-03
 9496.29   0.56555E-03   0.40712E-03   0.41446E-03
 9509.89   0.56505E-03   0.40667E-03   0.41414E-03
 9523.50   0.56311E-03   0.40519E-03   0.41277E-03
 9537.10   0.56127E-03   0.40378E-03   0.41147E-03
 9550.71   0.55943E-03   0.40237E-03   0.41018E-03
 9564.31   0.55759E-03   0.40097E-03   0.40889E-03
 9577.92   0.55577E-03   0.39959E-03   0.40762E-03
 9591.52   0.55398E-03   0.39823E-03   0.40637E-03
 9605.13   0.55224E-03   0.39691E-03   0.40516E-03
 9618.73   0.55055E-03   0.39563E-03   0.40399E-03
 9632.34   0.54891E-03   0.39439E-03   0.40286E-03
 9645.94   0.54732E-03   0.39318E-03   0.40177E-03
 9659.55   0.54576E-03   0.39201E-03   0.40070E-03
 9673.15   0.54419E-03   0.39082E-03   0.39963E-03
 9686.76   0.54252E-03   0.38958E-03   0.39849E-03
 9700.36   0.54121E-03   0.38859E-03   0.39761E-03
 9713.97   0.53961E-03   0.38739E-03   0.39652E-03
 9727.57   0.53797E-03   0.38617E-03   0.39541E-03
 9741.18   0.53629E-03   0.38493E-03   0.39427E-03
 9754.78   0.53457E-03   0.38366E-03   0.39310E-03
 9768.39   0.53282E-03   0.38237E-03   0.39191E-03
 9781.99   0.53106E-03   0.38107E-03   0.39072E-03
 9795.60   0.52930E-03   0.37978E-03   0.38953E-03
 9809.20   0.52757E-03   0.37851E-03   0.38836E-03
 9822.81   0.52588E-03   0.37727E-03   0.38722E-03
 9836.41   0.52423E-03   0.37607E-03   0.38612E-03
 9850.02   0.52262E-03   0.37490E-03   0.38505E-03
 9863.62   0.52102E-03   0.37374E-03   0.38399E-03
 9877.23   0.51969E-03   0.37277E-03   0.38312E-03
 9890.83   0.51820E-03   0.37169E-03   0.38214E-03
 9904.44   0.51669E-03   0.37060E-03   0.38115E-03
 9918.04   0.51518E-03   0.36952E-03   0.38017E-03
 9931.65   0.51365E-03   0.36842E-03   0.37916E-03
 9945.25   0.51207E-03   0.36729E-03   0.37813E-03
 9958.86   0.51045E-03   0.36613E-03   0.37707E-03
 9972.46   0.50878E-03   0.36494E-03   0.37597E-03
 9986.07   0.50708E-03   0.36373E-03   0.37485E-03
 9999.67   0.50535E-03   0.36250E-03   0.37371E-03
