   13.60   0.87295E-01   0.92221E-01   0.34300E+00
   27.21   0.86703E-01   0.84523E-01   0.17234E+00
   40.81   0.63680E-01   0.61415E-01   0.10312E+00
   54.42   0.45314E-01   0.45042E-01   0.68613E-01
   68.02   0.32606E-01   0.34493E-01   0.49530E-01
   81.63   0.27136E-01   0.27462E-01   0.37869E-01
   95.23   0.24085E-01   0.22733E-01   0.30237E-01
  108.84   0.17991E-01   0.19261E-01   0.24961E-01
  122.44   0.17236E-01   0.16521E-01   0.21022E-01
  136.05   0.13979E-01   0.14383E-01   0.17939E-01
  149.65   0.12640E-01   0.12510E-01   0.15456E-01
  163.26   0.10890E-01   0.11045E-01   0.13442E-01
  176.86   0.99099E-02   0.97479E-02   0.11800E-01
  190.47   0.83865E-02   0.87381E-02   0.10451E-01
  204.07   0.82977E-02   0.78339E-02   0.93339E-02
  217.68   0.64834E-02   0.71131E-02   0.83992E-02
  231.28   0.71065E-02   0.64839E-02   0.76165E-02
  244.89   0.54164E-02   0.59408E-02   0.69485E-02
  258.49   0.56767E-02   0.54959E-02   0.63761E-02
  272.10   0.52005E-02   0.50674E-02   0.58748E-02
  285.70   0.42533E-02   0.47198E-02   0.54322E-02
  299.31   0.48529E-02   0.43964E-02   0.50429E-02
  312.91   0.38531E-02   0.40887E-02   0.46846E-02
  326.52   0.36212E-02   0.38390E-02   0.43675E-02
  340.12   0.39953E-02   0.35907E-02   0.40820E-02
  353.73   0.30561E-02   0.33719E-02   0.38265E-02
  367.33   0.30666E-02   0.31872E-02   0.35945E-02
  380.94   0.33504E-02   0.30003E-02   0.33840E-02
  394.54   0.25607E-02   0.28359E-02   0.31940E-02
  408.15   0.25414E-02   0.26976E-02   0.30206E-02
  421.75   0.28838E-02   0.25563E-02   0.28620E-02
  435.36   0.22681E-02   0.24279E-02   0.27177E-02
  448.96   0.20693E-02   0.23224E-02   0.25855E-02
  462.57   0.24736E-02   0.22140E-02   0.24614E-02
  476.17   0.21400E-02   0.21085E-02   0.23472E-02
  489.78   0.17145E-02   0.20221E-02   0.22421E-02
  503.38   0.20056E-02   0.19378E-02   0.21411E-02
  516.99   0.20708E-02   0.18504E-02   0.20479E-02
  530.59   0.15711E-02   0.17738E-02   0.19611E-02
  544.20   0.15266E-02   0.17074E-02   0.18788E-02
  557.80   0.18465E-02   0.16391E-02   0.18023E-02
  571.41   0.16347E-02   0.15709E-02   0.17303E-02
  585.01   0.12613E-02   0.15134E-02   0.16624E-02
  598.62   0.13998E-02   0.14617E-02   0.15993E-02
  612.22   0.16208E-02   0.14061E-02   0.15396E-02
  625.83   0.13318E-02   0.13531E-02   0.14833E-02
  639.43   0.10732E-02   0.13091E-02   0.14302E-02
  653.04   0.12542E-02   0.12676E-02   0.13804E-02
  666.64   0.14191E-02   0.12229E-02   0.13333E-02
  680.25   0.11465E-02   0.11806E-02   0.12885E-02
  693.85   0.92959E-03   0.11455E-02   0.12461E-02
  707.46   0.10883E-02   0.11121E-02   0.12060E-02
  721.06   0.12560E-02   0.10757E-02   0.11678E-02
  734.67   0.10415E-02   0.10404E-02   0.11311E-02
  748.27   0.81498E-03   0.10110E-02   0.10961E-02
  761.88   0.91009E-03   0.98363E-03   0.10628E-02
  775.48   0.11053E-02   0.95396E-03   0.10312E-02
  789.09   0.99105E-03   0.92371E-03   0.10004E-02
  802.69   0.74479E-03   0.89815E-03   0.97134E-03
  816.30   0.73932E-03   0.87560E-03   0.94343E-03
  829.90   0.93251E-03   0.85181E-03   0.91687E-03
  843.51   0.95762E-03   0.82618E-03   0.89110E-03
  857.11   0.73706E-03   0.80335E-03   0.86679E-03
  870.72   0.61494E-03   0.78410E-03   0.84336E-03
  884.32   0.73121E-03   0.76532E-03   0.82090E-03
  897.93   0.87730E-03   0.74448E-03   0.79922E-03
  911.53   0.77942E-03   0.72402E-03   0.77874E-03
  925.14   0.58225E-03   0.70650E-03   0.75902E-03
  938.74   0.55655E-03   0.69122E-03   0.74001E-03
  952.35   0.70497E-03   0.67525E-03   0.72178E-03
  965.95   0.78533E-03   0.65766E-03   0.70414E-03
  979.56   0.64528E-03   0.64105E-03   0.68728E-03
  993.16   0.49097E-03   0.62709E-03   0.67102E-03
 1006.77   0.50906E-03   0.61445E-03   0.65528E-03
 1020.37   0.65274E-03   0.60070E-03   0.64004E-03
 1033.98   0.69941E-03   0.58580E-03   0.62534E-03
 1047.58   0.55967E-03   0.57192E-03   0.61117E-03
 1061.19   0.42996E-03   0.56030E-03   0.59750E-03
 1074.79   0.45439E-03   0.54967E-03   0.58427E-03
 1088.40   0.58549E-03   0.53795E-03   0.57135E-03
 1102.00   0.63226E-03   0.52528E-03   0.55892E-03
 1115.61   0.51151E-03   0.51338E-03   0.54692E-03
 1129.21   0.38712E-03   0.50344E-03   0.53536E-03
 1142.82   0.39330E-03   0.49430E-03   0.52396E-03
 1156.42   0.50789E-03   0.48471E-03   0.51316E-03
 1170.03   0.57676E-03   0.47400E-03   0.50261E-03
 1183.63   0.49088E-03   0.46363E-03   0.49240E-03
 1197.24   0.36340E-03   0.45486E-03   0.48257E-03
 1210.84   0.33508E-03   0.44709E-03   0.47286E-03
 1224.45   0.42087E-03   0.43929E-03   0.46368E-03
 1238.05   0.51613E-03   0.43043E-03   0.45470E-03
 1251.66   0.48578E-03   0.42134E-03   0.44598E-03
 1265.26   0.36506E-03   0.41334E-03   0.43755E-03
 1278.87   0.29506E-03   0.40654E-03   0.42926E-03
 1292.47   0.33374E-03   0.40018E-03   0.42136E-03
 1306.08   0.43506E-03   0.39304E-03   0.41365E-03
 1319.68   0.47342E-03   0.38521E-03   0.40613E-03
 1333.29   0.39125E-03   0.37774E-03   0.39880E-03
 1346.89   0.28892E-03   0.37138E-03   0.39163E-03
 1360.50   0.26673E-03   0.36591E-03   0.38472E-03
 1374.10   0.33480E-03   0.36024E-03   0.37798E-03
 1387.71   0.42124E-03   0.35379E-03   0.37142E-03
 1401.31   0.41698E-03   0.34700E-03   0.36500E-03
 1414.92   0.32270E-03   0.34081E-03   0.35873E-03
 1428.52   0.24468E-03   0.33562E-03   0.35263E-03
 1442.13   0.24780E-03   0.33095E-03   0.34669E-03
 1455.73   0.32258E-03   0.32591E-03   0.34092E-03
 1469.34   0.39221E-03   0.32022E-03   0.33530E-03
 1482.94   0.36968E-03   0.31438E-03   0.32981E-03
 1496.55   0.27907E-03   0.30914E-03   0.32441E-03
 1510.15   0.21553E-03   0.30478E-03   0.31918E-03
 1523.76   0.22619E-03   0.30077E-03   0.31407E-03
 1537.36   0.29762E-03   0.29640E-03   0.30911E-03
 1550.97   0.35980E-03   0.29146E-03   0.30428E-03
 1564.57   0.33796E-03   0.28643E-03   0.29958E-03
 1578.18   0.25520E-03   0.28187E-03   0.29491E-03
 1591.78   0.19541E-03   0.27811E-03   0.29041E-03
 1605.39   0.20122E-03   0.27468E-03   0.28601E-03
 1618.99   0.26412E-03   0.27096E-03   0.28173E-03
 1632.60   0.32719E-03   0.26674E-03   0.27758E-03
 1646.20   0.31909E-03   0.26225E-03   0.27341E-03
 1659.81   0.24687E-03   0.25827E-03   0.26945E-03
 1673.41   0.18335E-03   0.25492E-03   0.26555E-03
 1687.02   0.17525E-03   0.25195E-03   0.26172E-03
 1700.62   0.22358E-03   0.24882E-03   0.25798E-03
 1714.23   0.28925E-03   0.24526E-03   0.25436E-03
 1727.83   0.30458E-03   0.24132E-03   0.25071E-03
 1741.44   0.25029E-03   0.23767E-03   0.24723E-03
 1755.04   0.18192E-03   0.23456E-03   0.24380E-03
 1768.65   0.15431E-03   0.23190E-03   0.24043E-03
 1782.25   0.18085E-03   0.22928E-03   0.23713E-03
 1795.86   0.24222E-03   0.22631E-03   0.23391E-03
 1809.46   0.28383E-03   0.22293E-03   0.23071E-03
 1823.07   0.26030E-03   0.21957E-03   0.22763E-03
 1836.67   0.19523E-03   0.21658E-03   0.22460E-03
 1850.28   0.14702E-03   0.21409E-03   0.22162E-03
 1863.88   0.14540E-03   0.21184E-03   0.21871E-03
 1877.49   0.18843E-03   0.20943E-03   0.21584E-03
 1891.09   0.24506E-03   0.20664E-03   0.21303E-03
 1904.70   0.26178E-03   0.20363E-03   0.21028E-03
 1918.30   0.21954E-03   0.20076E-03   0.20759E-03
 1931.91   0.15930E-03   0.19830E-03   0.20496E-03
 1945.51   0.12768E-03   0.19624E-03   0.20238E-03
 1959.12   0.13991E-03   0.19427E-03   0.19984E-03
 1972.72   0.18758E-03   0.19208E-03   0.19735E-03
 1986.33   0.23542E-03   0.18956E-03   0.19490E-03
 1999.93   0.23760E-03   0.18691E-03   0.19251E-03
 2013.54   0.19066E-03   0.18445E-03   0.19017E-03
 2027.14   0.13755E-03   0.18237E-03   0.18787E-03
 2040.75   0.11496E-03   0.18061E-03   0.18562E-03
 2054.35   0.13198E-03   0.17890E-03   0.18341E-03
 2067.96   0.17860E-03   0.17693E-03   0.18122E-03
 2081.56   0.22086E-03   0.17469E-03   0.17908E-03
 2095.17   0.21910E-03   0.17234E-03   0.17698E-03
 2108.77   0.17410E-03   0.17018E-03   0.17492E-03
 2122.38   0.12542E-03   0.16836E-03   0.17290E-03
 2135.98   0.10491E-03   0.16682E-03   0.17092E-03
 2149.59   0.12022E-03   0.16528E-03   0.16894E-03
 2163.19   0.16309E-03   0.16357E-03   0.16702E-03
 2176.80   0.20411E-03   0.16159E-03   0.16513E-03
 2190.40   0.20659E-03   0.15950E-03   0.16327E-03
 2204.01   0.16734E-03   0.15754E-03   0.16144E-03
 2217.61   0.12034E-03   0.15588E-03   0.15965E-03
 2231.22   0.96617E-04   0.15450E-03   0.15789E-03
 2244.82   0.10530E-03   0.15314E-03   0.15612E-03
 2258.43   0.14163E-03   0.15167E-03   0.15442E-03
 2272.03   0.18341E-03   0.14995E-03   0.15274E-03
 2285.64   0.19607E-03   0.14809E-03   0.15108E-03
 2299.24   0.16718E-03   0.14629E-03   0.14945E-03
 2312.85   0.12175E-03   0.14474E-03   0.14785E-03
 2326.45   0.91682E-04   0.14347E-03   0.14629E-03
 2340.06   0.90168E-04   0.14227E-03   0.14471E-03
 2353.66   0.11656E-03   0.14103E-03   0.14319E-03
 2367.27   0.15746E-03   0.13959E-03   0.14169E-03
 2380.87   0.18327E-03   0.13795E-03   0.14021E-03
 2394.48   0.17102E-03   0.13630E-03   0.13876E-03
 2408.08   0.13111E-03   0.13482E-03   0.13732E-03
 2421.69   0.94142E-04   0.13358E-03   0.13592E-03
 2435.29   0.79994E-04   0.13251E-03   0.13453E-03
 2448.90   0.92625E-04   0.13147E-03   0.13317E-03
 2462.50   0.12666E-03   0.13028E-03   0.13183E-03
 2476.11   0.16233E-03   0.12890E-03   0.13051E-03
 2489.71   0.17159E-03   0.12741E-03   0.12920E-03
 2503.32   0.14590E-03   0.12598E-03   0.12792E-03
 2516.92   0.10625E-03   0.12474E-03   0.12666E-03
 2530.53   0.78822E-04   0.12371E-03   0.12541E-03
 2544.13   0.74857E-04   0.12280E-03   0.12419E-03
 2557.74   0.94601E-04   0.12184E-03   0.12298E-03
 2571.34   0.12969E-03   0.12072E-03   0.12180E-03
 2584.95   0.15803E-03   0.11944E-03   0.12062E-03
 2598.55   0.15675E-03   0.11810E-03   0.11947E-03
 2612.16   0.12648E-03   0.11686E-03   0.11833E-03
 2625.76   0.90404E-04   0.11580E-03   0.11720E-03
 2639.37   0.69470E-04   0.11492E-03   0.11609E-03
 2652.97   0.70573E-04   0.11410E-03   0.11500E-03
 2666.58   0.92668E-04   0.11323E-03   0.11392E-03
 2680.18   0.12635E-03   0.11220E-03   0.11286E-03
 2693.79   0.15010E-03   0.11103E-03   0.11181E-03
 2707.39   0.14496E-03   0.10983E-03   0.11078E-03
 2721.00   0.11482E-03   0.10871E-03   0.10975E-03
 2734.60   0.81739E-04   0.10778E-03   0.10875E-03
 2748.21   0.63564E-04   0.10700E-03   0.10775E-03
 2761.81   0.65636E-04   0.10627E-03   0.10677E-03
 2775.42   0.86816E-04   0.10548E-03   0.10581E-03
 2789.02   0.11849E-03   0.10455E-03   0.10486E-03
 2802.63   0.14109E-03   0.10350E-03   0.10392E-03
 2816.23   0.13711E-03   0.10241E-03   0.10299E-03
 2829.84   0.10942E-03   0.10140E-03   0.10207E-03
 2843.44   0.77862E-04   0.10055E-03   0.10117E-03
 2857.05   0.59302E-04   0.99845E-04   0.10028E-03
 2870.65   0.59178E-04   0.99198E-04   0.99397E-04
 2884.26   0.76937E-04   0.98504E-04   0.98530E-04
 2897.86   0.10619E-03   0.97690E-04   0.97675E-04
 2911.47   0.13038E-03   0.96757E-04   0.96833E-04
 2925.07   0.13179E-03   0.95770E-04   0.95995E-04
 2938.68   0.10907E-03   0.94844E-04   0.95174E-04
 2952.28   0.78573E-04   0.94047E-04   0.94363E-04
 2965.89   0.57525E-04   0.93388E-04   0.93562E-04
 2979.49   0.52934E-04   0.92807E-04   0.92771E-04
 2993.10   0.65230E-04   0.92207E-04   0.91991E-04
 3006.70   0.90805E-04   0.91510E-04   0.91220E-04
 3020.31   0.11735E-03   0.90696E-04   0.90459E-04
 3033.91   0.12716E-03   0.89810E-04   0.89706E-04
 3047.52   0.11265E-03   0.88942E-04   0.88964E-04
 3061.12   0.84360E-04   0.88172E-04   0.88230E-04
 3074.73   0.59743E-04   0.87532E-04   0.87506E-04
 3088.33   0.48876E-04   0.86990E-04   0.86790E-04
 3101.94   0.53743E-04   0.86469E-04   0.86082E-04
 3115.54   0.73030E-04   0.85886E-04   0.85383E-04
 3129.15   0.99649E-04   0.85196E-04   0.84693E-04
 3142.75   0.11841E-03   0.84414E-04   0.84010E-04
 3156.36   0.11598E-03   0.83607E-04   0.83335E-04
 3169.96   0.93950E-04   0.82854E-04   0.82669E-04
 3183.57   0.67084E-04   0.82211E-04   0.82009E-04
 3197.17   0.49138E-04   0.81679E-04   0.81358E-04
 3210.78   0.45259E-04   0.81209E-04   0.80714E-04
 3224.38   0.55684E-04   0.80724E-04   0.80078E-04
 3237.99   0.77839E-04   0.80161E-04   0.79449E-04
 3251.59   0.10222E-03   0.79500E-04   0.78828E-04
 3265.20   0.11388E-03   0.78772E-04   0.78214E-04
 3278.80   0.10443E-03   0.78046E-04   0.77606E-04
 3292.41   0.80446E-04   0.77389E-04   0.77005E-04
 3306.01   0.56655E-04   0.76838E-04   0.76411E-04
 3319.62   0.43353E-04   0.76380E-04   0.75824E-04
 3333.22   0.43325E-04   0.75959E-04   0.75244E-04
 3346.83   0.56253E-04   0.75508E-04   0.74671E-04
 3360.43   0.78741E-04   0.74977E-04   0.74105E-04
 3374.04   0.10047E-03   0.74359E-04   0.73545E-04
 3387.64   0.10788E-03   0.73692E-04   0.72991E-04
 3401.25   0.95653E-04   0.73038E-04   0.72443E-04
 3414.85   0.72023E-04   0.72456E-04   0.71902E-04
 3428.46   0.50552E-04   0.71971E-04   0.71366E-04
 3442.06   0.39529E-04   0.71565E-04   0.70835E-04
 3455.67   0.40800E-04   0.71185E-04   0.70310E-04
 3469.27   0.53933E-04   0.70779E-04   0.69798E-04
 3482.88   0.75510E-04   0.70291E-04   0.69284E-04
 3496.48   0.95705E-04   0.69726E-04   0.68778E-04
 3510.09   0.10213E-03   0.69118E-04   0.68278E-04
 3523.69   0.90287E-04   0.68524E-04   0.67783E-04
 3537.30   0.67957E-04   0.67995E-04   0.67292E-04
 3550.90   0.47613E-04   0.67554E-04   0.66807E-04
 3564.51   0.36894E-04   0.67184E-04   0.66325E-04
 3578.11   0.37524E-04   0.66838E-04   0.65845E-04
 3591.72   0.49204E-04   0.66480E-04   0.65385E-04
 3605.32   0.69234E-04   0.66042E-04   0.64919E-04
 3618.93   0.89154E-04   0.65533E-04   0.64459E-04
 3632.53   0.97337E-04   0.64979E-04   0.64004E-04
 3646.14   0.88292E-04   0.64431E-04   0.63554E-04
 3659.74   0.67865E-04   0.63936E-04   0.63108E-04
 3673.35   0.47597E-04   0.63519E-04   0.62665E-04
 3686.95   0.35549E-04   0.63169E-04   0.62222E-04
 3700.56   0.33971E-04   0.62874E-04   0.61804E-04
 3714.16   0.42757E-04   0.62543E-04   0.61370E-04
 3727.77   0.60333E-04   0.62160E-04   0.60945E-04
 3741.37   0.80359E-04   0.61709E-04   0.60525E-04
 3754.98   0.92149E-04   0.61209E-04   0.60109E-04
 3768.58   0.88199E-04   0.60699E-04   0.59698E-04
 3782.19   0.70997E-04   0.60227E-04   0.59291E-04
 3795.79   0.50607E-04   0.59822E-04   0.58887E-04
 3809.40   0.36124E-04   0.59486E-04   0.58485E-04
 3823.00   0.31101E-04   0.59208E-04   0.58099E-04
 3836.61   0.35797E-04   0.58920E-04   0.57705E-04
 3850.21   0.49591E-04   0.58593E-04   0.57316E-04
 3863.82   0.68761E-04   0.58206E-04   0.56931E-04
 3877.42   0.84564E-04   0.57762E-04   0.56551E-04
 3891.03   0.87727E-04   0.57293E-04   0.56175E-04
 3904.63   0.76173E-04   0.56840E-04   0.55803E-04
 3918.24   0.56895E-04   0.56439E-04   0.55435E-04
 3931.84   0.39679E-04   0.56103E-04   0.55067E-04
 3945.45   0.30296E-04   0.55831E-04   0.54712E-04
 3959.05   0.29965E-04   0.55575E-04   0.54353E-04
 3972.66   0.38536E-04   0.55303E-04   0.53997E-04
 3986.26   0.54616E-04   0.54982E-04   0.53645E-04
 3999.87   0.72694E-04   0.54603E-04   0.53296E-04
 4013.47   0.83603E-04   0.54182E-04   0.52952E-04
 4027.08   0.80752E-04   0.53753E-04   0.52611E-04
 4040.68   0.65847E-04   0.53354E-04   0.52275E-04
 4054.29   0.47293E-04   0.53010E-04   0.51941E-04
 4067.89   0.33247E-04   0.52728E-04   0.51611E-04
 4081.50   0.27237E-04   0.52487E-04   0.51284E-04
 4095.10   0.29627E-04   0.52255E-04   0.50959E-04
 4108.71   0.40154E-04   0.51996E-04   0.50636E-04
 4122.31   0.56737E-04   0.51687E-04   0.50316E-04
 4135.92   0.73049E-04   0.51327E-04   0.49998E-04
 4149.52   0.80513E-04   0.50934E-04   0.49684E-04
 4163.13   0.74631E-04   0.50542E-04   0.49374E-04
 4176.73   0.58883E-04   0.50185E-04   0.49067E-04
 4190.34   0.41619E-04   0.49883E-04   0.48765E-04
 4203.94   0.29632E-04   0.49634E-04   0.48463E-04
 4217.55   0.25342E-04   0.49418E-04   0.48165E-04
 4231.15   0.28848E-04   0.49205E-04   0.47868E-04
 4244.76   0.39851E-04   0.48963E-04   0.47573E-04
 4258.36   0.56033E-04   0.48672E-04   0.47281E-04
 4271.97   0.71072E-04   0.48335E-04   0.46990E-04
 4285.57   0.77087E-04   0.47970E-04   0.46701E-04
 4299.18   0.70518E-04   0.47609E-04   0.46416E-04
 4312.78   0.55161E-04   0.47290E-04   0.46143E-04
 4326.39   0.38844E-04   0.47010E-04   0.45862E-04
 4339.99   0.27685E-04   0.46783E-04   0.45586E-04
 4353.60   0.23746E-04   0.46586E-04   0.45312E-04
 4367.20   0.27070E-04   0.46392E-04   0.45041E-04
 4380.81   0.37416E-04   0.46170E-04   0.44771E-04
 4394.41   0.52756E-04   0.45905E-04   0.44503E-04
 4408.02   0.67354E-04   0.45594E-04   0.44235E-04
 4421.62   0.73813E-04   0.45252E-04   0.43965E-04
 4435.23   0.68476E-04   0.44949E-04   0.43734E-04
 4448.83   0.54254E-04   0.44628E-04   0.43461E-04
 4462.44   0.38452E-04   0.44365E-04   0.43203E-04
 4476.04   0.27069E-04   0.44151E-04   0.42949E-04
 4489.65   0.22371E-04   0.43969E-04   0.42699E-04
 4503.25   0.24459E-04   0.43793E-04   0.42451E-04
 4516.86   0.33197E-04   0.43597E-04   0.42204E-04
 4530.46   0.47226E-04   0.43361E-04   0.41958E-04
 4544.07   0.61886E-04   0.43081E-04   0.41711E-04
 4557.67   0.70243E-04   0.42770E-04   0.41464E-04
 4571.28   0.67726E-04   0.42481E-04   0.41246E-04
 4584.88   0.55648E-04   0.42184E-04   0.41003E-04
 4598.49   0.40298E-04   0.41931E-04   0.40766E-04
 4612.09   0.27956E-04   0.41723E-04   0.40533E-04
 4625.70   0.21616E-04   0.41550E-04   0.40302E-04
 4639.30   0.21648E-04   0.41391E-04   0.40075E-04
 4652.91   0.27959E-04   0.41221E-04   0.39849E-04
 4666.51   0.39955E-04   0.41018E-04   0.39624E-04
 4680.12   0.54488E-04   0.40773E-04   0.39397E-04
 4693.72   0.65469E-04   0.40486E-04   0.39163E-04
 4707.33   0.67291E-04   0.40225E-04   0.38968E-04
 4720.93   0.58835E-04   0.39943E-04   0.38747E-04
 4734.54   0.44631E-04   0.39693E-04   0.38529E-04
 4748.14   0.31081E-04   0.39483E-04   0.38313E-04
 4761.75   0.22396E-04   0.39312E-04   0.38101E-04
 4775.35   0.19693E-04   0.39163E-04   0.37891E-04
 4788.96   0.22894E-04   0.39015E-04   0.37683E-04
 4802.56   0.31882E-04   0.38845E-04   0.37477E-04
 4816.17   0.45159E-04   0.38638E-04   0.37269E-04
 4829.77   0.58291E-04   0.38412E-04   0.37079E-04
 4843.38   0.65165E-04   0.38145E-04   0.36871E-04
 4856.98   0.62159E-04   0.37878E-04   0.36668E-04
 4870.59   0.50861E-04   0.37629E-04   0.36467E-04
 4884.19   0.36816E-04   0.37413E-04   0.36268E-04
 4897.80   0.25474E-04   0.37235E-04   0.36070E-04
 4911.40   0.19432E-04   0.37087E-04   0.35875E-04
 4925.01   0.18990E-04   0.36953E-04   0.35682E-04
 4938.61   0.24057E-04   0.36811E-04   0.35491E-04
 4952.22   0.34326E-04   0.36645E-04   0.35303E-04
 4965.82   0.47552E-04   0.36447E-04   0.35116E-04
 4979.43   0.58772E-04   0.36218E-04   0.34930E-04
 4993.03   0.62601E-04   0.35973E-04   0.34744E-04
 5006.64   0.57004E-04   0.35730E-04   0.34559E-04
 5020.24   0.44861E-04   0.35507E-04   0.34375E-04
 5033.85   0.31732E-04   0.35317E-04   0.34191E-04
 5047.45   0.22100E-04   0.35161E-04   0.34009E-04
 5061.06   0.17648E-04   0.35029E-04   0.33829E-04
 5074.66   0.18397E-04   0.34905E-04   0.33651E-04
 5088.27   0.24303E-04   0.34770E-04   0.33475E-04
 5101.87   0.34918E-04   0.34615E-04   0.33305E-04
 5115.48   0.47669E-04   0.34424E-04   0.33132E-04
 5129.08   0.57626E-04   0.34209E-04   0.32961E-04
 5142.69   0.60011E-04   0.33981E-04   0.32791E-04
 5156.29   0.53580E-04   0.33758E-04   0.32621E-04
 5169.90   0.41559E-04   0.33556E-04   0.32452E-04
 5183.50   0.29206E-04   0.33383E-04   0.32283E-04
 5197.11   0.20446E-04   0.33241E-04   0.32115E-04
 5210.71   0.16604E-04   0.33119E-04   0.31948E-04
 5224.32   0.17633E-04   0.33000E-04   0.31780E-04
 5237.92   0.23516E-04   0.32874E-04   0.31617E-04
 5251.53   0.33818E-04   0.32738E-04   0.31469E-04
 5265.13   0.46057E-04   0.32560E-04   0.31309E-04
 5278.74   0.55595E-04   0.32360E-04   0.31152E-04
 5292.34   0.57952E-04   0.32149E-04   0.30995E-04
 5305.95   0.51924E-04   0.31942E-04   0.30840E-04
 5319.55   0.40470E-04   0.31754E-04   0.30684E-04
 5333.16   0.28520E-04   0.31593E-04   0.30529E-04
 5346.76   0.19853E-04   0.31459E-04   0.30373E-04
 5360.37   0.15810E-04   0.31342E-04   0.30216E-04
 5373.97   0.16356E-04   0.31234E-04   0.30062E-04
 5387.58   0.21475E-04   0.31142E-04   0.29933E-04
 5401.18   0.30866E-04   0.31001E-04   0.29779E-04
 5414.79   0.42563E-04   0.30840E-04   0.29631E-04
 5428.39   0.52412E-04   0.30656E-04   0.29485E-04
 5442.00   0.55983E-04   0.30461E-04   0.29341E-04
 5455.60   0.51507E-04   0.30268E-04   0.29198E-04
 5469.21   0.41154E-04   0.30089E-04   0.29055E-04
 5482.81   0.29441E-04   0.29934E-04   0.28912E-04
 5496.42   0.20297E-04   0.29804E-04   0.28767E-04
 5510.02   0.15410E-04   0.29683E-04   0.28611E-04
 5523.63   0.14904E-04   0.29637E-04   0.28520E-04
 5537.23   0.18630E-04   0.29513E-04   0.28360E-04
 5550.84   0.26586E-04   0.29390E-04   0.28219E-04
 5564.44   0.37506E-04   0.29246E-04   0.28080E-04
 5578.05   0.48008E-04   0.29081E-04   0.27945E-04
 5591.65   0.53717E-04   0.28901E-04   0.27811E-04
 5605.26   0.51923E-04   0.28719E-04   0.27679E-04
 5618.86   0.43485E-04   0.28547E-04   0.27547E-04
 5632.47   0.32196E-04   0.28395E-04   0.27415E-04
 5646.07   0.22222E-04   0.28265E-04   0.27281E-04
 5659.68   0.15942E-04   0.28156E-04   0.27145E-04
 5673.28   0.13833E-04   0.28091E-04   0.27041E-04
 5686.89   0.15719E-04   0.27992E-04   0.26904E-04
 5700.49   0.21668E-04   0.27886E-04   0.26773E-04
 5714.10   0.31185E-04   0.27762E-04   0.26645E-04
 5727.70   0.41989E-04   0.27616E-04   0.26518E-04
 5741.31   0.50128E-04   0.27453E-04   0.26393E-04
 5754.91   0.51992E-04   0.27283E-04   0.26270E-04
 5768.52   0.46691E-04   0.27117E-04   0.26148E-04
 5782.12   0.36668E-04   0.26966E-04   0.26027E-04
 5795.73   0.26003E-04   0.26834E-04   0.25905E-04
 5809.33   0.17943E-04   0.26722E-04   0.25779E-04
 5822.94   0.13764E-04   0.26650E-04   0.25675E-04
 5836.54   0.13425E-04   0.26565E-04   0.25553E-04
 5850.15   0.16874E-04   0.26476E-04   0.25433E-04
 5863.75   0.24112E-04   0.26372E-04   0.25313E-04
 5877.36   0.34112E-04   0.26249E-04   0.25195E-04
 5890.96   0.43994E-04   0.26105E-04   0.25078E-04
 5904.57   0.49871E-04   0.25949E-04   0.24963E-04
 5918.17   0.49091E-04   0.25791E-04   0.24850E-04
 5931.78   0.42005E-04   0.25640E-04   0.24738E-04
 5945.38   0.31718E-04   0.25507E-04   0.24627E-04
 5958.99   0.22033E-04   0.25393E-04   0.24514E-04
 5972.59   0.15417E-04   0.25306E-04   0.24409E-04
 5986.20   0.12519E-04   0.25227E-04   0.24298E-04
 5999.80   0.13197E-04   0.25151E-04   0.24188E-04
 6013.41   0.17466E-04   0.25068E-04   0.24078E-04
 6027.01   0.25221E-04   0.24968E-04   0.23968E-04
 6040.62   0.35111E-04   0.24848E-04   0.23859E-04
 6054.22   0.44073E-04   0.24711E-04   0.23751E-04
 6067.83   0.48507E-04   0.24563E-04   0.23644E-04
 6081.43   0.46424E-04   0.24416E-04   0.23538E-04
 6095.04   0.38763E-04   0.24277E-04   0.23434E-04
 6108.64   0.28749E-04   0.24158E-04   0.23333E-04
 6122.25   0.19838E-04   0.24058E-04   0.23232E-04
 6135.85   0.14038E-04   0.23977E-04   0.23131E-04
 6149.46   0.11753E-04   0.23906E-04   0.23030E-04
 6163.06   0.12821E-04   0.23836E-04   0.22929E-04
 6176.67   0.17295E-04   0.23758E-04   0.22827E-04
 6190.27   0.25031E-04   0.23663E-04   0.22725E-04
 6203.88   0.34621E-04   0.23550E-04   0.22624E-04
 6217.48   0.43079E-04   0.23420E-04   0.22522E-04
 6231.09   0.47041E-04   0.23280E-04   0.22422E-04
 6244.69   0.44760E-04   0.23138E-04   0.22320E-04
 6258.30   0.37256E-04   0.23011E-04   0.22225E-04
 6271.90   0.27607E-04   0.22907E-04   0.22139E-04
 6285.51   0.19042E-04   0.22812E-04   0.22042E-04
 6299.11   0.13445E-04   0.22735E-04   0.21948E-04
 6312.72   0.11182E-04   0.22669E-04   0.21854E-04
 6326.32   0.12086E-04   0.22605E-04   0.21761E-04
 6339.93   0.16204E-04   0.22534E-04   0.21667E-04
 6353.53   0.23452E-04   0.22447E-04   0.21573E-04
 6367.14   0.32619E-04   0.22342E-04   0.21478E-04
 6380.74   0.40984E-04   0.22220E-04   0.21383E-04
 6394.35   0.45329E-04   0.22086E-04   0.21286E-04
 6407.95   0.43798E-04   0.21956E-04   0.21194E-04
 6421.56   0.37087E-04   0.21858E-04   0.21128E-04
 6435.16   0.27844E-04   0.21740E-04   0.21029E-04
 6448.77   0.19299E-04   0.21648E-04   0.20938E-04
 6462.37   0.13423E-04   0.21574E-04   0.20850E-04
 6475.98   0.10714E-04   0.21512E-04   0.20763E-04
 6489.58   0.11010E-04   0.21453E-04   0.20677E-04
 6503.19   0.14312E-04   0.21390E-04   0.20590E-04
 6516.79   0.20662E-04   0.21313E-04   0.20503E-04
 6530.40   0.29239E-04   0.21219E-04   0.20416E-04
 6544.00   0.37778E-04   0.21107E-04   0.20325E-04
 6557.61   0.43190E-04   0.20973E-04   0.20225E-04
 6571.21   0.43261E-04   0.20842E-04   0.20131E-04
 6584.82   0.38042E-04   0.20768E-04   0.20088E-04
 6598.42   0.29511E-04   0.20656E-04   0.19998E-04
 6612.03   0.20829E-04   0.20563E-04   0.19913E-04
 6625.63   0.14279E-04   0.20489E-04   0.19830E-04
 6639.24   0.10705E-04   0.20429E-04   0.19749E-04
 6652.84   0.10030E-04   0.20374E-04   0.19669E-04
 6666.45   0.12161E-04   0.20318E-04   0.19590E-04
 6680.05   0.17214E-04   0.20253E-04   0.19510E-04
 6693.66   0.24841E-04   0.20172E-04   0.19429E-04
 6707.26   0.33434E-04   0.20072E-04   0.19344E-04
 6720.87   0.40247E-04   0.19961E-04   0.19261E-04
 6734.47   0.42717E-04   0.19881E-04   0.19215E-04
 6748.08   0.39655E-04   0.19756E-04   0.19124E-04
 6761.68   0.32438E-04   0.19647E-04   0.19041E-04
 6775.29   0.23787E-04   0.19553E-04   0.18962E-04
 6788.89   0.16340E-04   0.19476E-04   0.18883E-04
 6802.50   0.11516E-04   0.19414E-04   0.18807E-04
 6816.10   0.95322E-05   0.19362E-04   0.18732E-04
 6829.71   0.10211E-04   0.19312E-04   0.18658E-04
 6843.31   0.13603E-04   0.19257E-04   0.18584E-04
 6856.92   0.19737E-04   0.19190E-04   0.18511E-04
 6870.52   0.27798E-04   0.19106E-04   0.18434E-04
 6884.13   0.35694E-04   0.19007E-04   0.18355E-04
 6897.73   0.40738E-04   0.18926E-04   0.18303E-04
 6911.34   0.40829E-04   0.18814E-04   0.18226E-04
 6924.94   0.35982E-04   0.18708E-04   0.18150E-04
 6938.55   0.28117E-04   0.18613E-04   0.18076E-04
 6952.15   0.19967E-04   0.18531E-04   0.18002E-04
 6965.76   0.13650E-04   0.18464E-04   0.17930E-04
 6979.36   0.10013E-04   0.18410E-04   0.17859E-04
 6992.97   0.90079E-05   0.18362E-04   0.17789E-04
 7006.57   0.10506E-04   0.18315E-04   0.17720E-04
 7020.18   0.14623E-04   0.18261E-04   0.17652E-04
 7033.78   0.21234E-04   0.18196E-04   0.17584E-04
 7047.39   0.29211E-04   0.18114E-04   0.17513E-04
 7060.99   0.36313E-04   0.18032E-04   0.17454E-04
 7074.60   0.39956E-04   0.17934E-04   0.17386E-04
 7088.20   0.38701E-04   0.17834E-04   0.17317E-04
 7101.81   0.33050E-04   0.17738E-04   0.17249E-04
 7115.41   0.25150E-04   0.17652E-04   0.17180E-04
 7129.02   0.17559E-04   0.17579E-04   0.17111E-04
 7142.62   0.12013E-04   0.17519E-04   0.17044E-04
 7156.23   0.90519E-05   0.17469E-04   0.16977E-04
 7169.83   0.85372E-05   0.17425E-04   0.16911E-04
 7183.44   0.10385E-04   0.17380E-04   0.16847E-04
 7197.04   0.14727E-04   0.17329E-04   0.16784E-04
 7210.65   0.21360E-04   0.17268E-04   0.16723E-04
 7224.25   0.29062E-04   0.17194E-04   0.16660E-04
 7237.86   0.35595E-04   0.17110E-04   0.16599E-04
 7251.46   0.38610E-04   0.17019E-04   0.16536E-04
 7265.07   0.36920E-04   0.16927E-04   0.16474E-04
 7278.67   0.31190E-04   0.16839E-04   0.16411E-04
 7292.28   0.23542E-04   0.16760E-04   0.16347E-04
 7305.88   0.16359E-04   0.16692E-04   0.16283E-04
 7319.49   0.11195E-04   0.16636E-04   0.16219E-04
 7333.09   0.84861E-05   0.16590E-04   0.16156E-04
 7346.70   0.80784E-05   0.16547E-04   0.16093E-04
 7360.30   0.99009E-05   0.16502E-04   0.16030E-04
 7373.91   0.14101E-04   0.16457E-04   0.15974E-04
 7387.51   0.20503E-04   0.16405E-04   0.15922E-04
 7401.12   0.27958E-04   0.16335E-04   0.15862E-04
 7414.72   0.34366E-04   0.16256E-04   0.15805E-04
 7428.33   0.37480E-04   0.16171E-04   0.15747E-04
 7441.93   0.36103E-04   0.16085E-04   0.15689E-04
 7455.54   0.30771E-04   0.16002E-04   0.15631E-04
 7469.14   0.23436E-04   0.15928E-04   0.15572E-04
 7482.75   0.16383E-04   0.15863E-04   0.15513E-04
 7496.35   0.11175E-04   0.15809E-04   0.15453E-04
 7509.96   0.83056E-05   0.15763E-04   0.15392E-04
 7523.56   0.76439E-05   0.15718E-04   0.15328E-04
 7537.17   0.90930E-05   0.15681E-04   0.15273E-04
 7550.77   0.12799E-04   0.15659E-04   0.15240E-04
 7564.38   0.18655E-04   0.15598E-04   0.15177E-04
 7577.98   0.25788E-04   0.15532E-04   0.15120E-04
 7591.59   0.32324E-04   0.15459E-04   0.15066E-04
 7605.19   0.36074E-04   0.15380E-04   0.15012E-04
 7618.80   0.35634E-04   0.15300E-04   0.14959E-04
 7632.40   0.31168E-04   0.15222E-04   0.14905E-04
 7646.01   0.24311E-04   0.15150E-04   0.14851E-04
 7659.61   0.17261E-04   0.15088E-04   0.14796E-04
 7673.22   0.11717E-04   0.15034E-04   0.14739E-04
 7686.82   0.83700E-05   0.14986E-04   0.14679E-04
 7700.43   0.71625E-05   0.14923E-04   0.14599E-04
 7714.03   0.79951E-05   0.14963E-04   0.14620E-04
 7727.64   0.10853E-04   0.14896E-04   0.14540E-04
 7741.24   0.15874E-04   0.14843E-04   0.14483E-04
 7754.85   0.22507E-04   0.14783E-04   0.14429E-04
 7768.45   0.29258E-04   0.14717E-04   0.14377E-04
 7782.06   0.34046E-04   0.14644E-04   0.14327E-04
 7795.66   0.35161E-04   0.14568E-04   0.14277E-04
 7809.27   0.32182E-04   0.14494E-04   0.14227E-04
 7822.87   0.26209E-04   0.14425E-04   0.14177E-04
 7836.48   0.19249E-04   0.14363E-04   0.14126E-04
 7850.08   0.13191E-04   0.14309E-04   0.14073E-04
 7863.69   0.90754E-05   0.14258E-04   0.14014E-04
 7877.29   0.70772E-05   0.14219E-04   0.13960E-04
 7890.90   0.70266E-05   0.14225E-04   0.13949E-04
 7904.50   0.88561E-05   0.14178E-04   0.13888E-04
 7918.11   0.12742E-04   0.14132E-04   0.13834E-04
 7931.71   0.18520E-04   0.14081E-04   0.13783E-04
 7945.32   0.25214E-04   0.14021E-04   0.13733E-04
 7958.92   0.31031E-04   0.13955E-04   0.13685E-04
 7972.53   0.34047E-04   0.13884E-04   0.13638E-04
 7986.13   0.33162E-04   0.13813E-04   0.13592E-04
 7999.74   0.28699E-04   0.13746E-04   0.13546E-04
 8013.34   0.22220E-04   0.13685E-04   0.13499E-04
 8026.95   0.15698E-04   0.13631E-04   0.13451E-04
 8040.55   0.10606E-04   0.13577E-04   0.13394E-04
 8054.16   0.75313E-05   0.13535E-04   0.13342E-04
 8067.76   0.64117E-05   0.13537E-04   0.13328E-04
 8081.37   0.70488E-05   0.13501E-04   0.13276E-04
 8094.97   0.95409E-05   0.13463E-04   0.13227E-04
 8108.58   0.13999E-04   0.13420E-04   0.13179E-04
 8122.18   0.20037E-04   0.13369E-04   0.13131E-04
 8135.79   0.26425E-04   0.13310E-04   0.13085E-04
 8149.39   0.31321E-04   0.13246E-04   0.13040E-04
 8163.00   0.33068E-04   0.13179E-04   0.12996E-04
 8176.60   0.31030E-04   0.13113E-04   0.12953E-04
 8190.21   0.25941E-04   0.13052E-04   0.12911E-04
 8203.81   0.19501E-04   0.12997E-04   0.12868E-04
 8217.42   0.13510E-04   0.12946E-04   0.12820E-04
 8231.02   0.91525E-05   0.12926E-04   0.12795E-04
 8244.63   0.67105E-05   0.12890E-04   0.12747E-04
 8258.23   0.60549E-05   0.12860E-04   0.12702E-04
 8271.84   0.70725E-05   0.12830E-04   0.12658E-04
 8285.44   0.98847E-05   0.12795E-04   0.12613E-04
 8299.05   0.14548E-04   0.12754E-04   0.12569E-04
 8312.65   0.20546E-04   0.12704E-04   0.12525E-04
 8326.26   0.26561E-04   0.12648E-04   0.12481E-04
 8339.86   0.30816E-04   0.12586E-04   0.12439E-04
 8353.47   0.31865E-04   0.12523E-04   0.12397E-04
 8367.07   0.29332E-04   0.12461E-04   0.12357E-04
 8380.68   0.24106E-04   0.12405E-04   0.12317E-04
 8394.28   0.17871E-04   0.12356E-04   0.12279E-04
 8407.89   0.12279E-04   0.12316E-04   0.12240E-04
 8421.49   0.83128E-05   0.12283E-04   0.12201E-04
 8435.10   0.61841E-05   0.12255E-04   0.12163E-04
 8448.70   0.57216E-05   0.12230E-04   0.12123E-04
 8462.31   0.68418E-05   0.12203E-04   0.12083E-04
 8475.91   0.96820E-05   0.12171E-04   0.12042E-04
 8489.52   0.14287E-04   0.12132E-04   0.12000E-04
 8503.12   0.20133E-04   0.12085E-04   0.11959E-04
 8516.73   0.25934E-04   0.12031E-04   0.11918E-04
 8530.33   0.29994E-04   0.11972E-04   0.11877E-04
 8543.94   0.30955E-04   0.11911E-04   0.11837E-04
 8557.54   0.28475E-04   0.11851E-04   0.11797E-04
 8571.15   0.23405E-04   0.11793E-04   0.11755E-04
 8584.75   0.17384E-04   0.11759E-04   0.11731E-04
 8598.36   0.11934E-04   0.11717E-04   0.11691E-04
 8611.96   0.80387E-05   0.11686E-04   0.11655E-04
 8625.57   0.59043E-05   0.11660E-04   0.11619E-04
 8639.17   0.53609E-05   0.11637E-04   0.11582E-04
 8652.78   0.63099E-05   0.11613E-04   0.11545E-04
 8666.38   0.88775E-05   0.11584E-04   0.11507E-04
 8679.99   0.13146E-04   0.11549E-04   0.11469E-04
 8693.59   0.18697E-04   0.11505E-04   0.11430E-04
 8707.20   0.24391E-04   0.11455E-04   0.11391E-04
 8720.80   0.28628E-04   0.11398E-04   0.11351E-04
 8734.41   0.30030E-04   0.11337E-04   0.11310E-04
 8748.01   0.28095E-04   0.11270E-04   0.11263E-04
 8761.62   0.23543E-04   0.11226E-04   0.11235E-04
 8775.22   0.17791E-04   0.11199E-04   0.11217E-04
 8788.83   0.12343E-04   0.11157E-04   0.11179E-04
 8802.43   0.82741E-05   0.11125E-04   0.11144E-04
 8816.04   0.58907E-05   0.11100E-04   0.11110E-04
 8829.64   0.50575E-05   0.11079E-04   0.11076E-04
 8843.25   0.56352E-05   0.11057E-04   0.11042E-04
 8856.85   0.77078E-05   0.11032E-04   0.11007E-04
 8870.46   0.11411E-04   0.11001E-04   0.10972E-04
 8884.06   0.16512E-04   0.10963E-04   0.10935E-04
 8897.67   0.22105E-04   0.10916E-04   0.10898E-04
 8911.27   0.26738E-04   0.10861E-04   0.10858E-04
 8924.88   0.28955E-04   0.10797E-04   0.10812E-04
 8938.48   0.28057E-04   0.10747E-04   0.10781E-04
 8952.09   0.24384E-04   0.10732E-04   0.10782E-04
 8965.69   0.18958E-04   0.10675E-04   0.10737E-04
 8979.30   0.13441E-04   0.10633E-04   0.10700E-04
 8992.90   0.90035E-05   0.10600E-04   0.10666E-04
 9006.51   0.61479E-05   0.10574E-04   0.10633E-04
 9020.11   0.48325E-05   0.10553E-04   0.10601E-04
 9033.72   0.48725E-05   0.10534E-04   0.10570E-04
 9047.32   0.62657E-05   0.10513E-04   0.10538E-04
 9060.93   0.91735E-05   0.10487E-04   0.10505E-04
 9074.53   0.13580E-04   0.10454E-04   0.10472E-04
 9088.14   0.18915E-04   0.10413E-04   0.10437E-04
 9101.74   0.23976E-04   0.10362E-04   0.10397E-04
 9115.35   0.27250E-04   0.10283E-04   0.10334E-04
 9128.95   0.28050E-04   0.10323E-04   0.10393E-04
 9142.56   0.25519E-04   0.10240E-04   0.10326E-04
 9156.16   0.20870E-04   0.10187E-04   0.10287E-04
 9169.77   0.15435E-04   0.10144E-04   0.10251E-04
 9183.37   0.10552E-04   0.10109E-04   0.10218E-04
 9196.98   0.70263E-05   0.10081E-04   0.10186E-04
 9210.58   0.50322E-05   0.10059E-04   0.10156E-04
 9224.19   0.44048E-05   0.10041E-04   0.10126E-04
 9237.79   0.50261E-05   0.10023E-04   0.10097E-04
 9251.40   0.69956E-05   0.10002E-04   0.10067E-04
 9265.00   0.10453E-04   0.99758E-05   0.10037E-04
 9278.61   0.15195E-04   0.99419E-05   0.10005E-04
 9292.21   0.20408E-04   0.98965E-05   0.99677E-05
 9305.82   0.24807E-04   0.98511E-05   0.99354E-05
 9319.42   0.27172E-04   0.98414E-05   0.99423E-05
 9333.03   0.26523E-04   0.97819E-05   0.98995E-05
 9346.63   0.23214E-04   0.97316E-05   0.98644E-05
 9360.24   0.18271E-04   0.96873E-05   0.98312E-05
 9373.84   0.13075E-04   0.96497E-05   0.97991E-05
 9387.45   0.87593E-05   0.96191E-05   0.97682E-05
 9401.05   0.58638E-05   0.95949E-05   0.97383E-05
 9414.66   0.43945E-05   0.95755E-05   0.97095E-05
 9428.26   0.41626E-05   0.95587E-05   0.96815E-05
 9441.87   0.51144E-05   0.95416E-05   0.96542E-05
 9455.47   0.73927E-05   0.95215E-05   0.96269E-05
 9469.08   0.11086E-04   0.94959E-05   0.95990E-05
 9482.68   0.15865E-04   0.94609E-05   0.95673E-05
 9496.29   0.20823E-04   0.94213E-05   0.95366E-05
 9509.89   0.24723E-04   0.94000E-05   0.95288E-05
 9523.50   0.26280E-04   0.93523E-05   0.94967E-05
 9537.10   0.25045E-04   0.93060E-05   0.94662E-05
 9550.71   0.21412E-04   0.92621E-05   0.94359E-05
 9564.31   0.16491E-04   0.92225E-05   0.94058E-05
 9577.92   0.11588E-04   0.91886E-05   0.93759E-05
 9591.52   0.76817E-05   0.91608E-05   0.93467E-05
 9605.13   0.51657E-05   0.91386E-05   0.93183E-05
 9618.73   0.39747E-05   0.91207E-05   0.92908E-05
 9632.34   0.39256E-05   0.91049E-05   0.92643E-05
 9645.94   0.50011E-05   0.90888E-05   0.92386E-05
 9659.55   0.73588E-05   0.90701E-05   0.92135E-05
 9673.15   0.11064E-04   0.90465E-05   0.91883E-05
 9686.76   0.15752E-04   0.90161E-05   0.91616E-05
 9700.36   0.20520E-04   0.89865E-05   0.91410E-05
 9713.97   0.24101E-04   0.89480E-05   0.91154E-05
 9727.57   0.25422E-04   0.89070E-05   0.90893E-05
 9741.18   0.24059E-04   0.88653E-05   0.90625E-05
 9754.78   0.20445E-04   0.88252E-05   0.90352E-05
 9768.39   0.15665E-04   0.87887E-05   0.90074E-05
 9781.99   0.10959E-04   0.87571E-05   0.89794E-05
 9795.60   0.72348E-05   0.87308E-05   0.89516E-05
 9809.20   0.48460E-05   0.87095E-05   0.89242E-05
 9822.81   0.37153E-05   0.86919E-05   0.88975E-05
 9836.41   0.36615E-05   0.86763E-05   0.88716E-05
 9850.02   0.46658E-05   0.86605E-05   0.88466E-05
 9863.62   0.68826E-05   0.86418E-05   0.88218E-05
 9877.23   0.10395E-04   0.86231E-05   0.88013E-05
 9890.83   0.14880E-04   0.85970E-05   0.87785E-05
 9904.44   0.19496E-04   0.85656E-05   0.87553E-05
 9918.04   0.23065E-04   0.85305E-05   0.87321E-05
 9931.65   0.24529E-04   0.84929E-05   0.87086E-05
 9945.25   0.23426E-04   0.84545E-05   0.86845E-05
 9958.86   0.20099E-04   0.84173E-05   0.86596E-05
 9972.46   0.15542E-04   0.83831E-05   0.86339E-05
 9986.07   0.10943E-04   0.83529E-05   0.86077E-05
 9999.67   0.72169E-05   0.83274E-05   0.85812E-05
