  136.05   0.29262E+00   0.29708E+00   0.29625E+00
  149.65   0.28362E+00   0.28785E+00   0.27579E+00
  163.26   0.28064E+00   0.28469E+00   0.26474E+00
  176.86   0.28131E+00   0.28523E+00   0.25977E+00
  190.47   0.28393E+00   0.28777E+00   0.25857E+00
  204.07   0.28744E+00   0.29121E+00   0.25957E+00
  217.68   0.29103E+00   0.29475E+00   0.26165E+00
  231.28   0.29440E+00   0.29809E+00   0.26422E+00
  244.89   0.29724E+00   0.30091E+00   0.26676E+00
  258.49   0.29961E+00   0.30327E+00   0.26923E+00
  272.10   0.30125E+00   0.30490E+00   0.27125E+00
  285.70   0.30233E+00   0.30598E+00   0.27290E+00
  299.31   0.30281E+00   0.30647E+00   0.27413E+00
  312.91   0.30248E+00   0.30615E+00   0.27462E+00
  326.52   0.30179E+00   0.30546E+00   0.27480E+00
  340.12   0.30053E+00   0.30421E+00   0.27447E+00
  353.73   0.29890E+00   0.30258E+00   0.27377E+00
  367.33   0.29693E+00   0.30061E+00   0.27273E+00
  380.94   0.29446E+00   0.29815E+00   0.27121E+00
  394.54   0.29175E+00   0.29545E+00   0.26943E+00
  408.15   0.28899E+00   0.29269E+00   0.26755E+00
  421.75   0.28562E+00   0.28932E+00   0.26508E+00
  435.36   0.28228E+00   0.28598E+00   0.26258E+00
  448.96   0.27896E+00   0.28266E+00   0.26006E+00
  462.57   0.27516E+00   0.27886E+00   0.25706E+00
  476.17   0.27144E+00   0.27513E+00   0.25409E+00
  489.78   0.26769E+00   0.27137E+00   0.25106E+00
  503.38   0.26372E+00   0.26739E+00   0.24779E+00
  516.99   0.25982E+00   0.26349E+00   0.24455E+00
  530.59   0.25587E+00   0.25953E+00   0.24124E+00
  544.20   0.25188E+00   0.25553E+00   0.23785E+00
  557.80   0.24795E+00   0.25158E+00   0.23449E+00
  571.41   0.24402E+00   0.24763E+00   0.23110E+00
  585.01   0.24005E+00   0.24365E+00   0.22765E+00
  598.62   0.23612E+00   0.23971E+00   0.22422E+00
  612.22   0.23224E+00   0.23581E+00   0.22082E+00
  625.83   0.22843E+00   0.23198E+00   0.21745E+00
  639.43   0.22454E+00   0.22807E+00   0.21399E+00
  653.04   0.22075E+00   0.22426E+00   0.21062E+00
  666.64   0.21705E+00   0.22053E+00   0.20730E+00
  680.25   0.21330E+00   0.21676E+00   0.20393E+00
  693.85   0.20973E+00   0.21317E+00   0.20071E+00
  707.46   0.20615E+00   0.20957E+00   0.19746E+00
  721.06   0.20265E+00   0.20605E+00   0.19429E+00
  734.67   0.19914E+00   0.20251E+00   0.19108E+00
  748.27   0.19576E+00   0.19910E+00   0.18799E+00
  761.88   0.19240E+00   0.19572E+00   0.18491E+00
  775.48   0.18913E+00   0.19241E+00   0.18189E+00
  789.09   0.18586E+00   0.18911E+00   0.17888E+00
  802.69   0.18271E+00   0.18594E+00   0.17597E+00
  816.30   0.17961E+00   0.18281E+00   0.17310E+00
  829.90   0.17655E+00   0.17972E+00   0.17026E+00
  843.51   0.17354E+00   0.17667E+00   0.16745E+00
  857.11   0.17062E+00   0.17373E+00   0.16473E+00
  870.72   0.16774E+00   0.17082E+00   0.16205E+00
  884.32   0.16491E+00   0.16796E+00   0.15939E+00
  897.93   0.16212E+00   0.16514E+00   0.15678E+00
  911.53   0.15941E+00   0.16239E+00   0.15423E+00
  925.14   0.15675E+00   0.15971E+00   0.15173E+00
  938.74   0.15415E+00   0.15708E+00   0.14928E+00
  952.35   0.15159E+00   0.15449E+00   0.14686E+00
  965.95   0.14908E+00   0.15194E+00   0.14448E+00
  979.56   0.14662E+00   0.14945E+00   0.14216E+00
  993.16   0.14423E+00   0.14703E+00   0.13989E+00
 1006.77   0.14189E+00   0.14466E+00   0.13767E+00
 1020.37   0.13956E+00   0.14229E+00   0.13546E+00
 1033.98   0.13730E+00   0.14000E+00   0.13330E+00
 1047.58   0.13508E+00   0.13775E+00   0.13119E+00
 1061.19   0.13292E+00   0.13556E+00   0.12913E+00
 1074.79   0.13084E+00   0.13345E+00   0.12715E+00
 1088.40   0.12870E+00   0.13127E+00   0.12510E+00
 1102.00   0.12666E+00   0.12920E+00   0.12315E+00
 1115.61   0.12466E+00   0.12717E+00   0.12123E+00
 1129.21   0.12271E+00   0.12519E+00   0.11936E+00
 1142.82   0.12075E+00   0.12320E+00   0.11748E+00
 1156.42   0.11891E+00   0.12132E+00   0.11571E+00
 1170.03   0.11707E+00   0.11945E+00   0.11394E+00
 1183.63   0.11526E+00   0.11761E+00   0.11220E+00
 1197.24   0.11350E+00   0.11581E+00   0.11050E+00
 1210.84   0.11173E+00   0.11402E+00   0.10880E+00
 1224.45   0.11005E+00   0.11231E+00   0.10717E+00
 1238.05   0.10839E+00   0.11062E+00   0.10557E+00
 1251.66   0.10676E+00   0.10895E+00   0.10399E+00
 1265.26   0.10516E+00   0.10732E+00   0.10244E+00
 1278.87   0.10357E+00   0.10570E+00   0.10091E+00
 1292.47   0.10204E+00   0.10415E+00   0.99427E-01
 1306.08   0.10054E+00   0.10261E+00   0.97972E-01
 1319.68   0.99069E-01   0.10111E+00   0.96540E-01
 1333.29   0.97618E-01   0.99628E-01   0.95131E-01
 1346.89   0.96190E-01   0.98170E-01   0.93744E-01
 1360.50   0.94797E-01   0.96746E-01   0.92389E-01
 1374.10   0.93433E-01   0.95352E-01   0.91061E-01
 1387.71   0.92096E-01   0.93986E-01   0.89760E-01
 1401.31   0.90782E-01   0.92643E-01   0.88480E-01
 1414.92   0.89490E-01   0.91322E-01   0.87220E-01
 1428.52   0.88218E-01   0.90021E-01   0.85980E-01
 1442.13   0.86975E-01   0.88749E-01   0.84767E-01
 1455.73   0.85759E-01   0.87504E-01   0.83580E-01
 1469.34   0.84569E-01   0.86285E-01   0.82416E-01
 1482.94   0.83403E-01   0.85091E-01   0.81277E-01
 1496.55   0.82241E-01   0.83901E-01   0.80140E-01
 1510.15   0.81111E-01   0.82743E-01   0.79035E-01
 1523.76   0.80002E-01   0.81606E-01   0.77948E-01
 1537.36   0.78915E-01   0.80492E-01   0.76884E-01
 1550.97   0.77852E-01   0.79402E-01   0.75842E-01
 1564.57   0.76813E-01   0.78335E-01   0.74823E-01
 1578.18   0.75767E-01   0.77262E-01   0.73798E-01
 1591.78   0.74756E-01   0.76225E-01   0.72805E-01
 1605.39   0.73762E-01   0.75203E-01   0.71829E-01
 1618.99   0.72787E-01   0.74202E-01   0.70871E-01
 1632.60   0.71836E-01   0.73225E-01   0.69937E-01
 1646.20   0.70876E-01   0.72239E-01   0.68993E-01
 1659.81   0.69964E-01   0.71302E-01   0.68096E-01
 1673.41   0.69058E-01   0.70370E-01   0.67205E-01
 1687.02   0.68165E-01   0.69452E-01   0.66327E-01
 1700.62   0.67289E-01   0.68551E-01   0.65464E-01
 1714.23   0.66435E-01   0.67672E-01   0.64622E-01
 1727.83   0.65575E-01   0.66787E-01   0.63775E-01
 1741.44   0.64750E-01   0.65938E-01   0.62963E-01
 1755.04   0.63936E-01   0.65100E-01   0.62160E-01
 1768.65   0.63133E-01   0.64272E-01   0.61367E-01
 1782.25   0.62342E-01   0.63458E-01   0.60588E-01
 1795.86   0.61568E-01   0.62661E-01   0.59824E-01
 1809.46   0.60798E-01   0.61867E-01   0.59063E-01
 1823.07   0.60051E-01   0.61097E-01   0.58326E-01
 1836.67   0.59316E-01   0.60339E-01   0.57600E-01
 1850.28   0.58592E-01   0.59592E-01   0.56885E-01
 1863.88   0.57879E-01   0.58856E-01   0.56180E-01
 1877.49   0.57177E-01   0.58132E-01   0.55486E-01
 1891.09   0.56485E-01   0.57418E-01   0.54801E-01
 1904.70   0.55807E-01   0.56718E-01   0.54131E-01
 1918.30   0.55141E-01   0.56030E-01   0.53472E-01
 1931.91   0.54486E-01   0.55354E-01   0.52824E-01
 1945.51   0.53842E-01   0.54688E-01   0.52186E-01
 1959.12   0.53206E-01   0.54032E-01   0.51557E-01
 1972.72   0.52579E-01   0.53384E-01   0.50936E-01
 1986.33   0.51963E-01   0.52747E-01   0.50326E-01
 1999.93   0.51358E-01   0.52121E-01   0.49726E-01
 2013.54   0.50763E-01   0.51505E-01   0.49137E-01
 2027.14   0.50178E-01   0.50900E-01   0.48557E-01
 2040.75   0.49602E-01   0.50305E-01   0.47987E-01
 2054.35   0.49036E-01   0.49719E-01   0.47425E-01
 2067.96   0.48473E-01   0.49136E-01   0.46867E-01
 2081.56   0.47922E-01   0.48566E-01   0.46321E-01
 2095.17   0.47380E-01   0.48005E-01   0.45783E-01
 2108.77   0.46848E-01   0.47453E-01   0.45254E-01
 2122.38   0.46324E-01   0.46911E-01   0.44735E-01
 2135.98   0.45810E-01   0.46379E-01   0.44225E-01
 2149.59   0.45294E-01   0.45844E-01   0.43712E-01
 2163.19   0.44796E-01   0.45327E-01   0.43218E-01
 2176.80   0.44302E-01   0.44815E-01   0.42727E-01
 2190.40   0.43815E-01   0.44310E-01   0.42244E-01
 2204.01   0.43336E-01   0.43813E-01   0.41768E-01
 2217.61   0.42865E-01   0.43325E-01   0.41300E-01
 2231.22   0.42403E-01   0.42846E-01   0.40842E-01
 2244.82   0.41938E-01   0.42364E-01   0.40380E-01
 2258.43   0.41489E-01   0.41897E-01   0.39933E-01
 2272.03   0.41044E-01   0.41436E-01   0.39492E-01
 2285.64   0.40606E-01   0.40981E-01   0.39056E-01
 2299.24   0.40174E-01   0.40532E-01   0.38626E-01
 2312.85   0.39749E-01   0.40091E-01   0.38204E-01
 2326.45   0.39335E-01   0.39661E-01   0.37793E-01
 2340.06   0.38914E-01   0.39224E-01   0.37374E-01
 2353.66   0.38508E-01   0.38802E-01   0.36971E-01
 2367.27   0.38107E-01   0.38385E-01   0.36572E-01
 2380.87   0.37711E-01   0.37974E-01   0.36179E-01
 2394.48   0.37321E-01   0.37568E-01   0.35790E-01
 2408.08   0.36936E-01   0.37168E-01   0.35408E-01
 2421.69   0.36558E-01   0.36775E-01   0.35032E-01
 2435.29   0.36181E-01   0.36384E-01   0.34657E-01
 2448.90   0.35813E-01   0.36001E-01   0.34292E-01
 2462.50   0.35450E-01   0.35623E-01   0.33930E-01
 2476.11   0.35091E-01   0.35251E-01   0.33574E-01
 2489.71   0.34737E-01   0.34883E-01   0.33222E-01
 2503.32   0.34388E-01   0.34519E-01   0.32875E-01
 2516.92   0.34045E-01   0.34162E-01   0.32533E-01
 2530.53   0.33704E-01   0.33807E-01   0.32194E-01
 2544.13   0.33369E-01   0.33459E-01   0.31862E-01
 2557.74   0.33039E-01   0.33116E-01   0.31534E-01
 2571.34   0.32714E-01   0.32777E-01   0.31210E-01
 2584.95   0.32393E-01   0.32443E-01   0.30891E-01
 2598.55   0.32076E-01   0.32113E-01   0.30576E-01
 2612.16   0.31762E-01   0.31787E-01   0.30264E-01
 2625.76   0.31453E-01   0.31465E-01   0.29957E-01
 2639.37   0.31148E-01   0.31148E-01   0.29654E-01
 2652.97   0.30848E-01   0.30835E-01   0.29356E-01
 2666.58   0.30551E-01   0.30527E-01   0.29061E-01
 2680.18   0.30259E-01   0.30222E-01   0.28770E-01
 2693.79   0.29970E-01   0.29921E-01   0.28483E-01
 2707.39   0.29685E-01   0.29625E-01   0.28200E-01
 2721.00   0.29402E-01   0.29331E-01   0.27920E-01
 2734.60   0.29124E-01   0.29041E-01   0.27644E-01
 2748.21   0.28850E-01   0.28755E-01   0.27371E-01
 2761.81   0.28579E-01   0.28473E-01   0.27102E-01
 2775.42   0.28311E-01   0.28195E-01   0.26836E-01
 2789.02   0.28047E-01   0.27920E-01   0.26574E-01
 2802.63   0.27787E-01   0.27649E-01   0.26316E-01
 2816.23   0.27530E-01   0.27381E-01   0.26061E-01
 2829.84   0.27275E-01   0.27116E-01   0.25808E-01
 2843.44   0.27024E-01   0.26854E-01   0.25559E-01
 2857.05   0.26776E-01   0.26596E-01   0.25313E-01
 2870.65   0.26531E-01   0.26341E-01   0.25070E-01
 2884.26   0.26289E-01   0.26089E-01   0.24830E-01
 2897.86   0.26050E-01   0.25841E-01   0.24593E-01
 2911.47   0.25815E-01   0.25596E-01   0.24360E-01
 2925.07   0.25581E-01   0.25352E-01   0.24128E-01
 2938.68   0.25351E-01   0.25113E-01   0.23900E-01
 2952.28   0.25124E-01   0.24876E-01   0.23675E-01
 2965.89   0.24899E-01   0.24643E-01   0.23453E-01
 2979.49   0.24677E-01   0.24412E-01   0.23233E-01
 2993.10   0.24458E-01   0.24183E-01   0.23016E-01
 3006.70   0.24241E-01   0.23958E-01   0.22801E-01
 3020.31   0.24027E-01   0.23735E-01   0.22589E-01
 3033.91   0.23815E-01   0.23515E-01   0.22380E-01
 3047.52   0.23606E-01   0.23298E-01   0.22173E-01
 3061.12   0.23400E-01   0.23083E-01   0.21969E-01
 3074.73   0.23196E-01   0.22871E-01   0.21767E-01
 3088.33   0.22994E-01   0.22661E-01   0.21568E-01
 3101.94   0.22795E-01   0.22454E-01   0.21371E-01
 3115.54   0.22598E-01   0.22249E-01   0.21176E-01
 3129.15   0.22403E-01   0.22046E-01   0.20984E-01
 3142.75   0.22210E-01   0.21846E-01   0.20794E-01
 3156.36   0.22020E-01   0.21648E-01   0.20606E-01
 3169.96   0.21832E-01   0.21453E-01   0.20420E-01
 3183.57   0.21646E-01   0.21260E-01   0.20237E-01
 3197.17   0.21462E-01   0.21069E-01   0.20055E-01
 3210.78   0.21280E-01   0.20880E-01   0.19876E-01
 3224.38   0.21100E-01   0.20693E-01   0.19699E-01
 3237.99   0.20923E-01   0.20509E-01   0.19524E-01
 3251.59   0.20747E-01   0.20326E-01   0.19351E-01
 3265.20   0.20573E-01   0.20146E-01   0.19180E-01
 3278.80   0.20402E-01   0.19968E-01   0.19011E-01
 3292.41   0.20232E-01   0.19791E-01   0.18843E-01
 3306.01   0.20064E-01   0.19617E-01   0.18678E-01
 3319.62   0.19897E-01   0.19444E-01   0.18515E-01
 3333.22   0.19733E-01   0.19274E-01   0.18353E-01
 3346.83   0.19571E-01   0.19106E-01   0.18194E-01
 3360.43   0.19410E-01   0.18939E-01   0.18036E-01
 3374.04   0.19251E-01   0.18775E-01   0.17880E-01
 3387.64   0.19094E-01   0.18612E-01   0.17725E-01
 3401.25   0.18939E-01   0.18451E-01   0.17573E-01
 3414.85   0.18785E-01   0.18291E-01   0.17422E-01
 3428.46   0.18632E-01   0.18133E-01   0.17272E-01
 3442.06   0.18482E-01   0.17977E-01   0.17125E-01
 3455.67   0.18333E-01   0.17823E-01   0.16979E-01
 3469.27   0.18186E-01   0.17671E-01   0.16835E-01
 3482.88   0.18040E-01   0.17520E-01   0.16692E-01
 3496.48   0.17896E-01   0.17371E-01   0.16551E-01
 3510.09   0.17753E-01   0.17224E-01   0.16412E-01
 3523.69   0.17612E-01   0.17078E-01   0.16273E-01
 3537.30   0.17472E-01   0.16933E-01   0.16137E-01
 3550.90   0.17334E-01   0.16790E-01   0.16001E-01
 3564.51   0.17196E-01   0.16648E-01   0.15867E-01
 3578.11   0.17060E-01   0.16508E-01   0.15734E-01
 3591.72   0.16928E-01   0.16371E-01   0.15605E-01
 3605.32   0.16795E-01   0.16234E-01   0.15476E-01
 3618.93   0.16664E-01   0.16099E-01   0.15348E-01
 3632.53   0.16534E-01   0.15965E-01   0.15221E-01
 3646.14   0.16406E-01   0.15832E-01   0.15096E-01
 3659.74   0.16278E-01   0.15701E-01   0.14972E-01
 3673.35   0.16152E-01   0.15571E-01   0.14849E-01
 3686.95   0.16025E-01   0.15441E-01   0.14726E-01
 3700.56   0.15906E-01   0.15317E-01   0.14609E-01
 3714.16   0.15782E-01   0.15190E-01   0.14489E-01
 3727.77   0.15661E-01   0.15065E-01   0.14372E-01
 3741.37   0.15541E-01   0.14942E-01   0.14256E-01
 3754.98   0.15423E-01   0.14821E-01   0.14141E-01
 3768.58   0.15306E-01   0.14700E-01   0.14027E-01
 3782.19   0.15189E-01   0.14581E-01   0.13914E-01
 3795.79   0.15074E-01   0.14462E-01   0.13802E-01
 3809.40   0.14959E-01   0.14344E-01   0.13691E-01
 3823.00   0.14849E-01   0.14231E-01   0.13584E-01
 3836.61   0.14736E-01   0.14115E-01   0.13475E-01
 3850.21   0.14625E-01   0.14002E-01   0.13368E-01
 3863.82   0.14516E-01   0.13889E-01   0.13262E-01
 3877.42   0.14408E-01   0.13778E-01   0.13157E-01
 3891.03   0.14300E-01   0.13668E-01   0.13054E-01
 3904.63   0.14194E-01   0.13559E-01   0.12951E-01
 3918.24   0.14088E-01   0.13451E-01   0.12849E-01
 3931.84   0.13982E-01   0.13343E-01   0.12747E-01
 3945.45   0.13882E-01   0.13241E-01   0.12651E-01
 3959.05   0.13779E-01   0.13135E-01   0.12552E-01
 3972.66   0.13677E-01   0.13031E-01   0.12454E-01
 3986.26   0.13577E-01   0.12928E-01   0.12357E-01
 3999.87   0.13477E-01   0.12827E-01   0.12261E-01
 4013.47   0.13379E-01   0.12726E-01   0.12167E-01
 4027.08   0.13282E-01   0.12627E-01   0.12073E-01
 4040.68   0.13185E-01   0.12528E-01   0.11980E-01
 4054.29   0.13088E-01   0.12430E-01   0.11888E-01
 4067.89   0.12996E-01   0.12335E-01   0.11799E-01
 4081.50   0.12901E-01   0.12239E-01   0.11708E-01
 4095.10   0.12808E-01   0.12144E-01   0.11619E-01
 4108.71   0.12715E-01   0.12050E-01   0.11530E-01
 4122.31   0.12623E-01   0.11957E-01   0.11442E-01
 4135.92   0.12533E-01   0.11865E-01   0.11356E-01
 4149.52   0.12443E-01   0.11774E-01   0.11270E-01
 4163.13   0.12355E-01   0.11684E-01   0.11185E-01
 4176.73   0.12267E-01   0.11594E-01   0.11101E-01
 4190.34   0.12180E-01   0.11506E-01   0.11019E-01
 4203.94   0.12093E-01   0.11419E-01   0.10936E-01
 4217.55   0.12008E-01   0.11332E-01   0.10855E-01
 4231.15   0.11922E-01   0.11245E-01   0.10773E-01
 4244.76   0.11838E-01   0.11160E-01   0.10693E-01
 4258.36   0.11754E-01   0.11075E-01   0.10613E-01
 4271.97   0.11671E-01   0.10991E-01   0.10535E-01
 4285.57   0.11589E-01   0.10909E-01   0.10457E-01
 4299.18   0.11508E-01   0.10827E-01   0.10380E-01
 4312.78   0.11428E-01   0.10746E-01   0.10304E-01
 4326.39   0.11349E-01   0.10666E-01   0.10229E-01
 4339.99   0.11270E-01   0.10586E-01   0.10154E-01
 4353.60   0.11192E-01   0.10507E-01   0.10080E-01
 4367.20   0.11114E-01   0.10429E-01   0.10006E-01
 4380.81   0.11036E-01   0.10351E-01   0.99331E-02
 4394.41   0.10960E-01   0.10274E-01   0.98606E-02
 4408.02   0.10883E-01   0.10197E-01   0.97888E-02
 4421.62   0.10808E-01   0.10121E-01   0.97173E-02
 4435.23   0.10737E-01   0.10049E-01   0.96502E-02
 4448.83   0.10661E-01   0.99740E-02   0.95794E-02
 4462.44   0.10588E-01   0.99008E-02   0.95106E-02
 4476.04   0.10516E-01   0.98283E-02   0.94427E-02
 4489.65   0.10444E-01   0.97565E-02   0.93752E-02
 4503.25   0.10373E-01   0.96851E-02   0.93082E-02
 4516.86   0.10302E-01   0.96141E-02   0.92416E-02
 4530.46   0.10232E-01   0.95435E-02   0.91754E-02
 4544.07   0.10161E-01   0.94732E-02   0.91094E-02
 4557.67   0.10092E-01   0.94038E-02   0.90443E-02
 4571.28   0.10027E-01   0.93388E-02   0.89834E-02
 4584.88   0.99580E-02   0.92703E-02   0.89192E-02
 4598.49   0.98908E-02   0.92033E-02   0.88563E-02
 4612.09   0.98244E-02   0.91372E-02   0.87943E-02
 4625.70   0.97585E-02   0.90716E-02   0.87328E-02
 4639.30   0.96931E-02   0.90066E-02   0.86718E-02
 4652.91   0.96280E-02   0.89418E-02   0.86111E-02
 4666.51   0.95630E-02   0.88773E-02   0.85506E-02
 4680.12   0.94975E-02   0.88123E-02   0.84896E-02
 4693.72   0.94314E-02   0.87469E-02   0.84283E-02
 4707.33   0.93750E-02   0.86905E-02   0.83755E-02
 4720.93   0.93116E-02   0.86278E-02   0.83167E-02
 4734.54   0.92495E-02   0.85663E-02   0.82591E-02
 4748.14   0.91882E-02   0.85057E-02   0.82022E-02
 4761.75   0.91276E-02   0.84457E-02   0.81461E-02
 4775.35   0.90675E-02   0.83863E-02   0.80904E-02
 4788.96   0.90077E-02   0.83273E-02   0.80351E-02
 4802.56   0.89480E-02   0.82684E-02   0.79798E-02
 4816.17   0.88870E-02   0.82084E-02   0.79236E-02
 4829.77   0.88372E-02   0.81588E-02   0.78773E-02
 4843.38   0.87747E-02   0.80976E-02   0.78198E-02
 4856.98   0.87162E-02   0.80401E-02   0.77659E-02
 4870.59   0.86587E-02   0.79836E-02   0.77129E-02
 4884.19   0.86019E-02   0.79278E-02   0.76607E-02
 4897.80   0.85459E-02   0.78728E-02   0.76091E-02
 4911.40   0.84904E-02   0.78184E-02   0.75582E-02
 4925.01   0.84354E-02   0.77644E-02   0.75077E-02
 4938.61   0.83806E-02   0.77108E-02   0.74574E-02
 4952.22   0.83250E-02   0.76564E-02   0.74064E-02
 4965.82   0.82763E-02   0.76085E-02   0.73616E-02
 4979.43   0.82205E-02   0.75541E-02   0.73106E-02
 4993.03   0.81666E-02   0.75015E-02   0.72614E-02
 5006.64   0.81134E-02   0.74496E-02   0.72128E-02
 5020.24   0.80607E-02   0.73983E-02   0.71646E-02
 5033.85   0.80086E-02   0.73476E-02   0.71171E-02
 5047.45   0.79572E-02   0.72975E-02   0.70702E-02
 5061.06   0.79063E-02   0.72480E-02   0.70239E-02
 5074.66   0.78559E-02   0.71990E-02   0.69780E-02
 5088.27   0.78056E-02   0.71502E-02   0.69322E-02
 5101.87   0.77577E-02   0.71036E-02   0.68886E-02
 5115.48   0.77075E-02   0.70549E-02   0.68431E-02
 5129.08   0.76581E-02   0.70071E-02   0.67983E-02
 5142.69   0.76090E-02   0.69596E-02   0.67537E-02
 5156.29   0.75602E-02   0.69124E-02   0.67095E-02
 5169.90   0.75118E-02   0.68656E-02   0.66657E-02
 5183.50   0.74638E-02   0.68193E-02   0.66223E-02
 5197.11   0.74164E-02   0.67736E-02   0.65794E-02
 5210.71   0.73695E-02   0.67284E-02   0.65371E-02
 5224.32   0.73232E-02   0.66838E-02   0.64953E-02
 5237.92   0.72773E-02   0.66396E-02   0.64539E-02
 5251.53   0.72319E-02   0.65958E-02   0.64130E-02
 5265.13   0.71865E-02   0.65523E-02   0.63722E-02
 5278.74   0.71414E-02   0.65089E-02   0.63315E-02
 5292.34   0.70963E-02   0.64657E-02   0.62910E-02
 5305.95   0.70514E-02   0.64227E-02   0.62507E-02
 5319.55   0.70067E-02   0.63799E-02   0.62106E-02
 5333.16   0.69624E-02   0.63375E-02   0.61709E-02
 5346.76   0.69185E-02   0.62955E-02   0.61316E-02
 5360.37   0.68749E-02   0.62540E-02   0.60926E-02
 5373.97   0.68324E-02   0.62134E-02   0.60545E-02
 5387.58   0.67908E-02   0.61736E-02   0.60173E-02
 5401.18   0.67485E-02   0.61334E-02   0.59796E-02
 5414.79   0.67068E-02   0.60936E-02   0.59424E-02
 5428.39   0.66652E-02   0.60541E-02   0.59053E-02
 5442.00   0.66238E-02   0.60147E-02   0.58684E-02
 5455.60   0.65825E-02   0.59755E-02   0.58316E-02
 5469.21   0.65412E-02   0.59364E-02   0.57950E-02
 5482.81   0.65001E-02   0.58974E-02   0.57584E-02
 5496.42   0.64591E-02   0.58586E-02   0.57220E-02
 5510.02   0.64173E-02   0.58191E-02   0.56849E-02
 5523.63   0.63841E-02   0.57874E-02   0.56555E-02
 5537.23   0.63419E-02   0.57477E-02   0.56181E-02
 5550.84   0.63026E-02   0.57107E-02   0.55834E-02
 5564.44   0.62639E-02   0.56742E-02   0.55492E-02
 5578.05   0.62256E-02   0.56381E-02   0.55154E-02
 5591.65   0.61875E-02   0.56022E-02   0.54817E-02
 5605.26   0.61494E-02   0.55664E-02   0.54481E-02
 5618.86   0.61114E-02   0.55307E-02   0.54146E-02
 5632.47   0.60732E-02   0.54949E-02   0.53810E-02
 5646.07   0.60346E-02   0.54587E-02   0.53470E-02
 5659.68   0.59969E-02   0.54234E-02   0.53138E-02
 5673.28   0.59656E-02   0.53940E-02   0.52864E-02
 5686.89   0.59272E-02   0.53581E-02   0.52526E-02
 5700.49   0.58905E-02   0.53238E-02   0.52205E-02
 5714.10   0.58546E-02   0.52903E-02   0.51890E-02
 5727.70   0.58191E-02   0.52572E-02   0.51579E-02
 5741.31   0.57839E-02   0.52243E-02   0.51271E-02
 5754.91   0.57488E-02   0.51917E-02   0.50965E-02
 5768.52   0.57138E-02   0.51591E-02   0.50658E-02
 5782.12   0.56785E-02   0.51263E-02   0.50350E-02
 5795.73   0.56423E-02   0.50927E-02   0.50034E-02
 5809.33   0.56063E-02   0.50593E-02   0.49720E-02
 5822.94   0.55789E-02   0.50338E-02   0.49483E-02
 5836.54   0.55434E-02   0.50010E-02   0.49174E-02
 5850.15   0.55092E-02   0.49693E-02   0.48876E-02
 5863.75   0.54756E-02   0.49383E-02   0.48585E-02
 5877.36   0.54425E-02   0.49077E-02   0.48298E-02
 5890.96   0.54099E-02   0.48776E-02   0.48014E-02
 5904.57   0.53775E-02   0.48477E-02   0.47734E-02
 5918.17   0.53452E-02   0.48180E-02   0.47454E-02
 5931.78   0.53128E-02   0.47882E-02   0.47174E-02
 5945.38   0.52795E-02   0.47575E-02   0.46885E-02
 5958.99   0.52456E-02   0.47264E-02   0.46592E-02
 5972.59   0.52202E-02   0.47031E-02   0.46375E-02
 5986.20   0.51876E-02   0.46732E-02   0.46093E-02
 5999.80   0.51558E-02   0.46440E-02   0.45819E-02
 6013.41   0.51244E-02   0.46153E-02   0.45548E-02
 6027.01   0.50934E-02   0.45870E-02   0.45282E-02
 6040.62   0.50629E-02   0.45591E-02   0.45019E-02
 6054.22   0.50328E-02   0.45316E-02   0.44761E-02
 6067.83   0.50029E-02   0.45044E-02   0.44505E-02
 6081.43   0.49732E-02   0.44773E-02   0.44250E-02
 6095.04   0.49432E-02   0.44500E-02   0.43993E-02
 6108.64   0.49126E-02   0.44221E-02   0.43730E-02
 6122.25   0.48868E-02   0.43987E-02   0.43510E-02
 6135.85   0.48570E-02   0.43717E-02   0.43256E-02
 6149.46   0.48276E-02   0.43450E-02   0.43004E-02
 6163.06   0.47984E-02   0.43185E-02   0.42755E-02
 6176.67   0.47695E-02   0.42923E-02   0.42507E-02
 6190.27   0.47408E-02   0.42664E-02   0.42263E-02
 6203.88   0.47125E-02   0.42409E-02   0.42022E-02
 6217.48   0.46847E-02   0.42157E-02   0.41785E-02
 6231.09   0.46571E-02   0.41909E-02   0.41551E-02
 6244.69   0.46298E-02   0.41663E-02   0.41319E-02
 6258.30   0.46024E-02   0.41416E-02   0.41086E-02
 6271.90   0.45761E-02   0.41180E-02   0.40864E-02
 6285.51   0.45492E-02   0.40937E-02   0.40635E-02
 6299.11   0.45222E-02   0.40695E-02   0.40407E-02
 6312.72   0.44953E-02   0.40454E-02   0.40178E-02
 6326.32   0.44684E-02   0.40212E-02   0.39951E-02
 6339.93   0.44416E-02   0.39972E-02   0.39724E-02
 6353.53   0.44150E-02   0.39735E-02   0.39499E-02
 6367.14   0.43887E-02   0.39499E-02   0.39277E-02
 6380.74   0.43627E-02   0.39268E-02   0.39058E-02
 6394.35   0.43370E-02   0.39039E-02   0.38841E-02
 6407.95   0.43120E-02   0.38816E-02   0.38631E-02
 6421.56   0.42872E-02   0.38594E-02   0.38422E-02
 6435.16   0.42622E-02   0.38372E-02   0.38212E-02
 6448.77   0.42374E-02   0.38152E-02   0.38004E-02
 6462.37   0.42126E-02   0.37932E-02   0.37796E-02
 6475.98   0.41879E-02   0.37712E-02   0.37588E-02
 6489.58   0.41631E-02   0.37493E-02   0.37380E-02
 6503.19   0.41383E-02   0.37273E-02   0.37172E-02
 6516.79   0.41135E-02   0.37054E-02   0.36964E-02
 6530.40   0.40889E-02   0.36836E-02   0.36758E-02
 6544.00   0.40645E-02   0.36620E-02   0.36553E-02
 6557.61   0.40396E-02   0.36401E-02   0.36345E-02
 6571.21   0.40165E-02   0.36198E-02   0.36153E-02
 6584.82   0.39952E-02   0.36010E-02   0.35976E-02
 6598.42   0.39718E-02   0.35804E-02   0.35781E-02
 6612.03   0.39488E-02   0.35602E-02   0.35589E-02
 6625.63   0.39259E-02   0.35401E-02   0.35399E-02
 6639.24   0.39031E-02   0.35201E-02   0.35209E-02
 6652.84   0.38802E-02   0.35000E-02   0.35019E-02
 6666.45   0.38573E-02   0.34800E-02   0.34828E-02
 6680.05   0.38344E-02   0.34598E-02   0.34637E-02
 6693.66   0.38113E-02   0.34396E-02   0.34445E-02
 6707.26   0.37878E-02   0.34191E-02   0.34250E-02
 6720.87   0.37656E-02   0.33998E-02   0.34066E-02
 6734.47   0.37485E-02   0.33849E-02   0.33927E-02
 6748.08   0.37247E-02   0.33642E-02   0.33729E-02
 6761.68   0.37027E-02   0.33450E-02   0.33546E-02
 6775.29   0.36812E-02   0.33263E-02   0.33369E-02
 6788.89   0.36600E-02   0.33079E-02   0.33194E-02
 6802.50   0.36389E-02   0.32896E-02   0.33020E-02
 6816.10   0.36178E-02   0.32713E-02   0.32846E-02
 6829.71   0.35967E-02   0.32530E-02   0.32672E-02
 6843.31   0.35755E-02   0.32346E-02   0.32497E-02
 6856.92   0.35539E-02   0.32159E-02   0.32318E-02
 6870.52   0.35314E-02   0.31963E-02   0.32131E-02
 6884.13   0.35101E-02   0.31779E-02   0.31955E-02
 6897.73   0.34960E-02   0.31660E-02   0.31845E-02
 6911.34   0.34739E-02   0.31469E-02   0.31662E-02
 6924.94   0.34532E-02   0.31290E-02   0.31491E-02
 6938.55   0.34330E-02   0.31116E-02   0.31325E-02
 6952.15   0.34131E-02   0.30946E-02   0.31162E-02
 6965.76   0.33935E-02   0.30777E-02   0.31002E-02
 6979.36   0.33741E-02   0.30611E-02   0.30843E-02
 6992.97   0.33547E-02   0.30444E-02   0.30684E-02
 7006.57   0.33352E-02   0.30277E-02   0.30524E-02
 7020.18   0.33153E-02   0.30107E-02   0.30361E-02
 7033.78   0.32941E-02   0.29924E-02   0.30186E-02
 7047.39   0.32736E-02   0.29748E-02   0.30017E-02
 7060.99   0.32614E-02   0.29648E-02   0.29925E-02
 7074.60   0.32411E-02   0.29473E-02   0.29757E-02
 7088.20   0.32216E-02   0.29307E-02   0.29597E-02
 7101.81   0.32026E-02   0.29144E-02   0.29442E-02
 7115.41   0.31839E-02   0.28985E-02   0.29290E-02
 7129.02   0.31655E-02   0.28829E-02   0.29140E-02
 7142.62   0.31474E-02   0.28676E-02   0.28993E-02
 7156.23   0.31295E-02   0.28523E-02   0.28847E-02
 7169.83   0.31116E-02   0.28372E-02   0.28702E-02
 7183.44   0.30936E-02   0.28219E-02   0.28556E-02
 7197.04   0.30747E-02   0.28057E-02   0.28400E-02
 7210.65   0.30557E-02   0.27896E-02   0.28245E-02
 7224.25   0.30430E-02   0.27792E-02   0.28148E-02
 7237.86   0.30245E-02   0.27635E-02   0.27996E-02
 7251.46   0.30064E-02   0.27482E-02   0.27849E-02
 7265.07   0.29886E-02   0.27332E-02   0.27705E-02
 7278.67   0.29711E-02   0.27183E-02   0.27562E-02
 7292.28   0.29537E-02   0.27037E-02   0.27422E-02
 7305.88   0.29367E-02   0.26894E-02   0.27284E-02
 7319.49   0.29199E-02   0.26753E-02   0.27148E-02
 7333.09   0.29033E-02   0.26614E-02   0.27015E-02
 7346.70   0.28869E-02   0.26476E-02   0.26882E-02
 7360.30   0.28703E-02   0.26336E-02   0.26748E-02
 7373.91   0.28534E-02   0.26194E-02   0.26611E-02
 7387.51   0.28391E-02   0.26076E-02   0.26498E-02
 7401.12   0.28225E-02   0.25937E-02   0.26364E-02
 7414.72   0.28061E-02   0.25799E-02   0.26231E-02
 7428.33   0.27897E-02   0.25662E-02   0.26099E-02
 7441.93   0.27733E-02   0.25524E-02   0.25966E-02
 7455.54   0.27570E-02   0.25388E-02   0.25835E-02
 7469.14   0.27409E-02   0.25254E-02   0.25705E-02
 7482.75   0.27250E-02   0.25121E-02   0.25577E-02
 7496.35   0.27094E-02   0.24991E-02   0.25451E-02
 7509.96   0.26940E-02   0.24863E-02   0.25327E-02
 7523.56   0.26787E-02   0.24737E-02   0.25206E-02
 7537.17   0.26637E-02   0.24612E-02   0.25086E-02
 7550.77   0.26490E-02   0.24490E-02   0.24967E-02
 7564.38   0.26341E-02   0.24366E-02   0.24848E-02
 7577.98   0.26191E-02   0.24243E-02   0.24729E-02
 7591.59   0.26041E-02   0.24119E-02   0.24608E-02
 7605.19   0.25891E-02   0.23994E-02   0.24488E-02
 7618.80   0.25740E-02   0.23869E-02   0.24366E-02
 7632.40   0.25590E-02   0.23744E-02   0.24245E-02
 7646.01   0.25440E-02   0.23619E-02   0.24124E-02
 7659.61   0.25291E-02   0.23496E-02   0.24005E-02
 7673.22   0.25144E-02   0.23374E-02   0.23887E-02
 7686.82   0.24998E-02   0.23254E-02   0.23770E-02
 7700.43   0.24849E-02   0.23132E-02   0.23651E-02
 7714.03   0.24732E-02   0.23036E-02   0.23559E-02
 7727.64   0.24585E-02   0.22916E-02   0.23442E-02
 7741.24   0.24447E-02   0.22802E-02   0.23331E-02
 7754.85   0.24309E-02   0.22689E-02   0.23222E-02
 7768.45   0.24172E-02   0.22577E-02   0.23113E-02
 7782.06   0.24034E-02   0.22463E-02   0.23002E-02
 7795.66   0.23896E-02   0.22349E-02   0.22892E-02
 7809.27   0.23756E-02   0.22235E-02   0.22780E-02
 7822.87   0.23617E-02   0.22120E-02   0.22668E-02
 7836.48   0.23477E-02   0.22005E-02   0.22556E-02
 7850.08   0.23337E-02   0.21890E-02   0.22443E-02
 7863.69   0.23194E-02   0.21771E-02   0.22327E-02
 7877.29   0.23066E-02   0.21668E-02   0.22227E-02
 7890.90   0.22964E-02   0.21587E-02   0.22149E-02
 7904.50   0.22825E-02   0.21473E-02   0.22037E-02
 7918.11   0.22694E-02   0.21366E-02   0.21933E-02
 7931.71   0.22566E-02   0.21262E-02   0.21832E-02
 7945.32   0.22440E-02   0.21159E-02   0.21731E-02
 7958.92   0.22313E-02   0.21056E-02   0.21631E-02
 7972.53   0.22186E-02   0.20953E-02   0.21530E-02
 7986.13   0.22058E-02   0.20849E-02   0.21428E-02
 7999.74   0.21929E-02   0.20744E-02   0.21324E-02
 8013.34   0.21799E-02   0.20637E-02   0.21219E-02
 8026.95   0.21665E-02   0.20527E-02   0.21111E-02
 8040.55   0.21516E-02   0.20402E-02   0.20988E-02
 8054.16   0.21396E-02   0.20306E-02   0.20894E-02
 8067.76   0.21328E-02   0.20257E-02   0.20848E-02
 8081.37   0.21196E-02   0.20149E-02   0.20742E-02
 8094.97   0.21072E-02   0.20048E-02   0.20643E-02
 8108.58   0.20952E-02   0.19951E-02   0.20547E-02
 8122.18   0.20834E-02   0.19856E-02   0.20454E-02
 8135.79   0.20717E-02   0.19762E-02   0.20362E-02
 8149.39   0.20601E-02   0.19668E-02   0.20269E-02
 8163.00   0.20484E-02   0.19573E-02   0.20177E-02
 8176.60   0.20366E-02   0.19478E-02   0.20082E-02
 8190.21   0.20246E-02   0.19380E-02   0.19986E-02
 8203.81   0.20121E-02   0.19277E-02   0.19884E-02
 8217.42   0.19964E-02   0.19144E-02   0.19751E-02
 8231.02   0.19973E-02   0.19172E-02   0.19784E-02
 8244.63   0.19812E-02   0.19033E-02   0.19646E-02
 8258.23   0.19688E-02   0.18932E-02   0.19545E-02
 8271.84   0.19571E-02   0.18837E-02   0.19451E-02
 8285.44   0.19458E-02   0.18745E-02   0.19360E-02
 8299.05   0.19347E-02   0.18656E-02   0.19272E-02
 8312.65   0.19238E-02   0.18568E-02   0.19186E-02
 8326.26   0.19130E-02   0.18482E-02   0.19101E-02
 8339.86   0.19023E-02   0.18397E-02   0.19016E-02
 8353.47   0.18916E-02   0.18311E-02   0.18931E-02
 8367.07   0.18807E-02   0.18223E-02   0.18844E-02
 8380.68   0.18694E-02   0.18131E-02   0.18753E-02
 8394.28   0.18550E-02   0.18008E-02   0.18629E-02
 8407.89   0.18542E-02   0.18021E-02   0.18647E-02
 8421.49   0.18405E-02   0.17904E-02   0.18530E-02
 8435.10   0.18291E-02   0.17811E-02   0.18437E-02
 8448.70   0.18181E-02   0.17722E-02   0.18349E-02
 8462.31   0.18074E-02   0.17636E-02   0.18263E-02
 8475.91   0.17969E-02   0.17552E-02   0.18179E-02
 8489.52   0.17867E-02   0.17469E-02   0.18097E-02
 8503.12   0.17766E-02   0.17389E-02   0.18017E-02
 8516.73   0.17666E-02   0.17310E-02   0.17938E-02
 8530.33   0.17568E-02   0.17231E-02   0.17861E-02
 8543.94   0.17470E-02   0.17153E-02   0.17783E-02
 8557.54   0.17370E-02   0.17073E-02   0.17703E-02
 8571.15   0.17257E-02   0.16980E-02   0.17610E-02
 8584.75   0.17211E-02   0.16955E-02   0.17587E-02
 8598.36   0.17095E-02   0.16858E-02   0.17489E-02
 8611.96   0.16993E-02   0.16775E-02   0.17407E-02
 8625.57   0.16893E-02   0.16695E-02   0.17326E-02
 8639.17   0.16794E-02   0.16614E-02   0.17246E-02
 8652.78   0.16695E-02   0.16535E-02   0.17167E-02
 8666.38   0.16598E-02   0.16457E-02   0.17089E-02
 8679.99   0.16503E-02   0.16381E-02   0.17012E-02
 8693.59   0.16409E-02   0.16306E-02   0.16937E-02
 8707.20   0.16317E-02   0.16233E-02   0.16864E-02
 8720.80   0.16226E-02   0.16161E-02   0.16793E-02
 8734.41   0.16136E-02   0.16091E-02   0.16722E-02
 8748.01   0.16045E-02   0.16019E-02   0.16650E-02
 8761.62   0.15953E-02   0.15945E-02   0.16576E-02
 8775.22   0.15875E-02   0.15885E-02   0.16517E-02
 8788.83   0.15786E-02   0.15814E-02   0.16445E-02
 8802.43   0.15696E-02   0.15742E-02   0.16373E-02
 8816.04   0.15606E-02   0.15670E-02   0.16301E-02
 8829.64   0.15515E-02   0.15598E-02   0.16228E-02
 8843.25   0.15425E-02   0.15525E-02   0.16155E-02
 8856.85   0.15335E-02   0.15453E-02   0.16082E-02
 8870.46   0.15246E-02   0.15382E-02   0.16010E-02
 8884.06   0.15158E-02   0.15312E-02   0.15940E-02
 8897.67   0.15072E-02   0.15243E-02   0.15871E-02
 8911.27   0.14987E-02   0.15176E-02   0.15803E-02
 8924.88   0.14903E-02   0.15110E-02   0.15737E-02
 8938.48   0.14823E-02   0.15048E-02   0.15674E-02
 8952.09   0.14744E-02   0.14985E-02   0.15610E-02
 8965.69   0.14663E-02   0.14921E-02   0.15546E-02
 8979.30   0.14582E-02   0.14858E-02   0.15482E-02
 8992.90   0.14501E-02   0.14794E-02   0.15417E-02
 9006.51   0.14419E-02   0.14729E-02   0.15352E-02
 9020.11   0.14337E-02   0.14663E-02   0.15285E-02
 9033.72   0.14254E-02   0.14597E-02   0.15218E-02
 9047.32   0.14171E-02   0.14530E-02   0.15151E-02
 9060.93   0.14088E-02   0.14464E-02   0.15083E-02
 9074.53   0.14006E-02   0.14398E-02   0.15016E-02
 9088.14   0.13924E-02   0.14332E-02   0.14950E-02
 9101.74   0.13842E-02   0.14267E-02   0.14883E-02
 9115.35   0.13753E-02   0.14195E-02   0.14810E-02
 9128.95   0.13715E-02   0.14171E-02   0.14786E-02
 9142.56   0.13626E-02   0.14098E-02   0.14712E-02
 9156.16   0.13549E-02   0.14037E-02   0.14651E-02
 9169.77   0.13474E-02   0.13979E-02   0.14591E-02
 9183.37   0.13400E-02   0.13920E-02   0.14532E-02
 9196.98   0.13326E-02   0.13862E-02   0.14472E-02
 9210.58   0.13251E-02   0.13803E-02   0.14412E-02
 9224.19   0.13176E-02   0.13743E-02   0.14351E-02
 9237.79   0.13100E-02   0.13682E-02   0.14289E-02
 9251.40   0.13023E-02   0.13620E-02   0.14226E-02
 9265.00   0.12946E-02   0.13558E-02   0.14162E-02
 9278.61   0.12868E-02   0.13494E-02   0.14097E-02
 9292.21   0.12785E-02   0.13426E-02   0.14027E-02
 9305.82   0.12719E-02   0.13374E-02   0.13975E-02
 9319.42   0.12682E-02   0.13354E-02   0.13954E-02
 9333.03   0.12598E-02   0.13284E-02   0.13882E-02
 9346.63   0.12525E-02   0.13225E-02   0.13822E-02
 9360.24   0.12454E-02   0.13169E-02   0.13765E-02
 9373.84   0.12386E-02   0.13115E-02   0.13710E-02
 9387.45   0.12318E-02   0.13062E-02   0.13655E-02
 9401.05   0.12250E-02   0.13008E-02   0.13601E-02
 9414.66   0.12182E-02   0.12954E-02   0.13545E-02
 9428.26   0.12113E-02   0.12900E-02   0.13489E-02
 9441.87   0.12043E-02   0.12843E-02   0.13431E-02
 9455.47   0.11972E-02   0.12785E-02   0.13371E-02
 9469.08   0.11898E-02   0.12724E-02   0.13308E-02
 9482.68   0.11813E-02   0.12651E-02   0.13233E-02
 9496.29   0.11752E-02   0.12604E-02   0.13185E-02
 9509.89   0.11733E-02   0.12603E-02   0.13184E-02
 9523.50   0.11654E-02   0.12535E-02   0.13114E-02
 9537.10   0.11584E-02   0.12478E-02   0.13055E-02
 9550.71   0.11517E-02   0.12425E-02   0.13000E-02
 9564.31   0.11453E-02   0.12373E-02   0.12947E-02
 9577.92   0.11390E-02   0.12324E-02   0.12896E-02
 9591.52   0.11327E-02   0.12275E-02   0.12845E-02
 9605.13   0.11266E-02   0.12226E-02   0.12795E-02
 9618.73   0.11204E-02   0.12176E-02   0.12744E-02
 9632.34   0.11141E-02   0.12126E-02   0.12692E-02
 9645.94   0.11077E-02   0.12074E-02   0.12638E-02
 9659.55   0.11009E-02   0.12018E-02   0.12580E-02
 9673.15   0.10928E-02   0.11947E-02   0.12506E-02
 9686.76   0.10869E-02   0.11901E-02   0.12458E-02
 9700.36   0.10858E-02   0.11908E-02   0.12467E-02
 9713.97   0.10785E-02   0.11845E-02   0.12401E-02
 9727.57   0.10719E-02   0.11791E-02   0.12345E-02
 9741.18   0.10656E-02   0.11739E-02   0.12291E-02
 9754.78   0.10595E-02   0.11690E-02   0.12240E-02
 9768.39   0.10536E-02   0.11642E-02   0.12191E-02
 9781.99   0.10478E-02   0.11596E-02   0.12143E-02
 9795.60   0.10421E-02   0.11551E-02   0.12096E-02
 9809.20   0.10365E-02   0.11506E-02   0.12049E-02
 9822.81   0.10309E-02   0.11462E-02   0.12003E-02
 9836.41   0.10252E-02   0.11416E-02   0.11955E-02
 9850.02   0.10193E-02   0.11368E-02   0.11905E-02
 9863.62   0.10125E-02   0.11309E-02   0.11844E-02
 9877.23   0.10068E-02   0.11263E-02   0.11795E-02
 9890.83   0.10049E-02   0.11261E-02   0.11794E-02
 9904.44   0.99847E-03   0.11206E-02   0.11736E-02
 9918.04   0.99247E-03   0.11156E-02   0.11684E-02
 9931.65   0.98663E-03   0.11107E-02   0.11633E-02
 9945.25   0.98091E-03   0.11060E-02   0.11584E-02
 9958.86   0.97531E-03   0.11015E-02   0.11536E-02
 9972.46   0.96982E-03   0.10970E-02   0.11490E-02
 9986.07   0.96447E-03   0.10927E-02   0.11444E-02
 9999.67   0.95922E-03   0.10885E-02   0.11400E-02
