 1061.19   0.13685E+00   0.13898E+00   0.13409E+00
 1074.79   0.13531E+00   0.13736E+00   0.13252E+00
 1088.40   0.13381E+00   0.13577E+00   0.13098E+00
 1102.00   0.13232E+00   0.13420E+00   0.12946E+00
 1115.61   0.13087E+00   0.13266E+00   0.12796E+00
 1129.21   0.12943E+00   0.13115E+00   0.12649E+00
 1142.82   0.12801E+00   0.12965E+00   0.12504E+00
 1156.42   0.12662E+00   0.12818E+00   0.12361E+00
 1170.03   0.12525E+00   0.12673E+00   0.12220E+00
 1183.63   0.12390E+00   0.12530E+00   0.12082E+00
 1197.24   0.12258E+00   0.12390E+00   0.11946E+00
 1210.84   0.12125E+00   0.12250E+00   0.11810E+00
 1224.45   0.11997E+00   0.12114E+00   0.11678E+00
 1238.05   0.11869E+00   0.11979E+00   0.11547E+00
 1251.66   0.11743E+00   0.11846E+00   0.11418E+00
 1265.26   0.11620E+00   0.11715E+00   0.11291E+00
 1278.87   0.11497E+00   0.11584E+00   0.11165E+00
 1292.47   0.11378E+00   0.11458E+00   0.11042E+00
 1306.08   0.11259E+00   0.11333E+00   0.10921E+00
 1319.68   0.11143E+00   0.11209E+00   0.10801E+00
 1333.29   0.11028E+00   0.11087E+00   0.10683E+00
 1346.89   0.10913E+00   0.10966E+00   0.10565E+00
 1360.50   0.10803E+00   0.10848E+00   0.10452E+00
 1374.10   0.10693E+00   0.10732E+00   0.10339E+00
 1387.71   0.10584E+00   0.10617E+00   0.10227E+00
 1401.31   0.10477E+00   0.10503E+00   0.10117E+00
 1414.92   0.10372E+00   0.10391E+00   0.10009E+00
 1428.52   0.10267E+00   0.10280E+00   0.99015E-01
 1442.13   0.10165E+00   0.10172E+00   0.97963E-01
 1455.73   0.10064E+00   0.10064E+00   0.96924E-01
 1469.34   0.99641E-01   0.99582E-01   0.95899E-01
 1482.94   0.98656E-01   0.98536E-01   0.94887E-01
 1496.55   0.97684E-01   0.97504E-01   0.93888E-01
 1510.15   0.96728E-01   0.96488E-01   0.92907E-01
 1523.76   0.95786E-01   0.95488E-01   0.91939E-01
 1537.36   0.94857E-01   0.94500E-01   0.90985E-01
 1550.97   0.93939E-01   0.93525E-01   0.90043E-01
 1564.57   0.93032E-01   0.92562E-01   0.89112E-01
 1578.18   0.92137E-01   0.91611E-01   0.88193E-01
 1591.78   0.91254E-01   0.90673E-01   0.87288E-01
 1605.39   0.90384E-01   0.89749E-01   0.86395E-01
 1618.99   0.89526E-01   0.88837E-01   0.85515E-01
 1632.60   0.88680E-01   0.87937E-01   0.84647E-01
 1646.20   0.87840E-01   0.87045E-01   0.83785E-01
 1659.81   0.87014E-01   0.86168E-01   0.82939E-01
 1673.41   0.86199E-01   0.85301E-01   0.82103E-01
 1687.02   0.85395E-01   0.84447E-01   0.81279E-01
 1700.62   0.84603E-01   0.83606E-01   0.80468E-01
 1714.23   0.83824E-01   0.82777E-01   0.79669E-01
 1727.83   0.83045E-01   0.81950E-01   0.78872E-01
 1741.44   0.82283E-01   0.81141E-01   0.78092E-01
 1755.04   0.81530E-01   0.80341E-01   0.77321E-01
 1768.65   0.80785E-01   0.79550E-01   0.76560E-01
 1782.25   0.80051E-01   0.78771E-01   0.75809E-01
 1795.86   0.79330E-01   0.78004E-01   0.75071E-01
 1809.46   0.78607E-01   0.77237E-01   0.74332E-01
 1823.07   0.77901E-01   0.76488E-01   0.73611E-01
 1836.67   0.77203E-01   0.75746E-01   0.72898E-01
 1850.28   0.76512E-01   0.75013E-01   0.72193E-01
 1863.88   0.75831E-01   0.74290E-01   0.71497E-01
 1877.49   0.75160E-01   0.73578E-01   0.70812E-01
 1891.09   0.74491E-01   0.72868E-01   0.70130E-01
 1904.70   0.73837E-01   0.72174E-01   0.69463E-01
 1918.30   0.73189E-01   0.71488E-01   0.68803E-01
 1931.91   0.72549E-01   0.70809E-01   0.68150E-01
 1945.51   0.71916E-01   0.70138E-01   0.67506E-01
 1959.12   0.71291E-01   0.69475E-01   0.66870E-01
 1972.72   0.70671E-01   0.68818E-01   0.66239E-01
 1986.33   0.70062E-01   0.68173E-01   0.65620E-01
 1999.93   0.69459E-01   0.67535E-01   0.65007E-01
 2013.54   0.68864E-01   0.66904E-01   0.64402E-01
 2027.14   0.68274E-01   0.66280E-01   0.63803E-01
 2040.75   0.67692E-01   0.65664E-01   0.63212E-01
 2054.35   0.67117E-01   0.65055E-01   0.62628E-01
 2067.96   0.66547E-01   0.64453E-01   0.62051E-01
 2081.56   0.65985E-01   0.63859E-01   0.61481E-01
 2095.17   0.65430E-01   0.63272E-01   0.60919E-01
 2108.77   0.64882E-01   0.62692E-01   0.60364E-01
 2122.38   0.64339E-01   0.62119E-01   0.59815E-01
 2135.98   0.63803E-01   0.61552E-01   0.59272E-01
 2149.59   0.63272E-01   0.60992E-01   0.58736E-01
 2163.19   0.62748E-01   0.60439E-01   0.58206E-01
 2176.80   0.62230E-01   0.59892E-01   0.57683E-01
 2190.40   0.61717E-01   0.59352E-01   0.57166E-01
 2204.01   0.61211E-01   0.58818E-01   0.56655E-01
 2217.61   0.60710E-01   0.58290E-01   0.56150E-01
 2231.22   0.60214E-01   0.57768E-01   0.55651E-01
 2244.82   0.59724E-01   0.57252E-01   0.55157E-01
 2258.43   0.59239E-01   0.56742E-01   0.54670E-01
 2272.03   0.58760E-01   0.56237E-01   0.54188E-01
 2285.64   0.58286E-01   0.55739E-01   0.53711E-01
 2299.24   0.57817E-01   0.55246E-01   0.53241E-01
 2312.85   0.57353E-01   0.54759E-01   0.52776E-01
 2326.45   0.56895E-01   0.54277E-01   0.52316E-01
 2340.06   0.56441E-01   0.53801E-01   0.51861E-01
 2353.66   0.55992E-01   0.53330E-01   0.51412E-01
 2367.27   0.55548E-01   0.52865E-01   0.50968E-01
 2380.87   0.55109E-01   0.52405E-01   0.50529E-01
 2394.48   0.54675E-01   0.51950E-01   0.50095E-01
 2408.08   0.54245E-01   0.51499E-01   0.49665E-01
 2421.69   0.53819E-01   0.51054E-01   0.49241E-01
 2435.29   0.53399E-01   0.50614E-01   0.48822E-01
 2448.90   0.52982E-01   0.50179E-01   0.48406E-01
 2462.50   0.52570E-01   0.49748E-01   0.47996E-01
 2476.11   0.52162E-01   0.49322E-01   0.47590E-01
 2489.71   0.51759E-01   0.48901E-01   0.47189E-01
 2503.32   0.51359E-01   0.48485E-01   0.46792E-01
 2516.92   0.50962E-01   0.48071E-01   0.46399E-01
 2530.53   0.50573E-01   0.47666E-01   0.46013E-01
 2544.13   0.50185E-01   0.47262E-01   0.45629E-01
 2557.74   0.49802E-01   0.46863E-01   0.45249E-01
 2571.34   0.49423E-01   0.46469E-01   0.44874E-01
 2584.95   0.49047E-01   0.46079E-01   0.44503E-01
 2598.55   0.48676E-01   0.45693E-01   0.44136E-01
 2612.16   0.48307E-01   0.45311E-01   0.43772E-01
 2625.76   0.47944E-01   0.44934E-01   0.43415E-01
 2639.37   0.47583E-01   0.44560E-01   0.43059E-01
 2652.97   0.47226E-01   0.44190E-01   0.42707E-01
 2666.58   0.46872E-01   0.43824E-01   0.42359E-01
 2680.18   0.46522E-01   0.43462E-01   0.42015E-01
 2693.79   0.46175E-01   0.43104E-01   0.41675E-01
 2707.39   0.45832E-01   0.42749E-01   0.41339E-01
 2721.00   0.45492E-01   0.42399E-01   0.41006E-01
 2734.60   0.45155E-01   0.42052E-01   0.40676E-01
 2748.21   0.44822E-01   0.41708E-01   0.40350E-01
 2761.81   0.44491E-01   0.41368E-01   0.40027E-01
 2775.42   0.44164E-01   0.41031E-01   0.39708E-01
 2789.02   0.43840E-01   0.40698E-01   0.39392E-01
 2802.63   0.43519E-01   0.40369E-01   0.39079E-01
 2816.23   0.43202E-01   0.40043E-01   0.38771E-01
 2829.84   0.42888E-01   0.39721E-01   0.38465E-01
 2843.44   0.42576E-01   0.39402E-01   0.38162E-01
 2857.05   0.42267E-01   0.39086E-01   0.37863E-01
 2870.65   0.41961E-01   0.38773E-01   0.37566E-01
 2884.26   0.41658E-01   0.38462E-01   0.37272E-01
 2897.86   0.41357E-01   0.38156E-01   0.36981E-01
 2911.47   0.41059E-01   0.37852E-01   0.36693E-01
 2925.07   0.40766E-01   0.37553E-01   0.36410E-01
 2938.68   0.40474E-01   0.37255E-01   0.36128E-01
 2952.28   0.40185E-01   0.36961E-01   0.35850E-01
 2965.89   0.39898E-01   0.36670E-01   0.35574E-01
 2979.49   0.39614E-01   0.36381E-01   0.35301E-01
 2993.10   0.39332E-01   0.36095E-01   0.35030E-01
 3006.70   0.39052E-01   0.35811E-01   0.34761E-01
 3020.31   0.38775E-01   0.35530E-01   0.34495E-01
 3033.91   0.38504E-01   0.35256E-01   0.34236E-01
 3047.52   0.38232E-01   0.34981E-01   0.33975E-01
 3061.12   0.37963E-01   0.34709E-01   0.33719E-01
 3074.73   0.37697E-01   0.34441E-01   0.33464E-01
 3088.33   0.37432E-01   0.34174E-01   0.33212E-01
 3101.94   0.37170E-01   0.33910E-01   0.32963E-01
 3115.54   0.36909E-01   0.33648E-01   0.32715E-01
 3129.15   0.36649E-01   0.33387E-01   0.32468E-01
 3142.75   0.36400E-01   0.33136E-01   0.32231E-01
 3156.36   0.36146E-01   0.32881E-01   0.31990E-01
 3169.96   0.35895E-01   0.32630E-01   0.31752E-01
 3183.57   0.35647E-01   0.32381E-01   0.31517E-01
 3197.17   0.35401E-01   0.32135E-01   0.31285E-01
 3210.78   0.35156E-01   0.31891E-01   0.31054E-01
 3224.38   0.34913E-01   0.31649E-01   0.30825E-01
 3237.99   0.34670E-01   0.31406E-01   0.30596E-01
 3251.59   0.34438E-01   0.31175E-01   0.30378E-01
 3265.20   0.34201E-01   0.30939E-01   0.30154E-01
 3278.80   0.33966E-01   0.30706E-01   0.29934E-01
 3292.41   0.33734E-01   0.30475E-01   0.29717E-01
 3306.01   0.33504E-01   0.30247E-01   0.29501E-01
 3319.62   0.33276E-01   0.30022E-01   0.29288E-01
 3333.22   0.33050E-01   0.29798E-01   0.29077E-01
 3346.83   0.32824E-01   0.29575E-01   0.28866E-01
 3360.43   0.32606E-01   0.29359E-01   0.28663E-01
 3374.04   0.32384E-01   0.29140E-01   0.28456E-01
 3387.64   0.32164E-01   0.28924E-01   0.28252E-01
 3401.25   0.31947E-01   0.28710E-01   0.28050E-01
 3414.85   0.31732E-01   0.28498E-01   0.27850E-01
 3428.46   0.31518E-01   0.28289E-01   0.27653E-01
 3442.06   0.31307E-01   0.28082E-01   0.27457E-01
 3455.67   0.31097E-01   0.27876E-01   0.27263E-01
 3469.27   0.30892E-01   0.27675E-01   0.27073E-01
 3482.88   0.30684E-01   0.27472E-01   0.26882E-01
 3496.48   0.30479E-01   0.27272E-01   0.26693E-01
 3510.09   0.30275E-01   0.27073E-01   0.26505E-01
 3523.69   0.30072E-01   0.26876E-01   0.26319E-01
 3537.30   0.29872E-01   0.26681E-01   0.26136E-01
 3550.90   0.29674E-01   0.26489E-01   0.25954E-01
 3564.51   0.29477E-01   0.26298E-01   0.25774E-01
 3578.11   0.29282E-01   0.26109E-01   0.25596E-01
 3591.72   0.29089E-01   0.25922E-01   0.25420E-01
 3605.32   0.28898E-01   0.25737E-01   0.25245E-01
 3618.93   0.28707E-01   0.25553E-01   0.25071E-01
 3632.53   0.28517E-01   0.25370E-01   0.24898E-01
 3646.14   0.28329E-01   0.25188E-01   0.24727E-01
 3659.74   0.28142E-01   0.25009E-01   0.24558E-01
 3673.35   0.27957E-01   0.24831E-01   0.24390E-01
 3686.95   0.27773E-01   0.24654E-01   0.24224E-01
 3700.56   0.27593E-01   0.24482E-01   0.24061E-01
 3714.16   0.27413E-01   0.24309E-01   0.23898E-01
 3727.77   0.27234E-01   0.24139E-01   0.23737E-01
 3741.37   0.27056E-01   0.23969E-01   0.23577E-01
 3754.98   0.26880E-01   0.23801E-01   0.23418E-01
 3768.58   0.26704E-01   0.23633E-01   0.23260E-01
 3782.19   0.26529E-01   0.23467E-01   0.23104E-01
 3795.79   0.26355E-01   0.23302E-01   0.22948E-01
 3809.40   0.26183E-01   0.23139E-01   0.22794E-01
 3823.00   0.26018E-01   0.22982E-01   0.22646E-01
 3836.61   0.25848E-01   0.22822E-01   0.22495E-01
 3850.21   0.25681E-01   0.22664E-01   0.22346E-01
 3863.82   0.25516E-01   0.22507E-01   0.22198E-01
 3877.42   0.25351E-01   0.22352E-01   0.22052E-01
 3891.03   0.25187E-01   0.22198E-01   0.21906E-01
 3904.63   0.25023E-01   0.22044E-01   0.21761E-01
 3918.24   0.24860E-01   0.21891E-01   0.21616E-01
 3931.84   0.24696E-01   0.21738E-01   0.21472E-01
 3945.45   0.24546E-01   0.21597E-01   0.21339E-01
 3959.05   0.24387E-01   0.21448E-01   0.21199E-01
 3972.66   0.24231E-01   0.21302E-01   0.21061E-01
 3986.26   0.24076E-01   0.21157E-01   0.20924E-01
 3999.87   0.23922E-01   0.21014E-01   0.20789E-01
 4013.47   0.23769E-01   0.20872E-01   0.20655E-01
 4027.08   0.23616E-01   0.20730E-01   0.20521E-01
 4040.68   0.23463E-01   0.20588E-01   0.20386E-01
 4054.29   0.23308E-01   0.20444E-01   0.20251E-01
 4067.89   0.23170E-01   0.20317E-01   0.20131E-01
 4081.50   0.23020E-01   0.20178E-01   0.20000E-01
 4095.10   0.22873E-01   0.20042E-01   0.19871E-01
 4108.71   0.22727E-01   0.19908E-01   0.19745E-01
 4122.31   0.22583E-01   0.19775E-01   0.19619E-01
 4135.92   0.22440E-01   0.19644E-01   0.19495E-01
 4149.52   0.22298E-01   0.19513E-01   0.19372E-01
 4163.13   0.22155E-01   0.19383E-01   0.19248E-01
 4176.73   0.22011E-01   0.19251E-01   0.19124E-01
 4190.34   0.21880E-01   0.19132E-01   0.19011E-01
 4203.94   0.21739E-01   0.19003E-01   0.18889E-01
 4217.55   0.21601E-01   0.18877E-01   0.18770E-01
 4231.15   0.21463E-01   0.18752E-01   0.18652E-01
 4244.76   0.21328E-01   0.18628E-01   0.18535E-01
 4258.36   0.21193E-01   0.18506E-01   0.18420E-01
 4271.97   0.21060E-01   0.18386E-01   0.18306E-01
 4285.57   0.20928E-01   0.18266E-01   0.18192E-01
 4299.18   0.20795E-01   0.18146E-01   0.18079E-01
 4312.78   0.20669E-01   0.18032E-01   0.17972E-01
 4326.39   0.20537E-01   0.17914E-01   0.17859E-01
 4339.99   0.20407E-01   0.17797E-01   0.17748E-01
 4353.60   0.20278E-01   0.17680E-01   0.17638E-01
 4367.20   0.20150E-01   0.17565E-01   0.17530E-01
 4380.81   0.20023E-01   0.17452E-01   0.17422E-01
 4394.41   0.19898E-01   0.17339E-01   0.17316E-01
 4408.02   0.19773E-01   0.17228E-01   0.17210E-01
 4421.62   0.19650E-01   0.17118E-01   0.17106E-01
 4435.23   0.19529E-01   0.17010E-01   0.17004E-01
 4448.83   0.19407E-01   0.16902E-01   0.16901E-01
 4462.44   0.19285E-01   0.16794E-01   0.16799E-01
 4476.04   0.19164E-01   0.16686E-01   0.16697E-01
 4489.65   0.19044E-01   0.16579E-01   0.16596E-01
 4503.25   0.18924E-01   0.16473E-01   0.16495E-01
 4516.86   0.18805E-01   0.16368E-01   0.16395E-01
 4530.46   0.18687E-01   0.16265E-01   0.16297E-01
 4544.07   0.18571E-01   0.16162E-01   0.16200E-01
 4557.67   0.18456E-01   0.16061E-01   0.16104E-01
 4571.28   0.18342E-01   0.15961E-01   0.16009E-01
 4584.88   0.18228E-01   0.15861E-01   0.15914E-01
 4598.49   0.18115E-01   0.15762E-01   0.15820E-01
 4612.09   0.18003E-01   0.15663E-01   0.15726E-01
 4625.70   0.17890E-01   0.15565E-01   0.15633E-01
 4639.30   0.17778E-01   0.15467E-01   0.15540E-01
 4652.91   0.17667E-01   0.15370E-01   0.15448E-01
 4666.51   0.17556E-01   0.15274E-01   0.15356E-01
 4680.12   0.17445E-01   0.15178E-01   0.15265E-01
 4693.72   0.17337E-01   0.15083E-01   0.15175E-01
 4707.33   0.17234E-01   0.14994E-01   0.15090E-01
 4720.93   0.17127E-01   0.14901E-01   0.15002E-01
 4734.54   0.17021E-01   0.14810E-01   0.14915E-01
 4748.14   0.16916E-01   0.14719E-01   0.14829E-01
 4761.75   0.16811E-01   0.14629E-01   0.14743E-01
 4775.35   0.16706E-01   0.14539E-01   0.14657E-01
 4788.96   0.16602E-01   0.14449E-01   0.14571E-01
 4802.56   0.16497E-01   0.14359E-01   0.14486E-01
 4816.17   0.16390E-01   0.14268E-01   0.14398E-01
 4829.77   0.16304E-01   0.14194E-01   0.14329E-01
 4843.38   0.16196E-01   0.14102E-01   0.14240E-01
 4856.98   0.16095E-01   0.14016E-01   0.14158E-01
 4870.59   0.15996E-01   0.13931E-01   0.14077E-01
 4884.19   0.15898E-01   0.13847E-01   0.13998E-01
 4897.80   0.15800E-01   0.13764E-01   0.13918E-01
 4911.40   0.15702E-01   0.13681E-01   0.13839E-01
 4925.01   0.15605E-01   0.13598E-01   0.13760E-01
 4938.61   0.15506E-01   0.13515E-01   0.13680E-01
 4952.22   0.15404E-01   0.13428E-01   0.13597E-01
 4965.82   0.15328E-01   0.13365E-01   0.13537E-01
 4979.43   0.15225E-01   0.13278E-01   0.13454E-01
 4993.03   0.15130E-01   0.13197E-01   0.13377E-01
 5006.64   0.15036E-01   0.13118E-01   0.13301E-01
 5020.24   0.14943E-01   0.13041E-01   0.13227E-01
 5033.85   0.14852E-01   0.12964E-01   0.13153E-01
 5047.45   0.14761E-01   0.12887E-01   0.13080E-01
 5061.06   0.14670E-01   0.12811E-01   0.13008E-01
 5074.66   0.14578E-01   0.12735E-01   0.12934E-01
 5088.27   0.14483E-01   0.12655E-01   0.12858E-01
 5101.87   0.14413E-01   0.12597E-01   0.12803E-01
 5115.48   0.14315E-01   0.12516E-01   0.12724E-01
 5129.08   0.14224E-01   0.12440E-01   0.12652E-01
 5142.69   0.14136E-01   0.12367E-01   0.12581E-01
 5156.29   0.14048E-01   0.12294E-01   0.12512E-01
 5169.90   0.13962E-01   0.12223E-01   0.12443E-01
 5183.50   0.13876E-01   0.12152E-01   0.12375E-01
 5197.11   0.13791E-01   0.12082E-01   0.12308E-01
 5210.71   0.13707E-01   0.12012E-01   0.12241E-01
 5224.32   0.13621E-01   0.11941E-01   0.12173E-01
 5237.92   0.13532E-01   0.11868E-01   0.12102E-01
 5251.53   0.13460E-01   0.11809E-01   0.12046E-01
 5265.13   0.13375E-01   0.11740E-01   0.11979E-01
 5278.74   0.13292E-01   0.11671E-01   0.11913E-01
 5292.34   0.13209E-01   0.11603E-01   0.11848E-01
 5305.95   0.13127E-01   0.11537E-01   0.11783E-01
 5319.55   0.13046E-01   0.11471E-01   0.11720E-01
 5333.16   0.12966E-01   0.11405E-01   0.11657E-01
 5346.76   0.12887E-01   0.11341E-01   0.11595E-01
 5360.37   0.12808E-01   0.11277E-01   0.11533E-01
 5373.97   0.12729E-01   0.11213E-01   0.11471E-01
 5387.58   0.12655E-01   0.11152E-01   0.11413E-01
 5401.18   0.12576E-01   0.11089E-01   0.11352E-01
 5414.79   0.12498E-01   0.11026E-01   0.11291E-01
 5428.39   0.12421E-01   0.10963E-01   0.11230E-01
 5442.00   0.12344E-01   0.10901E-01   0.11170E-01
 5455.60   0.12267E-01   0.10839E-01   0.11110E-01
 5469.21   0.12191E-01   0.10778E-01   0.11051E-01
 5482.81   0.12116E-01   0.10718E-01   0.10992E-01
 5496.42   0.12042E-01   0.10658E-01   0.10935E-01
 5510.02   0.11969E-01   0.10599E-01   0.10878E-01
 5523.63   0.11897E-01   0.10541E-01   0.10822E-01
 5537.23   0.11824E-01   0.10483E-01   0.10766E-01
 5550.84   0.11752E-01   0.10426E-01   0.10710E-01
 5564.44   0.11680E-01   0.10368E-01   0.10654E-01
 5578.05   0.11608E-01   0.10311E-01   0.10598E-01
 5591.65   0.11536E-01   0.10253E-01   0.10542E-01
 5605.26   0.11464E-01   0.10196E-01   0.10487E-01
 5618.86   0.11393E-01   0.10139E-01   0.10432E-01
 5632.47   0.11322E-01   0.10083E-01   0.10377E-01
 5646.07   0.11252E-01   0.10028E-01   0.10323E-01
 5659.68   0.11184E-01   0.99737E-02   0.10270E-01
 5673.28   0.11118E-01   0.99213E-02   0.10220E-01
 5686.89   0.11049E-01   0.98674E-02   0.10167E-01
 5700.49   0.10982E-01   0.98143E-02   0.10115E-01
 5714.10   0.10915E-01   0.97615E-02   0.10064E-01
 5727.70   0.10848E-01   0.97087E-02   0.10013E-01
 5741.31   0.10781E-01   0.96560E-02   0.99610E-02
 5754.91   0.10714E-01   0.96032E-02   0.99095E-02
 5768.52   0.10647E-01   0.95505E-02   0.98580E-02
 5782.12   0.10580E-01   0.94980E-02   0.98066E-02
 5795.73   0.10513E-01   0.94449E-02   0.97546E-02
 5809.33   0.10448E-01   0.93941E-02   0.97050E-02
 5822.94   0.10391E-01   0.93498E-02   0.96620E-02
 5836.54   0.10326E-01   0.92990E-02   0.96122E-02
 5850.15   0.10262E-01   0.92497E-02   0.95640E-02
 5863.75   0.10200E-01   0.92010E-02   0.95163E-02
 5877.36   0.10138E-01   0.91525E-02   0.94688E-02
 5890.96   0.10075E-01   0.91041E-02   0.94214E-02
 5904.57   0.10013E-01   0.90557E-02   0.93738E-02
 5918.17   0.99507E-02   0.90070E-02   0.93261E-02
 5931.78   0.98878E-02   0.89580E-02   0.92778E-02
 5945.38   0.98226E-02   0.89068E-02   0.92274E-02
 5958.99   0.97594E-02   0.88576E-02   0.91789E-02
 5972.59   0.97119E-02   0.88225E-02   0.91450E-02
 5986.20   0.96500E-02   0.87744E-02   0.90976E-02
 5999.80   0.95901E-02   0.87281E-02   0.90520E-02
 6013.41   0.95313E-02   0.86828E-02   0.90074E-02
 6027.01   0.94731E-02   0.86380E-02   0.89633E-02
 6040.62   0.94153E-02   0.85935E-02   0.89195E-02
 6054.22   0.93575E-02   0.85491E-02   0.88758E-02
 6067.83   0.92996E-02   0.85046E-02   0.88318E-02
 6081.43   0.92411E-02   0.84594E-02   0.87872E-02
 6095.04   0.91800E-02   0.84118E-02   0.87399E-02
 6108.64   0.91195E-02   0.83648E-02   0.86933E-02
 6122.25   0.90777E-02   0.83351E-02   0.86647E-02
 6135.85   0.90189E-02   0.82896E-02   0.86196E-02
 6149.46   0.89622E-02   0.82460E-02   0.85764E-02
 6163.06   0.89065E-02   0.82035E-02   0.85343E-02
 6176.67   0.88517E-02   0.81617E-02   0.84929E-02
 6190.27   0.87976E-02   0.81205E-02   0.84521E-02
 6203.88   0.87439E-02   0.80797E-02   0.84117E-02
 6217.48   0.86904E-02   0.80390E-02   0.83713E-02
 6231.09   0.86366E-02   0.79980E-02   0.83306E-02
 6244.69   0.85814E-02   0.79556E-02   0.82884E-02
 6258.30   0.85258E-02   0.79128E-02   0.82458E-02
 6271.90   0.84841E-02   0.78833E-02   0.82170E-02
 6285.51   0.84290E-02   0.78409E-02   0.81747E-02
 6299.11   0.83757E-02   0.78002E-02   0.81342E-02
 6312.72   0.83231E-02   0.77603E-02   0.80943E-02
 6326.32   0.82713E-02   0.77210E-02   0.80552E-02
 6339.93   0.82202E-02   0.76823E-02   0.80167E-02
 6353.53   0.81698E-02   0.76443E-02   0.79788E-02
 6367.14   0.81199E-02   0.76068E-02   0.79414E-02
 6380.74   0.80704E-02   0.75695E-02   0.79042E-02
 6394.35   0.80206E-02   0.75319E-02   0.78667E-02
 6407.95   0.79705E-02   0.74940E-02   0.78287E-02
 6421.56   0.79274E-02   0.74629E-02   0.77979E-02
 6435.16   0.78767E-02   0.74243E-02   0.77593E-02
 6448.77   0.78273E-02   0.73869E-02   0.77218E-02
 6462.37   0.77782E-02   0.73498E-02   0.76846E-02
 6475.98   0.77295E-02   0.73131E-02   0.76477E-02
 6489.58   0.76812E-02   0.72767E-02   0.76112E-02
 6503.19   0.76334E-02   0.72408E-02   0.75753E-02
 6516.79   0.75863E-02   0.72055E-02   0.75399E-02
 6530.40   0.75398E-02   0.71708E-02   0.75050E-02
 6544.00   0.74939E-02   0.71366E-02   0.74706E-02
 6557.61   0.74480E-02   0.71024E-02   0.74363E-02
 6571.21   0.74016E-02   0.70675E-02   0.74012E-02
 6584.82   0.73588E-02   0.70361E-02   0.73697E-02
 6598.42   0.73136E-02   0.70024E-02   0.73357E-02
 6612.03   0.72683E-02   0.69686E-02   0.73017E-02
 6625.63   0.72231E-02   0.69347E-02   0.72675E-02
 6639.24   0.71779E-02   0.69009E-02   0.72334E-02
 6652.84   0.71330E-02   0.68672E-02   0.71994E-02
 6666.45   0.70884E-02   0.68338E-02   0.71657E-02
 6680.05   0.70442E-02   0.68009E-02   0.71324E-02
 6693.66   0.70006E-02   0.67684E-02   0.70996E-02
 6707.26   0.69575E-02   0.67365E-02   0.70673E-02
 6720.87   0.69155E-02   0.67055E-02   0.70360E-02
 6734.47   0.68743E-02   0.66750E-02   0.70051E-02
 6748.08   0.68323E-02   0.66439E-02   0.69737E-02
 6761.68   0.67906E-02   0.66132E-02   0.69425E-02
 6775.29   0.67490E-02   0.65824E-02   0.69113E-02
 6788.89   0.67074E-02   0.65515E-02   0.68799E-02
 6802.50   0.66657E-02   0.65205E-02   0.68484E-02
 6816.10   0.66240E-02   0.64894E-02   0.68168E-02
 6829.71   0.65824E-02   0.64583E-02   0.67852E-02
 6843.31   0.65409E-02   0.64274E-02   0.67538E-02
 6856.92   0.64997E-02   0.63967E-02   0.67225E-02
 6870.52   0.64582E-02   0.63657E-02   0.66909E-02
 6884.13   0.64193E-02   0.63373E-02   0.66619E-02
 6897.73   0.63837E-02   0.63117E-02   0.66359E-02
 6911.34   0.63439E-02   0.62822E-02   0.66058E-02
 6924.94   0.63051E-02   0.62536E-02   0.65767E-02
 6938.55   0.62666E-02   0.62254E-02   0.65479E-02
 6952.15   0.62283E-02   0.61972E-02   0.65190E-02
 6965.76   0.61899E-02   0.61688E-02   0.64901E-02
 6979.36   0.61515E-02   0.61403E-02   0.64609E-02
 6992.97   0.61129E-02   0.61117E-02   0.64315E-02
 7006.57   0.60742E-02   0.60828E-02   0.64019E-02
 7020.18   0.60352E-02   0.60536E-02   0.63719E-02
 7033.78   0.59942E-02   0.60224E-02   0.63398E-02
 7047.39   0.59572E-02   0.59952E-02   0.63119E-02
 7060.99   0.59293E-02   0.59768E-02   0.62933E-02
 7074.60   0.58912E-02   0.59484E-02   0.62640E-02
 7088.20   0.58547E-02   0.59214E-02   0.62363E-02
 7101.81   0.58188E-02   0.58951E-02   0.62093E-02
 7115.41   0.57834E-02   0.58691E-02   0.61825E-02
 7129.02   0.57481E-02   0.58432E-02   0.61558E-02
 7142.62   0.57128E-02   0.58173E-02   0.61291E-02
 7156.23   0.56773E-02   0.57911E-02   0.61020E-02
 7169.83   0.56416E-02   0.57645E-02   0.60746E-02
 7183.44   0.56052E-02   0.57371E-02   0.60463E-02
 7197.04   0.55658E-02   0.57066E-02   0.60147E-02
 7210.65   0.55300E-02   0.56799E-02   0.59871E-02
 7224.25   0.55084E-02   0.56678E-02   0.59747E-02
 7237.86   0.54720E-02   0.56402E-02   0.59461E-02
 7251.46   0.54374E-02   0.56144E-02   0.59195E-02
 7265.07   0.54037E-02   0.55896E-02   0.58937E-02
 7278.67   0.53705E-02   0.55653E-02   0.58685E-02
 7292.28   0.53378E-02   0.55413E-02   0.58436E-02
 7305.88   0.53053E-02   0.55175E-02   0.58189E-02
 7319.49   0.52729E-02   0.54937E-02   0.57942E-02
 7333.09   0.52403E-02   0.54696E-02   0.57692E-02
 7346.70   0.52072E-02   0.54449E-02   0.57434E-02
 7360.30   0.51717E-02   0.54176E-02   0.57150E-02
 7373.91   0.51380E-02   0.53922E-02   0.56884E-02
 7387.51   0.51181E-02   0.53815E-02   0.56774E-02
 7401.12   0.50837E-02   0.53551E-02   0.56500E-02
 7414.72   0.50511E-02   0.53307E-02   0.56244E-02
 7428.33   0.50193E-02   0.53070E-02   0.55997E-02
 7441.93   0.49881E-02   0.52839E-02   0.55756E-02
 7455.54   0.49575E-02   0.52614E-02   0.55520E-02
 7469.14   0.49273E-02   0.52392E-02   0.55288E-02
 7482.75   0.48974E-02   0.52174E-02   0.55060E-02
 7496.35   0.48677E-02   0.51956E-02   0.54831E-02
 7509.96   0.48379E-02   0.51736E-02   0.54601E-02
 7523.56   0.48071E-02   0.51505E-02   0.54359E-02
 7537.17   0.47766E-02   0.51274E-02   0.54117E-02
 7550.77   0.47552E-02   0.51148E-02   0.53984E-02
 7564.38   0.47236E-02   0.50904E-02   0.53728E-02
 7577.98   0.46935E-02   0.50677E-02   0.53490E-02
 7591.59   0.46639E-02   0.50455E-02   0.53256E-02
 7605.19   0.46346E-02   0.50236E-02   0.53025E-02
 7618.80   0.46057E-02   0.50021E-02   0.52799E-02
 7632.40   0.45773E-02   0.49811E-02   0.52577E-02
 7646.01   0.45494E-02   0.49605E-02   0.52360E-02
 7659.61   0.45218E-02   0.49402E-02   0.52147E-02
 7673.22   0.44946E-02   0.49202E-02   0.51936E-02
 7686.82   0.44674E-02   0.49002E-02   0.51724E-02
 7700.43   0.44390E-02   0.48789E-02   0.51499E-02
 7714.03   0.44175E-02   0.48650E-02   0.51351E-02
 7727.64   0.43889E-02   0.48432E-02   0.51120E-02
 7741.24   0.43617E-02   0.48228E-02   0.50905E-02
 7754.85   0.43346E-02   0.48025E-02   0.50690E-02
 7768.45   0.43076E-02   0.47822E-02   0.50475E-02
 7782.06   0.42808E-02   0.47620E-02   0.50261E-02
 7795.66   0.42541E-02   0.47420E-02   0.50048E-02
 7809.27   0.42278E-02   0.47223E-02   0.49839E-02
 7822.87   0.42018E-02   0.47029E-02   0.49633E-02
 7836.48   0.41763E-02   0.46840E-02   0.49431E-02
 7850.08   0.41511E-02   0.46654E-02   0.49234E-02
 7863.69   0.41262E-02   0.46471E-02   0.49038E-02
 7877.29   0.41017E-02   0.46290E-02   0.48846E-02
 7890.90   0.40780E-02   0.46117E-02   0.48661E-02
 7904.50   0.40535E-02   0.45937E-02   0.48468E-02
 7918.11   0.40292E-02   0.45756E-02   0.48275E-02
 7931.71   0.40048E-02   0.45573E-02   0.48080E-02
 7945.32   0.39803E-02   0.45389E-02   0.47883E-02
 7958.92   0.39557E-02   0.45203E-02   0.47685E-02
 7972.53   0.39312E-02   0.45018E-02   0.47486E-02
 7986.13   0.39068E-02   0.44832E-02   0.47288E-02
 7999.74   0.38826E-02   0.44649E-02   0.47092E-02
 8013.34   0.38587E-02   0.44469E-02   0.46898E-02
 8026.95   0.38351E-02   0.44291E-02   0.46707E-02
 8040.55   0.38111E-02   0.44110E-02   0.46513E-02
 8054.16   0.37895E-02   0.43954E-02   0.46345E-02
 8067.76   0.37686E-02   0.43800E-02   0.46179E-02
 8081.37   0.37460E-02   0.43632E-02   0.45999E-02
 8094.97   0.37238E-02   0.43467E-02   0.45821E-02
 8108.58   0.37017E-02   0.43301E-02   0.45642E-02
 8122.18   0.36795E-02   0.43134E-02   0.45462E-02
 8135.79   0.36572E-02   0.42965E-02   0.45280E-02
 8149.39   0.36349E-02   0.42795E-02   0.45096E-02
 8163.00   0.36125E-02   0.42622E-02   0.44910E-02
 8176.60   0.35900E-02   0.42449E-02   0.44724E-02
 8190.21   0.35676E-02   0.42275E-02   0.44536E-02
 8203.81   0.35450E-02   0.42099E-02   0.44346E-02
 8217.42   0.35193E-02   0.41887E-02   0.44118E-02
 8231.02   0.35105E-02   0.41868E-02   0.44093E-02
 8244.63   0.34857E-02   0.41664E-02   0.43874E-02
 8258.23   0.34644E-02   0.41501E-02   0.43697E-02
 8271.84   0.34438E-02   0.41346E-02   0.43528E-02
 8285.44   0.34236E-02   0.41193E-02   0.43363E-02
 8299.05   0.34034E-02   0.41041E-02   0.43197E-02
 8312.65   0.33833E-02   0.40888E-02   0.43031E-02
 8326.26   0.33631E-02   0.40733E-02   0.42862E-02
 8339.86   0.33428E-02   0.40575E-02   0.42691E-02
 8353.47   0.33222E-02   0.40415E-02   0.42516E-02
 8367.07   0.33014E-02   0.40250E-02   0.42337E-02
 8380.68   0.32799E-02   0.40075E-02   0.42147E-02
 8394.28   0.32526E-02   0.39825E-02   0.41880E-02
 8407.89   0.32522E-02   0.39913E-02   0.41966E-02
 8421.49   0.32273E-02   0.39694E-02   0.41730E-02
 8435.10   0.32069E-02   0.39532E-02   0.41553E-02
 8448.70   0.31876E-02   0.39382E-02   0.41389E-02
 8462.31   0.31689E-02   0.39237E-02   0.41230E-02
 8475.91   0.31504E-02   0.39095E-02   0.41075E-02
 8489.52   0.31321E-02   0.38955E-02   0.40922E-02
 8503.12   0.31139E-02   0.38815E-02   0.40768E-02
 8516.73   0.30956E-02   0.38673E-02   0.40612E-02
 8530.33   0.30771E-02   0.38527E-02   0.40452E-02
 8543.94   0.30583E-02   0.38377E-02   0.40287E-02
 8557.54   0.30386E-02   0.38213E-02   0.40110E-02
 8571.15   0.30131E-02   0.37975E-02   0.39853E-02
 8584.75   0.30167E-02   0.38111E-02   0.39988E-02
 8598.36   0.29913E-02   0.37872E-02   0.39730E-02
 8611.96   0.29720E-02   0.37711E-02   0.39554E-02
 8625.57   0.29538E-02   0.37564E-02   0.39393E-02
 8639.17   0.29362E-02   0.37424E-02   0.39238E-02
 8652.78   0.29190E-02   0.37288E-02   0.39089E-02
 8666.38   0.29022E-02   0.37156E-02   0.38944E-02
 8679.99   0.28856E-02   0.37027E-02   0.38800E-02
 8693.59   0.28691E-02   0.36898E-02   0.38658E-02
 8707.20   0.28527E-02   0.36768E-02   0.38514E-02
 8720.80   0.28360E-02   0.36635E-02   0.38367E-02
 8734.41   0.28188E-02   0.36493E-02   0.38211E-02
 8748.01   0.27988E-02   0.36314E-02   0.38016E-02
 8761.62   0.27820E-02   0.36176E-02   0.37863E-02
 8775.22   0.27754E-02   0.36175E-02   0.37854E-02
 8788.83   0.27575E-02   0.36021E-02   0.37685E-02
 8802.43   0.27406E-02   0.35880E-02   0.37530E-02
 8816.04   0.27242E-02   0.35744E-02   0.37380E-02
 8829.64   0.27082E-02   0.35613E-02   0.37234E-02
 8843.25   0.26924E-02   0.35485E-02   0.37092E-02
 8856.85   0.26771E-02   0.35361E-02   0.36955E-02
 8870.46   0.26620E-02   0.35241E-02   0.36820E-02
 8884.06   0.26471E-02   0.35122E-02   0.36687E-02
 8897.67   0.26323E-02   0.35003E-02   0.36555E-02
 8911.27   0.26174E-02   0.34883E-02   0.36421E-02
 8924.88   0.26018E-02   0.34752E-02   0.36275E-02
 8938.48   0.25865E-02   0.34624E-02   0.36133E-02
 8952.09   0.25773E-02   0.34579E-02   0.36077E-02
 8965.69   0.25613E-02   0.34440E-02   0.35924E-02
 8979.30   0.25461E-02   0.34311E-02   0.35781E-02
 8992.90   0.25312E-02   0.34184E-02   0.35640E-02
 9006.51   0.25164E-02   0.34059E-02   0.35501E-02
 9020.11   0.25017E-02   0.33936E-02   0.35363E-02
 9033.72   0.24874E-02   0.33815E-02   0.35228E-02
 9047.32   0.24732E-02   0.33698E-02   0.35097E-02
 9060.93   0.24594E-02   0.33583E-02   0.34969E-02
 9074.53   0.24459E-02   0.33472E-02   0.34844E-02
 9088.14   0.24326E-02   0.33363E-02   0.34721E-02
 9101.74   0.24193E-02   0.33254E-02   0.34599E-02
 9115.35   0.24055E-02   0.33138E-02   0.34468E-02
 9128.95   0.23953E-02   0.33067E-02   0.34385E-02
 9142.56   0.23814E-02   0.32947E-02   0.34251E-02
 9156.16   0.23681E-02   0.32836E-02   0.34126E-02
 9169.77   0.23550E-02   0.32724E-02   0.34000E-02
 9183.37   0.23417E-02   0.32610E-02   0.33873E-02
 9196.98   0.23285E-02   0.32496E-02   0.33745E-02
 9210.58   0.23153E-02   0.32381E-02   0.33616E-02
 9224.19   0.23022E-02   0.32267E-02   0.33488E-02
 9237.79   0.22892E-02   0.32154E-02   0.33362E-02
 9251.40   0.22765E-02   0.32045E-02   0.33238E-02
 9265.00   0.22640E-02   0.31938E-02   0.33117E-02
 9278.61   0.22518E-02   0.31834E-02   0.33000E-02
 9292.21   0.22397E-02   0.31731E-02   0.32884E-02
 9305.82   0.22283E-02   0.31637E-02   0.32776E-02
 9319.42   0.22172E-02   0.31543E-02   0.32670E-02
 9333.03   0.22054E-02   0.31444E-02   0.32557E-02
 9346.63   0.21939E-02   0.31346E-02   0.32445E-02
 9360.24   0.21823E-02   0.31246E-02   0.32332E-02
 9373.84   0.21707E-02   0.31145E-02   0.32217E-02
 9387.45   0.21589E-02   0.31041E-02   0.32100E-02
 9401.05   0.21471E-02   0.30936E-02   0.31981E-02
 9414.66   0.21353E-02   0.30829E-02   0.31861E-02
 9428.26   0.21235E-02   0.30722E-02   0.31740E-02
 9441.87   0.21117E-02   0.30616E-02   0.31620E-02
 9455.47   0.21001E-02   0.30511E-02   0.31501E-02
 9469.08   0.20886E-02   0.30406E-02   0.31383E-02
 9482.68   0.20767E-02   0.30295E-02   0.31258E-02
 9496.29   0.20671E-02   0.30218E-02   0.31168E-02
 9509.89   0.20585E-02   0.30151E-02   0.31090E-02
 9523.50   0.20475E-02   0.30052E-02   0.30977E-02
 9537.10   0.20370E-02   0.29959E-02   0.30871E-02
 9550.71   0.20267E-02   0.29868E-02   0.30766E-02
 9564.31   0.20164E-02   0.29777E-02   0.30662E-02
 9577.92   0.20061E-02   0.29684E-02   0.30556E-02
 9591.52   0.19957E-02   0.29589E-02   0.30447E-02
 9605.13   0.19852E-02   0.29491E-02   0.30337E-02
 9618.73   0.19746E-02   0.29392E-02   0.30224E-02
 9632.34   0.19639E-02   0.29291E-02   0.30109E-02
 9645.94   0.19531E-02   0.29187E-02   0.29993E-02
 9659.55   0.19421E-02   0.29079E-02   0.29871E-02
 9673.15   0.19295E-02   0.28946E-02   0.29724E-02
 9686.76   0.19215E-02   0.28883E-02   0.29648E-02
 9700.36   0.19169E-02   0.28870E-02   0.29625E-02
 9713.97   0.19061E-02   0.28763E-02   0.29504E-02
 9727.57   0.18963E-02   0.28670E-02   0.29398E-02
 9741.18   0.18869E-02   0.28583E-02   0.29298E-02
 9754.78   0.18778E-02   0.28498E-02   0.29200E-02
 9768.39   0.18686E-02   0.28413E-02   0.29103E-02
 9781.99   0.18595E-02   0.28328E-02   0.29005E-02
 9795.60   0.18504E-02   0.28241E-02   0.28905E-02
 9809.20   0.18410E-02   0.28151E-02   0.28802E-02
 9822.81   0.18316E-02   0.28058E-02   0.28696E-02
 9836.41   0.18219E-02   0.27960E-02   0.28586E-02
 9850.02   0.18116E-02   0.27854E-02   0.28466E-02
 9863.62   0.17991E-02   0.27711E-02   0.28310E-02
 9877.23   0.17917E-02   0.27648E-02   0.28234E-02
 9890.83   0.17909E-02   0.27686E-02   0.28262E-02
 9904.44   0.17801E-02   0.27569E-02   0.28132E-02
 9918.04   0.17708E-02   0.27474E-02   0.28024E-02
 9931.65   0.17620E-02   0.27386E-02   0.27923E-02
 9945.25   0.17536E-02   0.27303E-02   0.27828E-02
 9958.86   0.17454E-02   0.27223E-02   0.27735E-02
 9972.46   0.17373E-02   0.27145E-02   0.27645E-02
 9986.07   0.17293E-02   0.27066E-02   0.27554E-02
 9999.67   0.17213E-02   0.26987E-02   0.27462E-02
