   27.21   0.10397E+01   0.10412E+01   0.94086E+00
   40.81   0.57186E+00   0.57279E+00   0.45915E+00
   54.42   0.41148E+00   0.41216E+00   0.31434E+00
   68.02   0.33517E+00   0.33573E+00   0.25604E+00
   81.63   0.28848E+00   0.28898E+00   0.22449E+00
   95.23   0.25546E+00   0.25591E+00   0.20334E+00
  108.84   0.22995E+00   0.23036E+00   0.18702E+00
  122.44   0.20902E+00   0.20942E+00   0.17325E+00
  136.05   0.19137E+00   0.19175E+00   0.16122E+00
  149.65   0.17619E+00   0.17655E+00   0.15051E+00
  163.26   0.16292E+00   0.16327E+00   0.14086E+00
  176.86   0.15127E+00   0.15161E+00   0.13215E+00
  190.47   0.14097E+00   0.14130E+00   0.12426E+00
  204.07   0.13180E+00   0.13212E+00   0.11710E+00
  217.68   0.12353E+00   0.12385E+00   0.11053E+00
  231.28   0.11606E+00   0.11638E+00   0.10450E+00
  244.89   0.10927E+00   0.10958E+00   0.98927E-01
  258.49   0.10311E+00   0.10342E+00   0.93815E-01
  272.10   0.97481E-01   0.97792E-01   0.89096E-01
  285.70   0.92338E-01   0.92647E-01   0.84742E-01
  299.31   0.87634E-01   0.87941E-01   0.80725E-01
  312.91   0.83231E-01   0.83536E-01   0.76932E-01
  326.52   0.79184E-01   0.79487E-01   0.73421E-01
  340.12   0.75431E-01   0.75732E-01   0.70143E-01
  353.73   0.71966E-01   0.72266E-01   0.67101E-01
  367.33   0.68740E-01   0.69037E-01   0.64252E-01
  380.94   0.65730E-01   0.66025E-01   0.61580E-01
  394.54   0.62925E-01   0.63218E-01   0.59079E-01
  408.15   0.60293E-01   0.60582E-01   0.56720E-01
  421.75   0.57817E-01   0.58103E-01   0.54493E-01
  435.36   0.55501E-01   0.55783E-01   0.52401E-01
  448.96   0.53326E-01   0.53606E-01   0.50431E-01
  462.57   0.51270E-01   0.51545E-01   0.48561E-01
  476.17   0.49339E-01   0.49612E-01   0.46801E-01
  489.78   0.47527E-01   0.47796E-01   0.45144E-01
  503.38   0.45792E-01   0.46058E-01   0.43553E-01
  516.99   0.44158E-01   0.44420E-01   0.42051E-01
  530.59   0.42614E-01   0.42873E-01   0.40628E-01
  544.20   0.41140E-01   0.41396E-01   0.39267E-01
  557.80   0.39747E-01   0.40000E-01   0.37978E-01
  571.41   0.38424E-01   0.38673E-01   0.36751E-01
  585.01   0.37162E-01   0.37409E-01   0.35578E-01
  598.62   0.35969E-01   0.36213E-01   0.34468E-01
  612.22   0.34829E-01   0.35069E-01   0.33405E-01
  625.83   0.33741E-01   0.33978E-01   0.32388E-01
  639.43   0.32698E-01   0.32932E-01   0.31412E-01
  653.04   0.31705E-01   0.31936E-01   0.30482E-01
  666.64   0.30754E-01   0.30982E-01   0.29590E-01
  680.25   0.29843E-01   0.30069E-01   0.28734E-01
  693.85   0.28973E-01   0.29196E-01   0.27916E-01
  707.46   0.28141E-01   0.28361E-01   0.27132E-01
  721.06   0.27344E-01   0.27561E-01   0.26380E-01
  734.67   0.26576E-01   0.26791E-01   0.25656E-01
  748.27   0.25840E-01   0.26053E-01   0.24961E-01
  761.88   0.25135E-01   0.25345E-01   0.24293E-01
  775.48   0.24457E-01   0.24665E-01   0.23652E-01
  789.09   0.23802E-01   0.24008E-01   0.23030E-01
  802.69   0.23174E-01   0.23377E-01   0.22434E-01
  816.30   0.22570E-01   0.22771E-01   0.21861E-01
  829.90   0.21991E-01   0.22189E-01   0.21310E-01
  843.51   0.21429E-01   0.21625E-01   0.20775E-01
  857.11   0.20891E-01   0.21084E-01   0.20262E-01
  870.72   0.20372E-01   0.20562E-01   0.19767E-01
  884.32   0.19871E-01   0.20059E-01   0.19289E-01
  897.93   0.19385E-01   0.19570E-01   0.18824E-01
  911.53   0.18921E-01   0.19103E-01   0.18380E-01
  925.14   0.18470E-01   0.18649E-01   0.17948E-01
  938.74   0.18034E-01   0.18210E-01   0.17531E-01
  952.35   0.17615E-01   0.17788E-01   0.17129E-01
  965.95   0.17205E-01   0.17376E-01   0.16736E-01
  979.56   0.16813E-01   0.16981E-01   0.16359E-01
  993.16   0.16432E-01   0.16598E-01   0.15994E-01
 1006.77   0.16064E-01   0.16227E-01   0.15640E-01
 1020.37   0.15707E-01   0.15868E-01   0.15297E-01
 1033.98   0.15362E-01   0.15520E-01   0.14965E-01
 1047.58   0.15028E-01   0.15184E-01   0.14643E-01
 1061.19   0.14704E-01   0.14857E-01   0.14331E-01
 1074.79   0.14389E-01   0.14540E-01   0.14028E-01
 1088.40   0.14084E-01   0.14233E-01   0.13733E-01
 1102.00   0.13788E-01   0.13935E-01   0.13448E-01
 1115.61   0.13502E-01   0.13646E-01   0.13172E-01
 1129.21   0.13224E-01   0.13366E-01   0.12904E-01
 1142.82   0.12953E-01   0.13093E-01   0.12642E-01
 1156.42   0.12691E-01   0.12829E-01   0.12389E-01
 1170.03   0.12436E-01   0.12573E-01   0.12143E-01
 1183.63   0.12189E-01   0.12323E-01   0.11904E-01
 1197.24   0.11949E-01   0.12082E-01   0.11672E-01
 1210.84   0.11715E-01   0.11845E-01   0.11445E-01
 1224.45   0.11488E-01   0.11616E-01   0.11225E-01
 1238.05   0.11266E-01   0.11393E-01   0.11011E-01
 1251.66   0.11051E-01   0.11176E-01   0.10802E-01
 1265.26   0.10843E-01   0.10965E-01   0.10600E-01
 1278.87   0.10638E-01   0.10759E-01   0.10401E-01
 1292.47   0.10440E-01   0.10559E-01   0.10210E-01
 1306.08   0.10247E-01   0.10365E-01   0.10023E-01
 1319.68   0.10060E-01   0.10175E-01   0.98402E-02
 1333.29   0.98771E-02   0.99908E-02   0.96629E-02
 1346.89   0.96979E-02   0.98097E-02   0.94887E-02
 1360.50   0.95254E-02   0.96354E-02   0.93209E-02
 1374.10   0.93566E-02   0.94647E-02   0.91567E-02
 1387.71   0.91918E-02   0.92981E-02   0.89963E-02
 1401.31   0.90310E-02   0.91355E-02   0.88397E-02
 1414.92   0.88746E-02   0.89774E-02   0.86875E-02
 1428.52   0.87211E-02   0.88221E-02   0.85379E-02
 1442.13   0.85722E-02   0.86715E-02   0.83928E-02
 1455.73   0.84267E-02   0.85244E-02   0.82511E-02
 1469.34   0.82847E-02   0.83807E-02   0.81126E-02
 1482.94   0.81460E-02   0.82404E-02   0.79774E-02
 1496.55   0.80105E-02   0.81033E-02   0.78453E-02
 1510.15   0.78785E-02   0.79698E-02   0.77165E-02
 1523.76   0.77496E-02   0.78394E-02   0.75908E-02
 1537.36   0.76237E-02   0.77120E-02   0.74680E-02
 1550.97   0.75006E-02   0.75874E-02   0.73479E-02
 1564.57   0.73802E-02   0.74656E-02   0.72303E-02
 1578.18   0.72625E-02   0.73465E-02   0.71154E-02
 1591.78   0.71475E-02   0.72301E-02   0.70031E-02
 1605.39   0.70352E-02   0.71164E-02   0.68934E-02
 1618.99   0.69254E-02   0.70052E-02   0.67861E-02
 1632.60   0.68180E-02   0.68965E-02   0.66812E-02
 1646.20   0.67126E-02   0.67898E-02   0.65782E-02
 1659.81   0.66098E-02   0.66856E-02   0.64777E-02
 1673.41   0.65092E-02   0.65837E-02   0.63793E-02
 1687.02   0.64109E-02   0.64841E-02   0.62831E-02
 1700.62   0.63147E-02   0.63866E-02   0.61890E-02
 1714.23   0.62208E-02   0.62914E-02   0.60971E-02
 1727.83   0.61281E-02   0.61975E-02   0.60064E-02
 1741.44   0.60379E-02   0.61061E-02   0.59181E-02
 1755.04   0.59495E-02   0.60165E-02   0.58315E-02
 1768.65   0.58629E-02   0.59287E-02   0.57467E-02
 1782.25   0.57781E-02   0.58427E-02   0.56637E-02
 1795.86   0.56953E-02   0.57588E-02   0.55826E-02
 1809.46   0.56134E-02   0.56757E-02   0.55023E-02
 1823.07   0.55337E-02   0.55950E-02   0.54243E-02
 1836.67   0.54555E-02   0.55157E-02   0.53477E-02
 1850.28   0.53789E-02   0.54380E-02   0.52726E-02
 1863.88   0.53037E-02   0.53618E-02   0.51990E-02
 1877.49   0.52302E-02   0.52873E-02   0.51269E-02
 1891.09   0.51578E-02   0.52137E-02   0.50559E-02
 1904.70   0.50871E-02   0.51421E-02   0.49866E-02
 1918.30   0.50178E-02   0.50718E-02   0.49186E-02
 1931.91   0.49498E-02   0.50027E-02   0.48519E-02
 1945.51   0.48830E-02   0.49350E-02   0.47864E-02
 1959.12   0.48176E-02   0.48685E-02   0.47222E-02
 1972.72   0.47532E-02   0.48031E-02   0.46589E-02
 1986.33   0.46903E-02   0.47393E-02   0.45972E-02
 1999.93   0.46285E-02   0.46765E-02   0.45365E-02
 2013.54   0.45678E-02   0.46149E-02   0.44769E-02
 2027.14   0.45082E-02   0.45543E-02   0.44184E-02
 2040.75   0.44497E-02   0.44949E-02   0.43609E-02
 2054.35   0.43923E-02   0.44365E-02   0.43044E-02
 2067.96   0.43358E-02   0.43792E-02   0.42490E-02
 2081.56   0.42805E-02   0.43229E-02   0.41946E-02
 2095.17   0.42262E-02   0.42677E-02   0.41412E-02
 2108.77   0.41728E-02   0.42134E-02   0.40887E-02
 2122.38   0.41204E-02   0.41601E-02   0.40371E-02
 2135.98   0.40688E-02   0.41078E-02   0.39865E-02
 2149.59   0.40182E-02   0.40563E-02   0.39367E-02
 2163.19   0.39685E-02   0.40057E-02   0.38878E-02
 2176.80   0.39196E-02   0.39561E-02   0.38397E-02
 2190.40   0.38716E-02   0.39072E-02   0.37925E-02
 2204.01   0.38243E-02   0.38593E-02   0.37461E-02
 2217.61   0.37779E-02   0.38121E-02   0.37005E-02
 2231.22   0.37323E-02   0.37657E-02   0.36556E-02
 2244.82   0.36874E-02   0.37201E-02   0.36115E-02
 2258.43   0.36433E-02   0.36752E-02   0.35681E-02
 2272.03   0.36000E-02   0.36311E-02   0.35254E-02
 2285.64   0.35573E-02   0.35878E-02   0.34835E-02
 2299.24   0.35154E-02   0.35451E-02   0.34422E-02
 2312.85   0.34742E-02   0.35032E-02   0.34017E-02
 2326.45   0.34336E-02   0.34620E-02   0.33617E-02
 2340.06   0.33938E-02   0.34214E-02   0.33225E-02
 2353.66   0.33545E-02   0.33815E-02   0.32839E-02
 2367.27   0.33160E-02   0.33422E-02   0.32459E-02
 2380.87   0.32780E-02   0.33035E-02   0.32085E-02
 2394.48   0.32407E-02   0.32655E-02   0.31717E-02
 2408.08   0.32039E-02   0.32281E-02   0.31355E-02
 2421.69   0.31677E-02   0.31912E-02   0.30998E-02
 2435.29   0.31321E-02   0.31550E-02   0.30648E-02
 2448.90   0.30971E-02   0.31193E-02   0.30302E-02
 2462.50   0.30625E-02   0.30842E-02   0.29962E-02
 2476.11   0.30286E-02   0.30496E-02   0.29628E-02
 2489.71   0.29951E-02   0.30155E-02   0.29298E-02
 2503.32   0.29621E-02   0.29820E-02   0.28973E-02
 2516.92   0.29296E-02   0.29488E-02   0.28653E-02
 2530.53   0.28978E-02   0.29164E-02   0.28340E-02
 2544.13   0.28663E-02   0.28844E-02   0.28030E-02
 2557.74   0.28353E-02   0.28528E-02   0.27724E-02
 2571.34   0.28047E-02   0.28218E-02   0.27424E-02
 2584.95   0.27746E-02   0.27912E-02   0.27128E-02
 2598.55   0.27450E-02   0.27610E-02   0.26836E-02
 2612.16   0.27158E-02   0.27313E-02   0.26548E-02
 2625.76   0.26871E-02   0.27021E-02   0.26266E-02
 2639.37   0.26587E-02   0.26732E-02   0.25987E-02
 2652.97   0.26308E-02   0.26448E-02   0.25712E-02
 2666.58   0.26032E-02   0.26168E-02   0.25441E-02
 2680.18   0.25761E-02   0.25892E-02   0.25174E-02
 2693.79   0.25494E-02   0.25620E-02   0.24910E-02
 2707.39   0.25230E-02   0.25352E-02   0.24651E-02
 2721.00   0.24971E-02   0.25088E-02   0.24396E-02
 2734.60   0.24715E-02   0.24828E-02   0.24144E-02
 2748.21   0.24463E-02   0.24571E-02   0.23895E-02
 2761.81   0.24214E-02   0.24317E-02   0.23650E-02
 2775.42   0.23969E-02   0.24068E-02   0.23408E-02
 2789.02   0.23727E-02   0.23821E-02   0.23170E-02
 2802.63   0.23489E-02   0.23579E-02   0.22936E-02
 2816.23   0.23254E-02   0.23340E-02   0.22704E-02
 2829.84   0.23023E-02   0.23104E-02   0.22476E-02
 2843.44   0.22795E-02   0.22872E-02   0.22251E-02
 2857.05   0.22570E-02   0.22642E-02   0.22029E-02
 2870.65   0.22348E-02   0.22416E-02   0.21810E-02
 2884.26   0.22129E-02   0.22192E-02   0.21594E-02
 2897.86   0.21912E-02   0.21972E-02   0.21381E-02
 2911.47   0.21699E-02   0.21754E-02   0.21170E-02
 2925.07   0.21490E-02   0.21541E-02   0.20964E-02
 2938.68   0.21282E-02   0.21329E-02   0.20759E-02
 2952.28   0.21077E-02   0.21120E-02   0.20557E-02
 2965.89   0.20875E-02   0.20915E-02   0.20358E-02
 2979.49   0.20676E-02   0.20711E-02   0.20161E-02
 2993.10   0.20479E-02   0.20510E-02   0.19967E-02
 3006.70   0.20284E-02   0.20312E-02   0.19775E-02
 3020.31   0.20092E-02   0.20116E-02   0.19586E-02
 3033.91   0.19904E-02   0.19925E-02   0.19401E-02
 3047.52   0.19717E-02   0.19735E-02   0.19217E-02
 3061.12   0.19533E-02   0.19547E-02   0.19035E-02
 3074.73   0.19351E-02   0.19362E-02   0.18856E-02
 3088.33   0.19171E-02   0.19179E-02   0.18679E-02
 3101.94   0.18993E-02   0.18998E-02   0.18504E-02
 3115.54   0.18817E-02   0.18819E-02   0.18331E-02
 3129.15   0.18643E-02   0.18642E-02   0.18160E-02
 3142.75   0.18475E-02   0.18471E-02   0.17994E-02
 3156.36   0.18305E-02   0.18299E-02   0.17828E-02
 3169.96   0.18138E-02   0.18129E-02   0.17664E-02
 3183.57   0.17974E-02   0.17962E-02   0.17502E-02
 3197.17   0.17811E-02   0.17797E-02   0.17342E-02
 3210.78   0.17650E-02   0.17634E-02   0.17185E-02
 3224.38   0.17491E-02   0.17472E-02   0.17028E-02
 3237.99   0.17333E-02   0.17311E-02   0.16873E-02
 3251.59   0.17181E-02   0.17157E-02   0.16724E-02
 3265.20   0.17027E-02   0.17001E-02   0.16573E-02
 3278.80   0.16876E-02   0.16847E-02   0.16424E-02
 3292.41   0.16726E-02   0.16696E-02   0.16277E-02
 3306.01   0.16579E-02   0.16546E-02   0.16133E-02
 3319.62   0.16433E-02   0.16399E-02   0.15990E-02
 3333.22   0.16289E-02   0.16252E-02   0.15849E-02
 3346.83   0.16146E-02   0.16107E-02   0.15708E-02
 3360.43   0.16008E-02   0.15967E-02   0.15573E-02
 3374.04   0.15868E-02   0.15825E-02   0.15436E-02
 3387.64   0.15731E-02   0.15686E-02   0.15301E-02
 3401.25   0.15595E-02   0.15548E-02   0.15167E-02
 3414.85   0.15461E-02   0.15412E-02   0.15036E-02
 3428.46   0.15328E-02   0.15278E-02   0.14906E-02
 3442.06   0.15197E-02   0.15145E-02   0.14778E-02
 3455.67   0.15068E-02   0.15014E-02   0.14651E-02
 3469.27   0.14941E-02   0.14886E-02   0.14527E-02
 3482.88   0.14815E-02   0.14757E-02   0.14402E-02
 3496.48   0.14689E-02   0.14630E-02   0.14280E-02
 3510.09   0.14565E-02   0.14505E-02   0.14158E-02
 3523.69   0.14443E-02   0.14381E-02   0.14038E-02
 3537.30   0.14322E-02   0.14258E-02   0.13920E-02
 3550.90   0.14203E-02   0.14137E-02   0.13803E-02
 3564.51   0.14085E-02   0.14018E-02   0.13687E-02
 3578.11   0.13969E-02   0.13900E-02   0.13573E-02
 3591.72   0.13854E-02   0.13784E-02   0.13461E-02
 3605.32   0.13740E-02   0.13668E-02   0.13349E-02
 3618.93   0.13628E-02   0.13554E-02   0.13238E-02
 3632.53   0.13516E-02   0.13441E-02   0.13129E-02
 3646.14   0.13406E-02   0.13329E-02   0.13021E-02
 3659.74   0.13296E-02   0.13218E-02   0.12913E-02
 3673.35   0.13189E-02   0.13109E-02   0.12808E-02
 3686.95   0.13082E-02   0.13001E-02   0.12703E-02
 3700.56   0.12978E-02   0.12895E-02   0.12601E-02
 3714.16   0.12874E-02   0.12789E-02   0.12499E-02
 3727.77   0.12771E-02   0.12685E-02   0.12398E-02
 3741.37   0.12669E-02   0.12582E-02   0.12298E-02
 3754.98   0.12568E-02   0.12480E-02   0.12199E-02
 3768.58   0.12468E-02   0.12378E-02   0.12101E-02
 3782.19   0.12369E-02   0.12278E-02   0.12004E-02
 3795.79   0.12271E-02   0.12178E-02   0.11907E-02
 3809.40   0.12174E-02   0.12080E-02   0.11812E-02
 3823.00   0.12080E-02   0.11985E-02   0.11721E-02
 3836.61   0.11985E-02   0.11889E-02   0.11628E-02
 3850.21   0.11892E-02   0.11795E-02   0.11536E-02
 3863.82   0.11799E-02   0.11701E-02   0.11446E-02
 3877.42   0.11708E-02   0.11608E-02   0.11356E-02
 3891.03   0.11617E-02   0.11516E-02   0.11267E-02
 3904.63   0.11526E-02   0.11425E-02   0.11179E-02
 3918.24   0.11436E-02   0.11334E-02   0.11091E-02
 3931.84   0.11347E-02   0.11244E-02   0.11003E-02
 3945.45   0.11263E-02   0.11160E-02   0.10922E-02
 3959.05   0.11176E-02   0.11072E-02   0.10837E-02
 3972.66   0.11091E-02   0.10986E-02   0.10754E-02
 3986.26   0.11006E-02   0.10901E-02   0.10672E-02
 3999.87   0.10923E-02   0.10817E-02   0.10590E-02
 4013.47   0.10840E-02   0.10734E-02   0.10510E-02
 4027.08   0.10757E-02   0.10651E-02   0.10429E-02
 4040.68   0.10675E-02   0.10568E-02   0.10349E-02
 4054.29   0.10592E-02   0.10484E-02   0.10268E-02
 4067.89   0.10517E-02   0.10410E-02   0.10196E-02
 4081.50   0.10437E-02   0.10329E-02   0.10118E-02
 4095.10   0.10359E-02   0.10250E-02   0.10042E-02
 4108.71   0.10281E-02   0.10173E-02   0.99667E-03
 4122.31   0.10205E-02   0.10096E-02   0.98924E-03
 4135.92   0.10129E-02   0.10020E-02   0.98189E-03
 4149.52   0.10054E-02   0.99447E-03   0.97460E-03
 4163.13   0.99794E-03   0.98696E-03   0.96733E-03
 4176.73   0.99042E-03   0.97941E-03   0.96002E-03
 4190.34   0.98355E-03   0.97250E-03   0.95334E-03
 4203.94   0.97622E-03   0.96516E-03   0.94622E-03
 4217.55   0.96903E-03   0.95793E-03   0.93923E-03
 4231.15   0.96193E-03   0.95081E-03   0.93233E-03
 4244.76   0.95492E-03   0.94378E-03   0.92552E-03
 4258.36   0.94800E-03   0.93684E-03   0.91880E-03
 4271.97   0.94116E-03   0.92997E-03   0.91215E-03
 4285.57   0.93438E-03   0.92316E-03   0.90556E-03
 4299.18   0.92761E-03   0.91637E-03   0.89898E-03
 4312.78   0.92117E-03   0.90990E-03   0.89272E-03
 4326.39   0.91449E-03   0.90321E-03   0.88624E-03
 4339.99   0.90791E-03   0.89661E-03   0.87984E-03
 4353.60   0.90139E-03   0.89007E-03   0.87351E-03
 4367.20   0.89494E-03   0.88361E-03   0.86725E-03
 4380.81   0.88857E-03   0.87722E-03   0.86106E-03
 4394.41   0.88228E-03   0.87091E-03   0.85495E-03
 4408.02   0.87606E-03   0.86469E-03   0.84892E-03
 4421.62   0.86991E-03   0.85852E-03   0.84295E-03
 4435.23   0.86388E-03   0.85248E-03   0.83710E-03
 4448.83   0.85780E-03   0.84640E-03   0.83121E-03
 4462.44   0.85179E-03   0.84039E-03   0.82538E-03
 4476.04   0.84582E-03   0.83441E-03   0.81959E-03
 4489.65   0.83988E-03   0.82848E-03   0.81384E-03
 4503.25   0.83400E-03   0.82259E-03   0.80814E-03
 4516.86   0.82818E-03   0.81677E-03   0.80249E-03
 4530.46   0.82242E-03   0.81102E-03   0.79692E-03
 4544.07   0.81674E-03   0.80534E-03   0.79142E-03
 4557.67   0.81114E-03   0.79975E-03   0.78600E-03
 4571.28   0.80560E-03   0.79422E-03   0.78063E-03
 4584.88   0.80009E-03   0.78872E-03   0.77530E-03
 4598.49   0.79463E-03   0.78326E-03   0.77002E-03
 4612.09   0.78919E-03   0.77784E-03   0.76476E-03
 4625.70   0.78378E-03   0.77245E-03   0.75953E-03
 4639.30   0.77841E-03   0.76708E-03   0.75433E-03
 4652.91   0.77307E-03   0.76176E-03   0.74917E-03
 4666.51   0.76778E-03   0.75649E-03   0.74406E-03
 4680.12   0.76252E-03   0.75125E-03   0.73897E-03
 4693.72   0.75735E-03   0.74610E-03   0.73398E-03
 4707.33   0.75243E-03   0.74120E-03   0.72923E-03
 4720.93   0.74738E-03   0.73616E-03   0.72434E-03
 4734.54   0.74238E-03   0.73118E-03   0.71951E-03
 4748.14   0.73742E-03   0.72625E-03   0.71473E-03
 4761.75   0.73249E-03   0.72134E-03   0.70996E-03
 4775.35   0.72757E-03   0.71645E-03   0.70522E-03
 4788.96   0.72268E-03   0.71158E-03   0.70050E-03
 4802.56   0.71780E-03   0.70673E-03   0.69579E-03
 4816.17   0.71284E-03   0.70180E-03   0.69100E-03
 4829.77   0.70878E-03   0.69775E-03   0.68708E-03
 4843.38   0.70379E-03   0.69281E-03   0.68228E-03
 4856.98   0.69912E-03   0.68816E-03   0.67777E-03
 4870.59   0.69453E-03   0.68360E-03   0.67335E-03
 4884.19   0.68999E-03   0.67909E-03   0.66897E-03
 4897.80   0.68548E-03   0.67462E-03   0.66463E-03
 4911.40   0.68099E-03   0.67017E-03   0.66031E-03
 4925.01   0.67652E-03   0.66572E-03   0.65599E-03
 4938.61   0.67202E-03   0.66127E-03   0.65167E-03
 4952.22   0.66735E-03   0.65664E-03   0.64717E-03
 4965.82   0.66385E-03   0.65317E-03   0.64381E-03
 4979.43   0.65920E-03   0.64856E-03   0.63933E-03
 4993.03   0.65486E-03   0.64427E-03   0.63516E-03
 5006.64   0.65061E-03   0.64006E-03   0.63107E-03
 5020.24   0.64642E-03   0.63592E-03   0.62705E-03
 5033.85   0.64228E-03   0.63182E-03   0.62307E-03
 5047.45   0.63817E-03   0.62776E-03   0.61912E-03
 5061.06   0.63407E-03   0.62371E-03   0.61519E-03
 5074.66   0.62997E-03   0.61965E-03   0.61125E-03
 5088.27   0.62571E-03   0.61545E-03   0.60716E-03
 5101.87   0.62254E-03   0.61231E-03   0.60412E-03
 5115.48   0.61818E-03   0.60801E-03   0.59994E-03
 5129.08   0.61416E-03   0.60404E-03   0.59608E-03
 5142.69   0.61022E-03   0.60015E-03   0.59229E-03
 5156.29   0.60634E-03   0.59632E-03   0.58857E-03
 5169.90   0.60251E-03   0.59254E-03   0.58490E-03
 5183.50   0.59873E-03   0.58881E-03   0.58127E-03
 5197.11   0.59498E-03   0.58511E-03   0.57768E-03
 5210.71   0.59125E-03   0.58143E-03   0.57410E-03
 5224.32   0.58747E-03   0.57771E-03   0.57047E-03
 5237.92   0.58357E-03   0.57386E-03   0.56673E-03
 5251.53   0.58040E-03   0.57074E-03   0.56370E-03
 5265.13   0.57671E-03   0.56710E-03   0.56016E-03
 5278.74   0.57307E-03   0.56351E-03   0.55666E-03
 5292.34   0.56947E-03   0.55996E-03   0.55321E-03
 5305.95   0.56591E-03   0.55646E-03   0.54980E-03
 5319.55   0.56241E-03   0.55300E-03   0.54644E-03
 5333.16   0.55895E-03   0.54960E-03   0.54312E-03
 5346.76   0.55552E-03   0.54623E-03   0.53985E-03
 5360.37   0.55212E-03   0.54288E-03   0.53659E-03
 5373.97   0.54871E-03   0.53952E-03   0.53332E-03
 5387.58   0.54551E-03   0.53636E-03   0.53025E-03
 5401.18   0.54215E-03   0.53305E-03   0.52703E-03
 5414.79   0.53881E-03   0.52977E-03   0.52383E-03
 5428.39   0.53549E-03   0.52651E-03   0.52065E-03
 5442.00   0.53220E-03   0.52326E-03   0.51749E-03
 5455.60   0.52893E-03   0.52005E-03   0.51436E-03
 5469.21   0.52570E-03   0.51688E-03   0.51127E-03
 5482.81   0.52251E-03   0.51375E-03   0.50822E-03
 5496.42   0.51936E-03   0.51066E-03   0.50521E-03
 5510.02   0.51625E-03   0.50760E-03   0.50224E-03
 5523.63   0.51320E-03   0.50461E-03   0.49932E-03
 5537.23   0.51013E-03   0.50160E-03   0.49639E-03
 5550.84   0.50707E-03   0.49861E-03   0.49348E-03
 5564.44   0.50403E-03   0.49563E-03   0.49057E-03
 5578.05   0.50099E-03   0.49266E-03   0.48767E-03
 5591.65   0.49796E-03   0.48969E-03   0.48478E-03
 5605.26   0.49494E-03   0.48675E-03   0.48191E-03
 5618.86   0.49195E-03   0.48382E-03   0.47906E-03
 5632.47   0.48898E-03   0.48093E-03   0.47623E-03
 5646.07   0.48604E-03   0.47806E-03   0.47344E-03
 5659.68   0.48319E-03   0.47527E-03   0.47072E-03
 5673.28   0.48042E-03   0.47257E-03   0.46809E-03
 5686.89   0.47757E-03   0.46980E-03   0.46538E-03
 5700.49   0.47476E-03   0.46706E-03   0.46271E-03
 5714.10   0.47197E-03   0.46434E-03   0.46006E-03
 5727.70   0.46918E-03   0.46163E-03   0.45741E-03
 5741.31   0.46640E-03   0.45892E-03   0.45477E-03
 5754.91   0.46362E-03   0.45622E-03   0.45213E-03
 5768.52   0.46085E-03   0.45352E-03   0.44949E-03
 5782.12   0.45808E-03   0.45083E-03   0.44686E-03
 5795.73   0.45529E-03   0.44811E-03   0.44421E-03
 5809.33   0.45261E-03   0.44551E-03   0.44167E-03
 5822.94   0.45025E-03   0.44322E-03   0.43944E-03
 5836.54   0.44758E-03   0.44063E-03   0.43690E-03
 5850.15   0.44498E-03   0.43810E-03   0.43444E-03
 5863.75   0.44241E-03   0.43561E-03   0.43200E-03
 5877.36   0.43986E-03   0.43313E-03   0.42958E-03
 5890.96   0.43732E-03   0.43066E-03   0.42716E-03
 5904.57   0.43477E-03   0.42819E-03   0.42475E-03
 5918.17   0.43222E-03   0.42571E-03   0.42232E-03
 5931.78   0.42965E-03   0.42321E-03   0.41988E-03
 5945.38   0.42699E-03   0.42062E-03   0.41734E-03
 5958.99   0.42442E-03   0.41812E-03   0.41490E-03
 5972.59   0.42252E-03   0.41629E-03   0.41311E-03
 5986.20   0.42001E-03   0.41385E-03   0.41072E-03
 5999.80   0.41759E-03   0.41149E-03   0.40842E-03
 6013.41   0.41521E-03   0.40918E-03   0.40616E-03
 6027.01   0.41287E-03   0.40690E-03   0.40393E-03
 6040.62   0.41054E-03   0.40464E-03   0.40172E-03
 6054.22   0.40821E-03   0.40238E-03   0.39951E-03
 6067.83   0.40588E-03   0.40012E-03   0.39730E-03
 6081.43   0.40352E-03   0.39783E-03   0.39506E-03
 6095.04   0.40105E-03   0.39543E-03   0.39270E-03
 6108.64   0.39861E-03   0.39306E-03   0.39038E-03
 6122.25   0.39699E-03   0.39150E-03   0.38886E-03
 6135.85   0.39462E-03   0.38921E-03   0.38661E-03
 6149.46   0.39235E-03   0.38700E-03   0.38445E-03
 6163.06   0.39012E-03   0.38485E-03   0.38234E-03
 6176.67   0.38794E-03   0.38273E-03   0.38027E-03
 6190.27   0.38578E-03   0.38064E-03   0.37822E-03
 6203.88   0.38364E-03   0.37857E-03   0.37619E-03
 6217.48   0.38151E-03   0.37651E-03   0.37417E-03
 6231.09   0.37937E-03   0.37444E-03   0.37214E-03
 6244.69   0.37716E-03   0.37230E-03   0.37005E-03
 6258.30   0.37493E-03   0.37015E-03   0.36794E-03
 6271.90   0.37333E-03   0.36862E-03   0.36644E-03
 6285.51   0.37113E-03   0.36649E-03   0.36435E-03
 6299.11   0.36901E-03   0.36444E-03   0.36234E-03
 6312.72   0.36692E-03   0.36243E-03   0.36036E-03
 6326.32   0.36486E-03   0.36045E-03   0.35842E-03
 6339.93   0.36284E-03   0.35850E-03   0.35650E-03
 6353.53   0.36085E-03   0.35658E-03   0.35462E-03
 6367.14   0.35888E-03   0.35468E-03   0.35276E-03
 6380.74   0.35692E-03   0.35280E-03   0.35091E-03
 6394.35   0.35496E-03   0.35091E-03   0.34906E-03
 6407.95   0.35297E-03   0.34900E-03   0.34718E-03
 6421.56   0.35131E-03   0.34741E-03   0.34562E-03
 6435.16   0.34930E-03   0.34547E-03   0.34372E-03
 6448.77   0.34735E-03   0.34360E-03   0.34188E-03
 6462.37   0.34541E-03   0.34173E-03   0.34004E-03
 6475.98   0.34349E-03   0.33989E-03   0.33823E-03
 6489.58   0.34159E-03   0.33806E-03   0.33643E-03
 6503.19   0.33972E-03   0.33626E-03   0.33466E-03
 6516.79   0.33787E-03   0.33448E-03   0.33292E-03
 6530.40   0.33606E-03   0.33274E-03   0.33120E-03
 6544.00   0.33426E-03   0.33101E-03   0.32951E-03
 6557.61   0.33247E-03   0.32929E-03   0.32782E-03
 6571.21   0.33066E-03   0.32754E-03   0.32610E-03
 6584.82   0.32900E-03   0.32596E-03   0.32454E-03
 6598.42   0.32724E-03   0.32426E-03   0.32287E-03
 6612.03   0.32547E-03   0.32256E-03   0.32120E-03
 6625.63   0.32371E-03   0.32087E-03   0.31953E-03
 6639.24   0.32195E-03   0.31917E-03   0.31786E-03
 6652.84   0.32020E-03   0.31749E-03   0.31620E-03
 6666.45   0.31846E-03   0.31582E-03   0.31455E-03
 6680.05   0.31674E-03   0.31416E-03   0.31293E-03
 6693.66   0.31505E-03   0.31254E-03   0.31133E-03
 6707.26   0.31338E-03   0.31093E-03   0.30975E-03
 6720.87   0.31176E-03   0.30938E-03   0.30822E-03
 6734.47   0.31017E-03   0.30785E-03   0.30671E-03
 6748.08   0.30855E-03   0.30629E-03   0.30517E-03
 6761.68   0.30694E-03   0.30475E-03   0.30365E-03
 6775.29   0.30533E-03   0.30320E-03   0.30213E-03
 6788.89   0.30372E-03   0.30166E-03   0.30061E-03
 6802.50   0.30211E-03   0.30011E-03   0.29908E-03
 6816.10   0.30049E-03   0.29855E-03   0.29755E-03
 6829.71   0.29888E-03   0.29700E-03   0.29602E-03
 6843.31   0.29728E-03   0.29546E-03   0.29450E-03
 6856.92   0.29568E-03   0.29393E-03   0.29299E-03
 6870.52   0.29407E-03   0.29238E-03   0.29146E-03
 6884.13   0.29258E-03   0.29095E-03   0.29005E-03
 6897.73   0.29123E-03   0.28966E-03   0.28878E-03
 6911.34   0.28969E-03   0.28819E-03   0.28732E-03
 6924.94   0.28820E-03   0.28676E-03   0.28591E-03
 6938.55   0.28673E-03   0.28535E-03   0.28452E-03
 6952.15   0.28525E-03   0.28393E-03   0.28312E-03
 6965.76   0.28377E-03   0.28252E-03   0.28173E-03
 6979.36   0.28229E-03   0.28110E-03   0.28032E-03
 6992.97   0.28080E-03   0.27967E-03   0.27891E-03
 7006.57   0.27930E-03   0.27823E-03   0.27749E-03
 7020.18   0.27779E-03   0.27678E-03   0.27605E-03
 7033.78   0.27618E-03   0.27524E-03   0.27453E-03
 7047.39   0.27476E-03   0.27388E-03   0.27319E-03
 7060.99   0.27376E-03   0.27293E-03   0.27225E-03
 7074.60   0.27228E-03   0.27151E-03   0.27085E-03
 7088.20   0.27088E-03   0.27017E-03   0.26952E-03
 7101.81   0.26950E-03   0.26885E-03   0.26822E-03
 7115.41   0.26815E-03   0.26755E-03   0.26694E-03
 7129.02   0.26679E-03   0.26626E-03   0.26566E-03
 7142.62   0.26544E-03   0.26496E-03   0.26437E-03
 7156.23   0.26408E-03   0.26366E-03   0.26308E-03
 7169.83   0.26270E-03   0.26234E-03   0.26177E-03
 7183.44   0.26129E-03   0.26098E-03   0.26043E-03
 7197.04   0.25973E-03   0.25948E-03   0.25895E-03
 7210.65   0.25835E-03   0.25816E-03   0.25764E-03
 7224.25   0.25763E-03   0.25749E-03   0.25698E-03
 7237.86   0.25621E-03   0.25613E-03   0.25563E-03
 7251.46   0.25488E-03   0.25485E-03   0.25436E-03
 7265.07   0.25359E-03   0.25361E-03   0.25314E-03
 7278.67   0.25232E-03   0.25240E-03   0.25194E-03
 7292.28   0.25107E-03   0.25120E-03   0.25075E-03
 7305.88   0.24983E-03   0.25002E-03   0.24957E-03
 7319.49   0.24858E-03   0.24883E-03   0.24840E-03
 7333.09   0.24733E-03   0.24763E-03   0.24721E-03
 7346.70   0.24605E-03   0.24640E-03   0.24599E-03
 7360.30   0.24465E-03   0.24506E-03   0.24466E-03
 7373.91   0.24334E-03   0.24381E-03   0.24341E-03
 7387.51   0.24269E-03   0.24321E-03   0.24283E-03
 7401.12   0.24134E-03   0.24191E-03   0.24154E-03
 7414.72   0.24007E-03   0.24070E-03   0.24034E-03
 7428.33   0.23884E-03   0.23953E-03   0.23917E-03
 7441.93   0.23764E-03   0.23838E-03   0.23803E-03
 7455.54   0.23646E-03   0.23726E-03   0.23692E-03
 7469.14   0.23530E-03   0.23615E-03   0.23582E-03
 7482.75   0.23416E-03   0.23506E-03   0.23474E-03
 7496.35   0.23301E-03   0.23398E-03   0.23366E-03
 7509.96   0.23186E-03   0.23288E-03   0.23257E-03
 7523.56   0.23067E-03   0.23174E-03   0.23144E-03
 7537.17   0.22947E-03   0.23060E-03   0.23030E-03
 7550.77   0.22873E-03   0.22992E-03   0.22963E-03
 7564.38   0.22748E-03   0.22872E-03   0.22844E-03
 7577.98   0.22631E-03   0.22760E-03   0.22733E-03
 7591.59   0.22515E-03   0.22650E-03   0.22623E-03
 7605.19   0.22401E-03   0.22541E-03   0.22515E-03
 7618.80   0.22289E-03   0.22435E-03   0.22409E-03
 7632.40   0.22178E-03   0.22330E-03   0.22305E-03
 7646.01   0.22070E-03   0.22228E-03   0.22203E-03
 7659.61   0.21964E-03   0.22127E-03   0.22103E-03
 7673.22   0.21859E-03   0.22027E-03   0.22003E-03
 7686.82   0.21754E-03   0.21927E-03   0.21904E-03
 7700.43   0.21643E-03   0.21821E-03   0.21799E-03
 7714.03   0.21564E-03   0.21749E-03   0.21727E-03
 7727.64   0.21452E-03   0.21641E-03   0.21620E-03
 7741.24   0.21346E-03   0.21541E-03   0.21519E-03
 7754.85   0.21240E-03   0.21440E-03   0.21419E-03
 7768.45   0.21134E-03   0.21340E-03   0.21319E-03
 7782.06   0.21029E-03   0.21239E-03   0.21219E-03
 7795.66   0.20925E-03   0.21140E-03   0.21120E-03
 7809.27   0.20822E-03   0.21042E-03   0.21023E-03
 7822.87   0.20722E-03   0.20946E-03   0.20927E-03
 7836.48   0.20622E-03   0.20852E-03   0.20833E-03
 7850.08   0.20525E-03   0.20759E-03   0.20741E-03
 7863.69   0.20429E-03   0.20668E-03   0.20649E-03
 7877.29   0.20334E-03   0.20577E-03   0.20560E-03
 7890.90   0.20243E-03   0.20491E-03   0.20473E-03
 7904.50   0.20149E-03   0.20401E-03   0.20383E-03
 7918.11   0.20055E-03   0.20311E-03   0.20293E-03
 7931.71   0.19960E-03   0.20220E-03   0.20203E-03
 7945.32   0.19864E-03   0.20128E-03   0.20111E-03
 7958.92   0.19768E-03   0.20037E-03   0.20020E-03
 7972.53   0.19672E-03   0.19945E-03   0.19928E-03
 7986.13   0.19577E-03   0.19853E-03   0.19836E-03
 7999.74   0.19482E-03   0.19762E-03   0.19746E-03
 8013.34   0.19389E-03   0.19672E-03   0.19656E-03
 8026.95   0.19297E-03   0.19584E-03   0.19568E-03
 8040.55   0.19204E-03   0.19494E-03   0.19478E-03
 8054.16   0.19121E-03   0.19416E-03   0.19400E-03
 8067.76   0.19041E-03   0.19338E-03   0.19322E-03
 8081.37   0.18953E-03   0.19255E-03   0.19239E-03
 8094.97   0.18867E-03   0.19172E-03   0.19156E-03
 8108.58   0.18781E-03   0.19090E-03   0.19074E-03
 8122.18   0.18695E-03   0.19007E-03   0.18991E-03
 8135.79   0.18608E-03   0.18923E-03   0.18907E-03
 8149.39   0.18520E-03   0.18838E-03   0.18822E-03
 8163.00   0.18431E-03   0.18753E-03   0.18737E-03
 8176.60   0.18343E-03   0.18667E-03   0.18651E-03
 8190.21   0.18254E-03   0.18582E-03   0.18566E-03
 8203.81   0.18163E-03   0.18494E-03   0.18478E-03
 8217.42   0.18058E-03   0.18392E-03   0.18376E-03
 8231.02   0.18037E-03   0.18375E-03   0.18359E-03
 8244.63   0.17935E-03   0.18276E-03   0.18260E-03
 8258.23   0.17851E-03   0.18195E-03   0.18179E-03
 8271.84   0.17770E-03   0.18117E-03   0.18101E-03
 8285.44   0.17691E-03   0.18041E-03   0.18025E-03
 8299.05   0.17611E-03   0.17965E-03   0.17949E-03
 8312.65   0.17532E-03   0.17889E-03   0.17872E-03
 8326.26   0.17452E-03   0.17812E-03   0.17795E-03
 8339.86   0.17371E-03   0.17734E-03   0.17717E-03
 8353.47   0.17288E-03   0.17654E-03   0.17637E-03
 8367.07   0.17204E-03   0.17573E-03   0.17556E-03
 8380.68   0.17116E-03   0.17488E-03   0.17470E-03
 8394.28   0.16996E-03   0.17370E-03   0.17353E-03
 8407.89   0.17020E-03   0.17399E-03   0.17381E-03
 8421.49   0.16913E-03   0.17295E-03   0.17276E-03
 8435.10   0.16830E-03   0.17215E-03   0.17196E-03
 8448.70   0.16753E-03   0.17140E-03   0.17122E-03
 8462.31   0.16677E-03   0.17068E-03   0.17049E-03
 8475.91   0.16604E-03   0.16997E-03   0.16978E-03
 8489.52   0.16531E-03   0.16927E-03   0.16908E-03
 8503.12   0.16458E-03   0.16857E-03   0.16838E-03
 8516.73   0.16385E-03   0.16787E-03   0.16767E-03
 8530.33   0.16310E-03   0.16715E-03   0.16695E-03
 8543.94   0.16233E-03   0.16640E-03   0.16620E-03
 8557.54   0.16151E-03   0.16561E-03   0.16540E-03
 8571.15   0.16038E-03   0.16449E-03   0.16428E-03
 8584.75   0.16081E-03   0.16498E-03   0.16477E-03
 8598.36   0.15968E-03   0.16386E-03   0.16365E-03
 8611.96   0.15888E-03   0.16308E-03   0.16286E-03
 8625.57   0.15813E-03   0.16235E-03   0.16213E-03
 8639.17   0.15741E-03   0.16166E-03   0.16143E-03
 8652.78   0.15672E-03   0.16098E-03   0.16075E-03
 8666.38   0.15604E-03   0.16032E-03   0.16009E-03
 8679.99   0.15537E-03   0.15968E-03   0.15944E-03
 8693.59   0.15470E-03   0.15903E-03   0.15880E-03
 8707.20   0.15404E-03   0.15839E-03   0.15815E-03
 8720.80   0.15336E-03   0.15773E-03   0.15748E-03
 8734.41   0.15265E-03   0.15703E-03   0.15678E-03
 8748.01   0.15178E-03   0.15618E-03   0.15592E-03
 8761.62   0.15108E-03   0.15549E-03   0.15524E-03
 8775.22   0.15096E-03   0.15540E-03   0.15514E-03
 8788.83   0.15020E-03   0.15465E-03   0.15439E-03
 8802.43   0.14949E-03   0.15396E-03   0.15369E-03
 8816.04   0.14881E-03   0.15329E-03   0.15302E-03
 8829.64   0.14815E-03   0.15264E-03   0.15237E-03
 8843.25   0.14750E-03   0.15201E-03   0.15173E-03
 8856.85   0.14687E-03   0.15139E-03   0.15111E-03
 8870.46   0.14626E-03   0.15079E-03   0.15050E-03
 8884.06   0.14565E-03   0.15019E-03   0.14990E-03
 8897.67   0.14505E-03   0.14960E-03   0.14931E-03
 8911.27   0.14443E-03   0.14900E-03   0.14870E-03
 8924.88   0.14378E-03   0.14836E-03   0.14805E-03
 8938.48   0.14314E-03   0.14773E-03   0.14742E-03
 8952.09   0.14284E-03   0.14745E-03   0.14713E-03
 8965.69   0.14216E-03   0.14677E-03   0.14645E-03
 8979.30   0.14152E-03   0.14614E-03   0.14582E-03
 8992.90   0.14088E-03   0.14552E-03   0.14519E-03
 9006.51   0.14026E-03   0.14490E-03   0.14457E-03
 9020.11   0.13964E-03   0.14429E-03   0.14396E-03
 9033.72   0.13904E-03   0.14369E-03   0.14335E-03
 9047.32   0.13844E-03   0.14311E-03   0.14277E-03
 9060.93   0.13787E-03   0.14254E-03   0.14219E-03
 9074.53   0.13730E-03   0.14198E-03   0.14163E-03
 9088.14   0.13674E-03   0.14144E-03   0.14108E-03
 9101.74   0.13619E-03   0.14089E-03   0.14053E-03
 9115.35   0.13560E-03   0.14032E-03   0.13995E-03
 9128.95   0.13521E-03   0.13994E-03   0.13956E-03
 9142.56   0.13461E-03   0.13935E-03   0.13897E-03
 9156.16   0.13405E-03   0.13879E-03   0.13841E-03
 9169.77   0.13348E-03   0.13824E-03   0.13785E-03
 9183.37   0.13291E-03   0.13768E-03   0.13729E-03
 9196.98   0.13234E-03   0.13711E-03   0.13672E-03
 9210.58   0.13176E-03   0.13655E-03   0.13615E-03
 9224.19   0.13119E-03   0.13598E-03   0.13558E-03
 9237.79   0.13063E-03   0.13543E-03   0.13502E-03
 9251.40   0.13008E-03   0.13488E-03   0.13447E-03
 9265.00   0.12953E-03   0.13435E-03   0.13393E-03
 9278.61   0.12901E-03   0.13383E-03   0.13341E-03
 9292.21   0.12848E-03   0.13332E-03   0.13289E-03
 9305.82   0.12799E-03   0.13284E-03   0.13241E-03
 9319.42   0.12751E-03   0.13238E-03   0.13194E-03
 9333.03   0.12700E-03   0.13188E-03   0.13143E-03
 9346.63   0.12650E-03   0.13138E-03   0.13093E-03
 9360.24   0.12599E-03   0.13089E-03   0.13043E-03
 9373.84   0.12548E-03   0.13038E-03   0.12992E-03
 9387.45   0.12496E-03   0.12987E-03   0.12941E-03
 9401.05   0.12443E-03   0.12935E-03   0.12888E-03
 9414.66   0.12389E-03   0.12883E-03   0.12835E-03
 9428.26   0.12336E-03   0.12830E-03   0.12782E-03
 9441.87   0.12283E-03   0.12778E-03   0.12729E-03
 9455.47   0.12230E-03   0.12726E-03   0.12677E-03
 9469.08   0.12178E-03   0.12674E-03   0.12625E-03
 9482.68   0.12123E-03   0.12620E-03   0.12570E-03
 9496.29   0.12081E-03   0.12580E-03   0.12530E-03
 9509.89   0.12045E-03   0.12545E-03   0.12494E-03
 9523.50   0.11995E-03   0.12496E-03   0.12444E-03
 9537.10   0.11947E-03   0.12449E-03   0.12397E-03
 9550.71   0.11901E-03   0.12404E-03   0.12351E-03
 9564.31   0.11854E-03   0.12358E-03   0.12305E-03
 9577.92   0.11807E-03   0.12312E-03   0.12258E-03
 9591.52   0.11759E-03   0.12265E-03   0.12210E-03
 9605.13   0.11710E-03   0.12217E-03   0.12162E-03
 9618.73   0.11660E-03   0.12168E-03   0.12113E-03
 9632.34   0.11610E-03   0.12119E-03   0.12063E-03
 9645.94   0.11559E-03   0.12068E-03   0.12012E-03
 9659.55   0.11506E-03   0.12016E-03   0.11959E-03
 9673.15   0.11444E-03   0.11954E-03   0.11896E-03
 9686.76   0.11409E-03   0.11920E-03   0.11862E-03
 9700.36   0.11394E-03   0.11907E-03   0.11848E-03
 9713.97   0.11342E-03   0.11855E-03   0.11796E-03
 9727.57   0.11296E-03   0.11810E-03   0.11750E-03
 9741.18   0.11251E-03   0.11766E-03   0.11706E-03
 9754.78   0.11208E-03   0.11723E-03   0.11662E-03
 9768.39   0.11165E-03   0.11681E-03   0.11620E-03
 9781.99   0.11122E-03   0.11639E-03   0.11577E-03
 9795.60   0.11079E-03   0.11596E-03   0.11533E-03
 9809.20   0.11034E-03   0.11551E-03   0.11488E-03
 9822.81   0.10988E-03   0.11506E-03   0.11442E-03
 9836.41   0.10941E-03   0.11459E-03   0.11394E-03
 9850.02   0.10890E-03   0.11408E-03   0.11343E-03
 9863.62   0.10825E-03   0.11342E-03   0.11277E-03
 9877.23   0.10791E-03   0.11309E-03   0.11243E-03
 9890.83   0.10797E-03   0.11317E-03   0.11250E-03
 9904.44   0.10742E-03   0.11262E-03   0.11195E-03
 9918.04   0.10696E-03   0.11216E-03   0.11148E-03
 9931.65   0.10653E-03   0.11173E-03   0.11104E-03
 9945.25   0.10612E-03   0.11132E-03   0.11063E-03
 9958.86   0.10572E-03   0.11092E-03   0.11022E-03
 9972.46   0.10533E-03   0.11053E-03   0.10983E-03
 9986.07   0.10494E-03   0.11014E-03   0.10943E-03
 9999.67   0.10455E-03   0.10974E-03   0.10903E-03
