  204.07   0.47861E+01   0.48271E+01   0.48953E+01
  217.68   0.47823E+01   0.48244E+01   0.48962E+01
  231.28   0.47445E+01   0.47874E+01   0.48615E+01
  244.89   0.46822E+01   0.47258E+01   0.48011E+01
  258.49   0.46015E+01   0.46455E+01   0.47213E+01
  272.10   0.45047E+01   0.45490E+01   0.46245E+01
  285.70   0.43961E+01   0.44404E+01   0.45152E+01
  299.31   0.42770E+01   0.43213E+01   0.43947E+01
  312.91   0.41507E+01   0.41947E+01   0.42665E+01
  326.52   0.40217E+01   0.40654E+01   0.41353E+01
  340.12   0.38915E+01   0.39348E+01   0.40026E+01
  353.73   0.37626E+01   0.38055E+01   0.38711E+01
  367.33   0.36344E+01   0.36767E+01   0.37401E+01
  380.94   0.35074E+01   0.35491E+01   0.36101E+01
  394.54   0.33824E+01   0.34235E+01   0.34821E+01
  408.15   0.32595E+01   0.32999E+01   0.33561E+01
  421.75   0.31391E+01   0.31788E+01   0.32326E+01
  435.36   0.30226E+01   0.30615E+01   0.31129E+01
  448.96   0.29100E+01   0.29482E+01   0.29973E+01
  462.57   0.28008E+01   0.28382E+01   0.28850E+01
  476.17   0.26959E+01   0.27326E+01   0.27772E+01
  489.78   0.25954E+01   0.26312E+01   0.26737E+01
  503.38   0.24974E+01   0.25324E+01   0.25728E+01
  516.99   0.24034E+01   0.24376E+01   0.24760E+01
  530.59   0.23131E+01   0.23465E+01   0.23829E+01
  544.20   0.22257E+01   0.22584E+01   0.22929E+01
  557.80   0.21420E+01   0.21739E+01   0.22066E+01
  571.41   0.20618E+01   0.20929E+01   0.21238E+01
  585.01   0.19846E+01   0.20149E+01   0.20442E+01
  598.62   0.19113E+01   0.19408E+01   0.19685E+01
  612.22   0.18408E+01   0.18696E+01   0.18957E+01
  625.83   0.17735E+01   0.18015E+01   0.18262E+01
  639.43   0.17085E+01   0.17358E+01   0.17591E+01
  653.04   0.16466E+01   0.16731E+01   0.16950E+01
  666.64   0.15870E+01   0.16129E+01   0.16335E+01
  680.25   0.15297E+01   0.15548E+01   0.15742E+01
  693.85   0.14751E+01   0.14996E+01   0.15178E+01
  707.46   0.14227E+01   0.14465E+01   0.14636E+01
  721.06   0.13724E+01   0.13955E+01   0.14115E+01
  734.67   0.13242E+01   0.13467E+01   0.13617E+01
  748.27   0.12782E+01   0.13000E+01   0.13140E+01
  761.88   0.12341E+01   0.12553E+01   0.12684E+01
  775.48   0.11918E+01   0.12124E+01   0.12246E+01
  789.09   0.11513E+01   0.11713E+01   0.11826E+01
  802.69   0.11124E+01   0.11318E+01   0.11423E+01
  816.30   0.10751E+01   0.10939E+01   0.11037E+01
  829.90   0.10393E+01   0.10576E+01   0.10666E+01
  843.51   0.10048E+01   0.10225E+01   0.10309E+01
  857.11   0.97175E+00   0.98895E+00   0.99665E+00
  870.72   0.94003E+00   0.95670E+00   0.96378E+00
  884.32   0.90961E+00   0.92577E+00   0.93225E+00
  897.93   0.88029E+00   0.89595E+00   0.90186E+00
  911.53   0.85225E+00   0.86742E+00   0.87279E+00
  925.14   0.82527E+00   0.83997E+00   0.84483E+00
  938.74   0.79939E+00   0.81363E+00   0.81800E+00
  952.35   0.77468E+00   0.78846E+00   0.79236E+00
  965.95   0.75056E+00   0.76389E+00   0.76736E+00
  979.56   0.72753E+00   0.74044E+00   0.74348E+00
  993.16   0.70536E+00   0.71784E+00   0.72049E+00
 1006.77   0.68406E+00   0.69613E+00   0.69841E+00
 1020.37   0.66344E+00   0.67511E+00   0.67702E+00
 1033.98   0.64368E+00   0.65496E+00   0.65653E+00
 1047.58   0.62461E+00   0.63551E+00   0.63676E+00
 1061.19   0.60624E+00   0.61676E+00   0.61770E+00
 1074.79   0.58861E+00   0.59877E+00   0.59942E+00
 1088.40   0.57147E+00   0.58127E+00   0.58165E+00
 1102.00   0.55506E+00   0.56452E+00   0.56463E+00
 1115.61   0.53923E+00   0.54835E+00   0.54821E+00
 1129.21   0.52396E+00   0.53274E+00   0.53238E+00
 1142.82   0.50919E+00   0.51765E+00   0.51707E+00
 1156.42   0.49502E+00   0.50317E+00   0.50237E+00
 1170.03   0.48132E+00   0.48916E+00   0.48817E+00
 1183.63   0.46808E+00   0.47563E+00   0.47445E+00
 1197.24   0.45529E+00   0.46254E+00   0.46118E+00
 1210.84   0.44291E+00   0.44988E+00   0.44836E+00
 1224.45   0.43097E+00   0.43767E+00   0.43598E+00
 1238.05   0.41944E+00   0.42586E+00   0.42403E+00
 1251.66   0.40828E+00   0.41444E+00   0.41247E+00
 1265.26   0.39750E+00   0.40340E+00   0.40129E+00
 1278.87   0.38705E+00   0.39271E+00   0.39048E+00
 1292.47   0.37696E+00   0.38237E+00   0.38003E+00
 1306.08   0.36721E+00   0.37237E+00   0.36992E+00
 1319.68   0.35778E+00   0.36271E+00   0.36016E+00
 1333.29   0.34865E+00   0.35336E+00   0.35071E+00
 1346.89   0.33980E+00   0.34429E+00   0.34155E+00
 1360.50   0.33125E+00   0.33552E+00   0.33270E+00
 1374.10   0.32296E+00   0.32703E+00   0.32413E+00
 1387.71   0.31494E+00   0.31880E+00   0.31583E+00
 1401.31   0.30717E+00   0.31083E+00   0.30779E+00
 1414.92   0.29966E+00   0.30313E+00   0.30002E+00
 1428.52   0.29232E+00   0.29560E+00   0.29244E+00
 1442.13   0.28524E+00   0.28833E+00   0.28511E+00
 1455.73   0.27836E+00   0.28128E+00   0.27801E+00
 1469.34   0.27170E+00   0.27444E+00   0.27113E+00
 1482.94   0.26525E+00   0.26782E+00   0.26447E+00
 1496.55   0.25896E+00   0.26136E+00   0.25797E+00
 1510.15   0.25288E+00   0.25512E+00   0.25169E+00
 1523.76   0.24698E+00   0.24905E+00   0.24560E+00
 1537.36   0.24125E+00   0.24317E+00   0.23969E+00
 1550.97   0.23569E+00   0.23746E+00   0.23395E+00
 1564.57   0.23030E+00   0.23193E+00   0.22840E+00
 1578.18   0.22504E+00   0.22652E+00   0.22298E+00
 1591.78   0.21995E+00   0.22130E+00   0.21773E+00
 1605.39   0.21500E+00   0.21621E+00   0.21264E+00
 1618.99   0.21020E+00   0.21127E+00   0.20769E+00
 1632.60   0.20552E+00   0.20647E+00   0.20288E+00
 1646.20   0.20097E+00   0.20179E+00   0.19819E+00
 1659.81   0.19656E+00   0.19726E+00   0.19366E+00
 1673.41   0.19227E+00   0.19285E+00   0.18924E+00
 1687.02   0.18809E+00   0.18856E+00   0.18495E+00
 1700.62   0.18402E+00   0.18438E+00   0.18077E+00
 1714.23   0.18007E+00   0.18032E+00   0.17671E+00
 1727.83   0.17622E+00   0.17636E+00   0.17275E+00
 1741.44   0.17247E+00   0.17251E+00   0.16892E+00
 1755.04   0.16883E+00   0.16877E+00   0.16518E+00
 1768.65   0.16529E+00   0.16512E+00   0.16154E+00
 1782.25   0.16183E+00   0.16158E+00   0.15801E+00
 1795.86   0.15847E+00   0.15812E+00   0.15456E+00
 1809.46   0.15520E+00   0.15475E+00   0.15121E+00
 1823.07   0.15201E+00   0.15148E+00   0.14795E+00
 1836.67   0.14891E+00   0.14829E+00   0.14477E+00
 1850.28   0.14588E+00   0.14518E+00   0.14168E+00
 1863.88   0.14293E+00   0.14216E+00   0.13867E+00
 1877.49   0.14006E+00   0.13921E+00   0.13574E+00
 1891.09   0.13726E+00   0.13633E+00   0.13288E+00
 1904.70   0.13453E+00   0.13352E+00   0.13009E+00
 1918.30   0.13187E+00   0.13079E+00   0.12738E+00
 1931.91   0.12927E+00   0.12812E+00   0.12473E+00
 1945.51   0.12674E+00   0.12552E+00   0.12216E+00
 1959.12   0.12427E+00   0.12299E+00   0.11964E+00
 1972.72   0.12186E+00   0.12051E+00   0.11719E+00
 1986.33   0.11951E+00   0.11810E+00   0.11480E+00
 1999.93   0.11722E+00   0.11575E+00   0.11247E+00
 2013.54   0.11498E+00   0.11345E+00   0.11020E+00
 2027.14   0.11280E+00   0.11121E+00   0.10798E+00
 2040.75   0.11067E+00   0.10903E+00   0.10582E+00
 2054.35   0.10859E+00   0.10689E+00   0.10372E+00
 2067.96   0.10655E+00   0.10481E+00   0.10166E+00
 2081.56   0.10457E+00   0.10278E+00   0.99649E-01
 2095.17   0.10263E+00   0.10079E+00   0.97690E-01
 2108.77   0.10074E+00   0.98853E-01   0.95778E-01
 2122.38   0.98895E-01   0.96960E-01   0.93913E-01
 2135.98   0.97091E-01   0.95113E-01   0.92092E-01
 2149.59   0.95325E-01   0.93304E-01   0.90311E-01
 2163.19   0.93603E-01   0.91541E-01   0.88575E-01
 2176.80   0.91919E-01   0.89818E-01   0.86879E-01
 2190.40   0.90273E-01   0.88133E-01   0.85222E-01
 2204.01   0.88663E-01   0.86486E-01   0.83603E-01
 2217.61   0.87090E-01   0.84877E-01   0.82022E-01
 2231.22   0.85552E-01   0.83305E-01   0.80478E-01
 2244.82   0.84046E-01   0.81766E-01   0.78967E-01
 2258.43   0.82575E-01   0.80263E-01   0.77492E-01
 2272.03   0.81136E-01   0.78793E-01   0.76051E-01
 2285.64   0.79728E-01   0.77356E-01   0.74642E-01
 2299.24   0.78352E-01   0.75951E-01   0.73265E-01
 2312.85   0.77005E-01   0.74576E-01   0.71919E-01
 2326.45   0.75687E-01   0.73232E-01   0.70603E-01
 2340.06   0.74398E-01   0.71918E-01   0.69317E-01
 2353.66   0.73136E-01   0.70632E-01   0.68059E-01
 2367.27   0.71901E-01   0.69374E-01   0.66829E-01
 2380.87   0.70693E-01   0.68143E-01   0.65626E-01
 2394.48   0.69510E-01   0.66938E-01   0.64450E-01
 2408.08   0.68352E-01   0.65760E-01   0.63300E-01
 2421.69   0.67217E-01   0.64606E-01   0.62174E-01
 2435.29   0.66107E-01   0.63477E-01   0.61073E-01
 2448.90   0.65020E-01   0.62372E-01   0.59995E-01
 2462.50   0.63954E-01   0.61290E-01   0.58941E-01
 2476.11   0.62910E-01   0.60230E-01   0.57909E-01
 2489.71   0.61888E-01   0.59192E-01   0.56898E-01
 2503.32   0.60886E-01   0.58176E-01   0.55910E-01
 2516.92   0.59904E-01   0.57181E-01   0.54942E-01
 2530.53   0.58943E-01   0.56206E-01   0.53994E-01
 2544.13   0.58000E-01   0.55251E-01   0.53067E-01
 2557.74   0.57076E-01   0.54316E-01   0.52158E-01
 2571.34   0.56170E-01   0.53400E-01   0.51269E-01
 2584.95   0.55282E-01   0.52502E-01   0.50397E-01
 2598.55   0.54411E-01   0.51622E-01   0.49544E-01
 2612.16   0.53558E-01   0.50760E-01   0.48709E-01
 2625.76   0.52722E-01   0.49916E-01   0.47891E-01
 2639.37   0.51902E-01   0.49089E-01   0.47090E-01
 2652.97   0.51098E-01   0.48278E-01   0.46305E-01
 2666.58   0.50310E-01   0.47483E-01   0.45536E-01
 2680.18   0.49536E-01   0.46704E-01   0.44782E-01
 2693.79   0.48776E-01   0.45940E-01   0.44043E-01
 2707.39   0.48031E-01   0.45190E-01   0.43318E-01
 2721.00   0.47303E-01   0.44458E-01   0.42611E-01
 2734.60   0.46586E-01   0.43738E-01   0.41916E-01
 2748.21   0.45883E-01   0.43032E-01   0.41235E-01
 2761.81   0.45193E-01   0.42340E-01   0.40567E-01
 2775.42   0.44516E-01   0.41661E-01   0.39913E-01
 2789.02   0.43851E-01   0.40995E-01   0.39270E-01
 2802.63   0.43197E-01   0.40341E-01   0.38640E-01
 2816.23   0.42554E-01   0.39698E-01   0.38021E-01
 2829.84   0.41929E-01   0.39073E-01   0.37419E-01
 2843.44   0.41311E-01   0.38456E-01   0.36825E-01
 2857.05   0.40705E-01   0.37850E-01   0.36243E-01
 2870.65   0.40110E-01   0.37257E-01   0.35673E-01
 2884.26   0.39525E-01   0.36674E-01   0.35113E-01
 2897.86   0.38950E-01   0.36102E-01   0.34563E-01
 2911.47   0.38384E-01   0.35539E-01   0.34022E-01
 2925.07   0.37836E-01   0.34993E-01   0.33498E-01
 2938.68   0.37289E-01   0.34450E-01   0.32977E-01
 2952.28   0.36754E-01   0.33919E-01   0.32468E-01
 2965.89   0.36228E-01   0.33398E-01   0.31969E-01
 2979.49   0.35713E-01   0.32887E-01   0.31479E-01
 2993.10   0.35206E-01   0.32385E-01   0.30998E-01
 3006.70   0.34707E-01   0.31891E-01   0.30526E-01
 3020.31   0.34214E-01   0.31404E-01   0.30059E-01
 3033.91   0.33739E-01   0.30934E-01   0.29610E-01
 3047.52   0.33264E-01   0.30466E-01   0.29162E-01
 3061.12   0.32799E-01   0.30007E-01   0.28724E-01
 3074.73   0.32341E-01   0.29557E-01   0.28293E-01
 3088.33   0.31892E-01   0.29115E-01   0.27871E-01
 3101.94   0.31451E-01   0.28681E-01   0.27456E-01
 3115.54   0.31016E-01   0.28254E-01   0.27049E-01
 3129.15   0.30588E-01   0.27834E-01   0.26648E-01
 3142.75   0.30171E-01   0.27424E-01   0.26258E-01
 3156.36   0.29757E-01   0.27019E-01   0.25871E-01
 3169.96   0.29350E-01   0.26621E-01   0.25492E-01
 3183.57   0.28949E-01   0.26230E-01   0.25119E-01
 3197.17   0.28556E-01   0.25846E-01   0.24753E-01
 3210.78   0.28170E-01   0.25468E-01   0.24394E-01
 3224.38   0.27790E-01   0.25098E-01   0.24042E-01
 3237.99   0.27415E-01   0.24734E-01   0.23695E-01
 3251.59   0.27048E-01   0.24377E-01   0.23355E-01
 3265.20   0.26686E-01   0.24024E-01   0.23020E-01
 3278.80   0.26329E-01   0.23678E-01   0.22691E-01
 3292.41   0.25978E-01   0.23338E-01   0.22368E-01
 3306.01   0.25632E-01   0.23003E-01   0.22050E-01
 3319.62   0.25293E-01   0.22674E-01   0.21738E-01
 3333.22   0.24958E-01   0.22351E-01   0.21431E-01
 3346.83   0.24630E-01   0.22034E-01   0.21130E-01
 3360.43   0.24307E-01   0.21722E-01   0.20834E-01
 3374.04   0.23988E-01   0.21415E-01   0.20543E-01
 3387.64   0.23674E-01   0.21113E-01   0.20257E-01
 3401.25   0.23365E-01   0.20816E-01   0.19975E-01
 3414.85   0.23060E-01   0.20523E-01   0.19698E-01
 3428.46   0.22760E-01   0.20236E-01   0.19426E-01
 3442.06   0.22465E-01   0.19953E-01   0.19158E-01
 3455.67   0.22174E-01   0.19674E-01   0.18894E-01
 3469.27   0.21890E-01   0.19402E-01   0.18637E-01
 3482.88   0.21608E-01   0.19133E-01   0.18382E-01
 3496.48   0.21331E-01   0.18869E-01   0.18132E-01
 3510.09   0.21058E-01   0.18609E-01   0.17886E-01
 3523.69   0.20788E-01   0.18353E-01   0.17644E-01
 3537.30   0.20523E-01   0.18100E-01   0.17406E-01
 3550.90   0.20261E-01   0.17852E-01   0.17171E-01
 3564.51   0.20002E-01   0.17607E-01   0.16939E-01
 3578.11   0.19748E-01   0.17366E-01   0.16712E-01
 3591.72   0.19501E-01   0.17132E-01   0.16491E-01
 3605.32   0.19255E-01   0.16900E-01   0.16272E-01
 3618.93   0.19012E-01   0.16671E-01   0.16056E-01
 3632.53   0.18774E-01   0.16446E-01   0.15844E-01
 3646.14   0.18538E-01   0.16225E-01   0.15635E-01
 3659.74   0.18306E-01   0.16006E-01   0.15429E-01
 3673.35   0.18076E-01   0.15791E-01   0.15226E-01
 3686.95   0.17848E-01   0.15577E-01   0.15024E-01
 3700.56   0.17633E-01   0.15375E-01   0.14835E-01
 3714.16   0.17411E-01   0.15168E-01   0.14639E-01
 3727.77   0.17195E-01   0.14966E-01   0.14449E-01
 3741.37   0.16983E-01   0.14768E-01   0.14262E-01
 3754.98   0.16773E-01   0.14573E-01   0.14078E-01
 3768.58   0.16567E-01   0.14381E-01   0.13898E-01
 3782.19   0.16363E-01   0.14191E-01   0.13719E-01
 3795.79   0.16161E-01   0.14004E-01   0.13543E-01
 3809.40   0.15961E-01   0.13819E-01   0.13369E-01
 3823.00   0.15771E-01   0.13642E-01   0.13203E-01
 3836.61   0.15576E-01   0.13463E-01   0.13034E-01
 3850.21   0.15386E-01   0.13287E-01   0.12868E-01
 3863.82   0.15198E-01   0.13114E-01   0.12706E-01
 3877.42   0.15014E-01   0.12944E-01   0.12546E-01
 3891.03   0.14832E-01   0.12777E-01   0.12389E-01
 3904.63   0.14652E-01   0.12612E-01   0.12234E-01
 3918.24   0.14474E-01   0.12449E-01   0.12080E-01
 3931.84   0.14297E-01   0.12287E-01   0.11928E-01
 3945.45   0.14129E-01   0.12133E-01   0.11784E-01
 3959.05   0.13958E-01   0.11977E-01   0.11637E-01
 3972.66   0.13789E-01   0.11823E-01   0.11493E-01
 3986.26   0.13624E-01   0.11672E-01   0.11351E-01
 3999.87   0.13460E-01   0.11524E-01   0.11211E-01
 4013.47   0.13299E-01   0.11378E-01   0.11074E-01
 4027.08   0.13141E-01   0.11234E-01   0.10939E-01
 4040.68   0.12984E-01   0.11092E-01   0.10806E-01
 4054.29   0.12828E-01   0.10951E-01   0.10673E-01
 4067.89   0.12678E-01   0.10815E-01   0.10546E-01
 4081.50   0.12527E-01   0.10679E-01   0.10418E-01
 4095.10   0.12378E-01   0.10545E-01   0.10292E-01
 4108.71   0.12230E-01   0.10412E-01   0.10168E-01
 4122.31   0.12085E-01   0.10282E-01   0.10045E-01
 4135.92   0.11942E-01   0.10154E-01   0.99251E-02
 4149.52   0.11802E-01   0.10028E-01   0.98067E-02
 4163.13   0.11663E-01   0.99034E-02   0.96902E-02
 4176.73   0.11525E-01   0.97808E-02   0.95751E-02
 4190.34   0.11391E-01   0.96607E-02   0.94625E-02
 4203.94   0.11257E-01   0.95416E-02   0.93506E-02
 4217.55   0.11125E-01   0.94239E-02   0.92402E-02
 4231.15   0.10994E-01   0.93078E-02   0.91312E-02
 4244.76   0.10865E-01   0.91933E-02   0.90237E-02
 4258.36   0.10737E-01   0.90805E-02   0.89178E-02
 4271.97   0.10612E-01   0.89694E-02   0.88136E-02
 4285.57   0.10488E-01   0.88601E-02   0.87110E-02
 4299.18   0.10366E-01   0.87524E-02   0.86099E-02
 4312.78   0.10246E-01   0.86467E-02   0.85107E-02
 4326.39   0.10127E-01   0.85421E-02   0.84126E-02
 4339.99   0.10009E-01   0.84390E-02   0.83158E-02
 4353.60   0.98930E-02   0.83371E-02   0.82201E-02
 4367.20   0.97780E-02   0.82364E-02   0.81256E-02
 4380.81   0.96643E-02   0.81370E-02   0.80323E-02
 4394.41   0.95519E-02   0.80390E-02   0.79402E-02
 4408.02   0.94410E-02   0.79423E-02   0.78494E-02
 4421.62   0.93313E-02   0.78468E-02   0.77597E-02
 4435.23   0.92247E-02   0.77541E-02   0.76727E-02
 4448.83   0.91189E-02   0.76623E-02   0.75865E-02
 4462.44   0.90140E-02   0.75713E-02   0.75011E-02
 4476.04   0.89104E-02   0.74817E-02   0.74169E-02
 4489.65   0.88080E-02   0.73932E-02   0.73337E-02
 4503.25   0.87067E-02   0.73057E-02   0.72515E-02
 4516.86   0.86063E-02   0.72192E-02   0.71703E-02
 4530.46   0.85070E-02   0.71337E-02   0.70899E-02
 4544.07   0.84085E-02   0.70491E-02   0.70103E-02
 4557.67   0.83117E-02   0.69660E-02   0.69322E-02
 4571.28   0.82196E-02   0.68870E-02   0.68581E-02
 4584.88   0.81246E-02   0.68058E-02   0.67816E-02
 4598.49   0.80317E-02   0.67264E-02   0.67069E-02
 4612.09   0.79401E-02   0.66482E-02   0.66334E-02
 4625.70   0.78496E-02   0.65711E-02   0.65609E-02
 4639.30   0.77600E-02   0.64949E-02   0.64892E-02
 4652.91   0.76713E-02   0.64195E-02   0.64182E-02
 4666.51   0.75833E-02   0.63448E-02   0.63478E-02
 4680.12   0.74953E-02   0.62703E-02   0.62776E-02
 4693.72   0.74079E-02   0.61963E-02   0.62078E-02
 4707.33   0.73290E-02   0.61296E-02   0.61452E-02
 4720.93   0.72447E-02   0.60584E-02   0.60782E-02
 4734.54   0.71622E-02   0.59889E-02   0.60126E-02
 4748.14   0.70809E-02   0.59205E-02   0.59481E-02
 4761.75   0.70007E-02   0.58531E-02   0.58846E-02
 4775.35   0.69214E-02   0.57865E-02   0.58219E-02
 4788.96   0.68429E-02   0.57207E-02   0.57598E-02
 4802.56   0.67649E-02   0.56554E-02   0.56982E-02
 4816.17   0.66864E-02   0.55898E-02   0.56361E-02
 4829.77   0.66191E-02   0.55337E-02   0.55836E-02
 4843.38   0.65395E-02   0.54672E-02   0.55206E-02
 4856.98   0.64646E-02   0.54049E-02   0.54617E-02
 4870.59   0.63911E-02   0.53438E-02   0.54040E-02
 4884.19   0.63188E-02   0.52838E-02   0.53472E-02
 4897.80   0.62475E-02   0.52247E-02   0.52913E-02
 4911.40   0.61772E-02   0.51664E-02   0.52363E-02
 4925.01   0.61076E-02   0.51089E-02   0.51819E-02
 4938.61   0.60386E-02   0.50519E-02   0.51279E-02
 4952.22   0.59692E-02   0.49945E-02   0.50736E-02
 4965.82   0.59073E-02   0.49437E-02   0.50258E-02
 4979.43   0.58382E-02   0.48868E-02   0.49717E-02
 4993.03   0.57717E-02   0.48321E-02   0.49199E-02
 5006.64   0.57063E-02   0.47784E-02   0.48689E-02
 5020.24   0.56418E-02   0.47255E-02   0.48188E-02
 5033.85   0.55782E-02   0.46735E-02   0.47694E-02
 5047.45   0.55155E-02   0.46222E-02   0.47208E-02
 5061.06   0.54536E-02   0.45717E-02   0.46728E-02
 5074.66   0.53925E-02   0.45218E-02   0.46255E-02
 5088.27   0.53316E-02   0.44722E-02   0.45784E-02
 5101.87   0.52743E-02   0.44258E-02   0.45344E-02
 5115.48   0.52139E-02   0.43766E-02   0.44876E-02
 5129.08   0.51550E-02   0.43288E-02   0.44421E-02
 5142.69   0.50968E-02   0.42816E-02   0.43971E-02
 5156.29   0.50392E-02   0.42350E-02   0.43527E-02
 5169.90   0.49824E-02   0.41890E-02   0.43089E-02
 5183.50   0.49263E-02   0.41437E-02   0.42658E-02
 5197.11   0.48710E-02   0.40991E-02   0.42233E-02
 5210.71   0.48165E-02   0.40552E-02   0.41814E-02
 5224.32   0.47627E-02   0.40119E-02   0.41402E-02
 5237.92   0.47092E-02   0.39690E-02   0.40992E-02
 5251.53   0.46572E-02   0.39272E-02   0.40593E-02
 5265.13   0.46051E-02   0.38854E-02   0.40194E-02
 5278.74   0.45534E-02   0.38440E-02   0.39798E-02
 5292.34   0.45022E-02   0.38030E-02   0.39406E-02
 5305.95   0.44515E-02   0.37624E-02   0.39018E-02
 5319.55   0.44013E-02   0.37224E-02   0.38634E-02
 5333.16   0.43518E-02   0.36829E-02   0.38256E-02
 5346.76   0.43029E-02   0.36439E-02   0.37882E-02
 5360.37   0.42547E-02   0.36056E-02   0.37515E-02
 5373.97   0.42073E-02   0.35680E-02   0.37154E-02
 5387.58   0.41607E-02   0.35309E-02   0.36799E-02
 5401.18   0.41143E-02   0.34941E-02   0.36446E-02
 5414.79   0.40683E-02   0.34577E-02   0.36096E-02
 5428.39   0.40229E-02   0.34217E-02   0.35750E-02
 5442.00   0.39777E-02   0.33860E-02   0.35407E-02
 5455.60   0.39330E-02   0.33507E-02   0.35067E-02
 5469.21   0.38887E-02   0.33157E-02   0.34729E-02
 5482.81   0.38448E-02   0.32811E-02   0.34396E-02
 5496.42   0.38014E-02   0.32468E-02   0.34066E-02
 5510.02   0.37581E-02   0.32127E-02   0.33736E-02
 5523.63   0.37191E-02   0.31822E-02   0.33443E-02
 5537.23   0.36762E-02   0.31484E-02   0.33116E-02
 5550.84   0.36350E-02   0.31162E-02   0.32805E-02
 5564.44   0.35945E-02   0.30844E-02   0.32498E-02
 5578.05   0.35543E-02   0.30530E-02   0.32194E-02
 5591.65   0.35146E-02   0.30219E-02   0.31893E-02
 5605.26   0.34751E-02   0.29910E-02   0.31594E-02
 5618.86   0.34359E-02   0.29604E-02   0.31296E-02
 5632.47   0.33971E-02   0.29300E-02   0.31001E-02
 5646.07   0.33583E-02   0.28997E-02   0.30707E-02
 5659.68   0.33204E-02   0.28702E-02   0.30420E-02
 5673.28   0.32859E-02   0.28435E-02   0.30163E-02
 5686.89   0.32482E-02   0.28141E-02   0.29876E-02
 5700.49   0.32116E-02   0.27857E-02   0.29599E-02
 5714.10   0.31757E-02   0.27578E-02   0.29328E-02
 5727.70   0.31403E-02   0.27303E-02   0.29060E-02
 5741.31   0.31052E-02   0.27032E-02   0.28795E-02
 5754.91   0.30704E-02   0.26762E-02   0.28532E-02
 5768.52   0.30359E-02   0.26494E-02   0.28271E-02
 5782.12   0.30015E-02   0.26228E-02   0.28010E-02
 5795.73   0.29668E-02   0.25959E-02   0.27746E-02
 5809.33   0.29328E-02   0.25695E-02   0.27487E-02
 5822.94   0.29034E-02   0.25472E-02   0.27271E-02
 5836.54   0.28699E-02   0.25213E-02   0.27017E-02
 5850.15   0.28375E-02   0.24962E-02   0.26770E-02
 5863.75   0.28056E-02   0.24717E-02   0.26529E-02
 5877.36   0.27742E-02   0.24475E-02   0.26292E-02
 5890.96   0.27432E-02   0.24237E-02   0.26058E-02
 5904.57   0.27125E-02   0.24001E-02   0.25826E-02
 5918.17   0.26820E-02   0.23767E-02   0.25596E-02
 5931.78   0.26517E-02   0.23534E-02   0.25366E-02
 5945.38   0.26211E-02   0.23297E-02   0.25131E-02
 5958.99   0.25906E-02   0.23062E-02   0.24898E-02
 5972.59   0.25650E-02   0.22871E-02   0.24713E-02
 5986.20   0.25354E-02   0.22643E-02   0.24487E-02
 5999.80   0.25066E-02   0.22422E-02   0.24267E-02
 6013.41   0.24783E-02   0.22205E-02   0.24052E-02
 6027.01   0.24504E-02   0.21991E-02   0.23841E-02
 6040.62   0.24229E-02   0.21782E-02   0.23632E-02
 6054.22   0.23958E-02   0.21575E-02   0.23427E-02
 6067.83   0.23689E-02   0.21370E-02   0.23224E-02
 6081.43   0.23423E-02   0.21167E-02   0.23022E-02
 6095.04   0.23156E-02   0.20962E-02   0.22817E-02
 6108.64   0.22888E-02   0.20756E-02   0.22612E-02
 6122.25   0.22654E-02   0.20582E-02   0.22441E-02
 6135.85   0.22395E-02   0.20383E-02   0.22241E-02
 6149.46   0.22140E-02   0.20188E-02   0.22046E-02
 6163.06   0.21889E-02   0.19996E-02   0.21854E-02
 6176.67   0.21641E-02   0.19807E-02   0.21665E-02
 6190.27   0.21397E-02   0.19622E-02   0.21479E-02
 6203.88   0.21156E-02   0.19439E-02   0.21295E-02
 6217.48   0.20918E-02   0.19258E-02   0.21115E-02
 6231.09   0.20684E-02   0.19081E-02   0.20936E-02
 6244.69   0.20451E-02   0.18904E-02   0.20759E-02
 6258.30   0.20219E-02   0.18727E-02   0.20580E-02
 6271.90   0.20002E-02   0.18564E-02   0.20417E-02
 6285.51   0.19775E-02   0.18391E-02   0.20243E-02
 6299.11   0.19551E-02   0.18220E-02   0.20070E-02
 6312.72   0.19329E-02   0.18052E-02   0.19899E-02
 6326.32   0.19110E-02   0.17884E-02   0.19730E-02
 6339.93   0.18893E-02   0.17719E-02   0.19563E-02
 6353.53   0.18679E-02   0.17557E-02   0.19398E-02
 6367.14   0.18468E-02   0.17397E-02   0.19236E-02
 6380.74   0.18260E-02   0.17239E-02   0.19076E-02
 6394.35   0.18054E-02   0.17084E-02   0.18919E-02
 6407.95   0.17852E-02   0.16931E-02   0.18763E-02
 6421.56   0.17655E-02   0.16781E-02   0.18610E-02
 6435.16   0.17456E-02   0.16631E-02   0.18457E-02
 6448.77   0.17259E-02   0.16482E-02   0.18306E-02
 6462.37   0.17064E-02   0.16334E-02   0.18155E-02
 6475.98   0.16871E-02   0.16187E-02   0.18004E-02
 6489.58   0.16679E-02   0.16041E-02   0.17855E-02
 6503.19   0.16489E-02   0.15897E-02   0.17707E-02
 6516.79   0.16302E-02   0.15754E-02   0.17560E-02
 6530.40   0.16116E-02   0.15613E-02   0.17415E-02
 6544.00   0.15933E-02   0.15474E-02   0.17273E-02
 6557.61   0.15751E-02   0.15337E-02   0.17132E-02
 6571.21   0.15574E-02   0.15205E-02   0.16996E-02
 6584.82   0.15405E-02   0.15074E-02   0.16861E-02
 6598.42   0.15231E-02   0.14943E-02   0.16726E-02
 6612.03   0.15060E-02   0.14813E-02   0.16592E-02
 6625.63   0.14890E-02   0.14685E-02   0.16459E-02
 6639.24   0.14721E-02   0.14557E-02   0.16327E-02
 6652.84   0.14554E-02   0.14429E-02   0.16195E-02
 6666.45   0.14388E-02   0.14303E-02   0.16063E-02
 6680.05   0.14224E-02   0.14177E-02   0.15933E-02
 6693.66   0.14061E-02   0.14053E-02   0.15803E-02
 6707.26   0.13899E-02   0.13929E-02   0.15674E-02
 6720.87   0.13742E-02   0.13810E-02   0.15550E-02
 6734.47   0.13599E-02   0.13703E-02   0.15440E-02
 6748.08   0.13440E-02   0.13582E-02   0.15313E-02
 6761.68   0.13287E-02   0.13466E-02   0.15192E-02
 6775.29   0.13137E-02   0.13353E-02   0.15073E-02
 6788.89   0.12989E-02   0.13240E-02   0.14955E-02
 6802.50   0.12842E-02   0.13129E-02   0.14838E-02
 6816.10   0.12696E-02   0.13018E-02   0.14721E-02
 6829.71   0.12552E-02   0.12907E-02   0.14605E-02
 6843.31   0.12408E-02   0.12797E-02   0.14488E-02
 6856.92   0.12265E-02   0.12686E-02   0.14372E-02
 6870.52   0.12121E-02   0.12574E-02   0.14252E-02
 6884.13   0.11982E-02   0.12468E-02   0.14141E-02
 6897.73   0.11863E-02   0.12383E-02   0.14052E-02
 6911.34   0.11724E-02   0.12275E-02   0.13937E-02
 6924.94   0.11590E-02   0.12172E-02   0.13828E-02
 6938.55   0.11458E-02   0.12072E-02   0.13721E-02
 6952.15   0.11328E-02   0.11973E-02   0.13616E-02
 6965.76   0.11200E-02   0.11875E-02   0.13512E-02
 6979.36   0.11073E-02   0.11778E-02   0.13409E-02
 6992.97   0.10948E-02   0.11682E-02   0.13306E-02
 7006.57   0.10822E-02   0.11585E-02   0.13203E-02
 7020.18   0.10697E-02   0.11488E-02   0.13099E-02
 7033.78   0.10570E-02   0.11386E-02   0.12989E-02
 7047.39   0.10447E-02   0.11291E-02   0.12886E-02
 7060.99   0.10347E-02   0.11224E-02   0.12816E-02
 7074.60   0.10226E-02   0.11128E-02   0.12712E-02
 7088.20   0.10108E-02   0.11036E-02   0.12613E-02
 7101.81   0.99923E-03   0.10947E-02   0.12517E-02
 7115.41   0.98786E-03   0.10859E-02   0.12423E-02
 7129.02   0.97666E-03   0.10773E-02   0.12330E-02
 7142.62   0.96560E-03   0.10688E-02   0.12238E-02
 7156.23   0.95465E-03   0.10604E-02   0.12147E-02
 7169.83   0.94379E-03   0.10520E-02   0.12056E-02
 7183.44   0.93295E-03   0.10436E-02   0.11964E-02
 7197.04   0.92188E-03   0.10347E-02   0.11867E-02
 7210.65   0.91112E-03   0.10261E-02   0.11773E-02
 7224.25   0.90237E-03   0.10203E-02   0.11711E-02
 7237.86   0.89177E-03   0.10118E-02   0.11618E-02
 7251.46   0.88147E-03   0.10037E-02   0.11529E-02
 7265.07   0.87135E-03   0.99574E-03   0.11442E-02
 7278.67   0.86139E-03   0.98795E-03   0.11357E-02
 7292.28   0.85157E-03   0.98031E-03   0.11273E-02
 7305.88   0.84190E-03   0.97280E-03   0.11190E-02
 7319.49   0.83235E-03   0.96541E-03   0.11109E-02
 7333.09   0.82290E-03   0.95808E-03   0.11028E-02
 7346.70   0.81352E-03   0.95078E-03   0.10948E-02
 7360.30   0.80406E-03   0.94330E-03   0.10865E-02
 7373.91   0.79477E-03   0.93584E-03   0.10782E-02
 7387.51   0.78677E-03   0.93016E-03   0.10720E-02
 7401.12   0.77759E-03   0.92280E-03   0.10638E-02
 7414.72   0.76863E-03   0.91565E-03   0.10559E-02
 7428.33   0.75980E-03   0.90860E-03   0.10480E-02
 7441.93   0.75108E-03   0.90166E-03   0.10403E-02
 7455.54   0.74248E-03   0.89483E-03   0.10327E-02
 7469.14   0.73400E-03   0.88812E-03   0.10252E-02
 7482.75   0.72564E-03   0.88154E-03   0.10178E-02
 7496.35   0.71739E-03   0.87507E-03   0.10106E-02
 7509.96   0.70923E-03   0.86869E-03   0.10034E-02
 7523.56   0.70110E-03   0.86235E-03   0.99632E-03
 7537.17   0.69311E-03   0.85600E-03   0.98917E-03
 7550.77   0.68587E-03   0.85027E-03   0.98275E-03
 7564.38   0.67791E-03   0.84399E-03   0.97566E-03
 7577.98   0.67014E-03   0.83779E-03   0.96866E-03
 7591.59   0.66247E-03   0.83163E-03   0.96168E-03
 7605.19   0.65488E-03   0.82550E-03   0.95474E-03
 7618.80   0.64737E-03   0.81942E-03   0.94785E-03
 7632.40   0.63995E-03   0.81341E-03   0.94103E-03
 7646.01   0.63263E-03   0.80750E-03   0.93430E-03
 7659.61   0.62539E-03   0.80169E-03   0.92769E-03
 7673.22   0.61825E-03   0.79599E-03   0.92119E-03
 7686.82   0.61117E-03   0.79040E-03   0.91480E-03
 7700.43   0.60394E-03   0.78488E-03   0.90849E-03
 7714.03   0.59806E-03   0.77950E-03   0.90234E-03
 7727.64   0.59096E-03   0.77410E-03   0.89615E-03
 7741.24   0.58420E-03   0.76875E-03   0.89000E-03
 7754.85   0.57754E-03   0.76340E-03   0.88385E-03
 7768.45   0.57095E-03   0.75806E-03   0.87770E-03
 7782.06   0.56442E-03   0.75273E-03   0.87155E-03
 7795.66   0.55796E-03   0.74741E-03   0.86541E-03
 7809.27   0.55156E-03   0.74212E-03   0.85929E-03
 7822.87   0.54523E-03   0.73689E-03   0.85323E-03
 7836.48   0.53897E-03   0.73172E-03   0.84724E-03
 7850.08   0.53277E-03   0.72663E-03   0.84133E-03
 7863.69   0.52655E-03   0.72159E-03   0.83546E-03
 7877.29   0.52061E-03   0.71687E-03   0.82997E-03
 7890.90   0.51527E-03   0.71232E-03   0.82466E-03
 7904.50   0.50926E-03   0.70749E-03   0.81902E-03
 7918.11   0.50344E-03   0.70279E-03   0.81351E-03
 7931.71   0.49770E-03   0.69813E-03   0.80806E-03
 7945.32   0.49203E-03   0.69349E-03   0.80261E-03
 7958.92   0.48642E-03   0.68885E-03   0.79716E-03
 7972.53   0.48086E-03   0.68421E-03   0.79169E-03
 7986.13   0.47534E-03   0.67956E-03   0.78622E-03
 7999.74   0.46988E-03   0.67493E-03   0.78076E-03
 8013.34   0.46446E-03   0.67031E-03   0.77530E-03
 8026.95   0.45906E-03   0.66568E-03   0.76984E-03
 8040.55   0.45351E-03   0.66083E-03   0.76410E-03
 8054.16   0.44838E-03   0.65676E-03   0.75926E-03
 8067.76   0.44403E-03   0.65341E-03   0.75525E-03
 8081.37   0.43884E-03   0.64903E-03   0.75003E-03
 8094.97   0.43380E-03   0.64483E-03   0.74504E-03
 8108.58   0.42884E-03   0.64073E-03   0.74013E-03
 8122.18   0.42395E-03   0.63667E-03   0.73528E-03
 8135.79   0.41911E-03   0.63263E-03   0.73043E-03
 8149.39   0.41432E-03   0.62859E-03   0.72559E-03
 8163.00   0.40957E-03   0.62454E-03   0.72072E-03
 8176.60   0.40486E-03   0.62046E-03   0.71582E-03
 8190.21   0.40017E-03   0.61634E-03   0.71088E-03
 8203.81   0.39548E-03   0.61212E-03   0.70580E-03
 8217.42   0.39047E-03   0.60712E-03   0.69984E-03
 8231.02   0.38761E-03   0.60691E-03   0.69935E-03
 8244.63   0.38255E-03   0.60164E-03   0.69307E-03
 8258.23   0.37806E-03   0.59763E-03   0.68822E-03
 8271.84   0.37369E-03   0.59384E-03   0.68362E-03
 8285.44   0.36940E-03   0.59017E-03   0.67916E-03
 8299.05   0.36517E-03   0.58658E-03   0.67478E-03
 8312.65   0.36098E-03   0.58304E-03   0.67045E-03
 8326.26   0.35685E-03   0.57952E-03   0.66614E-03
 8339.86   0.35275E-03   0.57600E-03   0.66183E-03
 8353.47   0.34869E-03   0.57245E-03   0.65749E-03
 8367.07   0.34465E-03   0.56884E-03   0.65307E-03
 8380.68   0.34059E-03   0.56508E-03   0.64847E-03
 8394.28   0.33619E-03   0.56023E-03   0.64263E-03
 8407.89   0.33374E-03   0.56075E-03   0.64291E-03
 8421.49   0.32944E-03   0.55600E-03   0.63719E-03
 8435.10   0.32555E-03   0.55235E-03   0.63270E-03
 8448.70   0.32177E-03   0.54891E-03   0.62846E-03
 8462.31   0.31804E-03   0.54559E-03   0.62435E-03
 8475.91   0.31437E-03   0.54237E-03   0.62035E-03
 8489.52   0.31075E-03   0.53921E-03   0.61642E-03
 8503.12   0.30717E-03   0.53611E-03   0.61255E-03
 8516.73   0.30362E-03   0.53304E-03   0.60871E-03
 8530.33   0.30011E-03   0.52997E-03   0.60487E-03
 8543.94   0.29663E-03   0.52687E-03   0.60100E-03
 8557.54   0.29313E-03   0.52365E-03   0.59698E-03
 8571.15   0.28941E-03   0.51972E-03   0.59216E-03
 8584.75   0.28724E-03   0.51987E-03   0.59197E-03
 8598.36   0.28347E-03   0.51558E-03   0.58673E-03
 8611.96   0.28011E-03   0.51232E-03   0.58268E-03
 8625.57   0.27683E-03   0.50923E-03   0.57880E-03
 8639.17   0.27361E-03   0.50623E-03   0.57502E-03
 8652.78   0.27042E-03   0.50330E-03   0.57132E-03
 8666.38   0.26728E-03   0.50044E-03   0.56771E-03
 8679.99   0.26417E-03   0.49765E-03   0.56417E-03
 8693.59   0.26110E-03   0.49492E-03   0.56069E-03
 8707.20   0.25805E-03   0.49224E-03   0.55726E-03
 8720.80   0.25504E-03   0.48957E-03   0.55385E-03
 8734.41   0.25202E-03   0.48687E-03   0.55040E-03
 8748.01   0.24890E-03   0.48396E-03   0.54671E-03
 8761.62   0.24603E-03   0.48113E-03   0.54313E-03
 8775.22   0.24366E-03   0.47955E-03   0.54094E-03
 8788.83   0.24073E-03   0.47675E-03   0.53738E-03
 8802.43   0.23789E-03   0.47404E-03   0.53392E-03
 8816.04   0.23509E-03   0.47137E-03   0.53049E-03
 8829.64   0.23233E-03   0.46872E-03   0.52711E-03
 8843.25   0.22960E-03   0.46613E-03   0.52377E-03
 8856.85   0.22690E-03   0.46358E-03   0.52049E-03
 8870.46   0.22423E-03   0.46110E-03   0.51728E-03
 8884.06   0.22159E-03   0.45867E-03   0.51413E-03
 8897.67   0.21897E-03   0.45630E-03   0.51104E-03
 8911.27   0.21636E-03   0.45397E-03   0.50800E-03
 8924.88   0.21371E-03   0.45165E-03   0.50496E-03
 8938.48   0.21122E-03   0.44929E-03   0.50189E-03
 8952.09   0.20915E-03   0.44728E-03   0.49921E-03
 8965.69   0.20656E-03   0.44495E-03   0.49617E-03
 8979.30   0.20409E-03   0.44265E-03   0.49315E-03
 8992.90   0.20165E-03   0.44033E-03   0.49012E-03
 9006.51   0.19925E-03   0.43801E-03   0.48708E-03
 9020.11   0.19688E-03   0.43568E-03   0.48405E-03
 9033.72   0.19454E-03   0.43338E-03   0.48103E-03
 9047.32   0.19222E-03   0.43110E-03   0.47805E-03
 9060.93   0.18992E-03   0.42886E-03   0.47511E-03
 9074.53   0.18765E-03   0.42667E-03   0.47223E-03
 9088.14   0.18538E-03   0.42454E-03   0.46941E-03
 9101.74   0.18312E-03   0.42246E-03   0.46664E-03
 9115.35   0.18067E-03   0.42041E-03   0.46390E-03
 9128.95   0.17934E-03   0.41847E-03   0.46133E-03
 9142.56   0.17689E-03   0.41647E-03   0.45863E-03
 9156.16   0.17471E-03   0.41450E-03   0.45598E-03
 9169.77   0.17259E-03   0.41251E-03   0.45332E-03
 9183.37   0.17050E-03   0.41052E-03   0.45065E-03
 9196.98   0.16844E-03   0.40850E-03   0.44796E-03
 9210.58   0.16640E-03   0.40647E-03   0.44526E-03
 9224.19   0.16438E-03   0.40443E-03   0.44254E-03
 9237.79   0.16238E-03   0.40239E-03   0.43983E-03
 9251.40   0.16041E-03   0.40036E-03   0.43713E-03
 9265.00   0.15845E-03   0.39836E-03   0.43446E-03
 9278.61   0.15649E-03   0.39638E-03   0.43182E-03
 9292.21   0.15451E-03   0.39440E-03   0.42917E-03
 9305.82   0.15265E-03   0.39272E-03   0.42685E-03
 9319.42   0.15115E-03   0.39125E-03   0.42477E-03
 9333.03   0.14918E-03   0.38932E-03   0.42219E-03
 9346.63   0.14732E-03   0.38754E-03   0.41976E-03
 9360.24   0.14549E-03   0.38579E-03   0.41737E-03
 9373.84   0.14369E-03   0.38405E-03   0.41499E-03
 9387.45   0.14192E-03   0.38231E-03   0.41261E-03
 9401.05   0.14016E-03   0.38054E-03   0.41020E-03
 9414.66   0.13842E-03   0.37875E-03   0.40778E-03
 9428.26   0.13671E-03   0.37694E-03   0.40533E-03
 9441.87   0.13501E-03   0.37511E-03   0.40287E-03
 9455.47   0.13332E-03   0.37327E-03   0.40039E-03
 9469.08   0.13163E-03   0.37139E-03   0.39788E-03
 9482.68   0.12991E-03   0.36932E-03   0.39517E-03
 9496.29   0.12831E-03   0.36791E-03   0.39316E-03
 9509.89   0.12701E-03   0.36719E-03   0.39187E-03
 9523.50   0.12535E-03   0.36529E-03   0.38934E-03
 9537.10   0.12375E-03   0.36362E-03   0.38706E-03
 9550.71   0.12219E-03   0.36203E-03   0.38487E-03
 9564.31   0.12064E-03   0.36048E-03   0.38271E-03
 9577.92   0.11911E-03   0.35895E-03   0.38058E-03
 9591.52   0.11760E-03   0.35741E-03   0.37844E-03
 9605.13   0.11611E-03   0.35586E-03   0.37629E-03
 9618.73   0.11463E-03   0.35428E-03   0.37411E-03
 9632.34   0.11317E-03   0.35266E-03   0.37189E-03
 9645.94   0.11172E-03   0.35099E-03   0.36963E-03
 9659.55   0.11027E-03   0.34923E-03   0.36727E-03
 9673.15   0.10878E-03   0.34707E-03   0.36450E-03
 9686.76   0.10743E-03   0.34582E-03   0.36267E-03
 9700.36   0.10630E-03   0.34581E-03   0.36214E-03
 9713.97   0.10489E-03   0.34394E-03   0.35968E-03
 9727.57   0.10352E-03   0.34235E-03   0.35751E-03
 9741.18   0.10218E-03   0.34086E-03   0.35545E-03
 9754.78   0.10086E-03   0.33943E-03   0.35345E-03
 9768.39   0.99555E-04   0.33805E-03   0.35150E-03
 9781.99   0.98263E-04   0.33669E-03   0.34958E-03
 9795.60   0.96987E-04   0.33534E-03   0.34766E-03
 9809.20   0.95723E-04   0.33397E-03   0.34573E-03
 9822.81   0.94472E-04   0.33257E-03   0.34378E-03
 9836.41   0.93231E-04   0.33112E-03   0.34177E-03
 9850.02   0.91992E-04   0.32956E-03   0.33965E-03
 9863.62   0.90712E-04   0.32759E-03   0.33712E-03
 9877.23   0.89563E-04   0.32634E-03   0.33533E-03
 9890.83   0.88621E-04   0.32667E-03   0.33515E-03
 9904.44   0.87409E-04   0.32488E-03   0.33281E-03
 9918.04   0.86245E-04   0.32337E-03   0.33075E-03
 9931.65   0.85104E-04   0.32196E-03   0.32880E-03
 9945.25   0.83981E-04   0.32061E-03   0.32693E-03
 9958.86   0.82872E-04   0.31932E-03   0.32511E-03
 9972.46   0.81777E-04   0.31808E-03   0.32333E-03
 9986.07   0.80695E-04   0.31686E-03   0.32159E-03
 9999.67   0.79626E-04   0.31566E-03   0.31987E-03
