   13.60   0.29625E+01   0.29792E+01   0.26974E+01
   27.21   0.59963E+00   0.60280E+00   0.55152E+00
   40.81   0.22385E+00   0.22499E+00   0.21064E+00
   54.42   0.11698E+00   0.11746E+00   0.11321E+00
   68.02   0.75714E-01   0.75932E-01   0.75084E-01
   81.63   0.55515E-01   0.55698E-01   0.56118E-01
   95.23   0.44005E-01   0.44125E-01   0.45044E-01
  108.84   0.36769E-01   0.36827E-01   0.37928E-01
  122.44   0.31768E-01   0.31865E-01   0.33012E-01
  136.05   0.28262E-01   0.28292E-01   0.29421E-01
  149.65   0.25493E-01   0.25571E-01   0.26656E-01
  163.26   0.23370E-01   0.23391E-01   0.24421E-01
  176.86   0.21511E-01   0.21581E-01   0.22553E-01
  190.47   0.20008E-01   0.20026E-01   0.20940E-01
  204.07   0.18602E-01   0.18666E-01   0.19524E-01
  217.68   0.17427E-01   0.17452E-01   0.18256E-01
  231.28   0.16313E-01   0.16363E-01   0.17116E-01
  244.89   0.15327E-01   0.15378E-01   0.16083E-01
  258.49   0.14455E-01   0.14485E-01   0.15147E-01
  272.10   0.13605E-01   0.13674E-01   0.14295E-01
  285.70   0.12902E-01   0.12937E-01   0.13521E-01
  299.31   0.12210E-01   0.12264E-01   0.12814E-01
  312.91   0.11578E-01   0.11645E-01   0.12164E-01
  326.52   0.11042E-01   0.11080E-01   0.11570E-01
  340.12   0.10491E-01   0.10559E-01   0.11023E-01
  353.73   0.10014E-01   0.10081E-01   0.10519E-01
  367.33   0.95950E-02   0.96394E-02   0.10056E-01
  380.94   0.91560E-02   0.92292E-02   0.96251E-02
  394.54   0.87781E-02   0.88497E-02   0.92257E-02
  408.15   0.84467E-02   0.84972E-02   0.88556E-02
  421.75   0.80881E-02   0.81624E-02   0.85042E-02
  435.36   0.77707E-02   0.78499E-02   0.81756E-02
  448.96   0.75001E-02   0.75562E-02   0.78673E-02
  462.57   0.72049E-02   0.72743E-02   0.75718E-02
  476.17   0.69250E-02   0.70094E-02   0.72938E-02
  489.78   0.66942E-02   0.67586E-02   0.70306E-02
  503.38   0.64571E-02   0.65190E-02   0.67798E-02
  516.99   0.62100E-02   0.62932E-02   0.65432E-02
  530.59   0.60017E-02   0.60791E-02   0.63185E-02
  544.20   0.58147E-02   0.58753E-02   0.61053E-02
  557.80   0.56096E-02   0.56824E-02   0.59035E-02
  571.41   0.54143E-02   0.54997E-02   0.57119E-02
  585.01   0.52548E-02   0.53254E-02   0.55294E-02
  598.62   0.50973E-02   0.51596E-02   0.53561E-02
  612.22   0.49243E-02   0.50022E-02   0.51914E-02
  625.83   0.47700E-02   0.48532E-02   0.50352E-02
  639.43   0.46420E-02   0.47097E-02   0.48850E-02
  653.04   0.45096E-02   0.45734E-02   0.47427E-02
  666.64   0.43654E-02   0.44439E-02   0.46073E-02
  680.25   0.42385E-02   0.43199E-02   0.44774E-02
  693.85   0.41352E-02   0.42025E-02   0.43546E-02
  707.46   0.40256E-02   0.40896E-02   0.42367E-02
  721.06   0.39046E-02   0.39818E-02   0.41240E-02
  734.67   0.37966E-02   0.38781E-02   0.40155E-02
  748.27   0.37097E-02   0.37791E-02   0.39120E-02
  761.88   0.36199E-02   0.36835E-02   0.38122E-02
  775.48   0.35174E-02   0.35915E-02   0.37161E-02
  789.09   0.34211E-02   0.35028E-02   0.36233E-02
  802.69   0.33443E-02   0.34176E-02   0.35342E-02
  816.30   0.32710E-02   0.33352E-02   0.34482E-02
  829.90   0.31858E-02   0.32555E-02   0.33651E-02
  843.51   0.30986E-02   0.31787E-02   0.32849E-02
  857.11   0.30268E-02   0.31049E-02   0.32077E-02
  870.72   0.29662E-02   0.30336E-02   0.31332E-02
  884.32   0.28990E-02   0.29646E-02   0.30612E-02
  897.93   0.28229E-02   0.28979E-02   0.29917E-02
  911.53   0.27534E-02   0.28337E-02   0.29246E-02
  925.14   0.26985E-02   0.27718E-02   0.28599E-02
  938.74   0.26469E-02   0.27118E-02   0.27974E-02
  952.35   0.25862E-02   0.26539E-02   0.27370E-02
  965.95   0.25210E-02   0.25976E-02   0.26782E-02
  979.56   0.24653E-02   0.25434E-02   0.26216E-02
  993.16   0.24211E-02   0.24910E-02   0.25669E-02
 1006.77   0.23764E-02   0.24404E-02   0.25141E-02
 1020.37   0.23226E-02   0.23909E-02   0.24625E-02
 1033.98   0.22674E-02   0.23434E-02   0.24129E-02
 1047.58   0.22215E-02   0.22974E-02   0.23649E-02
 1061.19   0.21849E-02   0.22528E-02   0.23184E-02
 1074.79   0.21470E-02   0.22098E-02   0.22735E-02
 1088.40   0.21006E-02   0.21675E-02   0.22295E-02
 1102.00   0.20530E-02   0.21270E-02   0.21872E-02
 1115.61   0.20134E-02   0.20876E-02   0.21460E-02
 1129.21   0.19821E-02   0.20494E-02   0.21061E-02
 1142.82   0.19499E-02   0.20119E-02   0.20671E-02
 1156.42   0.19111E-02   0.19758E-02   0.20295E-02
 1170.03   0.18693E-02   0.19406E-02   0.19928E-02
 1183.63   0.18335E-02   0.19064E-02   0.19571E-02
 1197.24   0.18058E-02   0.18730E-02   0.19222E-02
 1210.84   0.17794E-02   0.18403E-02   0.18882E-02
 1224.45   0.17474E-02   0.18086E-02   0.18552E-02
 1238.05   0.17108E-02   0.17777E-02   0.18230E-02
 1251.66   0.16771E-02   0.17476E-02   0.17916E-02
 1265.26   0.16510E-02   0.17182E-02   0.17609E-02
 1278.87   0.16289E-02   0.16895E-02   0.17310E-02
 1292.47   0.16035E-02   0.16615E-02   0.17019E-02
 1306.08   0.15726E-02   0.16342E-02   0.16736E-02
 1319.68   0.15409E-02   0.16077E-02   0.16459E-02
 1333.29   0.15147E-02   0.15819E-02   0.16189E-02
 1346.89   0.14946E-02   0.15565E-02   0.15926E-02
 1360.50   0.14750E-02   0.15318E-02   0.15669E-02
 1374.10   0.14507E-02   0.15077E-02   0.15418E-02
 1387.71   0.14225E-02   0.14842E-02   0.15174E-02
 1401.31   0.13959E-02   0.14613E-02   0.14935E-02
 1414.92   0.13752E-02   0.14390E-02   0.14702E-02
 1428.52   0.13586E-02   0.14171E-02   0.14474E-02
 1442.13   0.13408E-02   0.13957E-02   0.14252E-02
 1455.73   0.13183E-02   0.13747E-02   0.14034E-02
 1469.34   0.12932E-02   0.13544E-02   0.13822E-02
 1482.94   0.12708E-02   0.13346E-02   0.13616E-02
 1496.55   0.12535E-02   0.13150E-02   0.13412E-02
 1510.15   0.12395E-02   0.12961E-02   0.13215E-02
 1523.76   0.12238E-02   0.12774E-02   0.13021E-02
 1537.36   0.12039E-02   0.12592E-02   0.12832E-02
 1550.97   0.11819E-02   0.12415E-02   0.12648E-02
 1564.57   0.11625E-02   0.12242E-02   0.12468E-02
 1578.18   0.11476E-02   0.12072E-02   0.12290E-02
 1591.78   0.11358E-02   0.11906E-02   0.12117E-02
 1605.39   0.11225E-02   0.11743E-02   0.11948E-02
 1618.99   0.11053E-02   0.11583E-02   0.11782E-02
 1632.60   0.10858E-02   0.11427E-02   0.11620E-02
 1646.20   0.10681E-02   0.11273E-02   0.11460E-02
 1659.81   0.10547E-02   0.11124E-02   0.11305E-02
 1673.41   0.10442E-02   0.10977E-02   0.11152E-02
 1687.02   0.10331E-02   0.10833E-02   0.11002E-02
 1700.62   0.10187E-02   0.10691E-02   0.10855E-02
 1714.23   0.10015E-02   0.10552E-02   0.10710E-02
 1727.83   0.98490E-03   0.10415E-02   0.10568E-02
 1741.44   0.97183E-03   0.10282E-02   0.10430E-02
 1755.04   0.96218E-03   0.10151E-02   0.10294E-02
 1768.65   0.95309E-03   0.10022E-02   0.10160E-02
 1782.25   0.94152E-03   0.98956E-03   0.10029E-02
 1795.86   0.92688E-03   0.97714E-03   0.98999E-03
 1809.46   0.91144E-03   0.96496E-03   0.97735E-03
 1823.07   0.89826E-03   0.95305E-03   0.96495E-03
 1836.67   0.88859E-03   0.94136E-03   0.95278E-03
 1850.28   0.88085E-03   0.92986E-03   0.94085E-03
 1863.88   0.87212E-03   0.91856E-03   0.92913E-03
 1877.49   0.86054E-03   0.90745E-03   0.91763E-03
 1891.09   0.84685E-03   0.89654E-03   0.90632E-03
 1904.70   0.83372E-03   0.88585E-03   0.89522E-03
 1918.30   0.82340E-03   0.87538E-03   0.88432E-03
 1931.91   0.81600E-03   0.86508E-03   0.87362E-03
 1945.51   0.80944E-03   0.85495E-03   0.86312E-03
 1959.12   0.80120E-03   0.84499E-03   0.85281E-03
 1972.72   0.79027E-03   0.83516E-03   0.84264E-03
 1986.33   0.77803E-03   0.82556E-03   0.83270E-03
 1999.93   0.76688E-03   0.81613E-03   0.82291E-03
 2013.54   0.75849E-03   0.80687E-03   0.81329E-03
 2027.14   0.75244E-03   0.79777E-03   0.80385E-03
 2040.75   0.74663E-03   0.78881E-03   0.79458E-03
 2054.35   0.73898E-03   0.78000E-03   0.78548E-03
 2067.96   0.72888E-03   0.77130E-03   0.77649E-03
 2081.56   0.71782E-03   0.76280E-03   0.76768E-03
 2095.17   0.70796E-03   0.75445E-03   0.75903E-03
 2108.77   0.70063E-03   0.74624E-03   0.75051E-03
 2122.38   0.69534E-03   0.73816E-03   0.74214E-03
 2135.98   0.69020E-03   0.73021E-03   0.73392E-03
 2149.59   0.68331E-03   0.72234E-03   0.72580E-03
 2163.19   0.67428E-03   0.71463E-03   0.71784E-03
 2176.80   0.66428E-03   0.70705E-03   0.70999E-03
 2190.40   0.65529E-03   0.69960E-03   0.70227E-03
 2204.01   0.64858E-03   0.69227E-03   0.69467E-03
 2217.61   0.64385E-03   0.68504E-03   0.68719E-03
 2231.22   0.63950E-03   0.67791E-03   0.67982E-03
 2244.82   0.63376E-03   0.67086E-03   0.67255E-03
 2258.43   0.62599E-03   0.66393E-03   0.66540E-03
 2272.03   0.61706E-03   0.65711E-03   0.65836E-03
 2285.64   0.60869E-03   0.65040E-03   0.65142E-03
 2299.24   0.60226E-03   0.64380E-03   0.64458E-03
 2312.85   0.59784E-03   0.63729E-03   0.63784E-03
 2326.45   0.59421E-03   0.63086E-03   0.63121E-03
 2340.06   0.58973E-03   0.62451E-03   0.62467E-03
 2353.66   0.58340E-03   0.61825E-03   0.61822E-03
 2367.27   0.57560E-03   0.61209E-03   0.61187E-03
 2380.87   0.56771E-03   0.60602E-03   0.60562E-03
 2394.48   0.56121E-03   0.60006E-03   0.59945E-03
 2408.08   0.55665E-03   0.59418E-03   0.59338E-03
 2421.69   0.55336E-03   0.58838E-03   0.58739E-03
 2435.29   0.54991E-03   0.58265E-03   0.58149E-03
 2448.90   0.54502E-03   0.57699E-03   0.57568E-03
 2462.50   0.53844E-03   0.57141E-03   0.56994E-03
 2476.11   0.53105E-03   0.56592E-03   0.56429E-03
 2489.71   0.52427E-03   0.56052E-03   0.55872E-03
 2503.32   0.51914E-03   0.55520E-03   0.55323E-03
 2516.92   0.51565E-03   0.54995E-03   0.54781E-03
 2530.53   0.51284E-03   0.54477E-03   0.54248E-03
 2544.13   0.50934E-03   0.53964E-03   0.53722E-03
 2557.74   0.50433E-03   0.53459E-03   0.53203E-03
 2571.34   0.49797E-03   0.52960E-03   0.52692E-03
 2584.95   0.49131E-03   0.52470E-03   0.52187E-03
 2598.55   0.48560E-03   0.51987E-03   0.51689E-03
 2612.16   0.48151E-03   0.51510E-03   0.51197E-03
 2625.76   0.47879E-03   0.51042E-03   0.50715E-03
 2639.37   0.47635E-03   0.50577E-03   0.50237E-03
 2652.97   0.47306E-03   0.50118E-03   0.49767E-03
 2666.58   0.46832E-03   0.49665E-03   0.49303E-03
 2680.18   0.46248E-03   0.49218E-03   0.48845E-03
 2693.79   0.45657E-03   0.48778E-03   0.48392E-03
 2707.39   0.45165E-03   0.48343E-03   0.47945E-03
 2721.00   0.44830E-03   0.47920E-03   0.47509E-03
 2734.60   0.44605E-03   0.47496E-03   0.47074E-03
 2748.21   0.44398E-03   0.47078E-03   0.46645E-03
 2761.81   0.44103E-03   0.46665E-03   0.46223E-03
 2775.42   0.43675E-03   0.46257E-03   0.45806E-03
 2789.02   0.43146E-03   0.45855E-03   0.45394E-03
 2802.63   0.42611E-03   0.45458E-03   0.44987E-03
 2816.23   0.42167E-03   0.45065E-03   0.44584E-03
 2829.84   0.41864E-03   0.44683E-03   0.44191E-03
 2843.44   0.41664E-03   0.44300E-03   0.43798E-03
 2857.05   0.41484E-03   0.43921E-03   0.43411E-03
 2870.65   0.41228E-03   0.43547E-03   0.43029E-03
 2884.26   0.40847E-03   0.43177E-03   0.42652E-03
 2897.86   0.40365E-03   0.42812E-03   0.42279E-03
 2911.47   0.39862E-03   0.42451E-03   0.41910E-03
 2925.07   0.39434E-03   0.42100E-03   0.41550E-03
 2938.68   0.39125E-03   0.41747E-03   0.41188E-03
 2952.28   0.38925E-03   0.41399E-03   0.40832E-03
 2965.89   0.38763E-03   0.41055E-03   0.40481E-03
 2979.49   0.38549E-03   0.40715E-03   0.40134E-03
 2993.10   0.38228E-03   0.40378E-03   0.39791E-03
 3006.70   0.37803E-03   0.40046E-03   0.39453E-03
 3020.31   0.37336E-03   0.39718E-03   0.39118E-03
 3033.91   0.36915E-03   0.39397E-03   0.38789E-03
 3047.52   0.36599E-03   0.39077E-03   0.38462E-03
 3061.12   0.36397E-03   0.38761E-03   0.38138E-03
 3074.73   0.36260E-03   0.38448E-03   0.37819E-03
 3088.33   0.36108E-03   0.38137E-03   0.37503E-03
 3101.94   0.35872E-03   0.37831E-03   0.37191E-03
 3115.54   0.35533E-03   0.37528E-03   0.36883E-03
 3129.15   0.35126E-03   0.37229E-03   0.36579E-03
 3142.75   0.34723E-03   0.36934E-03   0.36279E-03
 3156.36   0.34396E-03   0.36643E-03   0.35981E-03
 3169.96   0.34177E-03   0.36355E-03   0.35687E-03
 3183.57   0.34046E-03   0.36069E-03   0.35396E-03
 3197.17   0.33938E-03   0.35786E-03   0.35108E-03
 3210.78   0.33783E-03   0.35505E-03   0.34823E-03
 3224.38   0.33533E-03   0.35228E-03   0.34542E-03
 3237.99   0.33193E-03   0.34954E-03   0.34265E-03
 3251.59   0.32813E-03   0.34685E-03   0.33991E-03
 3265.20   0.32463E-03   0.34418E-03   0.33720E-03
 3278.80   0.32197E-03   0.34155E-03   0.33452E-03
 3292.41   0.32029E-03   0.33894E-03   0.33187E-03
 3306.01   0.31925E-03   0.33635E-03   0.32924E-03
 3319.62   0.31821E-03   0.33379E-03   0.32664E-03
 3333.22   0.31655E-03   0.33124E-03   0.32407E-03
 3346.83   0.31397E-03   0.32872E-03   0.32152E-03
 3360.43   0.31068E-03   0.32628E-03   0.31905E-03
 3374.04   0.30712E-03   0.32382E-03   0.31657E-03
 3387.64   0.30399E-03   0.32141E-03   0.31412E-03
 3401.25   0.30172E-03   0.31902E-03   0.31170E-03
 3414.85   0.30032E-03   0.31666E-03   0.30930E-03
 3428.46   0.29944E-03   0.31431E-03   0.30692E-03
 3442.06   0.29846E-03   0.31198E-03   0.30457E-03
 3455.67   0.29682E-03   0.30964E-03   0.30221E-03
 3469.27   0.29447E-03   0.30745E-03   0.30000E-03
 3482.88   0.29132E-03   0.30516E-03   0.29770E-03
 3496.48   0.28806E-03   0.30294E-03   0.29544E-03
 3510.09   0.28523E-03   0.30074E-03   0.29322E-03
 3523.69   0.28320E-03   0.29857E-03   0.29102E-03
 3537.30   0.28199E-03   0.29642E-03   0.28885E-03
 3550.90   0.28126E-03   0.29428E-03   0.28668E-03
 3564.51   0.28044E-03   0.29214E-03   0.28453E-03
 3578.11   0.27901E-03   0.28998E-03   0.28236E-03
 3591.72   0.27696E-03   0.28800E-03   0.28037E-03
 3605.32   0.27415E-03   0.28593E-03   0.27828E-03
 3618.93   0.27117E-03   0.28388E-03   0.27623E-03
 3632.53   0.26854E-03   0.28187E-03   0.27420E-03
 3646.14   0.26664E-03   0.27989E-03   0.27219E-03
 3659.74   0.26552E-03   0.27792E-03   0.27021E-03
 3673.35   0.26489E-03   0.27596E-03   0.26823E-03
 3686.95   0.26424E-03   0.27399E-03   0.26625E-03
 3700.56   0.26324E-03   0.27215E-03   0.26441E-03
 3714.16   0.26139E-03   0.27021E-03   0.26246E-03
 3727.77   0.25891E-03   0.26830E-03   0.26056E-03
 3741.37   0.25614E-03   0.26643E-03   0.25868E-03
 3754.98   0.25358E-03   0.26458E-03   0.25682E-03
 3768.58   0.25161E-03   0.26276E-03   0.25498E-03
 3782.19   0.25039E-03   0.26095E-03   0.25317E-03
 3795.79   0.24973E-03   0.25916E-03   0.25137E-03
 3809.40   0.24922E-03   0.25737E-03   0.24958E-03
 3823.00   0.24845E-03   0.25564E-03   0.24785E-03
 3836.61   0.24700E-03   0.25388E-03   0.24609E-03
 3850.21   0.24489E-03   0.25214E-03   0.24435E-03
 3863.82   0.24235E-03   0.25041E-03   0.24263E-03
 3877.42   0.23983E-03   0.24871E-03   0.24092E-03
 3891.03   0.23773E-03   0.24703E-03   0.23924E-03
 3904.63   0.23632E-03   0.24537E-03   0.23757E-03
 3918.24   0.23554E-03   0.24373E-03   0.23593E-03
 3931.84   0.23511E-03   0.24210E-03   0.23430E-03
 3945.45   0.23461E-03   0.24049E-03   0.23269E-03
 3959.05   0.23364E-03   0.23888E-03   0.23109E-03
 3972.66   0.23203E-03   0.23729E-03   0.22950E-03
 3986.26   0.22988E-03   0.23570E-03   0.22793E-03
 3999.87   0.22750E-03   0.23413E-03   0.22636E-03
 4013.47   0.22532E-03   0.23258E-03   0.22481E-03
 4027.08   0.22367E-03   0.23105E-03   0.22328E-03
 4040.68   0.22267E-03   0.22953E-03   0.22177E-03
 4054.29   0.22218E-03   0.22804E-03   0.22027E-03
 4067.89   0.22188E-03   0.22656E-03   0.21880E-03
 4081.50   0.22136E-03   0.22509E-03   0.21734E-03
 4095.10   0.22032E-03   0.22362E-03   0.21588E-03
 4108.71   0.21867E-03   0.22216E-03   0.21444E-03
 4122.31   0.21659E-03   0.22072E-03   0.21301E-03
 4135.92   0.21440E-03   0.21929E-03   0.21158E-03
 4149.52   0.21249E-03   0.21787E-03   0.21017E-03
 4163.13   0.21112E-03   0.21646E-03   0.20876E-03
 4176.73   0.21034E-03   0.21507E-03   0.20738E-03
 4190.34   0.21002E-03   0.21374E-03   0.20606E-03
 4203.94   0.20974E-03   0.21237E-03   0.20470E-03
 4217.55   0.20919E-03   0.21102E-03   0.20337E-03
 4231.15   0.20813E-03   0.20968E-03   0.20205E-03
 4244.76   0.20651E-03   0.20835E-03   0.20073E-03
 4258.36   0.20452E-03   0.20703E-03   0.19942E-03
 4271.97   0.20248E-03   0.20571E-03   0.19812E-03
 4285.57   0.20074E-03   0.20440E-03   0.19682E-03
 4299.18   0.19951E-03   0.20310E-03   0.19553E-03
 4312.78   0.19893E-03   0.20192E-03   0.19436E-03
 4326.39   0.19860E-03   0.20063E-03   0.19308E-03
 4339.99   0.19837E-03   0.19937E-03   0.19184E-03
 4353.60   0.19788E-03   0.19813E-03   0.19062E-03
 4367.20   0.19690E-03   0.19690E-03   0.18941E-03
 4380.81   0.19542E-03   0.19568E-03   0.18820E-03
 4394.41   0.19359E-03   0.19446E-03   0.18701E-03
 4408.02   0.19170E-03   0.19325E-03   0.18581E-03
 4421.62   0.19005E-03   0.19202E-03   0.18459E-03
 4435.23   0.18912E-03   0.19103E-03   0.18361E-03
 4448.83   0.18841E-03   0.18975E-03   0.18235E-03
 4462.44   0.18815E-03   0.18857E-03   0.18119E-03
 4476.04   0.18799E-03   0.18741E-03   0.18005E-03
 4489.65   0.18761E-03   0.18627E-03   0.17892E-03
 4503.25   0.18681E-03   0.18513E-03   0.17781E-03
 4516.86   0.18551E-03   0.18401E-03   0.17671E-03
 4530.46   0.18384E-03   0.18289E-03   0.17561E-03
 4544.07   0.18207E-03   0.18177E-03   0.17451E-03
 4557.67   0.18047E-03   0.18064E-03   0.17341E-03
 4571.28   0.17943E-03   0.17966E-03   0.17243E-03
 4584.88   0.17873E-03   0.17854E-03   0.17134E-03
 4598.49   0.17845E-03   0.17746E-03   0.17027E-03
 4612.09   0.17832E-03   0.17639E-03   0.16922E-03
 4625.70   0.17806E-03   0.17533E-03   0.16818E-03
 4639.30   0.17744E-03   0.17428E-03   0.16716E-03
 4652.91   0.17636E-03   0.17324E-03   0.16614E-03
 4666.51   0.17488E-03   0.17221E-03   0.16514E-03
 4680.12   0.17322E-03   0.17118E-03   0.16413E-03
 4693.72   0.17162E-03   0.17013E-03   0.16310E-03
 4707.33   0.17047E-03   0.16921E-03   0.16220E-03
 4720.93   0.16969E-03   0.16820E-03   0.16121E-03
 4734.54   0.16932E-03   0.16720E-03   0.16023E-03
 4748.14   0.16920E-03   0.16621E-03   0.15926E-03
 4761.75   0.16907E-03   0.16522E-03   0.15830E-03
 4775.35   0.16868E-03   0.16425E-03   0.15736E-03
 4788.96   0.16788E-03   0.16329E-03   0.15642E-03
 4802.56   0.16666E-03   0.16234E-03   0.15550E-03
 4816.17   0.16516E-03   0.16140E-03   0.15458E-03
 4829.77   0.16365E-03   0.16048E-03   0.15369E-03
 4843.38   0.16232E-03   0.15955E-03   0.15278E-03
 4856.98   0.16137E-03   0.15863E-03   0.15188E-03
 4870.59   0.16085E-03   0.15771E-03   0.15098E-03
 4884.19   0.16065E-03   0.15680E-03   0.15009E-03
 4897.80   0.16058E-03   0.15589E-03   0.14921E-03
 4911.40   0.16040E-03   0.15498E-03   0.14833E-03
 4925.01   0.15989E-03   0.15409E-03   0.14746E-03
 4938.61   0.15899E-03   0.15321E-03   0.14661E-03
 4952.22   0.15773E-03   0.15233E-03   0.14576E-03
 4965.82   0.15631E-03   0.15148E-03   0.14493E-03
 4979.43   0.15492E-03   0.15062E-03   0.14410E-03
 4993.03   0.15380E-03   0.14978E-03   0.14328E-03
 5006.64   0.15307E-03   0.14894E-03   0.14246E-03
 5020.24   0.15272E-03   0.14809E-03   0.14164E-03
 5033.85   0.15264E-03   0.14725E-03   0.14082E-03
 5047.45   0.15261E-03   0.14641E-03   0.14001E-03
 5061.06   0.15241E-03   0.14558E-03   0.13920E-03
 5074.66   0.15188E-03   0.14475E-03   0.13840E-03
 5088.27   0.15095E-03   0.14391E-03   0.13760E-03
 5101.87   0.14981E-03   0.14318E-03   0.13689E-03
 5115.48   0.14844E-03   0.14236E-03   0.13610E-03
 5129.08   0.14718E-03   0.14157E-03   0.13533E-03
 5142.69   0.14620E-03   0.14079E-03   0.13458E-03
 5156.29   0.14559E-03   0.14001E-03   0.13383E-03
 5169.90   0.14532E-03   0.13924E-03   0.13308E-03
 5183.50   0.14528E-03   0.13846E-03   0.13233E-03
 5197.11   0.14525E-03   0.13768E-03   0.13158E-03
 5210.71   0.14503E-03   0.13690E-03   0.13083E-03
 5224.32   0.14447E-03   0.13611E-03   0.13007E-03
 5237.92   0.14355E-03   0.13533E-03   0.12932E-03
 5251.53   0.14249E-03   0.13469E-03   0.12870E-03
 5265.13   0.14120E-03   0.13394E-03   0.12798E-03
 5278.74   0.14000E-03   0.13321E-03   0.12728E-03
 5292.34   0.13907E-03   0.13248E-03   0.12658E-03
 5305.95   0.13850E-03   0.13177E-03   0.12589E-03
 5319.55   0.13825E-03   0.13105E-03   0.12520E-03
 5333.16   0.13822E-03   0.13034E-03   0.12451E-03
 5346.76   0.13821E-03   0.12961E-03   0.12382E-03
 5360.37   0.13803E-03   0.12888E-03   0.12311E-03
 5373.97   0.13756E-03   0.12815E-03   0.12241E-03
 5387.58   0.13691E-03   0.12757E-03   0.12187E-03
 5401.18   0.13581E-03   0.12684E-03   0.12117E-03
 5414.79   0.13461E-03   0.12615E-03   0.12050E-03
 5428.39   0.13348E-03   0.12547E-03   0.11985E-03
 5442.00   0.13258E-03   0.12480E-03   0.11920E-03
 5455.60   0.13202E-03   0.12413E-03   0.11857E-03
 5469.21   0.13177E-03   0.12347E-03   0.11793E-03
 5482.81   0.13175E-03   0.12281E-03   0.11730E-03
 5496.42   0.13178E-03   0.12214E-03   0.11666E-03
 5510.02   0.13164E-03   0.12143E-03   0.11598E-03
 5523.63   0.13154E-03   0.12099E-03   0.11556E-03
 5537.23   0.13078E-03   0.12024E-03   0.11485E-03
 5550.84   0.12980E-03   0.11958E-03   0.11422E-03
 5564.44   0.12868E-03   0.11893E-03   0.11360E-03
 5578.05   0.12756E-03   0.11830E-03   0.11300E-03
 5591.65   0.12663E-03   0.11767E-03   0.11240E-03
 5605.26   0.12598E-03   0.11705E-03   0.11181E-03
 5618.86   0.12566E-03   0.11644E-03   0.11123E-03
 5632.47   0.12558E-03   0.11584E-03   0.11064E-03
 5646.07   0.12561E-03   0.11522E-03   0.11006E-03
 5659.68   0.12558E-03   0.11459E-03   0.10946E-03
 5673.28   0.12547E-03   0.11408E-03   0.10898E-03
 5686.89   0.12493E-03   0.11345E-03   0.10838E-03
 5700.49   0.12412E-03   0.11284E-03   0.10780E-03
 5714.10   0.12309E-03   0.11224E-03   0.10723E-03
 5727.70   0.12201E-03   0.11164E-03   0.10667E-03
 5741.31   0.12103E-03   0.11106E-03   0.10611E-03
 5754.91   0.12029E-03   0.11048E-03   0.10556E-03
 5768.52   0.11984E-03   0.10992E-03   0.10502E-03
 5782.12   0.11968E-03   0.10936E-03   0.10449E-03
 5795.73   0.11969E-03   0.10879E-03   0.10395E-03
 5809.33   0.11973E-03   0.10822E-03   0.10341E-03
 5822.94   0.11970E-03   0.10770E-03   0.10292E-03
 5836.54   0.11938E-03   0.10714E-03   0.10239E-03
 5850.15   0.11877E-03   0.10658E-03   0.10187E-03
 5863.75   0.11790E-03   0.10603E-03   0.10134E-03
 5877.36   0.11689E-03   0.10547E-03   0.10082E-03
 5890.96   0.11587E-03   0.10493E-03   0.10030E-03
 5904.57   0.11502E-03   0.10439E-03   0.99787E-04
 5918.17   0.11441E-03   0.10385E-03   0.99282E-04
 5931.78   0.11410E-03   0.10333E-03   0.98785E-04
 5945.38   0.11403E-03   0.10281E-03   0.98295E-04
 5958.99   0.11409E-03   0.10230E-03   0.97809E-04
 5972.59   0.11413E-03   0.10179E-03   0.97328E-04
 5986.20   0.11402E-03   0.10128E-03   0.96847E-04
 5999.80   0.11367E-03   0.10077E-03   0.96366E-04
 6013.41   0.11303E-03   0.10025E-03   0.95884E-04
 6027.01   0.11219E-03   0.99741E-04   0.95402E-04
 6040.62   0.11123E-03   0.99230E-04   0.94920E-04
 6054.22   0.11032E-03   0.98722E-04   0.94440E-04
 6067.83   0.10958E-03   0.98220E-04   0.93965E-04
 6081.43   0.10910E-03   0.97723E-04   0.93495E-04
 6095.04   0.10888E-03   0.97227E-04   0.93027E-04
 6108.64   0.10889E-03   0.96755E-04   0.92582E-04
 6122.25   0.10901E-03   0.96294E-04   0.92148E-04
 6135.85   0.10907E-03   0.95816E-04   0.91700E-04
 6149.46   0.10897E-03   0.95342E-04   0.91257E-04
 6163.06   0.10862E-03   0.94869E-04   0.90814E-04
 6176.67   0.10801E-03   0.94395E-04   0.90371E-04
 6190.27   0.10719E-03   0.93921E-04   0.89926E-04
 6203.88   0.10629E-03   0.93445E-04   0.89480E-04
 6217.48   0.10542E-03   0.92971E-04   0.89034E-04
 6231.09   0.10472E-03   0.92497E-04   0.88588E-04
 6244.69   0.10424E-03   0.92014E-04   0.88134E-04
 6258.30   0.10404E-03   0.91562E-04   0.87708E-04
 6271.90   0.10410E-03   0.91183E-04   0.87353E-04
 6285.51   0.10416E-03   0.90719E-04   0.86919E-04
 6299.11   0.10418E-03   0.90272E-04   0.86501E-04
 6312.72   0.10406E-03   0.89832E-04   0.86090E-04
 6326.32   0.10370E-03   0.89393E-04   0.85682E-04
 6339.93   0.10310E-03   0.88955E-04   0.85274E-04
 6353.53   0.10231E-03   0.88516E-04   0.84864E-04
 6367.14   0.10143E-03   0.88075E-04   0.84451E-04
 6380.74   0.10057E-03   0.87630E-04   0.84034E-04
 6394.35   0.99857E-04   0.87173E-04   0.83605E-04
 6407.95   0.99385E-04   0.86738E-04   0.83197E-04
 6421.56   0.99314E-04   0.86446E-04   0.82926E-04
 6435.16   0.99226E-04   0.85974E-04   0.82482E-04
 6448.77   0.99284E-04   0.85544E-04   0.82080E-04
 6462.37   0.99334E-04   0.85126E-04   0.81690E-04
 6475.98   0.99259E-04   0.84715E-04   0.81308E-04
 6489.58   0.98978E-04   0.84308E-04   0.80930E-04
 6503.19   0.98466E-04   0.83903E-04   0.80554E-04
 6516.79   0.97760E-04   0.83497E-04   0.80177E-04
 6530.40   0.96944E-04   0.83089E-04   0.79796E-04
 6544.00   0.96125E-04   0.82672E-04   0.79407E-04
 6557.61   0.95376E-04   0.82213E-04   0.78976E-04
 6571.21   0.94840E-04   0.81770E-04   0.78561E-04
 6584.82   0.94795E-04   0.81557E-04   0.78366E-04
 6598.42   0.94704E-04   0.81137E-04   0.77974E-04
 6612.03   0.94752E-04   0.80736E-04   0.77599E-04
 6625.63   0.94822E-04   0.80344E-04   0.77234E-04
 6639.24   0.94802E-04   0.79959E-04   0.76877E-04
 6652.84   0.94606E-04   0.79579E-04   0.76526E-04
 6666.45   0.94193E-04   0.79203E-04   0.76178E-04
 6680.05   0.93578E-04   0.78829E-04   0.75831E-04
 6693.66   0.92827E-04   0.78453E-04   0.75482E-04
 6707.26   0.92030E-04   0.78066E-04   0.75122E-04
 6720.87   0.91308E-04   0.77679E-04   0.74761E-04
 6734.47   0.90913E-04   0.77432E-04   0.74535E-04
 6748.08   0.90533E-04   0.77021E-04   0.74150E-04
 6761.68   0.90392E-04   0.76639E-04   0.73794E-04
 6775.29   0.90410E-04   0.76266E-04   0.73446E-04
 6788.89   0.90493E-04   0.75898E-04   0.73104E-04
 6802.50   0.90537E-04   0.75536E-04   0.72769E-04
 6816.10   0.90449E-04   0.75179E-04   0.72440E-04
 6829.71   0.90169E-04   0.74828E-04   0.72116E-04
 6843.31   0.89687E-04   0.74481E-04   0.71796E-04
 6856.92   0.89041E-04   0.74136E-04   0.71477E-04
 6870.52   0.88304E-04   0.73785E-04   0.71152E-04
 6884.13   0.87573E-04   0.73426E-04   0.70818E-04
 6897.73   0.87052E-04   0.73150E-04   0.70564E-04
 6911.34   0.86617E-04   0.72797E-04   0.70236E-04
 6924.94   0.86388E-04   0.72450E-04   0.69914E-04
 6938.55   0.86335E-04   0.72105E-04   0.69593E-04
 6952.15   0.86391E-04   0.71761E-04   0.69274E-04
 6965.76   0.86465E-04   0.71420E-04   0.68958E-04
 6979.36   0.86462E-04   0.71083E-04   0.68648E-04
 6992.97   0.86307E-04   0.70752E-04   0.68343E-04
 7006.57   0.85962E-04   0.70426E-04   0.68044E-04
 7020.18   0.85434E-04   0.70106E-04   0.67749E-04
 7033.78   0.84777E-04   0.69788E-04   0.67456E-04
 7047.39   0.84066E-04   0.69467E-04   0.67159E-04
 7060.99   0.83430E-04   0.69168E-04   0.66884E-04
 7074.60   0.82905E-04   0.68855E-04   0.66594E-04
 7088.20   0.82559E-04   0.68540E-04   0.66302E-04
 7101.81   0.82403E-04   0.68223E-04   0.66008E-04
 7115.41   0.82400E-04   0.67905E-04   0.65713E-04
 7129.02   0.82481E-04   0.67586E-04   0.65418E-04
 7142.62   0.82559E-04   0.67268E-04   0.65125E-04
 7156.23   0.82547E-04   0.66953E-04   0.64836E-04
 7169.83   0.82381E-04   0.66642E-04   0.64550E-04
 7183.44   0.82034E-04   0.66336E-04   0.64269E-04
 7197.04   0.81520E-04   0.66033E-04   0.63991E-04
 7210.65   0.80914E-04   0.65747E-04   0.63729E-04
 7224.25   0.80273E-04   0.65459E-04   0.63465E-04
 7237.86   0.79684E-04   0.65169E-04   0.63197E-04
 7251.46   0.79226E-04   0.64880E-04   0.62930E-04
 7265.07   0.78939E-04   0.64589E-04   0.62662E-04
 7278.67   0.78824E-04   0.64297E-04   0.62392E-04
 7292.28   0.78843E-04   0.64002E-04   0.62120E-04
 7305.88   0.78928E-04   0.63705E-04   0.61846E-04
 7319.49   0.78995E-04   0.63407E-04   0.61573E-04
 7333.09   0.78963E-04   0.63110E-04   0.61299E-04
 7346.70   0.78772E-04   0.62812E-04   0.61026E-04
 7360.30   0.78390E-04   0.62507E-04   0.60746E-04
 7373.91   0.77890E-04   0.62239E-04   0.60502E-04
 7387.51   0.77326E-04   0.62008E-04   0.60293E-04
 7401.12   0.76663E-04   0.61724E-04   0.60031E-04
 7414.72   0.76066E-04   0.61451E-04   0.59780E-04
 7428.33   0.75597E-04   0.61182E-04   0.59533E-04
 7441.93   0.75292E-04   0.60914E-04   0.59286E-04
 7455.54   0.75155E-04   0.60644E-04   0.59037E-04
 7469.14   0.75150E-04   0.60371E-04   0.58786E-04
 7482.75   0.75215E-04   0.60096E-04   0.58532E-04
 7496.35   0.75271E-04   0.59816E-04   0.58276E-04
 7509.96   0.75238E-04   0.59532E-04   0.58015E-04
 7523.56   0.75046E-04   0.59233E-04   0.57740E-04
 7537.17   0.74733E-04   0.58971E-04   0.57500E-04
 7550.77   0.74402E-04   0.58817E-04   0.57366E-04
 7564.38   0.73778E-04   0.58518E-04   0.57090E-04
 7577.98   0.73155E-04   0.58251E-04   0.56845E-04
 7591.59   0.72584E-04   0.57994E-04   0.56609E-04
 7605.19   0.72126E-04   0.57742E-04   0.56378E-04
 7618.80   0.71822E-04   0.57494E-04   0.56149E-04
 7632.40   0.71678E-04   0.57245E-04   0.55920E-04
 7646.01   0.71666E-04   0.56994E-04   0.55689E-04
 7659.61   0.71730E-04   0.56739E-04   0.55455E-04
 7673.22   0.71794E-04   0.56477E-04   0.55215E-04
 7686.82   0.71775E-04   0.56202E-04   0.54962E-04
 7700.43   0.71532E-04   0.55852E-04   0.54635E-04
 7714.03   0.71640E-04   0.55901E-04   0.54700E-04
 7727.64   0.71066E-04   0.55541E-04   0.54364E-04
 7741.24   0.70487E-04   0.55272E-04   0.54116E-04
 7754.85   0.69870E-04   0.55020E-04   0.53885E-04
 7768.45   0.69278E-04   0.54777E-04   0.53662E-04
 7782.06   0.68779E-04   0.54540E-04   0.53445E-04
 7795.66   0.68420E-04   0.54308E-04   0.53231E-04
 7809.27   0.68220E-04   0.54078E-04   0.53020E-04
 7822.87   0.68168E-04   0.53847E-04   0.52808E-04
 7836.48   0.68216E-04   0.53613E-04   0.52593E-04
 7850.08   0.68299E-04   0.53372E-04   0.52372E-04
 7863.69   0.68323E-04   0.53108E-04   0.52128E-04
 7877.29   0.68277E-04   0.52861E-04   0.51901E-04
 7890.90   0.68297E-04   0.52770E-04   0.51829E-04
 7904.50   0.67933E-04   0.52498E-04   0.51577E-04
 7918.11   0.67470E-04   0.52251E-04   0.51351E-04
 7931.71   0.66933E-04   0.52014E-04   0.51134E-04
 7945.32   0.66384E-04   0.51783E-04   0.50923E-04
 7958.92   0.65887E-04   0.51559E-04   0.50717E-04
 7972.53   0.65499E-04   0.51340E-04   0.50516E-04
 7986.13   0.65251E-04   0.51125E-04   0.50318E-04
 7999.74   0.65144E-04   0.50912E-04   0.50123E-04
 8013.34   0.65152E-04   0.50698E-04   0.49927E-04
 8026.95   0.65218E-04   0.50479E-04   0.49727E-04
 8040.55   0.65253E-04   0.50234E-04   0.49501E-04
 8054.16   0.65233E-04   0.49996E-04   0.49283E-04
 8067.76   0.65268E-04   0.49889E-04   0.49194E-04
 8081.37   0.65000E-04   0.49657E-04   0.48982E-04
 8094.97   0.64600E-04   0.49433E-04   0.48776E-04
 8108.58   0.64096E-04   0.49212E-04   0.48574E-04
 8122.18   0.63541E-04   0.48994E-04   0.48374E-04
 8135.79   0.63000E-04   0.48780E-04   0.48178E-04
 8149.39   0.62536E-04   0.48572E-04   0.47987E-04
 8163.00   0.62196E-04   0.48368E-04   0.47800E-04
 8176.60   0.62001E-04   0.48168E-04   0.47616E-04
 8190.21   0.61945E-04   0.47971E-04   0.47436E-04
 8203.81   0.61992E-04   0.47774E-04   0.47256E-04
 8217.42   0.62073E-04   0.47565E-04   0.47065E-04
 8231.02   0.62217E-04   0.47415E-04   0.46932E-04
 8244.63   0.62209E-04   0.47204E-04   0.46738E-04
 8258.23   0.62096E-04   0.47002E-04   0.46554E-04
 8271.84   0.61843E-04   0.46799E-04   0.46370E-04
 8285.44   0.61458E-04   0.46596E-04   0.46184E-04
 8299.05   0.60976E-04   0.46392E-04   0.45998E-04
 8312.65   0.60452E-04   0.46190E-04   0.45813E-04
 8326.26   0.59947E-04   0.45990E-04   0.45629E-04
 8339.86   0.59519E-04   0.45794E-04   0.45449E-04
 8353.47   0.59209E-04   0.45602E-04   0.45273E-04
 8367.07   0.59033E-04   0.45414E-04   0.45101E-04
 8380.68   0.58982E-04   0.45230E-04   0.44933E-04
 8394.28   0.59024E-04   0.45050E-04   0.44769E-04
 8407.89   0.59107E-04   0.44874E-04   0.44608E-04
 8421.49   0.59163E-04   0.44693E-04   0.44444E-04
 8435.10   0.59143E-04   0.44512E-04   0.44279E-04
 8448.70   0.59008E-04   0.44330E-04   0.44114E-04
 8462.31   0.58740E-04   0.44145E-04   0.43946E-04
 8475.91   0.58351E-04   0.43958E-04   0.43775E-04
 8489.52   0.57875E-04   0.43770E-04   0.43603E-04
 8503.12   0.57366E-04   0.43582E-04   0.43430E-04
 8516.73   0.56880E-04   0.43394E-04   0.43258E-04
 8530.33   0.56472E-04   0.43208E-04   0.43087E-04
 8543.94   0.56178E-04   0.43025E-04   0.42918E-04
 8557.54   0.56012E-04   0.42842E-04   0.42750E-04
 8571.15   0.55941E-04   0.42645E-04   0.42567E-04
 8584.75   0.56089E-04   0.42545E-04   0.42481E-04
 8598.36   0.56148E-04   0.42354E-04   0.42305E-04
 8611.96   0.56215E-04   0.42183E-04   0.42150E-04
 8625.57   0.56217E-04   0.42015E-04   0.41997E-04
 8639.17   0.56111E-04   0.41847E-04   0.41844E-04
 8652.78   0.55880E-04   0.41678E-04   0.41690E-04
 8666.38   0.55529E-04   0.41506E-04   0.41534E-04
 8679.99   0.55090E-04   0.41332E-04   0.41375E-04
 8693.59   0.54609E-04   0.41157E-04   0.41214E-04
 8707.20   0.54140E-04   0.40979E-04   0.41050E-04
 8720.80   0.53732E-04   0.40801E-04   0.40885E-04
 8734.41   0.53419E-04   0.40618E-04   0.40716E-04
 8748.01   0.53185E-04   0.40408E-04   0.40519E-04
 8761.62   0.53160E-04   0.40272E-04   0.40396E-04
 8775.22   0.53292E-04   0.40188E-04   0.40326E-04
 8788.83   0.53341E-04   0.40013E-04   0.40164E-04
 8802.43   0.53397E-04   0.39850E-04   0.40016E-04
 8816.04   0.53402E-04   0.39692E-04   0.39872E-04
 8829.64   0.53312E-04   0.39536E-04   0.39730E-04
 8843.25   0.53107E-04   0.39380E-04   0.39588E-04
 8856.85   0.52787E-04   0.39223E-04   0.39445E-04
 8870.46   0.52377E-04   0.39063E-04   0.39299E-04
 8884.06   0.51916E-04   0.38900E-04   0.39149E-04
 8897.67   0.51452E-04   0.38733E-04   0.38995E-04
 8911.27   0.51031E-04   0.38560E-04   0.38834E-04
 8924.88   0.50668E-04   0.38363E-04   0.38649E-04
 8938.48   0.50484E-04   0.38218E-04   0.38516E-04
 8952.09   0.50577E-04   0.38197E-04   0.38509E-04
 8965.69   0.50527E-04   0.38001E-04   0.38324E-04
 8979.30   0.50573E-04   0.37836E-04   0.38171E-04
 8992.90   0.50641E-04   0.37681E-04   0.38029E-04
 9006.51   0.50676E-04   0.37531E-04   0.37892E-04
 9020.11   0.50636E-04   0.37385E-04   0.37759E-04
 9033.72   0.50492E-04   0.37240E-04   0.37627E-04
 9047.32   0.50239E-04   0.37095E-04   0.37496E-04
 9060.93   0.49888E-04   0.36949E-04   0.37362E-04
 9074.53   0.49471E-04   0.36800E-04   0.37225E-04
 9088.14   0.49028E-04   0.36645E-04   0.37082E-04
 9101.74   0.48597E-04   0.36476E-04   0.36925E-04
 9115.35   0.48129E-04   0.36228E-04   0.36686E-04
 9128.95   0.48312E-04   0.36401E-04   0.36875E-04
 9142.56   0.48024E-04   0.36135E-04   0.36618E-04
 9156.16   0.47957E-04   0.35965E-04   0.36458E-04
 9169.77   0.47977E-04   0.35810E-04   0.36314E-04
 9183.37   0.48034E-04   0.35661E-04   0.36177E-04
 9196.98   0.48080E-04   0.35518E-04   0.36046E-04
 9210.58   0.48073E-04   0.35380E-04   0.35919E-04
 9224.19   0.47979E-04   0.35244E-04   0.35795E-04
 9237.79   0.47782E-04   0.35110E-04   0.35673E-04
 9251.40   0.47484E-04   0.34976E-04   0.35551E-04
 9265.00   0.47107E-04   0.34841E-04   0.35427E-04
 9278.61   0.46683E-04   0.34700E-04   0.35298E-04
 9292.21   0.46239E-04   0.34543E-04   0.35151E-04
 9305.82   0.45862E-04   0.34401E-04   0.35019E-04
 9319.42   0.45735E-04   0.34392E-04   0.35022E-04
 9333.03   0.45490E-04   0.34216E-04   0.34855E-04
 9346.63   0.45378E-04   0.34066E-04   0.34714E-04
 9360.24   0.45357E-04   0.33922E-04   0.34580E-04
 9373.84   0.45393E-04   0.33782E-04   0.34450E-04
 9387.45   0.45445E-04   0.33645E-04   0.34324E-04
 9401.05   0.45472E-04   0.33512E-04   0.34201E-04
 9414.66   0.45437E-04   0.33382E-04   0.34082E-04
 9428.26   0.45313E-04   0.33256E-04   0.33966E-04
 9441.87   0.45094E-04   0.33131E-04   0.33853E-04
 9455.47   0.44785E-04   0.33008E-04   0.33740E-04
 9469.08   0.44411E-04   0.32884E-04   0.33626E-04
 9482.68   0.43997E-04   0.32748E-04   0.33500E-04
 9496.29   0.43600E-04   0.32616E-04   0.33376E-04
 9509.89   0.43352E-04   0.32557E-04   0.33329E-04
 9523.50   0.43083E-04   0.32421E-04   0.33201E-04
 9537.10   0.42917E-04   0.32290E-04   0.33078E-04
 9550.71   0.42842E-04   0.32159E-04   0.32957E-04
 9564.31   0.42840E-04   0.32029E-04   0.32835E-04
 9577.92   0.42881E-04   0.31900E-04   0.32714E-04
 9591.52   0.42927E-04   0.31772E-04   0.32596E-04
 9605.13   0.42941E-04   0.31647E-04   0.32480E-04
 9618.73   0.42889E-04   0.31525E-04   0.32368E-04
 9632.34   0.42752E-04   0.31406E-04   0.32258E-04
 9645.94   0.42526E-04   0.31291E-04   0.32152E-04
 9659.55   0.42221E-04   0.31177E-04   0.32048E-04
 9673.15   0.41860E-04   0.31064E-04   0.31944E-04
 9686.76   0.41478E-04   0.30948E-04   0.31837E-04
 9700.36   0.41140E-04   0.30852E-04   0.31750E-04
 9713.97   0.40833E-04   0.30739E-04   0.31645E-04
 9727.57   0.40605E-04   0.30625E-04   0.31539E-04
 9741.18   0.40466E-04   0.30509E-04   0.31430E-04
 9754.78   0.40410E-04   0.30392E-04   0.31320E-04
 9768.39   0.40421E-04   0.30272E-04   0.31208E-04
 9781.99   0.40469E-04   0.30152E-04   0.31096E-04
 9795.60   0.40519E-04   0.30032E-04   0.30984E-04
 9809.20   0.40536E-04   0.29914E-04   0.30874E-04
 9822.81   0.40490E-04   0.29797E-04   0.30766E-04
 9836.41   0.40363E-04   0.29684E-04   0.30660E-04
 9850.02   0.40150E-04   0.29573E-04   0.30558E-04
 9863.62   0.39859E-04   0.29461E-04   0.30455E-04
 9877.23   0.39541E-04   0.29368E-04   0.30370E-04
 9890.83   0.39199E-04   0.29270E-04   0.30279E-04
 9904.44   0.38861E-04   0.29166E-04   0.30183E-04
 9918.04   0.38574E-04   0.29064E-04   0.30088E-04
 9931.65   0.38360E-04   0.28961E-04   0.29992E-04
 9945.25   0.38227E-04   0.28856E-04   0.29894E-04
 9958.86   0.38174E-04   0.28749E-04   0.29793E-04
 9972.46   0.38182E-04   0.28639E-04   0.29691E-04
 9986.07   0.38226E-04   0.28528E-04   0.29586E-04
 9999.67   0.38272E-04   0.28415E-04   0.29480E-04
