  299.31   0.17981E+00   0.18185E+00   0.17798E+00
  312.91   0.16963E+00   0.17145E+00   0.16769E+00
  326.52   0.16022E+00   0.16184E+00   0.15818E+00
  340.12   0.15149E+00   0.15291E+00   0.14937E+00
  353.73   0.14338E+00   0.14462E+00   0.14118E+00
  367.33   0.13582E+00   0.13690E+00   0.13356E+00
  380.94   0.12878E+00   0.12970E+00   0.12646E+00
  394.54   0.12220E+00   0.12298E+00   0.11984E+00
  408.15   0.11606E+00   0.11670E+00   0.11366E+00
  421.75   0.11032E+00   0.11083E+00   0.10789E+00
  435.36   0.10496E+00   0.10534E+00   0.10250E+00
  448.96   0.99937E-01   0.10021E+00   0.97460E-01
  462.57   0.95236E-01   0.95401E-01   0.92742E-01
  476.17   0.90835E-01   0.90901E-01   0.88329E-01
  489.78   0.86711E-01   0.86684E-01   0.84196E-01
  503.38   0.82836E-01   0.82721E-01   0.80315E-01
  516.99   0.79197E-01   0.79000E-01   0.76673E-01
  530.59   0.75774E-01   0.75501E-01   0.73251E-01
  544.20   0.72548E-01   0.72203E-01   0.70028E-01
  557.80   0.69506E-01   0.69094E-01   0.66991E-01
  571.41   0.66634E-01   0.66159E-01   0.64126E-01
  585.01   0.63917E-01   0.63383E-01   0.61419E-01
  598.62   0.61348E-01   0.60759E-01   0.58860E-01
  612.22   0.58913E-01   0.58273E-01   0.56439E-01
  625.83   0.56606E-01   0.55917E-01   0.54145E-01
  639.43   0.54415E-01   0.53683E-01   0.51971E-01
  653.04   0.52337E-01   0.51563E-01   0.49910E-01
  666.64   0.50364E-01   0.49550E-01   0.47954E-01
  680.25   0.48488E-01   0.47638E-01   0.46097E-01
  693.85   0.46705E-01   0.45822E-01   0.44334E-01
  707.46   0.45010E-01   0.44095E-01   0.42659E-01
  721.06   0.43396E-01   0.42453E-01   0.41067E-01
  734.67   0.41860E-01   0.40890E-01   0.39552E-01
  748.27   0.40397E-01   0.39402E-01   0.38112E-01
  761.88   0.39004E-01   0.37985E-01   0.36740E-01
  775.48   0.37674E-01   0.36635E-01   0.35434E-01
  789.09   0.36406E-01   0.35347E-01   0.34188E-01
  802.69   0.35194E-01   0.34118E-01   0.33001E-01
  816.30   0.34037E-01   0.32944E-01   0.31867E-01
  829.90   0.32931E-01   0.31823E-01   0.30785E-01
  843.51   0.31872E-01   0.30751E-01   0.29750E-01
  857.11   0.30859E-01   0.29725E-01   0.28761E-01
  870.72   0.29888E-01   0.28743E-01   0.27815E-01
  884.32   0.28957E-01   0.27803E-01   0.26909E-01
  897.93   0.28065E-01   0.26902E-01   0.26041E-01
  911.53   0.27209E-01   0.26038E-01   0.25209E-01
  925.14   0.26387E-01   0.25210E-01   0.24412E-01
  938.74   0.25597E-01   0.24415E-01   0.23647E-01
  952.35   0.24839E-01   0.23652E-01   0.22913E-01
  965.95   0.24109E-01   0.22918E-01   0.22209E-01
  979.56   0.23409E-01   0.22215E-01   0.21532E-01
  993.16   0.22734E-01   0.21538E-01   0.20883E-01
 1006.77   0.22086E-01   0.20888E-01   0.20259E-01
 1020.37   0.21462E-01   0.20263E-01   0.19659E-01
 1033.98   0.20861E-01   0.19662E-01   0.19082E-01
 1047.58   0.20282E-01   0.19084E-01   0.18528E-01
 1061.19   0.19725E-01   0.18528E-01   0.17994E-01
 1074.79   0.19188E-01   0.17992E-01   0.17481E-01
 1088.40   0.18670E-01   0.17477E-01   0.16987E-01
 1102.00   0.18171E-01   0.16980E-01   0.16511E-01
 1115.61   0.17689E-01   0.16502E-01   0.16053E-01
 1129.21   0.17224E-01   0.16040E-01   0.15611E-01
 1142.82   0.16776E-01   0.15596E-01   0.15186E-01
 1156.42   0.16343E-01   0.15167E-01   0.14775E-01
 1170.03   0.15924E-01   0.14753E-01   0.14379E-01
 1183.63   0.15520E-01   0.14354E-01   0.13997E-01
 1197.24   0.15128E-01   0.13968E-01   0.13628E-01
 1210.84   0.14750E-01   0.13595E-01   0.13272E-01
 1224.45   0.14384E-01   0.13236E-01   0.12928E-01
 1238.05   0.14030E-01   0.12888E-01   0.12596E-01
 1251.66   0.13687E-01   0.12551E-01   0.12274E-01
 1265.26   0.13355E-01   0.12226E-01   0.11963E-01
 1278.87   0.13033E-01   0.11912E-01   0.11663E-01
 1292.47   0.12721E-01   0.11607E-01   0.11372E-01
 1306.08   0.12419E-01   0.11313E-01   0.11090E-01
 1319.68   0.12126E-01   0.11027E-01   0.10818E-01
 1333.29   0.11842E-01   0.10751E-01   0.10554E-01
 1346.89   0.11567E-01   0.10484E-01   0.10299E-01
 1360.50   0.11299E-01   0.10225E-01   0.10051E-01
 1374.10   0.11040E-01   0.99740E-02   0.98115E-02
 1387.71   0.10788E-01   0.97309E-02   0.95793E-02
 1401.31   0.10544E-01   0.94953E-02   0.93542E-02
 1414.92   0.10306E-01   0.92668E-02   0.91359E-02
 1428.52   0.10076E-01   0.90456E-02   0.89246E-02
 1442.13   0.98523E-02   0.88309E-02   0.87195E-02
 1455.73   0.96349E-02   0.86227E-02   0.85205E-02
 1469.34   0.94237E-02   0.84207E-02   0.83276E-02
 1482.94   0.92183E-02   0.82247E-02   0.81403E-02
 1496.55   0.90188E-02   0.80346E-02   0.79587E-02
 1510.15   0.88247E-02   0.78500E-02   0.77822E-02
 1523.76   0.86359E-02   0.76708E-02   0.76109E-02
 1537.36   0.84523E-02   0.74967E-02   0.74446E-02
 1550.97   0.82736E-02   0.73277E-02   0.72830E-02
 1564.57   0.80997E-02   0.71635E-02   0.71259E-02
 1578.18   0.79305E-02   0.70040E-02   0.69734E-02
 1591.78   0.77656E-02   0.68489E-02   0.68250E-02
 1605.39   0.76051E-02   0.66981E-02   0.66808E-02
 1618.99   0.74487E-02   0.65516E-02   0.65405E-02
 1632.60   0.72963E-02   0.64091E-02   0.64041E-02
 1646.20   0.71479E-02   0.62705E-02   0.62714E-02
 1659.81   0.70032E-02   0.61356E-02   0.61423E-02
 1673.41   0.68621E-02   0.60043E-02   0.60166E-02
 1687.02   0.67244E-02   0.58766E-02   0.58942E-02
 1700.62   0.65903E-02   0.57523E-02   0.57750E-02
 1714.23   0.64594E-02   0.56313E-02   0.56590E-02
 1727.83   0.63318E-02   0.55135E-02   0.55461E-02
 1741.44   0.62072E-02   0.53988E-02   0.54360E-02
 1755.04   0.60857E-02   0.52871E-02   0.53288E-02
 1768.65   0.59670E-02   0.51783E-02   0.52243E-02
 1782.25   0.58512E-02   0.50722E-02   0.51225E-02
 1795.86   0.57381E-02   0.49689E-02   0.50232E-02
 1809.46   0.56278E-02   0.48684E-02   0.49266E-02
 1823.07   0.55201E-02   0.47704E-02   0.48323E-02
 1836.67   0.54149E-02   0.46748E-02   0.47404E-02
 1850.28   0.53121E-02   0.45817E-02   0.46507E-02
 1863.88   0.52116E-02   0.44908E-02   0.45633E-02
 1877.49   0.51134E-02   0.44022E-02   0.44779E-02
 1891.09   0.50178E-02   0.43161E-02   0.43949E-02
 1904.70   0.49241E-02   0.42318E-02   0.43137E-02
 1918.30   0.48325E-02   0.41498E-02   0.42345E-02
 1931.91   0.47431E-02   0.40697E-02   0.41573E-02
 1945.51   0.46556E-02   0.39915E-02   0.40818E-02
 1959.12   0.45700E-02   0.39152E-02   0.40081E-02
 1972.72   0.44867E-02   0.38411E-02   0.39365E-02
 1986.33   0.44047E-02   0.37684E-02   0.38661E-02
 1999.93   0.43247E-02   0.36975E-02   0.37975E-02
 2013.54   0.42464E-02   0.36283E-02   0.37305E-02
 2027.14   0.41699E-02   0.35608E-02   0.36651E-02
 2040.75   0.40949E-02   0.34948E-02   0.36011E-02
 2054.35   0.40213E-02   0.34302E-02   0.35384E-02
 2067.96   0.39499E-02   0.33676E-02   0.34776E-02
 2081.56   0.38796E-02   0.33060E-02   0.34179E-02
 2095.17   0.38108E-02   0.32460E-02   0.33595E-02
 2108.77   0.37434E-02   0.31873E-02   0.33025E-02
 2122.38   0.36775E-02   0.31300E-02   0.32467E-02
 2135.98   0.36128E-02   0.30739E-02   0.31920E-02
 2149.59   0.35498E-02   0.30193E-02   0.31389E-02
 2163.19   0.34877E-02   0.29657E-02   0.30865E-02
 2176.80   0.34269E-02   0.29133E-02   0.30354E-02
 2190.40   0.33674E-02   0.28621E-02   0.29854E-02
 2204.01   0.33092E-02   0.28121E-02   0.29365E-02
 2217.61   0.32521E-02   0.27631E-02   0.28886E-02
 2231.22   0.31961E-02   0.27152E-02   0.28417E-02
 2244.82   0.31413E-02   0.26685E-02   0.27960E-02
 2258.43   0.30875E-02   0.26227E-02   0.27510E-02
 2272.03   0.30347E-02   0.25779E-02   0.27070E-02
 2285.64   0.29830E-02   0.25340E-02   0.26640E-02
 2299.24   0.29324E-02   0.24911E-02   0.26218E-02
 2312.85   0.28827E-02   0.24492E-02   0.25806E-02
 2326.45   0.28340E-02   0.24081E-02   0.25401E-02
 2340.06   0.27863E-02   0.23680E-02   0.25006E-02
 2353.66   0.27395E-02   0.23286E-02   0.24618E-02
 2367.27   0.26935E-02   0.22901E-02   0.24238E-02
 2380.87   0.26484E-02   0.22524E-02   0.23865E-02
 2394.48   0.26042E-02   0.22155E-02   0.23500E-02
 2408.08   0.25609E-02   0.21794E-02   0.23143E-02
 2421.69   0.25184E-02   0.21440E-02   0.22793E-02
 2435.29   0.24767E-02   0.21094E-02   0.22449E-02
 2448.90   0.24358E-02   0.20755E-02   0.22113E-02
 2462.50   0.23956E-02   0.20423E-02   0.21783E-02
 2476.11   0.23562E-02   0.20097E-02   0.21459E-02
 2489.71   0.23174E-02   0.19778E-02   0.21141E-02
 2503.32   0.22794E-02   0.19465E-02   0.20830E-02
 2516.92   0.22422E-02   0.19159E-02   0.20525E-02
 2530.53   0.22056E-02   0.18860E-02   0.20226E-02
 2544.13   0.21697E-02   0.18567E-02   0.19933E-02
 2557.74   0.21345E-02   0.18279E-02   0.19645E-02
 2571.34   0.20999E-02   0.17997E-02   0.19363E-02
 2584.95   0.20658E-02   0.17720E-02   0.19085E-02
 2598.55   0.20324E-02   0.17448E-02   0.18812E-02
 2612.16   0.19995E-02   0.17181E-02   0.18544E-02
 2625.76   0.19675E-02   0.16922E-02   0.18284E-02
 2639.37   0.19359E-02   0.16666E-02   0.18027E-02
 2652.97   0.19048E-02   0.16416E-02   0.17774E-02
 2666.58   0.18743E-02   0.16170E-02   0.17527E-02
 2680.18   0.18443E-02   0.15929E-02   0.17283E-02
 2693.79   0.18148E-02   0.15692E-02   0.17044E-02
 2707.39   0.17857E-02   0.15459E-02   0.16807E-02
 2721.00   0.17577E-02   0.15234E-02   0.16580E-02
 2734.60   0.17296E-02   0.15010E-02   0.16353E-02
 2748.21   0.17021E-02   0.14791E-02   0.16130E-02
 2761.81   0.16752E-02   0.14576E-02   0.15912E-02
 2775.42   0.16487E-02   0.14365E-02   0.15698E-02
 2789.02   0.16227E-02   0.14159E-02   0.15487E-02
 2802.63   0.15970E-02   0.13955E-02   0.15279E-02
 2816.23   0.15718E-02   0.13755E-02   0.15075E-02
 2829.84   0.15473E-02   0.13561E-02   0.14877E-02
 2843.44   0.15230E-02   0.13369E-02   0.14680E-02
 2857.05   0.14991E-02   0.13180E-02   0.14487E-02
 2870.65   0.14756E-02   0.12995E-02   0.14297E-02
 2884.26   0.14525E-02   0.12814E-02   0.14111E-02
 2897.86   0.14299E-02   0.12636E-02   0.13928E-02
 2911.47   0.14075E-02   0.12460E-02   0.13747E-02
 2925.07   0.13858E-02   0.12290E-02   0.13572E-02
 2938.68   0.13642E-02   0.12121E-02   0.13397E-02
 2952.28   0.13430E-02   0.11955E-02   0.13226E-02
 2965.89   0.13221E-02   0.11792E-02   0.13057E-02
 2979.49   0.13017E-02   0.11632E-02   0.12891E-02
 2993.10   0.12815E-02   0.11475E-02   0.12729E-02
 3006.70   0.12618E-02   0.11321E-02   0.12569E-02
 3020.31   0.12423E-02   0.11170E-02   0.12411E-02
 3033.91   0.12233E-02   0.11022E-02   0.12257E-02
 3047.52   0.12044E-02   0.10876E-02   0.12105E-02
 3061.12   0.11859E-02   0.10732E-02   0.11955E-02
 3074.73   0.11677E-02   0.10591E-02   0.11807E-02
 3088.33   0.11497E-02   0.10452E-02   0.11662E-02
 3101.94   0.11321E-02   0.10316E-02   0.11519E-02
 3115.54   0.11148E-02   0.10182E-02   0.11379E-02
 3129.15   0.10978E-02   0.10051E-02   0.11241E-02
 3142.75   0.10811E-02   0.99215E-03   0.11106E-02
 3156.36   0.10647E-02   0.97945E-03   0.10972E-02
 3169.96   0.10484E-02   0.96696E-03   0.10840E-02
 3183.57   0.10325E-02   0.95466E-03   0.10710E-02
 3197.17   0.10168E-02   0.94256E-03   0.10582E-02
 3210.78   0.10013E-02   0.93067E-03   0.10457E-02
 3224.38   0.98613E-03   0.91899E-03   0.10333E-02
 3237.99   0.97121E-03   0.90753E-03   0.10211E-02
 3251.59   0.95657E-03   0.89629E-03   0.10092E-02
 3265.20   0.94213E-03   0.88521E-03   0.99739E-03
 3278.80   0.92792E-03   0.87431E-03   0.98578E-03
 3292.41   0.91393E-03   0.86357E-03   0.97433E-03
 3306.01   0.90014E-03   0.85300E-03   0.96303E-03
 3319.62   0.88657E-03   0.84259E-03   0.95189E-03
 3333.22   0.87320E-03   0.83234E-03   0.94091E-03
 3346.83   0.86006E-03   0.82227E-03   0.93011E-03
 3360.43   0.84728E-03   0.81250E-03   0.91963E-03
 3374.04   0.83456E-03   0.80276E-03   0.90916E-03
 3387.64   0.82208E-03   0.79321E-03   0.89887E-03
 3401.25   0.80980E-03   0.78381E-03   0.88874E-03
 3414.85   0.79770E-03   0.77455E-03   0.87874E-03
 3428.46   0.78578E-03   0.76542E-03   0.86887E-03
 3442.06   0.77402E-03   0.75642E-03   0.85911E-03
 3455.67   0.76236E-03   0.74747E-03   0.84940E-03
 3469.27   0.75132E-03   0.73908E-03   0.84032E-03
 3482.88   0.74005E-03   0.73043E-03   0.83091E-03
 3496.48   0.72906E-03   0.72201E-03   0.82175E-03
 3510.09   0.71826E-03   0.71375E-03   0.81274E-03
 3523.69   0.70763E-03   0.70561E-03   0.80386E-03
 3537.30   0.69716E-03   0.69760E-03   0.79510E-03
 3550.90   0.68684E-03   0.68969E-03   0.78644E-03
 3564.51   0.67663E-03   0.68185E-03   0.77785E-03
 3578.11   0.66647E-03   0.67402E-03   0.76924E-03
 3591.72   0.65698E-03   0.66681E-03   0.76134E-03
 3605.32   0.64726E-03   0.65935E-03   0.75312E-03
 3618.93   0.63773E-03   0.65203E-03   0.74506E-03
 3632.53   0.62837E-03   0.64485E-03   0.73714E-03
 3646.14   0.61917E-03   0.63778E-03   0.72933E-03
 3659.74   0.61011E-03   0.63082E-03   0.72163E-03
 3673.35   0.60117E-03   0.62394E-03   0.71401E-03
 3686.95   0.59227E-03   0.61706E-03   0.70637E-03
 3700.56   0.58391E-03   0.61070E-03   0.69932E-03
 3714.16   0.57528E-03   0.60403E-03   0.69189E-03
 3727.77   0.56687E-03   0.59753E-03   0.68465E-03
 3741.37   0.55861E-03   0.59115E-03   0.67753E-03
 3754.98   0.55049E-03   0.58488E-03   0.67053E-03
 3768.58   0.54251E-03   0.57871E-03   0.66363E-03
 3782.19   0.53465E-03   0.57264E-03   0.65683E-03
 3795.79   0.52691E-03   0.56664E-03   0.65011E-03
 3809.40   0.51925E-03   0.56069E-03   0.64342E-03
 3823.00   0.51188E-03   0.55501E-03   0.63704E-03
 3836.61   0.50446E-03   0.54923E-03   0.63053E-03
 3850.21   0.49717E-03   0.54355E-03   0.62413E-03
 3863.82   0.48999E-03   0.53796E-03   0.61782E-03
 3877.42   0.48294E-03   0.53246E-03   0.61160E-03
 3891.03   0.47601E-03   0.52705E-03   0.60547E-03
 3904.63   0.46920E-03   0.52173E-03   0.59944E-03
 3918.24   0.46249E-03   0.51649E-03   0.59349E-03
 3931.84   0.45587E-03   0.51129E-03   0.58759E-03
 3945.45   0.44942E-03   0.50625E-03   0.58185E-03
 3959.05   0.44301E-03   0.50121E-03   0.57611E-03
 3972.66   0.43669E-03   0.49623E-03   0.57043E-03
 3986.26   0.43046E-03   0.49132E-03   0.56482E-03
 3999.87   0.42434E-03   0.48647E-03   0.55928E-03
 4013.47   0.41831E-03   0.48170E-03   0.55381E-03
 4027.08   0.41239E-03   0.47701E-03   0.54843E-03
 4040.68   0.40657E-03   0.47240E-03   0.54314E-03
 4054.29   0.40085E-03   0.46786E-03   0.53792E-03
 4067.89   0.39522E-03   0.46338E-03   0.53276E-03
 4081.50   0.38967E-03   0.45896E-03   0.52766E-03
 4095.10   0.38420E-03   0.45459E-03   0.52262E-03
 4108.71   0.37881E-03   0.45027E-03   0.51762E-03
 4122.31   0.37349E-03   0.44600E-03   0.51268E-03
 4135.92   0.36826E-03   0.44178E-03   0.50780E-03
 4149.52   0.36311E-03   0.43762E-03   0.50297E-03
 4163.13   0.35804E-03   0.43353E-03   0.49822E-03
 4176.73   0.35307E-03   0.42951E-03   0.49355E-03
 4190.34   0.34821E-03   0.42559E-03   0.48898E-03
 4203.94   0.34339E-03   0.42168E-03   0.48442E-03
 4217.55   0.33866E-03   0.41782E-03   0.47992E-03
 4231.15   0.33399E-03   0.41402E-03   0.47547E-03
 4244.76   0.32938E-03   0.41025E-03   0.47106E-03
 4258.36   0.32484E-03   0.40652E-03   0.46669E-03
 4271.97   0.32036E-03   0.40283E-03   0.46236E-03
 4285.57   0.31595E-03   0.39918E-03   0.45807E-03
 4299.18   0.31162E-03   0.39559E-03   0.45386E-03
 4312.78   0.30747E-03   0.39219E-03   0.44986E-03
 4326.39   0.30325E-03   0.38869E-03   0.44572E-03
 4339.99   0.29914E-03   0.38526E-03   0.44168E-03
 4353.60   0.29510E-03   0.38189E-03   0.43770E-03
 4367.20   0.29111E-03   0.37855E-03   0.43375E-03
 4380.81   0.28718E-03   0.37525E-03   0.42985E-03
 4394.41   0.28330E-03   0.37198E-03   0.42597E-03
 4408.02   0.27947E-03   0.36873E-03   0.42212E-03
 4421.62   0.27565E-03   0.36546E-03   0.41823E-03
 4435.23   0.27224E-03   0.36270E-03   0.41493E-03
 4448.83   0.26847E-03   0.35941E-03   0.41103E-03
 4462.44   0.26488E-03   0.35633E-03   0.40736E-03
 4476.04   0.26136E-03   0.35332E-03   0.40376E-03
 4489.65   0.25791E-03   0.35035E-03   0.40021E-03
 4503.25   0.25451E-03   0.34742E-03   0.39671E-03
 4516.86   0.25116E-03   0.34452E-03   0.39324E-03
 4530.46   0.24785E-03   0.34164E-03   0.38979E-03
 4544.07   0.24457E-03   0.33877E-03   0.38634E-03
 4557.67   0.24132E-03   0.33590E-03   0.38291E-03
 4571.28   0.23834E-03   0.33337E-03   0.37985E-03
 4584.88   0.23519E-03   0.33057E-03   0.37648E-03
 4598.49   0.23213E-03   0.32785E-03   0.37321E-03
 4612.09   0.22912E-03   0.32518E-03   0.36999E-03
 4625.70   0.22617E-03   0.32256E-03   0.36682E-03
 4639.30   0.22327E-03   0.31997E-03   0.36370E-03
 4652.91   0.22042E-03   0.31741E-03   0.36060E-03
 4666.51   0.21760E-03   0.31488E-03   0.35753E-03
 4680.12   0.21480E-03   0.31232E-03   0.35444E-03
 4693.72   0.21198E-03   0.30971E-03   0.35128E-03
 4707.33   0.20948E-03   0.30754E-03   0.34863E-03
 4720.93   0.20681E-03   0.30508E-03   0.34564E-03
 4734.54   0.20419E-03   0.30267E-03   0.34271E-03
 4748.14   0.20163E-03   0.30029E-03   0.33982E-03
 4761.75   0.19911E-03   0.29796E-03   0.33698E-03
 4775.35   0.19664E-03   0.29566E-03   0.33418E-03
 4788.96   0.19421E-03   0.29340E-03   0.33141E-03
 4802.56   0.19181E-03   0.29116E-03   0.32867E-03
 4816.17   0.18944E-03   0.28891E-03   0.32593E-03
 4829.77   0.18722E-03   0.28687E-03   0.32342E-03
 4843.38   0.18489E-03   0.28463E-03   0.32068E-03
 4856.98   0.18262E-03   0.28246E-03   0.31802E-03
 4870.59   0.18040E-03   0.28032E-03   0.31540E-03
 4884.19   0.17821E-03   0.27820E-03   0.31280E-03
 4897.80   0.17606E-03   0.27612E-03   0.31024E-03
 4911.40   0.17395E-03   0.27407E-03   0.30772E-03
 4925.01   0.17188E-03   0.27205E-03   0.30523E-03
 4938.61   0.16984E-03   0.27005E-03   0.30278E-03
 4952.22   0.16784E-03   0.26808E-03   0.30035E-03
 4965.82   0.16589E-03   0.26617E-03   0.29798E-03
 4979.43   0.16395E-03   0.26423E-03   0.29559E-03
 4993.03   0.16203E-03   0.26231E-03   0.29322E-03
 5006.64   0.16014E-03   0.26041E-03   0.29087E-03
 5020.24   0.15828E-03   0.25852E-03   0.28854E-03
 5033.85   0.15645E-03   0.25665E-03   0.28623E-03
 5047.45   0.15465E-03   0.25481E-03   0.28394E-03
 5061.06   0.15288E-03   0.25299E-03   0.28169E-03
 5074.66   0.15115E-03   0.25120E-03   0.27947E-03
 5088.27   0.14945E-03   0.24944E-03   0.27729E-03
 5101.87   0.14778E-03   0.24771E-03   0.27514E-03
 5115.48   0.14614E-03   0.24599E-03   0.27300E-03
 5129.08   0.14452E-03   0.24428E-03   0.27088E-03
 5142.69   0.14292E-03   0.24259E-03   0.26877E-03
 5156.29   0.14135E-03   0.24090E-03   0.26668E-03
 5169.90   0.13979E-03   0.23923E-03   0.26460E-03
 5183.50   0.13826E-03   0.23757E-03   0.26253E-03
 5197.11   0.13675E-03   0.23593E-03   0.26049E-03
 5210.71   0.13527E-03   0.23430E-03   0.25846E-03
 5224.32   0.13381E-03   0.23269E-03   0.25645E-03
 5237.92   0.13239E-03   0.23112E-03   0.25450E-03
 5251.53   0.13103E-03   0.22962E-03   0.25262E-03
 5265.13   0.12965E-03   0.22809E-03   0.25070E-03
 5278.74   0.12830E-03   0.22657E-03   0.24881E-03
 5292.34   0.12697E-03   0.22507E-03   0.24692E-03
 5305.95   0.12566E-03   0.22357E-03   0.24505E-03
 5319.55   0.12436E-03   0.22208E-03   0.24319E-03
 5333.16   0.12309E-03   0.22059E-03   0.24134E-03
 5346.76   0.12182E-03   0.21911E-03   0.23949E-03
 5360.37   0.12057E-03   0.21763E-03   0.23764E-03
 5373.97   0.11936E-03   0.21620E-03   0.23585E-03
 5387.58   0.11825E-03   0.21493E-03   0.23423E-03
 5401.18   0.11706E-03   0.21350E-03   0.23245E-03
 5414.79   0.11591E-03   0.21212E-03   0.23072E-03
 5428.39   0.11479E-03   0.21076E-03   0.22902E-03
 5442.00   0.11369E-03   0.20942E-03   0.22733E-03
 5455.60   0.11260E-03   0.20808E-03   0.22566E-03
 5469.21   0.11152E-03   0.20675E-03   0.22399E-03
 5482.81   0.11046E-03   0.20542E-03   0.22232E-03
 5496.42   0.10940E-03   0.20408E-03   0.22065E-03
 5510.02   0.10832E-03   0.20266E-03   0.21889E-03
 5523.63   0.10752E-03   0.20177E-03   0.21771E-03
 5537.23   0.10645E-03   0.20034E-03   0.21594E-03
 5550.84   0.10546E-03   0.19905E-03   0.21434E-03
 5564.44   0.10451E-03   0.19781E-03   0.21277E-03
 5578.05   0.10357E-03   0.19658E-03   0.21124E-03
 5591.65   0.10266E-03   0.19538E-03   0.20972E-03
 5605.26   0.10176E-03   0.19418E-03   0.20821E-03
 5618.86   0.10087E-03   0.19298E-03   0.20672E-03
 5632.47   0.99993E-04   0.19179E-03   0.20522E-03
 5646.07   0.99112E-04   0.19057E-03   0.20370E-03
 5659.68   0.98244E-04   0.18936E-03   0.20219E-03
 5673.28   0.97537E-04   0.18844E-03   0.20099E-03
 5686.89   0.96680E-04   0.18722E-03   0.19947E-03
 5700.49   0.95865E-04   0.18606E-03   0.19802E-03
 5714.10   0.95073E-04   0.18492E-03   0.19661E-03
 5727.70   0.94301E-04   0.18381E-03   0.19521E-03
 5741.31   0.93546E-04   0.18272E-03   0.19384E-03
 5754.91   0.92807E-04   0.18164E-03   0.19249E-03
 5768.52   0.92079E-04   0.18057E-03   0.19114E-03
 5782.12   0.91360E-04   0.17950E-03   0.18980E-03
 5795.73   0.90635E-04   0.17840E-03   0.18843E-03
 5809.33   0.89909E-04   0.17728E-03   0.18704E-03
 5822.94   0.89333E-04   0.17644E-03   0.18595E-03
 5836.54   0.88641E-04   0.17536E-03   0.18461E-03
 5850.15   0.87971E-04   0.17431E-03   0.18330E-03
 5863.75   0.87318E-04   0.17328E-03   0.18201E-03
 5877.36   0.86681E-04   0.17226E-03   0.18074E-03
 5890.96   0.86060E-04   0.17126E-03   0.17950E-03
 5904.57   0.85454E-04   0.17028E-03   0.17827E-03
 5918.17   0.84862E-04   0.16931E-03   0.17705E-03
 5931.78   0.84280E-04   0.16835E-03   0.17585E-03
 5945.38   0.83699E-04   0.16737E-03   0.17463E-03
 5958.99   0.83110E-04   0.16637E-03   0.17339E-03
 5972.59   0.82620E-04   0.16555E-03   0.17234E-03
 5986.20   0.82066E-04   0.16459E-03   0.17115E-03
 5999.80   0.81524E-04   0.16364E-03   0.16997E-03
 6013.41   0.80992E-04   0.16270E-03   0.16880E-03
 6027.01   0.80471E-04   0.16177E-03   0.16765E-03
 6040.62   0.79963E-04   0.16085E-03   0.16651E-03
 6054.22   0.79468E-04   0.15994E-03   0.16538E-03
 6067.83   0.78986E-04   0.15905E-03   0.16428E-03
 6081.43   0.78517E-04   0.15818E-03   0.16319E-03
 6095.04   0.78058E-04   0.15731E-03   0.16211E-03
 6108.64   0.77601E-04   0.15643E-03   0.16102E-03
 6122.25   0.77173E-04   0.15561E-03   0.15999E-03
 6135.85   0.76737E-04   0.15475E-03   0.15893E-03
 6149.46   0.76307E-04   0.15390E-03   0.15787E-03
 6163.06   0.75882E-04   0.15304E-03   0.15682E-03
 6176.67   0.75464E-04   0.15219E-03   0.15577E-03
 6190.27   0.75054E-04   0.15134E-03   0.15472E-03
 6203.88   0.74653E-04   0.15050E-03   0.15369E-03
 6217.48   0.74262E-04   0.14967E-03   0.15267E-03
 6231.09   0.73883E-04   0.14886E-03   0.15167E-03
 6244.69   0.73515E-04   0.14806E-03   0.15068E-03
 6258.30   0.73164E-04   0.14728E-03   0.14972E-03
 6271.90   0.72816E-04   0.14650E-03   0.14876E-03
 6285.51   0.72476E-04   0.14572E-03   0.14780E-03
 6299.11   0.72141E-04   0.14495E-03   0.14685E-03
 6312.72   0.71811E-04   0.14417E-03   0.14590E-03
 6326.32   0.71485E-04   0.14340E-03   0.14496E-03
 6339.93   0.71163E-04   0.14262E-03   0.14401E-03
 6353.53   0.70845E-04   0.14185E-03   0.14307E-03
 6367.14   0.70534E-04   0.14108E-03   0.14213E-03
 6380.74   0.70230E-04   0.14031E-03   0.14120E-03
 6394.35   0.69931E-04   0.13955E-03   0.14027E-03
 6407.95   0.69657E-04   0.13882E-03   0.13939E-03
 6421.56   0.69417E-04   0.13816E-03   0.13857E-03
 6435.16   0.69140E-04   0.13742E-03   0.13767E-03
 6448.77   0.68882E-04   0.13670E-03   0.13680E-03
 6462.37   0.68632E-04   0.13599E-03   0.13594E-03
 6475.98   0.68386E-04   0.13529E-03   0.13509E-03
 6489.58   0.68144E-04   0.13458E-03   0.13423E-03
 6503.19   0.67905E-04   0.13387E-03   0.13338E-03
 6516.79   0.67667E-04   0.13316E-03   0.13253E-03
 6530.40   0.67432E-04   0.13245E-03   0.13167E-03
 6544.00   0.67197E-04   0.13173E-03   0.13081E-03
 6557.61   0.66942E-04   0.13096E-03   0.12991E-03
 6571.21   0.66730E-04   0.13027E-03   0.12908E-03
 6584.82   0.66624E-04   0.12978E-03   0.12846E-03
 6598.42   0.66418E-04   0.12909E-03   0.12764E-03
 6612.03   0.66229E-04   0.12842E-03   0.12684E-03
 6625.63   0.66049E-04   0.12777E-03   0.12606E-03
 6639.24   0.65876E-04   0.12713E-03   0.12529E-03
 6652.84   0.65706E-04   0.12648E-03   0.12452E-03
 6666.45   0.65538E-04   0.12583E-03   0.12375E-03
 6680.05   0.65371E-04   0.12518E-03   0.12298E-03
 6693.66   0.65202E-04   0.12451E-03   0.12220E-03
 6707.26   0.65022E-04   0.12383E-03   0.12139E-03
 6720.87   0.64864E-04   0.12317E-03   0.12063E-03
 6734.47   0.64846E-04   0.12278E-03   0.12012E-03
 6748.08   0.64659E-04   0.12206E-03   0.11929E-03
 6761.68   0.64514E-04   0.12142E-03   0.11854E-03
 6775.29   0.64383E-04   0.12080E-03   0.11781E-03
 6788.89   0.64263E-04   0.12019E-03   0.11709E-03
 6802.50   0.64150E-04   0.11959E-03   0.11639E-03
 6816.10   0.64042E-04   0.11900E-03   0.11569E-03
 6829.71   0.63937E-04   0.11840E-03   0.11500E-03
 6843.31   0.63832E-04   0.11780E-03   0.11430E-03
 6856.92   0.63723E-04   0.11719E-03   0.11359E-03
 6870.52   0.63594E-04   0.11654E-03   0.11285E-03
 6884.13   0.63479E-04   0.11591E-03   0.11213E-03
 6897.73   0.63526E-04   0.11557E-03   0.11169E-03
 6911.34   0.63409E-04   0.11493E-03   0.11095E-03
 6924.94   0.63316E-04   0.11432E-03   0.11026E-03
 6938.55   0.63235E-04   0.11374E-03   0.10959E-03
 6952.15   0.63164E-04   0.11316E-03   0.10894E-03
 6965.76   0.63101E-04   0.11260E-03   0.10829E-03
 6979.36   0.63046E-04   0.11205E-03   0.10766E-03
 6992.97   0.62994E-04   0.11150E-03   0.10703E-03
 7006.57   0.62945E-04   0.11095E-03   0.10640E-03
 7020.18   0.62894E-04   0.11040E-03   0.10577E-03
 7033.78   0.62821E-04   0.10980E-03   0.10509E-03
 7047.39   0.62749E-04   0.10920E-03   0.10442E-03
 7060.99   0.62830E-04   0.10886E-03   0.10400E-03
 7074.60   0.62773E-04   0.10828E-03   0.10336E-03
 7088.20   0.62730E-04   0.10772E-03   0.10273E-03
 7101.81   0.62694E-04   0.10717E-03   0.10211E-03
 7115.41   0.62664E-04   0.10663E-03   0.10150E-03
 7129.02   0.62643E-04   0.10610E-03   0.10091E-03
 7142.62   0.62629E-04   0.10558E-03   0.10032E-03
 7156.23   0.62621E-04   0.10507E-03   0.99746E-04
 7169.83   0.62619E-04   0.10456E-03   0.99178E-04
 7183.44   0.62620E-04   0.10405E-03   0.98612E-04
 7197.04   0.62612E-04   0.10353E-03   0.98033E-04
 7210.65   0.62596E-04   0.10299E-03   0.97438E-04
 7224.25   0.62667E-04   0.10259E-03   0.96979E-04
 7237.86   0.62667E-04   0.10208E-03   0.96408E-04
 7251.46   0.62671E-04   0.10156E-03   0.95843E-04
 7265.07   0.62678E-04   0.10105E-03   0.95281E-04
 7278.67   0.62687E-04   0.10054E-03   0.94722E-04
 7292.28   0.62701E-04   0.10004E-03   0.94170E-04
 7305.88   0.62720E-04   0.99538E-04   0.93626E-04
 7319.49   0.62747E-04   0.99049E-04   0.93092E-04
 7333.09   0.62780E-04   0.98569E-04   0.92568E-04
 7346.70   0.62820E-04   0.98097E-04   0.92052E-04
 7360.30   0.62865E-04   0.97629E-04   0.91542E-04
 7373.91   0.62908E-04   0.97157E-04   0.91030E-04
 7387.51   0.62967E-04   0.96709E-04   0.90540E-04
 7401.12   0.63017E-04   0.96244E-04   0.90037E-04
 7414.72   0.63066E-04   0.95776E-04   0.89533E-04
 7428.33   0.63115E-04   0.95305E-04   0.89027E-04
 7441.93   0.63162E-04   0.94831E-04   0.88519E-04
 7455.54   0.63210E-04   0.94356E-04   0.88013E-04
 7469.14   0.63260E-04   0.93883E-04   0.87508E-04
 7482.75   0.63314E-04   0.93414E-04   0.87010E-04
 7496.35   0.63373E-04   0.92951E-04   0.86518E-04
 7509.96   0.63437E-04   0.92495E-04   0.86034E-04
 7523.56   0.63507E-04   0.92045E-04   0.85558E-04
 7537.17   0.63594E-04   0.91619E-04   0.85104E-04
 7550.77   0.63681E-04   0.91190E-04   0.84650E-04
 7564.38   0.63764E-04   0.90755E-04   0.84191E-04
 7577.98   0.63851E-04   0.90323E-04   0.83736E-04
 7591.59   0.63937E-04   0.89891E-04   0.83282E-04
 7605.19   0.64022E-04   0.89455E-04   0.82825E-04
 7618.80   0.64106E-04   0.89015E-04   0.82367E-04
 7632.40   0.64187E-04   0.88571E-04   0.81906E-04
 7646.01   0.64268E-04   0.88126E-04   0.81445E-04
 7659.61   0.64349E-04   0.87681E-04   0.80985E-04
 7673.22   0.64431E-04   0.87236E-04   0.80528E-04
 7686.82   0.64513E-04   0.86791E-04   0.80071E-04
 7700.43   0.64565E-04   0.86304E-04   0.79576E-04
 7714.03   0.64809E-04   0.86073E-04   0.79319E-04
 7727.64   0.64871E-04   0.85599E-04   0.78838E-04
 7741.24   0.64976E-04   0.85181E-04   0.78411E-04
 7754.85   0.65090E-04   0.84773E-04   0.77994E-04
 7768.45   0.65207E-04   0.84368E-04   0.77581E-04
 7782.06   0.65323E-04   0.83963E-04   0.77169E-04
 7795.66   0.65437E-04   0.83554E-04   0.76754E-04
 7809.27   0.65548E-04   0.83140E-04   0.76337E-04
 7822.87   0.65656E-04   0.82722E-04   0.75916E-04
 7836.48   0.65760E-04   0.82299E-04   0.75492E-04
 7850.08   0.65858E-04   0.81868E-04   0.75062E-04
 7863.69   0.65934E-04   0.81410E-04   0.74608E-04
 7877.29   0.66067E-04   0.81023E-04   0.74220E-04
 7890.90   0.66326E-04   0.80789E-04   0.73974E-04
 7904.50   0.66414E-04   0.80345E-04   0.73536E-04
 7918.11   0.66536E-04   0.79942E-04   0.73137E-04
 7931.71   0.66669E-04   0.79552E-04   0.72751E-04
 7945.32   0.66808E-04   0.79170E-04   0.72372E-04
 7958.92   0.66949E-04   0.78790E-04   0.71997E-04
 7972.53   0.67090E-04   0.78409E-04   0.71622E-04
 7986.13   0.67228E-04   0.78025E-04   0.71245E-04
 7999.74   0.67361E-04   0.77634E-04   0.70864E-04
 8013.34   0.67486E-04   0.77235E-04   0.70475E-04
 8026.95   0.67595E-04   0.76819E-04   0.70072E-04
 8040.55   0.67635E-04   0.76324E-04   0.69598E-04
 8054.16   0.67775E-04   0.75944E-04   0.69230E-04
 8067.76   0.68144E-04   0.75818E-04   0.69094E-04
 8081.37   0.68249E-04   0.75397E-04   0.68690E-04
 8094.97   0.68382E-04   0.75008E-04   0.68316E-04
 8108.58   0.68527E-04   0.74632E-04   0.67956E-04
 8122.18   0.68680E-04   0.74266E-04   0.67605E-04
 8135.79   0.68839E-04   0.73906E-04   0.67260E-04
 8149.39   0.69000E-04   0.73548E-04   0.66919E-04
 8163.00   0.69161E-04   0.73191E-04   0.66578E-04
 8176.60   0.69318E-04   0.72829E-04   0.66235E-04
 8190.21   0.69466E-04   0.72459E-04   0.65885E-04
 8203.81   0.69594E-04   0.72068E-04   0.65516E-04
 8217.42   0.69594E-04   0.71547E-04   0.65030E-04
 8231.02   0.70185E-04   0.71631E-04   0.65096E-04
 8244.63   0.70194E-04   0.71120E-04   0.64621E-04
 8258.23   0.70315E-04   0.70725E-04   0.64252E-04
 8271.84   0.70457E-04   0.70351E-04   0.63904E-04
 8285.44   0.70609E-04   0.69988E-04   0.63566E-04
 8299.05   0.70769E-04   0.69635E-04   0.63237E-04
 8312.65   0.70937E-04   0.69289E-04   0.62916E-04
 8326.26   0.71110E-04   0.68949E-04   0.62602E-04
 8339.86   0.71287E-04   0.68613E-04   0.62291E-04
 8353.47   0.71463E-04   0.68277E-04   0.61982E-04
 8367.07   0.71635E-04   0.67938E-04   0.61670E-04
 8380.68   0.71792E-04   0.67584E-04   0.61346E-04
 8394.28   0.71835E-04   0.67126E-04   0.60928E-04
 8407.89   0.72324E-04   0.67084E-04   0.60888E-04
 8421.49   0.72406E-04   0.66663E-04   0.60505E-04
 8435.10   0.72549E-04   0.66300E-04   0.60176E-04
 8448.70   0.72702E-04   0.65948E-04   0.59856E-04
 8462.31   0.72860E-04   0.65600E-04   0.59542E-04
 8475.91   0.73022E-04   0.65259E-04   0.59234E-04
 8489.52   0.73191E-04   0.64923E-04   0.58932E-04
 8503.12   0.73366E-04   0.64595E-04   0.58637E-04
 8516.73   0.73548E-04   0.64273E-04   0.58348E-04
 8530.33   0.73734E-04   0.63955E-04   0.58065E-04
 8543.94   0.73922E-04   0.63641E-04   0.57784E-04
 8557.54   0.74107E-04   0.63324E-04   0.57503E-04
 8571.15   0.74258E-04   0.62979E-04   0.57196E-04
 8584.75   0.74567E-04   0.62769E-04   0.57012E-04
 8598.36   0.74712E-04   0.62421E-04   0.56704E-04
 8611.96   0.74882E-04   0.62095E-04   0.56416E-04
 8625.57   0.75051E-04   0.61770E-04   0.56130E-04
 8639.17   0.75218E-04   0.61444E-04   0.55844E-04
 8652.78   0.75384E-04   0.61119E-04   0.55558E-04
 8666.38   0.75551E-04   0.60796E-04   0.55275E-04
 8679.99   0.75721E-04   0.60476E-04   0.54997E-04
 8693.59   0.75897E-04   0.60162E-04   0.54723E-04
 8707.20   0.76079E-04   0.59855E-04   0.54456E-04
 8720.80   0.76267E-04   0.59553E-04   0.54195E-04
 8734.41   0.76460E-04   0.59256E-04   0.53939E-04
 8748.01   0.76657E-04   0.58963E-04   0.53687E-04
 8761.62   0.76846E-04   0.58665E-04   0.53431E-04
 8775.22   0.77054E-04   0.58383E-04   0.53189E-04
 8788.83   0.77246E-04   0.58090E-04   0.52939E-04
 8802.43   0.77434E-04   0.57794E-04   0.52686E-04
 8816.04   0.77614E-04   0.57494E-04   0.52430E-04
 8829.64   0.77789E-04   0.57191E-04   0.52172E-04
 8843.25   0.77958E-04   0.56886E-04   0.51912E-04
 8856.85   0.78125E-04   0.56580E-04   0.51652E-04
 8870.46   0.78291E-04   0.56276E-04   0.51394E-04
 8884.06   0.78459E-04   0.55974E-04   0.51139E-04
 8897.67   0.78631E-04   0.55676E-04   0.50888E-04
 8911.27   0.78808E-04   0.55384E-04   0.50641E-04
 8924.88   0.78986E-04   0.55093E-04   0.50397E-04
 8938.48   0.79200E-04   0.54829E-04   0.50179E-04
 8952.09   0.79408E-04   0.54562E-04   0.49957E-04
 8965.69   0.79596E-04   0.54282E-04   0.49724E-04
 8979.30   0.79789E-04   0.54006E-04   0.49496E-04
 8992.90   0.79979E-04   0.53731E-04   0.49268E-04
 9006.51   0.80164E-04   0.53452E-04   0.49037E-04
 9020.11   0.80342E-04   0.53171E-04   0.48805E-04
 9033.72   0.80512E-04   0.52886E-04   0.48569E-04
 9047.32   0.80675E-04   0.52597E-04   0.48331E-04
 9060.93   0.80832E-04   0.52307E-04   0.48092E-04
 9074.53   0.80987E-04   0.52017E-04   0.47852E-04
 9088.14   0.81138E-04   0.51726E-04   0.47612E-04
 9101.74   0.81280E-04   0.51431E-04   0.47369E-04
 9115.35   0.81341E-04   0.51087E-04   0.47082E-04
 9128.95   0.81854E-04   0.51027E-04   0.47056E-04
 9142.56   0.81920E-04   0.50689E-04   0.46774E-04
 9156.16   0.82084E-04   0.50414E-04   0.46551E-04
 9169.77   0.82264E-04   0.50150E-04   0.46337E-04
 9183.37   0.82447E-04   0.49889E-04   0.46128E-04
 9196.98   0.82629E-04   0.49629E-04   0.45919E-04
 9210.58   0.82805E-04   0.49368E-04   0.45709E-04
 9224.19   0.82974E-04   0.49102E-04   0.45497E-04
 9237.79   0.83133E-04   0.48833E-04   0.45281E-04
 9251.40   0.83282E-04   0.48560E-04   0.45061E-04
 9265.00   0.83419E-04   0.48282E-04   0.44837E-04
 9278.61   0.83541E-04   0.47997E-04   0.44606E-04
 9292.21   0.83616E-04   0.47687E-04   0.44353E-04
 9305.82   0.83813E-04   0.47448E-04   0.44166E-04
 9319.42   0.84264E-04   0.47353E-04   0.44114E-04
 9333.03   0.84318E-04   0.47036E-04   0.43855E-04
 9346.63   0.84452E-04   0.46766E-04   0.43639E-04
 9360.24   0.84608E-04   0.46510E-04   0.43437E-04
 9373.84   0.84773E-04   0.46260E-04   0.43241E-04
 9387.45   0.84943E-04   0.46014E-04   0.43049E-04
 9401.05   0.85111E-04   0.45770E-04   0.42859E-04
 9414.66   0.85275E-04   0.45524E-04   0.42667E-04
 9428.26   0.85429E-04   0.45275E-04   0.42473E-04
 9441.87   0.85572E-04   0.45021E-04   0.42274E-04
 9455.47   0.85697E-04   0.44760E-04   0.42068E-04
 9469.08   0.85792E-04   0.44486E-04   0.41851E-04
 9482.68   0.85787E-04   0.44161E-04   0.41586E-04
 9496.29   0.85964E-04   0.43933E-04   0.41411E-04
 9509.89   0.86505E-04   0.43890E-04   0.41412E-04
 9523.50   0.86538E-04   0.43591E-04   0.41172E-04
 9537.10   0.86639E-04   0.43327E-04   0.40965E-04
 9550.71   0.86762E-04   0.43077E-04   0.40771E-04
 9564.31   0.86899E-04   0.42836E-04   0.40585E-04
 9577.92   0.87045E-04   0.42600E-04   0.40405E-04
 9591.52   0.87195E-04   0.42369E-04   0.40229E-04
 9605.13   0.87346E-04   0.42139E-04   0.40055E-04
 9618.73   0.87493E-04   0.41909E-04   0.39880E-04
 9632.34   0.87631E-04   0.41676E-04   0.39703E-04
 9645.94   0.87752E-04   0.41437E-04   0.39520E-04
 9659.55   0.87840E-04   0.41184E-04   0.39324E-04
 9673.15   0.87804E-04   0.40876E-04   0.39075E-04
 9686.76   0.87940E-04   0.40649E-04   0.38904E-04
 9700.36   0.88486E-04   0.40613E-04   0.38915E-04
 9713.97   0.88510E-04   0.40338E-04   0.38698E-04
 9727.57   0.88584E-04   0.40087E-04   0.38504E-04
 9741.18   0.88674E-04   0.39846E-04   0.38320E-04
 9754.78   0.88775E-04   0.39611E-04   0.38142E-04
 9768.39   0.88887E-04   0.39383E-04   0.37970E-04
 9781.99   0.89006E-04   0.39160E-04   0.37803E-04
 9795.60   0.89132E-04   0.38942E-04   0.37640E-04
 9809.20   0.89260E-04   0.38726E-04   0.37481E-04
 9822.81   0.89387E-04   0.38512E-04   0.37322E-04
 9836.41   0.89506E-04   0.38295E-04   0.37161E-04
 9850.02   0.89604E-04   0.38072E-04   0.36994E-04
 9863.62   0.89623E-04   0.37816E-04   0.36795E-04
 9877.23   0.89707E-04   0.37591E-04   0.36626E-04
 9890.83   0.90125E-04   0.37505E-04   0.36593E-04
 9904.44   0.90158E-04   0.37261E-04   0.36406E-04
 9918.04   0.90218E-04   0.37030E-04   0.36231E-04
 9931.65   0.90283E-04   0.36803E-04   0.36060E-04
 9945.25   0.90352E-04   0.36579E-04   0.35892E-04
 9958.86   0.90424E-04   0.36359E-04   0.35727E-04
 9972.46   0.90504E-04   0.36143E-04   0.35567E-04
 9986.07   0.90590E-04   0.35931E-04   0.35411E-04
 9999.67   0.90684E-04   0.35725E-04   0.35260E-04
