 3795.79   0.10776E-01   0.10466E-01   0.10395E-01
 3809.40   0.10734E-01   0.10426E-01   0.10355E-01
 3823.00   0.10701E-01   0.10394E-01   0.10324E-01
 3836.61   0.10660E-01   0.10355E-01   0.10285E-01
 3850.21   0.10620E-01   0.10317E-01   0.10248E-01
 3863.82   0.10582E-01   0.10280E-01   0.10211E-01
 3877.42   0.10543E-01   0.10243E-01   0.10174E-01
 3891.03   0.10505E-01   0.10207E-01   0.10139E-01
 3904.63   0.10468E-01   0.10170E-01   0.10103E-01
 3918.24   0.10429E-01   0.10134E-01   0.10067E-01
 3931.84   0.10390E-01   0.10096E-01   0.10029E-01
 3945.45   0.10357E-01   0.10064E-01   0.99978E-02
 3959.05   0.10319E-01   0.10027E-01   0.99615E-02
 3972.66   0.10281E-01   0.99912E-02   0.99256E-02
 3986.26   0.10243E-01   0.99554E-02   0.98902E-02
 3999.87   0.10207E-01   0.99199E-02   0.98552E-02
 4013.47   0.10170E-01   0.98850E-02   0.98207E-02
 4027.08   0.10134E-01   0.98505E-02   0.97866E-02
 4040.68   0.10098E-01   0.98161E-02   0.97525E-02
 4054.29   0.10062E-01   0.97808E-02   0.97177E-02
 4067.89   0.10028E-01   0.97486E-02   0.96859E-02
 4081.50   0.99922E-02   0.97142E-02   0.96518E-02
 4095.10   0.99564E-02   0.96797E-02   0.96178E-02
 4108.71   0.99206E-02   0.96454E-02   0.95838E-02
 4122.31   0.98851E-02   0.96112E-02   0.95501E-02
 4135.92   0.98500E-02   0.95775E-02   0.95167E-02
 4149.52   0.98153E-02   0.95441E-02   0.94837E-02
 4163.13   0.97811E-02   0.95112E-02   0.94512E-02
 4176.73   0.97472E-02   0.94787E-02   0.94191E-02
 4190.34   0.97135E-02   0.94463E-02   0.93870E-02
 4203.94   0.96798E-02   0.94139E-02   0.93550E-02
 4217.55   0.96460E-02   0.93814E-02   0.93229E-02
 4231.15   0.96121E-02   0.93488E-02   0.92906E-02
 4244.76   0.95781E-02   0.93161E-02   0.92583E-02
 4258.36   0.95442E-02   0.92834E-02   0.92260E-02
 4271.97   0.95105E-02   0.92510E-02   0.91939E-02
 4285.57   0.94771E-02   0.92189E-02   0.91622E-02
 4299.18   0.94445E-02   0.91876E-02   0.91312E-02
 4312.78   0.94130E-02   0.91572E-02   0.91012E-02
 4326.39   0.93806E-02   0.91260E-02   0.90703E-02
 4339.99   0.93486E-02   0.90951E-02   0.90398E-02
 4353.60   0.93165E-02   0.90643E-02   0.90093E-02
 4367.20   0.92843E-02   0.90333E-02   0.89787E-02
 4380.81   0.92520E-02   0.90021E-02   0.89478E-02
 4394.41   0.92196E-02   0.89709E-02   0.89169E-02
 4408.02   0.91870E-02   0.89395E-02   0.88859E-02
 4421.62   0.91536E-02   0.89073E-02   0.88540E-02
 4435.23   0.91294E-02   0.88840E-02   0.88310E-02
 4448.83   0.90949E-02   0.88507E-02   0.87981E-02
 4462.44   0.90638E-02   0.88207E-02   0.87684E-02
 4476.04   0.90332E-02   0.87912E-02   0.87392E-02
 4489.65   0.90028E-02   0.87619E-02   0.87102E-02
 4503.25   0.89723E-02   0.87325E-02   0.86811E-02
 4516.86   0.89416E-02   0.87029E-02   0.86518E-02
 4530.46   0.89106E-02   0.86729E-02   0.86222E-02
 4544.07   0.88789E-02   0.86423E-02   0.85919E-02
 4557.67   0.88473E-02   0.86118E-02   0.85617E-02
 4571.28   0.88238E-02   0.85891E-02   0.85392E-02
 4584.88   0.87921E-02   0.85585E-02   0.85090E-02
 4598.49   0.87622E-02   0.85296E-02   0.84803E-02
 4612.09   0.87329E-02   0.85013E-02   0.84523E-02
 4625.70   0.87040E-02   0.84733E-02   0.84247E-02
 4639.30   0.86751E-02   0.84454E-02   0.83971E-02
 4652.91   0.86461E-02   0.84173E-02   0.83693E-02
 4666.51   0.86166E-02   0.83889E-02   0.83411E-02
 4680.12   0.85856E-02   0.83588E-02   0.83113E-02
 4693.72   0.85521E-02   0.83264E-02   0.82793E-02
 4707.33   0.85338E-02   0.83087E-02   0.82618E-02
 4720.93   0.85038E-02   0.82797E-02   0.82331E-02
 4734.54   0.84750E-02   0.82518E-02   0.82055E-02
 4748.14   0.84468E-02   0.82245E-02   0.81784E-02
 4761.75   0.84191E-02   0.81976E-02   0.81518E-02
 4775.35   0.83916E-02   0.81710E-02   0.81255E-02
 4788.96   0.83642E-02   0.81445E-02   0.80993E-02
 4802.56   0.83365E-02   0.81176E-02   0.80727E-02
 4816.17   0.83069E-02   0.80888E-02   0.80442E-02
 4829.77   0.82888E-02   0.80714E-02   0.80270E-02
 4843.38   0.82573E-02   0.80408E-02   0.79966E-02
 4856.98   0.82290E-02   0.80134E-02   0.79695E-02
 4870.59   0.82014E-02   0.79865E-02   0.79429E-02
 4884.19   0.81742E-02   0.79601E-02   0.79168E-02
 4897.80   0.81474E-02   0.79342E-02   0.78911E-02
 4911.40   0.81211E-02   0.79086E-02   0.78658E-02
 4925.01   0.80951E-02   0.78833E-02   0.78408E-02
 4938.61   0.80692E-02   0.78581E-02   0.78158E-02
 4952.22   0.80423E-02   0.78320E-02   0.77900E-02
 4965.82   0.80204E-02   0.78108E-02   0.77690E-02
 4979.43   0.79932E-02   0.77843E-02   0.77427E-02
 4993.03   0.79668E-02   0.77587E-02   0.77173E-02
 5006.64   0.79406E-02   0.77331E-02   0.76921E-02
 5020.24   0.79145E-02   0.77077E-02   0.76669E-02
 5033.85   0.78886E-02   0.76826E-02   0.76420E-02
 5047.45   0.78631E-02   0.76578E-02   0.76174E-02
 5061.06   0.78381E-02   0.76334E-02   0.75933E-02
 5074.66   0.78135E-02   0.76094E-02   0.75695E-02
 5088.27   0.77890E-02   0.75856E-02   0.75460E-02
 5101.87   0.77651E-02   0.75623E-02   0.75229E-02
 5115.48   0.77407E-02   0.75385E-02   0.74994E-02
 5129.08   0.77163E-02   0.75147E-02   0.74758E-02
 5142.69   0.76917E-02   0.74907E-02   0.74520E-02
 5156.29   0.76670E-02   0.74666E-02   0.74281E-02
 5169.90   0.76422E-02   0.74424E-02   0.74042E-02
 5183.50   0.76175E-02   0.74183E-02   0.73803E-02
 5197.11   0.75931E-02   0.73945E-02   0.73567E-02
 5210.71   0.75691E-02   0.73710E-02   0.73335E-02
 5224.32   0.75453E-02   0.73478E-02   0.73105E-02
 5237.92   0.75225E-02   0.73255E-02   0.72884E-02
 5251.53   0.74997E-02   0.73032E-02   0.72663E-02
 5265.13   0.74767E-02   0.72807E-02   0.72441E-02
 5278.74   0.74537E-02   0.72582E-02   0.72218E-02
 5292.34   0.74305E-02   0.72355E-02   0.71993E-02
 5305.95   0.74071E-02   0.72126E-02   0.71767E-02
 5319.55   0.73835E-02   0.71896E-02   0.71538E-02
 5333.16   0.73599E-02   0.71665E-02   0.71309E-02
 5346.76   0.73363E-02   0.71433E-02   0.71080E-02
 5360.37   0.73125E-02   0.71200E-02   0.70849E-02
 5373.97   0.72900E-02   0.70980E-02   0.70631E-02
 5387.58   0.72707E-02   0.70791E-02   0.70444E-02
 5401.18   0.72478E-02   0.70566E-02   0.70222E-02
 5414.79   0.72258E-02   0.70350E-02   0.70007E-02
 5428.39   0.72040E-02   0.70136E-02   0.69795E-02
 5442.00   0.71821E-02   0.69921E-02   0.69583E-02
 5455.60   0.71600E-02   0.69704E-02   0.69368E-02
 5469.21   0.71377E-02   0.69485E-02   0.69151E-02
 5482.81   0.71151E-02   0.69263E-02   0.68931E-02
 5496.42   0.70919E-02   0.69036E-02   0.68706E-02
 5510.02   0.70661E-02   0.68783E-02   0.68455E-02
 5523.63   0.70575E-02   0.68697E-02   0.68370E-02
 5537.23   0.70306E-02   0.68433E-02   0.68109E-02
 5550.84   0.70085E-02   0.68215E-02   0.67893E-02
 5564.44   0.69873E-02   0.68006E-02   0.67686E-02
 5578.05   0.69664E-02   0.67801E-02   0.67483E-02
 5591.65   0.69458E-02   0.67597E-02   0.67281E-02
 5605.26   0.69250E-02   0.67393E-02   0.67079E-02
 5618.86   0.69040E-02   0.67186E-02   0.66874E-02
 5632.47   0.68824E-02   0.66974E-02   0.66664E-02
 5646.07   0.68597E-02   0.66750E-02   0.66442E-02
 5659.68   0.68374E-02   0.66530E-02   0.66224E-02
 5673.28   0.68260E-02   0.66417E-02   0.66112E-02
 5686.89   0.68024E-02   0.66184E-02   0.65881E-02
 5700.49   0.67810E-02   0.65973E-02   0.65673E-02
 5714.10   0.67605E-02   0.65770E-02   0.65472E-02
 5727.70   0.67405E-02   0.65573E-02   0.65276E-02
 5741.31   0.67208E-02   0.65378E-02   0.65083E-02
 5754.91   0.67012E-02   0.65184E-02   0.64891E-02
 5768.52   0.66815E-02   0.64989E-02   0.64699E-02
 5782.12   0.66613E-02   0.64790E-02   0.64501E-02
 5795.73   0.66396E-02   0.64575E-02   0.64288E-02
 5809.33   0.66171E-02   0.64353E-02   0.64068E-02
 5822.94   0.66069E-02   0.64251E-02   0.63967E-02
 5836.54   0.65853E-02   0.64037E-02   0.63755E-02
 5850.15   0.65648E-02   0.63834E-02   0.63554E-02
 5863.75   0.65449E-02   0.63637E-02   0.63359E-02
 5877.36   0.65255E-02   0.63445E-02   0.63169E-02
 5890.96   0.65065E-02   0.63256E-02   0.62982E-02
 5904.57   0.64878E-02   0.63071E-02   0.62799E-02
 5918.17   0.64693E-02   0.62887E-02   0.62617E-02
 5931.78   0.64507E-02   0.62702E-02   0.62433E-02
 5945.38   0.64309E-02   0.62506E-02   0.62239E-02
 5958.99   0.64097E-02   0.62295E-02   0.62031E-02
 5972.59   0.63979E-02   0.62177E-02   0.61914E-02
 5986.20   0.63782E-02   0.61982E-02   0.61720E-02
 5999.80   0.63589E-02   0.61790E-02   0.61530E-02
 6013.41   0.63398E-02   0.61600E-02   0.61342E-02
 6027.01   0.63210E-02   0.61413E-02   0.61157E-02
 6040.62   0.63025E-02   0.61229E-02   0.60975E-02
 6054.22   0.62844E-02   0.61049E-02   0.60796E-02
 6067.83   0.62667E-02   0.60872E-02   0.60621E-02
 6081.43   0.62492E-02   0.60698E-02   0.60449E-02
 6095.04   0.62317E-02   0.60523E-02   0.60276E-02
 6108.64   0.62133E-02   0.60340E-02   0.60095E-02
 6122.25   0.61981E-02   0.60188E-02   0.59944E-02
 6135.85   0.61804E-02   0.60011E-02   0.59769E-02
 6149.46   0.61625E-02   0.59833E-02   0.59593E-02
 6163.06   0.61446E-02   0.59654E-02   0.59415E-02
 6176.67   0.61265E-02   0.59474E-02   0.59237E-02
 6190.27   0.61086E-02   0.59295E-02   0.59059E-02
 6203.88   0.60909E-02   0.59118E-02   0.58884E-02
 6217.48   0.60735E-02   0.58944E-02   0.58712E-02
 6231.09   0.60565E-02   0.58774E-02   0.58544E-02
 6244.69   0.60398E-02   0.58607E-02   0.58379E-02
 6258.30   0.60237E-02   0.58445E-02   0.58219E-02
 6271.90   0.60074E-02   0.58282E-02   0.58057E-02
 6285.51   0.59911E-02   0.58119E-02   0.57895E-02
 6299.11   0.59747E-02   0.57954E-02   0.57733E-02
 6312.72   0.59581E-02   0.57788E-02   0.57568E-02
 6326.32   0.59412E-02   0.57619E-02   0.57400E-02
 6339.93   0.59242E-02   0.57448E-02   0.57231E-02
 6353.53   0.59070E-02   0.57276E-02   0.57061E-02
 6367.14   0.58899E-02   0.57105E-02   0.56892E-02
 6380.74   0.58730E-02   0.56935E-02   0.56723E-02
 6394.35   0.58561E-02   0.56765E-02   0.56555E-02
 6407.95   0.58406E-02   0.56610E-02   0.56402E-02
 6421.56   0.58270E-02   0.56472E-02   0.56265E-02
 6435.16   0.58106E-02   0.56306E-02   0.56102E-02
 6448.77   0.57950E-02   0.56149E-02   0.55946E-02
 6462.37   0.57795E-02   0.55993E-02   0.55792E-02
 6475.98   0.57639E-02   0.55837E-02   0.55637E-02
 6489.58   0.57481E-02   0.55677E-02   0.55479E-02
 6503.19   0.57320E-02   0.55516E-02   0.55319E-02
 6516.79   0.57157E-02   0.55351E-02   0.55156E-02
 6530.40   0.56991E-02   0.55184E-02   0.54991E-02
 6544.00   0.56821E-02   0.55014E-02   0.54823E-02
 6557.61   0.56632E-02   0.54825E-02   0.54635E-02
 6571.21   0.56475E-02   0.54667E-02   0.54478E-02
 6584.82   0.56398E-02   0.54586E-02   0.54399E-02
 6598.42   0.56237E-02   0.54424E-02   0.54239E-02
 6612.03   0.56086E-02   0.54271E-02   0.54087E-02
 6625.63   0.55938E-02   0.54121E-02   0.53940E-02
 6639.24   0.55792E-02   0.53973E-02   0.53793E-02
 6652.84   0.55644E-02   0.53823E-02   0.53645E-02
 6666.45   0.55493E-02   0.53671E-02   0.53494E-02
 6680.05   0.55338E-02   0.53515E-02   0.53340E-02
 6693.66   0.55179E-02   0.53353E-02   0.53180E-02
 6707.26   0.55006E-02   0.53180E-02   0.53008E-02
 6720.87   0.54850E-02   0.53022E-02   0.52852E-02
 6734.47   0.54810E-02   0.52977E-02   0.52808E-02
 6748.08   0.54621E-02   0.52787E-02   0.52620E-02
 6761.68   0.54463E-02   0.52628E-02   0.52463E-02
 6775.29   0.54316E-02   0.52478E-02   0.52314E-02
 6788.89   0.54173E-02   0.52333E-02   0.52171E-02
 6802.50   0.54033E-02   0.52191E-02   0.52030E-02
 6816.10   0.53894E-02   0.52050E-02   0.51891E-02
 6829.71   0.53754E-02   0.51907E-02   0.51750E-02
 6843.31   0.53610E-02   0.51761E-02   0.51606E-02
 6856.92   0.53459E-02   0.51609E-02   0.51454E-02
 6870.52   0.53287E-02   0.51435E-02   0.51282E-02
 6884.13   0.53125E-02   0.51272E-02   0.51121E-02
 6897.73   0.53101E-02   0.51242E-02   0.51092E-02
 6911.34   0.52931E-02   0.51070E-02   0.50922E-02
 6924.94   0.52779E-02   0.50915E-02   0.50769E-02
 6938.55   0.52634E-02   0.50768E-02   0.50624E-02
 6952.15   0.52494E-02   0.50626E-02   0.50483E-02
 6965.76   0.52358E-02   0.50488E-02   0.50347E-02
 6979.36   0.52226E-02   0.50352E-02   0.50213E-02
 6992.97   0.52094E-02   0.50218E-02   0.50080E-02
 7006.57   0.51962E-02   0.50083E-02   0.49946E-02
 7020.18   0.51825E-02   0.49943E-02   0.49808E-02
 7033.78   0.51666E-02   0.49783E-02   0.49649E-02
 7047.39   0.51506E-02   0.49620E-02   0.49489E-02
 7060.99   0.51473E-02   0.49581E-02   0.49451E-02
 7074.60   0.51320E-02   0.49426E-02   0.49298E-02
 7088.20   0.51176E-02   0.49280E-02   0.49153E-02
 7101.81   0.51036E-02   0.49137E-02   0.49011E-02
 7115.41   0.50899E-02   0.48997E-02   0.48873E-02
 7129.02   0.50765E-02   0.48860E-02   0.48738E-02
 7142.62   0.50636E-02   0.48728E-02   0.48608E-02
 7156.23   0.50510E-02   0.48599E-02   0.48480E-02
 7169.83   0.50386E-02   0.48471E-02   0.48354E-02
 7183.44   0.50261E-02   0.48344E-02   0.48228E-02
 7197.04   0.50129E-02   0.48209E-02   0.48095E-02
 7210.65   0.49987E-02   0.48064E-02   0.47952E-02
 7224.25   0.49912E-02   0.47983E-02   0.47872E-02
 7237.86   0.49779E-02   0.47848E-02   0.47738E-02
 7251.46   0.49647E-02   0.47712E-02   0.47605E-02
 7265.07   0.49515E-02   0.47577E-02   0.47471E-02
 7278.67   0.49382E-02   0.47442E-02   0.47337E-02
 7292.28   0.49251E-02   0.47308E-02   0.47205E-02
 7305.88   0.49123E-02   0.47176E-02   0.47075E-02
 7319.49   0.48998E-02   0.47048E-02   0.46949E-02
 7333.09   0.48877E-02   0.46923E-02   0.46825E-02
 7346.70   0.48759E-02   0.46802E-02   0.46706E-02
 7360.30   0.48644E-02   0.46683E-02   0.46588E-02
 7373.91   0.48526E-02   0.46561E-02   0.46468E-02
 7387.51   0.48416E-02   0.46447E-02   0.46356E-02
 7401.12   0.48300E-02   0.46328E-02   0.46238E-02
 7414.72   0.48182E-02   0.46206E-02   0.46117E-02
 7428.33   0.48061E-02   0.46081E-02   0.45994E-02
 7441.93   0.47938E-02   0.45954E-02   0.45869E-02
 7455.54   0.47813E-02   0.45826E-02   0.45742E-02
 7469.14   0.47687E-02   0.45697E-02   0.45615E-02
 7482.75   0.47563E-02   0.45569E-02   0.45489E-02
 7496.35   0.47441E-02   0.45444E-02   0.45365E-02
 7509.96   0.47321E-02   0.45321E-02   0.45244E-02
 7523.56   0.47204E-02   0.45199E-02   0.45124E-02
 7537.17   0.47100E-02   0.45091E-02   0.45017E-02
 7550.77   0.46997E-02   0.44984E-02   0.44911E-02
 7564.38   0.46885E-02   0.44868E-02   0.44797E-02
 7577.98   0.46776E-02   0.44755E-02   0.44686E-02
 7591.59   0.46666E-02   0.44641E-02   0.44573E-02
 7605.19   0.46554E-02   0.44525E-02   0.44459E-02
 7618.80   0.46439E-02   0.44406E-02   0.44342E-02
 7632.40   0.46321E-02   0.44284E-02   0.44222E-02
 7646.01   0.46201E-02   0.44161E-02   0.44100E-02
 7659.61   0.46080E-02   0.44036E-02   0.43977E-02
 7673.22   0.45958E-02   0.43911E-02   0.43853E-02
 7686.82   0.45833E-02   0.43783E-02   0.43727E-02
 7700.43   0.45680E-02   0.43627E-02   0.43573E-02
 7714.03   0.45693E-02   0.43631E-02   0.43578E-02
 7727.64   0.45545E-02   0.43480E-02   0.43429E-02
 7741.24   0.45432E-02   0.43364E-02   0.43314E-02
 7754.85   0.45327E-02   0.43254E-02   0.43206E-02
 7768.45   0.45222E-02   0.43145E-02   0.43099E-02
 7782.06   0.45118E-02   0.43037E-02   0.42992E-02
 7795.66   0.45011E-02   0.42926E-02   0.42883E-02
 7809.27   0.44901E-02   0.42812E-02   0.42770E-02
 7822.87   0.44788E-02   0.42695E-02   0.42655E-02
 7836.48   0.44671E-02   0.42574E-02   0.42536E-02
 7850.08   0.44548E-02   0.42447E-02   0.42411E-02
 7863.69   0.44406E-02   0.42304E-02   0.42268E-02
 7877.29   0.44304E-02   0.42197E-02   0.42163E-02
 7890.90   0.44302E-02   0.42185E-02   0.42154E-02
 7904.50   0.44165E-02   0.42046E-02   0.42016E-02
 7918.11   0.44052E-02   0.41930E-02   0.41901E-02
 7931.71   0.43948E-02   0.41821E-02   0.41794E-02
 7945.32   0.43847E-02   0.41716E-02   0.41691E-02
 7958.92   0.43748E-02   0.41612E-02   0.41589E-02
 7972.53   0.43649E-02   0.41509E-02   0.41487E-02
 7986.13   0.43547E-02   0.41403E-02   0.41383E-02
 7999.74   0.43442E-02   0.41294E-02   0.41275E-02
 8013.34   0.43332E-02   0.41179E-02   0.41162E-02
 8026.95   0.43210E-02   0.41054E-02   0.41039E-02
 8040.55   0.43041E-02   0.40884E-02   0.40870E-02
 8054.16   0.42932E-02   0.40772E-02   0.40760E-02
 8067.76   0.42982E-02   0.40810E-02   0.40800E-02
 8081.37   0.42853E-02   0.40678E-02   0.40669E-02
 8094.97   0.42741E-02   0.40562E-02   0.40555E-02
 8108.58   0.42636E-02   0.40453E-02   0.40448E-02
 8122.18   0.42537E-02   0.40350E-02   0.40345E-02
 8135.79   0.42441E-02   0.40249E-02   0.40247E-02
 8149.39   0.42347E-02   0.40151E-02   0.40150E-02
 8163.00   0.42253E-02   0.40052E-02   0.40053E-02
 8176.60   0.42157E-02   0.39952E-02   0.39955E-02
 8190.21   0.42056E-02   0.39847E-02   0.39851E-02
 8203.81   0.41944E-02   0.39731E-02   0.39737E-02
 8217.42   0.41760E-02   0.39547E-02   0.39555E-02
 8231.02   0.41903E-02   0.39673E-02   0.39682E-02
 8244.63   0.41722E-02   0.39492E-02   0.39503E-02
 8258.23   0.41602E-02   0.39370E-02   0.39382E-02
 8271.84   0.41493E-02   0.39257E-02   0.39271E-02
 8285.44   0.41389E-02   0.39149E-02   0.39165E-02
 8299.05   0.41289E-02   0.39045E-02   0.39063E-02
 8312.65   0.41194E-02   0.38946E-02   0.38965E-02
 8326.26   0.41102E-02   0.38849E-02   0.38870E-02
 8339.86   0.41012E-02   0.38755E-02   0.38777E-02
 8353.47   0.40924E-02   0.38662E-02   0.38686E-02
 8367.07   0.40834E-02   0.38568E-02   0.38593E-02
 8380.68   0.40738E-02   0.38467E-02   0.38495E-02
 8394.28   0.40593E-02   0.38321E-02   0.38350E-02
 8407.89   0.40639E-02   0.38355E-02   0.38385E-02
 8421.49   0.40509E-02   0.38222E-02   0.38255E-02
 8435.10   0.40404E-02   0.38114E-02   0.38148E-02
 8448.70   0.40302E-02   0.38009E-02   0.38044E-02
 8462.31   0.40202E-02   0.37904E-02   0.37942E-02
 8475.91   0.40103E-02   0.37802E-02   0.37841E-02
 8489.52   0.40007E-02   0.37702E-02   0.37742E-02
 8503.12   0.39915E-02   0.37605E-02   0.37647E-02
 8516.73   0.39825E-02   0.37511E-02   0.37555E-02
 8530.33   0.39739E-02   0.37421E-02   0.37466E-02
 8543.94   0.39656E-02   0.37333E-02   0.37380E-02
 8557.54   0.39573E-02   0.37245E-02   0.37294E-02
 8571.15   0.39483E-02   0.37151E-02   0.37201E-02
 8584.75   0.39429E-02   0.37091E-02   0.37143E-02
 8598.36   0.39337E-02   0.36994E-02   0.37048E-02
 8611.96   0.39249E-02   0.36902E-02   0.36958E-02
 8625.57   0.39159E-02   0.36808E-02   0.36865E-02
 8639.17   0.39067E-02   0.36712E-02   0.36771E-02
 8652.78   0.38973E-02   0.36614E-02   0.36675E-02
 8666.38   0.38879E-02   0.36516E-02   0.36579E-02
 8679.99   0.38786E-02   0.36419E-02   0.36483E-02
 8693.59   0.38695E-02   0.36324E-02   0.36390E-02
 8707.20   0.38606E-02   0.36232E-02   0.36299E-02
 8720.80   0.38522E-02   0.36143E-02   0.36212E-02
 8734.41   0.38440E-02   0.36057E-02   0.36127E-02
 8748.01   0.38361E-02   0.35973E-02   0.36045E-02
 8761.62   0.38288E-02   0.35895E-02   0.35969E-02
 8775.22   0.38210E-02   0.35813E-02   0.35888E-02
 8788.83   0.38133E-02   0.35731E-02   0.35808E-02
 8802.43   0.38054E-02   0.35648E-02   0.35727E-02
 8816.04   0.37973E-02   0.35562E-02   0.35643E-02
 8829.64   0.37889E-02   0.35474E-02   0.35556E-02
 8843.25   0.37801E-02   0.35382E-02   0.35467E-02
 8856.85   0.37712E-02   0.35289E-02   0.35375E-02
 8870.46   0.37622E-02   0.35195E-02   0.35283E-02
 8884.06   0.37531E-02   0.35101E-02   0.35190E-02
 8897.67   0.37442E-02   0.35008E-02   0.35099E-02
 8911.27   0.37353E-02   0.34916E-02   0.35008E-02
 8924.88   0.37261E-02   0.34821E-02   0.34915E-02
 8938.48   0.37199E-02   0.34753E-02   0.34849E-02
 8952.09   0.37150E-02   0.34698E-02   0.34795E-02
 8965.69   0.37065E-02   0.34609E-02   0.34709E-02
 8979.30   0.36990E-02   0.34529E-02   0.34630E-02
 8992.90   0.36915E-02   0.34450E-02   0.34553E-02
 9006.51   0.36840E-02   0.34371E-02   0.34475E-02
 9020.11   0.36762E-02   0.34289E-02   0.34395E-02
 9033.72   0.36682E-02   0.34205E-02   0.34312E-02
 9047.32   0.36598E-02   0.34117E-02   0.34227E-02
 9060.93   0.36512E-02   0.34027E-02   0.34138E-02
 9074.53   0.36422E-02   0.33935E-02   0.34047E-02
 9088.14   0.36330E-02   0.33839E-02   0.33953E-02
 9101.74   0.36230E-02   0.33737E-02   0.33852E-02
 9115.35   0.36074E-02   0.33582E-02   0.33699E-02
 9128.95   0.36221E-02   0.33710E-02   0.33829E-02
 9142.56   0.36065E-02   0.33556E-02   0.33677E-02
 9156.16   0.35976E-02   0.33464E-02   0.33587E-02
 9169.77   0.35899E-02   0.33383E-02   0.33507E-02
 9183.37   0.35826E-02   0.33305E-02   0.33432E-02
 9196.98   0.35755E-02   0.33230E-02   0.33358E-02
 9210.58   0.35683E-02   0.33154E-02   0.33284E-02
 9224.19   0.35609E-02   0.33076E-02   0.33208E-02
 9237.79   0.35533E-02   0.32996E-02   0.33129E-02
 9251.40   0.35452E-02   0.32912E-02   0.33046E-02
 9265.00   0.35365E-02   0.32822E-02   0.32959E-02
 9278.61   0.35271E-02   0.32726E-02   0.32863E-02
 9292.21   0.35153E-02   0.32607E-02   0.32746E-02
 9305.82   0.35086E-02   0.32536E-02   0.32677E-02
 9319.42   0.35162E-02   0.32598E-02   0.32741E-02
 9333.03   0.35031E-02   0.32466E-02   0.32611E-02
 9346.63   0.34939E-02   0.32372E-02   0.32519E-02
 9360.24   0.34859E-02   0.32289E-02   0.32437E-02
 9373.84   0.34785E-02   0.32211E-02   0.32361E-02
 9387.45   0.34715E-02   0.32137E-02   0.32289E-02
 9401.05   0.34646E-02   0.32065E-02   0.32218E-02
 9414.66   0.34578E-02   0.31993E-02   0.32148E-02
 9428.26   0.34509E-02   0.31920E-02   0.32076E-02
 9441.87   0.34435E-02   0.31843E-02   0.32001E-02
 9455.47   0.34357E-02   0.31761E-02   0.31921E-02
 9469.08   0.34266E-02   0.31669E-02   0.31830E-02
 9482.68   0.34137E-02   0.31540E-02   0.31703E-02
 9496.29   0.34068E-02   0.31467E-02   0.31632E-02
 9509.89   0.34158E-02   0.31541E-02   0.31708E-02
 9523.50   0.34041E-02   0.31425E-02   0.31593E-02
 9537.10   0.33950E-02   0.31332E-02   0.31502E-02
 9550.71   0.33868E-02   0.31247E-02   0.31419E-02
 9564.31   0.33791E-02   0.31168E-02   0.31341E-02
 9577.92   0.33719E-02   0.31093E-02   0.31268E-02
 9591.52   0.33651E-02   0.31021E-02   0.31198E-02
 9605.13   0.33586E-02   0.30952E-02   0.31131E-02
 9618.73   0.33521E-02   0.30884E-02   0.31064E-02
 9632.34   0.33456E-02   0.30815E-02   0.30997E-02
 9645.94   0.33387E-02   0.30743E-02   0.30926E-02
 9659.55   0.33309E-02   0.30663E-02   0.30848E-02
 9673.15   0.33196E-02   0.30550E-02   0.30736E-02
 9686.76   0.33121E-02   0.30472E-02   0.30660E-02
 9700.36   0.33185E-02   0.30522E-02   0.30713E-02
 9713.97   0.33086E-02   0.30423E-02   0.30615E-02
 9727.57   0.33001E-02   0.30336E-02   0.30530E-02
 9741.18   0.32921E-02   0.30254E-02   0.30449E-02
 9754.78   0.32844E-02   0.30174E-02   0.30371E-02
 9768.39   0.32769E-02   0.30097E-02   0.30296E-02
 9781.99   0.32699E-02   0.30024E-02   0.30225E-02
 9795.60   0.32632E-02   0.29955E-02   0.30156E-02
 9809.20   0.32569E-02   0.29888E-02   0.30091E-02
 9822.81   0.32507E-02   0.29823E-02   0.30028E-02
 9836.41   0.32446E-02   0.29758E-02   0.29965E-02
 9850.02   0.32383E-02   0.29692E-02   0.29901E-02
 9863.62   0.32306E-02   0.29613E-02   0.29824E-02
 9877.23   0.32232E-02   0.29537E-02   0.29749E-02
 9890.83   0.32234E-02   0.29531E-02   0.29745E-02
 9904.44   0.32158E-02   0.29453E-02   0.29668E-02
 9918.04   0.32085E-02   0.29377E-02   0.29594E-02
 9931.65   0.32011E-02   0.29302E-02   0.29520E-02
 9945.25   0.31937E-02   0.29225E-02   0.29446E-02
 9958.86   0.31863E-02   0.29150E-02   0.29372E-02
 9972.46   0.31791E-02   0.29075E-02   0.29299E-02
 9986.07   0.31721E-02   0.29003E-02   0.29228E-02
 9999.67   0.31654E-02   0.28934E-02   0.29161E-02
