   13.60   0.10844E+00   0.11176E+00   0.10584E-01
   27.21   0.10093E+00   0.99041E-01   0.44988E-01
   40.81   0.74701E-01   0.72888E-01   0.43895E-01
   54.42   0.54515E-01   0.53773E-01   0.36449E-01
   68.02   0.40260E-01   0.41254E-01   0.29920E-01
   81.63   0.32174E-01   0.32807E-01   0.24934E-01
   95.23   0.28001E-01   0.26984E-01   0.21177E-01
  108.84   0.22150E-01   0.22767E-01   0.18311E-01
  122.44   0.19692E-01   0.19532E-01   0.16058E-01
  136.05   0.17128E-01   0.17044E-01   0.14205E-01
  149.65   0.14692E-01   0.14922E-01   0.12626E-01
  163.26   0.13410E-01   0.13201E-01   0.11264E-01
  176.86   0.11523E-01   0.11695E-01   0.10089E-01
  190.47   0.10515E-01   0.10474E-01   0.90829E-02
  204.07   0.94837E-02   0.93954E-02   0.82199E-02
  217.68   0.82569E-02   0.85170E-02   0.74784E-02
  231.28   0.81065E-02   0.77358E-02   0.68384E-02
  244.89   0.66691E-02   0.70807E-02   0.62851E-02
  258.49   0.68251E-02   0.65153E-02   0.58040E-02
  272.10   0.59008E-02   0.60090E-02   0.53839E-02
  285.70   0.54264E-02   0.55877E-02   0.50134E-02
  299.31   0.55045E-02   0.51935E-02   0.46819E-02
  312.91   0.45653E-02   0.48485E-02   0.43850E-02
  326.52   0.45886E-02   0.45449E-02   0.41147E-02
  340.12   0.44461E-02   0.42530E-02   0.38682E-02
  353.73   0.37176E-02   0.39984E-02   0.36427E-02
  367.33   0.38652E-02   0.37688E-02   0.34366E-02
  380.94   0.36985E-02   0.35474E-02   0.32481E-02
  394.54   0.31045E-02   0.33546E-02   0.30750E-02
  408.15   0.32374E-02   0.31800E-02   0.29162E-02
  421.75   0.31829E-02   0.30099E-02   0.27702E-02
  435.36   0.26565E-02   0.28596E-02   0.26355E-02
  448.96   0.26875E-02   0.27257E-02   0.25115E-02
  462.57   0.27968E-02   0.25938E-02   0.23968E-02
  476.17   0.23699E-02   0.24734E-02   0.22906E-02
  489.78   0.22184E-02   0.23685E-02   0.21920E-02
  503.38   0.24238E-02   0.22663E-02   0.21004E-02
  516.99   0.22198E-02   0.21672E-02   0.20146E-02
  530.59   0.18944E-02   0.20803E-02   0.19340E-02
  544.20   0.19997E-02   0.19996E-02   0.18584E-02
  557.80   0.20823E-02   0.19179E-02   0.17869E-02
  571.41   0.17767E-02   0.18420E-02   0.17193E-02
  585.01   0.16233E-02   0.17752E-02   0.16556E-02
  598.62   0.17891E-02   0.17097E-02   0.15951E-02
  612.22   0.17637E-02   0.16441E-02   0.15380E-02
  625.83   0.14792E-02   0.15846E-02   0.14838E-02
  639.43   0.14179E-02   0.15317E-02   0.14327E-02
  653.04   0.15768E-02   0.14788E-02   0.13842E-02
  666.64   0.15201E-02   0.14261E-02   0.13382E-02
  680.25   0.12736E-02   0.13787E-02   0.12945E-02
  693.85   0.12335E-02   0.13360E-02   0.12531E-02
  707.46   0.13786E-02   0.12933E-02   0.12137E-02
  721.06   0.13455E-02   0.12505E-02   0.11763E-02
  734.67   0.11294E-02   0.12118E-02   0.11407E-02
  748.27   0.10660E-02   0.11771E-02   0.11069E-02
  761.88   0.11927E-02   0.11427E-02   0.10746E-02
  775.48   0.12157E-02   0.11075E-02   0.10437E-02
  789.09   0.10373E-02   0.10749E-02   0.10143E-02
  802.69   0.92659E-03   0.10460E-02   0.98603E-03
  816.30   0.10105E-02   0.10179E-02   0.95893E-03
  829.90   0.10958E-02   0.98872E-03   0.93286E-03
  843.51   0.98791E-03   0.96048E-03   0.90790E-03
  857.11   0.83525E-03   0.93523E-03   0.88384E-03
  870.72   0.84063E-03   0.91187E-03   0.86072E-03
  884.32   0.95106E-03   0.88789E-03   0.83843E-03
  897.93   0.94956E-03   0.86355E-03   0.81707E-03
  911.53   0.80569E-03   0.84090E-03   0.79642E-03
  925.14   0.71815E-03   0.82076E-03   0.77658E-03
  938.74   0.77892E-03   0.80126E-03   0.75747E-03
  952.35   0.86561E-03   0.78086E-03   0.73900E-03
  965.95   0.81394E-03   0.76079E-03   0.72135E-03
  979.56   0.68115E-03   0.74252E-03   0.70425E-03
  993.16   0.63711E-03   0.72606E-03   0.68779E-03
 1006.77   0.71269E-03   0.70968E-03   0.67192E-03
 1020.37   0.77705E-03   0.69261E-03   0.65664E-03
 1033.98   0.71144E-03   0.67587E-03   0.64186E-03
 1047.58   0.59539E-03   0.66084E-03   0.62760E-03
 1061.19   0.56756E-03   0.64718E-03   0.61385E-03
 1074.79   0.64039E-03   0.63346E-03   0.60056E-03
 1088.40   0.69776E-03   0.61910E-03   0.58772E-03
 1102.00   0.64014E-03   0.60500E-03   0.57528E-03
 1115.61   0.53501E-03   0.59228E-03   0.56322E-03
 1129.21   0.50319E-03   0.58073E-03   0.55155E-03
 1142.82   0.56418E-03   0.56918E-03   0.54023E-03
 1156.42   0.62647E-03   0.55701E-03   0.52925E-03
 1170.03   0.59154E-03   0.54486E-03   0.51858E-03
 1183.63   0.49525E-03   0.53375E-03   0.50821E-03
 1197.24   0.44688E-03   0.52375E-03   0.49813E-03
 1210.84   0.48630E-03   0.51400E-03   0.48838E-03
 1224.45   0.55496E-03   0.50371E-03   0.47888E-03
 1238.05   0.55448E-03   0.49318E-03   0.46965E-03
 1251.66   0.47509E-03   0.48331E-03   0.46068E-03
 1265.26   0.40657E-03   0.47447E-03   0.45194E-03
 1278.87   0.41308E-03   0.46621E-03   0.44351E-03
 1292.47   0.47599E-03   0.45762E-03   0.43526E-03
 1306.08   0.51337E-03   0.44861E-03   0.42725E-03
 1319.68   0.46935E-03   0.43979E-03   0.41947E-03
 1333.29   0.39111E-03   0.43180E-03   0.41189E-03
 1346.89   0.35802E-03   0.42462E-03   0.40457E-03
 1360.50   0.39307E-03   0.41747E-03   0.39737E-03
 1374.10   0.45188E-03   0.40995E-03   0.39040E-03
 1387.71   0.45956E-03   0.40221E-03   0.38362E-03
 1401.31   0.39984E-03   0.39487E-03   0.37702E-03
 1414.92   0.33578E-03   0.38828E-03   0.37058E-03
 1428.52   0.32509E-03   0.38226E-03   0.36436E-03
 1442.13   0.36952E-03   0.37610E-03   0.35826E-03
 1455.73   0.41826E-03   0.36957E-03   0.35232E-03
 1469.34   0.41066E-03   0.36294E-03   0.34653E-03
 1482.94   0.35018E-03   0.35675E-03   0.34089E-03
 1496.55   0.29752E-03   0.35122E-03   0.33539E-03
 1510.15   0.29599E-03   0.34602E-03   0.33001E-03
 1523.76   0.34044E-03   0.34068E-03   0.32475E-03
 1537.36   0.38310E-03   0.33500E-03   0.31962E-03
 1550.97   0.37296E-03   0.32924E-03   0.31460E-03
 1564.57   0.31698E-03   0.32388E-03   0.30970E-03
 1578.18   0.26903E-03   0.31908E-03   0.30492E-03
 1591.78   0.26662E-03   0.31458E-03   0.30023E-03
 1605.39   0.30629E-03   0.30995E-03   0.29565E-03
 1618.99   0.34784E-03   0.30502E-03   0.29117E-03
 1632.60   0.34443E-03   0.29999E-03   0.28679E-03
 1646.20   0.29603E-03   0.29526E-03   0.28252E-03
 1659.81   0.24808E-03   0.29102E-03   0.27833E-03
 1673.41   0.23796E-03   0.28711E-03   0.27424E-03
 1687.02   0.26892E-03   0.28314E-03   0.27023E-03
 1700.62   0.31147E-03   0.27890E-03   0.26631E-03
 1714.23   0.32135E-03   0.27449E-03   0.26247E-03
 1727.83   0.28518E-03   0.27029E-03   0.25874E-03
 1741.44   0.23628E-03   0.26647E-03   0.25507E-03
 1755.04   0.21398E-03   0.26302E-03   0.25148E-03
 1768.65   0.23104E-03   0.25963E-03   0.24797E-03
 1782.25   0.27122E-03   0.25604E-03   0.24453E-03
 1795.86   0.29664E-03   0.25221E-03   0.24115E-03
 1809.46   0.27970E-03   0.24847E-03   0.23789E-03
 1823.07   0.23470E-03   0.24497E-03   0.23466E-03
 1836.67   0.19961E-03   0.24185E-03   0.23151E-03
 1850.28   0.19783E-03   0.23892E-03   0.22842E-03
 1863.88   0.22744E-03   0.23591E-03   0.22540E-03
 1877.49   0.26333E-03   0.23267E-03   0.22242E-03
 1891.09   0.27123E-03   0.22935E-03   0.21954E-03
 1904.70   0.24128E-03   0.22611E-03   0.21668E-03
 1918.30   0.19941E-03   0.22319E-03   0.21388E-03
 1931.91   0.17710E-03   0.22055E-03   0.21114E-03
 1945.51   0.18673E-03   0.21799E-03   0.20845E-03
 1959.12   0.21947E-03   0.21530E-03   0.20581E-03
 1972.72   0.24822E-03   0.21243E-03   0.20324E-03
 1986.33   0.24547E-03   0.20947E-03   0.20068E-03
 1999.93   0.21204E-03   0.20668E-03   0.19818E-03
 2013.54   0.17541E-03   0.20417E-03   0.19572E-03
 2027.14   0.16059E-03   0.20189E-03   0.19331E-03
 2040.75   0.17455E-03   0.19963E-03   0.19095E-03
 2054.35   0.20640E-03   0.19723E-03   0.18863E-03
 2067.96   0.23051E-03   0.19467E-03   0.18635E-03
 2081.56   0.22438E-03   0.19207E-03   0.18411E-03
 2095.17   0.19209E-03   0.18963E-03   0.18191E-03
 2108.77   0.15910E-03   0.18743E-03   0.17974E-03
 2122.38   0.14670E-03   0.18543E-03   0.17762E-03
 2135.98   0.16030E-03   0.18344E-03   0.17554E-03
 2149.59   0.19005E-03   0.18133E-03   0.17349E-03
 2163.19   0.21317E-03   0.17906E-03   0.17148E-03
 2176.80   0.20905E-03   0.17676E-03   0.16950E-03
 2190.40   0.18008E-03   0.17459E-03   0.16756E-03
 2204.01   0.14853E-03   0.17263E-03   0.16565E-03
 2217.61   0.13441E-03   0.17085E-03   0.16377E-03
 2231.22   0.14401E-03   0.16911E-03   0.16192E-03
 2244.82   0.17047E-03   0.16727E-03   0.16012E-03
 2258.43   0.19482E-03   0.16529E-03   0.15834E-03
 2272.03   0.19665E-03   0.16325E-03   0.15659E-03
 2285.64   0.17331E-03   0.16130E-03   0.15487E-03
 2299.24   0.14246E-03   0.15953E-03   0.15318E-03
 2312.85   0.12404E-03   0.15793E-03   0.15151E-03
 2326.45   0.12685E-03   0.15639E-03   0.14986E-03
 2340.06   0.14814E-03   0.15484E-03   0.14828E-03
 2353.66   0.17401E-03   0.15312E-03   0.14669E-03
 2367.27   0.18469E-03   0.15132E-03   0.14514E-03
 2380.87   0.17067E-03   0.14955E-03   0.14361E-03
 2394.48   0.14235E-03   0.14791E-03   0.14210E-03
 2408.08   0.11898E-03   0.14644E-03   0.14060E-03
 2421.69   0.11297E-03   0.14507E-03   0.13913E-03
 2435.29   0.12613E-03   0.14372E-03   0.13772E-03
 2448.90   0.15058E-03   0.14225E-03   0.13629E-03
 2462.50   0.16982E-03   0.14067E-03   0.13490E-03
 2476.11   0.16859E-03   0.13905E-03   0.13352E-03
 2489.71   0.14711E-03   0.13752E-03   0.13217E-03
 2503.32   0.12060E-03   0.13612E-03   0.13082E-03
 2516.92   0.10479E-03   0.13486E-03   0.12950E-03
 2530.53   0.10659E-03   0.13368E-03   0.12822E-03
 2544.13   0.12411E-03   0.13243E-03   0.12694E-03
 2557.74   0.14713E-03   0.13108E-03   0.12568E-03
 2571.34   0.15964E-03   0.12964E-03   0.12444E-03
 2584.95   0.15153E-03   0.12821E-03   0.12322E-03
 2598.55   0.12830E-03   0.12688E-03   0.12201E-03
 2612.16   0.10529E-03   0.12567E-03   0.12082E-03
 2625.76   0.94715E-04   0.12460E-03   0.11966E-03
 2639.37   0.10044E-03   0.12353E-03   0.11851E-03
 2652.97   0.11917E-03   0.12240E-03   0.11737E-03
 2666.58   0.14015E-03   0.12117E-03   0.11624E-03
 2680.18   0.14895E-03   0.11989E-03   0.11514E-03
 2693.79   0.13856E-03   0.11862E-03   0.11405E-03
 2707.39   0.11609E-03   0.11744E-03   0.11298E-03
 2721.00   0.95678E-04   0.11639E-03   0.11193E-03
 2734.60   0.87396E-04   0.11543E-03   0.11089E-03
 2748.21   0.94030E-04   0.11448E-03   0.10986E-03
 2761.81   0.11212E-03   0.11346E-03   0.10884E-03
 2775.42   0.13164E-03   0.11236E-03   0.10784E-03
 2789.02   0.13953E-03   0.11121E-03   0.10686E-03
 2802.63   0.12969E-03   0.11007E-03   0.10589E-03
 2816.23   0.10863E-03   0.10902E-03   0.10493E-03
 2829.84   0.89200E-04   0.10808E-03   0.10399E-03
 2843.44   0.80674E-04   0.10722E-03   0.10306E-03
 2857.05   0.85833E-04   0.10637E-03   0.10214E-03
 2870.65   0.10202E-03   0.10548E-03   0.10124E-03
 2884.26   0.12078E-03   0.10450E-03   0.10034E-03
 2897.86   0.13021E-03   0.10346E-03   0.99454E-04
 2911.47   0.12338E-03   0.10243E-03   0.98579E-04
 2925.07   0.10464E-03   0.10148E-03   0.97731E-04
 2938.68   0.85368E-04   0.10062E-03   0.96881E-04
 2952.28   0.74951E-04   0.99841E-04   0.96045E-04
 2965.89   0.76981E-04   0.99089E-04   0.95219E-04
 2979.49   0.90182E-04   0.98301E-04   0.94401E-04
 2993.10   0.10829E-03   0.97441E-04   0.93591E-04
 3006.70   0.12077E-03   0.96516E-04   0.92789E-04
 3020.31   0.11911E-03   0.95574E-04   0.91995E-04
 3033.91   0.10413E-03   0.94701E-04   0.91236E-04
 3047.52   0.85012E-04   0.93889E-04   0.90465E-04
 3061.12   0.71647E-04   0.93166E-04   0.89707E-04
 3074.73   0.69097E-04   0.92489E-04   0.88960E-04
 3088.33   0.77757E-04   0.91800E-04   0.88220E-04
 3101.94   0.93902E-04   0.91054E-04   0.87487E-04
 3115.54   0.10923E-03   0.90238E-04   0.86759E-04
 3129.15   0.11418E-03   0.89378E-04   0.86031E-04
 3142.75   0.10526E-03   0.88578E-04   0.85356E-04
 3156.36   0.87848E-04   0.87804E-04   0.84653E-04
 3169.96   0.71670E-04   0.87115E-04   0.83964E-04
 3183.57   0.63708E-04   0.86492E-04   0.83286E-04
 3197.17   0.66318E-04   0.85886E-04   0.82617E-04
 3210.78   0.78239E-04   0.85249E-04   0.81954E-04
 3224.38   0.94281E-04   0.84549E-04   0.81295E-04
 3237.99   0.10574E-03   0.83787E-04   0.80634E-04
 3251.59   0.10536E-03   0.83053E-04   0.80023E-04
 3265.20   0.93063E-04   0.82312E-04   0.79383E-04
 3278.80   0.76133E-04   0.81643E-04   0.78756E-04
 3292.41   0.63048E-04   0.81046E-04   0.78139E-04
 3306.01   0.58671E-04   0.80497E-04   0.77530E-04
 3319.62   0.64008E-04   0.79950E-04   0.76930E-04
 3333.22   0.76995E-04   0.79364E-04   0.76335E-04
 3346.83   0.91880E-04   0.78717E-04   0.75742E-04
 3360.43   0.10050E-03   0.78052E-04   0.75178E-04
 3374.04   0.97312E-04   0.77358E-04   0.74598E-04
 3387.64   0.84129E-04   0.76703E-04   0.74026E-04
 3401.25   0.68343E-04   0.76112E-04   0.73463E-04
 3414.85   0.57260E-04   0.75585E-04   0.72907E-04
 3428.46   0.54584E-04   0.75094E-04   0.72359E-04
 3442.06   0.60773E-04   0.74600E-04   0.71818E-04
 3455.67   0.73581E-04   0.74066E-04   0.71283E-04
 3469.27   0.87415E-04   0.73489E-04   0.70760E-04
 3482.88   0.94744E-04   0.72867E-04   0.70234E-04
 3496.48   0.90999E-04   0.72243E-04   0.69714E-04
 3510.09   0.78263E-04   0.71653E-04   0.69198E-04
 3523.69   0.63451E-04   0.71120E-04   0.68688E-04
 3537.30   0.53145E-04   0.70644E-04   0.68184E-04
 3550.90   0.50625E-04   0.70200E-04   0.67687E-04
 3564.51   0.56300E-04   0.69754E-04   0.67197E-04
 3578.11   0.68220E-04   0.69274E-04   0.66713E-04
 3591.72   0.81421E-04   0.68748E-04   0.66234E-04
 3605.32   0.89014E-04   0.68187E-04   0.65759E-04
 3618.93   0.86430E-04   0.67619E-04   0.65288E-04
 3632.53   0.75029E-04   0.67079E-04   0.64820E-04
 3646.14   0.60919E-04   0.66588E-04   0.64356E-04
 3659.74   0.50374E-04   0.66149E-04   0.63897E-04
 3673.35   0.46785E-04   0.65743E-04   0.63442E-04
 3686.95   0.50847E-04   0.65337E-04   0.62991E-04
 3700.56   0.61239E-04   0.64920E-04   0.62560E-04
 3714.16   0.73986E-04   0.64447E-04   0.62121E-04
 3727.77   0.82917E-04   0.63942E-04   0.61689E-04
 3741.37   0.82947E-04   0.63425E-04   0.61261E-04
 3754.98   0.73911E-04   0.62925E-04   0.60836E-04
 3768.58   0.60657E-04   0.62465E-04   0.60414E-04
 3782.19   0.49305E-04   0.62053E-04   0.59994E-04
 3795.79   0.43781E-04   0.61676E-04   0.59577E-04
 3809.40   0.45343E-04   0.61310E-04   0.59164E-04
 3823.00   0.53428E-04   0.60950E-04   0.58779E-04
 3836.61   0.65314E-04   0.60532E-04   0.58376E-04
 3850.21   0.75883E-04   0.60081E-04   0.57981E-04
 3863.82   0.79575E-04   0.59611E-04   0.57591E-04
 3877.42   0.74190E-04   0.59146E-04   0.57205E-04
 3891.03   0.62595E-04   0.58711E-04   0.56821E-04
 3904.63   0.50439E-04   0.58317E-04   0.56438E-04
 3918.24   0.42421E-04   0.57959E-04   0.56055E-04
 3931.84   0.40682E-04   0.57617E-04   0.55669E-04
 3945.45   0.45459E-04   0.57318E-04   0.55333E-04
 3959.05   0.55299E-04   0.56954E-04   0.54962E-04
 3972.66   0.66633E-04   0.56559E-04   0.54600E-04
 3986.26   0.74161E-04   0.56138E-04   0.54243E-04
 3999.87   0.73781E-04   0.55709E-04   0.53891E-04
 4013.47   0.65578E-04   0.55296E-04   0.53541E-04
 4027.08   0.53731E-04   0.54916E-04   0.53193E-04
 4040.68   0.43420E-04   0.54572E-04   0.52843E-04
 4054.29   0.38014E-04   0.54248E-04   0.52486E-04
 4067.89   0.38704E-04   0.53990E-04   0.52184E-04
 4081.50   0.45116E-04   0.53675E-04   0.51843E-04
 4095.10   0.55411E-04   0.53336E-04   0.51509E-04
 4108.71   0.65621E-04   0.52967E-04   0.51180E-04
 4122.31   0.70843E-04   0.52577E-04   0.50856E-04
 4135.92   0.68226E-04   0.52188E-04   0.50536E-04
 4149.52   0.59078E-04   0.51818E-04   0.50219E-04
 4163.13   0.47836E-04   0.51480E-04   0.49901E-04
 4176.73   0.39011E-04   0.51171E-04   0.49579E-04
 4190.34   0.35178E-04   0.50920E-04   0.49292E-04
 4203.94   0.36984E-04   0.50644E-04   0.48979E-04
 4217.55   0.43939E-04   0.50356E-04   0.48671E-04
 4231.15   0.54005E-04   0.50041E-04   0.48367E-04
 4244.76   0.63250E-04   0.49699E-04   0.48067E-04
 4258.36   0.67237E-04   0.49340E-04   0.47771E-04
 4271.97   0.63806E-04   0.48984E-04   0.47479E-04
 4285.57   0.54651E-04   0.48649E-04   0.47189E-04
 4299.18   0.44036E-04   0.48344E-04   0.46900E-04
 4312.78   0.36002E-04   0.48083E-04   0.46624E-04
 4326.39   0.32686E-04   0.47832E-04   0.46338E-04
 4339.99   0.34631E-04   0.47585E-04   0.46056E-04
 4353.60   0.41329E-04   0.47322E-04   0.45775E-04
 4367.20   0.50887E-04   0.47034E-04   0.45497E-04
 4380.81   0.59679E-04   0.46720E-04   0.45222E-04
 4394.41   0.63598E-04   0.46391E-04   0.44950E-04
 4408.02   0.60584E-04   0.46064E-04   0.44683E-04
 4421.62   0.52099E-04   0.45757E-04   0.44419E-04
 4435.23   0.42031E-04   0.45479E-04   0.44157E-04
 4448.83   0.34168E-04   0.45232E-04   0.43898E-04
 4462.44   0.30612E-04   0.45005E-04   0.43640E-04
 4476.04   0.31944E-04   0.44782E-04   0.43383E-04
 4489.65   0.37816E-04   0.44546E-04   0.43127E-04
 4503.25   0.46706E-04   0.44286E-04   0.42872E-04
 4516.86   0.55473E-04   0.44001E-04   0.42620E-04
 4530.46   0.60232E-04   0.43699E-04   0.42370E-04
 4544.07   0.58585E-04   0.43395E-04   0.42123E-04
 4557.67   0.51294E-04   0.43109E-04   0.41881E-04
 4571.28   0.41702E-04   0.42852E-04   0.41645E-04
 4584.88   0.33508E-04   0.42619E-04   0.41406E-04
 4598.49   0.29035E-04   0.42409E-04   0.41171E-04
 4612.09   0.29072E-04   0.42207E-04   0.40936E-04
 4625.70   0.33506E-04   0.41998E-04   0.40703E-04
 4639.30   0.41318E-04   0.41768E-04   0.40470E-04
 4652.91   0.50053E-04   0.41513E-04   0.40237E-04
 4666.51   0.56147E-04   0.41238E-04   0.40006E-04
 4680.12   0.56688E-04   0.40952E-04   0.39773E-04
 4693.72   0.51350E-04   0.40676E-04   0.39544E-04
 4707.33   0.42619E-04   0.40448E-04   0.39344E-04
 4720.93   0.33999E-04   0.40224E-04   0.39122E-04
 4734.54   0.28229E-04   0.40025E-04   0.38905E-04
 4748.14   0.26499E-04   0.39841E-04   0.38690E-04
 4761.75   0.28989E-04   0.39655E-04   0.38476E-04
 4775.35   0.35190E-04   0.39455E-04   0.38263E-04
 4788.96   0.43491E-04   0.39231E-04   0.38049E-04
 4802.56   0.50941E-04   0.38984E-04   0.37835E-04
 4816.17   0.54279E-04   0.38714E-04   0.37611E-04
 4829.77   0.51977E-04   0.38512E-04   0.37456E-04
 4843.38   0.44918E-04   0.38247E-04   0.37227E-04
 4856.98   0.36276E-04   0.38024E-04   0.37020E-04
 4870.59   0.29123E-04   0.37830E-04   0.36819E-04
 4884.19   0.25297E-04   0.37655E-04   0.36620E-04
 4897.80   0.25394E-04   0.37487E-04   0.36423E-04
 4911.40   0.29323E-04   0.37313E-04   0.36227E-04
 4925.01   0.36281E-04   0.37121E-04   0.36031E-04
 4938.61   0.44270E-04   0.36905E-04   0.35833E-04
 4952.22   0.50239E-04   0.36657E-04   0.35622E-04
 4965.82   0.51632E-04   0.36475E-04   0.35485E-04
 4979.43   0.47568E-04   0.36221E-04   0.35274E-04
 4993.03   0.39979E-04   0.36000E-04   0.35080E-04
 5006.64   0.31895E-04   0.35803E-04   0.34892E-04
 5020.24   0.25892E-04   0.35630E-04   0.34706E-04
 5033.85   0.23262E-04   0.35473E-04   0.34524E-04
 5047.45   0.24318E-04   0.35319E-04   0.34343E-04
 5061.06   0.28839E-04   0.35157E-04   0.34164E-04
 5074.66   0.35866E-04   0.34977E-04   0.33984E-04
 5088.27   0.43275E-04   0.34767E-04   0.33795E-04
 5101.87   0.48271E-04   0.34596E-04   0.33659E-04
 5115.48   0.48484E-04   0.34360E-04   0.33465E-04
 5129.08   0.43858E-04   0.34143E-04   0.33286E-04
 5142.69   0.36377E-04   0.33945E-04   0.33111E-04
 5156.29   0.28896E-04   0.33768E-04   0.32937E-04
 5169.90   0.23625E-04   0.33611E-04   0.32767E-04
 5183.50   0.21584E-04   0.33468E-04   0.32599E-04
 5197.11   0.22978E-04   0.33328E-04   0.32433E-04
 5210.71   0.27564E-04   0.33179E-04   0.32269E-04
 5224.32   0.34392E-04   0.33012E-04   0.32103E-04
 5237.92   0.41424E-04   0.32820E-04   0.31931E-04
 5251.53   0.46019E-04   0.32643E-04   0.31788E-04
 5265.13   0.46106E-04   0.32440E-04   0.31625E-04
 5278.74   0.41638E-04   0.32243E-04   0.31463E-04
 5292.34   0.34514E-04   0.32061E-04   0.31302E-04
 5305.95   0.27397E-04   0.31898E-04   0.31142E-04
 5319.55   0.22342E-04   0.31753E-04   0.30985E-04
 5333.16   0.20300E-04   0.31621E-04   0.30829E-04
 5346.76   0.21471E-04   0.31492E-04   0.30677E-04
 5360.37   0.25662E-04   0.31357E-04   0.30526E-04
 5373.97   0.32063E-04   0.31207E-04   0.30376E-04
 5387.58   0.38877E-04   0.31043E-04   0.30229E-04
 5401.18   0.43605E-04   0.30864E-04   0.30081E-04
 5414.79   0.44239E-04   0.30679E-04   0.29933E-04
 5428.39   0.40464E-04   0.30497E-04   0.29785E-04
 5442.00   0.33863E-04   0.30326E-04   0.29637E-04
 5455.60   0.26908E-04   0.30173E-04   0.29489E-04
 5469.21   0.21656E-04   0.30037E-04   0.29343E-04
 5482.81   0.19142E-04   0.29913E-04   0.29199E-04
 5496.42   0.19629E-04   0.29793E-04   0.29056E-04
 5510.02   0.23011E-04   0.29669E-04   0.28915E-04
 5523.63   0.28724E-04   0.29541E-04   0.28782E-04
 5537.23   0.35318E-04   0.29390E-04   0.28643E-04
 5550.84   0.40563E-04   0.29227E-04   0.28507E-04
 5564.44   0.42339E-04   0.29058E-04   0.28371E-04
 5578.05   0.39849E-04   0.28889E-04   0.28235E-04
 5591.65   0.34124E-04   0.28728E-04   0.28099E-04
 5605.26   0.27360E-04   0.28581E-04   0.27963E-04
 5618.86   0.21693E-04   0.28450E-04   0.27826E-04
 5632.47   0.18380E-04   0.28331E-04   0.27691E-04
 5646.07   0.17842E-04   0.28218E-04   0.27555E-04
 5659.68   0.20085E-04   0.28107E-04   0.27425E-04
 5673.28   0.24805E-04   0.28001E-04   0.27309E-04
 5686.89   0.30998E-04   0.27863E-04   0.27177E-04
 5700.49   0.36841E-04   0.27717E-04   0.27050E-04
 5714.10   0.40160E-04   0.27562E-04   0.26924E-04
 5727.70   0.39567E-04   0.27404E-04   0.26799E-04
 5741.31   0.35288E-04   0.27251E-04   0.26673E-04
 5754.91   0.29018E-04   0.27109E-04   0.26548E-04
 5768.52   0.22914E-04   0.26981E-04   0.26421E-04
 5782.12   0.18577E-04   0.26864E-04   0.26294E-04
 5795.73   0.16720E-04   0.26751E-04   0.26161E-04
 5809.33   0.17497E-04   0.26645E-04   0.26035E-04
 5822.94   0.20816E-04   0.26570E-04   0.25944E-04
 5836.54   0.26106E-04   0.26446E-04   0.25818E-04
 5850.15   0.32114E-04   0.26315E-04   0.25698E-04
 5863.75   0.36879E-04   0.26175E-04   0.25581E-04
 5877.36   0.38550E-04   0.26029E-04   0.25465E-04
 5890.96   0.36409E-04   0.25885E-04   0.25350E-04
 5904.57   0.31305E-04   0.25748E-04   0.25234E-04
 5918.17   0.25130E-04   0.25621E-04   0.25118E-04
 5931.78   0.19785E-04   0.25506E-04   0.24999E-04
 5945.38   0.16436E-04   0.25393E-04   0.24873E-04
 5958.99   0.15505E-04   0.25287E-04   0.24747E-04
 5972.59   0.17061E-04   0.25238E-04   0.24678E-04
 5986.20   0.20855E-04   0.25130E-04   0.24559E-04
 5999.80   0.26269E-04   0.25015E-04   0.24445E-04
 6013.41   0.31895E-04   0.24891E-04   0.24335E-04
 6027.01   0.35835E-04   0.24759E-04   0.24226E-04
 6040.62   0.36551E-04   0.24624E-04   0.24120E-04
 6054.22   0.33733E-04   0.24492E-04   0.24013E-04
 6067.83   0.28481E-04   0.24368E-04   0.23907E-04
 6081.43   0.22648E-04   0.24253E-04   0.23799E-04
 6095.04   0.17893E-04   0.24144E-04   0.23684E-04
 6108.64   0.15140E-04   0.24041E-04   0.23567E-04
 6122.25   0.14704E-04   0.23995E-04   0.23501E-04
 6135.85   0.16522E-04   0.23900E-04   0.23390E-04
 6149.46   0.20416E-04   0.23802E-04   0.23283E-04
 6163.06   0.25690E-04   0.23695E-04   0.23178E-04
 6176.67   0.30945E-04   0.23579E-04   0.23076E-04
 6190.27   0.34402E-04   0.23455E-04   0.22975E-04
 6203.88   0.34720E-04   0.23330E-04   0.22876E-04
 6217.48   0.31753E-04   0.23208E-04   0.22778E-04
 6231.09   0.26629E-04   0.23094E-04   0.22680E-04
 6244.69   0.21098E-04   0.22989E-04   0.22580E-04
 6258.30   0.16669E-04   0.22892E-04   0.22477E-04
 6271.90   0.14171E-04   0.22830E-04   0.22401E-04
 6285.51   0.13805E-04   0.22747E-04   0.22300E-04
 6299.11   0.15587E-04   0.22664E-04   0.22201E-04
 6312.72   0.19330E-04   0.22574E-04   0.22102E-04
 6326.32   0.24400E-04   0.22475E-04   0.22005E-04
 6339.93   0.29500E-04   0.22366E-04   0.21910E-04
 6353.53   0.32951E-04   0.22251E-04   0.21816E-04
 6367.14   0.33450E-04   0.22134E-04   0.21723E-04
 6380.74   0.30782E-04   0.22020E-04   0.21632E-04
 6394.35   0.25946E-04   0.21913E-04   0.21542E-04
 6407.95   0.20579E-04   0.21817E-04   0.21452E-04
 6421.56   0.16154E-04   0.21737E-04   0.21367E-04
 6435.16   0.13485E-04   0.21660E-04   0.21277E-04
 6448.77   0.12833E-04   0.21587E-04   0.21187E-04
 6462.37   0.14202E-04   0.21513E-04   0.21097E-04
 6475.98   0.17464E-04   0.21432E-04   0.21006E-04
 6489.58   0.22130E-04   0.21342E-04   0.20916E-04
 6503.19   0.27108E-04   0.21242E-04   0.20826E-04
 6516.79   0.30852E-04   0.21135E-04   0.20738E-04
 6530.40   0.32005E-04   0.21025E-04   0.20651E-04
 6544.00   0.30110E-04   0.20918E-04   0.20565E-04
 6557.61   0.25872E-04   0.20817E-04   0.20481E-04
 6571.21   0.20751E-04   0.20727E-04   0.20400E-04
 6584.82   0.16211E-04   0.20647E-04   0.20317E-04
 6598.42   0.13186E-04   0.20576E-04   0.20235E-04
 6612.03   0.12019E-04   0.20509E-04   0.20153E-04
 6625.63   0.12753E-04   0.20442E-04   0.20070E-04
 6639.24   0.15322E-04   0.20371E-04   0.19987E-04
 6652.84   0.19417E-04   0.20290E-04   0.19903E-04
 6666.45   0.24215E-04   0.20200E-04   0.19819E-04
 6680.05   0.28369E-04   0.20102E-04   0.19736E-04
 6693.66   0.30459E-04   0.19998E-04   0.19653E-04
 6707.26   0.29693E-04   0.19894E-04   0.19570E-04
 6720.87   0.26351E-04   0.19799E-04   0.19493E-04
 6734.47   0.21609E-04   0.19720E-04   0.19425E-04
 6748.08   0.16898E-04   0.19638E-04   0.19344E-04
 6761.68   0.13342E-04   0.19568E-04   0.19267E-04
 6775.29   0.11454E-04   0.19505E-04   0.19191E-04
 6788.89   0.11349E-04   0.19445E-04   0.19115E-04
 6802.50   0.13009E-04   0.19383E-04   0.19038E-04
 6816.10   0.16295E-04   0.19313E-04   0.18961E-04
 6829.71   0.20707E-04   0.19234E-04   0.18883E-04
 6843.31   0.25201E-04   0.19145E-04   0.18804E-04
 6856.92   0.28398E-04   0.19049E-04   0.18725E-04
 6870.52   0.29163E-04   0.18944E-04   0.18641E-04
 6884.13   0.27221E-04   0.18851E-04   0.18567E-04
 6897.73   0.23288E-04   0.18789E-04   0.18518E-04
 6911.34   0.18596E-04   0.18703E-04   0.18439E-04
 6924.94   0.14473E-04   0.18632E-04   0.18366E-04
 6938.55   0.11710E-04   0.18570E-04   0.18294E-04
 6952.15   0.10593E-04   0.18513E-04   0.18224E-04
 6965.76   0.11155E-04   0.18458E-04   0.18153E-04
 6979.36   0.13354E-04   0.18398E-04   0.18082E-04
 6992.97   0.16973E-04   0.18330E-04   0.18011E-04
 7006.57   0.21366E-04   0.18253E-04   0.17938E-04
 7020.18   0.25399E-04   0.18166E-04   0.17862E-04
 7033.78   0.27769E-04   0.18062E-04   0.17776E-04
 7047.39   0.27653E-04   0.17968E-04   0.17702E-04
 7060.99   0.25131E-04   0.17924E-04   0.17674E-04
 7074.60   0.20951E-04   0.17836E-04   0.17597E-04
 7088.20   0.16487E-04   0.17761E-04   0.17526E-04
 7101.81   0.12829E-04   0.17697E-04   0.17458E-04
 7115.41   0.10573E-04   0.17641E-04   0.17391E-04
 7129.02   0.98882E-05   0.17589E-04   0.17325E-04
 7142.62   0.10776E-04   0.17537E-04   0.17260E-04
 7156.23   0.13183E-04   0.17481E-04   0.17194E-04
 7169.83   0.16846E-04   0.17417E-04   0.17128E-04
 7183.44   0.21071E-04   0.17343E-04   0.17058E-04
 7197.04   0.24720E-04   0.17250E-04   0.16978E-04
 7210.65   0.26634E-04   0.17160E-04   0.16905E-04
 7224.25   0.26204E-04   0.17122E-04   0.16884E-04
 7237.86   0.23428E-04   0.17033E-04   0.16811E-04
 7251.46   0.19327E-04   0.16955E-04   0.16742E-04
 7265.07   0.15113E-04   0.16887E-04   0.16676E-04
 7278.67   0.11759E-04   0.16827E-04   0.16612E-04
 7292.28   0.97612E-05   0.16776E-04   0.16550E-04
 7305.88   0.92437E-05   0.16728E-04   0.16488E-04
 7319.49   0.10201E-04   0.16680E-04   0.16428E-04
 7333.09   0.12582E-04   0.16628E-04   0.16367E-04
 7346.70   0.16137E-04   0.16569E-04   0.16305E-04
 7360.30   0.20194E-04   0.16497E-04   0.16238E-04
 7373.91   0.23694E-04   0.16418E-04   0.16171E-04
 7387.51   0.25586E-04   0.16371E-04   0.16139E-04
 7401.12   0.25112E-04   0.16288E-04   0.16073E-04
 7414.72   0.22488E-04   0.16209E-04   0.16009E-04
 7428.33   0.18582E-04   0.16137E-04   0.15946E-04
 7441.93   0.14537E-04   0.16073E-04   0.15884E-04
 7455.54   0.11282E-04   0.16017E-04   0.15824E-04
 7469.14   0.92984E-05   0.15968E-04   0.15765E-04
 7482.75   0.87094E-05   0.15923E-04   0.15707E-04
 7496.35   0.95117E-05   0.15879E-04   0.15651E-04
 7509.96   0.11670E-04   0.15832E-04   0.15595E-04
 7523.56   0.14984E-04   0.15778E-04   0.15538E-04
 7537.17   0.18880E-04   0.15716E-04   0.15480E-04
 7550.77   0.22410E-04   0.15661E-04   0.15435E-04
 7564.38   0.24467E-04   0.15588E-04   0.15377E-04
 7577.98   0.24367E-04   0.15515E-04   0.15319E-04
 7591.59   0.22136E-04   0.15443E-04   0.15261E-04
 7605.19   0.18510E-04   0.15375E-04   0.15204E-04
 7618.80   0.14561E-04   0.15314E-04   0.15146E-04
 7632.40   0.11230E-04   0.15260E-04   0.15089E-04
 7646.01   0.90490E-05   0.15212E-04   0.15033E-04
 7659.61   0.81779E-05   0.15169E-04   0.14978E-04
 7673.22   0.86189E-05   0.15128E-04   0.14925E-04
 7686.82   0.10351E-04   0.15086E-04   0.14873E-04
 7700.43   0.13253E-04   0.15039E-04   0.14821E-04
 7714.03   0.16901E-04   0.14986E-04   0.14770E-04
 7727.64   0.20476E-04   0.14928E-04   0.14720E-04
 7741.24   0.22954E-04   0.14864E-04   0.14668E-04
 7754.85   0.23525E-04   0.14797E-04   0.14617E-04
 7768.45   0.21986E-04   0.14731E-04   0.14564E-04
 7782.06   0.18843E-04   0.14667E-04   0.14511E-04
 7795.66   0.15055E-04   0.14608E-04   0.14457E-04
 7809.27   0.11589E-04   0.14555E-04   0.14403E-04
 7822.87   0.90833E-05   0.14508E-04   0.14350E-04
 7836.48   0.77876E-05   0.14466E-04   0.14297E-04
 7850.08   0.77289E-05   0.14426E-04   0.14245E-04
 7863.69   0.88931E-05   0.14385E-04   0.14194E-04
 7877.29   0.11237E-04   0.14346E-04   0.14148E-04
 7890.90   0.14509E-04   0.14303E-04   0.14104E-04
 7904.50   0.18093E-04   0.14249E-04   0.14055E-04
 7918.11   0.21075E-04   0.14191E-04   0.14007E-04
 7931.71   0.22544E-04   0.14131E-04   0.13959E-04
 7945.32   0.22008E-04   0.14069E-04   0.13911E-04
 7958.92   0.19641E-04   0.14008E-04   0.13862E-04
 7972.53   0.16189E-04   0.13951E-04   0.13813E-04
 7986.13   0.12612E-04   0.13898E-04   0.13763E-04
 7999.74   0.96912E-05   0.13851E-04   0.13712E-04
 8013.34   0.78350E-05   0.13808E-04   0.13661E-04
 8026.95   0.71454E-05   0.13767E-04   0.13608E-04
 8040.55   0.76092E-05   0.13719E-04   0.13549E-04
 8054.16   0.92273E-05   0.13688E-04   0.13509E-04
 8067.76   0.11908E-04   0.13666E-04   0.13483E-04
 8081.37   0.15257E-04   0.13616E-04   0.13434E-04
 8094.97   0.18580E-04   0.13563E-04   0.13388E-04
 8108.58   0.20966E-04   0.13507E-04   0.13343E-04
 8122.18   0.21666E-04   0.13450E-04   0.13298E-04
 8135.79   0.20443E-04   0.13392E-04   0.13254E-04
 8149.39   0.17689E-04   0.13337E-04   0.13208E-04
 8163.00   0.14228E-04   0.13285E-04   0.13162E-04
 8176.60   0.10944E-04   0.13238E-04   0.13114E-04
 8190.21   0.84566E-05   0.13194E-04   0.13065E-04
 8203.81   0.70320E-05   0.13151E-04   0.13013E-04
 8217.42   0.66973E-05   0.13086E-04   0.12938E-04
 8231.02   0.75098E-05   0.13133E-04   0.12974E-04
 8244.63   0.93373E-05   0.13069E-04   0.12902E-04
 8258.23   0.12113E-04   0.13022E-04   0.12853E-04
 8271.84   0.15405E-04   0.12975E-04   0.12808E-04
 8285.44   0.18468E-04   0.12924E-04   0.12764E-04
 8299.05   0.20444E-04   0.12871E-04   0.12722E-04
 8312.65   0.20714E-04   0.12817E-04   0.12681E-04
 8326.26   0.19183E-04   0.12764E-04   0.12639E-04
 8339.86   0.16332E-04   0.12713E-04   0.12597E-04
 8353.47   0.12981E-04   0.12666E-04   0.12554E-04
 8367.07   0.99356E-05   0.12621E-04   0.12508E-04
 8380.68   0.77153E-05   0.12577E-04   0.12458E-04
 8394.28   0.65038E-05   0.12504E-04   0.12376E-04
 8407.89   0.63992E-05   0.12565E-04   0.12426E-04
 8421.49   0.72607E-05   0.12506E-04   0.12358E-04
 8435.10   0.91432E-05   0.12464E-04   0.12309E-04
 8448.70   0.11891E-04   0.12421E-04   0.12265E-04
 8462.31   0.15073E-04   0.12376E-04   0.12222E-04
 8475.91   0.17965E-04   0.12328E-04   0.12181E-04
 8489.52   0.19759E-04   0.12278E-04   0.12142E-04
 8503.12   0.19899E-04   0.12227E-04   0.12103E-04
 8516.73   0.18333E-04   0.12178E-04   0.12064E-04
 8530.33   0.15543E-04   0.12131E-04   0.12025E-04
 8543.94   0.12312E-04   0.12087E-04   0.11985E-04
 8557.54   0.93948E-05   0.12044E-04   0.11942E-04
 8571.15   0.72633E-05   0.11986E-04   0.11878E-04
 8584.75   0.61581E-05   0.12025E-04   0.11908E-04
 8598.36   0.59824E-05   0.11972E-04   0.11845E-04
 8611.96   0.67837E-05   0.11935E-04   0.11799E-04
 8625.57   0.85437E-05   0.11899E-04   0.11756E-04
 8639.17   0.11136E-04   0.11860E-04   0.11715E-04
 8652.78   0.14173E-04   0.11818E-04   0.11675E-04
 8666.38   0.16987E-04   0.11772E-04   0.11636E-04
 8679.99   0.18814E-04   0.11725E-04   0.11598E-04
 8693.59   0.19095E-04   0.11677E-04   0.11562E-04
 8707.20   0.17736E-04   0.11631E-04   0.11526E-04
 8720.80   0.15149E-04   0.11587E-04   0.11490E-04
 8734.41   0.12060E-04   0.11547E-04   0.11453E-04
 8748.01   0.91943E-05   0.11505E-04   0.11411E-04
 8761.62   0.70483E-05   0.11469E-04   0.11370E-04
 8775.22   0.58291E-05   0.11464E-04   0.11357E-04
 8788.83   0.55207E-05   0.11434E-04   0.11317E-04
 8802.43   0.61227E-05   0.11404E-04   0.11278E-04
 8816.04   0.76342E-05   0.11372E-04   0.11239E-04
 8829.64   0.99774E-05   0.11337E-04   0.11200E-04
 8843.25   0.12851E-04   0.11298E-04   0.11162E-04
 8856.85   0.15675E-04   0.11255E-04   0.11125E-04
 8870.46   0.17724E-04   0.11211E-04   0.11089E-04
 8884.06   0.18396E-04   0.11165E-04   0.11054E-04
 8897.67   0.17481E-04   0.11121E-04   0.11020E-04
 8911.27   0.15255E-04   0.11080E-04   0.10987E-04
 8924.88   0.12352E-04   0.11042E-04   0.10954E-04
 8938.48   0.94890E-05   0.11007E-04   0.10920E-04
 8952.09   0.72087E-05   0.10982E-04   0.10891E-04
 8965.69   0.57602E-05   0.10956E-04   0.10857E-04
 8979.30   0.51922E-05   0.10931E-04   0.10823E-04
 8992.90   0.54847E-05   0.10905E-04   0.10789E-04
 9006.51   0.66389E-05   0.10878E-04   0.10753E-04
 9020.11   0.86280E-05   0.10846E-04   0.10718E-04
 9033.72   0.11260E-04   0.10811E-04   0.10682E-04
 9047.32   0.14080E-04   0.10772E-04   0.10646E-04
 9060.93   0.16427E-04   0.10730E-04   0.10611E-04
 9074.53   0.17651E-04   0.10686E-04   0.10577E-04
 9088.14   0.17382E-04   0.10643E-04   0.10543E-04
 9101.74   0.15698E-04   0.10602E-04   0.10511E-04
 9115.35   0.13088E-04   0.10563E-04   0.10478E-04
 9128.95   0.10240E-04   0.10535E-04   0.10452E-04
 9142.56   0.77475E-05   0.10505E-04   0.10421E-04
 9156.16   0.59765E-05   0.10480E-04   0.10390E-04
 9169.77   0.50386E-05   0.10457E-04   0.10360E-04
 9183.37   0.49230E-05   0.10435E-04   0.10328E-04
 9196.98   0.56184E-05   0.10411E-04   0.10296E-04
 9210.58   0.71292E-05   0.10384E-04   0.10264E-04
 9224.19   0.93752E-05   0.10353E-04   0.10230E-04
 9237.79   0.12063E-04   0.10318E-04   0.10196E-04
 9251.40   0.14653E-04   0.10279E-04   0.10162E-04
 9265.00   0.16491E-04   0.10237E-04   0.10128E-04
 9278.61   0.17051E-04   0.10194E-04   0.10094E-04
 9292.21   0.16159E-04   0.10149E-04   0.10059E-04
 9305.82   0.14093E-04   0.10117E-04   0.10033E-04
 9319.42   0.11419E-04   0.10096E-04   0.10016E-04
 9333.03   0.87503E-05   0.10061E-04   0.99820E-05
 9346.63   0.66036E-05   0.10034E-04   0.99520E-05
 9360.24   0.52095E-05   0.10011E-04   0.99231E-05
 9373.84   0.46075E-05   0.99905E-05   0.98944E-05
 9387.45   0.47746E-05   0.99700E-05   0.98654E-05
 9401.05   0.57112E-05   0.99476E-05   0.98357E-05
 9414.66   0.74129E-05   0.99218E-05   0.98051E-05
 9428.26   0.97520E-05   0.98917E-05   0.97737E-05
 9441.87   0.12374E-04   0.98569E-05   0.97413E-05
 9455.47   0.14713E-04   0.98178E-05   0.97079E-05
 9469.08   0.16157E-04   0.97746E-05   0.96727E-05
 9482.68   0.16276E-04   0.97226E-05   0.96298E-05
 9496.29   0.15077E-04   0.96926E-05   0.96079E-05
 9509.89   0.12899E-04   0.96879E-05   0.96091E-05
 9523.50   0.10243E-04   0.96477E-05   0.95722E-05
 9537.10   0.77658E-05   0.96173E-05   0.95415E-05
 9550.71   0.58630E-05   0.95927E-05   0.95130E-05
 9564.31   0.46982E-05   0.95718E-05   0.94856E-05
 9577.92   0.42791E-05   0.95529E-05   0.94587E-05
 9591.52   0.45820E-05   0.95340E-05   0.94317E-05
 9605.13   0.56142E-05   0.95132E-05   0.94041E-05
 9618.73   0.73642E-05   0.94889E-05   0.93757E-05
 9632.34   0.96832E-05   0.94600E-05   0.93461E-05
 9645.94   0.12200E-04   0.94259E-05   0.93147E-05
 9659.55   0.14357E-04   0.93854E-05   0.92800E-05
 9673.15   0.15567E-04   0.93289E-05   0.92314E-05
 9686.76   0.15546E-04   0.92993E-05   0.92101E-05
 9700.36   0.14315E-04   0.93090E-05   0.92269E-05
 9713.97   0.12086E-04   0.92650E-05   0.91887E-05
 9727.57   0.95319E-05   0.92308E-05   0.91571E-05
 9741.18   0.71927E-05   0.92027E-05   0.91283E-05
 9754.78   0.54245E-05   0.91795E-05   0.91011E-05
 9768.39   0.43621E-05   0.91598E-05   0.90750E-05
 9781.99   0.40031E-05   0.91422E-05   0.90496E-05
 9795.60   0.43249E-05   0.91248E-05   0.90244E-05
 9809.20   0.53376E-05   0.91057E-05   0.89990E-05
 9822.81   0.70335E-05   0.90834E-05   0.89727E-05
 9836.41   0.92726E-05   0.90563E-05   0.89450E-05
 9850.02   0.11701E-04   0.90228E-05   0.89140E-05
 9863.62   0.13778E-04   0.89736E-05   0.88704E-05
 9877.23   0.15009E-04   0.89420E-05   0.88459E-05
 9890.83   0.15099E-04   0.89533E-05   0.88647E-05
 9904.44   0.13866E-04   0.89087E-05   0.88276E-05
 9918.04   0.11756E-04   0.88721E-05   0.87964E-05
 9931.65   0.92989E-05   0.88404E-05   0.87675E-05
 9945.25   0.70197E-05   0.88134E-05   0.87400E-05
 9958.86   0.52705E-05   0.87908E-05   0.87138E-05
 9972.46   0.41909E-05   0.87717E-05   0.86887E-05
 9986.07   0.37816E-05   0.87548E-05   0.86645E-05
 9999.67   0.40174E-05   0.87387E-05   0.86409E-05
