 1238.05   0.89679E-01   0.95154E-01   0.93520E-01
 1251.66   0.88942E-01   0.94360E-01   0.92715E-01
 1265.26   0.88204E-01   0.93564E-01   0.91909E-01
 1278.87   0.87511E-01   0.92816E-01   0.91149E-01
 1292.47   0.86781E-01   0.92027E-01   0.90351E-01
 1306.08   0.86073E-01   0.91263E-01   0.89577E-01
 1319.68   0.85381E-01   0.90514E-01   0.88819E-01
 1333.29   0.84697E-01   0.89774E-01   0.88069E-01
 1346.89   0.84041E-01   0.89063E-01   0.87348E-01
 1360.50   0.83360E-01   0.88324E-01   0.86601E-01
 1374.10   0.82693E-01   0.87601E-01   0.85869E-01
 1387.71   0.82038E-01   0.86890E-01   0.85150E-01
 1401.31   0.81396E-01   0.86192E-01   0.84443E-01
 1414.92   0.80760E-01   0.85500E-01   0.83744E-01
 1428.52   0.80138E-01   0.84823E-01   0.83059E-01
 1442.13   0.79514E-01   0.84143E-01   0.82371E-01
 1455.73   0.78895E-01   0.83468E-01   0.81689E-01
 1469.34   0.78284E-01   0.82803E-01   0.81017E-01
 1482.94   0.77685E-01   0.82148E-01   0.80355E-01
 1496.55   0.77099E-01   0.81508E-01   0.79708E-01
 1510.15   0.76517E-01   0.80872E-01   0.79065E-01
 1523.76   0.75939E-01   0.80239E-01   0.78426E-01
 1537.36   0.75364E-01   0.79609E-01   0.77790E-01
 1550.97   0.74794E-01   0.78985E-01   0.77160E-01
 1564.57   0.74233E-01   0.78369E-01   0.76539E-01
 1578.18   0.73694E-01   0.77777E-01   0.75941E-01
 1591.78   0.73151E-01   0.77181E-01   0.75339E-01
 1605.39   0.72613E-01   0.76590E-01   0.74743E-01
 1618.99   0.72077E-01   0.76000E-01   0.74148E-01
 1632.60   0.71539E-01   0.75408E-01   0.73552E-01
 1646.20   0.71044E-01   0.74861E-01   0.73000E-01
 1659.81   0.70517E-01   0.74281E-01   0.72415E-01
 1673.41   0.70009E-01   0.73720E-01   0.71850E-01
 1687.02   0.69508E-01   0.73166E-01   0.71292E-01
 1700.62   0.69009E-01   0.72615E-01   0.70737E-01
 1714.23   0.68502E-01   0.72055E-01   0.70174E-01
 1727.83   0.68045E-01   0.71548E-01   0.69662E-01
 1741.44   0.67553E-01   0.71004E-01   0.69116E-01
 1755.04   0.67077E-01   0.70476E-01   0.68585E-01
 1768.65   0.66610E-01   0.69958E-01   0.68063E-01
 1782.25   0.66147E-01   0.69443E-01   0.67546E-01
 1795.86   0.65677E-01   0.68922E-01   0.67022E-01
 1809.46   0.65246E-01   0.68441E-01   0.66538E-01
 1823.07   0.64787E-01   0.67932E-01   0.66026E-01
 1836.67   0.64339E-01   0.67433E-01   0.65526E-01
 1850.28   0.63900E-01   0.66943E-01   0.65034E-01
 1863.88   0.63467E-01   0.66460E-01   0.64549E-01
 1877.49   0.63036E-01   0.65980E-01   0.64066E-01
 1891.09   0.62621E-01   0.65516E-01   0.63600E-01
 1904.70   0.62195E-01   0.65041E-01   0.63124E-01
 1918.30   0.61775E-01   0.64571E-01   0.62653E-01
 1931.91   0.61361E-01   0.64108E-01   0.62189E-01
 1945.51   0.60953E-01   0.63651E-01   0.61731E-01
 1959.12   0.60553E-01   0.63202E-01   0.61281E-01
 1972.72   0.60158E-01   0.62759E-01   0.60837E-01
 1986.33   0.59765E-01   0.62318E-01   0.60395E-01
 1999.93   0.59374E-01   0.61879E-01   0.59956E-01
 2013.54   0.58986E-01   0.61443E-01   0.59519E-01
 2027.14   0.58601E-01   0.61010E-01   0.59086E-01
 2040.75   0.58221E-01   0.60583E-01   0.58659E-01
 2054.35   0.57848E-01   0.60163E-01   0.58239E-01
 2067.96   0.57482E-01   0.59751E-01   0.57826E-01
 2081.56   0.57118E-01   0.59339E-01   0.57415E-01
 2095.17   0.56755E-01   0.58930E-01   0.57006E-01
 2108.77   0.56394E-01   0.58522E-01   0.56599E-01
 2122.38   0.56034E-01   0.58117E-01   0.56194E-01
 2135.98   0.55676E-01   0.57712E-01   0.55791E-01
 2149.59   0.55342E-01   0.57333E-01   0.55412E-01
 2163.19   0.54994E-01   0.56939E-01   0.55019E-01
 2176.80   0.54654E-01   0.56554E-01   0.54635E-01
 2190.40   0.54317E-01   0.56172E-01   0.54254E-01
 2204.01   0.53981E-01   0.55792E-01   0.53875E-01
 2217.61   0.53646E-01   0.55411E-01   0.53496E-01
 2231.22   0.53308E-01   0.55029E-01   0.53115E-01
 2244.82   0.53003E-01   0.54680E-01   0.52767E-01
 2258.43   0.52677E-01   0.54310E-01   0.52400E-01
 2272.03   0.52360E-01   0.53949E-01   0.52040E-01
 2285.64   0.52046E-01   0.53592E-01   0.51685E-01
 2299.24   0.51734E-01   0.53237E-01   0.51332E-01
 2312.85   0.51421E-01   0.52880E-01   0.50978E-01
 2326.45   0.51091E-01   0.52506E-01   0.50607E-01
 2340.06   0.50822E-01   0.52195E-01   0.50297E-01
 2353.66   0.50517E-01   0.51848E-01   0.49952E-01
 2367.27   0.50219E-01   0.51508E-01   0.49614E-01
 2380.87   0.49926E-01   0.51172E-01   0.49281E-01
 2394.48   0.49636E-01   0.50840E-01   0.48952E-01
 2408.08   0.49345E-01   0.50508E-01   0.48623E-01
 2421.69   0.49051E-01   0.50173E-01   0.48290E-01
 2435.29   0.48784E-01   0.49865E-01   0.47985E-01
 2448.90   0.48499E-01   0.49539E-01   0.47662E-01
 2462.50   0.48219E-01   0.49218E-01   0.47344E-01
 2476.11   0.47944E-01   0.48902E-01   0.47031E-01
 2489.71   0.47673E-01   0.48590E-01   0.46723E-01
 2503.32   0.47404E-01   0.48281E-01   0.46417E-01
 2516.92   0.47129E-01   0.47967E-01   0.46106E-01
 2530.53   0.46877E-01   0.47674E-01   0.45817E-01
 2544.13   0.46612E-01   0.47370E-01   0.45516E-01
 2557.74   0.46349E-01   0.47068E-01   0.45218E-01
 2571.34   0.46089E-01   0.46769E-01   0.44922E-01
 2584.95   0.45833E-01   0.46474E-01   0.44631E-01
 2598.55   0.45580E-01   0.46183E-01   0.44344E-01
 2612.16   0.45331E-01   0.45895E-01   0.44060E-01
 2625.76   0.45085E-01   0.45610E-01   0.43779E-01
 2639.37   0.44839E-01   0.45327E-01   0.43500E-01
 2652.97   0.44594E-01   0.45044E-01   0.43221E-01
 2666.58   0.44350E-01   0.44762E-01   0.42943E-01
 2680.18   0.44108E-01   0.44483E-01   0.42668E-01
 2693.79   0.43868E-01   0.44206E-01   0.42396E-01
 2707.39   0.43632E-01   0.43932E-01   0.42127E-01
 2721.00   0.43404E-01   0.43668E-01   0.41867E-01
 2734.60   0.43173E-01   0.43401E-01   0.41604E-01
 2748.21   0.42945E-01   0.43136E-01   0.41344E-01
 2761.81   0.42717E-01   0.42873E-01   0.41085E-01
 2775.42   0.42490E-01   0.42610E-01   0.40827E-01
 2789.02   0.42264E-01   0.42348E-01   0.40570E-01
 2802.63   0.42038E-01   0.42087E-01   0.40313E-01
 2816.23   0.41819E-01   0.41832E-01   0.40064E-01
 2829.84   0.41608E-01   0.41586E-01   0.39823E-01
 2843.44   0.41392E-01   0.41336E-01   0.39577E-01
 2857.05   0.41179E-01   0.41088E-01   0.39334E-01
 2870.65   0.40967E-01   0.40842E-01   0.39093E-01
 2884.26   0.40756E-01   0.40596E-01   0.38852E-01
 2897.86   0.40543E-01   0.40350E-01   0.38611E-01
 2911.47   0.40325E-01   0.40098E-01   0.38365E-01
 2925.07   0.40144E-01   0.39883E-01   0.38154E-01
 2938.68   0.39932E-01   0.39637E-01   0.37914E-01
 2952.28   0.39729E-01   0.39401E-01   0.37684E-01
 2965.89   0.39529E-01   0.39169E-01   0.37457E-01
 2979.49   0.39332E-01   0.38938E-01   0.37232E-01
 2993.10   0.39135E-01   0.38709E-01   0.37008E-01
 3006.70   0.38936E-01   0.38478E-01   0.36783E-01
 3020.31   0.38734E-01   0.38244E-01   0.36555E-01
 3033.91   0.38562E-01   0.38040E-01   0.36355E-01
 3047.52   0.38364E-01   0.37811E-01   0.36132E-01
 3061.12   0.38173E-01   0.37588E-01   0.35915E-01
 3074.73   0.37985E-01   0.37369E-01   0.35702E-01
 3088.33   0.37800E-01   0.37153E-01   0.35491E-01
 3101.94   0.37617E-01   0.36939E-01   0.35282E-01
 3115.54   0.37432E-01   0.36724E-01   0.35073E-01
 3129.15   0.37242E-01   0.36504E-01   0.34859E-01
 3142.75   0.37079E-01   0.36310E-01   0.34671E-01
 3156.36   0.36896E-01   0.36096E-01   0.34463E-01
 3169.96   0.36715E-01   0.35886E-01   0.34260E-01
 3183.57   0.36538E-01   0.35679E-01   0.34059E-01
 3197.17   0.36363E-01   0.35475E-01   0.33861E-01
 3210.78   0.36191E-01   0.35274E-01   0.33665E-01
 3224.38   0.36020E-01   0.35074E-01   0.33471E-01
 3237.99   0.35847E-01   0.34872E-01   0.33275E-01
 3251.59   0.35686E-01   0.34682E-01   0.33091E-01
 3265.20   0.35516E-01   0.34484E-01   0.32899E-01
 3278.80   0.35347E-01   0.34287E-01   0.32709E-01
 3292.41   0.35179E-01   0.34091E-01   0.32520E-01
 3306.01   0.35014E-01   0.33898E-01   0.32333E-01
 3319.62   0.34851E-01   0.33708E-01   0.32148E-01
 3333.22   0.34690E-01   0.33519E-01   0.31966E-01
 3346.83   0.34531E-01   0.33333E-01   0.31786E-01
 3360.43   0.34374E-01   0.33149E-01   0.31608E-01
 3374.04   0.34216E-01   0.32965E-01   0.31431E-01
 3387.64   0.34059E-01   0.32781E-01   0.31253E-01
 3401.25   0.33902E-01   0.32597E-01   0.31076E-01
 3414.85   0.33745E-01   0.32415E-01   0.30900E-01
 3428.46   0.33590E-01   0.32233E-01   0.30725E-01
 3442.06   0.33436E-01   0.32054E-01   0.30552E-01
 3455.67   0.33284E-01   0.31876E-01   0.30381E-01
 3469.27   0.33138E-01   0.31705E-01   0.30216E-01
 3482.88   0.32990E-01   0.31531E-01   0.30049E-01
 3496.48   0.32843E-01   0.31359E-01   0.29884E-01
 3510.09   0.32696E-01   0.31188E-01   0.29719E-01
 3523.69   0.32549E-01   0.31016E-01   0.29554E-01
 3537.30   0.32402E-01   0.30845E-01   0.29389E-01
 3550.90   0.32255E-01   0.30675E-01   0.29225E-01
 3564.51   0.32109E-01   0.30504E-01   0.29062E-01
 3578.11   0.31963E-01   0.30334E-01   0.28899E-01
 3591.72   0.31834E-01   0.30181E-01   0.28752E-01
 3605.32   0.31693E-01   0.30017E-01   0.28595E-01
 3618.93   0.31555E-01   0.29856E-01   0.28440E-01
 3632.53   0.31418E-01   0.29696E-01   0.28286E-01
 3646.14   0.31280E-01   0.29536E-01   0.28133E-01
 3659.74   0.31143E-01   0.29375E-01   0.27979E-01
 3673.35   0.31004E-01   0.29214E-01   0.27825E-01
 3686.95   0.30857E-01   0.29046E-01   0.27664E-01
 3700.56   0.30751E-01   0.28916E-01   0.27540E-01
 3714.16   0.30609E-01   0.28753E-01   0.27384E-01
 3727.77   0.30476E-01   0.28598E-01   0.27236E-01
 3741.37   0.30345E-01   0.28446E-01   0.27091E-01
 3754.98   0.30216E-01   0.28296E-01   0.26947E-01
 3768.58   0.30088E-01   0.28146E-01   0.26804E-01
 3782.19   0.29959E-01   0.27996E-01   0.26661E-01
 3795.79   0.29827E-01   0.27844E-01   0.26516E-01
 3809.40   0.29693E-01   0.27690E-01   0.26369E-01
 3823.00   0.29588E-01   0.27563E-01   0.26248E-01
 3836.61   0.29456E-01   0.27412E-01   0.26104E-01
 3850.21   0.29330E-01   0.27266E-01   0.25965E-01
 3863.82   0.29206E-01   0.27122E-01   0.25828E-01
 3877.42   0.29084E-01   0.26980E-01   0.25693E-01
 3891.03   0.28964E-01   0.26840E-01   0.25560E-01
 3904.63   0.28843E-01   0.26700E-01   0.25427E-01
 3918.24   0.28720E-01   0.26559E-01   0.25292E-01
 3931.84   0.28592E-01   0.26412E-01   0.25153E-01
 3945.45   0.28493E-01   0.26293E-01   0.25039E-01
 3959.05   0.28370E-01   0.26152E-01   0.24906E-01
 3972.66   0.28250E-01   0.26014E-01   0.24775E-01
 3986.26   0.28132E-01   0.25878E-01   0.24646E-01
 3999.87   0.28016E-01   0.25744E-01   0.24519E-01
 4013.47   0.27902E-01   0.25612E-01   0.24393E-01
 4027.08   0.27789E-01   0.25481E-01   0.24269E-01
 4040.68   0.27675E-01   0.25350E-01   0.24145E-01
 4054.29   0.27558E-01   0.25216E-01   0.24018E-01
 4067.89   0.27457E-01   0.25096E-01   0.23905E-01
 4081.50   0.27343E-01   0.24966E-01   0.23781E-01
 4095.10   0.27230E-01   0.24836E-01   0.23659E-01
 4108.71   0.27118E-01   0.24708E-01   0.23537E-01
 4122.31   0.27007E-01   0.24581E-01   0.23417E-01
 4135.92   0.26898E-01   0.24455E-01   0.23298E-01
 4149.52   0.26790E-01   0.24331E-01   0.23182E-01
 4163.13   0.26684E-01   0.24209E-01   0.23066E-01
 4176.73   0.26577E-01   0.24087E-01   0.22951E-01
 4190.34   0.26474E-01   0.23968E-01   0.22838E-01
 4203.94   0.26369E-01   0.23847E-01   0.22725E-01
 4217.55   0.26263E-01   0.23727E-01   0.22611E-01
 4231.15   0.26158E-01   0.23606E-01   0.22497E-01
 4244.76   0.26052E-01   0.23486E-01   0.22384E-01
 4258.36   0.25947E-01   0.23366E-01   0.22271E-01
 4271.97   0.25843E-01   0.23248E-01   0.22160E-01
 4285.57   0.25741E-01   0.23131E-01   0.22050E-01
 4299.18   0.25641E-01   0.23017E-01   0.21943E-01
 4312.78   0.25542E-01   0.22904E-01   0.21836E-01
 4326.39   0.25443E-01   0.22791E-01   0.21730E-01
 4339.99   0.25344E-01   0.22679E-01   0.21624E-01
 4353.60   0.25245E-01   0.22566E-01   0.21518E-01
 4367.20   0.25146E-01   0.22453E-01   0.21413E-01
 4380.81   0.25046E-01   0.22341E-01   0.21307E-01
 4394.41   0.24946E-01   0.22228E-01   0.21201E-01
 4408.02   0.24846E-01   0.22116E-01   0.21096E-01
 4421.62   0.24745E-01   0.22003E-01   0.20989E-01
 4435.23   0.24667E-01   0.21910E-01   0.20903E-01
 4448.83   0.24564E-01   0.21795E-01   0.20795E-01
 4462.44   0.24469E-01   0.21688E-01   0.20694E-01
 4476.04   0.24375E-01   0.21582E-01   0.20596E-01
 4489.65   0.24282E-01   0.21477E-01   0.20497E-01
 4503.25   0.24188E-01   0.21372E-01   0.20399E-01
 4516.86   0.24094E-01   0.21266E-01   0.20300E-01
 4530.46   0.23999E-01   0.21160E-01   0.20200E-01
 4544.07   0.23902E-01   0.21053E-01   0.20100E-01
 4557.67   0.23807E-01   0.20946E-01   0.20000E-01
 4571.28   0.23733E-01   0.20860E-01   0.19920E-01
 4584.88   0.23637E-01   0.20754E-01   0.19821E-01
 4598.49   0.23547E-01   0.20653E-01   0.19726E-01
 4612.09   0.23458E-01   0.20553E-01   0.19633E-01
 4625.70   0.23369E-01   0.20454E-01   0.19541E-01
 4639.30   0.23281E-01   0.20356E-01   0.19449E-01
 4652.91   0.23192E-01   0.20257E-01   0.19357E-01
 4666.51   0.23102E-01   0.20158E-01   0.19264E-01
 4680.12   0.23007E-01   0.20054E-01   0.19167E-01
 4693.72   0.22906E-01   0.19945E-01   0.19066E-01
 4707.33   0.22850E-01   0.19876E-01   0.19002E-01
 4720.93   0.22759E-01   0.19776E-01   0.18909E-01
 4734.54   0.22672E-01   0.19680E-01   0.18819E-01
 4748.14   0.22586E-01   0.19586E-01   0.18731E-01
 4761.75   0.22502E-01   0.19493E-01   0.18645E-01
 4775.35   0.22419E-01   0.19401E-01   0.18559E-01
 4788.96   0.22335E-01   0.19309E-01   0.18474E-01
 4802.56   0.22250E-01   0.19216E-01   0.18387E-01
 4816.17   0.22159E-01   0.19117E-01   0.18295E-01
 4829.77   0.22109E-01   0.19055E-01   0.18238E-01
 4843.38   0.22010E-01   0.18950E-01   0.18141E-01
 4856.98   0.21924E-01   0.18857E-01   0.18054E-01
 4870.59   0.21840E-01   0.18766E-01   0.17969E-01
 4884.19   0.21758E-01   0.18676E-01   0.17886E-01
 4897.80   0.21677E-01   0.18588E-01   0.17804E-01
 4911.40   0.21597E-01   0.18501E-01   0.17724E-01
 4925.01   0.21518E-01   0.18415E-01   0.17644E-01
 4938.61   0.21439E-01   0.18329E-01   0.17564E-01
 4952.22   0.21356E-01   0.18240E-01   0.17481E-01
 4965.82   0.21293E-01   0.18168E-01   0.17415E-01
 4979.43   0.21208E-01   0.18078E-01   0.17331E-01
 4993.03   0.21128E-01   0.17991E-01   0.17251E-01
 5006.64   0.21048E-01   0.17905E-01   0.17172E-01
 5020.24   0.20968E-01   0.17820E-01   0.17093E-01
 5033.85   0.20890E-01   0.17736E-01   0.17015E-01
 5047.45   0.20813E-01   0.17653E-01   0.16939E-01
 5061.06   0.20737E-01   0.17572E-01   0.16863E-01
 5074.66   0.20662E-01   0.17491E-01   0.16789E-01
 5088.27   0.20588E-01   0.17411E-01   0.16715E-01
 5101.87   0.20516E-01   0.17334E-01   0.16643E-01
 5115.48   0.20441E-01   0.17254E-01   0.16569E-01
 5129.08   0.20366E-01   0.17174E-01   0.16496E-01
 5142.69   0.20291E-01   0.17094E-01   0.16422E-01
 5156.29   0.20216E-01   0.17014E-01   0.16348E-01
 5169.90   0.20140E-01   0.16934E-01   0.16274E-01
 5183.50   0.20065E-01   0.16855E-01   0.16201E-01
 5197.11   0.19991E-01   0.16777E-01   0.16129E-01
 5210.71   0.19918E-01   0.16700E-01   0.16058E-01
 5224.32   0.19846E-01   0.16624E-01   0.15988E-01
 5237.92   0.19777E-01   0.16550E-01   0.15920E-01
 5251.53   0.19706E-01   0.16476E-01   0.15852E-01
 5265.13   0.19636E-01   0.16402E-01   0.15784E-01
 5278.74   0.19566E-01   0.16328E-01   0.15715E-01
 5292.34   0.19495E-01   0.16254E-01   0.15647E-01
 5305.95   0.19423E-01   0.16179E-01   0.15578E-01
 5319.55   0.19351E-01   0.16104E-01   0.15509E-01
 5333.16   0.19279E-01   0.16029E-01   0.15440E-01
 5346.76   0.19207E-01   0.15955E-01   0.15372E-01
 5360.37   0.19135E-01   0.15881E-01   0.15304E-01
 5373.97   0.19067E-01   0.15810E-01   0.15238E-01
 5387.58   0.19006E-01   0.15745E-01   0.15179E-01
 5401.18   0.18936E-01   0.15673E-01   0.15113E-01
 5414.79   0.18869E-01   0.15603E-01   0.15049E-01
 5428.39   0.18802E-01   0.15534E-01   0.14985E-01
 5442.00   0.18735E-01   0.15465E-01   0.14921E-01
 5455.60   0.18667E-01   0.15395E-01   0.14857E-01
 5469.21   0.18598E-01   0.15325E-01   0.14793E-01
 5482.81   0.18529E-01   0.15254E-01   0.14728E-01
 5496.42   0.18458E-01   0.15183E-01   0.14662E-01
 5510.02   0.18381E-01   0.15106E-01   0.14591E-01
 5523.63   0.18349E-01   0.15067E-01   0.14557E-01
 5537.23   0.18269E-01   0.14988E-01   0.14483E-01
 5550.84   0.18201E-01   0.14919E-01   0.14421E-01
 5564.44   0.18136E-01   0.14853E-01   0.14360E-01
 5578.05   0.18072E-01   0.14788E-01   0.14300E-01
 5591.65   0.18008E-01   0.14723E-01   0.14241E-01
 5605.26   0.17943E-01   0.14658E-01   0.14181E-01
 5618.86   0.17878E-01   0.14593E-01   0.14121E-01
 5632.47   0.17812E-01   0.14526E-01   0.14060E-01
 5646.07   0.17742E-01   0.14457E-01   0.13997E-01
 5659.68   0.17674E-01   0.14390E-01   0.13935E-01
 5673.28   0.17636E-01   0.14347E-01   0.13897E-01
 5686.89   0.17563E-01   0.14276E-01   0.13832E-01
 5700.49   0.17498E-01   0.14211E-01   0.13772E-01
 5714.10   0.17434E-01   0.14148E-01   0.13714E-01
 5727.70   0.17372E-01   0.14087E-01   0.13658E-01
 5741.31   0.17311E-01   0.14026E-01   0.13602E-01
 5754.91   0.17250E-01   0.13965E-01   0.13547E-01
 5768.52   0.17188E-01   0.13904E-01   0.13491E-01
 5782.12   0.17125E-01   0.13842E-01   0.13434E-01
 5795.73   0.17058E-01   0.13777E-01   0.13374E-01
 5809.33   0.16989E-01   0.13710E-01   0.13313E-01
 5822.94   0.16954E-01   0.13672E-01   0.13280E-01
 5836.54   0.16887E-01   0.13607E-01   0.13220E-01
 5850.15   0.16824E-01   0.13546E-01   0.13164E-01
 5863.75   0.16762E-01   0.13486E-01   0.13109E-01
 5877.36   0.16701E-01   0.13427E-01   0.13055E-01
 5890.96   0.16642E-01   0.13369E-01   0.13002E-01
 5904.57   0.16583E-01   0.13312E-01   0.12950E-01
 5918.17   0.16525E-01   0.13255E-01   0.12898E-01
 5931.78   0.16466E-01   0.13198E-01   0.12846E-01
 5945.38   0.16404E-01   0.13139E-01   0.12792E-01
 5958.99   0.16338E-01   0.13076E-01   0.12734E-01
 5972.59   0.16299E-01   0.13036E-01   0.12699E-01
 5986.20   0.16237E-01   0.12977E-01   0.12645E-01
 5999.80   0.16177E-01   0.12920E-01   0.12592E-01
 6013.41   0.16117E-01   0.12863E-01   0.12540E-01
 6027.01   0.16058E-01   0.12807E-01   0.12488E-01
 6040.62   0.15999E-01   0.12751E-01   0.12438E-01
 6054.22   0.15942E-01   0.12697E-01   0.12388E-01
 6067.83   0.15886E-01   0.12644E-01   0.12340E-01
 6081.43   0.15830E-01   0.12591E-01   0.12292E-01
 6095.04   0.15774E-01   0.12538E-01   0.12243E-01
 6108.64   0.15716E-01   0.12483E-01   0.12193E-01
 6122.25   0.15668E-01   0.12436E-01   0.12151E-01
 6135.85   0.15611E-01   0.12383E-01   0.12102E-01
 6149.46   0.15554E-01   0.12330E-01   0.12054E-01
 6163.06   0.15497E-01   0.12276E-01   0.12005E-01
 6176.67   0.15440E-01   0.12223E-01   0.11956E-01
 6190.27   0.15383E-01   0.12170E-01   0.11908E-01
 6203.88   0.15326E-01   0.12118E-01   0.11860E-01
 6217.48   0.15271E-01   0.12067E-01   0.11814E-01
 6231.09   0.15217E-01   0.12016E-01   0.11768E-01
 6244.69   0.15163E-01   0.11967E-01   0.11723E-01
 6258.30   0.15111E-01   0.11918E-01   0.11678E-01
 6271.90   0.15058E-01   0.11869E-01   0.11634E-01
 6285.51   0.15005E-01   0.11821E-01   0.11590E-01
 6299.11   0.14952E-01   0.11772E-01   0.11545E-01
 6312.72   0.14899E-01   0.11723E-01   0.11501E-01
 6326.32   0.14844E-01   0.11673E-01   0.11455E-01
 6339.93   0.14790E-01   0.11623E-01   0.11410E-01
 6353.53   0.14735E-01   0.11573E-01   0.11364E-01
 6367.14   0.14680E-01   0.11524E-01   0.11319E-01
 6380.74   0.14626E-01   0.11475E-01   0.11274E-01
 6394.35   0.14571E-01   0.11426E-01   0.11230E-01
 6407.95   0.14521E-01   0.11380E-01   0.11188E-01
 6421.56   0.14475E-01   0.11338E-01   0.11150E-01
 6435.16   0.14422E-01   0.11290E-01   0.11107E-01
 6448.77   0.14371E-01   0.11244E-01   0.11065E-01
 6462.37   0.14320E-01   0.11199E-01   0.11023E-01
 6475.98   0.14269E-01   0.11153E-01   0.10982E-01
 6489.58   0.14217E-01   0.11107E-01   0.10940E-01
 6503.19   0.14165E-01   0.11061E-01   0.10898E-01
 6516.79   0.14112E-01   0.11014E-01   0.10855E-01
 6530.40   0.14059E-01   0.10967E-01   0.10812E-01
 6544.00   0.14004E-01   0.10919E-01   0.10768E-01
 6557.61   0.13945E-01   0.10867E-01   0.10721E-01
 6571.21   0.13894E-01   0.10823E-01   0.10680E-01
 6584.82   0.13863E-01   0.10793E-01   0.10654E-01
 6598.42   0.13810E-01   0.10747E-01   0.10612E-01
 6612.03   0.13761E-01   0.10704E-01   0.10573E-01
 6625.63   0.13712E-01   0.10661E-01   0.10534E-01
 6639.24   0.13663E-01   0.10618E-01   0.10495E-01
 6652.84   0.13614E-01   0.10576E-01   0.10456E-01
 6666.45   0.13564E-01   0.10532E-01   0.10417E-01
 6680.05   0.13514E-01   0.10488E-01   0.10377E-01
 6693.66   0.13461E-01   0.10444E-01   0.10336E-01
 6707.26   0.13406E-01   0.10397E-01   0.10292E-01
 6720.87   0.13355E-01   0.10353E-01   0.10252E-01
 6734.47   0.13334E-01   0.10332E-01   0.10235E-01
 6748.08   0.13274E-01   0.10282E-01   0.10189E-01
 6761.68   0.13223E-01   0.10238E-01   0.10148E-01
 6775.29   0.13174E-01   0.10196E-01   0.10110E-01
 6788.89   0.13126E-01   0.10156E-01   0.10073E-01
 6802.50   0.13079E-01   0.10116E-01   0.10037E-01
 6816.10   0.13032E-01   0.10076E-01   0.10001E-01
 6829.71   0.12985E-01   0.10036E-01   0.99643E-02
 6843.31   0.12937E-01   0.99951E-02   0.99273E-02
 6856.92   0.12887E-01   0.99533E-02   0.98890E-02
 6870.52   0.12832E-01   0.99073E-02   0.98466E-02
 6884.13   0.12780E-01   0.98637E-02   0.98066E-02
 6897.73   0.12762E-01   0.98470E-02   0.97932E-02
 6911.34   0.12707E-01   0.98016E-02   0.97512E-02
 6924.94   0.12657E-01   0.97599E-02   0.97130E-02
 6938.55   0.12609E-01   0.97198E-02   0.96764E-02
 6952.15   0.12562E-01   0.96808E-02   0.96408E-02
 6965.76   0.12516E-01   0.96427E-02   0.96061E-02
 6979.36   0.12471E-01   0.96053E-02   0.95720E-02
 6992.97   0.12426E-01   0.95681E-02   0.95381E-02
 7006.57   0.12381E-01   0.95308E-02   0.95042E-02
 7020.18   0.12334E-01   0.94926E-02   0.94693E-02
 7033.78   0.12283E-01   0.94505E-02   0.94305E-02
 7047.39   0.12231E-01   0.94083E-02   0.93915E-02
 7060.99   0.12210E-01   0.93905E-02   0.93769E-02
 7074.60   0.12160E-01   0.93497E-02   0.93394E-02
 7088.20   0.12112E-01   0.93107E-02   0.93036E-02
 7101.81   0.12065E-01   0.92725E-02   0.92686E-02
 7115.41   0.12019E-01   0.92350E-02   0.92343E-02
 7129.02   0.11973E-01   0.91984E-02   0.92008E-02
 7142.62   0.11929E-01   0.91626E-02   0.91681E-02
 7156.23   0.11885E-01   0.91274E-02   0.91361E-02
 7169.83   0.11842E-01   0.90928E-02   0.91045E-02
 7183.44   0.11799E-01   0.90581E-02   0.90729E-02
 7197.04   0.11754E-01   0.90221E-02   0.90399E-02
 7210.65   0.11707E-01   0.89843E-02   0.90052E-02
 7224.25   0.11676E-01   0.89593E-02   0.89832E-02
 7237.86   0.11631E-01   0.89233E-02   0.89502E-02
 7251.46   0.11586E-01   0.88876E-02   0.89175E-02
 7265.07   0.11541E-01   0.88519E-02   0.88847E-02
 7278.67   0.11496E-01   0.88164E-02   0.88521E-02
 7292.28   0.11451E-01   0.87812E-02   0.88198E-02
 7305.88   0.11407E-01   0.87466E-02   0.87881E-02
 7319.49   0.11364E-01   0.87127E-02   0.87571E-02
 7333.09   0.11322E-01   0.86795E-02   0.87268E-02
 7346.70   0.11280E-01   0.86470E-02   0.86972E-02
 7360.30   0.11239E-01   0.86150E-02   0.86680E-02
 7373.91   0.11198E-01   0.85828E-02   0.86385E-02
 7387.51   0.11158E-01   0.85521E-02   0.86106E-02
 7401.12   0.11117E-01   0.85202E-02   0.85815E-02
 7414.72   0.11076E-01   0.84880E-02   0.85521E-02
 7428.33   0.11034E-01   0.84554E-02   0.85222E-02
 7441.93   0.10991E-01   0.84225E-02   0.84919E-02
 7455.54   0.10948E-01   0.83893E-02   0.84615E-02
 7469.14   0.10905E-01   0.83562E-02   0.84310E-02
 7482.75   0.10862E-01   0.83233E-02   0.84007E-02
 7496.35   0.10820E-01   0.82908E-02   0.83709E-02
 7509.96   0.10778E-01   0.82590E-02   0.83417E-02
 7523.56   0.10736E-01   0.82275E-02   0.83128E-02
 7537.17   0.10698E-01   0.81986E-02   0.82864E-02
 7550.77   0.10661E-01   0.81701E-02   0.82605E-02
 7564.38   0.10621E-01   0.81398E-02   0.82328E-02
 7577.98   0.10582E-01   0.81102E-02   0.82057E-02
 7591.59   0.10542E-01   0.80805E-02   0.81785E-02
 7605.19   0.10502E-01   0.80504E-02   0.81510E-02
 7618.80   0.10462E-01   0.80200E-02   0.81230E-02
 7632.40   0.10421E-01   0.79892E-02   0.80946E-02
 7646.01   0.10379E-01   0.79580E-02   0.80658E-02
 7659.61   0.10337E-01   0.79267E-02   0.80369E-02
 7673.22   0.10295E-01   0.78952E-02   0.80078E-02
 7686.82   0.10253E-01   0.78634E-02   0.79784E-02
 7700.43   0.10203E-01   0.78266E-02   0.79438E-02
 7714.03   0.10194E-01   0.78200E-02   0.79398E-02
 7727.64   0.10145E-01   0.77836E-02   0.79057E-02
 7741.24   0.10105E-01   0.77542E-02   0.78786E-02
 7754.85   0.10066E-01   0.77260E-02   0.78527E-02
 7768.45   0.10029E-01   0.76983E-02   0.78272E-02
 7782.06   0.99907E-02   0.76705E-02   0.78017E-02
 7795.66   0.99524E-02   0.76424E-02   0.77759E-02
 7809.27   0.99134E-02   0.76139E-02   0.77496E-02
 7822.87   0.98736E-02   0.75849E-02   0.77227E-02
 7836.48   0.98330E-02   0.75552E-02   0.76952E-02
 7850.08   0.97910E-02   0.75245E-02   0.76667E-02
 7863.69   0.97449E-02   0.74908E-02   0.76350E-02
 7877.29   0.97074E-02   0.74638E-02   0.76101E-02
 7890.90   0.96935E-02   0.74547E-02   0.76035E-02
 7904.50   0.96482E-02   0.74217E-02   0.75725E-02
 7918.11   0.96085E-02   0.73931E-02   0.75459E-02
 7931.71   0.95707E-02   0.73660E-02   0.75209E-02
 7945.32   0.95338E-02   0.73397E-02   0.74966E-02
 7958.92   0.94974E-02   0.73137E-02   0.74727E-02
 7972.53   0.94610E-02   0.72878E-02   0.74488E-02
 7986.13   0.94243E-02   0.72616E-02   0.74246E-02
 7999.74   0.93867E-02   0.72348E-02   0.73998E-02
 8013.34   0.93479E-02   0.72072E-02   0.73741E-02
 8026.95   0.93068E-02   0.71778E-02   0.73465E-02
 8040.55   0.92556E-02   0.71406E-02   0.73110E-02
 8054.16   0.92171E-02   0.71133E-02   0.72856E-02
 8067.76   0.92137E-02   0.71132E-02   0.72880E-02
 8081.37   0.91707E-02   0.70825E-02   0.72591E-02
 8094.97   0.91315E-02   0.70549E-02   0.72333E-02
 8108.58   0.90940E-02   0.70286E-02   0.72088E-02
 8122.18   0.90578E-02   0.70032E-02   0.71853E-02
 8135.79   0.90223E-02   0.69786E-02   0.71625E-02
 8149.39   0.89873E-02   0.69543E-02   0.71400E-02
 8163.00   0.89525E-02   0.69302E-02   0.71177E-02
 8176.60   0.89173E-02   0.69058E-02   0.70951E-02
 8190.21   0.88812E-02   0.68807E-02   0.70718E-02
 8203.81   0.88426E-02   0.68538E-02   0.70465E-02
 8217.42   0.87900E-02   0.68158E-02   0.70098E-02
 8231.02   0.88045E-02   0.68307E-02   0.70275E-02
 8244.63   0.87510E-02   0.67921E-02   0.69902E-02
 8258.23   0.87110E-02   0.67641E-02   0.69638E-02
 8271.84   0.86731E-02   0.67379E-02   0.69391E-02
 8285.44   0.86363E-02   0.67125E-02   0.69154E-02
 8299.05   0.86003E-02   0.66880E-02   0.68924E-02
 8312.65   0.85653E-02   0.66641E-02   0.68702E-02
 8326.26   0.85311E-02   0.66409E-02   0.68486E-02
 8339.86   0.84975E-02   0.66182E-02   0.68275E-02
 8353.47   0.84642E-02   0.65958E-02   0.68067E-02
 8367.07   0.84308E-02   0.65733E-02   0.67857E-02
 8380.68   0.83962E-02   0.65498E-02   0.67638E-02
 8394.28   0.83529E-02   0.65194E-02   0.67346E-02
 8407.89   0.83452E-02   0.65177E-02   0.67351E-02
 8421.49   0.83038E-02   0.64889E-02   0.67076E-02
 8435.10   0.82676E-02   0.64643E-02   0.66844E-02
 8448.70   0.82319E-02   0.64402E-02   0.66617E-02
 8462.31   0.81965E-02   0.64163E-02   0.66392E-02
 8475.91   0.81613E-02   0.63927E-02   0.66170E-02
 8489.52   0.81267E-02   0.63695E-02   0.65952E-02
 8503.12   0.80928E-02   0.63469E-02   0.65740E-02
 8516.73   0.80596E-02   0.63249E-02   0.65534E-02
 8530.33   0.80272E-02   0.63036E-02   0.65334E-02
 8543.94   0.79953E-02   0.62827E-02   0.65139E-02
 8557.54   0.79637E-02   0.62620E-02   0.64946E-02
 8571.15   0.79309E-02   0.62404E-02   0.64743E-02
 8584.75   0.79045E-02   0.62240E-02   0.64594E-02
 8598.36   0.78714E-02   0.62021E-02   0.64388E-02
 8611.96   0.78390E-02   0.61809E-02   0.64189E-02
 8625.57   0.78063E-02   0.61595E-02   0.63987E-02
 8639.17   0.77732E-02   0.61377E-02   0.63781E-02
 8652.78   0.77398E-02   0.61157E-02   0.63574E-02
 8666.38   0.77062E-02   0.60936E-02   0.63365E-02
 8679.99   0.76728E-02   0.60717E-02   0.63157E-02
 8693.59   0.76397E-02   0.60502E-02   0.62953E-02
 8707.20   0.76073E-02   0.60291E-02   0.62754E-02
 8720.80   0.75755E-02   0.60086E-02   0.62561E-02
 8734.41   0.75443E-02   0.59886E-02   0.62373E-02
 8748.01   0.75134E-02   0.59689E-02   0.62187E-02
 8761.62   0.74848E-02   0.59509E-02   0.62019E-02
 8775.22   0.74552E-02   0.59320E-02   0.61842E-02
 8788.83   0.74253E-02   0.59130E-02   0.61664E-02
 8802.43   0.73952E-02   0.58940E-02   0.61484E-02
 8816.04   0.73647E-02   0.58745E-02   0.61301E-02
 8829.64   0.73337E-02   0.58547E-02   0.61114E-02
 8843.25   0.73022E-02   0.58345E-02   0.60922E-02
 8856.85   0.72703E-02   0.58140E-02   0.60726E-02
 8870.46   0.72381E-02   0.57933E-02   0.60529E-02
 8884.06   0.72058E-02   0.57726E-02   0.60331E-02
 8897.67   0.71737E-02   0.57520E-02   0.60135E-02
 8911.27   0.71417E-02   0.57316E-02   0.59940E-02
 8924.88   0.71087E-02   0.57104E-02   0.59737E-02
 8938.48   0.70823E-02   0.56944E-02   0.59588E-02
 8952.09   0.70600E-02   0.56814E-02   0.59470E-02
 8965.69   0.70286E-02   0.56615E-02   0.59280E-02
 8979.30   0.69993E-02   0.56433E-02   0.59107E-02
 8992.90   0.69705E-02   0.56255E-02   0.58939E-02
 9006.51   0.69417E-02   0.56077E-02   0.58770E-02
 9020.11   0.69126E-02   0.55896E-02   0.58598E-02
 9033.72   0.68831E-02   0.55712E-02   0.58422E-02
 9047.32   0.68529E-02   0.55522E-02   0.58241E-02
 9060.93   0.68222E-02   0.55329E-02   0.58055E-02
 9074.53   0.67910E-02   0.55131E-02   0.57865E-02
 9088.14   0.67591E-02   0.54928E-02   0.57669E-02
 9101.74   0.67256E-02   0.54713E-02   0.57460E-02
 9115.35   0.66810E-02   0.54409E-02   0.57158E-02
 9128.95   0.66985E-02   0.54602E-02   0.57378E-02
 9142.56   0.66528E-02   0.54289E-02   0.57065E-02
 9156.16   0.66214E-02   0.54091E-02   0.56874E-02
 9169.77   0.65924E-02   0.53913E-02   0.56703E-02
 9183.37   0.65644E-02   0.53743E-02   0.56540E-02
 9196.98   0.65368E-02   0.53576E-02   0.56381E-02
 9210.58   0.65094E-02   0.53410E-02   0.56222E-02
 9224.19   0.64817E-02   0.53242E-02   0.56061E-02
 9237.79   0.64535E-02   0.53070E-02   0.55896E-02
 9251.40   0.64247E-02   0.52892E-02   0.55725E-02
 9265.00   0.63949E-02   0.52707E-02   0.55545E-02
 9278.61   0.63637E-02   0.52509E-02   0.55352E-02
 9292.21   0.63281E-02   0.52276E-02   0.55122E-02
 9305.82   0.63015E-02   0.52117E-02   0.54970E-02
 9319.42   0.63024E-02   0.52186E-02   0.55058E-02
 9333.03   0.62639E-02   0.51929E-02   0.54802E-02
 9346.63   0.62330E-02   0.51734E-02   0.54612E-02
 9360.24   0.62042E-02   0.51558E-02   0.54440E-02
 9373.84   0.61766E-02   0.51392E-02   0.54280E-02
 9387.45   0.61499E-02   0.51232E-02   0.54126E-02
 9401.05   0.61236E-02   0.51076E-02   0.53976E-02
 9414.66   0.60975E-02   0.50922E-02   0.53827E-02
 9428.26   0.60712E-02   0.50766E-02   0.53677E-02
 9441.87   0.60445E-02   0.50606E-02   0.53522E-02
 9455.47   0.60169E-02   0.50439E-02   0.53359E-02
 9469.08   0.59875E-02   0.50256E-02   0.53179E-02
 9482.68   0.59517E-02   0.50018E-02   0.52942E-02
 9496.29   0.59252E-02   0.49861E-02   0.52789E-02
 9509.89   0.59264E-02   0.49939E-02   0.52886E-02
 9523.50   0.58923E-02   0.49716E-02   0.52664E-02
 9537.10   0.58626E-02   0.49531E-02   0.52481E-02
 9550.71   0.58344E-02   0.49359E-02   0.52312E-02
 9564.31   0.58072E-02   0.49195E-02   0.52152E-02
 9577.92   0.57809E-02   0.49039E-02   0.51999E-02
 9591.52   0.57552E-02   0.48888E-02   0.51853E-02
 9605.13   0.57301E-02   0.48742E-02   0.51711E-02
 9618.73   0.57053E-02   0.48599E-02   0.51571E-02
 9632.34   0.56806E-02   0.48455E-02   0.51432E-02
 9645.94   0.56554E-02   0.48308E-02   0.51288E-02
 9659.55   0.56291E-02   0.48150E-02   0.51133E-02
 9673.15   0.55976E-02   0.47946E-02   0.50930E-02
 9686.76   0.55712E-02   0.47788E-02   0.50774E-02
 9700.36   0.55663E-02   0.47820E-02   0.50820E-02
 9713.97   0.55367E-02   0.47633E-02   0.50634E-02
 9727.57   0.55092E-02   0.47465E-02   0.50467E-02
 9741.18   0.54823E-02   0.47302E-02   0.50306E-02
 9754.78   0.54559E-02   0.47144E-02   0.50149E-02
 9768.39   0.54300E-02   0.46990E-02   0.49997E-02
 9781.99   0.54047E-02   0.46841E-02   0.49851E-02
 9795.60   0.53801E-02   0.46698E-02   0.49710E-02
 9809.20   0.53560E-02   0.46560E-02   0.49575E-02
 9822.81   0.53324E-02   0.46426E-02   0.49443E-02
 9836.41   0.53091E-02   0.46294E-02   0.49314E-02
 9850.02   0.52856E-02   0.46161E-02   0.49183E-02
 9863.62   0.52607E-02   0.46013E-02   0.49037E-02
 9877.23   0.52357E-02   0.45865E-02   0.48890E-02
 9890.83   0.52208E-02   0.45810E-02   0.48842E-02
 9904.44   0.51959E-02   0.45662E-02   0.48695E-02
 9918.04   0.51713E-02   0.45517E-02   0.48551E-02
 9931.65   0.51465E-02   0.45371E-02   0.48406E-02
 9945.25   0.51216E-02   0.45224E-02   0.48260E-02
 9958.86   0.50968E-02   0.45077E-02   0.48113E-02
 9972.46   0.50721E-02   0.44932E-02   0.47968E-02
 9986.07   0.50478E-02   0.44789E-02   0.47826E-02
 9999.67   0.50239E-02   0.44651E-02   0.47689E-02
