  149.65   0.28831E+00   0.29247E+00   0.27172E+00
  163.26   0.28592E+00   0.28994E+00   0.26256E+00
  176.86   0.28676E+00   0.29067E+00   0.25872E+00
  190.47   0.28955E+00   0.29339E+00   0.25833E+00
  204.07   0.29320E+00   0.29698E+00   0.25996E+00
  217.68   0.29707E+00   0.30081E+00   0.26267E+00
  231.28   0.30066E+00   0.30437E+00   0.26573E+00
  244.89   0.30389E+00   0.30757E+00   0.26889E+00
  258.49   0.30648E+00   0.31015E+00   0.27175E+00
  272.10   0.30863E+00   0.31229E+00   0.27440E+00
  285.70   0.31003E+00   0.31369E+00   0.27652E+00
  299.31   0.31075E+00   0.31440E+00   0.27806E+00
  312.91   0.31112E+00   0.31477E+00   0.27935E+00
  326.52   0.31076E+00   0.31441E+00   0.27997E+00
  340.12   0.31001E+00   0.31365E+00   0.28021E+00
  353.73   0.30876E+00   0.31241E+00   0.27998E+00
  367.33   0.30705E+00   0.31069E+00   0.27928E+00
  380.94   0.30513E+00   0.30877E+00   0.27836E+00
  394.54   0.30281E+00   0.30644E+00   0.27702E+00
  408.15   0.29995E+00   0.30358E+00   0.27517E+00
  421.75   0.29733E+00   0.30096E+00   0.27346E+00
  435.36   0.29428E+00   0.29789E+00   0.27132E+00
  448.96   0.29084E+00   0.29444E+00   0.26877E+00
  462.57   0.28770E+00   0.29130E+00   0.26646E+00
  476.17   0.28421E+00   0.28780E+00   0.26378E+00
  489.78   0.28053E+00   0.28410E+00   0.26089E+00
  503.38   0.27697E+00   0.28053E+00   0.25807E+00
  516.99   0.27319E+00   0.27674E+00   0.25501E+00
  530.59   0.26939E+00   0.27292E+00   0.25190E+00
  544.20   0.26561E+00   0.26912E+00   0.24877E+00
  557.80   0.26173E+00   0.26523E+00   0.24552E+00
  571.41   0.25786E+00   0.26134E+00   0.24226E+00
  585.01   0.25405E+00   0.25751E+00   0.23902E+00
  598.62   0.25020E+00   0.25364E+00   0.23572E+00
  612.22   0.24634E+00   0.24976E+00   0.23239E+00
  625.83   0.24248E+00   0.24587E+00   0.22902E+00
  639.43   0.23875E+00   0.24213E+00   0.22578E+00
  653.04   0.23499E+00   0.23834E+00   0.22247E+00
  666.64   0.23124E+00   0.23456E+00   0.21916E+00
  680.25   0.22763E+00   0.23093E+00   0.21596E+00
  693.85   0.22394E+00   0.22722E+00   0.21267E+00
  707.46   0.22036E+00   0.22361E+00   0.20947E+00
  721.06   0.21679E+00   0.22001E+00   0.20626E+00
  734.67   0.21335E+00   0.21655E+00   0.20317E+00
  748.27   0.20988E+00   0.21304E+00   0.20003E+00
  761.88   0.20649E+00   0.20962E+00   0.19696E+00
  775.48   0.20312E+00   0.20623E+00   0.19389E+00
  789.09   0.19988E+00   0.20296E+00   0.19094E+00
  802.69   0.19660E+00   0.19965E+00   0.18795E+00
  816.30   0.19342E+00   0.19644E+00   0.18503E+00
  829.90   0.19029E+00   0.19328E+00   0.18215E+00
  843.51   0.18726E+00   0.19022E+00   0.17936E+00
  857.11   0.18421E+00   0.18714E+00   0.17655E+00
  870.72   0.18124E+00   0.18413E+00   0.17380E+00
  884.32   0.17833E+00   0.18120E+00   0.17110E+00
  897.93   0.17550E+00   0.17833E+00   0.16847E+00
  911.53   0.17268E+00   0.17548E+00   0.16585E+00
  925.14   0.16991E+00   0.17268E+00   0.16327E+00
  938.74   0.16719E+00   0.16994E+00   0.16074E+00
  952.35   0.16454E+00   0.16725E+00   0.15826E+00
  965.95   0.16195E+00   0.16463E+00   0.15583E+00
  979.56   0.15939E+00   0.16204E+00   0.15344E+00
  993.16   0.15688E+00   0.15949E+00   0.15107E+00
 1006.77   0.15440E+00   0.15699E+00   0.14874E+00
 1020.37   0.15202E+00   0.15457E+00   0.14650E+00
 1033.98   0.14966E+00   0.15218E+00   0.14427E+00
 1047.58   0.14734E+00   0.14983E+00   0.14208E+00
 1061.19   0.14505E+00   0.14750E+00   0.13992E+00
 1074.79   0.14275E+00   0.14518E+00   0.13774E+00
 1088.40   0.14063E+00   0.14303E+00   0.13574E+00
 1102.00   0.13849E+00   0.14085E+00   0.13370E+00
 1115.61   0.13638E+00   0.13871E+00   0.13170E+00
 1129.21   0.13430E+00   0.13660E+00   0.12972E+00
 1142.82   0.13233E+00   0.13460E+00   0.12785E+00
 1156.42   0.13030E+00   0.13254E+00   0.12592E+00
 1170.03   0.12835E+00   0.13056E+00   0.12406E+00
 1183.63   0.12644E+00   0.12862E+00   0.12224E+00
 1197.24   0.12456E+00   0.12670E+00   0.12044E+00
 1210.84   0.12276E+00   0.12488E+00   0.11872E+00
 1224.45   0.12093E+00   0.12301E+00   0.11696E+00
 1238.05   0.11915E+00   0.12121E+00   0.11526E+00
 1251.66   0.11742E+00   0.11944E+00   0.11360E+00
 1265.26   0.11571E+00   0.11771E+00   0.11197E+00
 1278.87   0.11406E+00   0.11603E+00   0.11039E+00
 1292.47   0.11241E+00   0.11434E+00   0.10879E+00
 1306.08   0.11079E+00   0.11269E+00   0.10724E+00
 1319.68   0.10921E+00   0.11108E+00   0.10572E+00
 1333.29   0.10766E+00   0.10951E+00   0.10423E+00
 1346.89   0.10615E+00   0.10797E+00   0.10278E+00
 1360.50   0.10466E+00   0.10645E+00   0.10133E+00
 1374.10   0.10319E+00   0.10495E+00   0.99917E-01
 1387.71   0.10174E+00   0.10348E+00   0.98524E-01
 1401.31   0.10033E+00   0.10204E+00   0.97160E-01
 1414.92   0.98950E-01   0.10063E+00   0.95825E-01
 1428.52   0.97596E-01   0.99244E-01   0.94516E-01
 1442.13   0.96261E-01   0.97881E-01   0.93225E-01
 1455.73   0.94945E-01   0.96538E-01   0.91951E-01
 1469.34   0.93651E-01   0.95216E-01   0.90698E-01
 1482.94   0.92378E-01   0.93916E-01   0.89465E-01
 1496.55   0.91151E-01   0.92662E-01   0.88275E-01
 1510.15   0.89934E-01   0.91418E-01   0.87094E-01
 1523.76   0.88738E-01   0.90196E-01   0.85934E-01
 1537.36   0.87559E-01   0.88991E-01   0.84790E-01
 1550.97   0.86396E-01   0.87801E-01   0.83660E-01
 1564.57   0.85249E-01   0.86628E-01   0.82546E-01
 1578.18   0.84157E-01   0.85511E-01   0.81484E-01
 1591.78   0.83063E-01   0.84391E-01   0.80420E-01
 1605.39   0.81989E-01   0.83292E-01   0.79375E-01
 1618.99   0.80930E-01   0.82207E-01   0.78344E-01
 1632.60   0.79879E-01   0.81131E-01   0.77320E-01
 1646.20   0.78890E-01   0.80118E-01   0.76356E-01
 1659.81   0.77867E-01   0.79070E-01   0.75359E-01
 1673.41   0.76878E-01   0.78057E-01   0.74395E-01
 1687.02   0.75910E-01   0.77065E-01   0.73451E-01
 1700.62   0.74957E-01   0.76088E-01   0.72521E-01
 1714.23   0.74007E-01   0.75114E-01   0.71594E-01
 1727.83   0.73113E-01   0.74197E-01   0.70721E-01
 1741.44   0.72195E-01   0.73255E-01   0.69825E-01
 1755.04   0.71302E-01   0.72339E-01   0.68952E-01
 1768.65   0.70427E-01   0.71441E-01   0.68097E-01
 1782.25   0.69568E-01   0.70560E-01   0.67257E-01
 1795.86   0.68716E-01   0.69685E-01   0.66424E-01
 1809.46   0.67901E-01   0.68848E-01   0.65627E-01
 1823.07   0.67074E-01   0.67999E-01   0.64818E-01
 1836.67   0.66264E-01   0.67167E-01   0.64025E-01
 1850.28   0.65470E-01   0.66351E-01   0.63247E-01
 1863.88   0.64691E-01   0.65551E-01   0.62485E-01
 1877.49   0.63926E-01   0.64764E-01   0.61735E-01
 1891.09   0.63177E-01   0.63995E-01   0.61001E-01
 1904.70   0.62432E-01   0.63229E-01   0.60271E-01
 1918.30   0.61698E-01   0.62474E-01   0.59552E-01
 1931.91   0.60976E-01   0.61731E-01   0.58843E-01
 1945.51   0.60266E-01   0.61001E-01   0.58147E-01
 1959.12   0.59570E-01   0.60285E-01   0.57465E-01
 1972.72   0.58888E-01   0.59583E-01   0.56795E-01
 1986.33   0.58215E-01   0.58891E-01   0.56135E-01
 1999.93   0.57551E-01   0.58207E-01   0.55483E-01
 2013.54   0.56895E-01   0.57532E-01   0.54839E-01
 2027.14   0.56248E-01   0.56866E-01   0.54204E-01
 2040.75   0.55611E-01   0.56210E-01   0.53578E-01
 2054.35   0.54986E-01   0.55566E-01   0.52964E-01
 2067.96   0.54378E-01   0.54939E-01   0.52366E-01
 2081.56   0.53774E-01   0.54317E-01   0.51773E-01
 2095.17   0.53178E-01   0.53703E-01   0.51187E-01
 2108.77   0.52589E-01   0.53096E-01   0.50608E-01
 2122.38   0.52007E-01   0.52496E-01   0.50036E-01
 2135.98   0.51429E-01   0.51900E-01   0.49468E-01
 2149.59   0.50885E-01   0.51338E-01   0.48932E-01
 2163.19   0.50325E-01   0.50762E-01   0.48382E-01
 2176.80   0.49781E-01   0.50200E-01   0.47847E-01
 2190.40   0.49245E-01   0.49648E-01   0.47320E-01
 2204.01   0.48716E-01   0.49101E-01   0.46799E-01
 2217.61   0.48191E-01   0.48560E-01   0.46282E-01
 2231.22   0.47668E-01   0.48020E-01   0.45768E-01
 2244.82   0.47180E-01   0.47516E-01   0.45287E-01
 2258.43   0.46676E-01   0.46996E-01   0.44791E-01
 2272.03   0.46184E-01   0.46489E-01   0.44307E-01
 2285.64   0.45701E-01   0.45990E-01   0.43831E-01
 2299.24   0.45224E-01   0.45497E-01   0.43361E-01
 2312.85   0.44750E-01   0.45008E-01   0.42895E-01
 2326.45   0.44267E-01   0.44509E-01   0.42420E-01
 2340.06   0.43836E-01   0.44063E-01   0.41994E-01
 2353.66   0.43380E-01   0.43592E-01   0.41546E-01
 2367.27   0.42933E-01   0.43132E-01   0.41106E-01
 2380.87   0.42495E-01   0.42679E-01   0.40675E-01
 2394.48   0.42064E-01   0.42233E-01   0.40250E-01
 2408.08   0.41637E-01   0.41792E-01   0.39829E-01
 2421.69   0.41210E-01   0.41351E-01   0.39409E-01
 2435.29   0.40807E-01   0.40934E-01   0.39012E-01
 2448.90   0.40395E-01   0.40508E-01   0.38605E-01
 2462.50   0.39989E-01   0.40089E-01   0.38206E-01
 2476.11   0.39590E-01   0.39676E-01   0.37813E-01
 2489.71   0.39198E-01   0.39271E-01   0.37427E-01
 2503.32   0.38812E-01   0.38872E-01   0.37047E-01
 2516.92   0.38426E-01   0.38473E-01   0.36666E-01
 2530.53   0.38057E-01   0.38091E-01   0.36303E-01
 2544.13   0.37683E-01   0.37705E-01   0.35935E-01
 2557.74   0.37314E-01   0.37323E-01   0.35571E-01
 2571.34   0.36950E-01   0.36947E-01   0.35213E-01
 2584.95   0.36592E-01   0.36576E-01   0.34860E-01
 2598.55   0.36239E-01   0.36212E-01   0.34513E-01
 2612.16   0.35893E-01   0.35853E-01   0.34171E-01
 2625.76   0.35551E-01   0.35500E-01   0.33834E-01
 2639.37   0.35212E-01   0.35150E-01   0.33501E-01
 2652.97   0.34877E-01   0.34803E-01   0.33171E-01
 2666.58   0.34544E-01   0.34459E-01   0.32844E-01
 2680.18   0.34216E-01   0.34120E-01   0.32521E-01
 2693.79   0.33893E-01   0.33786E-01   0.32203E-01
 2707.39   0.33574E-01   0.33456E-01   0.31889E-01
 2721.00   0.33265E-01   0.33136E-01   0.31584E-01
 2734.60   0.32955E-01   0.32816E-01   0.31280E-01
 2748.21   0.32650E-01   0.32500E-01   0.30980E-01
 2761.81   0.32348E-01   0.32188E-01   0.30683E-01
 2775.42   0.32048E-01   0.31878E-01   0.30388E-01
 2789.02   0.31752E-01   0.31571E-01   0.30096E-01
 2802.63   0.31458E-01   0.31267E-01   0.29807E-01
 2816.23   0.31164E-01   0.30964E-01   0.29519E-01
 2829.84   0.30892E-01   0.30682E-01   0.29250E-01
 2843.44   0.30611E-01   0.30392E-01   0.28975E-01
 2857.05   0.30335E-01   0.30107E-01   0.28703E-01
 2870.65   0.30062E-01   0.29824E-01   0.28435E-01
 2884.26   0.29791E-01   0.29544E-01   0.28168E-01
 2897.86   0.29521E-01   0.29266E-01   0.27904E-01
 2911.47   0.29250E-01   0.28985E-01   0.27637E-01
 2925.07   0.29007E-01   0.28733E-01   0.27398E-01
 2938.68   0.28742E-01   0.28461E-01   0.27139E-01
 2952.28   0.28487E-01   0.28197E-01   0.26888E-01
 2965.89   0.28236E-01   0.27938E-01   0.26642E-01
 2979.49   0.27989E-01   0.27682E-01   0.26399E-01
 2993.10   0.27743E-01   0.27428E-01   0.26158E-01
 3006.70   0.27498E-01   0.27176E-01   0.25918E-01
 3020.31   0.27253E-01   0.26923E-01   0.25678E-01
 3033.91   0.27030E-01   0.26692E-01   0.25458E-01
 3047.52   0.26791E-01   0.26445E-01   0.25224E-01
 3061.12   0.26558E-01   0.26205E-01   0.24996E-01
 3074.73   0.26329E-01   0.25968E-01   0.24772E-01
 3088.33   0.26104E-01   0.25736E-01   0.24551E-01
 3101.94   0.25881E-01   0.25506E-01   0.24332E-01
 3115.54   0.25659E-01   0.25277E-01   0.24115E-01
 3129.15   0.25435E-01   0.25046E-01   0.23896E-01
 3142.75   0.25231E-01   0.24835E-01   0.23696E-01
 3156.36   0.25014E-01   0.24611E-01   0.23484E-01
 3169.96   0.24801E-01   0.24392E-01   0.23275E-01
 3183.57   0.24592E-01   0.24176E-01   0.23070E-01
 3197.17   0.24385E-01   0.23963E-01   0.22869E-01
 3210.78   0.24182E-01   0.23753E-01   0.22670E-01
 3224.38   0.23981E-01   0.23546E-01   0.22473E-01
 3237.99   0.23780E-01   0.23338E-01   0.22276E-01
 3251.59   0.23588E-01   0.23141E-01   0.22089E-01
 3265.20   0.23392E-01   0.22939E-01   0.21897E-01
 3278.80   0.23197E-01   0.22738E-01   0.21708E-01
 3292.41   0.23005E-01   0.22541E-01   0.21520E-01
 3306.01   0.22816E-01   0.22346E-01   0.21335E-01
 3319.62   0.22629E-01   0.22153E-01   0.21153E-01
 3333.22   0.22445E-01   0.21964E-01   0.20974E-01
 3346.83   0.22263E-01   0.21777E-01   0.20797E-01
 3360.43   0.22084E-01   0.21593E-01   0.20622E-01
 3374.04   0.21906E-01   0.21409E-01   0.20448E-01
 3387.64   0.21729E-01   0.21227E-01   0.20276E-01
 3401.25   0.21553E-01   0.21046E-01   0.20104E-01
 3414.85   0.21379E-01   0.20867E-01   0.19935E-01
 3428.46   0.21207E-01   0.20690E-01   0.19767E-01
 3442.06   0.21037E-01   0.20516E-01   0.19602E-01
 3455.67   0.20869E-01   0.20344E-01   0.19439E-01
 3469.27   0.20706E-01   0.20175E-01   0.19280E-01
 3482.88   0.20542E-01   0.20008E-01   0.19121E-01
 3496.48   0.20381E-01   0.19842E-01   0.18964E-01
 3510.09   0.20220E-01   0.19677E-01   0.18808E-01
 3523.69   0.20060E-01   0.19513E-01   0.18653E-01
 3537.30   0.19902E-01   0.19350E-01   0.18499E-01
 3550.90   0.19744E-01   0.19189E-01   0.18347E-01
 3564.51   0.19589E-01   0.19029E-01   0.18196E-01
 3578.11   0.19435E-01   0.18872E-01   0.18046E-01
 3591.72   0.19289E-01   0.18722E-01   0.17905E-01
 3605.32   0.19140E-01   0.18569E-01   0.17761E-01
 3618.93   0.18993E-01   0.18419E-01   0.17618E-01
 3632.53   0.18847E-01   0.18269E-01   0.17476E-01
 3646.14   0.18701E-01   0.18120E-01   0.17336E-01
 3659.74   0.18557E-01   0.17973E-01   0.17196E-01
 3673.35   0.18413E-01   0.17825E-01   0.17057E-01
 3686.95   0.18266E-01   0.17675E-01   0.16915E-01
 3700.56   0.18141E-01   0.17547E-01   0.16794E-01
 3714.16   0.17998E-01   0.17401E-01   0.16656E-01
 3727.77   0.17861E-01   0.17261E-01   0.16524E-01
 3741.37   0.17726E-01   0.17124E-01   0.16394E-01
 3754.98   0.17593E-01   0.16988E-01   0.16265E-01
 3768.58   0.17461E-01   0.16853E-01   0.16138E-01
 3782.19   0.17329E-01   0.16718E-01   0.16011E-01
 3795.79   0.17196E-01   0.16583E-01   0.15883E-01
 3809.40   0.17064E-01   0.16448E-01   0.15756E-01
 3823.00   0.16948E-01   0.16330E-01   0.15644E-01
 3836.61   0.16818E-01   0.16197E-01   0.15519E-01
 3850.21   0.16692E-01   0.16069E-01   0.15398E-01
 3863.82   0.16568E-01   0.15943E-01   0.15279E-01
 3877.42   0.16446E-01   0.15819E-01   0.15162E-01
 3891.03   0.16325E-01   0.15696E-01   0.15046E-01
 3904.63   0.16205E-01   0.15574E-01   0.14930E-01
 3918.24   0.16084E-01   0.15451E-01   0.14814E-01
 3931.84   0.15961E-01   0.15326E-01   0.14696E-01
 3945.45   0.15856E-01   0.15218E-01   0.14595E-01
 3959.05   0.15737E-01   0.15098E-01   0.14481E-01
 3972.66   0.15621E-01   0.14980E-01   0.14370E-01
 3986.26   0.15507E-01   0.14865E-01   0.14261E-01
 3999.87   0.15395E-01   0.14751E-01   0.14154E-01
 4013.47   0.15284E-01   0.14638E-01   0.14047E-01
 4027.08   0.15174E-01   0.14527E-01   0.13942E-01
 4040.68   0.15064E-01   0.14416E-01   0.13838E-01
 4054.29   0.14952E-01   0.14303E-01   0.13731E-01
 4067.89   0.14853E-01   0.14201E-01   0.13636E-01
 4081.50   0.14744E-01   0.14092E-01   0.13533E-01
 4095.10   0.14638E-01   0.13984E-01   0.13431E-01
 4108.71   0.14532E-01   0.13878E-01   0.13330E-01
 4122.31   0.14428E-01   0.13773E-01   0.13231E-01
 4135.92   0.14326E-01   0.13669E-01   0.13134E-01
 4149.52   0.14225E-01   0.13567E-01   0.13037E-01
 4163.13   0.14124E-01   0.13466E-01   0.12942E-01
 4176.73   0.14024E-01   0.13365E-01   0.12847E-01
 4190.34   0.13928E-01   0.13268E-01   0.12756E-01
 4203.94   0.13830E-01   0.13169E-01   0.12662E-01
 4217.55   0.13732E-01   0.13071E-01   0.12570E-01
 4231.15   0.13635E-01   0.12973E-01   0.12478E-01
 4244.76   0.13539E-01   0.12876E-01   0.12386E-01
 4258.36   0.13444E-01   0.12781E-01   0.12296E-01
 4271.97   0.13350E-01   0.12686E-01   0.12207E-01
 4285.57   0.13257E-01   0.12593E-01   0.12120E-01
 4299.18   0.13166E-01   0.12501E-01   0.12033E-01
 4312.78   0.13075E-01   0.12411E-01   0.11948E-01
 4326.39   0.12986E-01   0.12321E-01   0.11863E-01
 4339.99   0.12896E-01   0.12231E-01   0.11778E-01
 4353.60   0.12807E-01   0.12142E-01   0.11694E-01
 4367.20   0.12719E-01   0.12053E-01   0.11611E-01
 4380.81   0.12630E-01   0.11965E-01   0.11528E-01
 4394.41   0.12543E-01   0.11877E-01   0.11445E-01
 4408.02   0.12456E-01   0.11791E-01   0.11363E-01
 4421.62   0.12370E-01   0.11704E-01   0.11282E-01
 4435.23   0.12291E-01   0.11625E-01   0.11208E-01
 4448.83   0.12206E-01   0.11540E-01   0.11127E-01
 4462.44   0.12123E-01   0.11458E-01   0.11050E-01
 4476.04   0.12041E-01   0.11376E-01   0.10973E-01
 4489.65   0.11960E-01   0.11295E-01   0.10897E-01
 4503.25   0.11879E-01   0.11214E-01   0.10821E-01
 4516.86   0.11798E-01   0.11133E-01   0.10745E-01
 4530.46   0.11717E-01   0.11053E-01   0.10669E-01
 4544.07   0.11636E-01   0.10973E-01   0.10593E-01
 4557.67   0.11557E-01   0.10894E-01   0.10519E-01
 4571.28   0.11486E-01   0.10823E-01   0.10453E-01
 4584.88   0.11407E-01   0.10745E-01   0.10379E-01
 4598.49   0.11331E-01   0.10670E-01   0.10308E-01
 4612.09   0.11256E-01   0.10595E-01   0.10238E-01
 4625.70   0.11182E-01   0.10521E-01   0.10168E-01
 4639.30   0.11107E-01   0.10448E-01   0.10099E-01
 4652.91   0.11033E-01   0.10374E-01   0.10030E-01
 4666.51   0.10958E-01   0.10300E-01   0.99604E-02
 4680.12   0.10882E-01   0.10225E-01   0.98896E-02
 4693.72   0.10805E-01   0.10149E-01   0.98180E-02
 4707.33   0.10747E-01   0.10091E-01   0.97630E-02
 4720.93   0.10674E-01   0.10019E-01   0.96954E-02
 4734.54   0.10603E-01   0.99493E-02   0.96298E-02
 4748.14   0.10534E-01   0.98808E-02   0.95654E-02
 4761.75   0.10465E-01   0.98131E-02   0.95017E-02
 4775.35   0.10397E-01   0.97460E-02   0.94385E-02
 4788.96   0.10329E-01   0.96790E-02   0.93754E-02
 4802.56   0.10260E-01   0.96117E-02   0.93120E-02
 4816.17   0.10189E-01   0.95416E-02   0.92459E-02
 4829.77   0.10141E-01   0.94934E-02   0.92010E-02
 4843.38   0.10065E-01   0.94197E-02   0.91314E-02
 4856.98   0.99978E-02   0.93537E-02   0.90692E-02
 4870.59   0.99321E-02   0.92894E-02   0.90086E-02
 4884.19   0.98676E-02   0.92261E-02   0.89491E-02
 4897.80   0.98041E-02   0.91639E-02   0.88905E-02
 4911.40   0.97412E-02   0.91024E-02   0.88326E-02
 4925.01   0.96788E-02   0.90413E-02   0.87751E-02
 4938.61   0.96163E-02   0.89802E-02   0.87176E-02
 4952.22   0.95513E-02   0.89168E-02   0.86578E-02
 4965.82   0.95018E-02   0.88680E-02   0.86122E-02
 4979.43   0.94357E-02   0.88038E-02   0.85516E-02
 4993.03   0.93738E-02   0.87434E-02   0.84947E-02
 5006.64   0.93128E-02   0.86840E-02   0.84388E-02
 5020.24   0.92526E-02   0.86255E-02   0.83836E-02
 5033.85   0.91934E-02   0.85679E-02   0.83294E-02
 5047.45   0.91350E-02   0.85111E-02   0.82759E-02
 5061.06   0.90774E-02   0.84551E-02   0.82232E-02
 5074.66   0.90202E-02   0.83996E-02   0.81709E-02
 5088.27   0.89626E-02   0.83436E-02   0.81182E-02
 5101.87   0.89110E-02   0.82935E-02   0.80711E-02
 5115.48   0.88526E-02   0.82369E-02   0.80178E-02
 5129.08   0.87961E-02   0.81822E-02   0.79662E-02
 5142.69   0.87398E-02   0.81278E-02   0.79150E-02
 5156.29   0.86840E-02   0.80738E-02   0.78641E-02
 5169.90   0.86287E-02   0.80204E-02   0.78138E-02
 5183.50   0.85741E-02   0.79677E-02   0.77641E-02
 5197.11   0.85203E-02   0.79157E-02   0.77152E-02
 5210.71   0.84672E-02   0.78645E-02   0.76670E-02
 5224.32   0.84148E-02   0.78140E-02   0.76194E-02
 5237.92   0.83624E-02   0.77636E-02   0.75719E-02
 5251.53   0.83115E-02   0.77145E-02   0.75257E-02
 5265.13   0.82599E-02   0.76649E-02   0.74790E-02
 5278.74   0.82085E-02   0.76154E-02   0.74324E-02
 5292.34   0.81570E-02   0.75660E-02   0.73858E-02
 5305.95   0.81057E-02   0.75168E-02   0.73394E-02
 5319.55   0.80546E-02   0.74679E-02   0.72932E-02
 5333.16   0.80040E-02   0.74194E-02   0.72476E-02
 5346.76   0.79541E-02   0.73716E-02   0.72025E-02
 5360.37   0.79047E-02   0.73244E-02   0.71579E-02
 5373.97   0.78567E-02   0.72784E-02   0.71147E-02
 5387.58   0.78094E-02   0.72331E-02   0.70720E-02
 5401.18   0.77616E-02   0.71875E-02   0.70290E-02
 5414.79   0.77143E-02   0.71424E-02   0.69864E-02
 5428.39   0.76670E-02   0.70973E-02   0.69440E-02
 5442.00   0.76198E-02   0.70523E-02   0.69016E-02
 5455.60   0.75726E-02   0.70074E-02   0.68591E-02
 5469.21   0.75254E-02   0.69625E-02   0.68168E-02
 5482.81   0.74783E-02   0.69178E-02   0.67746E-02
 5496.42   0.74315E-02   0.68733E-02   0.67326E-02
 5510.02   0.73836E-02   0.68279E-02   0.66897E-02
 5523.63   0.73473E-02   0.67932E-02   0.66572E-02
 5537.23   0.72989E-02   0.67475E-02   0.66140E-02
 5550.84   0.72544E-02   0.67053E-02   0.65742E-02
 5564.44   0.72106E-02   0.66638E-02   0.65350E-02
 5578.05   0.71671E-02   0.66227E-02   0.64962E-02
 5591.65   0.71237E-02   0.65817E-02   0.64575E-02
 5605.26   0.70803E-02   0.65407E-02   0.64188E-02
 5618.86   0.70367E-02   0.64996E-02   0.63800E-02
 5632.47   0.69929E-02   0.64583E-02   0.63410E-02
 5646.07   0.69485E-02   0.64165E-02   0.63014E-02
 5659.68   0.69054E-02   0.63760E-02   0.62631E-02
 5673.28   0.68717E-02   0.63441E-02   0.62333E-02
 5686.89   0.68274E-02   0.63025E-02   0.61939E-02
 5700.49   0.67857E-02   0.62633E-02   0.61569E-02
 5714.10   0.67449E-02   0.62250E-02   0.61207E-02
 5727.70   0.67047E-02   0.61873E-02   0.60851E-02
 5741.31   0.66647E-02   0.61498E-02   0.60497E-02
 5754.91   0.66248E-02   0.61124E-02   0.60143E-02
 5768.52   0.65848E-02   0.60749E-02   0.59789E-02
 5782.12   0.65442E-02   0.60370E-02   0.59430E-02
 5795.73   0.65021E-02   0.59977E-02   0.59057E-02
 5809.33   0.64606E-02   0.59589E-02   0.58690E-02
 5822.94   0.64323E-02   0.59324E-02   0.58443E-02
 5836.54   0.63912E-02   0.58942E-02   0.58080E-02
 5850.15   0.63521E-02   0.58577E-02   0.57735E-02
 5863.75   0.63139E-02   0.58222E-02   0.57399E-02
 5877.36   0.62764E-02   0.57873E-02   0.57069E-02
 5890.96   0.62394E-02   0.57529E-02   0.56743E-02
 5904.57   0.62026E-02   0.57187E-02   0.56420E-02
 5918.17   0.61659E-02   0.56846E-02   0.56097E-02
 5931.78   0.61288E-02   0.56502E-02   0.55772E-02
 5945.38   0.60900E-02   0.56142E-02   0.55430E-02
 5958.99   0.60504E-02   0.55776E-02   0.55082E-02
 5972.59   0.60248E-02   0.55538E-02   0.54861E-02
 5986.20   0.59870E-02   0.55189E-02   0.54529E-02
 5999.80   0.59505E-02   0.54851E-02   0.54209E-02
 6013.41   0.59146E-02   0.54520E-02   0.53895E-02
 6027.01   0.58794E-02   0.54196E-02   0.53587E-02
 6040.62   0.58448E-02   0.53876E-02   0.53285E-02
 6054.22   0.58107E-02   0.53562E-02   0.52987E-02
 6067.83   0.57768E-02   0.53250E-02   0.52692E-02
 6081.43   0.57430E-02   0.52939E-02   0.52397E-02
 6095.04   0.57084E-02   0.52621E-02   0.52095E-02
 6108.64   0.56728E-02   0.52293E-02   0.51783E-02
 6122.25   0.56457E-02   0.52046E-02   0.51551E-02
 6135.85   0.56114E-02   0.51731E-02   0.51251E-02
 6149.46   0.55776E-02   0.51421E-02   0.50957E-02
 6163.06   0.55442E-02   0.51115E-02   0.50667E-02
 6176.67   0.55112E-02   0.50812E-02   0.50379E-02
 6190.27   0.54786E-02   0.50514E-02   0.50096E-02
 6203.88   0.54465E-02   0.50221E-02   0.49818E-02
 6217.48   0.54149E-02   0.49933E-02   0.49544E-02
 6231.09   0.53837E-02   0.49648E-02   0.49274E-02
 6244.69   0.53527E-02   0.49365E-02   0.49005E-02
 6258.30   0.53213E-02   0.49080E-02   0.48734E-02
 6271.90   0.52923E-02   0.48816E-02   0.48485E-02
 6285.51   0.52615E-02   0.48536E-02   0.48218E-02
 6299.11   0.52307E-02   0.48255E-02   0.47951E-02
 6312.72   0.51998E-02   0.47975E-02   0.47685E-02
 6326.32   0.51691E-02   0.47696E-02   0.47419E-02
 6339.93   0.51385E-02   0.47418E-02   0.47155E-02
 6353.53   0.51082E-02   0.47144E-02   0.46893E-02
 6367.14   0.50783E-02   0.46873E-02   0.46636E-02
 6380.74   0.50489E-02   0.46607E-02   0.46382E-02
 6394.35   0.50199E-02   0.46345E-02   0.46133E-02
 6407.95   0.49915E-02   0.46089E-02   0.45890E-02
 6421.56   0.49633E-02   0.45834E-02   0.45647E-02
 6435.16   0.49351E-02   0.45580E-02   0.45405E-02
 6448.77   0.49070E-02   0.45326E-02   0.45164E-02
 6462.37   0.48788E-02   0.45072E-02   0.44922E-02
 6475.98   0.48505E-02   0.44818E-02   0.44679E-02
 6489.58   0.48222E-02   0.44563E-02   0.44436E-02
 6503.19   0.47938E-02   0.44308E-02   0.44193E-02
 6516.79   0.47656E-02   0.44054E-02   0.43951E-02
 6530.40   0.47376E-02   0.43803E-02   0.43711E-02
 6544.00   0.47098E-02   0.43553E-02   0.43473E-02
 6557.61   0.46817E-02   0.43302E-02   0.43232E-02
 6571.21   0.46558E-02   0.43070E-02   0.43012E-02
 6584.82   0.46313E-02   0.42851E-02   0.42803E-02
 6598.42   0.46049E-02   0.42615E-02   0.42578E-02
 6612.03   0.45789E-02   0.42383E-02   0.42356E-02
 6625.63   0.45530E-02   0.42151E-02   0.42136E-02
 6639.24   0.45270E-02   0.41920E-02   0.41914E-02
 6652.84   0.45009E-02   0.41687E-02   0.41692E-02
 6666.45   0.44747E-02   0.41454E-02   0.41469E-02
 6680.05   0.44484E-02   0.41219E-02   0.41244E-02
 6693.66   0.44221E-02   0.40984E-02   0.41019E-02
 6707.26   0.43953E-02   0.40746E-02   0.40790E-02
 6720.87   0.43702E-02   0.40523E-02   0.40578E-02
 6734.47   0.43512E-02   0.40356E-02   0.40420E-02
 6748.08   0.43241E-02   0.40115E-02   0.40188E-02
 6761.68   0.42992E-02   0.39894E-02   0.39977E-02
 6775.29   0.42748E-02   0.39679E-02   0.39771E-02
 6788.89   0.42508E-02   0.39466E-02   0.39567E-02
 6802.50   0.42269E-02   0.39255E-02   0.39365E-02
 6816.10   0.42030E-02   0.39043E-02   0.39162E-02
 6829.71   0.41789E-02   0.38830E-02   0.38958E-02
 6843.31   0.41546E-02   0.38615E-02   0.38752E-02
 6856.92   0.41298E-02   0.38396E-02   0.38541E-02
 6870.52   0.41037E-02   0.38165E-02   0.38318E-02
 6884.13   0.40795E-02   0.37951E-02   0.38113E-02
 6897.73   0.40648E-02   0.37826E-02   0.37996E-02
 6911.34   0.40394E-02   0.37601E-02   0.37780E-02
 6924.94   0.40158E-02   0.37393E-02   0.37580E-02
 6938.55   0.39929E-02   0.37192E-02   0.37386E-02
 6952.15   0.39704E-02   0.36995E-02   0.37197E-02
 6965.76   0.39483E-02   0.36801E-02   0.37011E-02
 6979.36   0.39262E-02   0.36608E-02   0.36826E-02
 6992.97   0.39041E-02   0.36415E-02   0.36640E-02
 7006.57   0.38819E-02   0.36219E-02   0.36452E-02
 7020.18   0.38590E-02   0.36019E-02   0.36259E-02
 7033.78   0.38342E-02   0.35799E-02   0.36046E-02
 7047.39   0.38107E-02   0.35593E-02   0.35847E-02
 7060.99   0.37988E-02   0.35496E-02   0.35757E-02
 7074.60   0.37752E-02   0.35288E-02   0.35556E-02
 7088.20   0.37529E-02   0.35094E-02   0.35368E-02
 7101.81   0.37313E-02   0.34905E-02   0.35186E-02
 7115.41   0.37101E-02   0.34720E-02   0.35009E-02
 7129.02   0.36894E-02   0.34540E-02   0.34835E-02
 7142.62   0.36689E-02   0.34362E-02   0.34663E-02
 7156.23   0.36486E-02   0.34186E-02   0.34493E-02
 7169.83   0.36282E-02   0.34009E-02   0.34323E-02
 7183.44   0.36076E-02   0.33830E-02   0.34150E-02
 7197.04   0.35855E-02   0.33636E-02   0.33962E-02
 7210.65   0.35635E-02   0.33444E-02   0.33776E-02
 7224.25   0.35510E-02   0.33342E-02   0.33681E-02
 7237.86   0.35296E-02   0.33155E-02   0.33499E-02
 7251.46   0.35089E-02   0.32975E-02   0.33325E-02
 7265.07   0.34885E-02   0.32798E-02   0.33154E-02
 7278.67   0.34685E-02   0.32625E-02   0.32986E-02
 7292.28   0.34489E-02   0.32455E-02   0.32822E-02
 7305.88   0.34296E-02   0.32289E-02   0.32661E-02
 7319.49   0.34106E-02   0.32126E-02   0.32503E-02
 7333.09   0.33919E-02   0.31964E-02   0.32347E-02
 7346.70   0.33732E-02   0.31804E-02   0.32192E-02
 7360.30   0.33542E-02   0.31639E-02   0.32032E-02
 7373.91   0.33347E-02   0.31471E-02   0.31869E-02
 7387.51   0.33197E-02   0.31345E-02   0.31748E-02
 7401.12   0.33005E-02   0.31180E-02   0.31588E-02
 7414.72   0.32817E-02   0.31017E-02   0.31430E-02
 7428.33   0.32629E-02   0.30855E-02   0.31273E-02
 7441.93   0.32442E-02   0.30694E-02   0.31116E-02
 7455.54   0.32256E-02   0.30535E-02   0.30961E-02
 7469.14   0.32073E-02   0.30378E-02   0.30809E-02
 7482.75   0.31894E-02   0.30223E-02   0.30659E-02
 7496.35   0.31717E-02   0.30072E-02   0.30512E-02
 7509.96   0.31543E-02   0.29924E-02   0.30368E-02
 7523.56   0.31371E-02   0.29778E-02   0.30226E-02
 7537.17   0.31200E-02   0.29632E-02   0.30084E-02
 7550.77   0.31036E-02   0.29492E-02   0.29949E-02
 7564.38   0.30867E-02   0.29347E-02   0.29808E-02
 7577.98   0.30697E-02   0.29202E-02   0.29667E-02
 7591.59   0.30526E-02   0.29056E-02   0.29525E-02
 7605.19   0.30354E-02   0.28910E-02   0.29382E-02
 7618.80   0.30182E-02   0.28762E-02   0.29238E-02
 7632.40   0.30010E-02   0.28615E-02   0.29095E-02
 7646.01   0.29839E-02   0.28470E-02   0.28952E-02
 7659.61   0.29670E-02   0.28326E-02   0.28812E-02
 7673.22   0.29504E-02   0.28184E-02   0.28673E-02
 7686.82   0.29340E-02   0.28045E-02   0.28537E-02
 7700.43   0.29174E-02   0.27904E-02   0.28400E-02
 7714.03   0.29036E-02   0.27787E-02   0.28287E-02
 7727.64   0.28873E-02   0.27649E-02   0.28152E-02
 7741.24   0.28717E-02   0.27517E-02   0.28023E-02
 7754.85   0.28561E-02   0.27386E-02   0.27895E-02
 7768.45   0.28405E-02   0.27254E-02   0.27766E-02
 7782.06   0.28248E-02   0.27121E-02   0.27635E-02
 7795.66   0.28090E-02   0.26986E-02   0.27504E-02
 7809.27   0.27931E-02   0.26851E-02   0.27372E-02
 7822.87   0.27772E-02   0.26716E-02   0.27239E-02
 7836.48   0.27613E-02   0.26581E-02   0.27106E-02
 7850.08   0.27454E-02   0.26446E-02   0.26973E-02
 7863.69   0.27292E-02   0.26307E-02   0.26838E-02
 7877.29   0.27149E-02   0.26188E-02   0.26721E-02
 7890.90   0.27031E-02   0.26091E-02   0.26627E-02
 7904.50   0.26875E-02   0.25959E-02   0.26497E-02
 7918.11   0.26728E-02   0.25835E-02   0.26375E-02
 7931.71   0.26583E-02   0.25714E-02   0.26257E-02
 7945.32   0.26440E-02   0.25593E-02   0.26138E-02
 7958.92   0.26296E-02   0.25472E-02   0.26020E-02
 7972.53   0.26152E-02   0.25350E-02   0.25900E-02
 7986.13   0.26006E-02   0.25227E-02   0.25778E-02
 7999.74   0.25858E-02   0.25102E-02   0.25656E-02
 8013.34   0.25709E-02   0.24976E-02   0.25531E-02
 8026.95   0.25556E-02   0.24846E-02   0.25402E-02
 8040.55   0.25384E-02   0.24697E-02   0.25254E-02
 8054.16   0.25251E-02   0.24586E-02   0.25146E-02
 8067.76   0.25177E-02   0.24532E-02   0.25094E-02
 8081.37   0.25027E-02   0.24404E-02   0.24969E-02
 8094.97   0.24887E-02   0.24287E-02   0.24852E-02
 8108.58   0.24752E-02   0.24173E-02   0.24741E-02
 8122.18   0.24619E-02   0.24062E-02   0.24631E-02
 8135.79   0.24487E-02   0.23952E-02   0.24522E-02
 8149.39   0.24354E-02   0.23841E-02   0.24413E-02
 8163.00   0.24221E-02   0.23729E-02   0.24303E-02
 8176.60   0.24087E-02   0.23616E-02   0.24190E-02
 8190.21   0.23949E-02   0.23499E-02   0.24075E-02
 8203.81   0.23804E-02   0.23376E-02   0.23952E-02
 8217.42   0.23617E-02   0.23211E-02   0.23787E-02
 8231.02   0.23652E-02   0.23266E-02   0.23847E-02
 8244.63   0.23460E-02   0.23095E-02   0.23676E-02
 8258.23   0.23318E-02   0.22974E-02   0.23555E-02
 8271.84   0.23185E-02   0.22862E-02   0.23444E-02
 8285.44   0.23056E-02   0.22754E-02   0.23337E-02
 8299.05   0.22931E-02   0.22649E-02   0.23233E-02
 8312.65   0.22808E-02   0.22547E-02   0.23132E-02
 8326.26   0.22686E-02   0.22446E-02   0.23032E-02
 8339.86   0.22565E-02   0.22345E-02   0.22931E-02
 8353.47   0.22443E-02   0.22243E-02   0.22830E-02
 8367.07   0.22318E-02   0.22138E-02   0.22726E-02
 8380.68   0.22187E-02   0.22027E-02   0.22615E-02
 8394.28   0.22011E-02   0.21870E-02   0.22458E-02
 8407.89   0.22032E-02   0.21913E-02   0.22505E-02
 8421.49   0.21866E-02   0.21766E-02   0.22357E-02
 8435.10   0.21735E-02   0.21654E-02   0.22245E-02
 8448.70   0.21609E-02   0.21548E-02   0.22140E-02
 8462.31   0.21487E-02   0.21446E-02   0.22038E-02
 8475.91   0.21368E-02   0.21347E-02   0.21939E-02
 8489.52   0.21252E-02   0.21250E-02   0.21842E-02
 8503.12   0.21138E-02   0.21155E-02   0.21748E-02
 8516.73   0.21026E-02   0.21062E-02   0.21655E-02
 8530.33   0.20915E-02   0.20970E-02   0.21563E-02
 8543.94   0.20803E-02   0.20877E-02   0.21471E-02
 8557.54   0.20688E-02   0.20781E-02   0.21375E-02
 8571.15   0.20553E-02   0.20664E-02   0.21256E-02
 8584.75   0.20524E-02   0.20656E-02   0.21251E-02
 8598.36   0.20383E-02   0.20532E-02   0.21127E-02
 8611.96   0.20264E-02   0.20432E-02   0.21026E-02
 8625.57   0.20149E-02   0.20335E-02   0.20929E-02
 8639.17   0.20036E-02   0.20239E-02   0.20833E-02
 8652.78   0.19923E-02   0.20145E-02   0.20739E-02
 8666.38   0.19813E-02   0.20053E-02   0.20646E-02
 8679.99   0.19705E-02   0.19963E-02   0.20556E-02
 8693.59   0.19599E-02   0.19875E-02   0.20468E-02
 8707.20   0.19495E-02   0.19789E-02   0.20381E-02
 8720.80   0.19393E-02   0.19704E-02   0.20297E-02
 8734.41   0.19291E-02   0.19620E-02   0.20213E-02
 8748.01   0.19186E-02   0.19533E-02   0.20125E-02
 8761.62   0.19080E-02   0.19444E-02   0.20035E-02
 8775.22   0.18999E-02   0.19381E-02   0.19972E-02
 8788.83   0.18895E-02   0.19295E-02   0.19886E-02
 8802.43   0.18792E-02   0.19209E-02   0.19799E-02
 8816.04   0.18689E-02   0.19122E-02   0.19712E-02
 8829.64   0.18585E-02   0.19035E-02   0.19624E-02
 8843.25   0.18482E-02   0.18949E-02   0.19537E-02
 8856.85   0.18379E-02   0.18863E-02   0.19450E-02
 8870.46   0.18278E-02   0.18778E-02   0.19365E-02
 8884.06   0.18179E-02   0.18695E-02   0.19282E-02
 8897.67   0.18082E-02   0.18615E-02   0.19200E-02
 8911.27   0.17986E-02   0.18536E-02   0.19121E-02
 8924.88   0.17892E-02   0.18459E-02   0.19043E-02
 8938.48   0.17802E-02   0.18384E-02   0.18968E-02
 8952.09   0.17712E-02   0.18310E-02   0.18893E-02
 8965.69   0.17620E-02   0.18234E-02   0.18817E-02
 8979.30   0.17528E-02   0.18159E-02   0.18740E-02
 8992.90   0.17436E-02   0.18082E-02   0.18663E-02
 9006.51   0.17343E-02   0.18005E-02   0.18584E-02
 9020.11   0.17248E-02   0.17926E-02   0.18505E-02
 9033.72   0.17154E-02   0.17846E-02   0.18424E-02
 9047.32   0.17059E-02   0.17767E-02   0.18343E-02
 9060.93   0.16964E-02   0.17687E-02   0.18263E-02
 9074.53   0.16871E-02   0.17609E-02   0.18183E-02
 9088.14   0.16778E-02   0.17531E-02   0.18104E-02
 9101.74   0.16686E-02   0.17454E-02   0.18026E-02
 9115.35   0.16588E-02   0.17371E-02   0.17942E-02
 9128.95   0.16538E-02   0.17335E-02   0.17906E-02
 9142.56   0.16440E-02   0.17253E-02   0.17822E-02
 9156.16   0.16354E-02   0.17181E-02   0.17750E-02
 9169.77   0.16269E-02   0.17112E-02   0.17679E-02
 9183.37   0.16185E-02   0.17043E-02   0.17609E-02
 9196.98   0.16101E-02   0.16973E-02   0.17537E-02
 9210.58   0.16016E-02   0.16902E-02   0.17465E-02
 9224.19   0.15930E-02   0.16829E-02   0.17392E-02
 9237.79   0.15843E-02   0.16756E-02   0.17317E-02
 9251.40   0.15755E-02   0.16682E-02   0.17241E-02
 9265.00   0.15666E-02   0.16607E-02   0.17165E-02
 9278.61   0.15577E-02   0.16531E-02   0.17087E-02
 9292.21   0.15483E-02   0.16450E-02   0.17004E-02
 9305.82   0.15409E-02   0.16390E-02   0.16943E-02
 9319.42   0.15367E-02   0.16363E-02   0.16916E-02
 9333.03   0.15272E-02   0.16281E-02   0.16832E-02
 9346.63   0.15189E-02   0.16212E-02   0.16761E-02
 9360.24   0.15110E-02   0.16146E-02   0.16694E-02
 9373.84   0.15032E-02   0.16082E-02   0.16628E-02
 9387.45   0.14956E-02   0.16018E-02   0.16563E-02
 9401.05   0.14878E-02   0.15954E-02   0.16498E-02
 9414.66   0.14801E-02   0.15889E-02   0.16431E-02
 9428.26   0.14722E-02   0.15823E-02   0.16363E-02
 9441.87   0.14641E-02   0.15755E-02   0.16293E-02
 9455.47   0.14559E-02   0.15685E-02   0.16221E-02
 9469.08   0.14474E-02   0.15610E-02   0.16145E-02
 9482.68   0.14375E-02   0.15522E-02   0.16054E-02
 9496.29   0.14307E-02   0.15467E-02   0.15998E-02
 9509.89   0.14290E-02   0.15467E-02   0.15999E-02
 9523.50   0.14198E-02   0.15386E-02   0.15915E-02
 9537.10   0.14119E-02   0.15318E-02   0.15845E-02
 9550.71   0.14043E-02   0.15255E-02   0.15780E-02
 9564.31   0.13971E-02   0.15194E-02   0.15717E-02
 9577.92   0.13899E-02   0.15134E-02   0.15656E-02
 9591.52   0.13829E-02   0.15076E-02   0.15596E-02
 9605.13   0.13759E-02   0.15017E-02   0.15536E-02
 9618.73   0.13688E-02   0.14958E-02   0.15475E-02
 9632.34   0.13616E-02   0.14897E-02   0.15412E-02
 9645.94   0.13542E-02   0.14834E-02   0.15346E-02
 9659.55   0.13463E-02   0.14765E-02   0.15275E-02
 9673.15   0.13366E-02   0.14675E-02   0.15183E-02
 9686.76   0.13300E-02   0.14622E-02   0.15128E-02
 9700.36   0.13297E-02   0.14637E-02   0.15144E-02
 9713.97   0.13212E-02   0.14560E-02   0.15064E-02
 9727.57   0.13136E-02   0.14494E-02   0.14996E-02
 9741.18   0.13064E-02   0.14432E-02   0.14932E-02
 9754.78   0.12994E-02   0.14373E-02   0.14871E-02
 9768.39   0.12927E-02   0.14317E-02   0.14812E-02
 9781.99   0.12862E-02   0.14262E-02   0.14755E-02
 9795.60   0.12797E-02   0.14208E-02   0.14699E-02
 9809.20   0.12733E-02   0.14154E-02   0.14644E-02
 9822.81   0.12669E-02   0.14100E-02   0.14588E-02
 9836.41   0.12603E-02   0.14044E-02   0.14530E-02
 9850.02   0.12535E-02   0.13985E-02   0.14469E-02
 9863.62   0.12453E-02   0.13910E-02   0.14391E-02
 9877.23   0.12388E-02   0.13855E-02   0.14334E-02
 9890.83   0.12378E-02   0.13863E-02   0.14342E-02
 9904.44   0.12301E-02   0.13793E-02   0.14269E-02
 9918.04   0.12231E-02   0.13732E-02   0.14206E-02
 9931.65   0.12164E-02   0.13673E-02   0.14145E-02
 9945.25   0.12098E-02   0.13616E-02   0.14085E-02
 9958.86   0.12034E-02   0.13561E-02   0.14028E-02
 9972.46   0.11972E-02   0.13508E-02   0.13973E-02
 9986.07   0.11911E-02   0.13456E-02   0.13919E-02
 9999.67   0.11852E-02   0.13406E-02   0.13867E-02
