   27.21   0.43908E+00   0.43795E+00   0.31161E+00
   40.81   0.40679E+00   0.40599E+00   0.31919E+00
   54.42   0.35145E+00   0.35091E+00   0.29063E+00
   68.02   0.29821E+00   0.29789E+00   0.25478E+00
   81.63   0.25361E+00   0.25345E+00   0.22160E+00
   95.23   0.21769E+00   0.21764E+00   0.19339E+00
  108.84   0.18869E+00   0.18875E+00   0.16980E+00
  122.44   0.16499E+00   0.16513E+00   0.15002E+00
  136.05   0.14530E+00   0.14550E+00   0.13326E+00
  149.65   0.12873E+00   0.12897E+00   0.11893E+00
  163.26   0.11469E+00   0.11498E+00   0.10663E+00
  176.86   0.10273E+00   0.10305E+00   0.96046E-01
  190.47   0.92533E-01   0.92876E-01   0.86938E-01
  204.07   0.83789E-01   0.84152E-01   0.79071E-01
  217.68   0.76264E-01   0.76644E-01   0.72259E-01
  231.28   0.69743E-01   0.70136E-01   0.66322E-01
  244.89   0.64051E-01   0.64453E-01   0.61112E-01
  258.49   0.59038E-01   0.59448E-01   0.56502E-01
  272.10   0.54595E-01   0.55011E-01   0.52398E-01
  285.70   0.50622E-01   0.51041E-01   0.48713E-01
  299.31   0.47054E-01   0.47475E-01   0.45391E-01
  312.91   0.43835E-01   0.44257E-01   0.42383E-01
  326.52   0.40918E-01   0.41340E-01   0.39648E-01
  340.12   0.38274E-01   0.38695E-01   0.37160E-01
  353.73   0.35870E-01   0.36289E-01   0.34892E-01
  367.33   0.33678E-01   0.34094E-01   0.32818E-01
  380.94   0.31682E-01   0.32095E-01   0.30926E-01
  394.54   0.29856E-01   0.30266E-01   0.29191E-01
  408.15   0.28179E-01   0.28585E-01   0.27593E-01
  421.75   0.26647E-01   0.27048E-01   0.26130E-01
  435.36   0.25232E-01   0.25629E-01   0.24776E-01
  448.96   0.23923E-01   0.24315E-01   0.23522E-01
  462.57   0.22716E-01   0.23103E-01   0.22363E-01
  476.17   0.21594E-01   0.21976E-01   0.21283E-01
  489.78   0.20550E-01   0.20927E-01   0.20277E-01
  503.38   0.19580E-01   0.19951E-01   0.19340E-01
  516.99   0.18673E-01   0.19039E-01   0.18464E-01
  530.59   0.17827E-01   0.18188E-01   0.17645E-01
  544.20   0.17037E-01   0.17392E-01   0.16878E-01
  557.80   0.16297E-01   0.16647E-01   0.16160E-01
  571.41   0.15604E-01   0.15948E-01   0.15486E-01
  585.01   0.14955E-01   0.15294E-01   0.14854E-01
  598.62   0.14346E-01   0.14679E-01   0.14260E-01
  612.22   0.13773E-01   0.14101E-01   0.13700E-01
  625.83   0.13233E-01   0.13555E-01   0.13172E-01
  639.43   0.12726E-01   0.13043E-01   0.12676E-01
  653.04   0.12246E-01   0.12558E-01   0.12206E-01
  666.64   0.11793E-01   0.12100E-01   0.11762E-01
  680.25   0.11365E-01   0.11666E-01   0.11341E-01
  693.85   0.10957E-01   0.11253E-01   0.10940E-01
  707.46   0.10571E-01   0.10862E-01   0.10560E-01
  721.06   0.10204E-01   0.10490E-01   0.10198E-01
  734.67   0.98552E-02   0.10136E-01   0.98541E-02
  748.27   0.95225E-02   0.97980E-02   0.95255E-02
  761.88   0.92058E-02   0.94763E-02   0.92124E-02
  775.48   0.89037E-02   0.91692E-02   0.89134E-02
  789.09   0.86161E-02   0.88766E-02   0.86284E-02
  802.69   0.83409E-02   0.85966E-02   0.83555E-02
  816.30   0.80784E-02   0.83292E-02   0.80950E-02
  829.90   0.78278E-02   0.80738E-02   0.78459E-02
  843.51   0.75884E-02   0.78297E-02   0.76078E-02
  857.11   0.73591E-02   0.75957E-02   0.73796E-02
  870.72   0.71398E-02   0.73718E-02   0.71611E-02
  884.32   0.69300E-02   0.71574E-02   0.69519E-02
  897.93   0.67290E-02   0.69520E-02   0.67514E-02
  911.53   0.65363E-02   0.67549E-02   0.65589E-02
  925.14   0.63514E-02   0.65655E-02   0.63740E-02
  938.74   0.61738E-02   0.63837E-02   0.61964E-02
  952.35   0.60035E-02   0.62091E-02   0.60258E-02
  965.95   0.58398E-02   0.60412E-02   0.58618E-02
  979.56   0.56824E-02   0.58796E-02   0.57039E-02
  993.16   0.55308E-02   0.57239E-02   0.55518E-02
 1006.77   0.53849E-02   0.55739E-02   0.54052E-02
 1020.37   0.52448E-02   0.54297E-02   0.52643E-02
 1033.98   0.51096E-02   0.52906E-02   0.51283E-02
 1047.58   0.49794E-02   0.51565E-02   0.49973E-02
 1061.19   0.48539E-02   0.50271E-02   0.48708E-02
 1074.79   0.47326E-02   0.49020E-02   0.47485E-02
 1088.40   0.46163E-02   0.47820E-02   0.46312E-02
 1102.00   0.45038E-02   0.46658E-02   0.45176E-02
 1115.61   0.43953E-02   0.45536E-02   0.44080E-02
 1129.21   0.42904E-02   0.44452E-02   0.43020E-02
 1142.82   0.41896E-02   0.43409E-02   0.42001E-02
 1156.42   0.40916E-02   0.42394E-02   0.41009E-02
 1170.03   0.39972E-02   0.41416E-02   0.40053E-02
 1183.63   0.39060E-02   0.40470E-02   0.39129E-02
 1197.24   0.38177E-02   0.39553E-02   0.38233E-02
 1210.84   0.37325E-02   0.38669E-02   0.37369E-02
 1224.45   0.36497E-02   0.37808E-02   0.36528E-02
 1238.05   0.35696E-02   0.36975E-02   0.35715E-02
 1251.66   0.34921E-02   0.36168E-02   0.34927E-02
 1265.26   0.34169E-02   0.35385E-02   0.34162E-02
 1278.87   0.33442E-02   0.34627E-02   0.33422E-02
 1292.47   0.32734E-02   0.33889E-02   0.32701E-02
 1306.08   0.32047E-02   0.33173E-02   0.32002E-02
 1319.68   0.31382E-02   0.32477E-02   0.31323E-02
 1333.29   0.30735E-02   0.31802E-02   0.30664E-02
 1346.89   0.30108E-02   0.31146E-02   0.30024E-02
 1360.50   0.29499E-02   0.30508E-02   0.29402E-02
 1374.10   0.28906E-02   0.29888E-02   0.28797E-02
 1387.71   0.28331E-02   0.29284E-02   0.28208E-02
 1401.31   0.27771E-02   0.28698E-02   0.27636E-02
 1414.92   0.27228E-02   0.28128E-02   0.27081E-02
 1428.52   0.26700E-02   0.27573E-02   0.26541E-02
 1442.13   0.26187E-02   0.27034E-02   0.26015E-02
 1455.73   0.25687E-02   0.26508E-02   0.25503E-02
 1469.34   0.25201E-02   0.25996E-02   0.25005E-02
 1482.94   0.24727E-02   0.25498E-02   0.24519E-02
 1496.55   0.24268E-02   0.25015E-02   0.24049E-02
 1510.15   0.23821E-02   0.24543E-02   0.23590E-02
 1523.76   0.23385E-02   0.24083E-02   0.23143E-02
 1537.36   0.22961E-02   0.23635E-02   0.22707E-02
 1550.97   0.22547E-02   0.23198E-02   0.22282E-02
 1564.57   0.22143E-02   0.22772E-02   0.21867E-02
 1578.18   0.21753E-02   0.22359E-02   0.21466E-02
 1591.78   0.21371E-02   0.21954E-02   0.21073E-02
 1605.39   0.20998E-02   0.21560E-02   0.20690E-02
 1618.99   0.20635E-02   0.21175E-02   0.20316E-02
 1632.60   0.20280E-02   0.20799E-02   0.19951E-02
 1646.20   0.19936E-02   0.20434E-02   0.19597E-02
 1659.81   0.19598E-02   0.20076E-02   0.19249E-02
 1673.41   0.19269E-02   0.19726E-02   0.18911E-02
 1687.02   0.18948E-02   0.19385E-02   0.18580E-02
 1700.62   0.18634E-02   0.19053E-02   0.18258E-02
 1714.23   0.18328E-02   0.18727E-02   0.17942E-02
 1727.83   0.18031E-02   0.18411E-02   0.17636E-02
 1741.44   0.17739E-02   0.18100E-02   0.17335E-02
 1755.04   0.17454E-02   0.17797E-02   0.17041E-02
 1768.65   0.17176E-02   0.17501E-02   0.16755E-02
 1782.25   0.16904E-02   0.17212E-02   0.16475E-02
 1795.86   0.16639E-02   0.16929E-02   0.16201E-02
 1809.46   0.16381E-02   0.16653E-02   0.15936E-02
 1823.07   0.16127E-02   0.16383E-02   0.15674E-02
 1836.67   0.15879E-02   0.16118E-02   0.15419E-02
 1850.28   0.15637E-02   0.15860E-02   0.15169E-02
 1863.88   0.15401E-02   0.15608E-02   0.14925E-02
 1877.49   0.15170E-02   0.15361E-02   0.14687E-02
 1891.09   0.14944E-02   0.15119E-02   0.14454E-02
 1904.70   0.14723E-02   0.14883E-02   0.14226E-02
 1918.30   0.14506E-02   0.14651E-02   0.14003E-02
 1931.91   0.14294E-02   0.14424E-02   0.13784E-02
 1945.51   0.14087E-02   0.14202E-02   0.13571E-02
 1959.12   0.13884E-02   0.13985E-02   0.13361E-02
 1972.72   0.13686E-02   0.13773E-02   0.13157E-02
 1986.33   0.13492E-02   0.13564E-02   0.12956E-02
 1999.93   0.13301E-02   0.13360E-02   0.12760E-02
 2013.54   0.13115E-02   0.13160E-02   0.12567E-02
 2027.14   0.12931E-02   0.12963E-02   0.12379E-02
 2040.75   0.12752E-02   0.12771E-02   0.12194E-02
 2054.35   0.12576E-02   0.12582E-02   0.12013E-02
 2067.96   0.12405E-02   0.12398E-02   0.11836E-02
 2081.56   0.12236E-02   0.12217E-02   0.11662E-02
 2095.17   0.12071E-02   0.12040E-02   0.11492E-02
 2108.77   0.11908E-02   0.11865E-02   0.11324E-02
 2122.38   0.11749E-02   0.11694E-02   0.11160E-02
 2135.98   0.11592E-02   0.11526E-02   0.10999E-02
 2149.59   0.11440E-02   0.11363E-02   0.10843E-02
 2163.19   0.11289E-02   0.11201E-02   0.10688E-02
 2176.80   0.11142E-02   0.11043E-02   0.10537E-02
 2190.40   0.10998E-02   0.10888E-02   0.10388E-02
 2204.01   0.10856E-02   0.10735E-02   0.10242E-02
 2217.61   0.10716E-02   0.10585E-02   0.10099E-02
 2231.22   0.10579E-02   0.10438E-02   0.99580E-03
 2244.82   0.10446E-02   0.10295E-02   0.98218E-03
 2258.43   0.10314E-02   0.10153E-02   0.96865E-03
 2272.03   0.10185E-02   0.10015E-02   0.95540E-03
 2285.64   0.10058E-02   0.98785E-03   0.94240E-03
 2299.24   0.99340E-03   0.97447E-03   0.92964E-03
 2312.85   0.98114E-03   0.96130E-03   0.91708E-03
 2326.45   0.96895E-03   0.94821E-03   0.90460E-03
 2340.06   0.95742E-03   0.93579E-03   0.89277E-03
 2353.66   0.94580E-03   0.92330E-03   0.88088E-03
 2367.27   0.93442E-03   0.91107E-03   0.86923E-03
 2380.87   0.92325E-03   0.89906E-03   0.85780E-03
 2394.48   0.91228E-03   0.88726E-03   0.84657E-03
 2408.08   0.90148E-03   0.87565E-03   0.83553E-03
 2421.69   0.89081E-03   0.86419E-03   0.82463E-03
 2435.29   0.88051E-03   0.85310E-03   0.81409E-03
 2448.90   0.87022E-03   0.84205E-03   0.80360E-03
 2462.50   0.86013E-03   0.83121E-03   0.79330E-03
 2476.11   0.85022E-03   0.82057E-03   0.78320E-03
 2489.71   0.84049E-03   0.81011E-03   0.77328E-03
 2503.32   0.83091E-03   0.79984E-03   0.76353E-03
 2516.92   0.82147E-03   0.78970E-03   0.75392E-03
 2530.53   0.81226E-03   0.77982E-03   0.74455E-03
 2544.13   0.80313E-03   0.77002E-03   0.73527E-03
 2557.74   0.79414E-03   0.76038E-03   0.72614E-03
 2571.34   0.78530E-03   0.75091E-03   0.71717E-03
 2584.95   0.77661E-03   0.74161E-03   0.70836E-03
 2598.55   0.76808E-03   0.73247E-03   0.69972E-03
 2612.16   0.75969E-03   0.72348E-03   0.69122E-03
 2625.76   0.75143E-03   0.71465E-03   0.68286E-03
 2639.37   0.74329E-03   0.70594E-03   0.67464E-03
 2652.97   0.73527E-03   0.69736E-03   0.66653E-03
 2666.58   0.72737E-03   0.68892E-03   0.65855E-03
 2680.18   0.71959E-03   0.68061E-03   0.65071E-03
 2693.79   0.71194E-03   0.67243E-03   0.64299E-03
 2707.39   0.70441E-03   0.66440E-03   0.63541E-03
 2721.00   0.69703E-03   0.65652E-03   0.62798E-03
 2734.60   0.68974E-03   0.64875E-03   0.62065E-03
 2748.21   0.68256E-03   0.64109E-03   0.61344E-03
 2761.81   0.67548E-03   0.63355E-03   0.60633E-03
 2775.42   0.66849E-03   0.62611E-03   0.59932E-03
 2789.02   0.66160E-03   0.61877E-03   0.59241E-03
 2802.63   0.65481E-03   0.61155E-03   0.58561E-03
 2816.23   0.64814E-03   0.60446E-03   0.57894E-03
 2829.84   0.64162E-03   0.59752E-03   0.57241E-03
 2843.44   0.63514E-03   0.59064E-03   0.56595E-03
 2857.05   0.62876E-03   0.58387E-03   0.55958E-03
 2870.65   0.62247E-03   0.57719E-03   0.55331E-03
 2884.26   0.61625E-03   0.57060E-03   0.54712E-03
 2897.86   0.61010E-03   0.56410E-03   0.54100E-03
 2911.47   0.60397E-03   0.55763E-03   0.53493E-03
 2925.07   0.59819E-03   0.55149E-03   0.52917E-03
 2938.68   0.59226E-03   0.54524E-03   0.52330E-03
 2952.28   0.58646E-03   0.53912E-03   0.51756E-03
 2965.89   0.58075E-03   0.53310E-03   0.51192E-03
 2979.49   0.57511E-03   0.52717E-03   0.50636E-03
 2993.10   0.56954E-03   0.52131E-03   0.50086E-03
 3006.70   0.56401E-03   0.51551E-03   0.49543E-03
 3020.31   0.55852E-03   0.50976E-03   0.49004E-03
 3033.91   0.55332E-03   0.50429E-03   0.48492E-03
 3047.52   0.54799E-03   0.49872E-03   0.47970E-03
 3061.12   0.54277E-03   0.49325E-03   0.47458E-03
 3074.73   0.53763E-03   0.48788E-03   0.46956E-03
 3088.33   0.53256E-03   0.48259E-03   0.46460E-03
 3101.94   0.52754E-03   0.47736E-03   0.45972E-03
 3115.54   0.52258E-03   0.47219E-03   0.45488E-03
 3129.15   0.51761E-03   0.46704E-03   0.45006E-03
 3142.75   0.51294E-03   0.46217E-03   0.44551E-03
 3156.36   0.50813E-03   0.45719E-03   0.44085E-03
 3169.96   0.50341E-03   0.45230E-03   0.43628E-03
 3183.57   0.49876E-03   0.44748E-03   0.43179E-03
 3197.17   0.49418E-03   0.44275E-03   0.42736E-03
 3210.78   0.48966E-03   0.43808E-03   0.42300E-03
 3224.38   0.48519E-03   0.43346E-03   0.41869E-03
 3237.99   0.48073E-03   0.42887E-03   0.41441E-03
 3251.59   0.47647E-03   0.42447E-03   0.41030E-03
 3265.20   0.47214E-03   0.42001E-03   0.40614E-03
 3278.80   0.46786E-03   0.41563E-03   0.40205E-03
 3292.41   0.46365E-03   0.41130E-03   0.39802E-03
 3306.01   0.45949E-03   0.40704E-03   0.39404E-03
 3319.62   0.45540E-03   0.40284E-03   0.39013E-03
 3333.22   0.45135E-03   0.39871E-03   0.38628E-03
 3346.83   0.44735E-03   0.39462E-03   0.38247E-03
 3360.43   0.44343E-03   0.39062E-03   0.37874E-03
 3374.04   0.43952E-03   0.38663E-03   0.37502E-03
 3387.64   0.43565E-03   0.38269E-03   0.37135E-03
 3401.25   0.43182E-03   0.37880E-03   0.36772E-03
 3414.85   0.42803E-03   0.37495E-03   0.36414E-03
 3428.46   0.42429E-03   0.37117E-03   0.36062E-03
 3442.06   0.42061E-03   0.36744E-03   0.35714E-03
 3455.67   0.41697E-03   0.36376E-03   0.35372E-03
 3469.27   0.41338E-03   0.36014E-03   0.35035E-03
 3482.88   0.40983E-03   0.35656E-03   0.34702E-03
 3496.48   0.40631E-03   0.35302E-03   0.34373E-03
 3510.09   0.40282E-03   0.34951E-03   0.34047E-03
 3523.69   0.39936E-03   0.34605E-03   0.33724E-03
 3537.30   0.39593E-03   0.34262E-03   0.33406E-03
 3550.90   0.39255E-03   0.33924E-03   0.33091E-03
 3564.51   0.38920E-03   0.33590E-03   0.32781E-03
 3578.11   0.38590E-03   0.33262E-03   0.32475E-03
 3591.72   0.38267E-03   0.32941E-03   0.32177E-03
 3605.32   0.37945E-03   0.32622E-03   0.31880E-03
 3618.93   0.37626E-03   0.32306E-03   0.31587E-03
 3632.53   0.37310E-03   0.31994E-03   0.31297E-03
 3646.14   0.36996E-03   0.31685E-03   0.31009E-03
 3659.74   0.36685E-03   0.31379E-03   0.30725E-03
 3673.35   0.36376E-03   0.31076E-03   0.30443E-03
 3686.95   0.36066E-03   0.30773E-03   0.30161E-03
 3700.56   0.35781E-03   0.30492E-03   0.29901E-03
 3714.16   0.35480E-03   0.30198E-03   0.29628E-03
 3727.77   0.35186E-03   0.29912E-03   0.29362E-03
 3741.37   0.34896E-03   0.29630E-03   0.29099E-03
 3754.98   0.34608E-03   0.29351E-03   0.28840E-03
 3768.58   0.34323E-03   0.29074E-03   0.28583E-03
 3782.19   0.34039E-03   0.28800E-03   0.28328E-03
 3795.79   0.33756E-03   0.28527E-03   0.28075E-03
 3809.40   0.33475E-03   0.28257E-03   0.27823E-03
 3823.00   0.33216E-03   0.28006E-03   0.27590E-03
 3836.61   0.32941E-03   0.27742E-03   0.27345E-03
 3850.21   0.32672E-03   0.27484E-03   0.27106E-03
 3863.82   0.32407E-03   0.27231E-03   0.26870E-03
 3877.42   0.32145E-03   0.26980E-03   0.26637E-03
 3891.03   0.31885E-03   0.26732E-03   0.26407E-03
 3904.63   0.31626E-03   0.26486E-03   0.26178E-03
 3918.24   0.31367E-03   0.26241E-03   0.25950E-03
 3931.84   0.31106E-03   0.25994E-03   0.25719E-03
 3945.45   0.30874E-03   0.25772E-03   0.25515E-03
 3959.05   0.30622E-03   0.25535E-03   0.25294E-03
 3972.66   0.30375E-03   0.25302E-03   0.25077E-03
 3986.26   0.30131E-03   0.25073E-03   0.24864E-03
 3999.87   0.29891E-03   0.24847E-03   0.24654E-03
 4013.47   0.29653E-03   0.24624E-03   0.24447E-03
 4027.08   0.29417E-03   0.24403E-03   0.24241E-03
 4040.68   0.29180E-03   0.24182E-03   0.24036E-03
 4054.29   0.28940E-03   0.23960E-03   0.23828E-03
 4067.89   0.28726E-03   0.23759E-03   0.23642E-03
 4081.50   0.28495E-03   0.23545E-03   0.23443E-03
 4095.10   0.28267E-03   0.23334E-03   0.23247E-03
 4108.71   0.28042E-03   0.23127E-03   0.23054E-03
 4122.31   0.27820E-03   0.22922E-03   0.22863E-03
 4135.92   0.27601E-03   0.22720E-03   0.22675E-03
 4149.52   0.27384E-03   0.22521E-03   0.22490E-03
 4163.13   0.27169E-03   0.22324E-03   0.22306E-03
 4176.73   0.26952E-03   0.22126E-03   0.22122E-03
 4190.34   0.26748E-03   0.21939E-03   0.21948E-03
 4203.94   0.26536E-03   0.21747E-03   0.21769E-03
 4217.55   0.26326E-03   0.21557E-03   0.21592E-03
 4231.15   0.26118E-03   0.21369E-03   0.21416E-03
 4244.76   0.25912E-03   0.21183E-03   0.21243E-03
 4258.36   0.25709E-03   0.21000E-03   0.21072E-03
 4271.97   0.25508E-03   0.20819E-03   0.20904E-03
 4285.57   0.25310E-03   0.20641E-03   0.20738E-03
 4299.18   0.25113E-03   0.20465E-03   0.20573E-03
 4312.78   0.24919E-03   0.20291E-03   0.20412E-03
 4326.39   0.24725E-03   0.20119E-03   0.20250E-03
 4339.99   0.24532E-03   0.19947E-03   0.20090E-03
 4353.60   0.24340E-03   0.19777E-03   0.19931E-03
 4367.20   0.24149E-03   0.19609E-03   0.19774E-03
 4380.81   0.23960E-03   0.19442E-03   0.19618E-03
 4394.41   0.23773E-03   0.19277E-03   0.19464E-03
 4408.02   0.23588E-03   0.19115E-03   0.19312E-03
 4421.62   0.23405E-03   0.18955E-03   0.19163E-03
 4435.23   0.23226E-03   0.18798E-03   0.19016E-03
 4448.83   0.23047E-03   0.18641E-03   0.18870E-03
 4462.44   0.22869E-03   0.18487E-03   0.18725E-03
 4476.04   0.22692E-03   0.18333E-03   0.18581E-03
 4489.65   0.22516E-03   0.18181E-03   0.18439E-03
 4503.25   0.22341E-03   0.18030E-03   0.18297E-03
 4516.86   0.22167E-03   0.17880E-03   0.18156E-03
 4530.46   0.21994E-03   0.17731E-03   0.18017E-03
 4544.07   0.21823E-03   0.17584E-03   0.17879E-03
 4557.67   0.21654E-03   0.17440E-03   0.17744E-03
 4571.28   0.21492E-03   0.17301E-03   0.17614E-03
 4584.88   0.21326E-03   0.17159E-03   0.17481E-03
 4598.49   0.21162E-03   0.17020E-03   0.17350E-03
 4612.09   0.21000E-03   0.16882E-03   0.17221E-03
 4625.70   0.20838E-03   0.16746E-03   0.17092E-03
 4639.30   0.20677E-03   0.16610E-03   0.16965E-03
 4652.91   0.20517E-03   0.16475E-03   0.16837E-03
 4666.51   0.20357E-03   0.16340E-03   0.16711E-03
 4680.12   0.20196E-03   0.16205E-03   0.16584E-03
 4693.72   0.20036E-03   0.16071E-03   0.16457E-03
 4707.33   0.19896E-03   0.15954E-03   0.16348E-03
 4720.93   0.19742E-03   0.15826E-03   0.16227E-03
 4734.54   0.19591E-03   0.15700E-03   0.16108E-03
 4748.14   0.19441E-03   0.15576E-03   0.15991E-03
 4761.75   0.19293E-03   0.15453E-03   0.15875E-03
 4775.35   0.19145E-03   0.15331E-03   0.15760E-03
 4788.96   0.18998E-03   0.15209E-03   0.15645E-03
 4802.56   0.18850E-03   0.15088E-03   0.15530E-03
 4816.17   0.18698E-03   0.14963E-03   0.15412E-03
 4829.77   0.18581E-03   0.14867E-03   0.15323E-03
 4843.38   0.18427E-03   0.14740E-03   0.15203E-03
 4856.98   0.18283E-03   0.14624E-03   0.15092E-03
 4870.59   0.18143E-03   0.14509E-03   0.14984E-03
 4884.19   0.18005E-03   0.14397E-03   0.14878E-03
 4897.80   0.17868E-03   0.14286E-03   0.14773E-03
 4911.40   0.17732E-03   0.14176E-03   0.14668E-03
 4925.01   0.17596E-03   0.14067E-03   0.14565E-03
 4938.61   0.17460E-03   0.13958E-03   0.14461E-03
 4952.22   0.17319E-03   0.13844E-03   0.14352E-03
 4965.82   0.17210E-03   0.13757E-03   0.14272E-03
 4979.43   0.17069E-03   0.13644E-03   0.14164E-03
 4993.03   0.16936E-03   0.13538E-03   0.14063E-03
 5006.64   0.16805E-03   0.13434E-03   0.13964E-03
 5020.24   0.16676E-03   0.13332E-03   0.13866E-03
 5033.85   0.16549E-03   0.13231E-03   0.13771E-03
 5047.45   0.16423E-03   0.13132E-03   0.13676E-03
 5061.06   0.16298E-03   0.13033E-03   0.13582E-03
 5074.66   0.16173E-03   0.12935E-03   0.13489E-03
 5088.27   0.16045E-03   0.12835E-03   0.13393E-03
 5101.87   0.15938E-03   0.12752E-03   0.13315E-03
 5115.48   0.15809E-03   0.12651E-03   0.13218E-03
 5129.08   0.15685E-03   0.12555E-03   0.13126E-03
 5142.69   0.15564E-03   0.12460E-03   0.13035E-03
 5156.29   0.15443E-03   0.12367E-03   0.12946E-03
 5169.90   0.15324E-03   0.12275E-03   0.12858E-03
 5183.50   0.15206E-03   0.12185E-03   0.12771E-03
 5197.11   0.15090E-03   0.12095E-03   0.12686E-03
 5210.71   0.14975E-03   0.12007E-03   0.12601E-03
 5224.32   0.14859E-03   0.11919E-03   0.12516E-03
 5237.92   0.14742E-03   0.11829E-03   0.12430E-03
 5251.53   0.14635E-03   0.11748E-03   0.12353E-03
 5265.13   0.14522E-03   0.11662E-03   0.12270E-03
 5278.74   0.14409E-03   0.11577E-03   0.12188E-03
 5292.34   0.14297E-03   0.11492E-03   0.12106E-03
 5305.95   0.14185E-03   0.11408E-03   0.12025E-03
 5319.55   0.14075E-03   0.11325E-03   0.11945E-03
 5333.16   0.13966E-03   0.11243E-03   0.11866E-03
 5346.76   0.13858E-03   0.11163E-03   0.11788E-03
 5360.37   0.13751E-03   0.11083E-03   0.11712E-03
 5373.97   0.13646E-03   0.11005E-03   0.11636E-03
 5387.58   0.13541E-03   0.10927E-03   0.11561E-03
 5401.18   0.13437E-03   0.10850E-03   0.11486E-03
 5414.79   0.13333E-03   0.10773E-03   0.11412E-03
 5428.39   0.13229E-03   0.10696E-03   0.11338E-03
 5442.00   0.13125E-03   0.10620E-03   0.11264E-03
 5455.60   0.13022E-03   0.10544E-03   0.11190E-03
 5469.21   0.12920E-03   0.10469E-03   0.11117E-03
 5482.81   0.12818E-03   0.10395E-03   0.11045E-03
 5496.42   0.12718E-03   0.10322E-03   0.10974E-03
 5510.02   0.12618E-03   0.10249E-03   0.10903E-03
 5523.63   0.12524E-03   0.10181E-03   0.10837E-03
 5537.23   0.12426E-03   0.10110E-03   0.10768E-03
 5550.84   0.12329E-03   0.10040E-03   0.10700E-03
 5564.44   0.12233E-03   0.99714E-04   0.10632E-03
 5578.05   0.12138E-03   0.99026E-04   0.10565E-03
 5591.65   0.12042E-03   0.98341E-04   0.10498E-03
 5605.26   0.11947E-03   0.97658E-04   0.10431E-03
 5618.86   0.11852E-03   0.96978E-04   0.10365E-03
 5632.47   0.11758E-03   0.96302E-04   0.10298E-03
 5646.07   0.11664E-03   0.95628E-04   0.10232E-03
 5659.68   0.11572E-03   0.94978E-04   0.10168E-03
 5673.28   0.11488E-03   0.94384E-04   0.10110E-03
 5686.89   0.11396E-03   0.93732E-04   0.10046E-03
 5700.49   0.11306E-03   0.93100E-04   0.99840E-04
 5714.10   0.11218E-03   0.92477E-04   0.99227E-04
 5727.70   0.11130E-03   0.91859E-04   0.98618E-04
 5741.31   0.11042E-03   0.91243E-04   0.98011E-04
 5754.91   0.10955E-03   0.90628E-04   0.97404E-04
 5768.52   0.10867E-03   0.90013E-04   0.96795E-04
 5782.12   0.10779E-03   0.89397E-04   0.96185E-04
 5795.73   0.10690E-03   0.88767E-04   0.95559E-04
 5809.33   0.10603E-03   0.88160E-04   0.94956E-04
 5822.94   0.10532E-03   0.87678E-04   0.94487E-04
 5836.54   0.10446E-03   0.87078E-04   0.93890E-04
 5850.15   0.10363E-03   0.86500E-04   0.93316E-04
 5863.75   0.10281E-03   0.85934E-04   0.92754E-04
 5877.36   0.10200E-03   0.85376E-04   0.92199E-04
 5890.96   0.10120E-03   0.84822E-04   0.91648E-04
 5904.57   0.10039E-03   0.84269E-04   0.91097E-04
 5918.17   0.99592E-04   0.83716E-04   0.90545E-04
 5931.78   0.98785E-04   0.83158E-04   0.89988E-04
 5945.38   0.97947E-04   0.82575E-04   0.89402E-04
 5958.99   0.97120E-04   0.82000E-04   0.88823E-04
 5972.59   0.96514E-04   0.81612E-04   0.88446E-04
 5986.20   0.95716E-04   0.81061E-04   0.87893E-04
 5999.80   0.94943E-04   0.80532E-04   0.87361E-04
 6013.41   0.94184E-04   0.80014E-04   0.86841E-04
 6027.01   0.93436E-04   0.79506E-04   0.86331E-04
 6040.62   0.92697E-04   0.79004E-04   0.85827E-04
 6054.22   0.91964E-04   0.78507E-04   0.85328E-04
 6067.83   0.91232E-04   0.78012E-04   0.84829E-04
 6081.43   0.90497E-04   0.77513E-04   0.84326E-04
 6095.04   0.89738E-04   0.76993E-04   0.83799E-04
 6108.64   0.88973E-04   0.76468E-04   0.83265E-04
 6122.25   0.88408E-04   0.76114E-04   0.82917E-04
 6135.85   0.87672E-04   0.75613E-04   0.82408E-04
 6149.46   0.86955E-04   0.75128E-04   0.81917E-04
 6163.06   0.86249E-04   0.74653E-04   0.81435E-04
 6176.67   0.85555E-04   0.74187E-04   0.80961E-04
 6190.27   0.84870E-04   0.73729E-04   0.80496E-04
 6203.88   0.84193E-04   0.73277E-04   0.80038E-04
 6217.48   0.83523E-04   0.72831E-04   0.79585E-04
 6231.09   0.82855E-04   0.72387E-04   0.79132E-04
 6244.69   0.82180E-04   0.71936E-04   0.78672E-04
 6258.30   0.81497E-04   0.71477E-04   0.78202E-04
 6271.90   0.80922E-04   0.71112E-04   0.77835E-04
 6285.51   0.80251E-04   0.70664E-04   0.77376E-04
 6299.11   0.79593E-04   0.70225E-04   0.76926E-04
 6312.72   0.78940E-04   0.69791E-04   0.76481E-04
 6326.32   0.78294E-04   0.69362E-04   0.76041E-04
 6339.93   0.77657E-04   0.68941E-04   0.75608E-04
 6353.53   0.77027E-04   0.68526E-04   0.75182E-04
 6367.14   0.76407E-04   0.68118E-04   0.74763E-04
 6380.74   0.75793E-04   0.67716E-04   0.74350E-04
 6394.35   0.75185E-04   0.67318E-04   0.73940E-04
 6407.95   0.74575E-04   0.66919E-04   0.73528E-04
 6421.56   0.73997E-04   0.66547E-04   0.73146E-04
 6435.16   0.73393E-04   0.66152E-04   0.72738E-04
 6448.77   0.72793E-04   0.65760E-04   0.72332E-04
 6462.37   0.72195E-04   0.65369E-04   0.71927E-04
 6475.98   0.71600E-04   0.64979E-04   0.71522E-04
 6489.58   0.71008E-04   0.64591E-04   0.71120E-04
 6503.19   0.70421E-04   0.64208E-04   0.70721E-04
 6516.79   0.69842E-04   0.63831E-04   0.70329E-04
 6530.40   0.69270E-04   0.63460E-04   0.69942E-04
 6544.00   0.68706E-04   0.63095E-04   0.69563E-04
 6557.61   0.68149E-04   0.62736E-04   0.69189E-04
 6571.21   0.67599E-04   0.62383E-04   0.68821E-04
 6584.82   0.67051E-04   0.62031E-04   0.68453E-04
 6598.42   0.66507E-04   0.61681E-04   0.68088E-04
 6612.03   0.65963E-04   0.61332E-04   0.67721E-04
 6625.63   0.65420E-04   0.60981E-04   0.67354E-04
 6639.24   0.64877E-04   0.60631E-04   0.66986E-04
 6652.84   0.64336E-04   0.60281E-04   0.66618E-04
 6666.45   0.63798E-04   0.59933E-04   0.66252E-04
 6680.05   0.63265E-04   0.59587E-04   0.65888E-04
 6693.66   0.62736E-04   0.59246E-04   0.65528E-04
 6707.26   0.62212E-04   0.58908E-04   0.65171E-04
 6720.87   0.61708E-04   0.58587E-04   0.64832E-04
 6734.47   0.61221E-04   0.58283E-04   0.64512E-04
 6748.08   0.60712E-04   0.57956E-04   0.64166E-04
 6761.68   0.60214E-04   0.57639E-04   0.63830E-04
 6775.29   0.59720E-04   0.57324E-04   0.63496E-04
 6788.89   0.59228E-04   0.57011E-04   0.63163E-04
 6802.50   0.58736E-04   0.56696E-04   0.62829E-04
 6816.10   0.58244E-04   0.56381E-04   0.62493E-04
 6829.71   0.57752E-04   0.56065E-04   0.62156E-04
 6843.31   0.57262E-04   0.55749E-04   0.61819E-04
 6856.92   0.56772E-04   0.55432E-04   0.61480E-04
 6870.52   0.56275E-04   0.55107E-04   0.61132E-04
 6884.13   0.55810E-04   0.54813E-04   0.60817E-04
 6897.73   0.55406E-04   0.54577E-04   0.60567E-04
 6911.34   0.54930E-04   0.54271E-04   0.60238E-04
 6924.94   0.54471E-04   0.53979E-04   0.59924E-04
 6938.55   0.54018E-04   0.53693E-04   0.59617E-04
 6952.15   0.53570E-04   0.53410E-04   0.59313E-04
 6965.76   0.53124E-04   0.53128E-04   0.59009E-04
 6979.36   0.52678E-04   0.52845E-04   0.58704E-04
 6992.97   0.52231E-04   0.52561E-04   0.58397E-04
 7006.57   0.51783E-04   0.52274E-04   0.58087E-04
 7020.18   0.51330E-04   0.51981E-04   0.57770E-04
 7033.78   0.50854E-04   0.51664E-04   0.57424E-04
 7047.39   0.50416E-04   0.51383E-04   0.57119E-04
 7060.99   0.50096E-04   0.51222E-04   0.56948E-04
 7074.60   0.49652E-04   0.50934E-04   0.56634E-04
 7088.20   0.49226E-04   0.50663E-04   0.56338E-04
 7101.81   0.48810E-04   0.50400E-04   0.56052E-04
 7115.41   0.48399E-04   0.50142E-04   0.55771E-04
 7129.02   0.47993E-04   0.49887E-04   0.55493E-04
 7142.62   0.47590E-04   0.49634E-04   0.55216E-04
 7156.23   0.47186E-04   0.49380E-04   0.54938E-04
 7169.83   0.46782E-04   0.49123E-04   0.54656E-04
 7183.44   0.46371E-04   0.48858E-04   0.54366E-04
 7197.04   0.45933E-04   0.48564E-04   0.54041E-04
 7210.65   0.45522E-04   0.48295E-04   0.53746E-04
 7224.25   0.45254E-04   0.48178E-04   0.53618E-04
 7237.86   0.44844E-04   0.47909E-04   0.53322E-04
 7251.46   0.44451E-04   0.47656E-04   0.53043E-04
 7265.07   0.44067E-04   0.47412E-04   0.52773E-04
 7278.67   0.43690E-04   0.47174E-04   0.52510E-04
 7292.28   0.43319E-04   0.46941E-04   0.52252E-04
 7305.88   0.42953E-04   0.46712E-04   0.51997E-04
 7319.49   0.42589E-04   0.46484E-04   0.51745E-04
 7333.09   0.42226E-04   0.46256E-04   0.51491E-04
 7346.70   0.41861E-04   0.46024E-04   0.51233E-04
 7360.30   0.41480E-04   0.45772E-04   0.50953E-04
 7373.91   0.41106E-04   0.45528E-04   0.50680E-04
 7387.51   0.40843E-04   0.45405E-04   0.50542E-04
 7401.12   0.40472E-04   0.45160E-04   0.50269E-04
 7414.72   0.40113E-04   0.44928E-04   0.50009E-04
 7428.33   0.39761E-04   0.44701E-04   0.49756E-04
 7441.93   0.39415E-04   0.44480E-04   0.49507E-04
 7455.54   0.39074E-04   0.44264E-04   0.49264E-04
 7469.14   0.38739E-04   0.44052E-04   0.49026E-04
 7482.75   0.38408E-04   0.43844E-04   0.48793E-04
 7496.35   0.38082E-04   0.43640E-04   0.48562E-04
 7509.96   0.37757E-04   0.43436E-04   0.48331E-04
 7523.56   0.37430E-04   0.43227E-04   0.48095E-04
 7537.17   0.37101E-04   0.43015E-04   0.47855E-04
 7550.77   0.36827E-04   0.42865E-04   0.47685E-04
 7564.38   0.36498E-04   0.42650E-04   0.47441E-04
 7577.98   0.36178E-04   0.42442E-04   0.47206E-04
 7591.59   0.35860E-04   0.42236E-04   0.46972E-04
 7605.19   0.35545E-04   0.42032E-04   0.46740E-04
 7618.80   0.35234E-04   0.41831E-04   0.46511E-04
 7632.40   0.34927E-04   0.41633E-04   0.46286E-04
 7646.01   0.34625E-04   0.41440E-04   0.46064E-04
 7659.61   0.34328E-04   0.41250E-04   0.45848E-04
 7673.22   0.34036E-04   0.41065E-04   0.45636E-04
 7686.82   0.33747E-04   0.40882E-04   0.45426E-04
 7700.43   0.33459E-04   0.40699E-04   0.45215E-04
 7714.03   0.33185E-04   0.40531E-04   0.45022E-04
 7727.64   0.32900E-04   0.40347E-04   0.44811E-04
 7741.24   0.32618E-04   0.40166E-04   0.44602E-04
 7754.85   0.32336E-04   0.39984E-04   0.44392E-04
 7768.45   0.32055E-04   0.39800E-04   0.44181E-04
 7782.06   0.31774E-04   0.39617E-04   0.43969E-04
 7795.66   0.31496E-04   0.39433E-04   0.43757E-04
 7809.27   0.31220E-04   0.39252E-04   0.43547E-04
 7822.87   0.30948E-04   0.39073E-04   0.43340E-04
 7836.48   0.30680E-04   0.38898E-04   0.43137E-04
 7850.08   0.30417E-04   0.38727E-04   0.42938E-04
 7863.69   0.30157E-04   0.38559E-04   0.42742E-04
 7877.29   0.29905E-04   0.38399E-04   0.42556E-04
 7890.90   0.29653E-04   0.38237E-04   0.42366E-04
 7904.50   0.29402E-04   0.38075E-04   0.42177E-04
 7918.11   0.29153E-04   0.37914E-04   0.41989E-04
 7931.71   0.28904E-04   0.37752E-04   0.41799E-04
 7945.32   0.28656E-04   0.37589E-04   0.41607E-04
 7958.92   0.28407E-04   0.37424E-04   0.41414E-04
 7972.53   0.28160E-04   0.37258E-04   0.41220E-04
 7986.13   0.27913E-04   0.37092E-04   0.41025E-04
 7999.74   0.27668E-04   0.36926E-04   0.40830E-04
 8013.34   0.27426E-04   0.36762E-04   0.40637E-04
 8026.95   0.27185E-04   0.36598E-04   0.40445E-04
 8040.55   0.26940E-04   0.36427E-04   0.40243E-04
 8054.16   0.26723E-04   0.36291E-04   0.40081E-04
 8067.76   0.26515E-04   0.36167E-04   0.39932E-04
 8081.37   0.26289E-04   0.36014E-04   0.39751E-04
 8094.97   0.26067E-04   0.35867E-04   0.39576E-04
 8108.58   0.25847E-04   0.35722E-04   0.39403E-04
 8122.18   0.25629E-04   0.35576E-04   0.39229E-04
 8135.79   0.25410E-04   0.35428E-04   0.39054E-04
 8149.39   0.25192E-04   0.35279E-04   0.38877E-04
 8163.00   0.24974E-04   0.35129E-04   0.38697E-04
 8176.60   0.24756E-04   0.34976E-04   0.38516E-04
 8190.21   0.24537E-04   0.34821E-04   0.38332E-04
 8203.81   0.24316E-04   0.34661E-04   0.38142E-04
 8217.42   0.24065E-04   0.34457E-04   0.37903E-04
 8231.02   0.23976E-04   0.34482E-04   0.37917E-04
 8244.63   0.23736E-04   0.34289E-04   0.37690E-04
 8258.23   0.23528E-04   0.34142E-04   0.37514E-04
 8271.84   0.23329E-04   0.34004E-04   0.37348E-04
 8285.44   0.23133E-04   0.33870E-04   0.37187E-04
 8299.05   0.22940E-04   0.33738E-04   0.37027E-04
 8312.65   0.22748E-04   0.33606E-04   0.36868E-04
 8326.26   0.22556E-04   0.33473E-04   0.36707E-04
 8339.86   0.22364E-04   0.33339E-04   0.36544E-04
 8353.47   0.22171E-04   0.33201E-04   0.36378E-04
 8367.07   0.21976E-04   0.33058E-04   0.36207E-04
 8380.68   0.21775E-04   0.32905E-04   0.36023E-04
 8394.28   0.21521E-04   0.32670E-04   0.35750E-04
 8407.89   0.21494E-04   0.32778E-04   0.35853E-04
 8421.49   0.21269E-04   0.32582E-04   0.35623E-04
 8435.10   0.21078E-04   0.32439E-04   0.35450E-04
 8448.70   0.20897E-04   0.32307E-04   0.35290E-04
 8462.31   0.20720E-04   0.32181E-04   0.35136E-04
 8475.91   0.20547E-04   0.32058E-04   0.34986E-04
 8489.52   0.20376E-04   0.31939E-04   0.34839E-04
 8503.12   0.20207E-04   0.31820E-04   0.34693E-04
 8516.73   0.20038E-04   0.31700E-04   0.34546E-04
 8530.33   0.19869E-04   0.31579E-04   0.34396E-04
 8543.94   0.19699E-04   0.31452E-04   0.34242E-04
 8557.54   0.19522E-04   0.31316E-04   0.34076E-04
 8571.15   0.19306E-04   0.31113E-04   0.33838E-04
 8584.75   0.19285E-04   0.31222E-04   0.33941E-04
 8598.36   0.19074E-04   0.31025E-04   0.33708E-04
 8611.96   0.18901E-04   0.30888E-04   0.33542E-04
 8625.57   0.18737E-04   0.30761E-04   0.33388E-04
 8639.17   0.18576E-04   0.30641E-04   0.33239E-04
 8652.78   0.18420E-04   0.30525E-04   0.33096E-04
 8666.38   0.18266E-04   0.30412E-04   0.32956E-04
 8679.99   0.18116E-04   0.30303E-04   0.32820E-04
 8693.59   0.17967E-04   0.30195E-04   0.32685E-04
 8707.20   0.17819E-04   0.30088E-04   0.32551E-04
 8720.80   0.17672E-04   0.29979E-04   0.32415E-04
 8734.41   0.17521E-04   0.29864E-04   0.32273E-04
 8748.01   0.17357E-04   0.29722E-04   0.32102E-04
 8761.62   0.17206E-04   0.29603E-04   0.31954E-04
 8775.22   0.17118E-04   0.29591E-04   0.31924E-04
 8788.83   0.16966E-04   0.29467E-04   0.31770E-04
 8802.43   0.16819E-04   0.29350E-04   0.31626E-04
 8816.04   0.16676E-04   0.29236E-04   0.31485E-04
 8829.64   0.16535E-04   0.29126E-04   0.31347E-04
 8843.25   0.16396E-04   0.29018E-04   0.31213E-04
 8856.85   0.16261E-04   0.28914E-04   0.31082E-04
 8870.46   0.16128E-04   0.28813E-04   0.30954E-04
 8884.06   0.15997E-04   0.28714E-04   0.30830E-04
 8897.67   0.15869E-04   0.28618E-04   0.30707E-04
 8911.27   0.15741E-04   0.28521E-04   0.30584E-04
 8924.88   0.15612E-04   0.28419E-04   0.30455E-04
 8938.48   0.15482E-04   0.28315E-04   0.30325E-04
 8952.09   0.15380E-04   0.28260E-04   0.30246E-04
 8965.69   0.15251E-04   0.28153E-04   0.30113E-04
 8979.30   0.15125E-04   0.28051E-04   0.29984E-04
 8992.90   0.15000E-04   0.27949E-04   0.29855E-04
 9006.51   0.14876E-04   0.27846E-04   0.29727E-04
 9020.11   0.14753E-04   0.27745E-04   0.29599E-04
 9033.72   0.14633E-04   0.27645E-04   0.29472E-04
 9047.32   0.14514E-04   0.27547E-04   0.29349E-04
 9060.93   0.14398E-04   0.27453E-04   0.29228E-04
 9074.53   0.14285E-04   0.27361E-04   0.29111E-04
 9088.14   0.14174E-04   0.27272E-04   0.28996E-04
 9101.74   0.14065E-04   0.27185E-04   0.28884E-04
 9115.35   0.13957E-04   0.27099E-04   0.28773E-04
 9128.95   0.13853E-04   0.27018E-04   0.28667E-04
 9142.56   0.13747E-04   0.26932E-04   0.28556E-04
 9156.16   0.13642E-04   0.26845E-04   0.28444E-04
 9169.77   0.13537E-04   0.26757E-04   0.28330E-04
 9183.37   0.13431E-04   0.26667E-04   0.28215E-04
 9196.98   0.13326E-04   0.26576E-04   0.28098E-04
 9210.58   0.13222E-04   0.26484E-04   0.27981E-04
 9224.19   0.13118E-04   0.26391E-04   0.27863E-04
 9237.79   0.13015E-04   0.26299E-04   0.27745E-04
 9251.40   0.12914E-04   0.26209E-04   0.27630E-04
 9265.00   0.12814E-04   0.26121E-04   0.27517E-04
 9278.61   0.12717E-04   0.26036E-04   0.27407E-04
 9292.21   0.12622E-04   0.25952E-04   0.27298E-04
 9305.82   0.12532E-04   0.25879E-04   0.27202E-04
 9319.42   0.12443E-04   0.25805E-04   0.27103E-04
 9333.03   0.12352E-04   0.25725E-04   0.26999E-04
 9346.63   0.12262E-04   0.25648E-04   0.26897E-04
 9360.24   0.12173E-04   0.25570E-04   0.26795E-04
 9373.84   0.12084E-04   0.25491E-04   0.26692E-04
 9387.45   0.11995E-04   0.25410E-04   0.26587E-04
 9401.05   0.11906E-04   0.25327E-04   0.26479E-04
 9414.66   0.11817E-04   0.25242E-04   0.26370E-04
 9428.26   0.11728E-04   0.25156E-04   0.26261E-04
 9441.87   0.11640E-04   0.25070E-04   0.26150E-04
 9455.47   0.11552E-04   0.24984E-04   0.26040E-04
 9469.08   0.11465E-04   0.24898E-04   0.25929E-04
 9482.68   0.11374E-04   0.24802E-04   0.25809E-04
 9496.29   0.11302E-04   0.24745E-04   0.25729E-04
 9509.89   0.11238E-04   0.24705E-04   0.25667E-04
 9523.50   0.11156E-04   0.24622E-04   0.25561E-04
 9537.10   0.11078E-04   0.24548E-04   0.25463E-04
 9550.71   0.11002E-04   0.24476E-04   0.25368E-04
 9564.31   0.10926E-04   0.24405E-04   0.25274E-04
 9577.92   0.10851E-04   0.24333E-04   0.25179E-04
 9591.52   0.10776E-04   0.24260E-04   0.25082E-04
 9605.13   0.10701E-04   0.24184E-04   0.24983E-04
 9618.73   0.10625E-04   0.24106E-04   0.24882E-04
 9632.34   0.10549E-04   0.24026E-04   0.24779E-04
 9645.94   0.10472E-04   0.23943E-04   0.24673E-04
 9659.55   0.10394E-04   0.23854E-04   0.24561E-04
 9673.15   0.10304E-04   0.23739E-04   0.24422E-04
 9686.76   0.10245E-04   0.23691E-04   0.24352E-04
 9700.36   0.10211E-04   0.23702E-04   0.24343E-04
 9713.97   0.10134E-04   0.23612E-04   0.24230E-04
 9727.57   0.10064E-04   0.23537E-04   0.24133E-04
 9741.18   0.99971E-05   0.23468E-04   0.24041E-04
 9754.78   0.99319E-05   0.23401E-04   0.23952E-04
 9768.39   0.98678E-05   0.23336E-04   0.23865E-04
 9781.99   0.98041E-05   0.23270E-04   0.23777E-04
 9795.60   0.97404E-05   0.23204E-04   0.23689E-04
 9809.20   0.96764E-05   0.23135E-04   0.23598E-04
 9822.81   0.96116E-05   0.23063E-04   0.23505E-04
 9836.41   0.95455E-05   0.22987E-04   0.23407E-04
 9850.02   0.94764E-05   0.22902E-04   0.23300E-04
 9863.62   0.93937E-05   0.22783E-04   0.23158E-04
 9877.23   0.93400E-05   0.22733E-04   0.23087E-04
 9890.83   0.93271E-05   0.22781E-04   0.23116E-04
 9904.44   0.92557E-05   0.22686E-04   0.22999E-04
 9918.04   0.91924E-05   0.22609E-04   0.22900E-04
 9931.65   0.91325E-05   0.22539E-04   0.22809E-04
 9945.25   0.90749E-05   0.22473E-04   0.22722E-04
 9958.86   0.90191E-05   0.22411E-04   0.22639E-04
 9972.46   0.89647E-05   0.22350E-04   0.22558E-04
 9986.07   0.89110E-05   0.22290E-04   0.22477E-04
 9999.67   0.88577E-05   0.22230E-04   0.22396E-04
