  911.53   0.48605E-01   0.49103E-01   0.48233E-01
  925.14   0.47987E-01   0.48451E-01   0.47584E-01
  938.74   0.47380E-01   0.47810E-01   0.46946E-01
  952.35   0.46787E-01   0.47183E-01   0.46323E-01
  965.95   0.46199E-01   0.46561E-01   0.45705E-01
  979.56   0.45625E-01   0.45954E-01   0.45102E-01
  993.16   0.45060E-01   0.45357E-01   0.44509E-01
 1006.77   0.44506E-01   0.44771E-01   0.43927E-01
 1020.37   0.43961E-01   0.44195E-01   0.43355E-01
 1033.98   0.43427E-01   0.43630E-01   0.42795E-01
 1047.58   0.42904E-01   0.43076E-01   0.42245E-01
 1061.19   0.42389E-01   0.42531E-01   0.41705E-01
 1074.79   0.41882E-01   0.41995E-01   0.41174E-01
 1088.40   0.41385E-01   0.41469E-01   0.40653E-01
 1102.00   0.40896E-01   0.40952E-01   0.40141E-01
 1115.61   0.40417E-01   0.40444E-01   0.39638E-01
 1129.21   0.39945E-01   0.39945E-01   0.39144E-01
 1142.82   0.39480E-01   0.39453E-01   0.38657E-01
 1156.42   0.39023E-01   0.38969E-01   0.38179E-01
 1170.03   0.38573E-01   0.38494E-01   0.37709E-01
 1183.63   0.38131E-01   0.38026E-01   0.37247E-01
 1197.24   0.37697E-01   0.37566E-01   0.36793E-01
 1210.84   0.37267E-01   0.37112E-01   0.36344E-01
 1224.45   0.36846E-01   0.36667E-01   0.35905E-01
 1238.05   0.36431E-01   0.36228E-01   0.35472E-01
 1251.66   0.36023E-01   0.35797E-01   0.35046E-01
 1265.26   0.35622E-01   0.35373E-01   0.34629E-01
 1278.87   0.35225E-01   0.34954E-01   0.34216E-01
 1292.47   0.34837E-01   0.34544E-01   0.33812E-01
 1306.08   0.34455E-01   0.34140E-01   0.33414E-01
 1319.68   0.34078E-01   0.33742E-01   0.33022E-01
 1333.29   0.33708E-01   0.33351E-01   0.32637E-01
 1346.89   0.33342E-01   0.32965E-01   0.32257E-01
 1360.50   0.32985E-01   0.32587E-01   0.31886E-01
 1374.10   0.32632E-01   0.32215E-01   0.31519E-01
 1387.71   0.32284E-01   0.31848E-01   0.31159E-01
 1401.31   0.31942E-01   0.31486E-01   0.30804E-01
 1414.92   0.31605E-01   0.31131E-01   0.30455E-01
 1428.52   0.31272E-01   0.30780E-01   0.30110E-01
 1442.13   0.30945E-01   0.30435E-01   0.29771E-01
 1455.73   0.30623E-01   0.30095E-01   0.29438E-01
 1469.34   0.30305E-01   0.29760E-01   0.29109E-01
 1482.94   0.29992E-01   0.29430E-01   0.28785E-01
 1496.55   0.29683E-01   0.29104E-01   0.28466E-01
 1510.15   0.29379E-01   0.28784E-01   0.28152E-01
 1523.76   0.29079E-01   0.28468E-01   0.27843E-01
 1537.36   0.28784E-01   0.28157E-01   0.27538E-01
 1550.97   0.28493E-01   0.27851E-01   0.27238E-01
 1564.57   0.28206E-01   0.27549E-01   0.26942E-01
 1578.18   0.27923E-01   0.27251E-01   0.26651E-01
 1591.78   0.27644E-01   0.26958E-01   0.26364E-01
 1605.39   0.27369E-01   0.26669E-01   0.26082E-01
 1618.99   0.27099E-01   0.26384E-01   0.25804E-01
 1632.60   0.26832E-01   0.26104E-01   0.25530E-01
 1646.20   0.26569E-01   0.25827E-01   0.25259E-01
 1659.81   0.26309E-01   0.25555E-01   0.24993E-01
 1673.41   0.26054E-01   0.25286E-01   0.24731E-01
 1687.02   0.25802E-01   0.25022E-01   0.24473E-01
 1700.62   0.25553E-01   0.24761E-01   0.24218E-01
 1714.23   0.25308E-01   0.24504E-01   0.23967E-01
 1727.83   0.25066E-01   0.24250E-01   0.23720E-01
 1741.44   0.24827E-01   0.24000E-01   0.23476E-01
 1755.04   0.24592E-01   0.23753E-01   0.23235E-01
 1768.65   0.24360E-01   0.23509E-01   0.22998E-01
 1782.25   0.24130E-01   0.23269E-01   0.22764E-01
 1795.86   0.23904E-01   0.23032E-01   0.22533E-01
 1809.46   0.23681E-01   0.22799E-01   0.22306E-01
 1823.07   0.23460E-01   0.22568E-01   0.22081E-01
 1836.67   0.23243E-01   0.22340E-01   0.21860E-01
 1850.28   0.23028E-01   0.22116E-01   0.21642E-01
 1863.88   0.22816E-01   0.21895E-01   0.21426E-01
 1877.49   0.22606E-01   0.21676E-01   0.21214E-01
 1891.09   0.22400E-01   0.21461E-01   0.21005E-01
 1904.70   0.22196E-01   0.21248E-01   0.20798E-01
 1918.30   0.21994E-01   0.21038E-01   0.20594E-01
 1931.91   0.21796E-01   0.20831E-01   0.20393E-01
 1945.51   0.21599E-01   0.20627E-01   0.20195E-01
 1959.12   0.21406E-01   0.20425E-01   0.19999E-01
 1972.72   0.21214E-01   0.20226E-01   0.19806E-01
 1986.33   0.21025E-01   0.20030E-01   0.19616E-01
 1999.93   0.20839E-01   0.19836E-01   0.19428E-01
 2013.54   0.20654E-01   0.19645E-01   0.19242E-01
 2027.14   0.20472E-01   0.19456E-01   0.19059E-01
 2040.75   0.20293E-01   0.19270E-01   0.18879E-01
 2054.35   0.20115E-01   0.19086E-01   0.18701E-01
 2067.96   0.19940E-01   0.18905E-01   0.18525E-01
 2081.56   0.19766E-01   0.18725E-01   0.18351E-01
 2095.17   0.19595E-01   0.18548E-01   0.18180E-01
 2108.77   0.19425E-01   0.18374E-01   0.18011E-01
 2122.38   0.19258E-01   0.18201E-01   0.17844E-01
 2135.98   0.19092E-01   0.18030E-01   0.17679E-01
 2149.59   0.18929E-01   0.17862E-01   0.17516E-01
 2163.19   0.18767E-01   0.17696E-01   0.17355E-01
 2176.80   0.18607E-01   0.17532E-01   0.17196E-01
 2190.40   0.18449E-01   0.17369E-01   0.17039E-01
 2204.01   0.18293E-01   0.17209E-01   0.16884E-01
 2217.61   0.18138E-01   0.17051E-01   0.16731E-01
 2231.22   0.17985E-01   0.16894E-01   0.16580E-01
 2244.82   0.17834E-01   0.16740E-01   0.16431E-01
 2258.43   0.17685E-01   0.16587E-01   0.16284E-01
 2272.03   0.17537E-01   0.16437E-01   0.16138E-01
 2285.64   0.17391E-01   0.16288E-01   0.15994E-01
 2299.24   0.17247E-01   0.16141E-01   0.15852E-01
 2312.85   0.17104E-01   0.15995E-01   0.15712E-01
 2326.45   0.16962E-01   0.15851E-01   0.15573E-01
 2340.06   0.16823E-01   0.15710E-01   0.15437E-01
 2353.66   0.16685E-01   0.15570E-01   0.15302E-01
 2367.27   0.16548E-01   0.15432E-01   0.15168E-01
 2380.87   0.16413E-01   0.15295E-01   0.15036E-01
 2394.48   0.16279E-01   0.15160E-01   0.14906E-01
 2408.08   0.16147E-01   0.15026E-01   0.14777E-01
 2421.69   0.16016E-01   0.14893E-01   0.14649E-01
 2435.29   0.15887E-01   0.14764E-01   0.14524E-01
 2448.90   0.15759E-01   0.14635E-01   0.14400E-01
 2462.50   0.15632E-01   0.14507E-01   0.14277E-01
 2476.11   0.15507E-01   0.14381E-01   0.14156E-01
 2489.71   0.15383E-01   0.14257E-01   0.14036E-01
 2503.32   0.15260E-01   0.14133E-01   0.13917E-01
 2516.92   0.15138E-01   0.14011E-01   0.13799E-01
 2530.53   0.15019E-01   0.13892E-01   0.13685E-01
 2544.13   0.14899E-01   0.13773E-01   0.13570E-01
 2557.74   0.14781E-01   0.13655E-01   0.13457E-01
 2571.34   0.14665E-01   0.13539E-01   0.13345E-01
 2584.95   0.14549E-01   0.13424E-01   0.13234E-01
 2598.55   0.14435E-01   0.13310E-01   0.13124E-01
 2612.16   0.14321E-01   0.13197E-01   0.13016E-01
 2625.76   0.14210E-01   0.13087E-01   0.12910E-01
 2639.37   0.14099E-01   0.12977E-01   0.12804E-01
 2652.97   0.13989E-01   0.12868E-01   0.12699E-01
 2666.58   0.13880E-01   0.12761E-01   0.12596E-01
 2680.18   0.13773E-01   0.12654E-01   0.12493E-01
 2693.79   0.13667E-01   0.12549E-01   0.12392E-01
 2707.39   0.13561E-01   0.12445E-01   0.12292E-01
 2721.00   0.13457E-01   0.12343E-01   0.12194E-01
 2734.60   0.13354E-01   0.12241E-01   0.12096E-01
 2748.21   0.13251E-01   0.12141E-01   0.11999E-01
 2761.81   0.13150E-01   0.12041E-01   0.11904E-01
 2775.42   0.13049E-01   0.11943E-01   0.11809E-01
 2789.02   0.12950E-01   0.11845E-01   0.11715E-01
 2802.63   0.12852E-01   0.11749E-01   0.11623E-01
 2816.23   0.12755E-01   0.11654E-01   0.11532E-01
 2829.84   0.12658E-01   0.11560E-01   0.11441E-01
 2843.44   0.12563E-01   0.11467E-01   0.11352E-01
 2857.05   0.12468E-01   0.11375E-01   0.11263E-01
 2870.65   0.12374E-01   0.11284E-01   0.11175E-01
 2884.26   0.12281E-01   0.11193E-01   0.11089E-01
 2897.86   0.12189E-01   0.11104E-01   0.11003E-01
 2911.47   0.12098E-01   0.11016E-01   0.10918E-01
 2925.07   0.12008E-01   0.10929E-01   0.10834E-01
 2938.68   0.11919E-01   0.10842E-01   0.10751E-01
 2952.28   0.11831E-01   0.10757E-01   0.10669E-01
 2965.89   0.11743E-01   0.10672E-01   0.10588E-01
 2979.49   0.11656E-01   0.10588E-01   0.10507E-01
 2993.10   0.11569E-01   0.10505E-01   0.10427E-01
 3006.70   0.11484E-01   0.10423E-01   0.10348E-01
 3020.31   0.11399E-01   0.10342E-01   0.10270E-01
 3033.91   0.11316E-01   0.10262E-01   0.10193E-01
 3047.52   0.11233E-01   0.10182E-01   0.10117E-01
 3061.12   0.11151E-01   0.10104E-01   0.10041E-01
 3074.73   0.11069E-01   0.10026E-01   0.99663E-02
 3088.33   0.10988E-01   0.99488E-02   0.98920E-02
 3101.94   0.10908E-01   0.98723E-02   0.98184E-02
 3115.54   0.10828E-01   0.97963E-02   0.97454E-02
 3129.15   0.10749E-01   0.97209E-02   0.96728E-02
 3142.75   0.10672E-01   0.96485E-02   0.96032E-02
 3156.36   0.10595E-01   0.95750E-02   0.95325E-02
 3169.96   0.10518E-01   0.95026E-02   0.94629E-02
 3183.57   0.10443E-01   0.94309E-02   0.93940E-02
 3197.17   0.10367E-01   0.93599E-02   0.93257E-02
 3210.78   0.10293E-01   0.92894E-02   0.92579E-02
 3224.38   0.10218E-01   0.92193E-02   0.91905E-02
 3237.99   0.10144E-01   0.91493E-02   0.91231E-02
 3251.59   0.10074E-01   0.90833E-02   0.90597E-02
 3265.20   0.10001E-01   0.90153E-02   0.89942E-02
 3278.80   0.99297E-02   0.89483E-02   0.89297E-02
 3292.41   0.98590E-02   0.88821E-02   0.88660E-02
 3306.01   0.97889E-02   0.88167E-02   0.88031E-02
 3319.62   0.97194E-02   0.87518E-02   0.87406E-02
 3333.22   0.96501E-02   0.86872E-02   0.86785E-02
 3346.83   0.95808E-02   0.86228E-02   0.86164E-02
 3360.43   0.95153E-02   0.85618E-02   0.85578E-02
 3374.04   0.94472E-02   0.84986E-02   0.84969E-02
 3387.64   0.93801E-02   0.84365E-02   0.84371E-02
 3401.25   0.93138E-02   0.83752E-02   0.83780E-02
 3414.85   0.92483E-02   0.83146E-02   0.83196E-02
 3428.46   0.91833E-02   0.82546E-02   0.82619E-02
 3442.06   0.91188E-02   0.81952E-02   0.82047E-02
 3455.67   0.90542E-02   0.81358E-02   0.81473E-02
 3469.27   0.89928E-02   0.80793E-02   0.80930E-02
 3482.88   0.89289E-02   0.80207E-02   0.80365E-02
 3496.48   0.88661E-02   0.79632E-02   0.79810E-02
 3510.09   0.88038E-02   0.79062E-02   0.79261E-02
 3523.69   0.87422E-02   0.78500E-02   0.78718E-02
 3537.30   0.86813E-02   0.77943E-02   0.78182E-02
 3550.90   0.86209E-02   0.77394E-02   0.77652E-02
 3564.51   0.85611E-02   0.76849E-02   0.77127E-02
 3578.11   0.85012E-02   0.76305E-02   0.76602E-02
 3591.72   0.84431E-02   0.75779E-02   0.76095E-02
 3605.32   0.83844E-02   0.75248E-02   0.75582E-02
 3618.93   0.83261E-02   0.74721E-02   0.75073E-02
 3632.53   0.82682E-02   0.74198E-02   0.74568E-02
 3646.14   0.82109E-02   0.73681E-02   0.74068E-02
 3659.74   0.81540E-02   0.73169E-02   0.73574E-02
 3673.35   0.80978E-02   0.72664E-02   0.73086E-02
 3686.95   0.80422E-02   0.72165E-02   0.72604E-02
 3700.56   0.79870E-02   0.71670E-02   0.72126E-02
 3714.16   0.79323E-02   0.71180E-02   0.71653E-02
 3727.77   0.78778E-02   0.70694E-02   0.71182E-02
 3741.37   0.78236E-02   0.70210E-02   0.70715E-02
 3754.98   0.77697E-02   0.69730E-02   0.70250E-02
 3768.58   0.77162E-02   0.69253E-02   0.69789E-02
 3782.19   0.76630E-02   0.68781E-02   0.69332E-02
 3795.79   0.76104E-02   0.68315E-02   0.68881E-02
 3809.40   0.75585E-02   0.67855E-02   0.68435E-02
 3823.00   0.75073E-02   0.67402E-02   0.67998E-02
 3836.61   0.74562E-02   0.66951E-02   0.67560E-02
 3850.21   0.74055E-02   0.66503E-02   0.67127E-02
 3863.82   0.73550E-02   0.66059E-02   0.66696E-02
 3877.42   0.73048E-02   0.65617E-02   0.66268E-02
 3891.03   0.72548E-02   0.65178E-02   0.65842E-02
 3904.63   0.72050E-02   0.64742E-02   0.65419E-02
 3918.24   0.71555E-02   0.64307E-02   0.64998E-02
 3931.84   0.71063E-02   0.63878E-02   0.64581E-02
 3945.45   0.70599E-02   0.63472E-02   0.64188E-02
 3959.05   0.70118E-02   0.63053E-02   0.63781E-02
 3972.66   0.69644E-02   0.62640E-02   0.63380E-02
 3986.26   0.69174E-02   0.62231E-02   0.62983E-02
 3999.87   0.68706E-02   0.61825E-02   0.62588E-02
 4013.47   0.68240E-02   0.61421E-02   0.62195E-02
 4027.08   0.67775E-02   0.61018E-02   0.61804E-02
 4040.68   0.67309E-02   0.60614E-02   0.61411E-02
 4054.29   0.66840E-02   0.60209E-02   0.61016E-02
 4067.89   0.66422E-02   0.59849E-02   0.60668E-02
 4081.50   0.65969E-02   0.59459E-02   0.60287E-02
 4095.10   0.65524E-02   0.59076E-02   0.59915E-02
 4108.71   0.65085E-02   0.58698E-02   0.59547E-02
 4122.31   0.64649E-02   0.58324E-02   0.59183E-02
 4135.92   0.64215E-02   0.57952E-02   0.58820E-02
 4149.52   0.63782E-02   0.57582E-02   0.58459E-02
 4163.13   0.63347E-02   0.57209E-02   0.58096E-02
 4176.73   0.62909E-02   0.56834E-02   0.57730E-02
 4190.34   0.62522E-02   0.56506E-02   0.57410E-02
 4203.94   0.62095E-02   0.56141E-02   0.57054E-02
 4217.55   0.61676E-02   0.55785E-02   0.56707E-02
 4231.15   0.61263E-02   0.55434E-02   0.56364E-02
 4244.76   0.60855E-02   0.55088E-02   0.56026E-02
 4258.36   0.60451E-02   0.54745E-02   0.55691E-02
 4271.97   0.60049E-02   0.54404E-02   0.55358E-02
 4285.57   0.59646E-02   0.54064E-02   0.55025E-02
 4299.18   0.59242E-02   0.53722E-02   0.54690E-02
 4312.78   0.58875E-02   0.53413E-02   0.54389E-02
 4326.39   0.58473E-02   0.53074E-02   0.54057E-02
 4339.99   0.58080E-02   0.52743E-02   0.53732E-02
 4353.60   0.57691E-02   0.52416E-02   0.53411E-02
 4367.20   0.57307E-02   0.52093E-02   0.53095E-02
 4380.81   0.56928E-02   0.51774E-02   0.52783E-02
 4394.41   0.56552E-02   0.51459E-02   0.52474E-02
 4408.02   0.56179E-02   0.51147E-02   0.52168E-02
 4421.62   0.55805E-02   0.50834E-02   0.51861E-02
 4435.23   0.55458E-02   0.50545E-02   0.51578E-02
 4448.83   0.55081E-02   0.50230E-02   0.51268E-02
 4462.44   0.54714E-02   0.49924E-02   0.50967E-02
 4476.04   0.54350E-02   0.49620E-02   0.50669E-02
 4489.65   0.53989E-02   0.49319E-02   0.50373E-02
 4503.25   0.53631E-02   0.49022E-02   0.50080E-02
 4516.86   0.53278E-02   0.48728E-02   0.49791E-02
 4530.46   0.52928E-02   0.48438E-02   0.49506E-02
 4544.07   0.52582E-02   0.48151E-02   0.49224E-02
 4557.67   0.52238E-02   0.47866E-02   0.48943E-02
 4571.28   0.51899E-02   0.47587E-02   0.48668E-02
 4584.88   0.51560E-02   0.47306E-02   0.48391E-02
 4598.49   0.51221E-02   0.47027E-02   0.48115E-02
 4612.09   0.50884E-02   0.46748E-02   0.47841E-02
 4625.70   0.50548E-02   0.46471E-02   0.47567E-02
 4639.30   0.50215E-02   0.46196E-02   0.47296E-02
 4652.91   0.49884E-02   0.45925E-02   0.47027E-02
 4666.51   0.49558E-02   0.45656E-02   0.46762E-02
 4680.12   0.49235E-02   0.45391E-02   0.46500E-02
 4693.72   0.48917E-02   0.45131E-02   0.46243E-02
 4707.33   0.48600E-02   0.44872E-02   0.45986E-02
 4720.93   0.48286E-02   0.44614E-02   0.45732E-02
 4734.54   0.47972E-02   0.44358E-02   0.45478E-02
 4748.14   0.47660E-02   0.44102E-02   0.45225E-02
 4761.75   0.47348E-02   0.43848E-02   0.44972E-02
 4775.35   0.47037E-02   0.43594E-02   0.44721E-02
 4788.96   0.46729E-02   0.43342E-02   0.44471E-02
 4802.56   0.46422E-02   0.43092E-02   0.44222E-02
 4816.17   0.46114E-02   0.42840E-02   0.43973E-02
 4829.77   0.45837E-02   0.42618E-02   0.43753E-02
 4843.38   0.45533E-02   0.42370E-02   0.43506E-02
 4856.98   0.45239E-02   0.42131E-02   0.43269E-02
 4870.59   0.44947E-02   0.41895E-02   0.43034E-02
 4884.19   0.44658E-02   0.41660E-02   0.42801E-02
 4897.80   0.44368E-02   0.41426E-02   0.42568E-02
 4911.40   0.44080E-02   0.41193E-02   0.42335E-02
 4925.01   0.43791E-02   0.40959E-02   0.42102E-02
 4938.61   0.43503E-02   0.40725E-02   0.41869E-02
 4952.22   0.43205E-02   0.40483E-02   0.41627E-02
 4965.82   0.42971E-02   0.40300E-02   0.41446E-02
 4979.43   0.42678E-02   0.40062E-02   0.41208E-02
 4993.03   0.42401E-02   0.39838E-02   0.40985E-02
 5006.64   0.42128E-02   0.39619E-02   0.40766E-02
 5020.24   0.41859E-02   0.39403E-02   0.40550E-02
 5033.85   0.41590E-02   0.39188E-02   0.40335E-02
 5047.45   0.41323E-02   0.38973E-02   0.40120E-02
 5061.06   0.41055E-02   0.38758E-02   0.39905E-02
 5074.66   0.40786E-02   0.38541E-02   0.39688E-02
 5088.27   0.40504E-02   0.38313E-02   0.39458E-02
 5101.87   0.40305E-02   0.38163E-02   0.39310E-02
 5115.48   0.40019E-02   0.37930E-02   0.39075E-02
 5129.08   0.39757E-02   0.37720E-02   0.38865E-02
 5142.69   0.39500E-02   0.37515E-02   0.38659E-02
 5156.29   0.39248E-02   0.37314E-02   0.38457E-02
 5169.90   0.38998E-02   0.37115E-02   0.38257E-02
 5183.50   0.38750E-02   0.36917E-02   0.38059E-02
 5197.11   0.38502E-02   0.36720E-02   0.37861E-02
 5210.71   0.38254E-02   0.36522E-02   0.37662E-02
 5224.32   0.37998E-02   0.36317E-02   0.37455E-02
 5237.92   0.37734E-02   0.36104E-02   0.37240E-02
 5251.53   0.37540E-02   0.35958E-02   0.37094E-02
 5265.13   0.37293E-02   0.35761E-02   0.36895E-02
 5278.74   0.37052E-02   0.35569E-02   0.36701E-02
 5292.34   0.36814E-02   0.35380E-02   0.36511E-02
 5305.95   0.36579E-02   0.35194E-02   0.36324E-02
 5319.55   0.36348E-02   0.35011E-02   0.36139E-02
 5333.16   0.36118E-02   0.34830E-02   0.35956E-02
 5346.76   0.35889E-02   0.34649E-02   0.35773E-02
 5360.37   0.35659E-02   0.34467E-02   0.35589E-02
 5373.97   0.35425E-02   0.34282E-02   0.35401E-02
 5387.58   0.35225E-02   0.34128E-02   0.35246E-02
 5401.18   0.34994E-02   0.33945E-02   0.35061E-02
 5414.79   0.34768E-02   0.33766E-02   0.34879E-02
 5428.39   0.34545E-02   0.33590E-02   0.34700E-02
 5442.00   0.34324E-02   0.33415E-02   0.34523E-02
 5455.60   0.34105E-02   0.33243E-02   0.34349E-02
 5469.21   0.33890E-02   0.33074E-02   0.34177E-02
 5482.81   0.33677E-02   0.32907E-02   0.34007E-02
 5496.42   0.33466E-02   0.32742E-02   0.33839E-02
 5510.02   0.33253E-02   0.32575E-02   0.33669E-02
 5523.63   0.33057E-02   0.32423E-02   0.33515E-02
 5537.23   0.32844E-02   0.32256E-02   0.33345E-02
 5550.84   0.32635E-02   0.32092E-02   0.33178E-02
 5564.44   0.32428E-02   0.31928E-02   0.33011E-02
 5578.05   0.32221E-02   0.31766E-02   0.32845E-02
 5591.65   0.32015E-02   0.31604E-02   0.32681E-02
 5605.26   0.31812E-02   0.31445E-02   0.32518E-02
 5618.86   0.31611E-02   0.31287E-02   0.32357E-02
 5632.47   0.31413E-02   0.31132E-02   0.32199E-02
 5646.07   0.31217E-02   0.30980E-02   0.32043E-02
 5659.68   0.31023E-02   0.30829E-02   0.31889E-02
 5673.28   0.30831E-02   0.30679E-02   0.31736E-02
 5686.89   0.30640E-02   0.30530E-02   0.31583E-02
 5700.49   0.30449E-02   0.30381E-02   0.31430E-02
 5714.10   0.30258E-02   0.30232E-02   0.31277E-02
 5727.70   0.30067E-02   0.30082E-02   0.31124E-02
 5741.31   0.29876E-02   0.29933E-02   0.30971E-02
 5754.91   0.29687E-02   0.29785E-02   0.30819E-02
 5768.52   0.29499E-02   0.29638E-02   0.30668E-02
 5782.12   0.29314E-02   0.29493E-02   0.30519E-02
 5795.73   0.29130E-02   0.29349E-02   0.30371E-02
 5809.33   0.28951E-02   0.29211E-02   0.30229E-02
 5822.94   0.28776E-02   0.29075E-02   0.30089E-02
 5836.54   0.28598E-02   0.28937E-02   0.29947E-02
 5850.15   0.28422E-02   0.28800E-02   0.29806E-02
 5863.75   0.28247E-02   0.28663E-02   0.29665E-02
 5877.36   0.28071E-02   0.28526E-02   0.29524E-02
 5890.96   0.27896E-02   0.28389E-02   0.29382E-02
 5904.57   0.27720E-02   0.28252E-02   0.29240E-02
 5918.17   0.27545E-02   0.28115E-02   0.29099E-02
 5931.78   0.27371E-02   0.27977E-02   0.28957E-02
 5945.38   0.27193E-02   0.27837E-02   0.28812E-02
 5958.99   0.27025E-02   0.27706E-02   0.28676E-02
 5972.59   0.26877E-02   0.27595E-02   0.28562E-02
 5986.20   0.26710E-02   0.27464E-02   0.28426E-02
 5999.80   0.26546E-02   0.27337E-02   0.28294E-02
 6013.41   0.26384E-02   0.27211E-02   0.28163E-02
 6027.01   0.26223E-02   0.27085E-02   0.28033E-02
 6040.62   0.26062E-02   0.26959E-02   0.27902E-02
 6054.22   0.25900E-02   0.26833E-02   0.27771E-02
 6067.83   0.25739E-02   0.26706E-02   0.27639E-02
 6081.43   0.25575E-02   0.26577E-02   0.27505E-02
 6095.04   0.25406E-02   0.26442E-02   0.27364E-02
 6108.64   0.25244E-02   0.26313E-02   0.27231E-02
 6122.25   0.25124E-02   0.26229E-02   0.27142E-02
 6135.85   0.24965E-02   0.26102E-02   0.27011E-02
 6149.46   0.24811E-02   0.25982E-02   0.26885E-02
 6163.06   0.24660E-02   0.25864E-02   0.26762E-02
 6176.67   0.24512E-02   0.25748E-02   0.26641E-02
 6190.27   0.24364E-02   0.25632E-02   0.26521E-02
 6203.88   0.24216E-02   0.25517E-02   0.26400E-02
 6217.48   0.24068E-02   0.25401E-02   0.26279E-02
 6231.09   0.23919E-02   0.25282E-02   0.26155E-02
 6244.69   0.23763E-02   0.25157E-02   0.26024E-02
 6258.30   0.23611E-02   0.25036E-02   0.25897E-02
 6271.90   0.23507E-02   0.24964E-02   0.25822E-02
 6285.51   0.23354E-02   0.24842E-02   0.25694E-02
 6299.11   0.23210E-02   0.24727E-02   0.25573E-02
 6312.72   0.23068E-02   0.24615E-02   0.25456E-02
 6326.32   0.22930E-02   0.24506E-02   0.25342E-02
 6339.93   0.22793E-02   0.24399E-02   0.25229E-02
 6353.53   0.22658E-02   0.24293E-02   0.25118E-02
 6367.14   0.22523E-02   0.24187E-02   0.25006E-02
 6380.74   0.22388E-02   0.24080E-02   0.24894E-02
 6394.35   0.22249E-02   0.23969E-02   0.24778E-02
 6407.95   0.22111E-02   0.23859E-02   0.24661E-02
 6421.56   0.22012E-02   0.23790E-02   0.24588E-02
 6435.16   0.21868E-02   0.23672E-02   0.24465E-02
 6448.77   0.21733E-02   0.23564E-02   0.24350E-02
 6462.37   0.21601E-02   0.23458E-02   0.24239E-02
 6475.98   0.21471E-02   0.23355E-02   0.24129E-02
 6489.58   0.21343E-02   0.23253E-02   0.24022E-02
 6503.19   0.21217E-02   0.23153E-02   0.23917E-02
 6516.79   0.21093E-02   0.23055E-02   0.23813E-02
 6530.40   0.20970E-02   0.22958E-02   0.23710E-02
 6544.00   0.20847E-02   0.22860E-02   0.23607E-02
 6557.61   0.20720E-02   0.22757E-02   0.23498E-02
 6571.21   0.20588E-02   0.22649E-02   0.23384E-02
 6584.82   0.20493E-02   0.22582E-02   0.23311E-02
 6598.42   0.20370E-02   0.22482E-02   0.23206E-02
 6612.03   0.20248E-02   0.22383E-02   0.23101E-02
 6625.63   0.20127E-02   0.22286E-02   0.22998E-02
 6639.24   0.20007E-02   0.22189E-02   0.22896E-02
 6652.84   0.19889E-02   0.22094E-02   0.22795E-02
 6666.45   0.19773E-02   0.22001E-02   0.22696E-02
 6680.05   0.19659E-02   0.21909E-02   0.22599E-02
 6693.66   0.19546E-02   0.21820E-02   0.22503E-02
 6707.26   0.19435E-02   0.21730E-02   0.22408E-02
 6720.87   0.19323E-02   0.21641E-02   0.22312E-02
 6734.47   0.19218E-02   0.21558E-02   0.22224E-02
 6748.08   0.19107E-02   0.21468E-02   0.22128E-02
 6761.68   0.18997E-02   0.21379E-02   0.22033E-02
 6775.29   0.18887E-02   0.21290E-02   0.21938E-02
 6788.89   0.18776E-02   0.21200E-02   0.21842E-02
 6802.50   0.18667E-02   0.21110E-02   0.21747E-02
 6816.10   0.18558E-02   0.21021E-02   0.21652E-02
 6829.71   0.18450E-02   0.20934E-02   0.21558E-02
 6843.31   0.18344E-02   0.20847E-02   0.21466E-02
 6856.92   0.18240E-02   0.20763E-02   0.21375E-02
 6870.52   0.18138E-02   0.20680E-02   0.21286E-02
 6884.13   0.18038E-02   0.20599E-02   0.21200E-02
 6897.73   0.17937E-02   0.20518E-02   0.21113E-02
 6911.34   0.17838E-02   0.20437E-02   0.21026E-02
 6924.94   0.17739E-02   0.20356E-02   0.20939E-02
 6938.55   0.17639E-02   0.20275E-02   0.20852E-02
 6952.15   0.17539E-02   0.20193E-02   0.20764E-02
 6965.76   0.17439E-02   0.20110E-02   0.20676E-02
 6979.36   0.17339E-02   0.20027E-02   0.20587E-02
 6992.97   0.17240E-02   0.19945E-02   0.20498E-02
 7006.57   0.17141E-02   0.19863E-02   0.20410E-02
 7020.18   0.17043E-02   0.19781E-02   0.20322E-02
 7033.78   0.16945E-02   0.19698E-02   0.20234E-02
 7047.39   0.16855E-02   0.19625E-02   0.20155E-02
 7060.99   0.16769E-02   0.19557E-02   0.20081E-02
 7074.60   0.16677E-02   0.19481E-02   0.19998E-02
 7088.20   0.16586E-02   0.19406E-02   0.19917E-02
 7101.81   0.16496E-02   0.19331E-02   0.19837E-02
 7115.41   0.16405E-02   0.19256E-02   0.19756E-02
 7129.02   0.16315E-02   0.19181E-02   0.19675E-02
 7142.62   0.16224E-02   0.19104E-02   0.19592E-02
 7156.23   0.16133E-02   0.19027E-02   0.19509E-02
 7169.83   0.16041E-02   0.18950E-02   0.19426E-02
 7183.44   0.15949E-02   0.18871E-02   0.19341E-02
 7197.04   0.15851E-02   0.18785E-02   0.19249E-02
 7210.65   0.15767E-02   0.18714E-02   0.19172E-02
 7224.25   0.15704E-02   0.18669E-02   0.19122E-02
 7237.86   0.15615E-02   0.18593E-02   0.19040E-02
 7251.46   0.15531E-02   0.18522E-02   0.18962E-02
 7265.07   0.15448E-02   0.18452E-02   0.18887E-02
 7278.67   0.15366E-02   0.18383E-02   0.18812E-02
 7292.28   0.15284E-02   0.18314E-02   0.18737E-02
 7305.88   0.15202E-02   0.18245E-02   0.18662E-02
 7319.49   0.15120E-02   0.18174E-02   0.18585E-02
 7333.09   0.15037E-02   0.18102E-02   0.18507E-02
 7346.70   0.14951E-02   0.18028E-02   0.18427E-02
 7360.30   0.14859E-02   0.17944E-02   0.18337E-02
 7373.91   0.14778E-02   0.17874E-02   0.18261E-02
 7387.51   0.14733E-02   0.17847E-02   0.18229E-02
 7401.12   0.14647E-02   0.17771E-02   0.18146E-02
 7414.72   0.14567E-02   0.17701E-02   0.18071E-02
 7428.33   0.14490E-02   0.17634E-02   0.17998E-02
 7441.93   0.14414E-02   0.17569E-02   0.17927E-02
 7455.54   0.14340E-02   0.17505E-02   0.17857E-02
 7469.14   0.14266E-02   0.17441E-02   0.17788E-02
 7482.75   0.14192E-02   0.17377E-02   0.17718E-02
 7496.35   0.14117E-02   0.17312E-02   0.17647E-02
 7509.96   0.14041E-02   0.17245E-02   0.17574E-02
 7523.56   0.13960E-02   0.17171E-02   0.17494E-02
 7537.17   0.13884E-02   0.17103E-02   0.17420E-02
 7550.77   0.13848E-02   0.17084E-02   0.17396E-02
 7564.38   0.13764E-02   0.17006E-02   0.17312E-02
 7577.98   0.13688E-02   0.16938E-02   0.17238E-02
 7591.59   0.13615E-02   0.16873E-02   0.17167E-02
 7605.19   0.13545E-02   0.16810E-02   0.17099E-02
 7618.80   0.13476E-02   0.16749E-02   0.17032E-02
 7632.40   0.13408E-02   0.16689E-02   0.16966E-02
 7646.01   0.13341E-02   0.16630E-02   0.16902E-02
 7659.61   0.13274E-02   0.16571E-02   0.16837E-02
 7673.22   0.13207E-02   0.16512E-02   0.16772E-02
 7686.82   0.13139E-02   0.16450E-02   0.16704E-02
 7700.43   0.13057E-02   0.16371E-02   0.16620E-02
 7714.03   0.13039E-02   0.16372E-02   0.16616E-02
 7727.64   0.12956E-02   0.16291E-02   0.16529E-02
 7741.24   0.12887E-02   0.16227E-02   0.16459E-02
 7754.85   0.12819E-02   0.16164E-02   0.16391E-02
 7768.45   0.12753E-02   0.16104E-02   0.16325E-02
 7782.06   0.12688E-02   0.16044E-02   0.16260E-02
 7795.66   0.12625E-02   0.15987E-02   0.16196E-02
 7809.27   0.12563E-02   0.15930E-02   0.16135E-02
 7822.87   0.12502E-02   0.15875E-02   0.16074E-02
 7836.48   0.12442E-02   0.15821E-02   0.16014E-02
 7850.08   0.12383E-02   0.15767E-02   0.15954E-02
 7863.69   0.12322E-02   0.15711E-02   0.15893E-02
 7877.29   0.12260E-02   0.15653E-02   0.15830E-02
 7890.90   0.12214E-02   0.15616E-02   0.15787E-02
 7904.50   0.12153E-02   0.15558E-02   0.15724E-02
 7918.11   0.12092E-02   0.15501E-02   0.15662E-02
 7931.71   0.12033E-02   0.15445E-02   0.15600E-02
 7945.32   0.11973E-02   0.15388E-02   0.15538E-02
 7958.92   0.11914E-02   0.15332E-02   0.15477E-02
 7972.53   0.11856E-02   0.15277E-02   0.15416E-02
 7986.13   0.11799E-02   0.15224E-02   0.15357E-02
 7999.74   0.11743E-02   0.15171E-02   0.15299E-02
 8013.34   0.11689E-02   0.15120E-02   0.15243E-02
 8026.95   0.11635E-02   0.15070E-02   0.15187E-02
 8040.55   0.11582E-02   0.15021E-02   0.15133E-02
 8054.16   0.11529E-02   0.14969E-02   0.15076E-02
 8067.76   0.11479E-02   0.14924E-02   0.15025E-02
 8081.37   0.11427E-02   0.14874E-02   0.14970E-02
 8094.97   0.11374E-02   0.14824E-02   0.14915E-02
 8108.58   0.11321E-02   0.14773E-02   0.14858E-02
 8122.18   0.11268E-02   0.14721E-02   0.14801E-02
 8135.79   0.11215E-02   0.14669E-02   0.14744E-02
 8149.39   0.11162E-02   0.14617E-02   0.14687E-02
 8163.00   0.11110E-02   0.14565E-02   0.14630E-02
 8176.60   0.11058E-02   0.14514E-02   0.14574E-02
 8190.21   0.11008E-02   0.14465E-02   0.14519E-02
 8203.81   0.10958E-02   0.14416E-02   0.14466E-02
 8217.42   0.10908E-02   0.14367E-02   0.14411E-02
 8231.02   0.10867E-02   0.14328E-02   0.14368E-02
 8244.63   0.10819E-02   0.14281E-02   0.14315E-02
 8258.23   0.10772E-02   0.14235E-02   0.14264E-02
 8271.84   0.10726E-02   0.14189E-02   0.14214E-02
 8285.44   0.10680E-02   0.14143E-02   0.14163E-02
 8299.05   0.10633E-02   0.14096E-02   0.14111E-02
 8312.65   0.10586E-02   0.14048E-02   0.14058E-02
 8326.26   0.10538E-02   0.14000E-02   0.14004E-02
 8339.86   0.10490E-02   0.13951E-02   0.13950E-02
 8353.47   0.10443E-02   0.13902E-02   0.13896E-02
 8367.07   0.10395E-02   0.13853E-02   0.13843E-02
 8380.68   0.10348E-02   0.13803E-02   0.13788E-02
 8394.28   0.10290E-02   0.13740E-02   0.13720E-02
 8407.89   0.10278E-02   0.13737E-02   0.13712E-02
 8421.49   0.10228E-02   0.13683E-02   0.13653E-02
 8435.10   0.10185E-02   0.13638E-02   0.13604E-02
 8448.70   0.10143E-02   0.13595E-02   0.13556E-02
 8462.31   0.10102E-02   0.13552E-02   0.13508E-02
 8475.91   0.10061E-02   0.13510E-02   0.13461E-02
 8489.52   0.10020E-02   0.13466E-02   0.13413E-02
 8503.12   0.99777E-03   0.13422E-02   0.13364E-02
 8516.73   0.99354E-03   0.13377E-02   0.13314E-02
 8530.33   0.98924E-03   0.13330E-02   0.13263E-02
 8543.94   0.98486E-03   0.13283E-02   0.13211E-02
 8557.54   0.98028E-03   0.13232E-02   0.13156E-02
 8571.15   0.97408E-03   0.13159E-02   0.13078E-02
 8584.75   0.97605E-03   0.13197E-02   0.13111E-02
 8598.36   0.97020E-03   0.13128E-02   0.13037E-02
 8611.96   0.96598E-03   0.13081E-02   0.12986E-02
 8625.57   0.96208E-03   0.13038E-02   0.12939E-02
 8639.17   0.95835E-03   0.12998E-02   0.12894E-02
 8652.78   0.95469E-03   0.12958E-02   0.12849E-02
 8666.38   0.95108E-03   0.12918E-02   0.12805E-02
 8679.99   0.94745E-03   0.12878E-02   0.12761E-02
 8693.59   0.94378E-03   0.12837E-02   0.12716E-02
 8707.20   0.94004E-03   0.12795E-02   0.12669E-02
 8720.80   0.93617E-03   0.12751E-02   0.12621E-02
 8734.41   0.93204E-03   0.12703E-02   0.12569E-02
 8748.01   0.92670E-03   0.12639E-02   0.12500E-02
 8761.62   0.92340E-03   0.12602E-02   0.12459E-02
 8775.22   0.92356E-03   0.12612E-02   0.12464E-02
 8788.83   0.91936E-03   0.12562E-02   0.12410E-02
 8802.43   0.91563E-03   0.12519E-02   0.12363E-02
 8816.04   0.91212E-03   0.12478E-02   0.12318E-02
 8829.64   0.90876E-03   0.12439E-02   0.12274E-02
 8843.25   0.90550E-03   0.12401E-02   0.12233E-02
 8856.85   0.90230E-03   0.12364E-02   0.12191E-02
 8870.46   0.89914E-03   0.12327E-02   0.12150E-02
 8884.06   0.89595E-03   0.12290E-02   0.12109E-02
 8897.67   0.89268E-03   0.12251E-02   0.12066E-02
 8911.27   0.88924E-03   0.12210E-02   0.12020E-02
 8924.88   0.88522E-03   0.12160E-02   0.11967E-02
 8938.48   0.88189E-03   0.12120E-02   0.11923E-02
 8952.09   0.88214E-03   0.12128E-02   0.11927E-02
 8965.69   0.87797E-03   0.12076E-02   0.11871E-02
 8979.30   0.87445E-03   0.12033E-02   0.11824E-02
 8992.90   0.87114E-03   0.11992E-02   0.11779E-02
 9006.51   0.86798E-03   0.11953E-02   0.11736E-02
 9020.11   0.86494E-03   0.11915E-02   0.11695E-02
 9033.72   0.86201E-03   0.11879E-02   0.11655E-02
 9047.32   0.85917E-03   0.11844E-02   0.11616E-02
 9060.93   0.85640E-03   0.11810E-02   0.11577E-02
 9074.53   0.85364E-03   0.11775E-02   0.11539E-02
 9088.14   0.85085E-03   0.11740E-02   0.11500E-02
 9101.74   0.84789E-03   0.11702E-02   0.11459E-02
 9115.35   0.84382E-03   0.11649E-02   0.11402E-02
 9128.95   0.84523E-03   0.11672E-02   0.11420E-02
 9142.56   0.84097E-03   0.11615E-02   0.11360E-02
 9156.16   0.83784E-03   0.11575E-02   0.11316E-02
 9169.77   0.83486E-03   0.11536E-02   0.11274E-02
 9183.37   0.83195E-03   0.11498E-02   0.11232E-02
 9196.98   0.82912E-03   0.11461E-02   0.11191E-02
 9210.58   0.82636E-03   0.11424E-02   0.11152E-02
 9224.19   0.82370E-03   0.11389E-02   0.11113E-02
 9237.79   0.82114E-03   0.11355E-02   0.11075E-02
 9251.40   0.81867E-03   0.11322E-02   0.11039E-02
 9265.00   0.81627E-03   0.11290E-02   0.11003E-02
 9278.61   0.81391E-03   0.11258E-02   0.10968E-02
 9292.21   0.81149E-03   0.11225E-02   0.10932E-02
 9305.82   0.80898E-03   0.11191E-02   0.10894E-02
 9319.42   0.80751E-03   0.11171E-02   0.10871E-02
 9333.03   0.80496E-03   0.11136E-02   0.10832E-02
 9346.63   0.80249E-03   0.11102E-02   0.10795E-02
 9360.24   0.80000E-03   0.11068E-02   0.10757E-02
 9373.84   0.79750E-03   0.11033E-02   0.10719E-02
 9387.45   0.79500E-03   0.10998E-02   0.10681E-02
 9401.05   0.79252E-03   0.10963E-02   0.10643E-02
 9414.66   0.79010E-03   0.10928E-02   0.10605E-02
 9428.26   0.78775E-03   0.10895E-02   0.10569E-02
 9441.87   0.78549E-03   0.10863E-02   0.10533E-02
 9455.47   0.78333E-03   0.10831E-02   0.10499E-02
 9469.08   0.78125E-03   0.10801E-02   0.10466E-02
 9482.68   0.77924E-03   0.10772E-02   0.10433E-02
 9496.29   0.77727E-03   0.10743E-02   0.10401E-02
 9509.89   0.77533E-03   0.10714E-02   0.10369E-02
 9523.50   0.77337E-03   0.10685E-02   0.10337E-02
 9537.10   0.77138E-03   0.10655E-02   0.10304E-02
 9550.71   0.76934E-03   0.10625E-02   0.10270E-02
 9564.31   0.76725E-03   0.10593E-02   0.10236E-02
 9577.92   0.76511E-03   0.10561E-02   0.10201E-02
 9591.52   0.76295E-03   0.10528E-02   0.10165E-02
 9605.13   0.76077E-03   0.10495E-02   0.10130E-02
 9618.73   0.75861E-03   0.10462E-02   0.10094E-02
 9632.34   0.75650E-03   0.10430E-02   0.10059E-02
 9645.94   0.75445E-03   0.10398E-02   0.10024E-02
 9659.55   0.75244E-03   0.10367E-02   0.99903E-03
 9673.15   0.75036E-03   0.10334E-02   0.99551E-03
 9686.76   0.74903E-03   0.10312E-02   0.99300E-03
 9700.36   0.74759E-03   0.10288E-02   0.99031E-03
 9713.97   0.74581E-03   0.10260E-02   0.98717E-03
 9727.57   0.74411E-03   0.10232E-02   0.98413E-03
 9741.18   0.74243E-03   0.10204E-02   0.98110E-03
 9754.78   0.74072E-03   0.10176E-02   0.97801E-03
 9768.39   0.73896E-03   0.10147E-02   0.97486E-03
 9781.99   0.73714E-03   0.10117E-02   0.97162E-03
 9795.60   0.73527E-03   0.10086E-02   0.96829E-03
 9809.20   0.73335E-03   0.10055E-02   0.96491E-03
 9822.81   0.73141E-03   0.10023E-02   0.96147E-03
 9836.41   0.72944E-03   0.99906E-03   0.95800E-03
 9850.02   0.72739E-03   0.99570E-03   0.95441E-03
 9863.62   0.72485E-03   0.99165E-03   0.95017E-03
 9877.23   0.72400E-03   0.98990E-03   0.94813E-03
 9890.83   0.72398E-03   0.98927E-03   0.94717E-03
 9904.44   0.72205E-03   0.98601E-03   0.94370E-03
 9918.04   0.72045E-03   0.98320E-03   0.94066E-03
 9931.65   0.71897E-03   0.98054E-03   0.93776E-03
 9945.25   0.71753E-03   0.97793E-03   0.93491E-03
 9958.86   0.71610E-03   0.97531E-03   0.93205E-03
 9972.46   0.71463E-03   0.97263E-03   0.92915E-03
 9986.07   0.71311E-03   0.96987E-03   0.92616E-03
 9999.67   0.71152E-03   0.96700E-03   0.92308E-03
