  217.68   0.10870E+00   0.10961E+00   0.10268E+00
  231.28   0.10431E+00   0.10521E+00   0.98702E-01
  244.89   0.10016E+00   0.10105E+00   0.94930E-01
  258.49   0.96214E-01   0.97085E-01   0.91324E-01
  272.10   0.92476E-01   0.93336E-01   0.87901E-01
  285.70   0.88942E-01   0.89791E-01   0.84656E-01
  299.31   0.85585E-01   0.86423E-01   0.81564E-01
  312.91   0.82471E-01   0.83298E-01   0.78690E-01
  326.52   0.79510E-01   0.80326E-01   0.75951E-01
  340.12   0.76709E-01   0.77515E-01   0.73355E-01
  353.73   0.74039E-01   0.74835E-01   0.70875E-01
  367.33   0.71503E-01   0.72288E-01   0.68514E-01
  380.94   0.69088E-01   0.69863E-01   0.66262E-01
  394.54   0.66781E-01   0.67546E-01   0.64107E-01
  408.15   0.64591E-01   0.65345E-01   0.62057E-01
  421.75   0.62508E-01   0.63252E-01   0.60104E-01
  435.36   0.60522E-01   0.61257E-01   0.58240E-01
  448.96   0.58634E-01   0.59360E-01   0.56466E-01
  462.57   0.56841E-01   0.57557E-01   0.54777E-01
  476.17   0.55124E-01   0.55831E-01   0.53159E-01
  489.78   0.53475E-01   0.54173E-01   0.51603E-01
  503.38   0.51911E-01   0.52600E-01   0.50126E-01
  516.99   0.50406E-01   0.51086E-01   0.48702E-01
  530.59   0.48958E-01   0.49629E-01   0.47330E-01
  544.20   0.47578E-01   0.48240E-01   0.46022E-01
  557.80   0.46252E-01   0.46905E-01   0.44763E-01
  571.41   0.44981E-01   0.45626E-01   0.43556E-01
  585.01   0.43766E-01   0.44403E-01   0.42401E-01
  598.62   0.42595E-01   0.43223E-01   0.41286E-01
  612.22   0.41475E-01   0.42095E-01   0.40219E-01
  625.83   0.40396E-01   0.41008E-01   0.39190E-01
  639.43   0.39364E-01   0.39968E-01   0.38205E-01
  653.04   0.38365E-01   0.38961E-01   0.37251E-01
  666.64   0.37405E-01   0.37993E-01   0.36333E-01
  680.25   0.36480E-01   0.37061E-01   0.35448E-01
  693.85   0.35587E-01   0.36160E-01   0.34594E-01
  707.46   0.34726E-01   0.35291E-01   0.33768E-01
  721.06   0.33896E-01   0.34453E-01   0.32972E-01
  734.67   0.33097E-01   0.33647E-01   0.32205E-01
  748.27   0.32326E-01   0.32869E-01   0.31465E-01
  761.88   0.31581E-01   0.32117E-01   0.30750E-01
  775.48   0.30861E-01   0.31390E-01   0.30057E-01
  789.09   0.30169E-01   0.30691E-01   0.29392E-01
  802.69   0.29499E-01   0.30014E-01   0.28747E-01
  816.30   0.28851E-01   0.29359E-01   0.28122E-01
  829.90   0.28222E-01   0.28723E-01   0.27516E-01
  843.51   0.27616E-01   0.28111E-01   0.26932E-01
  857.11   0.27027E-01   0.27515E-01   0.26364E-01
  870.72   0.26458E-01   0.26939E-01   0.25813E-01
  884.32   0.25905E-01   0.26380E-01   0.25279E-01
  897.93   0.25372E-01   0.25841E-01   0.24764E-01
  911.53   0.24852E-01   0.25314E-01   0.24261E-01
  925.14   0.24349E-01   0.24805E-01   0.23775E-01
  938.74   0.23862E-01   0.24312E-01   0.23303E-01
  952.35   0.23388E-01   0.23832E-01   0.22844E-01
  965.95   0.22933E-01   0.23370E-01   0.22402E-01
  979.56   0.22487E-01   0.22919E-01   0.21971E-01
  993.16   0.22056E-01   0.22481E-01   0.21552E-01
 1006.77   0.21637E-01   0.22056E-01   0.21145E-01
 1020.37   0.21230E-01   0.21643E-01   0.20750E-01
 1033.98   0.20833E-01   0.21241E-01   0.20365E-01
 1047.58   0.20447E-01   0.20849E-01   0.19990E-01
 1061.19   0.20072E-01   0.20469E-01   0.19625E-01
 1074.79   0.19708E-01   0.20099E-01   0.19271E-01
 1088.40   0.19354E-01   0.19739E-01   0.18926E-01
 1102.00   0.19009E-01   0.19388E-01   0.18590E-01
 1115.61   0.18672E-01   0.19047E-01   0.18262E-01
 1129.21   0.18345E-01   0.18714E-01   0.17943E-01
 1142.82   0.18028E-01   0.18392E-01   0.17634E-01
 1156.42   0.17718E-01   0.18076E-01   0.17332E-01
 1170.03   0.17416E-01   0.17770E-01   0.17038E-01
 1183.63   0.17122E-01   0.17470E-01   0.16751E-01
 1197.24   0.16835E-01   0.17178E-01   0.16470E-01
 1210.84   0.16557E-01   0.16895E-01   0.16199E-01
 1224.45   0.16284E-01   0.16617E-01   0.15932E-01
 1238.05   0.16019E-01   0.16347E-01   0.15673E-01
 1251.66   0.15760E-01   0.16083E-01   0.15419E-01
 1265.26   0.15506E-01   0.15824E-01   0.15171E-01
 1278.87   0.15261E-01   0.15574E-01   0.14931E-01
 1292.47   0.15019E-01   0.15327E-01   0.14694E-01
 1306.08   0.14783E-01   0.15087E-01   0.14463E-01
 1319.68   0.14554E-01   0.14853E-01   0.14238E-01
 1333.29   0.14329E-01   0.14624E-01   0.14018E-01
 1346.89   0.14112E-01   0.14402E-01   0.13805E-01
 1360.50   0.13896E-01   0.14182E-01   0.13594E-01
 1374.10   0.13687E-01   0.13968E-01   0.13389E-01
 1387.71   0.13483E-01   0.13760E-01   0.13188E-01
 1401.31   0.13283E-01   0.13556E-01   0.12992E-01
 1414.92   0.13088E-01   0.13356E-01   0.12800E-01
 1428.52   0.12898E-01   0.13162E-01   0.12614E-01
 1442.13   0.12711E-01   0.12971E-01   0.12430E-01
 1455.73   0.12528E-01   0.12784E-01   0.12250E-01
 1469.34   0.12349E-01   0.12601E-01   0.12075E-01
 1482.94   0.12175E-01   0.12422E-01   0.11903E-01
 1496.55   0.12004E-01   0.12247E-01   0.11735E-01
 1510.15   0.11836E-01   0.12076E-01   0.11570E-01
 1523.76   0.11672E-01   0.11907E-01   0.11409E-01
 1537.36   0.11512E-01   0.11743E-01   0.11250E-01
 1550.97   0.11354E-01   0.11581E-01   0.11095E-01
 1564.57   0.11200E-01   0.11424E-01   0.10944E-01
 1578.18   0.11050E-01   0.11269E-01   0.10796E-01
 1591.78   0.10902E-01   0.11118E-01   0.10650E-01
 1605.39   0.10757E-01   0.10969E-01   0.10507E-01
 1618.99   0.10616E-01   0.10824E-01   0.10367E-01
 1632.60   0.10476E-01   0.10681E-01   0.10230E-01
 1646.20   0.10341E-01   0.10542E-01   0.10096E-01
 1659.81   0.10207E-01   0.10404E-01   0.99645E-02
 1673.41   0.10077E-01   0.10270E-01   0.98355E-02
 1687.02   0.99485E-02   0.10138E-01   0.97089E-02
 1700.62   0.98225E-02   0.10009E-01   0.95844E-02
 1714.23   0.96982E-02   0.98811E-02   0.94617E-02
 1727.83   0.95785E-02   0.97580E-02   0.93434E-02
 1741.44   0.94594E-02   0.96354E-02   0.92257E-02
 1755.04   0.93429E-02   0.95155E-02   0.91105E-02
 1768.65   0.92286E-02   0.93978E-02   0.89974E-02
 1782.25   0.91162E-02   0.92821E-02   0.88863E-02
 1795.86   0.90051E-02   0.91677E-02   0.87764E-02
 1809.46   0.88984E-02   0.90578E-02   0.86708E-02
 1823.07   0.87918E-02   0.89479E-02   0.85652E-02
 1836.67   0.86874E-02   0.88403E-02   0.84619E-02
 1850.28   0.85851E-02   0.87348E-02   0.83607E-02
 1863.88   0.84847E-02   0.86313E-02   0.82612E-02
 1877.49   0.83856E-02   0.85291E-02   0.81631E-02
 1891.09   0.82897E-02   0.84301E-02   0.80680E-02
 1904.70   0.81940E-02   0.83313E-02   0.79732E-02
 1918.30   0.81003E-02   0.82346E-02   0.78803E-02
 1931.91   0.80083E-02   0.81396E-02   0.77891E-02
 1945.51   0.79181E-02   0.80464E-02   0.76997E-02
 1959.12   0.78294E-02   0.79548E-02   0.76117E-02
 1972.72   0.77427E-02   0.78652E-02   0.75257E-02
 1986.33   0.76567E-02   0.77762E-02   0.74403E-02
 1999.93   0.75722E-02   0.76889E-02   0.73565E-02
 2013.54   0.74891E-02   0.76030E-02   0.72740E-02
 2027.14   0.74075E-02   0.75186E-02   0.71930E-02
 2040.75   0.73274E-02   0.74357E-02   0.71135E-02
 2054.35   0.72486E-02   0.73541E-02   0.70353E-02
 2067.96   0.71712E-02   0.72740E-02   0.69584E-02
 2081.56   0.70949E-02   0.71950E-02   0.68826E-02
 2095.17   0.70197E-02   0.71172E-02   0.68080E-02
 2108.77   0.69457E-02   0.70405E-02   0.67345E-02
 2122.38   0.68730E-02   0.69651E-02   0.66622E-02
 2135.98   0.68014E-02   0.68910E-02   0.65911E-02
 2149.59   0.67314E-02   0.68184E-02   0.65214E-02
 2163.19   0.66622E-02   0.67467E-02   0.64527E-02
 2176.80   0.65942E-02   0.66761E-02   0.63850E-02
 2190.40   0.65271E-02   0.66066E-02   0.63183E-02
 2204.01   0.64610E-02   0.65379E-02   0.62526E-02
 2217.61   0.63958E-02   0.64703E-02   0.61877E-02
 2231.22   0.63315E-02   0.64036E-02   0.61238E-02
 2244.82   0.62692E-02   0.63389E-02   0.60618E-02
 2258.43   0.62071E-02   0.62744E-02   0.60000E-02
 2272.03   0.61461E-02   0.62110E-02   0.59393E-02
 2285.64   0.60859E-02   0.61485E-02   0.58795E-02
 2299.24   0.60265E-02   0.60868E-02   0.58204E-02
 2312.85   0.59678E-02   0.60258E-02   0.57619E-02
 2326.45   0.59091E-02   0.59648E-02   0.57035E-02
 2340.06   0.58541E-02   0.59076E-02   0.56487E-02
 2353.66   0.57981E-02   0.58494E-02   0.55929E-02
 2367.27   0.57431E-02   0.57922E-02   0.55382E-02
 2380.87   0.56889E-02   0.57358E-02   0.54842E-02
 2394.48   0.56354E-02   0.56802E-02   0.54310E-02
 2408.08   0.55825E-02   0.56251E-02   0.53783E-02
 2421.69   0.55300E-02   0.55705E-02   0.53261E-02
 2435.29   0.54799E-02   0.55184E-02   0.52761E-02
 2448.90   0.54292E-02   0.54656E-02   0.52257E-02
 2462.50   0.53794E-02   0.54138E-02   0.51761E-02
 2476.11   0.53305E-02   0.53628E-02   0.51273E-02
 2489.71   0.52822E-02   0.53125E-02   0.50793E-02
 2503.32   0.52345E-02   0.52628E-02   0.50317E-02
 2516.92   0.51871E-02   0.52135E-02   0.49845E-02
 2530.53   0.51416E-02   0.51660E-02   0.49391E-02
 2544.13   0.50956E-02   0.51181E-02   0.48934E-02
 2557.74   0.50504E-02   0.50710E-02   0.48483E-02
 2571.34   0.50058E-02   0.50246E-02   0.48040E-02
 2584.95   0.49620E-02   0.49789E-02   0.47603E-02
 2598.55   0.49188E-02   0.49338E-02   0.47172E-02
 2612.16   0.48759E-02   0.48891E-02   0.46745E-02
 2625.76   0.48342E-02   0.48456E-02   0.46330E-02
 2639.37   0.47925E-02   0.48022E-02   0.45914E-02
 2652.97   0.47513E-02   0.47592E-02   0.45504E-02
 2666.58   0.47107E-02   0.47168E-02   0.45100E-02
 2680.18   0.46707E-02   0.46751E-02   0.44701E-02
 2693.79   0.46312E-02   0.46339E-02   0.44308E-02
 2707.39   0.45924E-02   0.45934E-02   0.43921E-02
 2721.00   0.45541E-02   0.45534E-02   0.43539E-02
 2734.60   0.45162E-02   0.45139E-02   0.43162E-02
 2748.21   0.44787E-02   0.44748E-02   0.42789E-02
 2761.81   0.44416E-02   0.44361E-02   0.42420E-02
 2775.42   0.44050E-02   0.43978E-02   0.42055E-02
 2789.02   0.43688E-02   0.43601E-02   0.41695E-02
 2802.63   0.43332E-02   0.43229E-02   0.41340E-02
 2816.23   0.42982E-02   0.42863E-02   0.40992E-02
 2829.84   0.42636E-02   0.42502E-02   0.40647E-02
 2843.44   0.42294E-02   0.42145E-02   0.40307E-02
 2857.05   0.41956E-02   0.41792E-02   0.39970E-02
 2870.65   0.41621E-02   0.41442E-02   0.39637E-02
 2884.26   0.41289E-02   0.41096E-02   0.39307E-02
 2897.86   0.40961E-02   0.40753E-02   0.38980E-02
 2911.47   0.40634E-02   0.40412E-02   0.38655E-02
 2925.07   0.40324E-02   0.40089E-02   0.38347E-02
 2938.68   0.40007E-02   0.39758E-02   0.38032E-02
 2952.28   0.39697E-02   0.39433E-02   0.37723E-02
 2965.89   0.39390E-02   0.39113E-02   0.37418E-02
 2979.49   0.39086E-02   0.38796E-02   0.37116E-02
 2993.10   0.38785E-02   0.38481E-02   0.36817E-02
 3006.70   0.38486E-02   0.38169E-02   0.36519E-02
 3020.31   0.38189E-02   0.37859E-02   0.36224E-02
 3033.91   0.37909E-02   0.37566E-02   0.35946E-02
 3047.52   0.37620E-02   0.37265E-02   0.35658E-02
 3061.12   0.37337E-02   0.36969E-02   0.35377E-02
 3074.73   0.37058E-02   0.36677E-02   0.35100E-02
 3088.33   0.36782E-02   0.36389E-02   0.34825E-02
 3101.94   0.36508E-02   0.36103E-02   0.34554E-02
 3115.54   0.36235E-02   0.35819E-02   0.34283E-02
 3129.15   0.35961E-02   0.35533E-02   0.34011E-02
 3142.75   0.35710E-02   0.35270E-02   0.33762E-02
 3156.36   0.35446E-02   0.34994E-02   0.33499E-02
 3169.96   0.35186E-02   0.34723E-02   0.33242E-02
 3183.57   0.34931E-02   0.34457E-02   0.32988E-02
 3197.17   0.34679E-02   0.34194E-02   0.32738E-02
 3210.78   0.34429E-02   0.33933E-02   0.32491E-02
 3224.38   0.34181E-02   0.33674E-02   0.32245E-02
 3237.99   0.33932E-02   0.33414E-02   0.31998E-02
 3251.59   0.33700E-02   0.33172E-02   0.31768E-02
 3265.20   0.33458E-02   0.32920E-02   0.31528E-02
 3278.80   0.33220E-02   0.32671E-02   0.31292E-02
 3292.41   0.32985E-02   0.32426E-02   0.31060E-02
 3306.01   0.32753E-02   0.32185E-02   0.30830E-02
 3319.62   0.32525E-02   0.31946E-02   0.30604E-02
 3333.22   0.32299E-02   0.31710E-02   0.30380E-02
 3346.83   0.32073E-02   0.31476E-02   0.30157E-02
 3360.43   0.31856E-02   0.31249E-02   0.29942E-02
 3374.04   0.31635E-02   0.31018E-02   0.29724E-02
 3387.64   0.31417E-02   0.30791E-02   0.29508E-02
 3401.25   0.31200E-02   0.30565E-02   0.29294E-02
 3414.85   0.30986E-02   0.30343E-02   0.29083E-02
 3428.46   0.30776E-02   0.30123E-02   0.28874E-02
 3442.06   0.30568E-02   0.29906E-02   0.28669E-02
 3455.67   0.30362E-02   0.29692E-02   0.28466E-02
 3469.27   0.30159E-02   0.29481E-02   0.28266E-02
 3482.88   0.29958E-02   0.29271E-02   0.28067E-02
 3496.48   0.29758E-02   0.29063E-02   0.27869E-02
 3510.09   0.29559E-02   0.28856E-02   0.27673E-02
 3523.69   0.29362E-02   0.28651E-02   0.27479E-02
 3537.30   0.29166E-02   0.28448E-02   0.27287E-02
 3550.90   0.28973E-02   0.28247E-02   0.27096E-02
 3564.51   0.28783E-02   0.28049E-02   0.26909E-02
 3578.11   0.28595E-02   0.27853E-02   0.26724E-02
 3591.72   0.28410E-02   0.27661E-02   0.26542E-02
 3605.32   0.28226E-02   0.27470E-02   0.26361E-02
 3618.93   0.28044E-02   0.27280E-02   0.26181E-02
 3632.53   0.27862E-02   0.27092E-02   0.26003E-02
 3646.14   0.27682E-02   0.26904E-02   0.25825E-02
 3659.74   0.27503E-02   0.26718E-02   0.25649E-02
 3673.35   0.27325E-02   0.26534E-02   0.25475E-02
 3686.95   0.27146E-02   0.26349E-02   0.25300E-02
 3700.56   0.26983E-02   0.26179E-02   0.25139E-02
 3714.16   0.26810E-02   0.25999E-02   0.24969E-02
 3727.77   0.26641E-02   0.25824E-02   0.24803E-02
 3741.37   0.26473E-02   0.25650E-02   0.24639E-02
 3754.98   0.26307E-02   0.25478E-02   0.24476E-02
 3768.58   0.26142E-02   0.25307E-02   0.24314E-02
 3782.19   0.25977E-02   0.25137E-02   0.24153E-02
 3795.79   0.25813E-02   0.24966E-02   0.23992E-02
 3809.40   0.25649E-02   0.24797E-02   0.23832E-02
 3823.00   0.25501E-02   0.24643E-02   0.23687E-02
 3836.61   0.25341E-02   0.24477E-02   0.23530E-02
 3850.21   0.25185E-02   0.24316E-02   0.23377E-02
 3863.82   0.25031E-02   0.24157E-02   0.23227E-02
 3877.42   0.24878E-02   0.23999E-02   0.23078E-02
 3891.03   0.24727E-02   0.23842E-02   0.22930E-02
 3904.63   0.24576E-02   0.23686E-02   0.22783E-02
 3918.24   0.24423E-02   0.23529E-02   0.22634E-02
 3931.84   0.24269E-02   0.23370E-02   0.22484E-02
 3945.45   0.24138E-02   0.23234E-02   0.22355E-02
 3959.05   0.23989E-02   0.23081E-02   0.22211E-02
 3972.66   0.23844E-02   0.22932E-02   0.22070E-02
 3986.26   0.23702E-02   0.22785E-02   0.21931E-02
 3999.87   0.23561E-02   0.22640E-02   0.21794E-02
 4013.47   0.23422E-02   0.22496E-02   0.21658E-02
 4027.08   0.23283E-02   0.22353E-02   0.21524E-02
 4040.68   0.23144E-02   0.22209E-02   0.21388E-02
 4054.29   0.23000E-02   0.22063E-02   0.21249E-02
 4067.89   0.22879E-02   0.21937E-02   0.21131E-02
 4081.50   0.22742E-02   0.21796E-02   0.20998E-02
 4095.10   0.22607E-02   0.21658E-02   0.20868E-02
 4108.71   0.22475E-02   0.21521E-02   0.20739E-02
 4122.31   0.22344E-02   0.21387E-02   0.20612E-02
 4135.92   0.22215E-02   0.21255E-02   0.20487E-02
 4149.52   0.22087E-02   0.21123E-02   0.20364E-02
 4163.13   0.21960E-02   0.20993E-02   0.20240E-02
 4176.73   0.21831E-02   0.20861E-02   0.20116E-02
 4190.34   0.21713E-02   0.20739E-02   0.20001E-02
 4203.94   0.21587E-02   0.20610E-02   0.19880E-02
 4217.55   0.21462E-02   0.20483E-02   0.19760E-02
 4231.15   0.21339E-02   0.20357E-02   0.19641E-02
 4244.76   0.21217E-02   0.20232E-02   0.19523E-02
 4258.36   0.21096E-02   0.20109E-02   0.19407E-02
 4271.97   0.20977E-02   0.19987E-02   0.19292E-02
 4285.57   0.20860E-02   0.19867E-02   0.19179E-02
 4299.18   0.20743E-02   0.19748E-02   0.19067E-02
 4312.78   0.20629E-02   0.19631E-02   0.18956E-02
 4326.39   0.20514E-02   0.19513E-02   0.18846E-02
 4339.99   0.20399E-02   0.19396E-02   0.18736E-02
 4353.60   0.20285E-02   0.19280E-02   0.18626E-02
 4367.20   0.20171E-02   0.19164E-02   0.18517E-02
 4380.81   0.20058E-02   0.19049E-02   0.18409E-02
 4394.41   0.19947E-02   0.18936E-02   0.18302E-02
 4408.02   0.19836E-02   0.18824E-02   0.18196E-02
 4421.62   0.19727E-02   0.18713E-02   0.18092E-02
 4435.23   0.19621E-02   0.18605E-02   0.17990E-02
 4448.83   0.19514E-02   0.18496E-02   0.17888E-02
 4462.44   0.19408E-02   0.18389E-02   0.17786E-02
 4476.04   0.19303E-02   0.18282E-02   0.17686E-02
 4489.65   0.19198E-02   0.18175E-02   0.17585E-02
 4503.25   0.19093E-02   0.18069E-02   0.17485E-02
 4516.86   0.18988E-02   0.17963E-02   0.17385E-02
 4530.46   0.18884E-02   0.17858E-02   0.17286E-02
 4544.07   0.18780E-02   0.17753E-02   0.17188E-02
 4557.67   0.18679E-02   0.17651E-02   0.17091E-02
 4571.28   0.18584E-02   0.17554E-02   0.17001E-02
 4584.88   0.18484E-02   0.17453E-02   0.16906E-02
 4598.49   0.18386E-02   0.17354E-02   0.16812E-02
 4612.09   0.18288E-02   0.17256E-02   0.16720E-02
 4625.70   0.18191E-02   0.17158E-02   0.16628E-02
 4639.30   0.18094E-02   0.17060E-02   0.16536E-02
 4652.91   0.17997E-02   0.16962E-02   0.16444E-02
 4666.51   0.17900E-02   0.16865E-02   0.16352E-02
 4680.12   0.17801E-02   0.16765E-02   0.16258E-02
 4693.72   0.17702E-02   0.16666E-02   0.16165E-02
 4707.33   0.17623E-02   0.16586E-02   0.16090E-02
 4720.93   0.17529E-02   0.16492E-02   0.16001E-02
 4734.54   0.17437E-02   0.16400E-02   0.15914E-02
 4748.14   0.17346E-02   0.16309E-02   0.15829E-02
 4761.75   0.17257E-02   0.16219E-02   0.15744E-02
 4775.35   0.17167E-02   0.16129E-02   0.15660E-02
 4788.96   0.17077E-02   0.16039E-02   0.15575E-02
 4802.56   0.16986E-02   0.15949E-02   0.15490E-02
 4816.17   0.16891E-02   0.15854E-02   0.15400E-02
 4829.77   0.16829E-02   0.15790E-02   0.15341E-02
 4843.38   0.16730E-02   0.15692E-02   0.15249E-02
 4856.98   0.16641E-02   0.15604E-02   0.15166E-02
 4870.59   0.16555E-02   0.15518E-02   0.15085E-02
 4884.19   0.16470E-02   0.15434E-02   0.15006E-02
 4897.80   0.16386E-02   0.15350E-02   0.14927E-02
 4911.40   0.16303E-02   0.15268E-02   0.14849E-02
 4925.01   0.16220E-02   0.15185E-02   0.14772E-02
 4938.61   0.16137E-02   0.15102E-02   0.14694E-02
 4952.22   0.16047E-02   0.15014E-02   0.14611E-02
 4965.82   0.15987E-02   0.14953E-02   0.14554E-02
 4979.43   0.15897E-02   0.14865E-02   0.14471E-02
 4993.03   0.15815E-02   0.14783E-02   0.14393E-02
 5006.64   0.15733E-02   0.14703E-02   0.14318E-02
 5020.24   0.15653E-02   0.14624E-02   0.14244E-02
 5033.85   0.15575E-02   0.14546E-02   0.14171E-02
 5047.45   0.15497E-02   0.14470E-02   0.14099E-02
 5061.06   0.15420E-02   0.14394E-02   0.14027E-02
 5074.66   0.15343E-02   0.14318E-02   0.13956E-02
 5088.27   0.15264E-02   0.14240E-02   0.13882E-02
 5101.87   0.15200E-02   0.14177E-02   0.13823E-02
 5115.48   0.15119E-02   0.14097E-02   0.13748E-02
 5129.08   0.15043E-02   0.14022E-02   0.13677E-02
 5142.69   0.14967E-02   0.13947E-02   0.13607E-02
 5156.29   0.14891E-02   0.13874E-02   0.13538E-02
 5169.90   0.14817E-02   0.13801E-02   0.13469E-02
 5183.50   0.14744E-02   0.13729E-02   0.13402E-02
 5197.11   0.14671E-02   0.13658E-02   0.13335E-02
 5210.71   0.14600E-02   0.13588E-02   0.13269E-02
 5224.32   0.14529E-02   0.13519E-02   0.13204E-02
 5237.92   0.14456E-02   0.13448E-02   0.13137E-02
 5251.53   0.14390E-02   0.13383E-02   0.13076E-02
 5265.13   0.14319E-02   0.13314E-02   0.13012E-02
 5278.74   0.14249E-02   0.13246E-02   0.12947E-02
 5292.34   0.14178E-02   0.13177E-02   0.12882E-02
 5305.95   0.14108E-02   0.13109E-02   0.12818E-02
 5319.55   0.14038E-02   0.13042E-02   0.12755E-02
 5333.16   0.13970E-02   0.12975E-02   0.12692E-02
 5346.76   0.13902E-02   0.12909E-02   0.12630E-02
 5360.37   0.13835E-02   0.12844E-02   0.12569E-02
 5373.97   0.13770E-02   0.12781E-02   0.12509E-02
 5387.58   0.13704E-02   0.12717E-02   0.12450E-02
 5401.18   0.13639E-02   0.12654E-02   0.12390E-02
 5414.79   0.13574E-02   0.12592E-02   0.12331E-02
 5428.39   0.13509E-02   0.12529E-02   0.12272E-02
 5442.00   0.13443E-02   0.12466E-02   0.12213E-02
 5455.60   0.13378E-02   0.12403E-02   0.12153E-02
 5469.21   0.13313E-02   0.12340E-02   0.12094E-02
 5482.81   0.13248E-02   0.12278E-02   0.12036E-02
 5496.42   0.13183E-02   0.12216E-02   0.11977E-02
 5510.02   0.13118E-02   0.12154E-02   0.11918E-02
 5523.63   0.13064E-02   0.12101E-02   0.11870E-02
 5537.23   0.13000E-02   0.12040E-02   0.11811E-02
 5550.84   0.12939E-02   0.11981E-02   0.11756E-02
 5564.44   0.12878E-02   0.11923E-02   0.11702E-02
 5578.05   0.12817E-02   0.11865E-02   0.11647E-02
 5591.65   0.12757E-02   0.11807E-02   0.11592E-02
 5605.26   0.12696E-02   0.11749E-02   0.11538E-02
 5618.86   0.12635E-02   0.11691E-02   0.11483E-02
 5632.47   0.12573E-02   0.11633E-02   0.11428E-02
 5646.07   0.12511E-02   0.11573E-02   0.11372E-02
 5659.68   0.12451E-02   0.11517E-02   0.11318E-02
 5673.28   0.12403E-02   0.11471E-02   0.11275E-02
 5686.89   0.12342E-02   0.11413E-02   0.11220E-02
 5700.49   0.12284E-02   0.11358E-02   0.11169E-02
 5714.10   0.12227E-02   0.11304E-02   0.11118E-02
 5727.70   0.12170E-02   0.11250E-02   0.11067E-02
 5741.31   0.12114E-02   0.11197E-02   0.11017E-02
 5754.91   0.12057E-02   0.11143E-02   0.10967E-02
 5768.52   0.12000E-02   0.11089E-02   0.10916E-02
 5782.12   0.11942E-02   0.11035E-02   0.10864E-02
 5795.73   0.11882E-02   0.10978E-02   0.10810E-02
 5809.33   0.11823E-02   0.10922E-02   0.10758E-02
 5822.94   0.11784E-02   0.10886E-02   0.10724E-02
 5836.54   0.11726E-02   0.10831E-02   0.10672E-02
 5850.15   0.11670E-02   0.10779E-02   0.10623E-02
 5863.75   0.11616E-02   0.10729E-02   0.10575E-02
 5877.36   0.11563E-02   0.10679E-02   0.10528E-02
 5890.96   0.11510E-02   0.10629E-02   0.10482E-02
 5904.57   0.11458E-02   0.10580E-02   0.10435E-02
 5918.17   0.11405E-02   0.10531E-02   0.10389E-02
 5931.78   0.11351E-02   0.10481E-02   0.10341E-02
 5945.38   0.11294E-02   0.10427E-02   0.10290E-02
 5958.99   0.11235E-02   0.10373E-02   0.10239E-02
 5972.59   0.11203E-02   0.10343E-02   0.10211E-02
 5986.20   0.11148E-02   0.10292E-02   0.10163E-02
 5999.80   0.11095E-02   0.10243E-02   0.10116E-02
 6013.41   0.11044E-02   0.10195E-02   0.10071E-02
 6027.01   0.10993E-02   0.10148E-02   0.10027E-02
 6040.62   0.10943E-02   0.10102E-02   0.99830E-03
 6054.22   0.10894E-02   0.10056E-02   0.99400E-03
 6067.83   0.10845E-02   0.10011E-02   0.98971E-03
 6081.43   0.10796E-02   0.99652E-03   0.98539E-03
 6095.04   0.10744E-02   0.99174E-03   0.98086E-03
 6108.64   0.10690E-02   0.98678E-03   0.97615E-03
 6122.25   0.10656E-02   0.98361E-03   0.97321E-03
 6135.85   0.10605E-02   0.97892E-03   0.96876E-03
 6149.46   0.10555E-02   0.97435E-03   0.96443E-03
 6163.06   0.10506E-02   0.96984E-03   0.96016E-03
 6176.67   0.10458E-02   0.96541E-03   0.95595E-03
 6190.27   0.10410E-02   0.96105E-03   0.95183E-03
 6203.88   0.10363E-02   0.95677E-03   0.94777E-03
 6217.48   0.10317E-02   0.95255E-03   0.94378E-03
 6231.09   0.10272E-02   0.94837E-03   0.93983E-03
 6244.69   0.10226E-02   0.94417E-03   0.93585E-03
 6258.30   0.10178E-02   0.93987E-03   0.93176E-03
 6271.90   0.10138E-02   0.93622E-03   0.92833E-03
 6285.51   0.10092E-02   0.93201E-03   0.92433E-03
 6299.11   0.10046E-02   0.92782E-03   0.92036E-03
 6312.72   0.10000E-02   0.92363E-03   0.91639E-03
 6326.32   0.99542E-03   0.91947E-03   0.91243E-03
 6339.93   0.99088E-03   0.91534E-03   0.90851E-03
 6353.53   0.98639E-03   0.91127E-03   0.90465E-03
 6367.14   0.98197E-03   0.90727E-03   0.90085E-03
 6380.74   0.97762E-03   0.90333E-03   0.89712E-03
 6394.35   0.97334E-03   0.89947E-03   0.89346E-03
 6407.95   0.96911E-03   0.89565E-03   0.88984E-03
 6421.56   0.96491E-03   0.89186E-03   0.88624E-03
 6435.16   0.96071E-03   0.88808E-03   0.88265E-03
 6448.77   0.95649E-03   0.88428E-03   0.87905E-03
 6462.37   0.95224E-03   0.88046E-03   0.87542E-03
 6475.98   0.94797E-03   0.87661E-03   0.87176E-03
 6489.58   0.94368E-03   0.87276E-03   0.86810E-03
 6503.19   0.93939E-03   0.86891E-03   0.86443E-03
 6516.79   0.93513E-03   0.86509E-03   0.86080E-03
 6530.40   0.93091E-03   0.86131E-03   0.85720E-03
 6544.00   0.92675E-03   0.85759E-03   0.85366E-03
 6557.61   0.92258E-03   0.85386E-03   0.85011E-03
 6571.21   0.91872E-03   0.85042E-03   0.84684E-03
 6584.82   0.91489E-03   0.84701E-03   0.84361E-03
 6598.42   0.91093E-03   0.84348E-03   0.84025E-03
 6612.03   0.90699E-03   0.83998E-03   0.83692E-03
 6625.63   0.90304E-03   0.83647E-03   0.83358E-03
 6639.24   0.89907E-03   0.83294E-03   0.83022E-03
 6652.84   0.89507E-03   0.82938E-03   0.82683E-03
 6666.45   0.89104E-03   0.82580E-03   0.82342E-03
 6680.05   0.88699E-03   0.82222E-03   0.81999E-03
 6693.66   0.88294E-03   0.81862E-03   0.81656E-03
 6707.26   0.87883E-03   0.81497E-03   0.81308E-03
 6720.87   0.87504E-03   0.81163E-03   0.80989E-03
 6734.47   0.87207E-03   0.80904E-03   0.80745E-03
 6748.08   0.86796E-03   0.80541E-03   0.80398E-03
 6761.68   0.86416E-03   0.80206E-03   0.80078E-03
 6775.29   0.86044E-03   0.79878E-03   0.79766E-03
 6788.89   0.85675E-03   0.79554E-03   0.79457E-03
 6802.50   0.85305E-03   0.79230E-03   0.79147E-03
 6816.10   0.84933E-03   0.78903E-03   0.78835E-03
 6829.71   0.84557E-03   0.78572E-03   0.78519E-03
 6843.31   0.84176E-03   0.78238E-03   0.78199E-03
 6856.92   0.83786E-03   0.77895E-03   0.77871E-03
 6870.52   0.83369E-03   0.77528E-03   0.77518E-03
 6884.13   0.82996E-03   0.77201E-03   0.77204E-03
 6897.73   0.82784E-03   0.77024E-03   0.77042E-03
 6911.34   0.82386E-03   0.76675E-03   0.76706E-03
 6924.94   0.82019E-03   0.76354E-03   0.76399E-03
 6938.55   0.81663E-03   0.76044E-03   0.76102E-03
 6952.15   0.81314E-03   0.75741E-03   0.75812E-03
 6965.76   0.80968E-03   0.75441E-03   0.75525E-03
 6979.36   0.80622E-03   0.75140E-03   0.75238E-03
 6992.97   0.80273E-03   0.74838E-03   0.74948E-03
 7006.57   0.79918E-03   0.74530E-03   0.74653E-03
 7020.18   0.79551E-03   0.74211E-03   0.74346E-03
 7033.78   0.79138E-03   0.73849E-03   0.73996E-03
 7047.39   0.78761E-03   0.73520E-03   0.73680E-03
 7060.99   0.78617E-03   0.73409E-03   0.73581E-03
 7074.60   0.78236E-03   0.73078E-03   0.73262E-03
 7088.20   0.77881E-03   0.72771E-03   0.72967E-03
 7101.81   0.77538E-03   0.72475E-03   0.72682E-03
 7115.41   0.77203E-03   0.72187E-03   0.72406E-03
 7129.02   0.76875E-03   0.71905E-03   0.72135E-03
 7142.62   0.76551E-03   0.71626E-03   0.71868E-03
 7156.23   0.76227E-03   0.71349E-03   0.71602E-03
 7169.83   0.75901E-03   0.71069E-03   0.71333E-03
 7183.44   0.75565E-03   0.70781E-03   0.71056E-03
 7197.04   0.75191E-03   0.70457E-03   0.70742E-03
 7210.65   0.74826E-03   0.70142E-03   0.70437E-03
 7224.25   0.74677E-03   0.70029E-03   0.70335E-03
 7237.86   0.74323E-03   0.69723E-03   0.70040E-03
 7251.46   0.73985E-03   0.69433E-03   0.69760E-03
 7265.07   0.73655E-03   0.69151E-03   0.69488E-03
 7278.67   0.73332E-03   0.68875E-03   0.69222E-03
 7292.28   0.73016E-03   0.68606E-03   0.68963E-03
 7305.88   0.72706E-03   0.68343E-03   0.68709E-03
 7319.49   0.72401E-03   0.68084E-03   0.68460E-03
 7333.09   0.72098E-03   0.67828E-03   0.68214E-03
 7346.70   0.71795E-03   0.67571E-03   0.67966E-03
 7360.30   0.71477E-03   0.67301E-03   0.67705E-03
 7373.91   0.71151E-03   0.67023E-03   0.67436E-03
 7387.51   0.70938E-03   0.66852E-03   0.67274E-03
 7401.12   0.70619E-03   0.66580E-03   0.67012E-03
 7414.72   0.70306E-03   0.66315E-03   0.66755E-03
 7428.33   0.69995E-03   0.66051E-03   0.66500E-03
 7441.93   0.69686E-03   0.65789E-03   0.66247E-03
 7455.54   0.69380E-03   0.65531E-03   0.65997E-03
 7469.14   0.69080E-03   0.65278E-03   0.65752E-03
 7482.75   0.68786E-03   0.65030E-03   0.65512E-03
 7496.35   0.68497E-03   0.64788E-03   0.65278E-03
 7509.96   0.68214E-03   0.64551E-03   0.65049E-03
 7523.56   0.67932E-03   0.64316E-03   0.64822E-03
 7537.17   0.67648E-03   0.64078E-03   0.64591E-03
 7550.77   0.67385E-03   0.63860E-03   0.64381E-03
 7564.38   0.67103E-03   0.63624E-03   0.64153E-03
 7577.98   0.66819E-03   0.63387E-03   0.63923E-03
 7591.59   0.66533E-03   0.63148E-03   0.63691E-03
 7605.19   0.66244E-03   0.62906E-03   0.63457E-03
 7618.80   0.65955E-03   0.62663E-03   0.63221E-03
 7632.40   0.65666E-03   0.62421E-03   0.62986E-03
 7646.01   0.65380E-03   0.62182E-03   0.62753E-03
 7659.61   0.65098E-03   0.61947E-03   0.62524E-03
 7673.22   0.64821E-03   0.61716E-03   0.62301E-03
 7686.82   0.64549E-03   0.61491E-03   0.62082E-03
 7700.43   0.64279E-03   0.61266E-03   0.61863E-03
 7714.03   0.64033E-03   0.61065E-03   0.61669E-03
 7727.64   0.63768E-03   0.60846E-03   0.61456E-03
 7741.24   0.63508E-03   0.60632E-03   0.61248E-03
 7754.85   0.63246E-03   0.60416E-03   0.61038E-03
 7768.45   0.62982E-03   0.60198E-03   0.60826E-03
 7782.06   0.62715E-03   0.59977E-03   0.60611E-03
 7795.66   0.62445E-03   0.59753E-03   0.60393E-03
 7809.27   0.62173E-03   0.59527E-03   0.60172E-03
 7822.87   0.61901E-03   0.59300E-03   0.59951E-03
 7836.48   0.61629E-03   0.59075E-03   0.59731E-03
 7850.08   0.61357E-03   0.58850E-03   0.59511E-03
 7863.69   0.61081E-03   0.58619E-03   0.59286E-03
 7877.29   0.60844E-03   0.58427E-03   0.59098E-03
 7890.90   0.60640E-03   0.58267E-03   0.58944E-03
 7904.50   0.60377E-03   0.58049E-03   0.58731E-03
 7918.11   0.60128E-03   0.57845E-03   0.58532E-03
 7931.71   0.59883E-03   0.57645E-03   0.58337E-03
 7945.32   0.59638E-03   0.57445E-03   0.58142E-03
 7958.92   0.59391E-03   0.57243E-03   0.57944E-03
 7972.53   0.59141E-03   0.57038E-03   0.57744E-03
 7986.13   0.58887E-03   0.56829E-03   0.57539E-03
 7999.74   0.58629E-03   0.56617E-03   0.57331E-03
 8013.34   0.58367E-03   0.56400E-03   0.57119E-03
 8026.95   0.58098E-03   0.56176E-03   0.56898E-03
 8040.55   0.57785E-03   0.55910E-03   0.56635E-03
 8054.16   0.57563E-03   0.55732E-03   0.56461E-03
 8067.76   0.57453E-03   0.55663E-03   0.56398E-03
 8081.37   0.57192E-03   0.55447E-03   0.56185E-03
 8094.97   0.56950E-03   0.55249E-03   0.55991E-03
 8108.58   0.56716E-03   0.55059E-03   0.55805E-03
 8122.18   0.56485E-03   0.54873E-03   0.55622E-03
 8135.79   0.56256E-03   0.54687E-03   0.55440E-03
 8149.39   0.56025E-03   0.54500E-03   0.55256E-03
 8163.00   0.55791E-03   0.54310E-03   0.55069E-03
 8176.60   0.55552E-03   0.54114E-03   0.54877E-03
 8190.21   0.55305E-03   0.53911E-03   0.54677E-03
 8203.81   0.55041E-03   0.53692E-03   0.54460E-03
 8217.42   0.54670E-03   0.53368E-03   0.54137E-03
 8231.02   0.54813E-03   0.53546E-03   0.54323E-03
 8244.63   0.54456E-03   0.53235E-03   0.54013E-03
 8258.23   0.54201E-03   0.53024E-03   0.53804E-03
 8271.84   0.53964E-03   0.52830E-03   0.53613E-03
 8285.44   0.53737E-03   0.52646E-03   0.53431E-03
 8299.05   0.53516E-03   0.52468E-03   0.53256E-03
 8312.65   0.53299E-03   0.52294E-03   0.53085E-03
 8326.26   0.53085E-03   0.52122E-03   0.52915E-03
 8339.86   0.52869E-03   0.51949E-03   0.52744E-03
 8353.47   0.52651E-03   0.51773E-03   0.52571E-03
 8367.07   0.52425E-03   0.51590E-03   0.52389E-03
 8380.68   0.52181E-03   0.51389E-03   0.52190E-03
 8394.28   0.51813E-03   0.51065E-03   0.51866E-03
 8407.89   0.51949E-03   0.51238E-03   0.52046E-03
 8421.49   0.51631E-03   0.50964E-03   0.51772E-03
 8435.10   0.51387E-03   0.50762E-03   0.51572E-03
 8448.70   0.51158E-03   0.50575E-03   0.51386E-03
 8462.31   0.50937E-03   0.50396E-03   0.51208E-03
 8475.91   0.50723E-03   0.50223E-03   0.51037E-03
 8489.52   0.50514E-03   0.50056E-03   0.50871E-03
 8503.12   0.50310E-03   0.49893E-03   0.50710E-03
 8516.73   0.50109E-03   0.49733E-03   0.50551E-03
 8530.33   0.49909E-03   0.49574E-03   0.50393E-03
 8543.94   0.49706E-03   0.49412E-03   0.50233E-03
 8557.54   0.49494E-03   0.49241E-03   0.50062E-03
 8571.15   0.49220E-03   0.49008E-03   0.49830E-03
 8584.75   0.49229E-03   0.49057E-03   0.49883E-03
 8598.36   0.48955E-03   0.48824E-03   0.49649E-03
 8611.96   0.48733E-03   0.48642E-03   0.49469E-03
 8625.57   0.48519E-03   0.48468E-03   0.49295E-03
 8639.17   0.48308E-03   0.48297E-03   0.49124E-03
 8652.78   0.48100E-03   0.48129E-03   0.48957E-03
 8666.38   0.47897E-03   0.47966E-03   0.48794E-03
 8679.99   0.47698E-03   0.47807E-03   0.48636E-03
 8693.59   0.47505E-03   0.47653E-03   0.48482E-03
 8707.20   0.47315E-03   0.47503E-03   0.48333E-03
 8720.80   0.47129E-03   0.47356E-03   0.48187E-03
 8734.41   0.46943E-03   0.47209E-03   0.48040E-03
 8748.01   0.46747E-03   0.47053E-03   0.47884E-03
 8761.62   0.46545E-03   0.46889E-03   0.47720E-03
 8775.22   0.46412E-03   0.46796E-03   0.47628E-03
 8788.83   0.46219E-03   0.46641E-03   0.47473E-03
 8802.43   0.46026E-03   0.46486E-03   0.47319E-03
 8816.04   0.45831E-03   0.46330E-03   0.47162E-03
 8829.64   0.45636E-03   0.46173E-03   0.47005E-03
 8843.25   0.45441E-03   0.46016E-03   0.46847E-03
 8856.85   0.45248E-03   0.45861E-03   0.46692E-03
 8870.46   0.45058E-03   0.45709E-03   0.46540E-03
 8884.06   0.44873E-03   0.45561E-03   0.46392E-03
 8897.67   0.44692E-03   0.45418E-03   0.46248E-03
 8911.27   0.44516E-03   0.45280E-03   0.46109E-03
 8924.88   0.44343E-03   0.45144E-03   0.45974E-03
 8938.48   0.44174E-03   0.45012E-03   0.45841E-03
 8952.09   0.44004E-03   0.44879E-03   0.45708E-03
 8965.69   0.43834E-03   0.44747E-03   0.45575E-03
 8979.30   0.43662E-03   0.44612E-03   0.45440E-03
 8992.90   0.43488E-03   0.44474E-03   0.45301E-03
 9006.51   0.43311E-03   0.44334E-03   0.45160E-03
 9020.11   0.43131E-03   0.44190E-03   0.45015E-03
 9033.72   0.42949E-03   0.44044E-03   0.44868E-03
 9047.32   0.42767E-03   0.43897E-03   0.44720E-03
 9060.93   0.42585E-03   0.43751E-03   0.44573E-03
 9074.53   0.42406E-03   0.43607E-03   0.44428E-03
 9088.14   0.42229E-03   0.43466E-03   0.44285E-03
 9101.74   0.42054E-03   0.43326E-03   0.44144E-03
 9115.35   0.41865E-03   0.43173E-03   0.43989E-03
 9128.95   0.41772E-03   0.43117E-03   0.43934E-03
 9142.56   0.41589E-03   0.42968E-03   0.43784E-03
 9156.16   0.41427E-03   0.42841E-03   0.43655E-03
 9169.77   0.41268E-03   0.42717E-03   0.43529E-03
 9183.37   0.41108E-03   0.42592E-03   0.43403E-03
 9196.98   0.40946E-03   0.42465E-03   0.43275E-03
 9210.58   0.40782E-03   0.42334E-03   0.43143E-03
 9224.19   0.40614E-03   0.42201E-03   0.43008E-03
 9237.79   0.40444E-03   0.42064E-03   0.42869E-03
 9251.40   0.40271E-03   0.41925E-03   0.42728E-03
 9265.00   0.40097E-03   0.41784E-03   0.42585E-03
 9278.61   0.39920E-03   0.41640E-03   0.42439E-03
 9292.21   0.39731E-03   0.41483E-03   0.42280E-03
 9305.82   0.39594E-03   0.41380E-03   0.42175E-03
 9319.42   0.39526E-03   0.41349E-03   0.42145E-03
 9333.03   0.39338E-03   0.41193E-03   0.41985E-03
 9346.63   0.39178E-03   0.41065E-03   0.41856E-03
 9360.24   0.39025E-03   0.40945E-03   0.41734E-03
 9373.84   0.38876E-03   0.40828E-03   0.41615E-03
 9387.45   0.38727E-03   0.40712E-03   0.41497E-03
 9401.05   0.38577E-03   0.40594E-03   0.41377E-03
 9414.66   0.38424E-03   0.40473E-03   0.41254E-03
 9428.26   0.38268E-03   0.40349E-03   0.41128E-03
 9441.87   0.38107E-03   0.40220E-03   0.40996E-03
 9455.47   0.37941E-03   0.40084E-03   0.40858E-03
 9469.08   0.37766E-03   0.39939E-03   0.40710E-03
 9482.68   0.37553E-03   0.39753E-03   0.40520E-03
 9496.29   0.37427E-03   0.39659E-03   0.40425E-03
 9509.89   0.37427E-03   0.39700E-03   0.40466E-03
 9523.50   0.37238E-03   0.39539E-03   0.40302E-03
 9537.10   0.37078E-03   0.39408E-03   0.40168E-03
 9550.71   0.36928E-03   0.39289E-03   0.40047E-03
 9564.31   0.36785E-03   0.39176E-03   0.39931E-03
 9577.92   0.36645E-03   0.39066E-03   0.39819E-03
 9591.52   0.36506E-03   0.38958E-03   0.39708E-03
 9605.13   0.36367E-03   0.38849E-03   0.39597E-03
 9618.73   0.36226E-03   0.38738E-03   0.39483E-03
 9632.34   0.36081E-03   0.38622E-03   0.39364E-03
 9645.94   0.35929E-03   0.38499E-03   0.39238E-03
 9659.55   0.35764E-03   0.38361E-03   0.39097E-03
 9673.15   0.35545E-03   0.38165E-03   0.38897E-03
 9686.76   0.35420E-03   0.38070E-03   0.38799E-03
 9700.36   0.35460E-03   0.38152E-03   0.38882E-03
 9713.97   0.35277E-03   0.37995E-03   0.38720E-03
 9727.57   0.35119E-03   0.37864E-03   0.38586E-03
 9741.18   0.34972E-03   0.37744E-03   0.38463E-03
 9754.78   0.34831E-03   0.37631E-03   0.38347E-03
 9768.39   0.34696E-03   0.37524E-03   0.38237E-03
 9781.99   0.34564E-03   0.37420E-03   0.38130E-03
 9795.60   0.34435E-03   0.37319E-03   0.38026E-03
 9809.20   0.34307E-03   0.37219E-03   0.37923E-03
 9822.81   0.34177E-03   0.37117E-03   0.37818E-03
 9836.41   0.34044E-03   0.37010E-03   0.37708E-03
 9850.02   0.33900E-03   0.36893E-03   0.37587E-03
 9863.62   0.33717E-03   0.36731E-03   0.37421E-03
 9877.23   0.33584E-03   0.36625E-03   0.37311E-03
 9890.83   0.33604E-03   0.36685E-03   0.37371E-03
 9904.44   0.33438E-03   0.36542E-03   0.37225E-03
 9918.04   0.33290E-03   0.36419E-03   0.37097E-03
 9931.65   0.33148E-03   0.36302E-03   0.36977E-03
 9945.25   0.33011E-03   0.36190E-03   0.36861E-03
 9958.86   0.32878E-03   0.36082E-03   0.36750E-03
 9972.46   0.32750E-03   0.35979E-03   0.36643E-03
 9986.07   0.32625E-03   0.35880E-03   0.36541E-03
 9999.67   0.32504E-03   0.35785E-03   0.36442E-03
