 8135.79   0.45958E-02   0.44544E-02   0.45000E-02
 8149.39   0.45870E-02   0.44461E-02   0.44918E-02
 8163.00   0.45779E-02   0.44375E-02   0.44833E-02
 8176.60   0.45686E-02   0.44287E-02   0.44745E-02
 8190.21   0.45590E-02   0.44196E-02   0.44655E-02
 8203.81   0.45487E-02   0.44099E-02   0.44558E-02
 8217.42   0.45334E-02   0.43953E-02   0.44412E-02
 8231.02   0.45441E-02   0.44058E-02   0.44520E-02
 8244.63   0.45300E-02   0.43924E-02   0.44386E-02
 8258.23   0.45210E-02   0.43839E-02   0.44302E-02
 8271.84   0.45130E-02   0.43764E-02   0.44227E-02
 8285.44   0.45054E-02   0.43692E-02   0.44156E-02
 8299.05   0.44977E-02   0.43620E-02   0.44085E-02
 8312.65   0.44900E-02   0.43547E-02   0.44012E-02
 8326.26   0.44819E-02   0.43471E-02   0.43937E-02
 8339.86   0.44735E-02   0.43391E-02   0.43858E-02
 8353.47   0.44645E-02   0.43307E-02   0.43774E-02
 8367.07   0.44549E-02   0.43216E-02   0.43684E-02
 8380.68   0.44438E-02   0.43111E-02   0.43579E-02
 8394.28   0.44220E-02   0.42901E-02   0.43368E-02
 8407.89   0.44450E-02   0.43126E-02   0.43597E-02
 8421.49   0.44282E-02   0.42966E-02   0.43437E-02
 8435.10   0.44182E-02   0.42871E-02   0.43342E-02
 8448.70   0.44096E-02   0.42790E-02   0.43262E-02
 8462.31   0.44017E-02   0.42715E-02   0.43188E-02
 8475.91   0.43941E-02   0.42645E-02   0.43118E-02
 8489.52   0.43867E-02   0.42575E-02   0.43049E-02
 8503.12   0.43793E-02   0.42506E-02   0.42980E-02
 8516.73   0.43717E-02   0.42434E-02   0.42909E-02
 8530.33   0.43636E-02   0.42358E-02   0.42834E-02
 8543.94   0.43548E-02   0.42275E-02   0.42751E-02
 8557.54   0.43443E-02   0.42176E-02   0.42652E-02
 8571.15   0.43243E-02   0.41984E-02   0.42460E-02
 8584.75   0.43493E-02   0.42229E-02   0.42709E-02
 8598.36   0.43299E-02   0.42044E-02   0.42523E-02
 8611.96   0.43193E-02   0.41942E-02   0.42422E-02
 8625.57   0.43101E-02   0.41856E-02   0.42335E-02
 8639.17   0.43016E-02   0.41776E-02   0.42256E-02
 8652.78   0.42937E-02   0.41702E-02   0.42183E-02
 8666.38   0.42862E-02   0.41632E-02   0.42113E-02
 8679.99   0.42790E-02   0.41564E-02   0.42046E-02
 8693.59   0.42720E-02   0.41498E-02   0.41980E-02
 8707.20   0.42648E-02   0.41431E-02   0.41914E-02
 8720.80   0.42572E-02   0.41359E-02   0.41843E-02
 8734.41   0.42486E-02   0.41279E-02   0.41763E-02
 8748.01   0.42358E-02   0.41157E-02   0.41641E-02
 8761.62   0.42267E-02   0.41071E-02   0.41555E-02
 8775.22   0.42337E-02   0.41142E-02   0.41628E-02
 8788.83   0.42233E-02   0.41044E-02   0.41530E-02
 8802.43   0.42142E-02   0.40957E-02   0.41444E-02
 8816.04   0.42055E-02   0.40875E-02   0.41363E-02
 8829.64   0.41971E-02   0.40797E-02   0.41285E-02
 8843.25   0.41892E-02   0.40722E-02   0.41211E-02
 8856.85   0.41817E-02   0.40652E-02   0.41141E-02
 8870.46   0.41745E-02   0.40585E-02   0.41074E-02
 8884.06   0.41676E-02   0.40520E-02   0.41010E-02
 8897.67   0.41608E-02   0.40457E-02   0.40948E-02
 8911.27   0.41539E-02   0.40393E-02   0.40884E-02
 8924.88   0.41461E-02   0.40319E-02   0.40810E-02
 8938.48   0.41379E-02   0.40242E-02   0.40734E-02
 8952.09   0.41376E-02   0.40242E-02   0.40735E-02
 8965.69   0.41288E-02   0.40159E-02   0.40652E-02
 8979.30   0.41206E-02   0.40082E-02   0.40576E-02
 8992.90   0.41124E-02   0.40005E-02   0.40499E-02
 9006.51   0.41042E-02   0.39928E-02   0.40422E-02
 9020.11   0.40960E-02   0.39851E-02   0.40346E-02
 9033.72   0.40881E-02   0.39777E-02   0.40272E-02
 9047.32   0.40804E-02   0.39705E-02   0.40200E-02
 9060.93   0.40731E-02   0.39636E-02   0.40132E-02
 9074.53   0.40661E-02   0.39571E-02   0.40068E-02
 9088.14   0.40595E-02   0.39510E-02   0.40007E-02
 9101.74   0.40531E-02   0.39450E-02   0.39948E-02
 9115.35   0.40466E-02   0.39390E-02   0.39888E-02
 9128.95   0.40412E-02   0.39340E-02   0.39839E-02
 9142.56   0.40346E-02   0.39278E-02   0.39777E-02
 9156.16   0.40279E-02   0.39216E-02   0.39716E-02
 9169.77   0.40209E-02   0.39151E-02   0.39651E-02
 9183.37   0.40136E-02   0.39083E-02   0.39583E-02
 9196.98   0.40060E-02   0.39012E-02   0.39512E-02
 9210.58   0.39982E-02   0.38938E-02   0.39439E-02
 9224.19   0.39903E-02   0.38864E-02   0.39366E-02
 9237.79   0.39825E-02   0.38791E-02   0.39293E-02
 9251.40   0.39748E-02   0.38720E-02   0.39221E-02
 9265.00   0.39675E-02   0.38651E-02   0.39153E-02
 9278.61   0.39604E-02   0.38585E-02   0.39088E-02
 9292.21   0.39536E-02   0.38522E-02   0.39024E-02
 9305.82   0.39484E-02   0.38474E-02   0.38977E-02
 9319.42   0.39427E-02   0.38422E-02   0.38925E-02
 9333.03   0.39363E-02   0.38362E-02   0.38867E-02
 9346.63   0.39302E-02   0.38305E-02   0.38810E-02
 9360.24   0.39239E-02   0.38247E-02   0.38752E-02
 9373.84   0.39174E-02   0.38186E-02   0.38692E-02
 9387.45   0.39105E-02   0.38122E-02   0.38628E-02
 9401.05   0.39032E-02   0.38055E-02   0.38561E-02
 9414.66   0.38957E-02   0.37984E-02   0.38491E-02
 9428.26   0.38880E-02   0.37912E-02   0.38418E-02
 9441.87   0.38801E-02   0.37838E-02   0.38345E-02
 9455.47   0.38721E-02   0.37763E-02   0.38270E-02
 9469.08   0.38640E-02   0.37687E-02   0.38194E-02
 9482.68   0.38544E-02   0.37597E-02   0.38104E-02
 9496.29   0.38508E-02   0.37564E-02   0.38072E-02
 9509.89   0.38499E-02   0.37559E-02   0.38068E-02
 9523.50   0.38421E-02   0.37486E-02   0.37995E-02
 9537.10   0.38357E-02   0.37426E-02   0.37936E-02
 9550.71   0.38296E-02   0.37370E-02   0.37880E-02
 9564.31   0.38235E-02   0.37314E-02   0.37824E-02
 9577.92   0.38173E-02   0.37257E-02   0.37767E-02
 9591.52   0.38108E-02   0.37196E-02   0.37707E-02
 9605.13   0.38039E-02   0.37132E-02   0.37643E-02
 9618.73   0.37966E-02   0.37064E-02   0.37575E-02
 9632.34   0.37889E-02   0.36992E-02   0.37503E-02
 9645.94   0.37806E-02   0.36914E-02   0.37425E-02
 9659.55   0.37714E-02   0.36827E-02   0.37338E-02
 9673.15   0.37577E-02   0.36697E-02   0.37207E-02
 9686.76   0.37549E-02   0.36673E-02   0.37184E-02
 9700.36   0.37618E-02   0.36743E-02   0.37256E-02
 9713.97   0.37521E-02   0.36652E-02   0.37165E-02
 9727.57   0.37448E-02   0.36583E-02   0.37096E-02
 9741.18   0.37383E-02   0.36523E-02   0.37036E-02
 9754.78   0.37322E-02   0.36467E-02   0.36981E-02
 9768.39   0.37263E-02   0.36413E-02   0.36927E-02
 9781.99   0.37204E-02   0.36358E-02   0.36873E-02
 9795.60   0.37143E-02   0.36302E-02   0.36816E-02
 9809.20   0.37078E-02   0.36241E-02   0.36756E-02
 9822.81   0.37008E-02   0.36176E-02   0.36691E-02
 9836.41   0.36930E-02   0.36103E-02   0.36618E-02
 9850.02   0.36837E-02   0.36016E-02   0.36531E-02
 9863.62   0.36689E-02   0.35874E-02   0.36388E-02
 9877.23   0.36649E-02   0.35838E-02   0.36353E-02
 9890.83   0.36773E-02   0.35963E-02   0.36480E-02
 9904.44   0.36661E-02   0.35856E-02   0.36373E-02
 9918.04   0.36577E-02   0.35778E-02   0.36295E-02
 9931.65   0.36505E-02   0.35711E-02   0.36228E-02
 9945.25   0.36439E-02   0.35650E-02   0.36167E-02
 9958.86   0.36379E-02   0.35594E-02   0.36111E-02
 9972.46   0.36321E-02   0.35541E-02   0.36058E-02
 9986.07   0.36264E-02   0.35489E-02   0.36006E-02
 9999.67   0.36207E-02   0.35436E-02   0.35954E-02
