 1442.13   0.25255E+00   0.24700E+00   0.24074E+00
 1455.73   0.24917E+00   0.24362E+00   0.23744E+00
 1469.34   0.24583E+00   0.24029E+00   0.23420E+00
 1482.94   0.24257E+00   0.23703E+00   0.23102E+00
 1496.55   0.23932E+00   0.23378E+00   0.22786E+00
 1510.15   0.23617E+00   0.23064E+00   0.22480E+00
 1523.76   0.23307E+00   0.22754E+00   0.22178E+00
 1537.36   0.23001E+00   0.22449E+00   0.21881E+00
 1550.97   0.22699E+00   0.22148E+00   0.21588E+00
 1564.57   0.22404E+00   0.21853E+00   0.21302E+00
 1578.18   0.22111E+00   0.21562E+00   0.21017E+00
 1591.78   0.21824E+00   0.21276E+00   0.20740E+00
 1605.39   0.21543E+00   0.20996E+00   0.20467E+00
 1618.99   0.21265E+00   0.20720E+00   0.20199E+00
 1632.60   0.20992E+00   0.20448E+00   0.19934E+00
 1646.20   0.20722E+00   0.20180E+00   0.19673E+00
 1659.81   0.20457E+00   0.19916E+00   0.19417E+00
 1673.41   0.20197E+00   0.19658E+00   0.19166E+00
 1687.02   0.19941E+00   0.19404E+00   0.18919E+00
 1700.62   0.19689E+00   0.19154E+00   0.18676E+00
 1714.23   0.19442E+00   0.18908E+00   0.18436E+00
 1727.83   0.19196E+00   0.18664E+00   0.18200E+00
 1741.44   0.18955E+00   0.18426E+00   0.17968E+00
 1755.04   0.18719E+00   0.18191E+00   0.17740E+00
 1768.65   0.18486E+00   0.17960E+00   0.17516E+00
 1782.25   0.18257E+00   0.17734E+00   0.17296E+00
 1795.86   0.18032E+00   0.17511E+00   0.17079E+00
 1809.46   0.17808E+00   0.17289E+00   0.16863E+00
 1823.07   0.17589E+00   0.17072E+00   0.16653E+00
 1836.67   0.17373E+00   0.16859E+00   0.16446E+00
 1850.28   0.17160E+00   0.16648E+00   0.16241E+00
 1863.88   0.16951E+00   0.16442E+00   0.16041E+00
 1877.49   0.16746E+00   0.16240E+00   0.15844E+00
 1891.09   0.16540E+00   0.16036E+00   0.15647E+00
 1904.70   0.16341E+00   0.15840E+00   0.15456E+00
 1918.30   0.16144E+00   0.15645E+00   0.15268E+00
 1931.91   0.15949E+00   0.15454E+00   0.15082E+00
 1945.51   0.15758E+00   0.15266E+00   0.14899E+00
 1959.12   0.15571E+00   0.15081E+00   0.14720E+00
 1972.72   0.15382E+00   0.14895E+00   0.14539E+00
 1986.33   0.15201E+00   0.14717E+00   0.14367E+00
 1999.93   0.15021E+00   0.14540E+00   0.14195E+00
 2013.54   0.14844E+00   0.14366E+00   0.14026E+00
 2027.14   0.14669E+00   0.14193E+00   0.13859E+00
 2040.75   0.14496E+00   0.14024E+00   0.13694E+00
 2054.35   0.14328E+00   0.13858E+00   0.13534E+00
 2067.96   0.14158E+00   0.13692E+00   0.13372E+00
 2081.56   0.13993E+00   0.13531E+00   0.13216E+00
 2095.17   0.13831E+00   0.13371E+00   0.13061E+00
 2108.77   0.13670E+00   0.13214E+00   0.12908E+00
 2122.38   0.13512E+00   0.13059E+00   0.12758E+00
 2135.98   0.13356E+00   0.12906E+00   0.12610E+00
 2149.59   0.13201E+00   0.12754E+00   0.12463E+00
 2163.19   0.13050E+00   0.12607E+00   0.12320E+00
 2176.80   0.12901E+00   0.12461E+00   0.12178E+00
 2190.40   0.12754E+00   0.12317E+00   0.12039E+00
 2204.01   0.12609E+00   0.12175E+00   0.11901E+00
 2217.61   0.12465E+00   0.12035E+00   0.11765E+00
 2231.22   0.12324E+00   0.11897E+00   0.11632E+00
 2244.82   0.12185E+00   0.11761E+00   0.11500E+00
 2258.43   0.12047E+00   0.11627E+00   0.11370E+00
 2272.03   0.11912E+00   0.11495E+00   0.11242E+00
 2285.64   0.11779E+00   0.11365E+00   0.11116E+00
 2299.24   0.11647E+00   0.11237E+00   0.10992E+00
 2312.85   0.11517E+00   0.11110E+00   0.10869E+00
 2326.45   0.11389E+00   0.10985E+00   0.10748E+00
 2340.06   0.11262E+00   0.10862E+00   0.10628E+00
 2353.66   0.11137E+00   0.10741E+00   0.10511E+00
 2367.27   0.11014E+00   0.10621E+00   0.10395E+00
 2380.87   0.10893E+00   0.10503E+00   0.10280E+00
 2394.48   0.10773E+00   0.10387E+00   0.10168E+00
 2408.08   0.10655E+00   0.10272E+00   0.10057E+00
 2421.69   0.10538E+00   0.10159E+00   0.99468E-01
 2435.29   0.10423E+00   0.10047E+00   0.98384E-01
 2448.90   0.10309E+00   0.99371E-01   0.97317E-01
 2462.50   0.10197E+00   0.98285E-01   0.96265E-01
 2476.11   0.10087E+00   0.97215E-01   0.95227E-01
 2489.71   0.99778E-01   0.96160E-01   0.94204E-01
 2503.32   0.98703E-01   0.95120E-01   0.93196E-01
 2516.92   0.97644E-01   0.94096E-01   0.92204E-01
 2530.53   0.96590E-01   0.93076E-01   0.91215E-01
 2544.13   0.95555E-01   0.92076E-01   0.90246E-01
 2557.74   0.94533E-01   0.91089E-01   0.89289E-01
 2571.34   0.93525E-01   0.90116E-01   0.88345E-01
 2584.95   0.92530E-01   0.89155E-01   0.87414E-01
 2598.55   0.91548E-01   0.88208E-01   0.86496E-01
 2612.16   0.90580E-01   0.87275E-01   0.85591E-01
 2625.76   0.89618E-01   0.86348E-01   0.84692E-01
 2639.37   0.88674E-01   0.85438E-01   0.83810E-01
 2652.97   0.87740E-01   0.84539E-01   0.82938E-01
 2666.58   0.86818E-01   0.83651E-01   0.82078E-01
 2680.18   0.85908E-01   0.82776E-01   0.81229E-01
 2693.79   0.85010E-01   0.81912E-01   0.80391E-01
 2707.39   0.84124E-01   0.81060E-01   0.79565E-01
 2721.00   0.83246E-01   0.80216E-01   0.78746E-01
 2734.60   0.82382E-01   0.79386E-01   0.77942E-01
 2748.21   0.81528E-01   0.78567E-01   0.77147E-01
 2761.81   0.80685E-01   0.77758E-01   0.76362E-01
 2775.42   0.79852E-01   0.76959E-01   0.75587E-01
 2789.02   0.79030E-01   0.76170E-01   0.74822E-01
 2802.63   0.78218E-01   0.75392E-01   0.74067E-01
 2816.23   0.77417E-01   0.74624E-01   0.73322E-01
 2829.84   0.76624E-01   0.73864E-01   0.72585E-01
 2843.44   0.75841E-01   0.73115E-01   0.71859E-01
 2857.05   0.75068E-01   0.72376E-01   0.71141E-01
 2870.65   0.74305E-01   0.71645E-01   0.70432E-01
 2884.26   0.73550E-01   0.70924E-01   0.69732E-01
 2897.86   0.72805E-01   0.70212E-01   0.69041E-01
 2911.47   0.72069E-01   0.69509E-01   0.68358E-01
 2925.07   0.71342E-01   0.68814E-01   0.67685E-01
 2938.68   0.70624E-01   0.68128E-01   0.67019E-01
 2952.28   0.69914E-01   0.67451E-01   0.66361E-01
 2965.89   0.69213E-01   0.66782E-01   0.65712E-01
 2979.49   0.68520E-01   0.66121E-01   0.65070E-01
 2993.10   0.67835E-01   0.65469E-01   0.64437E-01
 3006.70   0.67159E-01   0.64824E-01   0.63811E-01
 3020.31   0.66491E-01   0.64188E-01   0.63193E-01
 3033.91   0.65831E-01   0.63560E-01   0.62583E-01
 3047.52   0.65179E-01   0.62939E-01   0.61980E-01
 3061.12   0.64534E-01   0.62326E-01   0.61384E-01
 3074.73   0.63897E-01   0.61720E-01   0.60796E-01
 3088.33   0.63267E-01   0.61122E-01   0.60214E-01
 3101.94   0.62645E-01   0.60530E-01   0.59639E-01
 3115.54   0.62030E-01   0.59946E-01   0.59072E-01
 3129.15   0.61422E-01   0.59369E-01   0.58511E-01
 3142.75   0.60822E-01   0.58800E-01   0.57958E-01
 3156.36   0.60229E-01   0.58237E-01   0.57410E-01
 3169.96   0.59643E-01   0.57680E-01   0.56870E-01
 3183.57   0.59063E-01   0.57131E-01   0.56335E-01
 3197.17   0.58489E-01   0.56587E-01   0.55806E-01
 3210.78   0.57922E-01   0.56049E-01   0.55284E-01
 3224.38   0.57361E-01   0.55518E-01   0.54767E-01
 3237.99   0.56806E-01   0.54993E-01   0.54256E-01
 3251.59   0.56262E-01   0.54478E-01   0.53755E-01
 3265.20   0.55720E-01   0.53965E-01   0.53256E-01
 3278.80   0.55186E-01   0.53460E-01   0.52764E-01
 3292.41   0.54657E-01   0.52960E-01   0.52278E-01
 3306.01   0.54135E-01   0.52466E-01   0.51797E-01
 3319.62   0.53618E-01   0.51977E-01   0.51322E-01
 3333.22   0.53105E-01   0.51493E-01   0.50851E-01
 3346.83   0.52598E-01   0.51014E-01   0.50384E-01
 3360.43   0.52105E-01   0.50548E-01   0.49931E-01
 3374.04   0.51609E-01   0.50081E-01   0.49475E-01
 3387.64   0.51121E-01   0.49620E-01   0.49026E-01
 3401.25   0.50638E-01   0.49165E-01   0.48583E-01
 3414.85   0.50162E-01   0.48715E-01   0.48145E-01
 3428.46   0.49690E-01   0.48270E-01   0.47712E-01
 3442.06   0.49222E-01   0.47830E-01   0.47283E-01
 3455.67   0.48757E-01   0.47392E-01   0.46855E-01
 3469.27   0.48311E-01   0.46972E-01   0.46446E-01
 3482.88   0.47855E-01   0.46542E-01   0.46027E-01
 3496.48   0.47408E-01   0.46121E-01   0.45617E-01
 3510.09   0.46966E-01   0.45705E-01   0.45211E-01
 3523.69   0.46529E-01   0.45295E-01   0.44811E-01
 3537.30   0.46098E-01   0.44889E-01   0.44415E-01
 3550.90   0.45671E-01   0.44487E-01   0.44023E-01
 3564.51   0.45248E-01   0.44089E-01   0.43635E-01
 3578.11   0.44825E-01   0.43692E-01   0.43247E-01
 3591.72   0.44421E-01   0.43312E-01   0.42877E-01
 3605.32   0.44010E-01   0.42927E-01   0.42500E-01
 3618.93   0.43605E-01   0.42546E-01   0.42129E-01
 3632.53   0.43204E-01   0.42170E-01   0.41762E-01
 3646.14   0.42809E-01   0.41799E-01   0.41399E-01
 3659.74   0.42418E-01   0.41432E-01   0.41041E-01
 3673.35   0.42032E-01   0.41069E-01   0.40687E-01
 3686.95   0.41648E-01   0.40710E-01   0.40335E-01
 3700.56   0.41274E-01   0.40359E-01   0.39993E-01
 3714.16   0.40898E-01   0.40006E-01   0.39648E-01
 3727.77   0.40527E-01   0.39658E-01   0.39307E-01
 3741.37   0.40159E-01   0.39314E-01   0.38971E-01
 3754.98   0.39796E-01   0.38973E-01   0.38638E-01
 3768.58   0.39437E-01   0.38637E-01   0.38309E-01
 3782.19   0.39082E-01   0.38304E-01   0.37984E-01
 3795.79   0.38731E-01   0.37976E-01   0.37662E-01
 3809.40   0.38384E-01   0.37651E-01   0.37344E-01
 3823.00   0.38042E-01   0.37330E-01   0.37031E-01
 3836.61   0.37702E-01   0.37012E-01   0.36719E-01
 3850.21   0.37365E-01   0.36697E-01   0.36411E-01
 3863.82   0.37031E-01   0.36385E-01   0.36105E-01
 3877.42   0.36701E-01   0.36075E-01   0.35802E-01
 3891.03   0.36374E-01   0.35770E-01   0.35503E-01
 3904.63   0.36051E-01   0.35467E-01   0.35206E-01
 3918.24   0.35731E-01   0.35169E-01   0.34914E-01
 3931.84   0.35416E-01   0.34874E-01   0.34625E-01
 3945.45   0.35105E-01   0.34583E-01   0.34340E-01
 3959.05   0.34796E-01   0.34294E-01   0.34057E-01
 3972.66   0.34490E-01   0.34008E-01   0.33777E-01
 3986.26   0.34187E-01   0.33725E-01   0.33499E-01
 3999.87   0.33886E-01   0.33444E-01   0.33223E-01
 4013.47   0.33589E-01   0.33166E-01   0.32950E-01
 4027.08   0.33294E-01   0.32890E-01   0.32680E-01
 4040.68   0.33002E-01   0.32618E-01   0.32412E-01
 4054.29   0.32714E-01   0.32348E-01   0.32148E-01
 4067.89   0.32433E-01   0.32086E-01   0.31891E-01
 4081.50   0.32151E-01   0.31823E-01   0.31633E-01
 4095.10   0.31873E-01   0.31563E-01   0.31377E-01
 4108.71   0.31598E-01   0.31306E-01   0.31125E-01
 4122.31   0.31324E-01   0.31051E-01   0.30874E-01
 4135.92   0.31053E-01   0.30798E-01   0.30625E-01
 4149.52   0.30784E-01   0.30546E-01   0.30378E-01
 4163.13   0.30517E-01   0.30296E-01   0.30132E-01
 4176.73   0.30252E-01   0.30049E-01   0.29889E-01
 4190.34   0.30001E-01   0.29815E-01   0.29659E-01
 4203.94   0.29742E-01   0.29574E-01   0.29422E-01
 4217.55   0.29488E-01   0.29336E-01   0.29188E-01
 4231.15   0.29236E-01   0.29102E-01   0.28957E-01
 4244.76   0.28987E-01   0.28869E-01   0.28729E-01
 4258.36   0.28741E-01   0.28639E-01   0.28502E-01
 4271.97   0.28496E-01   0.28410E-01   0.28277E-01
 4285.57   0.28251E-01   0.28182E-01   0.28052E-01
 4299.18   0.28000E-01   0.27947E-01   0.27820E-01
 4312.78   0.27784E-01   0.27746E-01   0.27623E-01
 4326.39   0.27544E-01   0.27522E-01   0.27402E-01
 4339.99   0.27311E-01   0.27304E-01   0.27187E-01
 4353.60   0.27081E-01   0.27090E-01   0.26976E-01
 4367.20   0.26854E-01   0.26877E-01   0.26767E-01
 4380.81   0.26629E-01   0.26668E-01   0.26560E-01
 4394.41   0.26406E-01   0.26459E-01   0.26354E-01
 4408.02   0.26184E-01   0.26252E-01   0.26150E-01
 4421.62   0.25961E-01   0.26044E-01   0.25944E-01
 4435.23   0.25766E-01   0.25863E-01   0.25766E-01
 4448.83   0.25539E-01   0.25650E-01   0.25556E-01
 4462.44   0.25324E-01   0.25449E-01   0.25357E-01
 4476.04   0.25112E-01   0.25252E-01   0.25162E-01
 4489.65   0.24904E-01   0.25057E-01   0.24970E-01
 4503.25   0.24698E-01   0.24864E-01   0.24780E-01
 4516.86   0.24494E-01   0.24674E-01   0.24592E-01
 4530.46   0.24293E-01   0.24486E-01   0.24406E-01
 4544.07   0.24092E-01   0.24298E-01   0.24221E-01
 4557.67   0.23892E-01   0.24111E-01   0.24035E-01
 4571.28   0.23704E-01   0.23936E-01   0.23862E-01
 4584.88   0.23507E-01   0.23752E-01   0.23680E-01
 4598.49   0.23313E-01   0.23570E-01   0.23500E-01
 4612.09   0.23121E-01   0.23391E-01   0.23323E-01
 4625.70   0.22932E-01   0.23214E-01   0.23148E-01
 4639.30   0.22745E-01   0.23039E-01   0.22974E-01
 4652.91   0.22560E-01   0.22866E-01   0.22804E-01
 4666.51   0.22378E-01   0.22695E-01   0.22634E-01
 4680.12   0.22196E-01   0.22526E-01   0.22466E-01
 4693.72   0.22015E-01   0.22355E-01   0.22298E-01
 4707.33   0.21842E-01   0.22194E-01   0.22138E-01
 4720.93   0.21665E-01   0.22028E-01   0.21974E-01
 4734.54   0.21490E-01   0.21864E-01   0.21811E-01
 4748.14   0.21316E-01   0.21701E-01   0.21649E-01
 4761.75   0.21144E-01   0.21540E-01   0.21489E-01
 4775.35   0.20974E-01   0.21380E-01   0.21331E-01
 4788.96   0.20806E-01   0.21223E-01   0.21175E-01
 4802.56   0.20640E-01   0.21067E-01   0.21020E-01
 4816.17   0.20476E-01   0.20913E-01   0.20868E-01
 4829.77   0.20314E-01   0.20762E-01   0.20717E-01
 4843.38   0.20153E-01   0.20611E-01   0.20567E-01
 4856.98   0.19993E-01   0.20461E-01   0.20419E-01
 4870.59   0.19835E-01   0.20312E-01   0.20271E-01
 4884.19   0.19677E-01   0.20164E-01   0.20123E-01
 4897.80   0.19520E-01   0.20017E-01   0.19977E-01
 4911.40   0.19365E-01   0.19871E-01   0.19832E-01
 4925.01   0.19212E-01   0.19727E-01   0.19689E-01
 4938.61   0.19060E-01   0.19584E-01   0.19547E-01
 4952.22   0.18910E-01   0.19442E-01   0.19406E-01
 4965.82   0.18765E-01   0.19307E-01   0.19272E-01
 4979.43   0.18618E-01   0.19168E-01   0.19134E-01
 4993.03   0.18473E-01   0.19032E-01   0.18998E-01
 5006.64   0.18329E-01   0.18897E-01   0.18863E-01
 5020.24   0.18187E-01   0.18762E-01   0.18729E-01
 5033.85   0.18045E-01   0.18628E-01   0.18596E-01
 5047.45   0.17904E-01   0.18495E-01   0.18464E-01
 5061.06   0.17763E-01   0.18363E-01   0.18332E-01
 5074.66   0.17624E-01   0.18232E-01   0.18201E-01
 5088.27   0.17485E-01   0.18099E-01   0.18069E-01
 5101.87   0.17362E-01   0.17985E-01   0.17955E-01
 5115.48   0.17223E-01   0.17853E-01   0.17824E-01
 5129.08   0.17091E-01   0.17728E-01   0.17699E-01
 5142.69   0.16960E-01   0.17604E-01   0.17576E-01
 5156.29   0.16830E-01   0.17482E-01   0.17454E-01
 5169.90   0.16702E-01   0.17360E-01   0.17332E-01
 5183.50   0.16574E-01   0.17239E-01   0.17211E-01
 5197.11   0.16446E-01   0.17118E-01   0.17091E-01
 5210.71   0.16319E-01   0.16998E-01   0.16970E-01
 5224.32   0.16191E-01   0.16876E-01   0.16848E-01
 5237.92   0.16064E-01   0.16755E-01   0.16728E-01
 5251.53   0.15955E-01   0.16653E-01   0.16626E-01
 5265.13   0.15833E-01   0.16537E-01   0.16510E-01
 5278.74   0.15713E-01   0.16423E-01   0.16396E-01
 5292.34   0.15595E-01   0.16311E-01   0.16284E-01
 5305.95   0.15478E-01   0.16200E-01   0.16173E-01
 5319.55   0.15362E-01   0.16090E-01   0.16063E-01
 5333.16   0.15247E-01   0.15980E-01   0.15953E-01
 5346.76   0.15131E-01   0.15870E-01   0.15843E-01
 5360.37   0.15015E-01   0.15759E-01   0.15732E-01
 5373.97   0.14900E-01   0.15649E-01   0.15622E-01
 5387.58   0.14802E-01   0.15558E-01   0.15531E-01
 5401.18   0.14688E-01   0.15448E-01   0.15421E-01
 5414.79   0.14577E-01   0.15342E-01   0.15315E-01
 5428.39   0.14469E-01   0.15238E-01   0.15211E-01
 5442.00   0.14362E-01   0.15136E-01   0.15109E-01
 5455.60   0.14256E-01   0.15035E-01   0.15008E-01
 5469.21   0.14152E-01   0.14935E-01   0.14908E-01
 5482.81   0.14048E-01   0.14836E-01   0.14808E-01
 5496.42   0.13943E-01   0.14736E-01   0.14708E-01
 5510.02   0.13836E-01   0.14633E-01   0.14604E-01
 5523.63   0.13755E-01   0.14557E-01   0.14528E-01
 5537.23   0.13645E-01   0.14450E-01   0.14421E-01
 5550.84   0.13543E-01   0.14352E-01   0.14323E-01
 5564.44   0.13443E-01   0.14256E-01   0.14226E-01
 5578.05   0.13344E-01   0.14161E-01   0.14131E-01
 5591.65   0.13247E-01   0.14068E-01   0.14037E-01
 5605.26   0.13152E-01   0.13976E-01   0.13945E-01
 5618.86   0.13057E-01   0.13885E-01   0.13854E-01
 5632.47   0.12963E-01   0.13795E-01   0.13763E-01
 5646.07   0.12870E-01   0.13704E-01   0.13672E-01
 5659.68   0.12776E-01   0.13614E-01   0.13581E-01
 5673.28   0.12691E-01   0.13533E-01   0.13500E-01
 5686.89   0.12598E-01   0.13443E-01   0.13409E-01
 5700.49   0.12507E-01   0.13354E-01   0.13321E-01
 5714.10   0.12416E-01   0.13267E-01   0.13232E-01
 5727.70   0.12327E-01   0.13180E-01   0.13145E-01
 5741.31   0.12239E-01   0.13094E-01   0.13059E-01
 5754.91   0.12152E-01   0.13010E-01   0.12974E-01
 5768.52   0.12066E-01   0.12927E-01   0.12891E-01
 5782.12   0.11981E-01   0.12845E-01   0.12808E-01
 5795.73   0.11897E-01   0.12763E-01   0.12726E-01
 5809.33   0.11813E-01   0.12681E-01   0.12643E-01
 5822.94   0.11733E-01   0.12604E-01   0.12565E-01
 5836.54   0.11650E-01   0.12523E-01   0.12485E-01
 5850.15   0.11568E-01   0.12443E-01   0.12404E-01
 5863.75   0.11487E-01   0.12364E-01   0.12324E-01
 5877.36   0.11406E-01   0.12285E-01   0.12244E-01
 5890.96   0.11326E-01   0.12206E-01   0.12165E-01
 5904.57   0.11246E-01   0.12128E-01   0.12087E-01
 5918.17   0.11168E-01   0.12052E-01   0.12010E-01
 5931.78   0.11091E-01   0.11976E-01   0.11933E-01
 5945.38   0.11014E-01   0.11902E-01   0.11858E-01
 5958.99   0.10939E-01   0.11828E-01   0.11784E-01
 5972.59   0.10865E-01   0.11755E-01   0.11711E-01
 5986.20   0.10791E-01   0.11683E-01   0.11638E-01
 5999.80   0.10718E-01   0.11610E-01   0.11565E-01
 6013.41   0.10644E-01   0.11538E-01   0.11492E-01
 6027.01   0.10571E-01   0.11466E-01   0.11419E-01
 6040.62   0.10498E-01   0.11394E-01   0.11346E-01
 6054.22   0.10426E-01   0.11323E-01   0.11274E-01
 6067.83   0.10354E-01   0.11252E-01   0.11203E-01
 6081.43   0.10283E-01   0.11182E-01   0.11132E-01
 6095.04   0.10213E-01   0.11112E-01   0.11061E-01
 6108.64   0.10145E-01   0.11044E-01   0.10993E-01
 6122.25   0.10080E-01   0.10980E-01   0.10928E-01
 6135.85   0.10012E-01   0.10913E-01   0.10861E-01
 6149.46   0.99453E-02   0.10847E-01   0.10794E-01
 6163.06   0.98792E-02   0.10781E-01   0.10728E-01
 6176.67   0.98133E-02   0.10716E-01   0.10661E-01
 6190.27   0.97476E-02   0.10650E-01   0.10595E-01
 6203.88   0.96820E-02   0.10585E-01   0.10529E-01
 6217.48   0.96166E-02   0.10520E-01   0.10463E-01
 6231.09   0.95514E-02   0.10454E-01   0.10397E-01
 6244.69   0.94855E-02   0.10388E-01   0.10330E-01
 6258.30   0.94228E-02   0.10325E-01   0.10267E-01
 6271.90   0.93685E-02   0.10272E-01   0.10212E-01
 6285.51   0.93053E-02   0.10208E-01   0.10148E-01
 6299.11   0.92442E-02   0.10147E-01   0.10086E-01
 6312.72   0.91842E-02   0.10087E-01   0.10025E-01
 6326.32   0.91247E-02   0.10027E-01   0.99646E-02
 6339.93   0.90656E-02   0.99673E-02   0.99044E-02
 6353.53   0.90066E-02   0.99078E-02   0.98442E-02
 6367.14   0.89475E-02   0.98482E-02   0.97839E-02
 6380.74   0.88883E-02   0.97882E-02   0.97232E-02
 6394.35   0.88281E-02   0.97271E-02   0.96614E-02
 6407.95   0.87700E-02   0.96682E-02   0.96018E-02
 6421.56   0.87265E-02   0.96253E-02   0.95580E-02
 6435.16   0.86651E-02   0.95624E-02   0.94946E-02
 6448.77   0.86082E-02   0.95046E-02   0.94360E-02
 6462.37   0.85530E-02   0.94484E-02   0.93791E-02
 6475.98   0.84987E-02   0.93932E-02   0.93232E-02
 6489.58   0.84451E-02   0.93387E-02   0.92679E-02
 6503.19   0.83920E-02   0.92845E-02   0.92131E-02
 6516.79   0.83390E-02   0.92305E-02   0.91583E-02
 6530.40   0.82860E-02   0.91762E-02   0.91033E-02
 6544.00   0.82323E-02   0.91211E-02   0.90475E-02
 6557.61   0.81750E-02   0.90620E-02   0.89877E-02
 6571.21   0.81193E-02   0.90045E-02   0.89296E-02
 6584.82   0.80848E-02   0.89703E-02   0.88945E-02
 6598.42   0.80314E-02   0.89153E-02   0.88388E-02
 6612.03   0.79801E-02   0.88623E-02   0.87851E-02
 6625.63   0.79300E-02   0.88106E-02   0.87327E-02
 6639.24   0.78807E-02   0.87598E-02   0.86812E-02
 6652.84   0.78323E-02   0.87098E-02   0.86305E-02
 6666.45   0.77845E-02   0.86604E-02   0.85803E-02
 6680.05   0.77370E-02   0.86112E-02   0.85305E-02
 6693.66   0.76894E-02   0.85619E-02   0.84805E-02
 6707.26   0.76411E-02   0.85117E-02   0.84295E-02
 6720.87   0.75928E-02   0.84614E-02   0.83786E-02
 6734.47   0.75577E-02   0.84257E-02   0.83420E-02
 6748.08   0.75073E-02   0.83729E-02   0.82886E-02
 6761.68   0.74600E-02   0.83234E-02   0.82385E-02
 6775.29   0.74137E-02   0.82749E-02   0.81893E-02
 6788.89   0.73682E-02   0.82272E-02   0.81409E-02
 6802.50   0.73234E-02   0.81803E-02   0.80934E-02
 6816.10   0.72794E-02   0.81342E-02   0.80465E-02
 6829.71   0.72361E-02   0.80888E-02   0.80004E-02
 6843.31   0.71934E-02   0.80439E-02   0.79548E-02
 6856.92   0.71509E-02   0.79992E-02   0.79095E-02
 6870.52   0.71080E-02   0.79540E-02   0.78636E-02
 6884.13   0.70646E-02   0.79081E-02   0.78171E-02
 6897.73   0.70289E-02   0.78707E-02   0.77789E-02
 6911.34   0.69861E-02   0.78254E-02   0.77330E-02
 6924.94   0.69442E-02   0.77809E-02   0.76878E-02
 6938.55   0.69025E-02   0.77367E-02   0.76430E-02
 6952.15   0.68612E-02   0.76928E-02   0.75984E-02
 6965.76   0.68205E-02   0.76494E-02   0.75544E-02
 6979.36   0.67803E-02   0.76066E-02   0.75110E-02
 6992.97   0.67408E-02   0.75645E-02   0.74682E-02
 7006.57   0.67020E-02   0.75230E-02   0.74261E-02
 7020.18   0.66638E-02   0.74822E-02   0.73846E-02
 7033.78   0.66259E-02   0.74416E-02   0.73434E-02
 7047.39   0.65878E-02   0.74007E-02   0.73019E-02
 7060.99   0.65521E-02   0.73625E-02   0.72631E-02
 7074.60   0.65149E-02   0.73225E-02   0.72224E-02
 7088.20   0.64777E-02   0.72824E-02   0.71817E-02
 7101.81   0.64405E-02   0.72423E-02   0.71410E-02
 7115.41   0.64033E-02   0.72022E-02   0.71002E-02
 7129.02   0.63663E-02   0.71621E-02   0.70596E-02
 7142.62   0.63297E-02   0.71224E-02   0.70193E-02
 7156.23   0.62935E-02   0.70831E-02   0.69794E-02
 7169.83   0.62578E-02   0.70444E-02   0.69401E-02
 7183.44   0.62228E-02   0.70062E-02   0.69013E-02
 7197.04   0.61881E-02   0.69684E-02   0.68629E-02
 7210.65   0.61549E-02   0.69322E-02   0.68262E-02
 7224.25   0.61218E-02   0.68962E-02   0.67895E-02
 7237.86   0.60885E-02   0.68597E-02   0.67525E-02
 7251.46   0.60553E-02   0.68234E-02   0.67156E-02
 7265.07   0.60222E-02   0.67871E-02   0.66787E-02
 7278.67   0.59891E-02   0.67506E-02   0.66417E-02
 7292.28   0.59558E-02   0.67140E-02   0.66046E-02
 7305.88   0.59226E-02   0.66774E-02   0.65674E-02
 7319.49   0.58895E-02   0.66409E-02   0.65303E-02
 7333.09   0.58566E-02   0.66045E-02   0.64934E-02
 7346.70   0.58240E-02   0.65683E-02   0.64567E-02
 7360.30   0.57909E-02   0.65315E-02   0.64195E-02
 7373.91   0.57610E-02   0.64984E-02   0.63857E-02
 7387.51   0.57341E-02   0.64685E-02   0.63553E-02
 7401.12   0.57029E-02   0.64338E-02   0.63201E-02
 7414.72   0.56729E-02   0.64002E-02   0.62860E-02
 7428.33   0.56431E-02   0.63670E-02   0.62523E-02
 7441.93   0.56136E-02   0.63339E-02   0.62186E-02
 7455.54   0.55839E-02   0.63007E-02   0.61849E-02
 7469.14   0.55542E-02   0.62673E-02   0.61511E-02
 7482.75   0.55244E-02   0.62338E-02   0.61171E-02
 7496.35   0.54944E-02   0.62000E-02   0.60828E-02
 7509.96   0.54642E-02   0.61659E-02   0.60483E-02
 7523.56   0.54330E-02   0.61307E-02   0.60127E-02
 7537.17   0.54050E-02   0.60990E-02   0.59805E-02
 7550.77   0.53861E-02   0.60776E-02   0.59584E-02
 7564.38   0.53551E-02   0.60423E-02   0.59228E-02
 7577.98   0.53269E-02   0.60102E-02   0.58903E-02
 7591.59   0.52996E-02   0.59791E-02   0.58587E-02
 7605.19   0.52728E-02   0.59486E-02   0.58277E-02
 7618.80   0.52463E-02   0.59183E-02   0.57970E-02
 7632.40   0.52199E-02   0.58880E-02   0.57663E-02
 7646.01   0.51934E-02   0.58576E-02   0.57355E-02
 7659.61   0.51666E-02   0.58269E-02   0.57044E-02
 7673.22   0.51395E-02   0.57957E-02   0.56728E-02
 7686.82   0.51113E-02   0.57634E-02   0.56401E-02
 7700.43   0.50772E-02   0.57243E-02   0.56009E-02
 7714.03   0.50779E-02   0.57241E-02   0.55995E-02
 7727.64   0.50418E-02   0.56828E-02   0.55582E-02
 7741.24   0.50146E-02   0.56513E-02   0.55263E-02
 7754.85   0.49889E-02   0.56215E-02   0.54962E-02
 7768.45   0.49641E-02   0.55926E-02   0.54669E-02
 7782.06   0.49398E-02   0.55643E-02   0.54382E-02
 7795.66   0.49160E-02   0.55365E-02   0.54100E-02
 7809.27   0.48924E-02   0.55088E-02   0.53820E-02
 7822.87   0.48688E-02   0.54811E-02   0.53539E-02
 7836.48   0.48450E-02   0.54532E-02   0.53256E-02
 7850.08   0.48206E-02   0.54246E-02   0.52967E-02
 7863.69   0.47942E-02   0.53938E-02   0.52657E-02
 7877.29   0.47698E-02   0.53651E-02   0.52367E-02
 7890.90   0.47596E-02   0.53521E-02   0.52230E-02
 7904.50   0.47327E-02   0.53205E-02   0.51912E-02
 7918.11   0.47084E-02   0.52918E-02   0.51623E-02
 7931.71   0.46850E-02   0.52642E-02   0.51343E-02
 7945.32   0.46623E-02   0.52372E-02   0.51071E-02
 7958.92   0.46402E-02   0.52108E-02   0.50804E-02
 7972.53   0.46185E-02   0.51850E-02   0.50542E-02
 7986.13   0.45973E-02   0.51595E-02   0.50285E-02
 7999.74   0.45762E-02   0.51342E-02   0.50029E-02
 8013.34   0.45551E-02   0.51089E-02   0.49773E-02
 8026.95   0.45336E-02   0.50830E-02   0.49512E-02
 8040.55   0.45096E-02   0.50544E-02   0.49224E-02
 8054.16   0.44868E-02   0.50271E-02   0.48949E-02
 8067.76   0.44766E-02   0.50137E-02   0.48809E-02
 8081.37   0.44541E-02   0.49867E-02   0.48537E-02
 8094.97   0.44325E-02   0.49607E-02   0.48275E-02
 8108.58   0.44114E-02   0.49351E-02   0.48017E-02
 8122.18   0.43906E-02   0.49099E-02   0.47763E-02
 8135.79   0.43703E-02   0.48852E-02   0.47514E-02
 8149.39   0.43505E-02   0.48610E-02   0.47269E-02
 8163.00   0.43311E-02   0.48373E-02   0.47030E-02
 8176.60   0.43121E-02   0.48139E-02   0.46794E-02
 8190.21   0.42934E-02   0.47908E-02   0.46561E-02
 8203.81   0.42746E-02   0.47677E-02   0.46327E-02
 8217.42   0.42545E-02   0.47429E-02   0.46078E-02
 8231.02   0.42421E-02   0.47269E-02   0.45914E-02
 8244.63   0.42215E-02   0.47017E-02   0.45660E-02
 8258.23   0.42025E-02   0.46782E-02   0.45424E-02
 8271.84   0.41836E-02   0.46548E-02   0.45188E-02
 8285.44   0.41647E-02   0.46314E-02   0.44953E-02
 8299.05   0.41459E-02   0.46081E-02   0.44719E-02
 8312.65   0.41273E-02   0.45850E-02   0.44486E-02
 8326.26   0.41090E-02   0.45622E-02   0.44257E-02
 8339.86   0.40911E-02   0.45398E-02   0.44031E-02
 8353.47   0.40736E-02   0.45178E-02   0.43810E-02
 8367.07   0.40565E-02   0.44963E-02   0.43593E-02
 8380.68   0.40398E-02   0.44751E-02   0.43380E-02
 8394.28   0.40232E-02   0.44538E-02   0.43166E-02
 8407.89   0.40074E-02   0.44341E-02   0.42967E-02
 8421.49   0.39910E-02   0.44132E-02   0.42756E-02
 8435.10   0.39747E-02   0.43924E-02   0.42547E-02
 8448.70   0.39582E-02   0.43714E-02   0.42336E-02
 8462.31   0.39416E-02   0.43503E-02   0.42124E-02
 8475.91   0.39249E-02   0.43290E-02   0.41910E-02
 8489.52   0.39080E-02   0.43077E-02   0.41696E-02
 8503.12   0.38913E-02   0.42863E-02   0.41482E-02
 8516.73   0.38746E-02   0.42651E-02   0.41270E-02
 8530.33   0.38583E-02   0.42442E-02   0.41060E-02
 8543.94   0.38422E-02   0.42236E-02   0.40853E-02
 8557.54   0.38264E-02   0.42032E-02   0.40649E-02
 8571.15   0.38102E-02   0.41821E-02   0.40437E-02
 8584.75   0.37988E-02   0.41673E-02   0.40287E-02
 8598.36   0.37830E-02   0.41466E-02   0.40080E-02
 8611.96   0.37684E-02   0.41274E-02   0.39888E-02
 8625.57   0.37538E-02   0.41084E-02   0.39696E-02
 8639.17   0.37393E-02   0.40893E-02   0.39505E-02
 8652.78   0.37246E-02   0.40701E-02   0.39312E-02
 8666.38   0.37097E-02   0.40506E-02   0.39118E-02
 8679.99   0.36946E-02   0.40310E-02   0.38922E-02
 8693.59   0.36794E-02   0.40113E-02   0.38725E-02
 8707.20   0.36642E-02   0.39915E-02   0.38527E-02
 8720.80   0.36490E-02   0.39717E-02   0.38329E-02
 8734.41   0.36336E-02   0.39517E-02   0.38129E-02
 8748.01   0.36166E-02   0.39298E-02   0.37912E-02
 8761.62   0.36051E-02   0.39139E-02   0.37752E-02
 8775.22   0.35964E-02   0.39013E-02   0.37624E-02
 8788.83   0.35820E-02   0.38823E-02   0.37434E-02
 8802.43   0.35685E-02   0.38643E-02   0.37254E-02
 8816.04   0.35554E-02   0.38466E-02   0.37078E-02
 8829.64   0.35424E-02   0.38291E-02   0.36903E-02
 8843.25   0.35294E-02   0.38115E-02   0.36728E-02
 8856.85   0.35161E-02   0.37938E-02   0.36551E-02
 8870.46   0.35027E-02   0.37758E-02   0.36372E-02
 8884.06   0.34890E-02   0.37576E-02   0.36190E-02
 8897.67   0.34750E-02   0.37391E-02   0.36006E-02
 8911.27   0.34605E-02   0.37200E-02   0.35816E-02
 8924.88   0.34444E-02   0.36991E-02   0.35610E-02
 8938.48   0.34327E-02   0.36830E-02   0.35449E-02
 8952.09   0.34305E-02   0.36770E-02   0.35385E-02
 8965.69   0.34145E-02   0.36562E-02   0.35180E-02
 8979.30   0.34011E-02   0.36383E-02   0.35002E-02
 8992.90   0.33887E-02   0.36213E-02   0.34833E-02
 9006.51   0.33767E-02   0.36048E-02   0.34669E-02
 9020.11   0.33650E-02   0.35886E-02   0.34507E-02
 9033.72   0.33533E-02   0.35725E-02   0.34347E-02
 9047.32   0.33416E-02   0.35563E-02   0.34186E-02
 9060.93   0.33297E-02   0.35399E-02   0.34024E-02
 9074.53   0.33175E-02   0.35232E-02   0.33858E-02
 9088.14   0.33048E-02   0.35060E-02   0.33687E-02
 9101.74   0.32908E-02   0.34875E-02   0.33505E-02
 9115.35   0.32701E-02   0.34621E-02   0.33255E-02
 9128.95   0.32880E-02   0.34765E-02   0.33389E-02
 9142.56   0.32644E-02   0.34481E-02   0.33111E-02
 9156.16   0.32505E-02   0.34296E-02   0.32929E-02
 9169.77   0.32381E-02   0.34128E-02   0.32763E-02
 9183.37   0.32265E-02   0.33967E-02   0.32604E-02
 9196.98   0.32154E-02   0.33812E-02   0.32450E-02
 9210.58   0.32047E-02   0.33660E-02   0.32299E-02
 9224.19   0.31942E-02   0.33511E-02   0.32151E-02
 9237.79   0.31838E-02   0.33362E-02   0.32005E-02
 9251.40   0.31733E-02   0.33214E-02   0.31857E-02
 9265.00   0.31626E-02   0.33062E-02   0.31708E-02
 9278.61   0.31512E-02   0.32905E-02   0.31552E-02
 9292.21   0.31381E-02   0.32730E-02   0.31380E-02
 9305.82   0.31271E-02   0.32576E-02   0.31228E-02
 9319.42   0.31296E-02   0.32559E-02   0.31208E-02
 9333.03   0.31144E-02   0.32363E-02   0.31016E-02
 9346.63   0.31023E-02   0.32198E-02   0.30854E-02
 9360.24   0.30909E-02   0.32041E-02   0.30699E-02
 9373.84   0.30801E-02   0.31889E-02   0.30550E-02
 9387.45   0.30696E-02   0.31741E-02   0.30404E-02
 9401.05   0.30596E-02   0.31597E-02   0.30262E-02
 9414.66   0.30499E-02   0.31457E-02   0.30124E-02
 9428.26   0.30405E-02   0.31319E-02   0.29988E-02
 9441.87   0.30312E-02   0.31182E-02   0.29854E-02
 9455.47   0.30218E-02   0.31046E-02   0.29720E-02
 9469.08   0.30121E-02   0.30906E-02   0.29582E-02
 9482.68   0.30009E-02   0.30750E-02   0.29429E-02
 9496.29   0.29906E-02   0.30605E-02   0.29287E-02
 9509.89   0.29894E-02   0.30551E-02   0.29232E-02
 9523.50   0.29781E-02   0.30395E-02   0.29079E-02
 9537.10   0.29676E-02   0.30248E-02   0.28935E-02
 9550.71   0.29575E-02   0.30104E-02   0.28794E-02
 9564.31   0.29474E-02   0.29962E-02   0.28655E-02
 9577.92   0.29377E-02   0.29822E-02   0.28518E-02
 9591.52   0.29282E-02   0.29685E-02   0.28383E-02
 9605.13   0.29190E-02   0.29551E-02   0.28252E-02
 9618.73   0.29101E-02   0.29420E-02   0.28124E-02
 9632.34   0.29016E-02   0.29292E-02   0.27999E-02
 9645.94   0.28932E-02   0.29166E-02   0.27876E-02
 9659.55   0.28850E-02   0.29041E-02   0.27753E-02
 9673.15   0.28763E-02   0.28911E-02   0.27627E-02
 9686.76   0.28672E-02   0.28780E-02   0.27499E-02
 9700.36   0.28620E-02   0.28689E-02   0.27408E-02
 9713.97   0.28533E-02   0.28559E-02   0.27282E-02
 9727.57   0.28446E-02   0.28431E-02   0.27156E-02
 9741.18   0.28357E-02   0.28301E-02   0.27030E-02
 9754.78   0.28268E-02   0.28171E-02   0.26903E-02
 9768.39   0.28178E-02   0.28040E-02   0.26776E-02
 9781.99   0.28089E-02   0.27911E-02   0.26650E-02
 9795.60   0.28001E-02   0.27782E-02   0.26525E-02
 9809.20   0.27915E-02   0.27656E-02   0.26402E-02
 9822.81   0.27833E-02   0.27533E-02   0.26282E-02
 9836.41   0.27754E-02   0.27413E-02   0.26165E-02
 9850.02   0.27677E-02   0.27296E-02   0.26051E-02
 9863.62   0.27603E-02   0.27179E-02   0.25938E-02
 9877.23   0.27532E-02   0.27068E-02   0.25830E-02
 9890.83   0.27460E-02   0.26960E-02   0.25724E-02
 9904.44   0.27388E-02   0.26846E-02   0.25614E-02
 9918.04   0.27314E-02   0.26733E-02   0.25503E-02
 9931.65   0.27239E-02   0.26617E-02   0.25392E-02
 9945.25   0.27162E-02   0.26500E-02   0.25278E-02
 9958.86   0.27082E-02   0.26381E-02   0.25163E-02
 9972.46   0.27001E-02   0.26261E-02   0.25047E-02
 9986.07   0.26919E-02   0.26141E-02   0.24930E-02
 9999.67   0.26837E-02   0.26020E-02   0.24813E-02
