 1959.12   0.19089E-01   0.18229E-01   0.17647E-01
 1972.72   0.18979E-01   0.18113E-01   0.17537E-01
 1986.33   0.18876E-01   0.18004E-01   0.17433E-01
 1999.93   0.18771E-01   0.17894E-01   0.17328E-01
 2013.54   0.18668E-01   0.17784E-01   0.17224E-01
 2027.14   0.18564E-01   0.17675E-01   0.17120E-01
 2040.75   0.18462E-01   0.17568E-01   0.17018E-01
 2054.35   0.18362E-01   0.17462E-01   0.16918E-01
 2067.96   0.18259E-01   0.17354E-01   0.16815E-01
 2081.56   0.18160E-01   0.17250E-01   0.16716E-01
 2095.17   0.18061E-01   0.17146E-01   0.16617E-01
 2108.77   0.17963E-01   0.17043E-01   0.16519E-01
 2122.38   0.17865E-01   0.16940E-01   0.16421E-01
 2135.98   0.17768E-01   0.16838E-01   0.16325E-01
 2149.59   0.17671E-01   0.16737E-01   0.16228E-01
 2163.19   0.17576E-01   0.16637E-01   0.16134E-01
 2176.80   0.17482E-01   0.16538E-01   0.16040E-01
 2190.40   0.17388E-01   0.16440E-01   0.15947E-01
 2204.01   0.17295E-01   0.16343E-01   0.15854E-01
 2217.61   0.17203E-01   0.16247E-01   0.15763E-01
 2231.22   0.17111E-01   0.16151E-01   0.15672E-01
 2244.82   0.17020E-01   0.16056E-01   0.15581E-01
 2258.43   0.16930E-01   0.15961E-01   0.15492E-01
 2272.03   0.16840E-01   0.15868E-01   0.15403E-01
 2285.64   0.16751E-01   0.15776E-01   0.15316E-01
 2299.24   0.16663E-01   0.15684E-01   0.15229E-01
 2312.85   0.16576E-01   0.15593E-01   0.15142E-01
 2326.45   0.16489E-01   0.15503E-01   0.15057E-01
 2340.06   0.16402E-01   0.15413E-01   0.14971E-01
 2353.66   0.16317E-01   0.15324E-01   0.14887E-01
 2367.27   0.16232E-01   0.15235E-01   0.14803E-01
 2380.87   0.16147E-01   0.15148E-01   0.14720E-01
 2394.48   0.16064E-01   0.15061E-01   0.14638E-01
 2408.08   0.15981E-01   0.14975E-01   0.14557E-01
 2421.69   0.15898E-01   0.14890E-01   0.14476E-01
 2435.29   0.15816E-01   0.14805E-01   0.14395E-01
 2448.90   0.15734E-01   0.14721E-01   0.14315E-01
 2462.50   0.15653E-01   0.14637E-01   0.14236E-01
 2476.11   0.15573E-01   0.14554E-01   0.14157E-01
 2489.71   0.15493E-01   0.14472E-01   0.14080E-01
 2503.32   0.15415E-01   0.14391E-01   0.14003E-01
 2516.92   0.15336E-01   0.14311E-01   0.13927E-01
 2530.53   0.15258E-01   0.14230E-01   0.13850E-01
 2544.13   0.15181E-01   0.14150E-01   0.13775E-01
 2557.74   0.15104E-01   0.14072E-01   0.13700E-01
 2571.34   0.15027E-01   0.13993E-01   0.13626E-01
 2584.95   0.14952E-01   0.13916E-01   0.13552E-01
 2598.55   0.14876E-01   0.13839E-01   0.13479E-01
 2612.16   0.14802E-01   0.13763E-01   0.13407E-01
 2625.76   0.14727E-01   0.13686E-01   0.13335E-01
 2639.37   0.14654E-01   0.13611E-01   0.13264E-01
 2652.97   0.14580E-01   0.13536E-01   0.13193E-01
 2666.58   0.14508E-01   0.13462E-01   0.13123E-01
 2680.18   0.14435E-01   0.13388E-01   0.13053E-01
 2693.79   0.14363E-01   0.13315E-01   0.12984E-01
 2707.39   0.14292E-01   0.13243E-01   0.12915E-01
 2721.00   0.14221E-01   0.13170E-01   0.12847E-01
 2734.60   0.14151E-01   0.13099E-01   0.12779E-01
 2748.21   0.14081E-01   0.13028E-01   0.12712E-01
 2761.81   0.14012E-01   0.12958E-01   0.12646E-01
 2775.42   0.13943E-01   0.12888E-01   0.12580E-01
 2789.02   0.13874E-01   0.12819E-01   0.12514E-01
 2802.63   0.13806E-01   0.12750E-01   0.12449E-01
 2816.23   0.13739E-01   0.12682E-01   0.12385E-01
 2829.84   0.13672E-01   0.12614E-01   0.12321E-01
 2843.44   0.13605E-01   0.12547E-01   0.12257E-01
 2857.05   0.13539E-01   0.12480E-01   0.12194E-01
 2870.65   0.13473E-01   0.12414E-01   0.12132E-01
 2884.26   0.13408E-01   0.12349E-01   0.12070E-01
 2897.86   0.13343E-01   0.12283E-01   0.12008E-01
 2911.47   0.13278E-01   0.12219E-01   0.11947E-01
 2925.07   0.13214E-01   0.12154E-01   0.11886E-01
 2938.68   0.13150E-01   0.12091E-01   0.11826E-01
 2952.28   0.13087E-01   0.12027E-01   0.11766E-01
 2965.89   0.13024E-01   0.11964E-01   0.11706E-01
 2979.49   0.12961E-01   0.11902E-01   0.11647E-01
 2993.10   0.12899E-01   0.11840E-01   0.11589E-01
 3006.70   0.12837E-01   0.11778E-01   0.11530E-01
 3020.31   0.12776E-01   0.11717E-01   0.11473E-01
 3033.91   0.12715E-01   0.11657E-01   0.11415E-01
 3047.52   0.12654E-01   0.11596E-01   0.11359E-01
 3061.12   0.12594E-01   0.11537E-01   0.11302E-01
 3074.73   0.12534E-01   0.11477E-01   0.11246E-01
 3088.33   0.12475E-01   0.11418E-01   0.11190E-01
 3101.94   0.12416E-01   0.11360E-01   0.11135E-01
 3115.54   0.12357E-01   0.11302E-01   0.11080E-01
 3129.15   0.12298E-01   0.11244E-01   0.11025E-01
 3142.75   0.12241E-01   0.11187E-01   0.10972E-01
 3156.36   0.12183E-01   0.11130E-01   0.10918E-01
 3169.96   0.12126E-01   0.11074E-01   0.10865E-01
 3183.57   0.12069E-01   0.11018E-01   0.10812E-01
 3197.17   0.12012E-01   0.10962E-01   0.10759E-01
 3210.78   0.11956E-01   0.10907E-01   0.10707E-01
 3224.38   0.11899E-01   0.10852E-01   0.10655E-01
 3237.99   0.11843E-01   0.10797E-01   0.10603E-01
 3251.59   0.11789E-01   0.10744E-01   0.10553E-01
 3265.20   0.11734E-01   0.10690E-01   0.10502E-01
 3278.80   0.11679E-01   0.10637E-01   0.10452E-01
 3292.41   0.11624E-01   0.10584E-01   0.10402E-01
 3306.01   0.11570E-01   0.10531E-01   0.10352E-01
 3319.62   0.11517E-01   0.10479E-01   0.10303E-01
 3333.22   0.11463E-01   0.10427E-01   0.10253E-01
 3346.83   0.11410E-01   0.10375E-01   0.10204E-01
 3360.43   0.11358E-01   0.10325E-01   0.10157E-01
 3374.04   0.11305E-01   0.10274E-01   0.10109E-01
 3387.64   0.11253E-01   0.10223E-01   0.10061E-01
 3401.25   0.11201E-01   0.10173E-01   0.10013E-01
 3414.85   0.11149E-01   0.10123E-01   0.99665E-02
 3428.46   0.11098E-01   0.10074E-01   0.99199E-02
 3442.06   0.11047E-01   0.10025E-01   0.98736E-02
 3455.67   0.10996E-01   0.99758E-02   0.98272E-02
 3469.27   0.10947E-01   0.99287E-02   0.97827E-02
 3482.88   0.10896E-01   0.98802E-02   0.97368E-02
 3496.48   0.10846E-01   0.98322E-02   0.96915E-02
 3510.09   0.10796E-01   0.97846E-02   0.96465E-02
 3523.69   0.10747E-01   0.97374E-02   0.96019E-02
 3537.30   0.10698E-01   0.96907E-02   0.95577E-02
 3550.90   0.10649E-01   0.96443E-02   0.95138E-02
 3564.51   0.10601E-01   0.95982E-02   0.94703E-02
 3578.11   0.10552E-01   0.95521E-02   0.94267E-02
 3591.72   0.10505E-01   0.95072E-02   0.93843E-02
 3605.32   0.10457E-01   0.94619E-02   0.93414E-02
 3618.93   0.10410E-01   0.94168E-02   0.92988E-02
 3632.53   0.10362E-01   0.93720E-02   0.92564E-02
 3646.14   0.10315E-01   0.93275E-02   0.92143E-02
 3659.74   0.10268E-01   0.92834E-02   0.91726E-02
 3673.35   0.10222E-01   0.92397E-02   0.91313E-02
 3686.95   0.10176E-01   0.91964E-02   0.90903E-02
 3700.56   0.10130E-01   0.91533E-02   0.90497E-02
 3714.16   0.10085E-01   0.91106E-02   0.90092E-02
 3727.77   0.10039E-01   0.90681E-02   0.89690E-02
 3741.37   0.99942E-02   0.90257E-02   0.89289E-02
 3754.98   0.99492E-02   0.89835E-02   0.88890E-02
 3768.58   0.99042E-02   0.89416E-02   0.88493E-02
 3782.19   0.98596E-02   0.88999E-02   0.88099E-02
 3795.79   0.98152E-02   0.88585E-02   0.87707E-02
 3809.40   0.97714E-02   0.88177E-02   0.87321E-02
 3823.00   0.97281E-02   0.87774E-02   0.86940E-02
 3836.61   0.96847E-02   0.87371E-02   0.86559E-02
 3850.21   0.96416E-02   0.86971E-02   0.86180E-02
 3863.82   0.95986E-02   0.86572E-02   0.85803E-02
 3877.42   0.95557E-02   0.86175E-02   0.85427E-02
 3891.03   0.95128E-02   0.85780E-02   0.85052E-02
 3904.63   0.94701E-02   0.85385E-02   0.84679E-02
 3918.24   0.94274E-02   0.84991E-02   0.84305E-02
 3931.84   0.93848E-02   0.84600E-02   0.83934E-02
 3945.45   0.93449E-02   0.84232E-02   0.83587E-02
 3959.05   0.93032E-02   0.83849E-02   0.83224E-02
 3972.66   0.92620E-02   0.83471E-02   0.82866E-02
 3986.26   0.92210E-02   0.83096E-02   0.82510E-02
 3999.87   0.91802E-02   0.82722E-02   0.82156E-02
 4013.47   0.91394E-02   0.82349E-02   0.81803E-02
 4027.08   0.90986E-02   0.81977E-02   0.81450E-02
 4040.68   0.90574E-02   0.81602E-02   0.81094E-02
 4054.29   0.90159E-02   0.81224E-02   0.80735E-02
 4067.89   0.89794E-02   0.80892E-02   0.80422E-02
 4081.50   0.89391E-02   0.80526E-02   0.80075E-02
 4095.10   0.88996E-02   0.80167E-02   0.79735E-02
 4108.71   0.88604E-02   0.79813E-02   0.79398E-02
 4122.31   0.88215E-02   0.79461E-02   0.79065E-02
 4135.92   0.87827E-02   0.79110E-02   0.78732E-02
 4149.52   0.87439E-02   0.78760E-02   0.78400E-02
 4163.13   0.87048E-02   0.78407E-02   0.78065E-02
 4176.73   0.86651E-02   0.78050E-02   0.77725E-02
 4190.34   0.86305E-02   0.77739E-02   0.77432E-02
 4203.94   0.85917E-02   0.77390E-02   0.77100E-02
 4217.55   0.85536E-02   0.77049E-02   0.76776E-02
 4231.15   0.85159E-02   0.76712E-02   0.76456E-02
 4244.76   0.84787E-02   0.76378E-02   0.76139E-02
 4258.36   0.84416E-02   0.76048E-02   0.75825E-02
 4271.97   0.84048E-02   0.75719E-02   0.75513E-02
 4285.57   0.83679E-02   0.75390E-02   0.75200E-02
 4299.18   0.83306E-02   0.75058E-02   0.74885E-02
 4312.78   0.82968E-02   0.74758E-02   0.74601E-02
 4326.39   0.82595E-02   0.74427E-02   0.74286E-02
 4339.99   0.82229E-02   0.74102E-02   0.73977E-02
 4353.60   0.81867E-02   0.73781E-02   0.73672E-02
 4367.20   0.81508E-02   0.73464E-02   0.73370E-02
 4380.81   0.81152E-02   0.73150E-02   0.73071E-02
 4394.41   0.80799E-02   0.72839E-02   0.72776E-02
 4408.02   0.80449E-02   0.72530E-02   0.72482E-02
 4421.62   0.80098E-02   0.72222E-02   0.72188E-02
 4435.23   0.79767E-02   0.71931E-02   0.71912E-02
 4448.83   0.79413E-02   0.71620E-02   0.71616E-02
 4462.44   0.79065E-02   0.71315E-02   0.71326E-02
 4476.04   0.78718E-02   0.71011E-02   0.71036E-02
 4489.65   0.78373E-02   0.70709E-02   0.70749E-02
 4503.25   0.78030E-02   0.70409E-02   0.70463E-02
 4516.86   0.77689E-02   0.70113E-02   0.70180E-02
 4530.46   0.77353E-02   0.69820E-02   0.69901E-02
 4544.07   0.77019E-02   0.69529E-02   0.69624E-02
 4557.67   0.76688E-02   0.69242E-02   0.69350E-02
 4571.28   0.76359E-02   0.68956E-02   0.69078E-02
 4584.88   0.76030E-02   0.68671E-02   0.68807E-02
 4598.49   0.75701E-02   0.68387E-02   0.68535E-02
 4612.09   0.75372E-02   0.68102E-02   0.68264E-02
 4625.70   0.75043E-02   0.67818E-02   0.67992E-02
 4639.30   0.74715E-02   0.67535E-02   0.67722E-02
 4652.91   0.74389E-02   0.67254E-02   0.67454E-02
 4666.51   0.74065E-02   0.66975E-02   0.67188E-02
 4680.12   0.73743E-02   0.66699E-02   0.66924E-02
 4693.72   0.73428E-02   0.66429E-02   0.66666E-02
 4707.33   0.73117E-02   0.66163E-02   0.66412E-02
 4720.93   0.72804E-02   0.65894E-02   0.66156E-02
 4734.54   0.72492E-02   0.65628E-02   0.65901E-02
 4748.14   0.72179E-02   0.65361E-02   0.65646E-02
 4761.75   0.71867E-02   0.65094E-02   0.65391E-02
 4775.35   0.71554E-02   0.64828E-02   0.65136E-02
 4788.96   0.71241E-02   0.64561E-02   0.64881E-02
 4802.56   0.70928E-02   0.64295E-02   0.64626E-02
 4816.17   0.70610E-02   0.64024E-02   0.64366E-02
 4829.77   0.70348E-02   0.63805E-02   0.64158E-02
 4843.38   0.70029E-02   0.63533E-02   0.63897E-02
 4856.98   0.69727E-02   0.63278E-02   0.63653E-02
 4870.59   0.69429E-02   0.63027E-02   0.63412E-02
 4884.19   0.69132E-02   0.62777E-02   0.63173E-02
 4897.80   0.68836E-02   0.62527E-02   0.62933E-02
 4911.40   0.68538E-02   0.62277E-02   0.62693E-02
 4925.01   0.68240E-02   0.62025E-02   0.62452E-02
 4938.61   0.67938E-02   0.61772E-02   0.62209E-02
 4952.22   0.67619E-02   0.61502E-02   0.61949E-02
 4965.82   0.67400E-02   0.61324E-02   0.61781E-02
 4979.43   0.67084E-02   0.61057E-02   0.61524E-02
 4993.03   0.66791E-02   0.60812E-02   0.61289E-02
 5006.64   0.66504E-02   0.60573E-02   0.61059E-02
 5020.24   0.66221E-02   0.60337E-02   0.60832E-02
 5033.85   0.65939E-02   0.60102E-02   0.60606E-02
 5047.45   0.65657E-02   0.59868E-02   0.60381E-02
 5061.06   0.65374E-02   0.59632E-02   0.60155E-02
 5074.66   0.65087E-02   0.59394E-02   0.59926E-02
 5088.27   0.64781E-02   0.59138E-02   0.59679E-02
 5101.87   0.64589E-02   0.58987E-02   0.59536E-02
 5115.48   0.64273E-02   0.58722E-02   0.59280E-02
 5129.08   0.63989E-02   0.58486E-02   0.59053E-02
 5142.69   0.63711E-02   0.58257E-02   0.58832E-02
 5156.29   0.63438E-02   0.58032E-02   0.58615E-02
 5169.90   0.63168E-02   0.57810E-02   0.58401E-02
 5183.50   0.62900E-02   0.57590E-02   0.58189E-02
 5197.11   0.62633E-02   0.57370E-02   0.57978E-02
 5210.71   0.62363E-02   0.57149E-02   0.57765E-02
 5224.32   0.62085E-02   0.56920E-02   0.57543E-02
 5237.92   0.61791E-02   0.56677E-02   0.57307E-02
 5251.53   0.61587E-02   0.56516E-02   0.57155E-02
 5265.13   0.61314E-02   0.56292E-02   0.56938E-02
 5278.74   0.61047E-02   0.56073E-02   0.56726E-02
 5292.34   0.60782E-02   0.55857E-02   0.56518E-02
 5305.95   0.60521E-02   0.55645E-02   0.56312E-02
 5319.55   0.60264E-02   0.55435E-02   0.56110E-02
 5333.16   0.60008E-02   0.55228E-02   0.55910E-02
 5346.76   0.59755E-02   0.55023E-02   0.55712E-02
 5360.37   0.59500E-02   0.54816E-02   0.55512E-02
 5373.97   0.59241E-02   0.54606E-02   0.55308E-02
 5387.58   0.59013E-02   0.54424E-02   0.55133E-02
 5401.18   0.58755E-02   0.54215E-02   0.54931E-02
 5414.79   0.58500E-02   0.54009E-02   0.54731E-02
 5428.39   0.58247E-02   0.53804E-02   0.54532E-02
 5442.00   0.57995E-02   0.53601E-02   0.54335E-02
 5455.60   0.57745E-02   0.53400E-02   0.54140E-02
 5469.21   0.57498E-02   0.53201E-02   0.53948E-02
 5482.81   0.57254E-02   0.53006E-02   0.53758E-02
 5496.42   0.57013E-02   0.52813E-02   0.53571E-02
 5510.02   0.56774E-02   0.52621E-02   0.53385E-02
 5523.63   0.56539E-02   0.52434E-02   0.53204E-02
 5537.23   0.56300E-02   0.52243E-02   0.53018E-02
 5550.84   0.56061E-02   0.52053E-02   0.52833E-02
 5564.44   0.55822E-02   0.51862E-02   0.52647E-02
 5578.05   0.55582E-02   0.51670E-02   0.52461E-02
 5591.65   0.55341E-02   0.51478E-02   0.52274E-02
 5605.26   0.55102E-02   0.51288E-02   0.52089E-02
 5618.86   0.54865E-02   0.51099E-02   0.51905E-02
 5632.47   0.54631E-02   0.50912E-02   0.51724E-02
 5646.07   0.54399E-02   0.50729E-02   0.51544E-02
 5659.68   0.54173E-02   0.50550E-02   0.51371E-02
 5673.28   0.53948E-02   0.50372E-02   0.51198E-02
 5686.89   0.53721E-02   0.50194E-02   0.51024E-02
 5700.49   0.53496E-02   0.50016E-02   0.50851E-02
 5714.10   0.53270E-02   0.49838E-02   0.50677E-02
 5727.70   0.53044E-02   0.49660E-02   0.50503E-02
 5741.31   0.52816E-02   0.49480E-02   0.50327E-02
 5754.91   0.52588E-02   0.49300E-02   0.50151E-02
 5768.52   0.52360E-02   0.49120E-02   0.49975E-02
 5782.12   0.52132E-02   0.48940E-02   0.49800E-02
 5795.73   0.51903E-02   0.48759E-02   0.49622E-02
 5809.33   0.51685E-02   0.48588E-02   0.49455E-02
 5822.94   0.51487E-02   0.48437E-02   0.49308E-02
 5836.54   0.51267E-02   0.48264E-02   0.49139E-02
 5850.15   0.51052E-02   0.48096E-02   0.48975E-02
 5863.75   0.50838E-02   0.47930E-02   0.48812E-02
 5877.36   0.50625E-02   0.47763E-02   0.48649E-02
 5890.96   0.50410E-02   0.47595E-02   0.48484E-02
 5904.57   0.50193E-02   0.47426E-02   0.48318E-02
 5918.17   0.49976E-02   0.47256E-02   0.48151E-02
 5931.78   0.49755E-02   0.47083E-02   0.47981E-02
 5945.38   0.49524E-02   0.46900E-02   0.47801E-02
 5958.99   0.49305E-02   0.46728E-02   0.47632E-02
 5972.59   0.49150E-02   0.46617E-02   0.47524E-02
 5986.20   0.48934E-02   0.46448E-02   0.47358E-02
 5999.80   0.48726E-02   0.46286E-02   0.47199E-02
 6013.41   0.48521E-02   0.46128E-02   0.47044E-02
 6027.01   0.48319E-02   0.45972E-02   0.46890E-02
 6040.62   0.48116E-02   0.45816E-02   0.46737E-02
 6054.22   0.47913E-02   0.45659E-02   0.46582E-02
 6067.83   0.47707E-02   0.45500E-02   0.46425E-02
 6081.43   0.47498E-02   0.45337E-02   0.46264E-02
 6095.04   0.47273E-02   0.45159E-02   0.46089E-02
 6108.64   0.47054E-02   0.44987E-02   0.45919E-02
 6122.25   0.46928E-02   0.44904E-02   0.45839E-02
 6135.85   0.46716E-02   0.44738E-02   0.45675E-02
 6149.46   0.46513E-02   0.44581E-02   0.45520E-02
 6163.06   0.46316E-02   0.44429E-02   0.45370E-02
 6176.67   0.46121E-02   0.44280E-02   0.45223E-02
 6190.27   0.45929E-02   0.44133E-02   0.45077E-02
 6203.88   0.45737E-02   0.43987E-02   0.44933E-02
 6217.48   0.45545E-02   0.43840E-02   0.44788E-02
 6231.09   0.45350E-02   0.43690E-02   0.44639E-02
 6244.69   0.45145E-02   0.43531E-02   0.44481E-02
 6258.30   0.44939E-02   0.43370E-02   0.44321E-02
 6271.90   0.44812E-02   0.43286E-02   0.44240E-02
 6285.51   0.44606E-02   0.43126E-02   0.44081E-02
 6299.11   0.44410E-02   0.42974E-02   0.43931E-02
 6312.72   0.44218E-02   0.42827E-02   0.43784E-02
 6326.32   0.44030E-02   0.42683E-02   0.43642E-02
 6339.93   0.43845E-02   0.42542E-02   0.43502E-02
 6353.53   0.43662E-02   0.42404E-02   0.43364E-02
 6367.14   0.43481E-02   0.42267E-02   0.43228E-02
 6380.74   0.43300E-02   0.42130E-02   0.43092E-02
 6394.35   0.43116E-02   0.41990E-02   0.42953E-02
 6407.95   0.42929E-02   0.41847E-02   0.42810E-02
 6421.56   0.42787E-02   0.41748E-02   0.42713E-02
 6435.16   0.42594E-02   0.41599E-02   0.42564E-02
 6448.77   0.42409E-02   0.41457E-02   0.42423E-02
 6462.37   0.42225E-02   0.41317E-02   0.42283E-02
 6475.98   0.42043E-02   0.41178E-02   0.42145E-02
 6489.58   0.41864E-02   0.41042E-02   0.42008E-02
 6503.19   0.41686E-02   0.40908E-02   0.41875E-02
 6516.79   0.41512E-02   0.40776E-02   0.41744E-02
 6530.40   0.41340E-02   0.40647E-02   0.41615E-02
 6544.00   0.41170E-02   0.40519E-02   0.41487E-02
 6557.61   0.40999E-02   0.40391E-02   0.41359E-02
 6571.21   0.40821E-02   0.40255E-02   0.41223E-02
 6584.82   0.40669E-02   0.40146E-02   0.41114E-02
 6598.42   0.40498E-02   0.40017E-02   0.40985E-02
 6612.03   0.40327E-02   0.39887E-02   0.40856E-02
 6625.63   0.40155E-02   0.39757E-02   0.40725E-02
 6639.24   0.39983E-02   0.39627E-02   0.40595E-02
 6652.84   0.39811E-02   0.39497E-02   0.40464E-02
 6666.45   0.39641E-02   0.39369E-02   0.40336E-02
 6680.05   0.39474E-02   0.39243E-02   0.40209E-02
 6693.66   0.39309E-02   0.39119E-02   0.40085E-02
 6707.26   0.39147E-02   0.38998E-02   0.39964E-02
 6720.87   0.38989E-02   0.38881E-02   0.39846E-02
 6734.47   0.38829E-02   0.38762E-02   0.39727E-02
 6748.08   0.38671E-02   0.38645E-02   0.39609E-02
 6761.68   0.38512E-02   0.38527E-02   0.39490E-02
 6775.29   0.38353E-02   0.38408E-02   0.39370E-02
 6788.89   0.38192E-02   0.38287E-02   0.39249E-02
 6802.50   0.38030E-02   0.38166E-02   0.39127E-02
 6816.10   0.37867E-02   0.38043E-02   0.39003E-02
 6829.71   0.37705E-02   0.37921E-02   0.38879E-02
 6843.31   0.37543E-02   0.37799E-02   0.38756E-02
 6856.92   0.37383E-02   0.37678E-02   0.38634E-02
 6870.52   0.37222E-02   0.37556E-02   0.38511E-02
 6884.13   0.37074E-02   0.37447E-02   0.38402E-02
 6897.73   0.36935E-02   0.37348E-02   0.38302E-02
 6911.34   0.36781E-02   0.37233E-02   0.38186E-02
 6924.94   0.36631E-02   0.37122E-02   0.38073E-02
 6938.55   0.36481E-02   0.37011E-02   0.37961E-02
 6952.15   0.36331E-02   0.36900E-02   0.37849E-02
 6965.76   0.36180E-02   0.36787E-02   0.37735E-02
 6979.36   0.36027E-02   0.36673E-02   0.37619E-02
 6992.97   0.35873E-02   0.36557E-02   0.37501E-02
 7006.57   0.35718E-02   0.36440E-02   0.37382E-02
 7020.18   0.35561E-02   0.36321E-02   0.37261E-02
 7033.78   0.35393E-02   0.36190E-02   0.37128E-02
 7047.39   0.35248E-02   0.36083E-02   0.37019E-02
 7060.99   0.35148E-02   0.36021E-02   0.36958E-02
 7074.60   0.34995E-02   0.35906E-02   0.36840E-02
 7088.20   0.34850E-02   0.35798E-02   0.36730E-02
 7101.81   0.34708E-02   0.35693E-02   0.36623E-02
 7115.41   0.34567E-02   0.35589E-02   0.36517E-02
 7129.02   0.34426E-02   0.35485E-02   0.36411E-02
 7142.62   0.34284E-02   0.35379E-02   0.36304E-02
 7156.23   0.34140E-02   0.35272E-02   0.36195E-02
 7169.83   0.33994E-02   0.35162E-02   0.36082E-02
 7183.44   0.33843E-02   0.35046E-02   0.35965E-02
 7197.04   0.33672E-02   0.34911E-02   0.35826E-02
 7210.65   0.33526E-02   0.34800E-02   0.35713E-02
 7224.25   0.33463E-02   0.34775E-02   0.35688E-02
 7237.86   0.33310E-02   0.34657E-02   0.35568E-02
 7251.46   0.33168E-02   0.34550E-02   0.35458E-02
 7265.07   0.33030E-02   0.34448E-02   0.35354E-02
 7278.67   0.32896E-02   0.34349E-02   0.35252E-02
 7292.28   0.32763E-02   0.34251E-02   0.35152E-02
 7305.88   0.32631E-02   0.34154E-02   0.35052E-02
 7319.49   0.32498E-02   0.34055E-02   0.34952E-02
 7333.09   0.32363E-02   0.33955E-02   0.34848E-02
 7346.70   0.32223E-02   0.33849E-02   0.34740E-02
 7360.30   0.32068E-02   0.33727E-02   0.34614E-02
 7373.91   0.31924E-02   0.33616E-02   0.34501E-02
 7387.51   0.31869E-02   0.33599E-02   0.34483E-02
 7401.12   0.31720E-02   0.33483E-02   0.34364E-02
 7414.72   0.31581E-02   0.33377E-02   0.34255E-02
 7428.33   0.31448E-02   0.33276E-02   0.34152E-02
 7441.93   0.31317E-02   0.33179E-02   0.34051E-02
 7455.54   0.31190E-02   0.33085E-02   0.33954E-02
 7469.14   0.31064E-02   0.32992E-02   0.33859E-02
 7482.75   0.30940E-02   0.32901E-02   0.33765E-02
 7496.35   0.30816E-02   0.32810E-02   0.33671E-02
 7509.96   0.30690E-02   0.32716E-02   0.33575E-02
 7523.56   0.30557E-02   0.32615E-02   0.33470E-02
 7537.17   0.30425E-02   0.32514E-02   0.33366E-02
 7550.77   0.30356E-02   0.32480E-02   0.33331E-02
 7564.38   0.30215E-02   0.32370E-02   0.33217E-02
 7577.98   0.30084E-02   0.32270E-02   0.33114E-02
 7591.59   0.29955E-02   0.32173E-02   0.33013E-02
 7605.19   0.29829E-02   0.32078E-02   0.32915E-02
 7618.80   0.29705E-02   0.31985E-02   0.32818E-02
 7632.40   0.29584E-02   0.31894E-02   0.32724E-02
 7646.01   0.29465E-02   0.31806E-02   0.32633E-02
 7659.61   0.29348E-02   0.31720E-02   0.32544E-02
 7673.22   0.29232E-02   0.31635E-02   0.32456E-02
 7686.82   0.29116E-02   0.31549E-02   0.32367E-02
 7700.43   0.28992E-02   0.31454E-02   0.32269E-02
 7714.03   0.28910E-02   0.31406E-02   0.32217E-02
 7727.64   0.28783E-02   0.31308E-02   0.32116E-02
 7741.24   0.28664E-02   0.31218E-02   0.32023E-02
 7754.85   0.28546E-02   0.31129E-02   0.31930E-02
 7768.45   0.28427E-02   0.31039E-02   0.31836E-02
 7782.06   0.28308E-02   0.30949E-02   0.31743E-02
 7795.66   0.28190E-02   0.30860E-02   0.31650E-02
 7809.27   0.28074E-02   0.30772E-02   0.31559E-02
 7822.87   0.27961E-02   0.30687E-02   0.31470E-02
 7836.48   0.27849E-02   0.30604E-02   0.31384E-02
 7850.08   0.27740E-02   0.30524E-02   0.31300E-02
 7863.69   0.27633E-02   0.30445E-02   0.31217E-02
 7877.29   0.27526E-02   0.30366E-02   0.31135E-02
 7890.90   0.27421E-02   0.30290E-02   0.31055E-02
 7904.50   0.27315E-02   0.30212E-02   0.30973E-02
 7918.11   0.27208E-02   0.30133E-02   0.30890E-02
 7931.71   0.27099E-02   0.30051E-02   0.30805E-02
 7945.32   0.26990E-02   0.29969E-02   0.30719E-02
 7958.92   0.26879E-02   0.29885E-02   0.30631E-02
 7972.53   0.26768E-02   0.29800E-02   0.30543E-02
 7986.13   0.26658E-02   0.29716E-02   0.30454E-02
 7999.74   0.26548E-02   0.29633E-02   0.30367E-02
 8013.34   0.26440E-02   0.29551E-02   0.30281E-02
 8026.95   0.26334E-02   0.29471E-02   0.30197E-02
 8040.55   0.26227E-02   0.29389E-02   0.30111E-02
 8054.16   0.26134E-02   0.29323E-02   0.30042E-02
 8067.76   0.26038E-02   0.29254E-02   0.29969E-02
 8081.37   0.25938E-02   0.29180E-02   0.29891E-02
 8094.97   0.25839E-02   0.29107E-02   0.29814E-02
 8108.58   0.25739E-02   0.29033E-02   0.29736E-02
 8122.18   0.25639E-02   0.28957E-02   0.29656E-02
 8135.79   0.25537E-02   0.28880E-02   0.29575E-02
 8149.39   0.25434E-02   0.28801E-02   0.29492E-02
 8163.00   0.25329E-02   0.28721E-02   0.29408E-02
 8176.60   0.25225E-02   0.28640E-02   0.29322E-02
 8190.21   0.25119E-02   0.28558E-02   0.29236E-02
 8203.81   0.25012E-02   0.28474E-02   0.29147E-02
 8217.42   0.24883E-02   0.28364E-02   0.29033E-02
 8231.02   0.24870E-02   0.28386E-02   0.29053E-02
 8244.63   0.24748E-02   0.28284E-02   0.28946E-02
 8258.23   0.24649E-02   0.28209E-02   0.28866E-02
 8271.84   0.24554E-02   0.28137E-02   0.28791E-02
 8285.44   0.24462E-02   0.28068E-02   0.28717E-02
 8299.05   0.24369E-02   0.27999E-02   0.28643E-02
 8312.65   0.24276E-02   0.27928E-02   0.28569E-02
 8326.26   0.24181E-02   0.27856E-02   0.28493E-02
 8339.86   0.24085E-02   0.27782E-02   0.28414E-02
 8353.47   0.23987E-02   0.27706E-02   0.28333E-02
 8367.07   0.23886E-02   0.27625E-02   0.28248E-02
 8380.68   0.23779E-02   0.27538E-02   0.28156E-02
 8394.28   0.23620E-02   0.27391E-02   0.28002E-02
 8407.89   0.23677E-02   0.27493E-02   0.28104E-02
 8421.49   0.23545E-02   0.27375E-02   0.27981E-02
 8435.10   0.23445E-02   0.27296E-02   0.27897E-02
 8448.70   0.23353E-02   0.27224E-02   0.27820E-02
 8462.31   0.23264E-02   0.27156E-02   0.27748E-02
 8475.91   0.23177E-02   0.27090E-02   0.27678E-02
 8489.52   0.23091E-02   0.27025E-02   0.27608E-02
 8503.12   0.23005E-02   0.26960E-02   0.27538E-02
 8516.73   0.22917E-02   0.26893E-02   0.27467E-02
 8530.33   0.22828E-02   0.26823E-02   0.27393E-02
 8543.94   0.22735E-02   0.26749E-02   0.27314E-02
 8557.54   0.22635E-02   0.26666E-02   0.27226E-02
 8571.15   0.22486E-02   0.26526E-02   0.27080E-02
 8584.75   0.22566E-02   0.26655E-02   0.27209E-02
 8598.36   0.22422E-02   0.26520E-02   0.27068E-02
 8611.96   0.22323E-02   0.26438E-02   0.26980E-02
 8625.57   0.22232E-02   0.26364E-02   0.26902E-02
 8639.17   0.22145E-02   0.26296E-02   0.26829E-02
 8652.78   0.22061E-02   0.26230E-02   0.26759E-02
 8666.38   0.21979E-02   0.26168E-02   0.26691E-02
 8679.99   0.21899E-02   0.26106E-02   0.26625E-02
 8693.59   0.21820E-02   0.26045E-02   0.26560E-02
 8707.20   0.21739E-02   0.25983E-02   0.26493E-02
 8720.80   0.21657E-02   0.25919E-02   0.26424E-02
 8734.41   0.21570E-02   0.25848E-02   0.26349E-02
 8748.01   0.21460E-02   0.25750E-02   0.26245E-02
 8761.62   0.21374E-02   0.25680E-02   0.26170E-02
 8775.22   0.21369E-02   0.25708E-02   0.26195E-02
 8788.83   0.21275E-02   0.25628E-02   0.26110E-02
 8802.43   0.21188E-02   0.25556E-02   0.26033E-02
 8816.04   0.21103E-02   0.25487E-02   0.25959E-02
 8829.64   0.21021E-02   0.25421E-02   0.25888E-02
 8843.25   0.20942E-02   0.25357E-02   0.25820E-02
 8856.85   0.20865E-02   0.25297E-02   0.25754E-02
 8870.46   0.20790E-02   0.25238E-02   0.25691E-02
 8884.06   0.20716E-02   0.25181E-02   0.25629E-02
 8897.67   0.20642E-02   0.25124E-02   0.25567E-02
 8911.27   0.20568E-02   0.25065E-02   0.25504E-02
 8924.88   0.20488E-02   0.25000E-02   0.25434E-02
 8938.48   0.20408E-02   0.24935E-02   0.25364E-02
 8952.09   0.20374E-02   0.24924E-02   0.25349E-02
 8965.69   0.20290E-02   0.24853E-02   0.25273E-02
 8979.30   0.20211E-02   0.24788E-02   0.25202E-02
 8992.90   0.20132E-02   0.24723E-02   0.25133E-02
 9006.51   0.20054E-02   0.24659E-02   0.25064E-02
 9020.11   0.19978E-02   0.24595E-02   0.24995E-02
 9033.72   0.19902E-02   0.24534E-02   0.24929E-02
 9047.32   0.19829E-02   0.24474E-02   0.24864E-02
 9060.93   0.19757E-02   0.24417E-02   0.24802E-02
 9074.53   0.19688E-02   0.24361E-02   0.24742E-02
 9088.14   0.19620E-02   0.24308E-02   0.24684E-02
 9101.74   0.19553E-02   0.24255E-02   0.24626E-02
 9115.35   0.19485E-02   0.24200E-02   0.24566E-02
 9128.95   0.19428E-02   0.24161E-02   0.24522E-02
 9142.56   0.19359E-02   0.24104E-02   0.24460E-02
 9156.16   0.19291E-02   0.24049E-02   0.24401E-02
 9169.77   0.19222E-02   0.23993E-02   0.24339E-02
 9183.37   0.19152E-02   0.23935E-02   0.24277E-02
 9196.98   0.19081E-02   0.23876E-02   0.24213E-02
 9210.58   0.19009E-02   0.23816E-02   0.24148E-02
 9224.19   0.18938E-02   0.23756E-02   0.24083E-02
 9237.79   0.18868E-02   0.23697E-02   0.24019E-02
 9251.40   0.18800E-02   0.23640E-02   0.23957E-02
 9265.00   0.18733E-02   0.23585E-02   0.23897E-02
 9278.61   0.18668E-02   0.23531E-02   0.23838E-02
 9292.21   0.18604E-02   0.23480E-02   0.23782E-02
 9305.82   0.18546E-02   0.23435E-02   0.23732E-02
 9319.42   0.18486E-02   0.23386E-02   0.23679E-02
 9333.03   0.18425E-02   0.23337E-02   0.23625E-02
 9346.63   0.18364E-02   0.23288E-02   0.23571E-02
 9360.24   0.18303E-02   0.23239E-02   0.23516E-02
 9373.84   0.18240E-02   0.23187E-02   0.23460E-02
 9387.45   0.18177E-02   0.23134E-02   0.23401E-02
 9401.05   0.18112E-02   0.23079E-02   0.23341E-02
 9414.66   0.18046E-02   0.23022E-02   0.23280E-02
 9428.26   0.17980E-02   0.22965E-02   0.23218E-02
 9441.87   0.17914E-02   0.22907E-02   0.23155E-02
 9455.47   0.17849E-02   0.22850E-02   0.23093E-02
 9469.08   0.17783E-02   0.22793E-02   0.23030E-02
 9482.68   0.17713E-02   0.22729E-02   0.22962E-02
 9496.29   0.17666E-02   0.22695E-02   0.22923E-02
 9509.89   0.17626E-02   0.22671E-02   0.22894E-02
 9523.50   0.17564E-02   0.22617E-02   0.22835E-02
 9537.10   0.17507E-02   0.22569E-02   0.22782E-02
 9550.71   0.17451E-02   0.22522E-02   0.22731E-02
 9564.31   0.17395E-02   0.22476E-02   0.22679E-02
 9577.92   0.17338E-02   0.22428E-02   0.22626E-02
 9591.52   0.17280E-02   0.22378E-02   0.22572E-02
 9605.13   0.17221E-02   0.22327E-02   0.22515E-02
 9618.73   0.17160E-02   0.22273E-02   0.22457E-02
 9632.34   0.17098E-02   0.22217E-02   0.22396E-02
 9645.94   0.17034E-02   0.22159E-02   0.22333E-02
 9659.55   0.16967E-02   0.22096E-02   0.22265E-02
 9673.15   0.16883E-02   0.22011E-02   0.22175E-02
 9686.76   0.16845E-02   0.21985E-02   0.22144E-02
 9700.36   0.16841E-02   0.22004E-02   0.22158E-02
 9713.97   0.16774E-02   0.21941E-02   0.22090E-02
 9727.57   0.16717E-02   0.21890E-02   0.22034E-02
 9741.18   0.16663E-02   0.21843E-02   0.21982E-02
 9754.78   0.16611E-02   0.21798E-02   0.21933E-02
 9768.39   0.16560E-02   0.21754E-02   0.21884E-02
 9781.99   0.16508E-02   0.21710E-02   0.21834E-02
 9795.60   0.16456E-02   0.21664E-02   0.21784E-02
 9809.20   0.16402E-02   0.21616E-02   0.21731E-02
 9822.81   0.16346E-02   0.21565E-02   0.21675E-02
 9836.41   0.16287E-02   0.21510E-02   0.21615E-02
 9850.02   0.16223E-02   0.21447E-02   0.21547E-02
 9863.62   0.16135E-02   0.21353E-02   0.21448E-02
 9877.23   0.16096E-02   0.21323E-02   0.21413E-02
 9890.83   0.16122E-02   0.21379E-02   0.21465E-02
 9904.44   0.16051E-02   0.21307E-02   0.21388E-02
 9918.04   0.15992E-02   0.21251E-02   0.21327E-02
 9931.65   0.15939E-02   0.21202E-02   0.21273E-02
 9945.25   0.15888E-02   0.21156E-02   0.21222E-02
 9958.86   0.15840E-02   0.21113E-02   0.21174E-02
 9972.46   0.15793E-02   0.21071E-02   0.21127E-02
 9986.07   0.15746E-02   0.21029E-02   0.21081E-02
 9999.67   0.15699E-02   0.20987E-02   0.21034E-02
