  190.47   0.66608E+00   0.66928E+00   0.58897E+00
  204.07   0.69143E+00   0.69485E+00   0.61719E+00
  217.68   0.71134E+00   0.71498E+00   0.64022E+00
  231.28   0.72661E+00   0.73045E+00   0.65869E+00
  244.89   0.73739E+00   0.74142E+00   0.67274E+00
  258.49   0.74450E+00   0.74870E+00   0.68306E+00
  272.10   0.74833E+00   0.75269E+00   0.69005E+00
  285.70   0.74974E+00   0.75425E+00   0.69448E+00
  299.31   0.74885E+00   0.75351E+00   0.69651E+00
  312.91   0.74530E+00   0.75008E+00   0.69578E+00
  326.52   0.74018E+00   0.74509E+00   0.69335E+00
  340.12   0.73334E+00   0.73836E+00   0.68910E+00
  353.73   0.72547E+00   0.73060E+00   0.68366E+00
  367.33   0.71650E+00   0.72172E+00   0.67699E+00
  380.94   0.70662E+00   0.71192E+00   0.66930E+00
  394.54   0.69622E+00   0.70160E+00   0.66097E+00
  408.15   0.68529E+00   0.69075E+00   0.65199E+00
  421.75   0.67361E+00   0.67913E+00   0.64217E+00
  435.36   0.66175E+00   0.66732E+00   0.63205E+00
  448.96   0.64984E+00   0.65546E+00   0.62178E+00
  462.57   0.63720E+00   0.64287E+00   0.61071E+00
  476.17   0.62475E+00   0.63047E+00   0.59974E+00
  489.78   0.61263E+00   0.61839E+00   0.58899E+00
  503.38   0.59988E+00   0.60566E+00   0.57756E+00
  516.99   0.58749E+00   0.59330E+00   0.56641E+00
  530.59   0.57529E+00   0.58112E+00   0.55536E+00
  544.20   0.56296E+00   0.56881E+00   0.54415E+00
  557.80   0.55091E+00   0.55677E+00   0.53313E+00
  571.41   0.53894E+00   0.54481E+00   0.52214E+00
  585.01   0.52704E+00   0.53292E+00   0.51118E+00
  598.62   0.51556E+00   0.52145E+00   0.50058E+00
  612.22   0.50419E+00   0.51008E+00   0.49003E+00
  625.83   0.49305E+00   0.49894E+00   0.47968E+00
  639.43   0.48204E+00   0.48792E+00   0.46941E+00
  653.04   0.47137E+00   0.47725E+00   0.45944E+00
  666.64   0.46088E+00   0.46675E+00   0.44961E+00
  680.25   0.45055E+00   0.45641E+00   0.43991E+00
  693.85   0.44048E+00   0.44633E+00   0.43044E+00
  707.46   0.43066E+00   0.43650E+00   0.42118E+00
  721.06   0.42105E+00   0.42687E+00   0.41210E+00
  734.67   0.41161E+00   0.41741E+00   0.40317E+00
  748.27   0.40242E+00   0.40820E+00   0.39446E+00
  761.88   0.39349E+00   0.39925E+00   0.38598E+00
  775.48   0.38480E+00   0.39053E+00   0.37771E+00
  789.09   0.37623E+00   0.38195E+00   0.36956E+00
  802.69   0.36792E+00   0.37361E+00   0.36163E+00
  816.30   0.35982E+00   0.36548E+00   0.35390E+00
  829.90   0.35197E+00   0.35760E+00   0.34638E+00
  843.51   0.34419E+00   0.34979E+00   0.33894E+00
  857.11   0.33668E+00   0.34226E+00   0.33174E+00
  870.72   0.32934E+00   0.33488E+00   0.32469E+00
  884.32   0.32221E+00   0.32772E+00   0.31784E+00
  897.93   0.31516E+00   0.32064E+00   0.31106E+00
  911.53   0.30843E+00   0.31388E+00   0.30458E+00
  925.14   0.30181E+00   0.30722E+00   0.29821E+00
  938.74   0.29536E+00   0.30074E+00   0.29198E+00
  952.35   0.28915E+00   0.29449E+00   0.28599E+00
  965.95   0.28295E+00   0.28826E+00   0.27999E+00
  979.56   0.27700E+00   0.28227E+00   0.27423E+00
  993.16   0.27117E+00   0.27641E+00   0.26860E+00
 1006.77   0.26550E+00   0.27070E+00   0.26310E+00
 1020.37   0.25994E+00   0.26510E+00   0.25770E+00
 1033.98   0.25457E+00   0.25969E+00   0.25248E+00
 1047.58   0.24932E+00   0.25440E+00   0.24739E+00
 1061.19   0.24419E+00   0.24924E+00   0.24240E+00
 1074.79   0.23919E+00   0.24420E+00   0.23753E+00
 1088.40   0.23430E+00   0.23927E+00   0.23277E+00
 1102.00   0.22956E+00   0.23449E+00   0.22815E+00
 1115.61   0.22494E+00   0.22983E+00   0.22365E+00
 1129.21   0.22043E+00   0.22528E+00   0.21924E+00
 1142.82   0.21602E+00   0.22083E+00   0.21493E+00
 1156.42   0.21172E+00   0.21649E+00   0.21073E+00
 1170.03   0.20753E+00   0.21226E+00   0.20663E+00
 1183.63   0.20345E+00   0.20815E+00   0.20264E+00
 1197.24   0.19948E+00   0.20413E+00   0.19875E+00
 1210.84   0.19556E+00   0.20017E+00   0.19491E+00
 1224.45   0.19176E+00   0.19633E+00   0.19119E+00
 1238.05   0.18805E+00   0.19258E+00   0.18755E+00
 1251.66   0.18444E+00   0.18893E+00   0.18400E+00
 1265.26   0.18093E+00   0.18538E+00   0.18055E+00
 1278.87   0.17745E+00   0.18186E+00   0.17713E+00
 1292.47   0.17410E+00   0.17847E+00   0.17384E+00
 1306.08   0.17082E+00   0.17514E+00   0.17060E+00
 1319.68   0.16761E+00   0.17190E+00   0.16745E+00
 1333.29   0.16450E+00   0.16874E+00   0.16438E+00
 1346.89   0.16140E+00   0.16560E+00   0.16132E+00
 1360.50   0.15845E+00   0.16261E+00   0.15841E+00
 1374.10   0.15553E+00   0.15966E+00   0.15553E+00
 1387.71   0.15268E+00   0.15676E+00   0.15271E+00
 1401.31   0.14990E+00   0.15394E+00   0.14997E+00
 1414.92   0.14722E+00   0.15123E+00   0.14732E+00
 1428.52   0.14451E+00   0.14848E+00   0.14464E+00
 1442.13   0.14193E+00   0.14585E+00   0.14208E+00
 1455.73   0.13939E+00   0.14327E+00   0.13957E+00
 1469.34   0.13691E+00   0.14075E+00   0.13711E+00
 1482.94   0.13449E+00   0.13829E+00   0.13471E+00
 1496.55   0.13210E+00   0.13587E+00   0.13234E+00
 1510.15   0.12980E+00   0.13352E+00   0.13006E+00
 1523.76   0.12754E+00   0.13123E+00   0.12781E+00
 1537.36   0.12532E+00   0.12897E+00   0.12562E+00
 1550.97   0.12316E+00   0.12677E+00   0.12346E+00
 1564.57   0.12104E+00   0.12462E+00   0.12136E+00
 1578.18   0.11896E+00   0.12250E+00   0.11929E+00
 1591.78   0.11694E+00   0.12044E+00   0.11728E+00
 1605.39   0.11496E+00   0.11842E+00   0.11531E+00
 1618.99   0.11302E+00   0.11645E+00   0.11338E+00
 1632.60   0.11112E+00   0.11451E+00   0.11148E+00
 1646.20   0.10926E+00   0.11261E+00   0.10963E+00
 1659.81   0.10744E+00   0.11075E+00   0.10781E+00
 1673.41   0.10566E+00   0.10894E+00   0.10604E+00
 1687.02   0.10393E+00   0.10716E+00   0.10430E+00
 1700.62   0.10223E+00   0.10543E+00   0.10260E+00
 1714.23   0.10056E+00   0.10372E+00   0.10094E+00
 1727.83   0.98921E-01   0.10205E+00   0.99302E-01
 1741.44   0.97321E-01   0.10041E+00   0.97701E-01
 1755.04   0.95755E-01   0.98811E-01   0.96134E-01
 1768.65   0.94223E-01   0.97244E-01   0.94601E-01
 1782.25   0.92724E-01   0.95710E-01   0.93100E-01
 1795.86   0.91260E-01   0.94210E-01   0.91633E-01
 1809.46   0.89807E-01   0.92723E-01   0.90177E-01
 1823.07   0.88396E-01   0.91277E-01   0.88762E-01
 1836.67   0.87011E-01   0.89858E-01   0.87373E-01
 1850.28   0.85655E-01   0.88467E-01   0.86012E-01
 1863.88   0.84328E-01   0.87106E-01   0.84679E-01
 1877.49   0.83033E-01   0.85778E-01   0.83378E-01
 1891.09   0.81743E-01   0.84454E-01   0.82082E-01
 1904.70   0.80497E-01   0.83174E-01   0.80830E-01
 1918.30   0.79270E-01   0.81915E-01   0.79596E-01
 1931.91   0.78067E-01   0.80679E-01   0.78386E-01
 1945.51   0.76889E-01   0.79469E-01   0.77201E-01
 1959.12   0.75738E-01   0.78285E-01   0.76041E-01
 1972.72   0.74590E-01   0.77104E-01   0.74885E-01
 1986.33   0.73490E-01   0.75973E-01   0.73777E-01
 1999.93   0.72402E-01   0.74853E-01   0.72681E-01
 2013.54   0.71334E-01   0.73753E-01   0.71603E-01
 2027.14   0.70285E-01   0.72674E-01   0.70546E-01
 2040.75   0.69258E-01   0.71615E-01   0.69509E-01
 2054.35   0.68255E-01   0.70581E-01   0.68496E-01
 2067.96   0.67256E-01   0.69551E-01   0.67488E-01
 2081.56   0.66287E-01   0.68552E-01   0.66509E-01
 2095.17   0.65335E-01   0.67570E-01   0.65547E-01
 2108.77   0.64400E-01   0.66605E-01   0.64601E-01
 2122.38   0.63481E-01   0.65656E-01   0.63672E-01
 2135.98   0.62580E-01   0.64726E-01   0.62761E-01
 2149.59   0.61692E-01   0.63808E-01   0.61862E-01
 2163.19   0.60826E-01   0.62913E-01   0.60985E-01
 2176.80   0.59975E-01   0.62034E-01   0.60124E-01
 2190.40   0.59140E-01   0.61169E-01   0.59277E-01
 2204.01   0.58319E-01   0.60320E-01   0.58445E-01
 2217.61   0.57512E-01   0.59485E-01   0.57628E-01
 2231.22   0.56720E-01   0.58665E-01   0.56824E-01
 2244.82   0.55942E-01   0.57859E-01   0.56035E-01
 2258.43   0.55179E-01   0.57068E-01   0.55260E-01
 2272.03   0.54429E-01   0.56291E-01   0.54499E-01
 2285.64   0.53693E-01   0.55528E-01   0.53752E-01
 2299.24   0.52970E-01   0.54778E-01   0.53018E-01
 2312.85   0.52259E-01   0.54041E-01   0.52295E-01
 2326.45   0.51560E-01   0.53315E-01   0.51585E-01
 2340.06   0.50873E-01   0.52602E-01   0.50886E-01
 2353.66   0.50199E-01   0.51901E-01   0.50200E-01
 2367.27   0.49536E-01   0.51212E-01   0.49526E-01
 2380.87   0.48885E-01   0.50536E-01   0.48863E-01
 2394.48   0.48245E-01   0.49871E-01   0.48212E-01
 2408.08   0.47617E-01   0.49217E-01   0.47572E-01
 2421.69   0.46998E-01   0.48573E-01   0.46942E-01
 2435.29   0.46390E-01   0.47939E-01   0.46322E-01
 2448.90   0.45792E-01   0.47317E-01   0.45713E-01
 2462.50   0.45205E-01   0.46705E-01   0.45114E-01
 2476.11   0.44627E-01   0.46103E-01   0.44525E-01
 2489.71   0.44060E-01   0.45512E-01   0.43947E-01
 2503.32   0.43503E-01   0.44931E-01   0.43378E-01
 2516.92   0.42956E-01   0.44360E-01   0.42819E-01
 2530.53   0.42413E-01   0.43794E-01   0.42266E-01
 2544.13   0.41883E-01   0.43240E-01   0.41724E-01
 2557.74   0.41361E-01   0.42695E-01   0.41190E-01
 2571.34   0.40847E-01   0.42158E-01   0.40666E-01
 2584.95   0.40342E-01   0.41630E-01   0.40149E-01
 2598.55   0.39846E-01   0.41111E-01   0.39642E-01
 2612.16   0.39358E-01   0.40601E-01   0.39143E-01
 2625.76   0.38875E-01   0.40096E-01   0.38649E-01
 2639.37   0.38402E-01   0.39601E-01   0.38165E-01
 2652.97   0.37936E-01   0.39113E-01   0.37689E-01
 2666.58   0.37478E-01   0.38633E-01   0.37220E-01
 2680.18   0.37027E-01   0.38161E-01   0.36758E-01
 2693.79   0.36583E-01   0.37696E-01   0.36304E-01
 2707.39   0.36147E-01   0.37239E-01   0.35857E-01
 2721.00   0.35716E-01   0.36787E-01   0.35415E-01
 2734.60   0.35294E-01   0.36344E-01   0.34982E-01
 2748.21   0.34877E-01   0.35907E-01   0.34556E-01
 2761.81   0.34468E-01   0.35477E-01   0.34136E-01
 2775.42   0.34064E-01   0.35053E-01   0.33722E-01
 2789.02   0.33667E-01   0.34636E-01   0.33315E-01
 2802.63   0.33276E-01   0.34225E-01   0.32913E-01
 2816.23   0.32891E-01   0.33820E-01   0.32519E-01
 2829.84   0.32512E-01   0.33421E-01   0.32129E-01
 2843.44   0.32138E-01   0.33029E-01   0.31746E-01
 2857.05   0.31771E-01   0.32642E-01   0.31369E-01
 2870.65   0.31408E-01   0.32261E-01   0.30997E-01
 2884.26   0.31052E-01   0.31885E-01   0.30631E-01
 2897.86   0.30701E-01   0.31515E-01   0.30270E-01
 2911.47   0.30355E-01   0.31151E-01   0.29914E-01
 2925.07   0.30014E-01   0.30792E-01   0.29564E-01
 2938.68   0.29678E-01   0.30438E-01   0.29219E-01
 2952.28   0.29347E-01   0.30089E-01   0.28879E-01
 2965.89   0.29021E-01   0.29745E-01   0.28544E-01
 2979.49   0.28700E-01   0.29406E-01   0.28214E-01
 2993.10   0.28384E-01   0.29073E-01   0.27889E-01
 3006.70   0.28072E-01   0.28744E-01   0.27568E-01
 3020.31   0.27765E-01   0.28419E-01   0.27252E-01
 3033.91   0.27463E-01   0.28100E-01   0.26941E-01
 3047.52   0.27165E-01   0.27785E-01   0.26634E-01
 3061.12   0.26871E-01   0.27474E-01   0.26332E-01
 3074.73   0.26581E-01   0.27168E-01   0.26034E-01
 3088.33   0.26295E-01   0.26866E-01   0.25740E-01
 3101.94   0.26014E-01   0.26568E-01   0.25450E-01
 3115.54   0.25736E-01   0.26274E-01   0.25164E-01
 3129.15   0.25463E-01   0.25985E-01   0.24883E-01
 3142.75   0.25194E-01   0.25700E-01   0.24606E-01
 3156.36   0.24928E-01   0.25419E-01   0.24332E-01
 3169.96   0.24666E-01   0.25141E-01   0.24062E-01
 3183.57   0.24407E-01   0.24867E-01   0.23796E-01
 3197.17   0.24153E-01   0.24597E-01   0.23534E-01
 3210.78   0.23901E-01   0.24331E-01   0.23275E-01
 3224.38   0.23653E-01   0.24068E-01   0.23019E-01
 3237.99   0.23408E-01   0.23808E-01   0.22767E-01
 3251.59   0.23168E-01   0.23554E-01   0.22520E-01
 3265.20   0.22931E-01   0.23301E-01   0.22275E-01
 3278.80   0.22696E-01   0.23053E-01   0.22034E-01
 3292.41   0.22465E-01   0.22807E-01   0.21796E-01
 3306.01   0.22237E-01   0.22565E-01   0.21561E-01
 3319.62   0.22012E-01   0.22326E-01   0.21329E-01
 3333.22   0.21790E-01   0.22090E-01   0.21100E-01
 3346.83   0.21570E-01   0.21857E-01   0.20873E-01
 3360.43   0.21357E-01   0.21630E-01   0.20653E-01
 3374.04   0.21143E-01   0.21403E-01   0.20433E-01
 3387.64   0.20933E-01   0.21179E-01   0.20216E-01
 3401.25   0.20726E-01   0.20959E-01   0.20003E-01
 3414.85   0.20521E-01   0.20741E-01   0.19792E-01
 3428.46   0.20319E-01   0.20526E-01   0.19584E-01
 3442.06   0.20120E-01   0.20314E-01   0.19378E-01
 3455.67   0.19922E-01   0.20103E-01   0.19174E-01
 3469.27   0.19732E-01   0.19901E-01   0.18978E-01
 3482.88   0.19538E-01   0.19695E-01   0.18779E-01
 3496.48   0.19349E-01   0.19494E-01   0.18584E-01
 3510.09   0.19162E-01   0.19295E-01   0.18392E-01
 3523.69   0.18978E-01   0.19099E-01   0.18202E-01
 3537.30   0.18796E-01   0.18905E-01   0.18015E-01
 3550.90   0.18617E-01   0.18714E-01   0.17830E-01
 3564.51   0.18439E-01   0.18525E-01   0.17647E-01
 3578.11   0.18263E-01   0.18336E-01   0.17465E-01
 3591.72   0.18093E-01   0.18156E-01   0.17291E-01
 3605.32   0.17922E-01   0.17973E-01   0.17114E-01
 3618.93   0.17753E-01   0.17793E-01   0.16941E-01
 3632.53   0.17587E-01   0.17616E-01   0.16769E-01
 3646.14   0.17423E-01   0.17441E-01   0.16600E-01
 3659.74   0.17261E-01   0.17268E-01   0.16434E-01
 3673.35   0.17101E-01   0.17098E-01   0.16269E-01
 3686.95   0.16943E-01   0.16929E-01   0.16106E-01
 3700.56   0.16789E-01   0.16764E-01   0.15947E-01
 3714.16   0.16634E-01   0.16599E-01   0.15788E-01
 3727.77   0.16481E-01   0.16436E-01   0.15631E-01
 3741.37   0.16330E-01   0.16275E-01   0.15476E-01
 3754.98   0.16182E-01   0.16117E-01   0.15323E-01
 3768.58   0.16035E-01   0.15960E-01   0.15172E-01
 3782.19   0.15890E-01   0.15805E-01   0.15023E-01
 3795.79   0.15747E-01   0.15652E-01   0.14876E-01
 3809.40   0.15606E-01   0.15502E-01   0.14731E-01
 3823.00   0.15467E-01   0.15353E-01   0.14588E-01
 3836.61   0.15329E-01   0.15206E-01   0.14446E-01
 3850.21   0.15192E-01   0.15060E-01   0.14306E-01
 3863.82   0.15057E-01   0.14916E-01   0.14167E-01
 3877.42   0.14924E-01   0.14773E-01   0.14030E-01
 3891.03   0.14792E-01   0.14632E-01   0.13895E-01
 3904.63   0.14661E-01   0.14493E-01   0.13761E-01
 3918.24   0.14533E-01   0.14356E-01   0.13629E-01
 3931.84   0.14406E-01   0.14221E-01   0.13499E-01
 3945.45   0.14281E-01   0.14087E-01   0.13371E-01
 3959.05   0.14157E-01   0.13955E-01   0.13244E-01
 3972.66   0.14035E-01   0.13824E-01   0.13118E-01
 3986.26   0.13914E-01   0.13695E-01   0.12994E-01
 3999.87   0.13794E-01   0.13566E-01   0.12871E-01
 4013.47   0.13675E-01   0.13440E-01   0.12749E-01
 4027.08   0.13557E-01   0.13314E-01   0.12629E-01
 4040.68   0.13441E-01   0.13190E-01   0.12510E-01
 4054.29   0.13327E-01   0.13068E-01   0.12393E-01
 4067.89   0.13215E-01   0.12949E-01   0.12279E-01
 4081.50   0.13104E-01   0.12829E-01   0.12165E-01
 4095.10   0.12993E-01   0.12712E-01   0.12052E-01
 4108.71   0.12884E-01   0.12595E-01   0.11940E-01
 4122.31   0.12776E-01   0.12480E-01   0.11830E-01
 4135.92   0.12669E-01   0.12365E-01   0.11720E-01
 4149.52   0.12563E-01   0.12252E-01   0.11612E-01
 4163.13   0.12457E-01   0.12140E-01   0.11504E-01
 4176.73   0.12353E-01   0.12028E-01   0.11398E-01
 4190.34   0.12254E-01   0.11923E-01   0.11297E-01
 4203.94   0.12153E-01   0.11814E-01   0.11193E-01
 4217.55   0.12053E-01   0.11708E-01   0.11091E-01
 4231.15   0.11954E-01   0.11602E-01   0.10991E-01
 4244.76   0.11856E-01   0.11498E-01   0.10891E-01
 4258.36   0.11760E-01   0.11395E-01   0.10793E-01
 4271.97   0.11664E-01   0.11293E-01   0.10695E-01
 4285.57   0.11568E-01   0.11191E-01   0.10598E-01
 4299.18   0.11470E-01   0.11087E-01   0.10499E-01
 4312.78   0.11386E-01   0.10996E-01   0.10412E-01
 4326.39   0.11292E-01   0.10897E-01   0.10317E-01
 4339.99   0.11201E-01   0.10800E-01   0.10225E-01
 4353.60   0.11112E-01   0.10704E-01   0.10134E-01
 4367.20   0.11023E-01   0.10610E-01   0.10044E-01
 4380.81   0.10936E-01   0.10517E-01   0.99553E-02
 4394.41   0.10849E-01   0.10425E-01   0.98674E-02
 4408.02   0.10763E-01   0.10333E-01   0.97801E-02
 4421.62   0.10676E-01   0.10241E-01   0.96924E-02
 4435.23   0.10601E-01   0.10160E-01   0.96151E-02
 4448.83   0.10512E-01   0.10066E-01   0.95262E-02
 4462.44   0.10429E-01   0.99776E-02   0.94421E-02
 4476.04   0.10347E-01   0.98905E-02   0.93593E-02
 4489.65   0.10266E-01   0.98047E-02   0.92776E-02
 4503.25   0.10186E-01   0.97200E-02   0.91971E-02
 4516.86   0.10108E-01   0.96363E-02   0.91176E-02
 4530.46   0.10030E-01   0.95534E-02   0.90389E-02
 4544.07   0.99522E-02   0.94711E-02   0.89607E-02
 4557.67   0.98747E-02   0.93889E-02   0.88826E-02
 4571.28   0.98025E-02   0.93118E-02   0.88094E-02
 4584.88   0.97262E-02   0.92311E-02   0.87328E-02
 4598.49   0.96513E-02   0.91517E-02   0.86575E-02
 4612.09   0.95773E-02   0.90733E-02   0.85831E-02
 4625.70   0.95043E-02   0.89959E-02   0.85097E-02
 4639.30   0.94322E-02   0.89195E-02   0.84373E-02
 4652.91   0.93610E-02   0.88441E-02   0.83658E-02
 4666.51   0.92907E-02   0.87695E-02   0.82952E-02
 4680.12   0.92209E-02   0.86956E-02   0.82252E-02
 4693.72   0.91507E-02   0.86215E-02   0.81550E-02
 4707.33   0.90845E-02   0.85511E-02   0.80884E-02
 4720.93   0.90163E-02   0.84791E-02   0.80202E-02
 4734.54   0.89488E-02   0.84078E-02   0.79527E-02
 4748.14   0.88818E-02   0.83371E-02   0.78858E-02
 4761.75   0.88155E-02   0.82671E-02   0.78196E-02
 4775.35   0.87500E-02   0.81980E-02   0.77542E-02
 4788.96   0.86854E-02   0.81297E-02   0.76897E-02
 4802.56   0.86215E-02   0.80624E-02   0.76261E-02
 4816.17   0.85585E-02   0.79958E-02   0.75632E-02
 4829.77   0.84962E-02   0.79302E-02   0.75012E-02
 4843.38   0.84343E-02   0.78649E-02   0.74396E-02
 4856.98   0.83729E-02   0.78002E-02   0.73785E-02
 4870.59   0.83119E-02   0.77360E-02   0.73178E-02
 4884.19   0.82512E-02   0.76722E-02   0.72576E-02
 4897.80   0.81910E-02   0.76089E-02   0.71979E-02
 4911.40   0.81313E-02   0.75462E-02   0.71388E-02
 4925.01   0.80722E-02   0.74842E-02   0.70803E-02
 4938.61   0.80139E-02   0.74229E-02   0.70225E-02
 4952.22   0.79560E-02   0.73621E-02   0.69652E-02
 4965.82   0.79005E-02   0.73038E-02   0.69103E-02
 4979.43   0.78438E-02   0.72444E-02   0.68542E-02
 4993.03   0.77880E-02   0.71859E-02   0.67992E-02
 5006.64   0.77327E-02   0.71279E-02   0.67446E-02
 5020.24   0.76777E-02   0.70703E-02   0.66904E-02
 5033.85   0.76230E-02   0.70131E-02   0.66365E-02
 5047.45   0.75686E-02   0.69563E-02   0.65830E-02
 5061.06   0.75146E-02   0.68999E-02   0.65300E-02
 5074.66   0.74609E-02   0.68439E-02   0.64773E-02
 5088.27   0.74069E-02   0.67876E-02   0.64245E-02
 5101.87   0.73601E-02   0.67381E-02   0.63779E-02
 5115.48   0.73063E-02   0.66823E-02   0.63255E-02
 5129.08   0.72552E-02   0.66290E-02   0.62754E-02
 5142.69   0.72047E-02   0.65764E-02   0.62260E-02
 5156.29   0.71547E-02   0.65243E-02   0.61771E-02
 5169.90   0.71051E-02   0.64726E-02   0.61285E-02
 5183.50   0.70556E-02   0.64212E-02   0.60803E-02
 5197.11   0.70063E-02   0.63700E-02   0.60322E-02
 5210.71   0.69570E-02   0.63190E-02   0.59843E-02
 5224.32   0.69071E-02   0.62674E-02   0.59360E-02
 5237.92   0.68577E-02   0.62165E-02   0.58881E-02
 5251.53   0.68163E-02   0.61728E-02   0.58472E-02
 5265.13   0.67687E-02   0.61236E-02   0.58011E-02
 5278.74   0.67222E-02   0.60755E-02   0.57560E-02
 5292.34   0.66764E-02   0.60281E-02   0.57116E-02
 5305.95   0.66310E-02   0.59812E-02   0.56677E-02
 5319.55   0.65860E-02   0.59346E-02   0.56241E-02
 5333.16   0.65411E-02   0.58883E-02   0.55808E-02
 5346.76   0.64963E-02   0.58421E-02   0.55375E-02
 5360.37   0.64509E-02   0.57956E-02   0.54939E-02
 5373.97   0.64059E-02   0.57494E-02   0.54507E-02
 5387.58   0.63685E-02   0.57101E-02   0.54140E-02
 5401.18   0.63236E-02   0.56642E-02   0.53711E-02
 5414.79   0.62804E-02   0.56199E-02   0.53296E-02
 5428.39   0.62380E-02   0.55764E-02   0.52890E-02
 5442.00   0.61962E-02   0.55335E-02   0.52489E-02
 5455.60   0.61550E-02   0.54912E-02   0.52093E-02
 5469.21   0.61141E-02   0.54492E-02   0.51701E-02
 5482.81   0.60733E-02   0.54075E-02   0.51312E-02
 5496.42   0.60325E-02   0.53658E-02   0.50922E-02
 5510.02   0.59901E-02   0.53229E-02   0.50521E-02
 5523.63   0.59593E-02   0.52900E-02   0.50216E-02
 5537.23   0.59154E-02   0.52459E-02   0.49803E-02
 5550.84   0.58752E-02   0.52051E-02   0.49422E-02
 5564.44   0.58358E-02   0.51650E-02   0.49049E-02
 5578.05   0.57970E-02   0.51256E-02   0.48681E-02
 5591.65   0.57588E-02   0.50867E-02   0.48318E-02
 5605.26   0.57210E-02   0.50483E-02   0.47960E-02
 5618.86   0.56837E-02   0.50103E-02   0.47607E-02
 5632.47   0.56467E-02   0.49727E-02   0.47256E-02
 5646.07   0.56096E-02   0.49352E-02   0.46906E-02
 5659.68   0.55723E-02   0.48975E-02   0.46555E-02
 5673.28   0.55393E-02   0.48636E-02   0.46240E-02
 5686.89   0.55022E-02   0.48262E-02   0.45892E-02
 5700.49   0.54658E-02   0.47896E-02   0.45551E-02
 5714.10   0.54299E-02   0.47533E-02   0.45213E-02
 5727.70   0.53942E-02   0.47175E-02   0.44879E-02
 5741.31   0.53591E-02   0.46821E-02   0.44550E-02
 5754.91   0.53244E-02   0.46471E-02   0.44225E-02
 5768.52   0.52901E-02   0.46127E-02   0.43905E-02
 5782.12   0.52563E-02   0.45786E-02   0.43588E-02
 5795.73   0.52227E-02   0.45448E-02   0.43274E-02
 5809.33   0.51889E-02   0.45110E-02   0.42960E-02
 5822.94   0.51570E-02   0.44789E-02   0.42661E-02
 5836.54   0.51239E-02   0.44457E-02   0.42353E-02
 5850.15   0.50909E-02   0.44128E-02   0.42047E-02
 5863.75   0.50581E-02   0.43801E-02   0.41743E-02
 5877.36   0.50254E-02   0.43475E-02   0.41440E-02
 5890.96   0.49930E-02   0.43152E-02   0.41141E-02
 5904.57   0.49609E-02   0.42833E-02   0.40844E-02
 5918.17   0.49292E-02   0.42518E-02   0.40552E-02
 5931.78   0.48980E-02   0.42208E-02   0.40264E-02
 5945.38   0.48671E-02   0.41900E-02   0.39979E-02
 5958.99   0.48367E-02   0.41598E-02   0.39699E-02
 5972.59   0.48066E-02   0.41300E-02   0.39422E-02
 5986.20   0.47765E-02   0.41001E-02   0.39145E-02
 5999.80   0.47465E-02   0.40705E-02   0.38870E-02
 6013.41   0.47166E-02   0.40409E-02   0.38596E-02
 6027.01   0.46867E-02   0.40114E-02   0.38322E-02
 6040.62   0.46568E-02   0.39821E-02   0.38050E-02
 6054.22   0.46272E-02   0.39529E-02   0.37780E-02
 6067.83   0.45977E-02   0.39240E-02   0.37512E-02
 6081.43   0.45686E-02   0.38954E-02   0.37247E-02
 6095.04   0.45395E-02   0.38669E-02   0.36983E-02
 6108.64   0.45116E-02   0.38394E-02   0.36729E-02
 6122.25   0.44847E-02   0.38131E-02   0.36485E-02
 6135.85   0.44568E-02   0.37857E-02   0.36232E-02
 6149.46   0.44293E-02   0.37588E-02   0.35983E-02
 6163.06   0.44019E-02   0.37320E-02   0.35735E-02
 6176.67   0.43746E-02   0.37054E-02   0.35488E-02
 6190.27   0.43473E-02   0.36788E-02   0.35242E-02
 6203.88   0.43200E-02   0.36523E-02   0.34997E-02
 6217.48   0.42927E-02   0.36258E-02   0.34752E-02
 6231.09   0.42654E-02   0.35995E-02   0.34508E-02
 6244.69   0.42378E-02   0.35729E-02   0.34261E-02
 6258.30   0.42116E-02   0.35474E-02   0.34026E-02
 6271.90   0.41890E-02   0.35252E-02   0.33822E-02
 6285.51   0.41624E-02   0.34996E-02   0.33585E-02
 6299.11   0.41368E-02   0.34748E-02   0.33356E-02
 6312.72   0.41115E-02   0.34504E-02   0.33130E-02
 6326.32   0.40864E-02   0.34262E-02   0.32907E-02
 6339.93   0.40614E-02   0.34022E-02   0.32685E-02
 6353.53   0.40364E-02   0.33782E-02   0.32463E-02
 6367.14   0.40114E-02   0.33542E-02   0.32241E-02
 6380.74   0.39862E-02   0.33302E-02   0.32019E-02
 6394.35   0.39605E-02   0.33058E-02   0.31793E-02
 6407.95   0.39358E-02   0.32821E-02   0.31575E-02
 6421.56   0.39175E-02   0.32640E-02   0.31409E-02
 6435.16   0.38911E-02   0.32391E-02   0.31179E-02
 6448.77   0.38668E-02   0.32160E-02   0.30965E-02
 6462.37   0.38431E-02   0.31934E-02   0.30757E-02
 6475.98   0.38197E-02   0.31713E-02   0.30552E-02
 6489.58   0.37967E-02   0.31494E-02   0.30350E-02
 6503.19   0.37738E-02   0.31276E-02   0.30150E-02
 6516.79   0.37509E-02   0.31060E-02   0.29950E-02
 6530.40   0.37280E-02   0.30843E-02   0.29750E-02
 6544.00   0.37047E-02   0.30624E-02   0.29547E-02
 6557.61   0.36797E-02   0.30392E-02   0.29333E-02
 6571.21   0.36554E-02   0.30166E-02   0.29123E-02
 6584.82   0.36406E-02   0.30017E-02   0.28989E-02
 6598.42   0.36173E-02   0.29800E-02   0.28788E-02
 6612.03   0.35948E-02   0.29590E-02   0.28594E-02
 6625.63   0.35728E-02   0.29384E-02   0.28404E-02
 6639.24   0.35512E-02   0.29182E-02   0.28218E-02
 6652.84   0.35299E-02   0.28983E-02   0.28034E-02
 6666.45   0.35089E-02   0.28786E-02   0.27853E-02
 6680.05   0.34879E-02   0.28590E-02   0.27672E-02
 6693.66   0.34669E-02   0.28395E-02   0.27492E-02
 6707.26   0.34455E-02   0.28196E-02   0.27309E-02
 6720.87   0.34240E-02   0.27998E-02   0.27126E-02
 6734.47   0.34085E-02   0.27848E-02   0.26990E-02
 6748.08   0.33860E-02   0.27643E-02   0.26799E-02
 6761.68   0.33649E-02   0.27448E-02   0.26620E-02
 6775.29   0.33442E-02   0.27258E-02   0.26444E-02
 6788.89   0.33238E-02   0.27070E-02   0.26271E-02
 6802.50   0.33037E-02   0.26885E-02   0.26100E-02
 6816.10   0.32839E-02   0.26703E-02   0.25933E-02
 6829.71   0.32644E-02   0.26523E-02   0.25767E-02
 6843.31   0.32451E-02   0.26346E-02   0.25604E-02
 6856.92   0.32259E-02   0.26170E-02   0.25442E-02
 6870.52   0.32064E-02   0.25992E-02   0.25278E-02
 6884.13   0.31867E-02   0.25813E-02   0.25113E-02
 6897.73   0.31704E-02   0.25661E-02   0.24974E-02
 6911.34   0.31509E-02   0.25484E-02   0.24811E-02
 6924.94   0.31318E-02   0.25310E-02   0.24651E-02
 6938.55   0.31127E-02   0.25138E-02   0.24491E-02
 6952.15   0.30938E-02   0.24967E-02   0.24333E-02
 6965.76   0.30751E-02   0.24797E-02   0.24177E-02
 6979.36   0.30566E-02   0.24630E-02   0.24023E-02
 6992.97   0.30384E-02   0.24465E-02   0.23871E-02
 7006.57   0.30204E-02   0.24303E-02   0.23722E-02
 7020.18   0.30027E-02   0.24143E-02   0.23575E-02
 7033.78   0.29851E-02   0.23984E-02   0.23429E-02
 7047.39   0.29673E-02   0.23825E-02   0.23282E-02
 7060.99   0.29507E-02   0.23675E-02   0.23144E-02
 7074.60   0.29333E-02   0.23519E-02   0.23000E-02
 7088.20   0.29159E-02   0.23363E-02   0.22857E-02
 7101.81   0.28984E-02   0.23207E-02   0.22713E-02
 7115.41   0.28810E-02   0.23052E-02   0.22570E-02
 7129.02   0.28636E-02   0.22897E-02   0.22427E-02
 7142.62   0.28463E-02   0.22744E-02   0.22286E-02
 7156.23   0.28292E-02   0.22592E-02   0.22146E-02
 7169.83   0.28123E-02   0.22442E-02   0.22008E-02
 7183.44   0.27956E-02   0.22294E-02   0.21872E-02
 7197.04   0.27791E-02   0.22148E-02   0.21737E-02
 7210.65   0.27632E-02   0.22007E-02   0.21607E-02
 7224.25   0.27474E-02   0.21868E-02   0.21479E-02
 7237.86   0.27314E-02   0.21726E-02   0.21349E-02
 7251.46   0.27155E-02   0.21586E-02   0.21220E-02
 7265.07   0.26995E-02   0.21446E-02   0.21091E-02
 7278.67   0.26835E-02   0.21306E-02   0.20962E-02
 7292.28   0.26675E-02   0.21165E-02   0.20832E-02
 7305.88   0.26515E-02   0.21025E-02   0.20703E-02
 7319.49   0.26354E-02   0.20886E-02   0.20574E-02
 7333.09   0.26195E-02   0.20747E-02   0.20446E-02
 7346.70   0.26036E-02   0.20609E-02   0.20319E-02
 7360.30   0.25875E-02   0.20469E-02   0.20190E-02
 7373.91   0.25728E-02   0.20341E-02   0.20072E-02
 7387.51   0.25595E-02   0.20225E-02   0.19965E-02
 7401.12   0.25441E-02   0.20092E-02   0.19843E-02
 7414.72   0.25293E-02   0.19964E-02   0.19725E-02
 7428.33   0.25146E-02   0.19836E-02   0.19607E-02
 7441.93   0.24999E-02   0.19710E-02   0.19491E-02
 7455.54   0.24852E-02   0.19583E-02   0.19374E-02
 7469.14   0.24705E-02   0.19457E-02   0.19257E-02
 7482.75   0.24556E-02   0.19330E-02   0.19140E-02
 7496.35   0.24407E-02   0.19202E-02   0.19022E-02
 7509.96   0.24257E-02   0.19074E-02   0.18904E-02
 7523.56   0.24102E-02   0.18943E-02   0.18782E-02
 7537.17   0.23961E-02   0.18823E-02   0.18671E-02
 7550.77   0.23861E-02   0.18734E-02   0.18592E-02
 7564.38   0.23706E-02   0.18604E-02   0.18470E-02
 7577.98   0.23564E-02   0.18483E-02   0.18359E-02
 7591.59   0.23425E-02   0.18365E-02   0.18250E-02
 7605.19   0.23289E-02   0.18250E-02   0.18144E-02
 7618.80   0.23153E-02   0.18135E-02   0.18038E-02
 7632.40   0.23018E-02   0.18021E-02   0.17933E-02
 7646.01   0.22883E-02   0.17907E-02   0.17827E-02
 7659.61   0.22746E-02   0.17792E-02   0.17721E-02
 7673.22   0.22607E-02   0.17676E-02   0.17613E-02
 7686.82   0.22465E-02   0.17556E-02   0.17503E-02
 7700.43   0.22296E-02   0.17417E-02   0.17372E-02
 7714.03   0.22276E-02   0.17394E-02   0.17358E-02
 7727.64   0.22099E-02   0.17249E-02   0.17220E-02
 7741.24   0.21960E-02   0.17133E-02   0.17113E-02
 7754.85   0.21827E-02   0.17022E-02   0.17010E-02
 7768.45   0.21697E-02   0.16915E-02   0.16911E-02
 7782.06   0.21570E-02   0.16809E-02   0.16813E-02
 7795.66   0.21445E-02   0.16705E-02   0.16717E-02
 7809.27   0.21320E-02   0.16602E-02   0.16621E-02
 7822.87   0.21196E-02   0.16498E-02   0.16526E-02
 7836.48   0.21070E-02   0.16395E-02   0.16430E-02
 7850.08   0.20942E-02   0.16290E-02   0.16333E-02
 7863.69   0.20806E-02   0.16178E-02   0.16229E-02
 7877.29   0.20678E-02   0.16073E-02   0.16131E-02
 7890.90   0.20610E-02   0.16014E-02   0.16080E-02
 7904.50   0.20471E-02   0.15901E-02   0.15974E-02
 7918.11   0.20343E-02   0.15797E-02   0.15877E-02
 7931.71   0.20219E-02   0.15696E-02   0.15783E-02
 7945.32   0.20098E-02   0.15597E-02   0.15691E-02
 7958.92   0.19979E-02   0.15500E-02   0.15601E-02
 7972.53   0.19862E-02   0.15404E-02   0.15513E-02
 7986.13   0.19746E-02   0.15310E-02   0.15426E-02
 7999.74   0.19631E-02   0.15217E-02   0.15340E-02
 8013.34   0.19516E-02   0.15124E-02   0.15254E-02
 8026.95   0.19400E-02   0.15030E-02   0.15166E-02
 8040.55   0.19273E-02   0.14927E-02   0.15070E-02
 8054.16   0.19151E-02   0.14829E-02   0.14979E-02
 8067.76   0.19081E-02   0.14772E-02   0.14928E-02
 8081.37   0.18960E-02   0.14675E-02   0.14838E-02
 8094.97   0.18843E-02   0.14581E-02   0.14750E-02
 8108.58   0.18728E-02   0.14489E-02   0.14664E-02
 8122.18   0.18615E-02   0.14398E-02   0.14580E-02
 8135.79   0.18503E-02   0.14309E-02   0.14497E-02
 8149.39   0.18393E-02   0.14221E-02   0.14415E-02
 8163.00   0.18285E-02   0.14134E-02   0.14335E-02
 8176.60   0.18178E-02   0.14049E-02   0.14256E-02
 8190.21   0.18073E-02   0.13965E-02   0.14178E-02
 8203.81   0.17967E-02   0.13881E-02   0.14100E-02
 8217.42   0.17855E-02   0.13793E-02   0.14017E-02
 8231.02   0.17777E-02   0.13731E-02   0.13961E-02
 8244.63   0.17663E-02   0.13641E-02   0.13877E-02
 8258.23   0.17557E-02   0.13557E-02   0.13799E-02
 8271.84   0.17451E-02   0.13473E-02   0.13721E-02
 8285.44   0.17345E-02   0.13390E-02   0.13643E-02
 8299.05   0.17239E-02   0.13307E-02   0.13566E-02
 8312.65   0.17135E-02   0.13225E-02   0.13489E-02
 8326.26   0.17031E-02   0.13143E-02   0.13413E-02
 8339.86   0.16929E-02   0.13063E-02   0.13338E-02
 8353.47   0.16829E-02   0.12985E-02   0.13265E-02
 8367.07   0.16730E-02   0.12908E-02   0.13193E-02
 8380.68   0.16632E-02   0.12832E-02   0.13122E-02
 8394.28   0.16533E-02   0.12755E-02   0.13051E-02
 8407.89   0.16445E-02   0.12685E-02   0.12986E-02
 8421.49   0.16348E-02   0.12610E-02   0.12916E-02
 8435.10   0.16252E-02   0.12536E-02   0.12847E-02
 8448.70   0.16156E-02   0.12461E-02   0.12778E-02
 8462.31   0.16059E-02   0.12387E-02   0.12708E-02
 8475.91   0.15962E-02   0.12312E-02   0.12638E-02
 8489.52   0.15865E-02   0.12237E-02   0.12567E-02
 8503.12   0.15768E-02   0.12162E-02   0.12497E-02
 8516.73   0.15672E-02   0.12088E-02   0.12428E-02
 8530.33   0.15577E-02   0.12015E-02   0.12359E-02
 8543.94   0.15482E-02   0.11942E-02   0.12291E-02
 8557.54   0.15389E-02   0.11871E-02   0.12224E-02
 8571.15   0.15292E-02   0.11797E-02   0.12155E-02
 8584.75   0.15222E-02   0.11743E-02   0.12105E-02
 8598.36   0.15127E-02   0.11671E-02   0.12038E-02
 8611.96   0.15038E-02   0.11603E-02   0.11974E-02
 8625.57   0.14950E-02   0.11536E-02   0.11912E-02
 8639.17   0.14862E-02   0.11470E-02   0.11849E-02
 8652.78   0.14774E-02   0.11402E-02   0.11786E-02
 8666.38   0.14685E-02   0.11335E-02   0.11723E-02
 8679.99   0.14596E-02   0.11267E-02   0.11659E-02
 8693.59   0.14506E-02   0.11199E-02   0.11595E-02
 8707.20   0.14416E-02   0.11131E-02   0.11531E-02
 8720.80   0.14326E-02   0.11063E-02   0.11467E-02
 8734.41   0.14236E-02   0.10995E-02   0.11402E-02
 8748.01   0.14139E-02   0.10922E-02   0.11333E-02
 8761.62   0.14062E-02   0.10865E-02   0.11280E-02
 8775.22   0.14000E-02   0.10818E-02   0.11237E-02
 8788.83   0.13913E-02   0.10753E-02   0.11176E-02
 8802.43   0.13830E-02   0.10691E-02   0.11117E-02
 8816.04   0.13748E-02   0.10630E-02   0.11060E-02
 8829.64   0.13667E-02   0.10570E-02   0.11003E-02
 8843.25   0.13586E-02   0.10509E-02   0.10947E-02
 8856.85   0.13505E-02   0.10449E-02   0.10889E-02
 8870.46   0.13422E-02   0.10388E-02   0.10832E-02
 8884.06   0.13340E-02   0.10326E-02   0.10773E-02
 8897.67   0.13256E-02   0.10264E-02   0.10714E-02
 8911.27   0.13170E-02   0.10200E-02   0.10653E-02
 8924.88   0.13079E-02   0.10131E-02   0.10588E-02
 8938.48   0.13003E-02   0.10076E-02   0.10535E-02
 8952.09   0.12963E-02   0.10048E-02   0.10512E-02
 8965.69   0.12872E-02   0.99803E-03   0.10447E-02
 8979.30   0.12791E-02   0.99205E-03   0.10390E-02
 8992.90   0.12713E-02   0.98632E-03   0.10336E-02
 9006.51   0.12637E-02   0.98074E-03   0.10283E-02
 9020.11   0.12562E-02   0.97525E-03   0.10231E-02
 9033.72   0.12487E-02   0.96979E-03   0.10180E-02
 9047.32   0.12413E-02   0.96434E-03   0.10128E-02
 9060.93   0.12338E-02   0.95885E-03   0.10076E-02
 9074.53   0.12261E-02   0.95329E-03   0.10023E-02
 9088.14   0.12184E-02   0.94759E-03   0.99685E-03
 9101.74   0.12102E-02   0.94158E-03   0.99107E-03
 9115.35   0.11998E-02   0.93374E-03   0.98334E-03
 9128.95   0.12025E-02   0.93649E-03   0.98685E-03
 9142.56   0.11911E-02   0.92788E-03   0.97829E-03
 9156.16   0.11830E-02   0.92194E-03   0.97256E-03
 9169.77   0.11755E-02   0.91644E-03   0.96728E-03
 9183.37   0.11681E-02   0.91114E-03   0.96222E-03
 9196.98   0.11610E-02   0.90599E-03   0.95732E-03
 9210.58   0.11540E-02   0.90095E-03   0.95252E-03
 9224.19   0.11471E-02   0.89599E-03   0.94781E-03
 9237.79   0.11403E-02   0.89107E-03   0.94313E-03
 9251.40   0.11334E-02   0.88615E-03   0.93844E-03
 9265.00   0.11265E-02   0.88118E-03   0.93369E-03
 9278.61   0.11194E-02   0.87606E-03   0.92878E-03
 9292.21   0.11117E-02   0.87049E-03   0.92337E-03
 9305.82   0.11048E-02   0.86549E-03   0.91858E-03
 9319.42   0.11023E-02   0.86409E-03   0.91763E-03
 9333.03   0.10940E-02   0.85801E-03   0.91166E-03
 9346.63   0.10867E-02   0.85275E-03   0.90657E-03
 9360.24   0.10797E-02   0.84772E-03   0.90171E-03
 9373.84   0.10729E-02   0.84282E-03   0.89699E-03
 9387.45   0.10662E-02   0.83805E-03   0.89240E-03
 9401.05   0.10596E-02   0.83339E-03   0.88793E-03
 9414.66   0.10532E-02   0.82882E-03   0.88356E-03
 9428.26   0.10468E-02   0.82434E-03   0.87927E-03
 9441.87   0.10405E-02   0.81990E-03   0.87502E-03
 9455.47   0.10343E-02   0.81547E-03   0.87077E-03
 9469.08   0.10279E-02   0.81096E-03   0.86643E-03
 9482.68   0.10210E-02   0.80606E-03   0.86167E-03
 9496.29   0.10146E-02   0.80146E-03   0.85722E-03
 9509.89   0.10110E-02   0.79922E-03   0.85530E-03
 9523.50   0.10041E-02   0.79433E-03   0.85053E-03
 9537.10   0.99764E-03   0.78971E-03   0.84605E-03
 9550.71   0.99124E-03   0.78517E-03   0.84164E-03
 9564.31   0.98490E-03   0.78069E-03   0.83729E-03
 9577.92   0.97865E-03   0.77627E-03   0.83300E-03
 9591.52   0.97249E-03   0.77193E-03   0.82880E-03
 9605.13   0.96644E-03   0.76769E-03   0.82469E-03
 9618.73   0.96048E-03   0.76354E-03   0.82068E-03
 9632.34   0.95463E-03   0.75947E-03   0.81676E-03
 9645.94   0.94884E-03   0.75547E-03   0.81290E-03
 9659.55   0.94307E-03   0.75148E-03   0.80906E-03
 9673.15   0.93710E-03   0.74738E-03   0.80508E-03
 9686.76   0.93129E-03   0.74328E-03   0.80110E-03
 9700.36   0.92681E-03   0.74022E-03   0.79822E-03
 9713.97   0.92095E-03   0.73617E-03   0.79428E-03
 9727.57   0.91517E-03   0.73215E-03   0.79038E-03
 9741.18   0.90939E-03   0.72812E-03   0.78645E-03
 9754.78   0.90361E-03   0.72408E-03   0.78251E-03
 9768.39   0.89783E-03   0.72005E-03   0.77856E-03
 9781.99   0.89209E-03   0.71604E-03   0.77465E-03
 9795.60   0.88640E-03   0.71208E-03   0.77077E-03
 9809.20   0.88079E-03   0.70819E-03   0.76697E-03
 9822.81   0.87526E-03   0.70438E-03   0.76325E-03
 9836.41   0.86982E-03   0.70065E-03   0.75962E-03
 9850.02   0.86445E-03   0.69699E-03   0.75606E-03
 9863.62   0.85901E-03   0.69335E-03   0.75253E-03
 9877.23   0.85396E-03   0.68990E-03   0.74918E-03
 9890.83   0.84928E-03   0.68655E-03   0.74591E-03
 9904.44   0.84403E-03   0.68302E-03   0.74248E-03
 9918.04   0.83884E-03   0.67950E-03   0.73905E-03
 9931.65   0.83365E-03   0.67596E-03   0.73558E-03
 9945.25   0.82842E-03   0.67238E-03   0.73208E-03
 9958.86   0.82317E-03   0.66877E-03   0.72853E-03
 9972.46   0.81790E-03   0.66513E-03   0.72494E-03
 9986.07   0.81263E-03   0.66149E-03   0.72135E-03
 9999.67   0.80738E-03   0.65786E-03   0.71776E-03
