  149.65   0.71502E+00   0.72116E+00   0.64181E+00
  163.26   0.75626E+00   0.76263E+00   0.68627E+00
  176.86   0.78884E+00   0.79538E+00   0.72229E+00
  190.47   0.81392E+00   0.82060E+00   0.75087E+00
  204.07   0.83156E+00   0.83833E+00   0.77201E+00
  217.68   0.84298E+00   0.84981E+00   0.78684E+00
  231.28   0.84880E+00   0.85567E+00   0.79598E+00
  244.89   0.85030E+00   0.85719E+00   0.80063E+00
  258.49   0.84811E+00   0.85500E+00   0.80143E+00
  272.10   0.84292E+00   0.84979E+00   0.79905E+00
  285.70   0.83479E+00   0.84164E+00   0.79358E+00
  299.31   0.82434E+00   0.83116E+00   0.78565E+00
  312.91   0.81245E+00   0.81923E+00   0.77610E+00
  326.52   0.79898E+00   0.80572E+00   0.76483E+00
  340.12   0.78462E+00   0.79130E+00   0.75252E+00
  353.73   0.76933E+00   0.77596E+00   0.73916E+00
  367.33   0.75350E+00   0.76008E+00   0.72513E+00
  380.94   0.73729E+00   0.74380E+00   0.71059E+00
  394.54   0.72062E+00   0.72707E+00   0.69550E+00
  408.15   0.70371E+00   0.71009E+00   0.68006E+00
  421.75   0.68698E+00   0.69329E+00   0.66471E+00
  435.36   0.67016E+00   0.67641E+00   0.64918E+00
  448.96   0.65330E+00   0.65948E+00   0.63353E+00
  462.57   0.63707E+00   0.64318E+00   0.61842E+00
  476.17   0.62084E+00   0.62688E+00   0.60324E+00
  489.78   0.60461E+00   0.61058E+00   0.58801E+00
  503.38   0.58910E+00   0.59500E+00   0.57342E+00
  516.99   0.57366E+00   0.57949E+00   0.55885E+00
  530.59   0.55848E+00   0.56424E+00   0.54449E+00
  544.20   0.54378E+00   0.54947E+00   0.53056E+00
  557.80   0.52935E+00   0.53497E+00   0.51685E+00
  571.41   0.51533E+00   0.52089E+00   0.50351E+00
  585.01   0.50174E+00   0.50723E+00   0.49056E+00
  598.62   0.48837E+00   0.49380E+00   0.47779E+00
  612.22   0.47542E+00   0.48078E+00   0.46541E+00
  625.83   0.46282E+00   0.46811E+00   0.45334E+00
  639.43   0.45060E+00   0.45583E+00   0.44162E+00
  653.04   0.43866E+00   0.44382E+00   0.43015E+00
  666.64   0.42708E+00   0.43218E+00   0.41902E+00
  680.25   0.41587E+00   0.42091E+00   0.40824E+00
  693.85   0.40499E+00   0.40996E+00   0.39775E+00
  707.46   0.39441E+00   0.39932E+00   0.38755E+00
  721.06   0.38414E+00   0.38899E+00   0.37764E+00
  734.67   0.37422E+00   0.37902E+00   0.36806E+00
  748.27   0.36459E+00   0.36932E+00   0.35873E+00
  761.88   0.35521E+00   0.35988E+00   0.34966E+00
  775.48   0.34609E+00   0.35071E+00   0.34083E+00
  789.09   0.33731E+00   0.34187E+00   0.33232E+00
  802.69   0.32876E+00   0.33326E+00   0.32402E+00
  816.30   0.32047E+00   0.32492E+00   0.31597E+00
  829.90   0.31240E+00   0.31679E+00   0.30813E+00
  843.51   0.30465E+00   0.30898E+00   0.30059E+00
  857.11   0.29707E+00   0.30135E+00   0.29322E+00
  870.72   0.28975E+00   0.29397E+00   0.28609E+00
  884.32   0.28262E+00   0.28680E+00   0.27915E+00
  897.93   0.27577E+00   0.27989E+00   0.27247E+00
  911.53   0.26902E+00   0.27310E+00   0.26590E+00
  925.14   0.26252E+00   0.26654E+00   0.25955E+00
  938.74   0.25621E+00   0.26018E+00   0.25339E+00
  952.35   0.25004E+00   0.25396E+00   0.24736E+00
  965.95   0.24413E+00   0.24801E+00   0.24159E+00
  979.56   0.23835E+00   0.24217E+00   0.23593E+00
  993.16   0.23274E+00   0.23652E+00   0.23045E+00
 1006.77   0.22730E+00   0.23104E+00   0.22513E+00
 1020.37   0.22204E+00   0.22572E+00   0.21998E+00
 1033.98   0.21690E+00   0.22054E+00   0.21494E+00
 1047.58   0.21191E+00   0.21550E+00   0.21005E+00
 1061.19   0.20707E+00   0.21062E+00   0.20530E+00
 1074.79   0.20237E+00   0.20587E+00   0.20069E+00
 1088.40   0.19780E+00   0.20126E+00   0.19621E+00
 1102.00   0.19335E+00   0.19677E+00   0.19185E+00
 1115.61   0.18903E+00   0.19240E+00   0.18759E+00
 1129.21   0.18482E+00   0.18816E+00   0.18346E+00
 1142.82   0.18075E+00   0.18404E+00   0.17946E+00
 1156.42   0.17678E+00   0.18003E+00   0.17556E+00
 1170.03   0.17292E+00   0.17613E+00   0.17176E+00
 1183.63   0.16916E+00   0.17233E+00   0.16807E+00
 1197.24   0.16550E+00   0.16864E+00   0.16446E+00
 1210.84   0.16197E+00   0.16506E+00   0.16098E+00
 1224.45   0.15851E+00   0.16157E+00   0.15758E+00
 1238.05   0.15515E+00   0.15817E+00   0.15427E+00
 1251.66   0.15188E+00   0.15485E+00   0.15104E+00
 1265.26   0.14868E+00   0.15162E+00   0.14788E+00
 1278.87   0.14560E+00   0.14850E+00   0.14484E+00
 1292.47   0.14257E+00   0.14543E+00   0.14185E+00
 1306.08   0.13963E+00   0.14246E+00   0.13895E+00
 1319.68   0.13676E+00   0.13956E+00   0.13612E+00
 1333.29   0.13396E+00   0.13672E+00   0.13336E+00
 1346.89   0.13128E+00   0.13401E+00   0.13070E+00
 1360.50   0.12861E+00   0.13130E+00   0.12806E+00
 1374.10   0.12602E+00   0.12868E+00   0.12551E+00
 1387.71   0.12351E+00   0.12614E+00   0.12302E+00
 1401.31   0.12106E+00   0.12365E+00   0.12060E+00
 1414.92   0.11864E+00   0.12120E+00   0.11821E+00
 1428.52   0.11635E+00   0.11888E+00   0.11594E+00
 1442.13   0.11407E+00   0.11657E+00   0.11368E+00
 1455.73   0.11186E+00   0.11432E+00   0.11149E+00
 1469.34   0.10970E+00   0.11213E+00   0.10935E+00
 1482.94   0.10759E+00   0.10999E+00   0.10726E+00
 1496.55   0.10554E+00   0.10792E+00   0.10523E+00
 1510.15   0.10353E+00   0.10587E+00   0.10323E+00
 1523.76   0.10157E+00   0.10388E+00   0.10129E+00
 1537.36   0.99660E-01   0.10194E+00   0.99393E-01
 1550.97   0.97798E-01   0.10005E+00   0.97544E-01
 1564.57   0.95979E-01   0.98204E-01   0.95738E-01
 1578.18   0.94208E-01   0.96406E-01   0.93980E-01
 1591.78   0.92473E-01   0.94642E-01   0.92255E-01
 1605.39   0.90777E-01   0.92918E-01   0.90570E-01
 1618.99   0.89121E-01   0.91235E-01   0.88925E-01
 1632.60   0.87507E-01   0.89593E-01   0.87320E-01
 1646.20   0.85932E-01   0.87992E-01   0.85753E-01
 1659.81   0.84392E-01   0.86425E-01   0.84221E-01
 1673.41   0.82886E-01   0.84893E-01   0.82722E-01
 1687.02   0.81412E-01   0.83392E-01   0.81255E-01
 1700.62   0.79970E-01   0.81925E-01   0.79820E-01
 1714.23   0.78561E-01   0.80491E-01   0.78417E-01
 1727.83   0.77194E-01   0.79098E-01   0.77055E-01
 1741.44   0.75851E-01   0.77731E-01   0.75717E-01
 1755.04   0.74539E-01   0.76394E-01   0.74409E-01
 1768.65   0.73255E-01   0.75085E-01   0.73128E-01
 1782.25   0.71996E-01   0.73802E-01   0.71874E-01
 1795.86   0.70761E-01   0.72543E-01   0.70641E-01
 1809.46   0.69572E-01   0.71331E-01   0.69456E-01
 1823.07   0.68396E-01   0.70131E-01   0.68281E-01
 1836.67   0.67247E-01   0.68959E-01   0.67135E-01
 1850.28   0.66123E-01   0.67812E-01   0.66013E-01
 1863.88   0.65021E-01   0.66687E-01   0.64912E-01
 1877.49   0.63936E-01   0.65580E-01   0.63829E-01
 1891.09   0.62897E-01   0.64519E-01   0.62790E-01
 1904.70   0.61859E-01   0.63459E-01   0.61753E-01
 1918.30   0.60849E-01   0.62427E-01   0.60743E-01
 1931.91   0.59861E-01   0.61417E-01   0.59755E-01
 1945.51   0.58893E-01   0.60428E-01   0.58787E-01
 1959.12   0.57941E-01   0.59455E-01   0.57835E-01
 1972.72   0.57030E-01   0.58524E-01   0.56923E-01
 1986.33   0.56109E-01   0.57582E-01   0.56002E-01
 1999.93   0.55217E-01   0.56669E-01   0.55108E-01
 2013.54   0.54345E-01   0.55777E-01   0.54235E-01
 2027.14   0.53491E-01   0.54904E-01   0.53380E-01
 2040.75   0.52655E-01   0.54047E-01   0.52542E-01
 2054.35   0.51829E-01   0.53202E-01   0.51714E-01
 2067.96   0.51036E-01   0.52389E-01   0.50919E-01
 2081.56   0.50245E-01   0.51580E-01   0.50127E-01
 2095.17   0.49472E-01   0.50787E-01   0.49351E-01
 2108.77   0.48715E-01   0.50011E-01   0.48592E-01
 2122.38   0.47974E-01   0.49252E-01   0.47849E-01
 2135.98   0.47247E-01   0.48507E-01   0.47120E-01
 2149.59   0.46538E-01   0.47780E-01   0.46408E-01
 2163.19   0.45837E-01   0.47061E-01   0.45705E-01
 2176.80   0.45150E-01   0.46356E-01   0.45015E-01
 2190.40   0.44477E-01   0.45665E-01   0.44339E-01
 2204.01   0.43817E-01   0.44987E-01   0.43676E-01
 2217.61   0.43170E-01   0.44324E-01   0.43026E-01
 2231.22   0.42537E-01   0.43673E-01   0.42390E-01
 2244.82   0.41916E-01   0.43035E-01   0.41766E-01
 2258.43   0.41307E-01   0.42409E-01   0.41153E-01
 2272.03   0.40707E-01   0.41793E-01   0.40550E-01
 2285.64   0.40118E-01   0.41188E-01   0.39958E-01
 2299.24   0.39541E-01   0.40593E-01   0.39377E-01
 2312.85   0.38974E-01   0.40011E-01   0.38807E-01
 2326.45   0.38419E-01   0.39440E-01   0.38249E-01
 2340.06   0.37876E-01   0.38881E-01   0.37702E-01
 2353.66   0.37342E-01   0.38331E-01   0.37164E-01
 2367.27   0.36816E-01   0.37790E-01   0.36635E-01
 2380.87   0.36300E-01   0.37258E-01   0.36115E-01
 2394.48   0.35792E-01   0.36735E-01   0.35603E-01
 2408.08   0.35293E-01   0.36221E-01   0.35100E-01
 2421.69   0.34804E-01   0.35717E-01   0.34608E-01
 2435.29   0.34328E-01   0.35227E-01   0.34128E-01
 2448.90   0.33857E-01   0.34742E-01   0.33654E-01
 2462.50   0.33395E-01   0.34265E-01   0.33188E-01
 2476.11   0.32941E-01   0.33796E-01   0.32730E-01
 2489.71   0.32494E-01   0.33335E-01   0.32279E-01
 2503.32   0.32053E-01   0.32880E-01   0.31834E-01
 2516.92   0.31615E-01   0.32428E-01   0.31392E-01
 2530.53   0.31203E-01   0.32002E-01   0.30976E-01
 2544.13   0.30786E-01   0.31572E-01   0.30555E-01
 2557.74   0.30378E-01   0.31150E-01   0.30143E-01
 2571.34   0.29976E-01   0.30736E-01   0.29738E-01
 2584.95   0.29581E-01   0.30328E-01   0.29339E-01
 2598.55   0.29192E-01   0.29925E-01   0.28946E-01
 2612.16   0.28806E-01   0.29526E-01   0.28556E-01
 2625.76   0.28440E-01   0.29147E-01   0.28186E-01
 2639.37   0.28069E-01   0.28764E-01   0.27811E-01
 2652.97   0.27706E-01   0.28388E-01   0.27445E-01
 2666.58   0.27350E-01   0.28020E-01   0.27085E-01
 2680.18   0.27000E-01   0.27658E-01   0.26731E-01
 2693.79   0.26655E-01   0.27301E-01   0.26383E-01
 2707.39   0.26313E-01   0.26947E-01   0.26037E-01
 2721.00   0.25989E-01   0.26610E-01   0.25709E-01
 2734.60   0.25657E-01   0.26267E-01   0.25374E-01
 2748.21   0.25334E-01   0.25932E-01   0.25046E-01
 2761.81   0.25016E-01   0.25603E-01   0.24725E-01
 2775.42   0.24705E-01   0.25280E-01   0.24410E-01
 2789.02   0.24399E-01   0.24963E-01   0.24100E-01
 2802.63   0.24097E-01   0.24650E-01   0.23795E-01
 2816.23   0.23796E-01   0.24337E-01   0.23490E-01
 2829.84   0.23510E-01   0.24041E-01   0.23201E-01
 2843.44   0.23222E-01   0.23742E-01   0.22909E-01
 2857.05   0.22938E-01   0.23447E-01   0.22622E-01
 2870.65   0.22659E-01   0.23158E-01   0.22339E-01
 2884.26   0.22385E-01   0.22873E-01   0.22062E-01
 2897.86   0.22116E-01   0.22593E-01   0.21789E-01
 2911.47   0.21851E-01   0.22318E-01   0.21521E-01
 2925.07   0.21591E-01   0.22048E-01   0.21257E-01
 2938.68   0.21334E-01   0.21781E-01   0.20997E-01
 2952.28   0.21080E-01   0.21517E-01   0.20740E-01
 2965.89   0.20830E-01   0.21258E-01   0.20487E-01
 2979.49   0.20584E-01   0.21002E-01   0.20237E-01
 2993.10   0.20342E-01   0.20750E-01   0.19992E-01
 3006.70   0.20104E-01   0.20502E-01   0.19751E-01
 3020.31   0.19870E-01   0.20259E-01   0.19514E-01
 3033.91   0.19640E-01   0.20020E-01   0.19281E-01
 3047.52   0.19414E-01   0.19784E-01   0.19051E-01
 3061.12   0.19190E-01   0.19551E-01   0.18824E-01
 3074.73   0.18969E-01   0.19321E-01   0.18600E-01
 3088.33   0.18752E-01   0.19095E-01   0.18380E-01
 3101.94   0.18537E-01   0.18871E-01   0.18162E-01
 3115.54   0.18326E-01   0.18651E-01   0.17948E-01
 3129.15   0.18118E-01   0.18435E-01   0.17737E-01
 3142.75   0.17916E-01   0.18224E-01   0.17532E-01
 3156.36   0.17715E-01   0.18014E-01   0.17328E-01
 3169.96   0.17517E-01   0.17808E-01   0.17127E-01
 3183.57   0.17321E-01   0.17604E-01   0.16929E-01
 3197.17   0.17128E-01   0.17403E-01   0.16733E-01
 3210.78   0.16938E-01   0.17204E-01   0.16539E-01
 3224.38   0.16749E-01   0.17007E-01   0.16348E-01
 3237.99   0.16563E-01   0.16813E-01   0.16159E-01
 3251.59   0.16386E-01   0.16628E-01   0.15980E-01
 3265.20   0.16206E-01   0.16440E-01   0.15797E-01
 3278.80   0.16030E-01   0.16256E-01   0.15618E-01
 3292.41   0.15856E-01   0.16075E-01   0.15442E-01
 3306.01   0.15684E-01   0.15896E-01   0.15268E-01
 3319.62   0.15515E-01   0.15719E-01   0.15096E-01
 3333.22   0.15347E-01   0.15543E-01   0.14925E-01
 3346.83   0.15180E-01   0.15369E-01   0.14756E-01
 3360.43   0.15024E-01   0.15206E-01   0.14598E-01
 3374.04   0.14863E-01   0.15037E-01   0.14434E-01
 3387.64   0.14705E-01   0.14872E-01   0.14273E-01
 3401.25   0.14549E-01   0.14709E-01   0.14116E-01
 3414.85   0.14397E-01   0.14550E-01   0.13961E-01
 3428.46   0.14246E-01   0.14392E-01   0.13808E-01
 3442.06   0.14096E-01   0.14235E-01   0.13656E-01
 3455.67   0.13946E-01   0.14079E-01   0.13504E-01
 3469.27   0.13810E-01   0.13936E-01   0.13365E-01
 3482.88   0.13663E-01   0.13782E-01   0.13216E-01
 3496.48   0.13521E-01   0.13633E-01   0.13072E-01
 3510.09   0.13381E-01   0.13487E-01   0.12930E-01
 3523.69   0.13244E-01   0.13344E-01   0.12791E-01
 3537.30   0.13109E-01   0.13202E-01   0.12654E-01
 3550.90   0.12976E-01   0.13063E-01   0.12519E-01
 3564.51   0.12843E-01   0.12924E-01   0.12385E-01
 3578.11   0.12710E-01   0.12785E-01   0.12250E-01
 3591.72   0.12588E-01   0.12657E-01   0.12125E-01
 3605.32   0.12460E-01   0.12523E-01   0.11995E-01
 3618.93   0.12334E-01   0.12391E-01   0.11868E-01
 3632.53   0.12210E-01   0.12261E-01   0.11742E-01
 3646.14   0.12089E-01   0.12134E-01   0.11619E-01
 3659.74   0.11969E-01   0.12008E-01   0.11497E-01
 3673.35   0.11851E-01   0.11885E-01   0.11378E-01
 3686.95   0.11733E-01   0.11762E-01   0.11259E-01
 3700.56   0.11620E-01   0.11643E-01   0.11144E-01
 3714.16   0.11506E-01   0.11523E-01   0.11028E-01
 3727.77   0.11393E-01   0.11405E-01   0.10913E-01
 3741.37   0.11281E-01   0.11288E-01   0.10800E-01
 3754.98   0.11171E-01   0.11172E-01   0.10689E-01
 3768.58   0.11062E-01   0.11059E-01   0.10579E-01
 3782.19   0.10956E-01   0.10947E-01   0.10470E-01
 3795.79   0.10850E-01   0.10836E-01   0.10364E-01
 3809.40   0.10747E-01   0.10727E-01   0.10259E-01
 3823.00   0.10645E-01   0.10620E-01   0.10155E-01
 3836.61   0.10543E-01   0.10514E-01   0.10053E-01
 3850.21   0.10443E-01   0.10409E-01   0.99510E-02
 3863.82   0.10344E-01   0.10305E-01   0.98504E-02
 3877.42   0.10245E-01   0.10202E-01   0.97509E-02
 3891.03   0.10148E-01   0.10100E-01   0.96527E-02
 3904.63   0.10053E-01   0.99997E-02   0.95559E-02
 3918.24   0.99584E-02   0.99007E-02   0.94604E-02
 3931.84   0.98658E-02   0.98036E-02   0.93667E-02
 3945.45   0.97747E-02   0.97081E-02   0.92745E-02
 3959.05   0.96843E-02   0.96132E-02   0.91830E-02
 3972.66   0.95949E-02   0.95194E-02   0.90925E-02
 3986.26   0.95063E-02   0.94265E-02   0.90030E-02
 3999.87   0.94186E-02   0.93344E-02   0.89142E-02
 4013.47   0.93316E-02   0.92432E-02   0.88263E-02
 4027.08   0.92456E-02   0.91530E-02   0.87394E-02
 4040.68   0.91604E-02   0.90637E-02   0.86533E-02
 4054.29   0.90765E-02   0.89757E-02   0.85686E-02
 4067.89   0.89968E-02   0.88920E-02   0.84880E-02
 4081.50   0.89153E-02   0.88065E-02   0.84056E-02
 4095.10   0.88352E-02   0.87224E-02   0.83246E-02
 4108.71   0.87560E-02   0.86393E-02   0.82446E-02
 4122.31   0.86774E-02   0.85569E-02   0.81654E-02
 4135.92   0.85995E-02   0.84752E-02   0.80868E-02
 4149.52   0.85222E-02   0.83942E-02   0.80088E-02
 4163.13   0.84451E-02   0.83134E-02   0.79311E-02
 4176.73   0.83688E-02   0.82335E-02   0.78542E-02
 4190.34   0.82994E-02   0.81603E-02   0.77838E-02
 4203.94   0.82252E-02   0.80826E-02   0.77091E-02
 4217.55   0.81528E-02   0.80066E-02   0.76361E-02
 4231.15   0.80815E-02   0.79319E-02   0.75643E-02
 4244.76   0.80110E-02   0.78580E-02   0.74933E-02
 4258.36   0.79413E-02   0.77848E-02   0.74230E-02
 4271.97   0.78719E-02   0.77121E-02   0.73531E-02
 4285.57   0.78026E-02   0.76396E-02   0.72835E-02
 4299.18   0.77295E-02   0.75634E-02   0.72103E-02
 4312.78   0.76726E-02   0.75030E-02   0.71523E-02
 4326.39   0.76043E-02   0.74316E-02   0.70838E-02
 4339.99   0.75384E-02   0.73626E-02   0.70176E-02
 4353.60   0.74738E-02   0.72949E-02   0.69526E-02
 4367.20   0.74102E-02   0.72282E-02   0.68886E-02
 4380.81   0.73474E-02   0.71623E-02   0.68255E-02
 4394.41   0.72851E-02   0.70971E-02   0.67630E-02
 4408.02   0.72232E-02   0.70323E-02   0.67008E-02
 4421.62   0.71606E-02   0.69669E-02   0.66380E-02
 4435.23   0.71090E-02   0.69120E-02   0.65855E-02
 4448.83   0.70441E-02   0.68446E-02   0.65209E-02
 4462.44   0.69841E-02   0.67819E-02   0.64608E-02
 4476.04   0.69252E-02   0.67203E-02   0.64018E-02
 4489.65   0.68673E-02   0.66596E-02   0.63437E-02
 4503.25   0.68102E-02   0.65999E-02   0.62865E-02
 4516.86   0.67540E-02   0.65411E-02   0.62302E-02
 4530.46   0.66984E-02   0.64828E-02   0.61744E-02
 4544.07   0.66431E-02   0.64250E-02   0.61191E-02
 4557.67   0.65876E-02   0.63671E-02   0.60637E-02
 4571.28   0.65367E-02   0.63135E-02   0.60124E-02
 4584.88   0.64822E-02   0.62567E-02   0.59581E-02
 4598.49   0.64287E-02   0.62008E-02   0.59046E-02
 4612.09   0.63759E-02   0.61456E-02   0.58519E-02
 4625.70   0.63237E-02   0.60912E-02   0.57998E-02
 4639.30   0.62724E-02   0.60376E-02   0.57486E-02
 4652.91   0.62218E-02   0.59847E-02   0.56981E-02
 4666.51   0.61719E-02   0.59325E-02   0.56482E-02
 4680.12   0.61224E-02   0.58809E-02   0.55989E-02
 4693.72   0.60728E-02   0.58291E-02   0.55494E-02
 4707.33   0.60258E-02   0.57800E-02   0.55025E-02
 4720.93   0.59776E-02   0.57296E-02   0.54545E-02
 4734.54   0.59297E-02   0.56797E-02   0.54068E-02
 4748.14   0.58822E-02   0.56303E-02   0.53596E-02
 4761.75   0.58352E-02   0.55813E-02   0.53129E-02
 4775.35   0.57888E-02   0.55329E-02   0.52667E-02
 4788.96   0.57430E-02   0.54852E-02   0.52212E-02
 4802.56   0.56979E-02   0.54382E-02   0.51764E-02
 4816.17   0.56534E-02   0.53917E-02   0.51321E-02
 4829.77   0.56096E-02   0.53463E-02   0.50887E-02
 4843.38   0.55661E-02   0.53008E-02   0.50455E-02
 4856.98   0.55229E-02   0.52559E-02   0.50026E-02
 4870.59   0.54800E-02   0.52112E-02   0.49601E-02
 4884.19   0.54373E-02   0.51668E-02   0.49178E-02
 4897.80   0.53949E-02   0.51227E-02   0.48758E-02
 4911.40   0.53528E-02   0.50790E-02   0.48342E-02
 4925.01   0.53111E-02   0.50358E-02   0.47930E-02
 4938.61   0.52700E-02   0.49931E-02   0.47524E-02
 4952.22   0.52290E-02   0.49505E-02   0.47119E-02
 4965.82   0.51911E-02   0.49111E-02   0.46743E-02
 4979.43   0.51511E-02   0.48695E-02   0.46348E-02
 4993.03   0.51120E-02   0.48289E-02   0.45962E-02
 5006.64   0.50734E-02   0.47888E-02   0.45580E-02
 5020.24   0.50349E-02   0.47490E-02   0.45202E-02
 5033.85   0.49967E-02   0.47093E-02   0.44825E-02
 5047.45   0.49586E-02   0.46699E-02   0.44450E-02
 5061.06   0.49208E-02   0.46308E-02   0.44078E-02
 5074.66   0.48831E-02   0.45918E-02   0.43708E-02
 5088.27   0.48448E-02   0.45524E-02   0.43333E-02
 5101.87   0.48140E-02   0.45200E-02   0.43026E-02
 5115.48   0.47757E-02   0.44805E-02   0.42651E-02
 5129.08   0.47399E-02   0.44435E-02   0.42300E-02
 5142.69   0.47048E-02   0.44072E-02   0.41955E-02
 5156.29   0.46700E-02   0.43713E-02   0.41614E-02
 5169.90   0.46355E-02   0.43357E-02   0.41276E-02
 5183.50   0.46012E-02   0.43002E-02   0.40940E-02
 5197.11   0.45669E-02   0.42649E-02   0.40605E-02
 5210.71   0.45326E-02   0.42296E-02   0.40270E-02
 5224.32   0.44976E-02   0.41936E-02   0.39929E-02
 5237.92   0.44628E-02   0.41579E-02   0.39591E-02
 5251.53   0.44355E-02   0.41293E-02   0.39319E-02
 5265.13   0.44023E-02   0.40952E-02   0.38996E-02
 5278.74   0.43700E-02   0.40619E-02   0.38681E-02
 5292.34   0.43383E-02   0.40293E-02   0.38372E-02
 5305.95   0.43070E-02   0.39971E-02   0.38067E-02
 5319.55   0.42759E-02   0.39651E-02   0.37764E-02
 5333.16   0.42450E-02   0.39334E-02   0.37464E-02
 5346.76   0.42141E-02   0.39016E-02   0.37163E-02
 5360.37   0.41827E-02   0.38696E-02   0.36859E-02
 5373.97   0.41514E-02   0.38376E-02   0.36557E-02
 5387.58   0.41265E-02   0.38115E-02   0.36310E-02
 5401.18   0.40953E-02   0.37797E-02   0.36010E-02
 5414.79   0.40655E-02   0.37492E-02   0.35721E-02
 5428.39   0.40362E-02   0.37193E-02   0.35438E-02
 5442.00   0.40075E-02   0.36899E-02   0.35159E-02
 5455.60   0.39791E-02   0.36609E-02   0.34885E-02
 5469.21   0.39511E-02   0.36322E-02   0.34614E-02
 5482.81   0.39232E-02   0.36037E-02   0.34345E-02
 5496.42   0.38953E-02   0.35752E-02   0.34076E-02
 5510.02   0.38663E-02   0.35457E-02   0.33797E-02
 5523.63   0.38456E-02   0.35238E-02   0.33591E-02
 5537.23   0.38154E-02   0.34934E-02   0.33303E-02
 5550.84   0.37878E-02   0.34654E-02   0.33039E-02
 5564.44   0.37608E-02   0.34380E-02   0.32780E-02
 5578.05   0.37342E-02   0.34109E-02   0.32524E-02
 5591.65   0.37080E-02   0.33843E-02   0.32273E-02
 5605.26   0.36822E-02   0.33581E-02   0.32025E-02
 5618.86   0.36568E-02   0.33322E-02   0.31781E-02
 5632.47   0.36316E-02   0.33066E-02   0.31540E-02
 5646.07   0.36065E-02   0.32811E-02   0.31299E-02
 5659.68   0.35812E-02   0.32554E-02   0.31058E-02
 5673.28   0.35587E-02   0.32323E-02   0.30840E-02
 5686.89   0.35335E-02   0.32069E-02   0.30600E-02
 5700.49   0.35089E-02   0.31820E-02   0.30365E-02
 5714.10   0.34844E-02   0.31573E-02   0.30132E-02
 5727.70   0.34602E-02   0.31328E-02   0.29902E-02
 5741.31   0.34363E-02   0.31087E-02   0.29674E-02
 5754.91   0.34127E-02   0.30848E-02   0.29450E-02
 5768.52   0.33894E-02   0.30614E-02   0.29229E-02
 5782.12   0.33665E-02   0.30382E-02   0.29011E-02
 5795.73   0.33439E-02   0.30153E-02   0.28795E-02
 5809.33   0.33212E-02   0.29925E-02   0.28580E-02
 5822.94   0.32995E-02   0.29705E-02   0.28374E-02
 5836.54   0.32772E-02   0.29481E-02   0.28163E-02
 5850.15   0.32550E-02   0.29258E-02   0.27953E-02
 5863.75   0.32329E-02   0.29036E-02   0.27744E-02
 5877.36   0.32109E-02   0.28815E-02   0.27536E-02
 5890.96   0.31890E-02   0.28596E-02   0.27329E-02
 5904.57   0.31673E-02   0.28379E-02   0.27125E-02
 5918.17   0.31459E-02   0.28165E-02   0.26924E-02
 5931.78   0.31249E-02   0.27953E-02   0.26725E-02
 5945.38   0.31040E-02   0.27744E-02   0.26529E-02
 5958.99   0.30838E-02   0.27541E-02   0.26338E-02
 5972.59   0.30636E-02   0.27340E-02   0.26149E-02
 5986.20   0.30435E-02   0.27138E-02   0.25959E-02
 5999.80   0.30234E-02   0.26938E-02   0.25771E-02
 6013.41   0.30034E-02   0.26738E-02   0.25583E-02
 6027.01   0.29834E-02   0.26539E-02   0.25396E-02
 6040.62   0.29635E-02   0.26340E-02   0.25210E-02
 6054.22   0.29436E-02   0.26143E-02   0.25024E-02
 6067.83   0.29238E-02   0.25947E-02   0.24840E-02
 6081.43   0.29042E-02   0.25753E-02   0.24658E-02
 6095.04   0.28846E-02   0.25558E-02   0.24475E-02
 6108.64   0.28659E-02   0.25372E-02   0.24301E-02
 6122.25   0.28486E-02   0.25199E-02   0.24139E-02
 6135.85   0.28299E-02   0.25014E-02   0.23965E-02
 6149.46   0.28116E-02   0.24832E-02   0.23794E-02
 6163.06   0.27934E-02   0.24652E-02   0.23625E-02
 6176.67   0.27753E-02   0.24473E-02   0.23457E-02
 6190.27   0.27571E-02   0.24294E-02   0.23289E-02
 6203.88   0.27390E-02   0.24115E-02   0.23122E-02
 6217.48   0.27209E-02   0.23937E-02   0.22954E-02
 6231.09   0.27027E-02   0.23758E-02   0.22787E-02
 6244.69   0.26842E-02   0.23577E-02   0.22617E-02
 6258.30   0.26666E-02   0.23404E-02   0.22455E-02
 6271.90   0.26524E-02   0.23261E-02   0.22322E-02
 6285.51   0.26346E-02   0.23087E-02   0.22158E-02
 6299.11   0.26175E-02   0.22919E-02   0.22001E-02
 6312.72   0.26008E-02   0.22755E-02   0.21847E-02
 6326.32   0.25842E-02   0.22593E-02   0.21695E-02
 6339.93   0.25678E-02   0.22431E-02   0.21544E-02
 6353.53   0.25513E-02   0.22271E-02   0.21394E-02
 6367.14   0.25349E-02   0.22110E-02   0.21243E-02
 6380.74   0.25182E-02   0.21948E-02   0.21091E-02
 6394.35   0.25012E-02   0.21783E-02   0.20937E-02
 6407.95   0.24848E-02   0.21623E-02   0.20787E-02
 6421.56   0.24735E-02   0.21508E-02   0.20680E-02
 6435.16   0.24558E-02   0.21338E-02   0.20521E-02
 6448.77   0.24397E-02   0.21182E-02   0.20374E-02
 6462.37   0.24240E-02   0.21030E-02   0.20232E-02
 6475.98   0.24087E-02   0.20881E-02   0.20093E-02
 6489.58   0.23936E-02   0.20734E-02   0.19955E-02
 6503.19   0.23786E-02   0.20589E-02   0.19819E-02
 6516.79   0.23637E-02   0.20444E-02   0.19684E-02
 6530.40   0.23487E-02   0.20299E-02   0.19548E-02
 6544.00   0.23335E-02   0.20153E-02   0.19411E-02
 6557.61   0.23171E-02   0.19997E-02   0.19265E-02
 6571.21   0.23011E-02   0.19843E-02   0.19121E-02
 6584.82   0.22918E-02   0.19748E-02   0.19033E-02
 6598.42   0.22765E-02   0.19602E-02   0.18896E-02
 6612.03   0.22618E-02   0.19460E-02   0.18764E-02
 6625.63   0.22474E-02   0.19322E-02   0.18635E-02
 6639.24   0.22332E-02   0.19187E-02   0.18508E-02
 6652.84   0.22194E-02   0.19053E-02   0.18384E-02
 6666.45   0.22056E-02   0.18922E-02   0.18261E-02
 6680.05   0.21920E-02   0.18791E-02   0.18139E-02
 6693.66   0.21784E-02   0.18661E-02   0.18017E-02
 6707.26   0.21646E-02   0.18529E-02   0.17894E-02
 6720.87   0.21507E-02   0.18397E-02   0.17770E-02
 6734.47   0.21405E-02   0.18296E-02   0.17677E-02
 6748.08   0.21260E-02   0.18159E-02   0.17549E-02
 6761.68   0.21124E-02   0.18030E-02   0.17428E-02
 6775.29   0.20989E-02   0.17902E-02   0.17309E-02
 6788.89   0.20857E-02   0.17776E-02   0.17191E-02
 6802.50   0.20726E-02   0.17652E-02   0.17075E-02
 6816.10   0.20598E-02   0.17531E-02   0.16962E-02
 6829.71   0.20471E-02   0.17411E-02   0.16850E-02
 6843.31   0.20347E-02   0.17292E-02   0.16739E-02
 6856.92   0.20223E-02   0.17175E-02   0.16630E-02
 6870.52   0.20099E-02   0.17058E-02   0.16520E-02
 6884.13   0.19973E-02   0.16939E-02   0.16409E-02
 6897.73   0.19865E-02   0.16836E-02   0.16314E-02
 6911.34   0.19741E-02   0.16719E-02   0.16204E-02
 6924.94   0.19618E-02   0.16604E-02   0.16097E-02
 6938.55   0.19496E-02   0.16489E-02   0.15989E-02
 6952.15   0.19374E-02   0.16375E-02   0.15883E-02
 6965.76   0.19253E-02   0.16261E-02   0.15777E-02
 6979.36   0.19134E-02   0.16150E-02   0.15673E-02
 6992.97   0.19016E-02   0.16040E-02   0.15570E-02
 7006.57   0.18901E-02   0.15932E-02   0.15469E-02
 7020.18   0.18787E-02   0.15825E-02   0.15370E-02
 7033.78   0.18674E-02   0.15719E-02   0.15271E-02
 7047.39   0.18562E-02   0.15614E-02   0.15174E-02
 7060.99   0.18454E-02   0.15514E-02   0.15080E-02
 7074.60   0.18343E-02   0.15410E-02   0.14983E-02
 7088.20   0.18232E-02   0.15307E-02   0.14887E-02
 7101.81   0.18121E-02   0.15204E-02   0.14791E-02
 7115.41   0.18010E-02   0.15101E-02   0.14695E-02
 7129.02   0.17899E-02   0.14998E-02   0.14599E-02
 7142.62   0.17788E-02   0.14896E-02   0.14503E-02
 7156.23   0.17679E-02   0.14795E-02   0.14409E-02
 7169.83   0.17570E-02   0.14695E-02   0.14316E-02
 7183.44   0.17463E-02   0.14596E-02   0.14223E-02
 7197.04   0.17357E-02   0.14498E-02   0.14132E-02
 7210.65   0.17257E-02   0.14405E-02   0.14045E-02
 7224.25   0.17158E-02   0.14314E-02   0.13961E-02
 7237.86   0.17056E-02   0.14220E-02   0.13873E-02
 7251.46   0.16955E-02   0.14127E-02   0.13786E-02
 7265.07   0.16854E-02   0.14034E-02   0.13700E-02
 7278.67   0.16753E-02   0.13942E-02   0.13614E-02
 7292.28   0.16651E-02   0.13849E-02   0.13527E-02
 7305.88   0.16550E-02   0.13756E-02   0.13440E-02
 7319.49   0.16448E-02   0.13663E-02   0.13354E-02
 7333.09   0.16346E-02   0.13571E-02   0.13267E-02
 7346.70   0.16245E-02   0.13479E-02   0.13181E-02
 7360.30   0.16141E-02   0.13384E-02   0.13093E-02
 7373.91   0.16047E-02   0.13299E-02   0.13014E-02
 7387.51   0.15968E-02   0.13226E-02   0.12946E-02
 7401.12   0.15870E-02   0.13137E-02   0.12863E-02
 7414.72   0.15776E-02   0.13052E-02   0.12784E-02
 7428.33   0.15683E-02   0.12967E-02   0.12705E-02
 7441.93   0.15591E-02   0.12884E-02   0.12627E-02
 7455.54   0.15498E-02   0.12800E-02   0.12549E-02
 7469.14   0.15406E-02   0.12717E-02   0.12471E-02
 7482.75   0.15312E-02   0.12633E-02   0.12393E-02
 7496.35   0.15218E-02   0.12549E-02   0.12314E-02
 7509.96   0.15123E-02   0.12463E-02   0.12235E-02
 7523.56   0.15024E-02   0.12375E-02   0.12152E-02
 7537.17   0.14935E-02   0.12295E-02   0.12077E-02
 7550.77   0.14878E-02   0.12241E-02   0.12029E-02
 7564.38   0.14778E-02   0.12153E-02   0.11946E-02
 7577.98   0.14688E-02   0.12072E-02   0.11870E-02
 7591.59   0.14600E-02   0.11994E-02   0.11798E-02
 7605.19   0.14515E-02   0.11918E-02   0.11726E-02
 7618.80   0.14430E-02   0.11842E-02   0.11656E-02
 7632.40   0.14345E-02   0.11767E-02   0.11585E-02
 7646.01   0.14261E-02   0.11691E-02   0.11515E-02
 7659.61   0.14176E-02   0.11616E-02   0.11445E-02
 7673.22   0.14089E-02   0.11539E-02   0.11373E-02
 7686.82   0.13999E-02   0.11460E-02   0.11299E-02
 7700.43   0.13891E-02   0.11367E-02   0.11211E-02
 7714.03   0.13887E-02   0.11357E-02   0.11205E-02
 7727.64   0.13773E-02   0.11258E-02   0.11112E-02
 7741.24   0.13684E-02   0.11181E-02   0.11039E-02
 7754.85   0.13601E-02   0.11108E-02   0.10970E-02
 7768.45   0.13519E-02   0.11036E-02   0.10904E-02
 7782.06   0.13440E-02   0.10966E-02   0.10838E-02
 7795.66   0.13362E-02   0.10897E-02   0.10774E-02
 7809.27   0.13284E-02   0.10829E-02   0.10711E-02
 7822.87   0.13207E-02   0.10761E-02   0.10647E-02
 7836.48   0.13129E-02   0.10693E-02   0.10584E-02
 7850.08   0.13050E-02   0.10624E-02   0.10519E-02
 7863.69   0.12965E-02   0.10551E-02   0.10450E-02
 7877.29   0.12885E-02   0.10481E-02   0.10385E-02
 7890.90   0.12844E-02   0.10443E-02   0.10351E-02
 7904.50   0.12757E-02   0.10368E-02   0.10281E-02
 7918.11   0.12677E-02   0.10299E-02   0.10216E-02
 7931.71   0.12600E-02   0.10232E-02   0.10153E-02
 7945.32   0.12524E-02   0.10167E-02   0.10092E-02
 7958.92   0.12450E-02   0.10102E-02   0.10032E-02
 7972.53   0.12377E-02   0.10039E-02   0.99730E-03
 7986.13   0.12305E-02   0.99772E-03   0.99151E-03
 7999.74   0.12234E-02   0.99158E-03   0.98578E-03
 8013.34   0.12164E-02   0.98547E-03   0.98008E-03
 8026.95   0.12092E-02   0.97930E-03   0.97431E-03
 8040.55   0.12015E-02   0.97269E-03   0.96810E-03
 8054.16   0.11939E-02   0.96623E-03   0.96203E-03
 8067.76   0.11894E-02   0.96225E-03   0.95844E-03
 8081.37   0.11820E-02   0.95592E-03   0.95250E-03
 8094.97   0.11748E-02   0.94977E-03   0.94673E-03
 8108.58   0.11677E-02   0.94369E-03   0.94103E-03
 8122.18   0.11606E-02   0.93768E-03   0.93540E-03
 8135.79   0.11537E-02   0.93176E-03   0.92985E-03
 8149.39   0.11469E-02   0.92595E-03   0.92441E-03
 8163.00   0.11402E-02   0.92024E-03   0.91907E-03
 8176.60   0.11336E-02   0.91463E-03   0.91383E-03
 8190.21   0.11271E-02   0.90910E-03   0.90866E-03
 8203.81   0.11206E-02   0.90359E-03   0.90352E-03
 8217.42   0.11139E-02   0.89788E-03   0.89818E-03
 8231.02   0.11087E-02   0.89345E-03   0.89407E-03
 8244.63   0.11019E-02   0.88772E-03   0.88870E-03
 8258.23   0.10954E-02   0.88223E-03   0.88356E-03
 8271.84   0.10889E-02   0.87676E-03   0.87843E-03
 8285.44   0.10824E-02   0.87129E-03   0.87330E-03
 8299.05   0.10759E-02   0.86584E-03   0.86818E-03
 8312.65   0.10694E-02   0.86041E-03   0.86309E-03
 8326.26   0.10630E-02   0.85504E-03   0.85805E-03
 8339.86   0.10567E-02   0.84975E-03   0.85308E-03
 8353.47   0.10505E-02   0.84455E-03   0.84821E-03
 8367.07   0.10444E-02   0.83945E-03   0.84343E-03
 8380.68   0.10384E-02   0.83442E-03   0.83872E-03
 8394.28   0.10324E-02   0.82934E-03   0.83400E-03
 8407.89   0.10269E-02   0.82481E-03   0.82972E-03
 8421.49   0.10210E-02   0.81987E-03   0.82511E-03
 8435.10   0.10151E-02   0.81501E-03   0.82056E-03
 8448.70   0.10093E-02   0.81014E-03   0.81600E-03
 8462.31   0.10034E-02   0.80526E-03   0.81142E-03
 8475.91   0.99748E-03   0.80035E-03   0.80681E-03
 8489.52   0.99154E-03   0.79543E-03   0.80218E-03
 8503.12   0.98559E-03   0.79051E-03   0.79755E-03
 8516.73   0.97966E-03   0.78562E-03   0.79295E-03
 8530.33   0.97378E-03   0.78077E-03   0.78838E-03
 8543.94   0.96795E-03   0.77597E-03   0.78387E-03
 8557.54   0.96216E-03   0.77121E-03   0.77939E-03
 8571.15   0.95603E-03   0.76616E-03   0.77463E-03
 8584.75   0.95233E-03   0.76311E-03   0.77183E-03
 8598.36   0.94632E-03   0.75817E-03   0.76718E-03
 8611.96   0.94086E-03   0.75369E-03   0.76297E-03
 8625.57   0.93549E-03   0.74929E-03   0.75885E-03
 8639.17   0.93013E-03   0.74490E-03   0.75473E-03
 8652.78   0.92476E-03   0.74051E-03   0.75061E-03
 8666.38   0.91936E-03   0.73610E-03   0.74646E-03
 8679.99   0.91391E-03   0.73166E-03   0.74228E-03
 8693.59   0.90843E-03   0.72720E-03   0.73807E-03
 8707.20   0.90292E-03   0.72273E-03   0.73384E-03
 8720.80   0.89739E-03   0.71823E-03   0.72959E-03
 8734.41   0.89178E-03   0.71369E-03   0.72528E-03
 8748.01   0.88561E-03   0.70870E-03   0.72053E-03
 8761.62   0.88102E-03   0.70497E-03   0.71705E-03
 8775.22   0.87764E-03   0.70222E-03   0.71456E-03
 8788.83   0.87223E-03   0.69785E-03   0.71043E-03
 8802.43   0.86713E-03   0.69373E-03   0.70655E-03
 8816.04   0.86215E-03   0.68972E-03   0.70277E-03
 8829.64   0.85723E-03   0.68575E-03   0.69904E-03
 8843.25   0.85231E-03   0.68179E-03   0.69532E-03
 8856.85   0.84738E-03   0.67783E-03   0.69158E-03
 8870.46   0.84240E-03   0.67383E-03   0.68780E-03
 8884.06   0.83736E-03   0.66979E-03   0.68398E-03
 8897.67   0.83225E-03   0.66570E-03   0.68010E-03
 8911.27   0.82700E-03   0.66150E-03   0.67610E-03
 8924.88   0.82129E-03   0.65693E-03   0.67173E-03
 8938.48   0.81667E-03   0.65324E-03   0.66826E-03
 8952.09   0.81472E-03   0.65169E-03   0.66698E-03
 8965.69   0.80900E-03   0.64713E-03   0.66260E-03
 8979.30   0.80399E-03   0.64314E-03   0.65881E-03
 8992.90   0.79921E-03   0.63934E-03   0.65522E-03
 9006.51   0.79457E-03   0.63565E-03   0.65173E-03
 9020.11   0.79001E-03   0.63204E-03   0.64832E-03
 9033.72   0.78549E-03   0.62846E-03   0.64494E-03
 9047.32   0.78098E-03   0.62488E-03   0.64156E-03
 9060.93   0.77645E-03   0.62130E-03   0.63817E-03
 9074.53   0.77185E-03   0.61766E-03   0.63473E-03
 9088.14   0.76714E-03   0.61394E-03   0.63118E-03
 9101.74   0.76216E-03   0.61001E-03   0.62742E-03
 9115.35   0.75564E-03   0.60484E-03   0.62236E-03
 9128.95   0.75791E-03   0.60674E-03   0.62467E-03
 9142.56   0.75072E-03   0.60103E-03   0.61905E-03
 9156.16   0.74574E-03   0.59711E-03   0.61528E-03
 9169.77   0.74110E-03   0.59346E-03   0.61179E-03
 9183.37   0.73662E-03   0.58995E-03   0.60845E-03
 9196.98   0.73227E-03   0.58654E-03   0.60521E-03
 9210.58   0.72802E-03   0.58321E-03   0.60206E-03
 9224.19   0.72383E-03   0.57995E-03   0.59896E-03
 9237.79   0.71969E-03   0.57671E-03   0.59590E-03
 9251.40   0.71555E-03   0.57349E-03   0.59285E-03
 9265.00   0.71139E-03   0.57025E-03   0.58977E-03
 9278.61   0.70712E-03   0.56692E-03   0.58659E-03
 9292.21   0.70250E-03   0.56332E-03   0.58313E-03
 9305.82   0.69826E-03   0.56002E-03   0.57998E-03
 9319.42   0.69681E-03   0.55898E-03   0.57919E-03
 9333.03   0.69178E-03   0.55505E-03   0.57537E-03
 9346.63   0.68736E-03   0.55160E-03   0.57207E-03
 9360.24   0.68309E-03   0.54829E-03   0.56889E-03
 9373.84   0.67892E-03   0.54506E-03   0.56580E-03
 9387.45   0.67484E-03   0.54190E-03   0.56278E-03
 9401.05   0.67084E-03   0.53881E-03   0.55983E-03
 9414.66   0.66692E-03   0.53580E-03   0.55696E-03
 9428.26   0.66308E-03   0.53284E-03   0.55414E-03
 9441.87   0.65928E-03   0.52992E-03   0.55137E-03
 9455.47   0.65550E-03   0.52702E-03   0.54861E-03
 9469.08   0.65167E-03   0.52409E-03   0.54581E-03
 9482.68   0.64760E-03   0.52095E-03   0.54281E-03
 9496.29   0.64368E-03   0.51794E-03   0.53991E-03
 9509.89   0.64141E-03   0.51626E-03   0.53842E-03
 9523.50   0.63733E-03   0.51312E-03   0.53540E-03
 9537.10   0.63342E-03   0.51012E-03   0.53251E-03
 9550.71   0.62954E-03   0.50715E-03   0.52966E-03
 9564.31   0.62569E-03   0.50421E-03   0.52683E-03
 9577.92   0.62189E-03   0.50130E-03   0.52403E-03
 9591.52   0.61813E-03   0.49843E-03   0.52127E-03
 9605.13   0.61444E-03   0.49562E-03   0.51858E-03
 9618.73   0.61082E-03   0.49287E-03   0.51594E-03
 9632.34   0.60727E-03   0.49017E-03   0.51336E-03
 9645.94   0.60378E-03   0.48753E-03   0.51084E-03
 9659.55   0.60032E-03   0.48492E-03   0.50835E-03
 9673.15   0.59679E-03   0.48226E-03   0.50581E-03
 9686.76   0.59330E-03   0.47961E-03   0.50327E-03
 9700.36   0.59044E-03   0.47745E-03   0.50122E-03
 9713.97   0.58696E-03   0.47483E-03   0.49871E-03
 9727.57   0.58350E-03   0.47222E-03   0.49620E-03
 9741.18   0.58003E-03   0.46960E-03   0.49368E-03
 9754.78   0.57653E-03   0.46696E-03   0.49113E-03
 9768.39   0.57303E-03   0.46431E-03   0.48858E-03
 9781.99   0.56954E-03   0.46167E-03   0.48603E-03
 9795.60   0.56608E-03   0.45906E-03   0.48350E-03
 9809.20   0.56265E-03   0.45648E-03   0.48101E-03
 9822.81   0.55928E-03   0.45394E-03   0.47856E-03
 9836.41   0.55597E-03   0.45146E-03   0.47617E-03
 9850.02   0.55271E-03   0.44903E-03   0.47383E-03
 9863.62   0.54942E-03   0.44659E-03   0.47149E-03
 9877.23   0.54644E-03   0.44437E-03   0.46938E-03
 9890.83   0.54356E-03   0.44219E-03   0.46726E-03
 9904.44   0.54041E-03   0.43986E-03   0.46503E-03
 9918.04   0.53730E-03   0.43755E-03   0.46281E-03
 9931.65   0.53418E-03   0.43523E-03   0.46058E-03
 9945.25   0.53105E-03   0.43290E-03   0.45832E-03
 9958.86   0.52788E-03   0.43054E-03   0.45604E-03
 9972.46   0.52469E-03   0.42815E-03   0.45373E-03
 9986.07   0.52149E-03   0.42576E-03   0.45140E-03
 9999.67   0.51828E-03   0.42337E-03   0.44907E-03
