  693.85   0.77009E-01   0.75211E-01   0.73416E-01
  707.46   0.75071E-01   0.73263E-01   0.71522E-01
  721.06   0.73198E-01   0.71381E-01   0.69693E-01
  734.67   0.71388E-01   0.69563E-01   0.67926E-01
  748.27   0.69638E-01   0.67806E-01   0.66219E-01
  761.88   0.67946E-01   0.66108E-01   0.64569E-01
  775.48   0.66309E-01   0.64466E-01   0.62974E-01
  789.09   0.64726E-01   0.62879E-01   0.61433E-01
  802.69   0.63193E-01   0.61344E-01   0.59942E-01
  816.30   0.61709E-01   0.59858E-01   0.58500E-01
  829.90   0.60272E-01   0.58419E-01   0.57103E-01
  843.51   0.58880E-01   0.57027E-01   0.55752E-01
  857.11   0.57530E-01   0.55678E-01   0.54443E-01
  870.72   0.56221E-01   0.54370E-01   0.53175E-01
  884.32   0.54951E-01   0.53102E-01   0.51944E-01
  897.93   0.53720E-01   0.51873E-01   0.50752E-01
  911.53   0.52523E-01   0.50680E-01   0.49595E-01
  925.14   0.51361E-01   0.49522E-01   0.48473E-01
  938.74   0.50233E-01   0.48398E-01   0.47383E-01
  952.35   0.49135E-01   0.47305E-01   0.46324E-01
  965.95   0.48070E-01   0.46247E-01   0.45297E-01
  979.56   0.47034E-01   0.45217E-01   0.44299E-01
  993.16   0.46026E-01   0.44216E-01   0.43329E-01
 1006.77   0.45046E-01   0.43243E-01   0.42386E-01
 1020.37   0.44093E-01   0.42298E-01   0.41471E-01
 1033.98   0.43166E-01   0.41379E-01   0.40580E-01
 1047.58   0.42263E-01   0.40485E-01   0.39714E-01
 1061.19   0.41385E-01   0.39616E-01   0.38872E-01
 1074.79   0.40530E-01   0.38771E-01   0.38053E-01
 1088.40   0.39700E-01   0.37950E-01   0.37257E-01
 1102.00   0.38890E-01   0.37150E-01   0.36483E-01
 1115.61   0.38102E-01   0.36372E-01   0.35730E-01
 1129.21   0.37335E-01   0.35616E-01   0.34997E-01
 1142.82   0.36588E-01   0.34881E-01   0.34284E-01
 1156.42   0.35861E-01   0.34164E-01   0.33591E-01
 1170.03   0.35152E-01   0.33467E-01   0.32916E-01
 1183.63   0.34462E-01   0.32789E-01   0.32258E-01
 1197.24   0.33790E-01   0.32129E-01   0.31619E-01
 1210.84   0.33135E-01   0.31486E-01   0.30996E-01
 1224.45   0.32497E-01   0.30860E-01   0.30390E-01
 1238.05   0.31875E-01   0.30250E-01   0.29800E-01
 1251.66   0.31268E-01   0.29656E-01   0.29224E-01
 1265.26   0.30676E-01   0.29077E-01   0.28664E-01
 1278.87   0.30100E-01   0.28514E-01   0.28118E-01
 1292.47   0.29537E-01   0.27964E-01   0.27585E-01
 1306.08   0.28988E-01   0.27428E-01   0.27066E-01
 1319.68   0.28452E-01   0.26906E-01   0.26560E-01
 1333.29   0.27929E-01   0.26396E-01   0.26066E-01
 1346.89   0.27419E-01   0.25899E-01   0.25585E-01
 1360.50   0.26920E-01   0.25414E-01   0.25115E-01
 1374.10   0.26433E-01   0.24941E-01   0.24656E-01
 1387.71   0.25958E-01   0.24479E-01   0.24209E-01
 1401.31   0.25493E-01   0.24028E-01   0.23771E-01
 1414.92   0.25038E-01   0.23587E-01   0.23344E-01
 1428.52   0.24595E-01   0.23158E-01   0.22928E-01
 1442.13   0.24161E-01   0.22738E-01   0.22521E-01
 1455.73   0.23736E-01   0.22328E-01   0.22123E-01
 1469.34   0.23322E-01   0.21927E-01   0.21735E-01
 1482.94   0.22915E-01   0.21535E-01   0.21354E-01
 1496.55   0.22520E-01   0.21153E-01   0.20984E-01
 1510.15   0.22131E-01   0.20779E-01   0.20621E-01
 1523.76   0.21751E-01   0.20413E-01   0.20267E-01
 1537.36   0.21380E-01   0.20056E-01   0.19920E-01
 1550.97   0.21017E-01   0.19707E-01   0.19581E-01
 1564.57   0.20660E-01   0.19365E-01   0.19249E-01
 1578.18   0.20313E-01   0.19032E-01   0.18926E-01
 1591.78   0.19972E-01   0.18706E-01   0.18609E-01
 1605.39   0.19639E-01   0.18386E-01   0.18299E-01
 1618.99   0.19313E-01   0.18074E-01   0.17996E-01
 1632.60   0.18994E-01   0.17769E-01   0.17699E-01
 1646.20   0.18681E-01   0.17471E-01   0.17410E-01
 1659.81   0.18375E-01   0.17179E-01   0.17126E-01
 1673.41   0.18075E-01   0.16893E-01   0.16848E-01
 1687.02   0.17781E-01   0.16613E-01   0.16576E-01
 1700.62   0.17494E-01   0.16340E-01   0.16310E-01
 1714.23   0.17212E-01   0.16072E-01   0.16050E-01
 1727.83   0.16937E-01   0.15810E-01   0.15795E-01
 1741.44   0.16667E-01   0.15554E-01   0.15546E-01
 1755.04   0.16402E-01   0.15303E-01   0.15302E-01
 1768.65   0.16142E-01   0.15057E-01   0.15062E-01
 1782.25   0.15888E-01   0.14817E-01   0.14828E-01
 1795.86   0.15639E-01   0.14581E-01   0.14599E-01
 1809.46   0.15395E-01   0.14351E-01   0.14374E-01
 1823.07   0.15156E-01   0.14125E-01   0.14154E-01
 1836.67   0.14921E-01   0.13904E-01   0.13939E-01
 1850.28   0.14691E-01   0.13687E-01   0.13727E-01
 1863.88   0.14465E-01   0.13474E-01   0.13520E-01
 1877.49   0.14243E-01   0.13266E-01   0.13317E-01
 1891.09   0.14027E-01   0.13062E-01   0.13119E-01
 1904.70   0.13814E-01   0.12863E-01   0.12924E-01
 1918.30   0.13605E-01   0.12667E-01   0.12732E-01
 1931.91   0.13400E-01   0.12475E-01   0.12545E-01
 1945.51   0.13199E-01   0.12286E-01   0.12361E-01
 1959.12   0.13001E-01   0.12101E-01   0.12180E-01
 1972.72   0.12809E-01   0.11921E-01   0.12004E-01
 1986.33   0.12618E-01   0.11743E-01   0.11830E-01
 1999.93   0.12431E-01   0.11569E-01   0.11660E-01
 2013.54   0.12248E-01   0.11398E-01   0.11493E-01
 2027.14   0.12068E-01   0.11231E-01   0.11329E-01
 2040.75   0.11891E-01   0.11066E-01   0.11168E-01
 2054.35   0.11717E-01   0.10904E-01   0.11009E-01
 2067.96   0.11548E-01   0.10747E-01   0.10855E-01
 2081.56   0.11380E-01   0.10591E-01   0.10703E-01
 2095.17   0.11216E-01   0.10439E-01   0.10554E-01
 2108.77   0.11054E-01   0.10289E-01   0.10407E-01
 2122.38   0.10896E-01   0.10142E-01   0.10263E-01
 2135.98   0.10740E-01   0.99979E-02   0.10121E-01
 2149.59   0.10588E-01   0.98575E-02   0.99834E-02
 2163.19   0.10437E-01   0.97180E-02   0.98465E-02
 2176.80   0.10289E-01   0.95815E-02   0.97124E-02
 2190.40   0.10143E-01   0.94476E-02   0.95808E-02
 2204.01   0.10001E-01   0.93162E-02   0.94517E-02
 2217.61   0.98607E-02   0.91871E-02   0.93249E-02
 2231.22   0.97226E-02   0.90601E-02   0.91999E-02
 2244.82   0.95879E-02   0.89363E-02   0.90781E-02
 2258.43   0.94545E-02   0.88138E-02   0.89576E-02
 2272.03   0.93235E-02   0.86936E-02   0.88392E-02
 2285.64   0.91948E-02   0.85756E-02   0.87230E-02
 2299.24   0.90684E-02   0.84597E-02   0.86089E-02
 2312.85   0.89442E-02   0.83460E-02   0.84968E-02
 2326.45   0.88218E-02   0.82340E-02   0.83863E-02
 2340.06   0.87022E-02   0.81246E-02   0.82784E-02
 2353.66   0.85840E-02   0.80166E-02   0.81718E-02
 2367.27   0.84677E-02   0.79105E-02   0.80670E-02
 2380.87   0.83533E-02   0.78062E-02   0.79640E-02
 2394.48   0.82410E-02   0.77037E-02   0.78628E-02
 2408.08   0.81306E-02   0.76031E-02   0.77634E-02
 2421.69   0.80220E-02   0.75043E-02   0.76657E-02
 2435.29   0.79153E-02   0.74072E-02   0.75696E-02
 2448.90   0.78102E-02   0.73116E-02   0.74750E-02
 2462.50   0.77067E-02   0.72176E-02   0.73819E-02
 2476.11   0.76048E-02   0.71251E-02   0.72903E-02
 2489.71   0.75045E-02   0.70342E-02   0.72002E-02
 2503.32   0.74060E-02   0.69448E-02   0.71116E-02
 2516.92   0.73092E-02   0.68571E-02   0.70246E-02
 2530.53   0.72139E-02   0.67708E-02   0.69390E-02
 2544.13   0.71201E-02   0.66859E-02   0.68547E-02
 2557.74   0.70278E-02   0.66024E-02   0.67718E-02
 2571.34   0.69368E-02   0.65201E-02   0.66900E-02
 2584.95   0.68471E-02   0.64391E-02   0.66095E-02
 2598.55   0.67588E-02   0.63594E-02   0.65302E-02
 2612.16   0.66718E-02   0.62809E-02   0.64521E-02
 2625.76   0.65870E-02   0.62044E-02   0.63760E-02
 2639.37   0.65029E-02   0.61286E-02   0.63005E-02
 2652.97   0.64202E-02   0.60541E-02   0.62263E-02
 2666.58   0.63387E-02   0.59807E-02   0.61532E-02
 2680.18   0.62583E-02   0.59084E-02   0.60811E-02
 2693.79   0.61791E-02   0.58371E-02   0.60100E-02
 2707.39   0.61005E-02   0.57665E-02   0.59394E-02
 2721.00   0.60252E-02   0.56988E-02   0.58719E-02
 2734.60   0.59493E-02   0.56307E-02   0.58038E-02
 2748.21   0.58749E-02   0.55639E-02   0.57371E-02
 2761.81   0.58018E-02   0.54982E-02   0.56714E-02
 2775.42   0.57297E-02   0.54335E-02   0.56067E-02
 2789.02   0.56585E-02   0.53698E-02   0.55429E-02
 2802.63   0.55882E-02   0.53067E-02   0.54797E-02
 2816.23   0.55189E-02   0.52446E-02   0.54175E-02
 2829.84   0.54519E-02   0.51847E-02   0.53574E-02
 2843.44   0.53847E-02   0.51245E-02   0.52971E-02
 2857.05   0.53187E-02   0.50655E-02   0.52379E-02
 2870.65   0.52538E-02   0.50074E-02   0.51796E-02
 2884.26   0.51899E-02   0.49503E-02   0.51222E-02
 2897.86   0.51268E-02   0.48939E-02   0.50655E-02
 2911.47   0.50642E-02   0.48379E-02   0.50092E-02
 2925.07   0.50042E-02   0.47844E-02   0.49554E-02
 2938.68   0.49433E-02   0.47300E-02   0.49007E-02
 2952.28   0.48837E-02   0.46767E-02   0.48471E-02
 2965.89   0.48250E-02   0.46244E-02   0.47943E-02
 2979.49   0.47673E-02   0.45729E-02   0.47424E-02
 2993.10   0.47104E-02   0.45222E-02   0.46913E-02
 3006.70   0.46544E-02   0.44722E-02   0.46409E-02
 3020.31   0.45989E-02   0.44227E-02   0.45910E-02
 3033.91   0.45451E-02   0.43748E-02   0.45425E-02
 3047.52   0.44912E-02   0.43267E-02   0.44940E-02
 3061.12   0.44381E-02   0.42794E-02   0.44462E-02
 3074.73   0.43858E-02   0.42329E-02   0.43991E-02
 3088.33   0.43344E-02   0.41870E-02   0.43527E-02
 3101.94   0.42837E-02   0.41419E-02   0.43071E-02
 3115.54   0.42338E-02   0.40975E-02   0.42621E-02
 3129.15   0.41845E-02   0.40536E-02   0.42176E-02
 3142.75   0.41362E-02   0.40107E-02   0.41741E-02
 3156.36   0.40883E-02   0.39680E-02   0.41308E-02
 3169.96   0.40410E-02   0.39259E-02   0.40881E-02
 3183.57   0.39944E-02   0.38844E-02   0.40459E-02
 3197.17   0.39484E-02   0.38435E-02   0.40043E-02
 3210.78   0.39031E-02   0.38032E-02   0.39634E-02
 3224.38   0.38585E-02   0.37635E-02   0.39230E-02
 3237.99   0.38146E-02   0.37244E-02   0.38833E-02
 3251.59   0.37713E-02   0.36859E-02   0.38441E-02
 3265.20   0.37286E-02   0.36479E-02   0.38054E-02
 3278.80   0.36864E-02   0.36104E-02   0.37671E-02
 3292.41   0.36447E-02   0.35733E-02   0.37293E-02
 3306.01   0.36035E-02   0.35366E-02   0.36919E-02
 3319.62   0.35629E-02   0.35005E-02   0.36550E-02
 3333.22   0.35228E-02   0.34648E-02   0.36186E-02
 3346.83   0.34834E-02   0.34298E-02   0.35828E-02
 3360.43   0.34448E-02   0.33954E-02   0.35477E-02
 3374.04   0.34065E-02   0.33613E-02   0.35129E-02
 3387.64   0.33687E-02   0.33277E-02   0.34785E-02
 3401.25   0.33314E-02   0.32945E-02   0.34445E-02
 3414.85   0.32946E-02   0.32617E-02   0.34109E-02
 3428.46   0.32581E-02   0.32292E-02   0.33776E-02
 3442.06   0.32221E-02   0.31971E-02   0.33447E-02
 3455.67   0.31863E-02   0.31652E-02   0.33119E-02
 3469.27   0.31524E-02   0.31351E-02   0.32811E-02
 3482.88   0.31177E-02   0.31041E-02   0.32492E-02
 3496.48   0.30837E-02   0.30738E-02   0.32181E-02
 3510.09   0.30503E-02   0.30440E-02   0.31875E-02
 3523.69   0.30172E-02   0.30145E-02   0.31572E-02
 3537.30   0.29846E-02   0.29853E-02   0.31272E-02
 3550.90   0.29522E-02   0.29565E-02   0.30975E-02
 3564.51   0.29201E-02   0.29278E-02   0.30679E-02
 3578.11   0.28881E-02   0.28990E-02   0.30383E-02
 3591.72   0.28585E-02   0.28727E-02   0.30112E-02
 3605.32   0.28277E-02   0.28452E-02   0.29828E-02
 3618.93   0.27976E-02   0.28183E-02   0.29550E-02
 3632.53   0.27679E-02   0.27917E-02   0.29276E-02
 3646.14   0.27385E-02   0.27655E-02   0.29005E-02
 3659.74   0.27096E-02   0.27395E-02   0.28737E-02
 3673.35   0.26808E-02   0.27138E-02   0.28471E-02
 3686.95   0.26519E-02   0.26878E-02   0.28202E-02
 3700.56   0.26256E-02   0.26644E-02   0.27960E-02
 3714.16   0.25975E-02   0.26391E-02   0.27698E-02
 3727.77   0.25702E-02   0.26146E-02   0.27444E-02
 3741.37   0.25434E-02   0.25905E-02   0.27194E-02
 3754.98   0.25170E-02   0.25668E-02   0.26948E-02
 3768.58   0.24909E-02   0.25433E-02   0.26706E-02
 3782.19   0.24652E-02   0.25202E-02   0.26465E-02
 3795.79   0.24397E-02   0.24972E-02   0.26227E-02
 3809.40   0.24142E-02   0.24743E-02   0.25989E-02
 3823.00   0.23903E-02   0.24529E-02   0.25766E-02
 3836.61   0.23656E-02   0.24305E-02   0.25534E-02
 3850.21   0.23413E-02   0.24086E-02   0.25305E-02
 3863.82   0.23173E-02   0.23870E-02   0.25080E-02
 3877.42   0.22938E-02   0.23657E-02   0.24859E-02
 3891.03   0.22706E-02   0.23447E-02   0.24640E-02
 3904.63   0.22477E-02   0.23240E-02   0.24425E-02
 3918.24   0.22251E-02   0.23035E-02   0.24211E-02
 3931.84   0.22025E-02   0.22830E-02   0.23997E-02
 3945.45   0.21809E-02   0.22636E-02   0.23795E-02
 3959.05   0.21590E-02   0.22437E-02   0.23587E-02
 3972.66   0.21374E-02   0.22240E-02   0.23381E-02
 3986.26   0.21160E-02   0.22046E-02   0.23179E-02
 3999.87   0.20950E-02   0.21854E-02   0.22978E-02
 4013.47   0.20742E-02   0.21666E-02   0.22781E-02
 4027.08   0.20538E-02   0.21480E-02   0.22586E-02
 4040.68   0.20337E-02   0.21296E-02   0.22394E-02
 4054.29   0.20137E-02   0.21114E-02   0.22204E-02
 4067.89   0.19942E-02   0.20936E-02   0.22017E-02
 4081.50   0.19747E-02   0.20758E-02   0.21831E-02
 4095.10   0.19555E-02   0.20582E-02   0.21646E-02
 4108.71   0.19364E-02   0.20407E-02   0.21463E-02
 4122.31   0.19176E-02   0.20235E-02   0.21282E-02
 4135.92   0.18990E-02   0.20064E-02   0.21102E-02
 4149.52   0.18807E-02   0.19896E-02   0.20926E-02
 4163.13   0.18626E-02   0.19730E-02   0.20751E-02
 4176.73   0.18449E-02   0.19567E-02   0.20580E-02
 4190.34   0.18273E-02   0.19405E-02   0.20410E-02
 4203.94   0.18100E-02   0.19245E-02   0.20242E-02
 4217.55   0.17928E-02   0.19087E-02   0.20076E-02
 4231.15   0.17759E-02   0.18930E-02   0.19910E-02
 4244.76   0.17590E-02   0.18774E-02   0.19746E-02
 4258.36   0.17424E-02   0.18620E-02   0.19584E-02
 4271.97   0.17259E-02   0.18467E-02   0.19422E-02
 4285.57   0.17096E-02   0.18316E-02   0.19263E-02
 4299.18   0.16937E-02   0.18168E-02   0.19107E-02
 4312.78   0.16782E-02   0.18024E-02   0.18955E-02
 4326.39   0.16626E-02   0.17879E-02   0.18802E-02
 4339.99   0.16472E-02   0.17736E-02   0.18651E-02
 4353.60   0.16321E-02   0.17594E-02   0.18501E-02
 4367.20   0.16170E-02   0.17454E-02   0.18353E-02
 4380.81   0.16022E-02   0.17314E-02   0.18205E-02
 4394.41   0.15874E-02   0.17176E-02   0.18059E-02
 4408.02   0.15727E-02   0.17038E-02   0.17913E-02
 4421.62   0.15581E-02   0.16900E-02   0.17767E-02
 4435.23   0.15452E-02   0.16781E-02   0.17641E-02
 4448.83   0.15306E-02   0.16642E-02   0.17494E-02
 4462.44   0.15167E-02   0.16511E-02   0.17355E-02
 4476.04   0.15031E-02   0.16382E-02   0.17219E-02
 4489.65   0.14897E-02   0.16255E-02   0.17084E-02
 4503.25   0.14764E-02   0.16130E-02   0.16951E-02
 4516.86   0.14632E-02   0.16004E-02   0.16818E-02
 4530.46   0.14501E-02   0.15880E-02   0.16686E-02
 4544.07   0.14371E-02   0.15755E-02   0.16554E-02
 4557.67   0.14241E-02   0.15631E-02   0.16422E-02
 4571.28   0.14125E-02   0.15522E-02   0.16306E-02
 4584.88   0.13998E-02   0.15400E-02   0.16177E-02
 4598.49   0.13875E-02   0.15282E-02   0.16052E-02
 4612.09   0.13754E-02   0.15166E-02   0.15928E-02
 4625.70   0.13635E-02   0.15052E-02   0.15807E-02
 4639.30   0.13517E-02   0.14939E-02   0.15686E-02
 4652.91   0.13400E-02   0.14827E-02   0.15567E-02
 4666.51   0.13284E-02   0.14715E-02   0.15448E-02
 4680.12   0.13167E-02   0.14601E-02   0.15327E-02
 4693.72   0.13048E-02   0.14485E-02   0.15203E-02
 4707.33   0.12950E-02   0.14392E-02   0.15104E-02
 4720.93   0.12838E-02   0.14283E-02   0.14988E-02
 4734.54   0.12728E-02   0.14176E-02   0.14874E-02
 4748.14   0.12620E-02   0.14071E-02   0.14762E-02
 4761.75   0.12514E-02   0.13967E-02   0.14652E-02
 4775.35   0.12410E-02   0.13865E-02   0.14543E-02
 4788.96   0.12306E-02   0.13764E-02   0.14435E-02
 4802.56   0.12204E-02   0.13664E-02   0.14328E-02
 4816.17   0.12100E-02   0.13561E-02   0.14219E-02
 4829.77   0.12010E-02   0.13475E-02   0.14126E-02
 4843.38   0.11906E-02   0.13372E-02   0.14016E-02
 4856.98   0.11807E-02   0.13273E-02   0.13911E-02
 4870.59   0.11709E-02   0.13177E-02   0.13808E-02
 4884.19   0.11613E-02   0.13081E-02   0.13706E-02
 4897.80   0.11518E-02   0.12987E-02   0.13606E-02
 4911.40   0.11425E-02   0.12895E-02   0.13507E-02
 4925.01   0.11333E-02   0.12803E-02   0.13409E-02
 4938.61   0.11243E-02   0.12713E-02   0.13312E-02
 4952.22   0.11152E-02   0.12622E-02   0.13215E-02
 4965.82   0.11067E-02   0.12538E-02   0.13125E-02
 4979.43   0.10978E-02   0.12448E-02   0.13029E-02
 4993.03   0.10890E-02   0.12359E-02   0.12934E-02
 5006.64   0.10803E-02   0.12272E-02   0.12841E-02
 5020.24   0.10717E-02   0.12185E-02   0.12748E-02
 5033.85   0.10633E-02   0.12099E-02   0.12656E-02
 5047.45   0.10549E-02   0.12015E-02   0.12565E-02
 5061.06   0.10467E-02   0.11931E-02   0.12476E-02
 5074.66   0.10386E-02   0.11849E-02   0.12388E-02
 5088.27   0.10307E-02   0.11768E-02   0.12301E-02
 5101.87   0.10228E-02   0.11688E-02   0.12215E-02
 5115.48   0.10150E-02   0.11608E-02   0.12130E-02
 5129.08   0.10073E-02   0.11529E-02   0.12045E-02
 5142.69   0.99957E-03   0.11450E-02   0.11960E-02
 5156.29   0.99194E-03   0.11371E-02   0.11876E-02
 5169.90   0.98437E-03   0.11293E-02   0.11792E-02
 5183.50   0.97689E-03   0.11215E-02   0.11709E-02
 5197.11   0.96951E-03   0.11139E-02   0.11627E-02
 5210.71   0.96224E-03   0.11063E-02   0.11546E-02
 5224.32   0.95507E-03   0.10989E-02   0.11466E-02
 5237.92   0.94808E-03   0.10916E-02   0.11388E-02
 5251.53   0.94117E-03   0.10844E-02   0.11310E-02
 5265.13   0.93429E-03   0.10772E-02   0.11233E-02
 5278.74   0.92748E-03   0.10700E-02   0.11156E-02
 5292.34   0.92072E-03   0.10629E-02   0.11080E-02
 5305.95   0.91399E-03   0.10558E-02   0.11004E-02
 5319.55   0.90731E-03   0.10487E-02   0.10928E-02
 5333.16   0.90068E-03   0.10417E-02   0.10852E-02
 5346.76   0.89411E-03   0.10347E-02   0.10778E-02
 5360.37   0.88759E-03   0.10278E-02   0.10703E-02
 5373.97   0.88128E-03   0.10210E-02   0.10631E-02
 5387.58   0.87537E-03   0.10147E-02   0.10563E-02
 5401.18   0.86913E-03   0.10080E-02   0.10491E-02
 5414.79   0.86304E-03   0.10015E-02   0.10421E-02
 5428.39   0.85703E-03   0.99503E-03   0.10352E-02
 5442.00   0.85106E-03   0.98860E-03   0.10283E-02
 5455.60   0.84513E-03   0.98218E-03   0.10214E-02
 5469.21   0.83923E-03   0.97577E-03   0.10145E-02
 5482.81   0.83335E-03   0.96937E-03   0.10076E-02
 5496.42   0.82747E-03   0.96296E-03   0.10007E-02
 5510.02   0.82136E-03   0.95626E-03   0.99358E-03
 5523.63   0.81711E-03   0.95170E-03   0.98863E-03
 5537.23   0.81100E-03   0.94495E-03   0.98141E-03
 5550.84   0.80545E-03   0.93884E-03   0.97485E-03
 5564.44   0.80004E-03   0.93287E-03   0.96844E-03
 5578.05   0.79471E-03   0.92698E-03   0.96213E-03
 5591.65   0.78945E-03   0.92115E-03   0.95587E-03
 5605.26   0.78422E-03   0.91535E-03   0.94964E-03
 5618.86   0.77901E-03   0.90954E-03   0.94341E-03
 5632.47   0.77380E-03   0.90372E-03   0.93716E-03
 5646.07   0.76851E-03   0.89778E-03   0.93081E-03
 5659.68   0.76332E-03   0.89195E-03   0.92455E-03
 5673.28   0.75929E-03   0.88746E-03   0.91970E-03
 5686.89   0.75405E-03   0.88153E-03   0.91336E-03
 5700.49   0.74910E-03   0.87592E-03   0.90735E-03
 5714.10   0.74427E-03   0.87045E-03   0.90147E-03
 5727.70   0.73954E-03   0.86507E-03   0.89570E-03
 5741.31   0.73488E-03   0.85976E-03   0.89001E-03
 5754.91   0.73027E-03   0.85449E-03   0.88436E-03
 5768.52   0.72568E-03   0.84923E-03   0.87872E-03
 5782.12   0.72108E-03   0.84395E-03   0.87306E-03
 5795.73   0.71635E-03   0.83850E-03   0.86723E-03
 5809.33   0.71161E-03   0.83301E-03   0.86136E-03
 5822.94   0.70819E-03   0.82907E-03   0.85709E-03
 5836.54   0.70360E-03   0.82374E-03   0.85139E-03
 5850.15   0.69918E-03   0.81859E-03   0.84588E-03
 5863.75   0.69486E-03   0.81355E-03   0.84049E-03
 5877.36   0.69063E-03   0.80860E-03   0.83519E-03
 5890.96   0.68648E-03   0.80373E-03   0.82997E-03
 5904.57   0.68239E-03   0.79892E-03   0.82482E-03
 5918.17   0.67835E-03   0.79415E-03   0.81971E-03
 5931.78   0.67432E-03   0.78938E-03   0.81460E-03
 5945.38   0.67020E-03   0.78449E-03   0.80937E-03
 5958.99   0.66595E-03   0.77945E-03   0.80399E-03
 5972.59   0.66282E-03   0.77569E-03   0.79994E-03
 5986.20   0.65881E-03   0.77090E-03   0.79482E-03
 5999.80   0.65489E-03   0.76620E-03   0.78980E-03
 6013.41   0.65103E-03   0.76156E-03   0.78484E-03
 6027.01   0.64724E-03   0.75698E-03   0.77995E-03
 6040.62   0.64351E-03   0.75248E-03   0.77514E-03
 6054.22   0.63986E-03   0.74805E-03   0.77040E-03
 6067.83   0.63627E-03   0.74368E-03   0.76573E-03
 6081.43   0.63272E-03   0.73935E-03   0.76111E-03
 6095.04   0.62918E-03   0.73502E-03   0.75648E-03
 6108.64   0.62556E-03   0.73059E-03   0.75176E-03
 6122.25   0.62243E-03   0.72670E-03   0.74760E-03
 6135.85   0.61895E-03   0.72242E-03   0.74302E-03
 6149.46   0.61550E-03   0.71816E-03   0.73848E-03
 6163.06   0.61208E-03   0.71391E-03   0.73395E-03
 6176.67   0.60868E-03   0.70969E-03   0.72945E-03
 6190.27   0.60533E-03   0.70551E-03   0.72500E-03
 6203.88   0.60204E-03   0.70139E-03   0.72061E-03
 6217.48   0.59880E-03   0.69733E-03   0.71629E-03
 6231.09   0.59563E-03   0.69334E-03   0.71203E-03
 6244.69   0.59252E-03   0.68940E-03   0.70784E-03
 6258.30   0.58944E-03   0.68550E-03   0.70368E-03
 6271.90   0.58641E-03   0.68165E-03   0.69958E-03
 6285.51   0.58339E-03   0.67779E-03   0.69548E-03
 6299.11   0.58038E-03   0.67394E-03   0.69138E-03
 6312.72   0.57736E-03   0.67008E-03   0.68727E-03
 6326.32   0.57435E-03   0.66622E-03   0.68317E-03
 6339.93   0.57136E-03   0.66236E-03   0.67907E-03
 6353.53   0.56839E-03   0.65853E-03   0.67500E-03
 6367.14   0.56545E-03   0.65473E-03   0.67097E-03
 6380.74   0.56256E-03   0.65098E-03   0.66700E-03
 6394.35   0.55972E-03   0.64728E-03   0.66306E-03
 6407.95   0.55700E-03   0.64372E-03   0.65928E-03
 6421.56   0.55437E-03   0.64024E-03   0.65559E-03
 6435.16   0.55164E-03   0.63665E-03   0.65178E-03
 6448.77   0.54898E-03   0.63313E-03   0.64805E-03
 6462.37   0.54633E-03   0.62962E-03   0.64433E-03
 6475.98   0.54369E-03   0.62611E-03   0.64061E-03
 6489.58   0.54104E-03   0.62259E-03   0.63688E-03
 6503.19   0.53840E-03   0.61907E-03   0.63316E-03
 6516.79   0.53575E-03   0.61554E-03   0.62943E-03
 6530.40   0.53312E-03   0.61202E-03   0.62571E-03
 6544.00   0.53050E-03   0.60851E-03   0.62200E-03
 6557.61   0.52777E-03   0.60487E-03   0.61816E-03
 6571.21   0.52535E-03   0.60158E-03   0.61468E-03
 6584.82   0.52338E-03   0.59879E-03   0.61172E-03
 6598.42   0.52092E-03   0.59546E-03   0.60820E-03
 6612.03   0.51855E-03   0.59220E-03   0.60477E-03
 6625.63   0.51621E-03   0.58899E-03   0.60137E-03
 6639.24   0.51389E-03   0.58579E-03   0.59800E-03
 6652.84   0.51156E-03   0.58258E-03   0.59462E-03
 6666.45   0.50923E-03   0.57936E-03   0.59122E-03
 6680.05   0.50688E-03   0.57612E-03   0.58781E-03
 6693.66   0.50452E-03   0.57285E-03   0.58438E-03
 6707.26   0.50207E-03   0.56949E-03   0.58085E-03
 6720.87   0.49981E-03   0.56634E-03   0.57754E-03
 6734.47   0.49843E-03   0.56418E-03   0.57524E-03
 6748.08   0.49594E-03   0.56076E-03   0.57165E-03
 6761.68   0.49372E-03   0.55764E-03   0.56837E-03
 6775.29   0.49158E-03   0.55461E-03   0.56520E-03
 6788.89   0.48950E-03   0.55165E-03   0.56209E-03
 6802.50   0.48745E-03   0.54871E-03   0.55900E-03
 6816.10   0.48540E-03   0.54578E-03   0.55593E-03
 6829.71   0.48336E-03   0.54284E-03   0.55285E-03
 6843.31   0.48129E-03   0.53988E-03   0.54975E-03
 6856.92   0.47917E-03   0.53686E-03   0.54659E-03
 6870.52   0.47687E-03   0.53364E-03   0.54323E-03
 6884.13   0.47475E-03   0.53061E-03   0.54007E-03
 6897.73   0.47380E-03   0.52889E-03   0.53823E-03
 6911.34   0.47159E-03   0.52576E-03   0.53497E-03
 6924.94   0.46957E-03   0.52285E-03   0.53193E-03
 6938.55   0.46764E-03   0.52002E-03   0.52898E-03
 6952.15   0.46576E-03   0.51725E-03   0.52609E-03
 6965.76   0.46392E-03   0.51454E-03   0.52326E-03
 6979.36   0.46212E-03   0.51185E-03   0.52045E-03
 6992.97   0.46032E-03   0.50917E-03   0.51766E-03
 7006.57   0.45851E-03   0.50647E-03   0.51485E-03
 7020.18   0.45665E-03   0.50372E-03   0.51199E-03
 7033.78   0.45457E-03   0.50073E-03   0.50889E-03
 7047.39   0.45257E-03   0.49783E-03   0.50587E-03
 7060.99   0.45185E-03   0.49632E-03   0.50428E-03
 7074.60   0.44991E-03   0.49348E-03   0.50134E-03
 7088.20   0.44809E-03   0.49077E-03   0.49852E-03
 7101.81   0.44633E-03   0.48812E-03   0.49577E-03
 7115.41   0.44461E-03   0.48553E-03   0.49308E-03
 7129.02   0.44295E-03   0.48298E-03   0.49045E-03
 7142.62   0.44132E-03   0.48048E-03   0.48786E-03
 7156.23   0.43973E-03   0.47802E-03   0.48530E-03
 7169.83   0.43814E-03   0.47556E-03   0.48276E-03
 7183.44   0.43654E-03   0.47309E-03   0.48020E-03
 7197.04   0.43481E-03   0.47048E-03   0.47750E-03
 7210.65   0.43304E-03   0.46782E-03   0.47476E-03
 7224.25   0.43218E-03   0.46614E-03   0.47301E-03
 7237.86   0.43051E-03   0.46360E-03   0.47038E-03
 7251.46   0.42889E-03   0.46110E-03   0.46782E-03
 7265.07   0.42730E-03   0.45864E-03   0.46528E-03
 7278.67   0.42573E-03   0.45621E-03   0.46277E-03
 7292.28   0.42420E-03   0.45381E-03   0.46030E-03
 7305.88   0.42271E-03   0.45146E-03   0.45788E-03
 7319.49   0.42126E-03   0.44915E-03   0.45550E-03
 7333.09   0.41984E-03   0.44688E-03   0.45316E-03
 7346.70   0.41844E-03   0.44463E-03   0.45085E-03
 7360.30   0.41704E-03   0.44237E-03   0.44853E-03
 7373.91   0.41558E-03   0.44006E-03   0.44616E-03
 7387.51   0.41444E-03   0.43808E-03   0.44412E-03
 7401.12   0.41303E-03   0.43582E-03   0.44181E-03
 7414.72   0.41163E-03   0.43357E-03   0.43950E-03
 7428.33   0.41021E-03   0.43131E-03   0.43719E-03
 7441.93   0.40880E-03   0.42905E-03   0.43488E-03
 7455.54   0.40740E-03   0.42681E-03   0.43258E-03
 7469.14   0.40602E-03   0.42458E-03   0.43031E-03
 7482.75   0.40467E-03   0.42239E-03   0.42807E-03
 7496.35   0.40335E-03   0.42024E-03   0.42587E-03
 7509.96   0.40207E-03   0.41813E-03   0.42371E-03
 7523.56   0.40082E-03   0.41605E-03   0.42159E-03
 7537.17   0.39962E-03   0.41402E-03   0.41952E-03
 7550.77   0.39840E-03   0.41197E-03   0.41744E-03
 7564.38   0.39720E-03   0.40995E-03   0.41538E-03
 7577.98   0.39599E-03   0.40792E-03   0.41331E-03
 7591.59   0.39476E-03   0.40587E-03   0.41123E-03
 7605.19   0.39352E-03   0.40381E-03   0.40913E-03
 7618.80   0.39227E-03   0.40174E-03   0.40703E-03
 7632.40   0.39101E-03   0.39966E-03   0.40492E-03
 7646.01   0.38975E-03   0.39759E-03   0.40282E-03
 7659.61   0.38850E-03   0.39553E-03   0.40073E-03
 7673.22   0.38728E-03   0.39350E-03   0.39867E-03
 7686.82   0.38607E-03   0.39149E-03   0.39664E-03
 7700.43   0.38479E-03   0.38941E-03   0.39453E-03
 7714.03   0.38409E-03   0.38791E-03   0.39302E-03
 7727.64   0.38287E-03   0.38589E-03   0.39097E-03
 7741.24   0.38177E-03   0.38400E-03   0.38906E-03
 7754.85   0.38069E-03   0.38212E-03   0.38717E-03
 7768.45   0.37960E-03   0.38025E-03   0.38528E-03
 7782.06   0.37851E-03   0.37837E-03   0.38338E-03
 7795.66   0.37739E-03   0.37647E-03   0.38146E-03
 7809.27   0.37626E-03   0.37455E-03   0.37953E-03
 7822.87   0.37511E-03   0.37262E-03   0.37759E-03
 7836.48   0.37395E-03   0.37069E-03   0.37564E-03
 7850.08   0.37278E-03   0.36874E-03   0.37369E-03
 7863.69   0.37152E-03   0.36672E-03   0.37166E-03
 7877.29   0.37057E-03   0.36500E-03   0.36992E-03
 7890.90   0.37005E-03   0.36371E-03   0.36863E-03
 7904.50   0.36888E-03   0.36177E-03   0.36669E-03
 7918.11   0.36784E-03   0.35998E-03   0.36490E-03
 7931.71   0.36685E-03   0.35823E-03   0.36315E-03
 7945.32   0.36588E-03   0.35650E-03   0.36141E-03
 7958.92   0.36490E-03   0.35478E-03   0.35969E-03
 7972.53   0.36391E-03   0.35304E-03   0.35795E-03
 7986.13   0.36290E-03   0.35128E-03   0.35619E-03
 7999.74   0.36186E-03   0.34950E-03   0.35441E-03
 8013.34   0.36078E-03   0.34769E-03   0.35260E-03
 8026.95   0.35964E-03   0.34581E-03   0.35073E-03
 8040.55   0.35816E-03   0.34362E-03   0.34854E-03
 8054.16   0.35726E-03   0.34199E-03   0.34692E-03
 8067.76   0.35732E-03   0.34128E-03   0.34623E-03
 8081.37   0.35619E-03   0.33944E-03   0.34439E-03
 8094.97   0.35520E-03   0.33772E-03   0.34269E-03
 8108.58   0.35426E-03   0.33607E-03   0.34104E-03
 8122.18   0.35336E-03   0.33446E-03   0.33944E-03
 8135.79   0.35248E-03   0.33286E-03   0.33785E-03
 8149.39   0.35159E-03   0.33126E-03   0.33627E-03
 8163.00   0.35069E-03   0.32966E-03   0.33469E-03
 8176.60   0.34977E-03   0.32803E-03   0.33307E-03
 8190.21   0.34879E-03   0.32636E-03   0.33142E-03
 8203.81   0.34770E-03   0.32459E-03   0.32966E-03
 8217.42   0.34593E-03   0.32219E-03   0.32727E-03
 8231.02   0.34737E-03   0.32278E-03   0.32791E-03
 8244.63   0.34567E-03   0.32045E-03   0.32559E-03
 8258.23   0.34459E-03   0.31871E-03   0.32386E-03
 8271.84   0.34363E-03   0.31707E-03   0.32225E-03
 8285.44   0.34273E-03   0.31550E-03   0.32069E-03
 8299.05   0.34186E-03   0.31397E-03   0.31918E-03
 8312.65   0.34103E-03   0.31247E-03   0.31771E-03
 8326.26   0.34022E-03   0.31099E-03   0.31626E-03
 8339.86   0.33942E-03   0.30952E-03   0.31481E-03
 8353.47   0.33860E-03   0.30804E-03   0.31336E-03
 8367.07   0.33774E-03   0.30653E-03   0.31188E-03
 8380.68   0.33678E-03   0.30494E-03   0.31031E-03
 8394.28   0.33512E-03   0.30271E-03   0.30809E-03
 8407.89   0.33626E-03   0.30301E-03   0.30846E-03
 8421.49   0.33487E-03   0.30103E-03   0.30650E-03
 8435.10   0.33387E-03   0.29942E-03   0.30492E-03
 8448.70   0.33295E-03   0.29788E-03   0.30341E-03
 8462.31   0.33208E-03   0.29639E-03   0.30194E-03
 8475.91   0.33123E-03   0.29492E-03   0.30051E-03
 8489.52   0.33042E-03   0.29349E-03   0.29911E-03
 8503.12   0.32965E-03   0.29210E-03   0.29775E-03
 8516.73   0.32889E-03   0.29072E-03   0.29641E-03
 8530.33   0.32815E-03   0.28937E-03   0.29509E-03
 8543.94   0.32740E-03   0.28801E-03   0.29377E-03
 8557.54   0.32661E-03   0.28662E-03   0.29241E-03
 8571.15   0.32552E-03   0.28497E-03   0.29079E-03
 8584.75   0.32579E-03   0.28451E-03   0.29039E-03
 8598.36   0.32469E-03   0.28285E-03   0.28877E-03
 8611.96   0.32382E-03   0.28141E-03   0.28737E-03
 8625.57   0.32298E-03   0.28000E-03   0.28599E-03
 8639.17   0.32215E-03   0.27860E-03   0.28462E-03
 8652.78   0.32133E-03   0.27721E-03   0.28328E-03
 8666.38   0.32052E-03   0.27584E-03   0.28195E-03
 8679.99   0.31975E-03   0.27450E-03   0.28065E-03
 8693.59   0.31900E-03   0.27319E-03   0.27938E-03
 8707.20   0.31829E-03   0.27191E-03   0.27814E-03
 8720.80   0.31759E-03   0.27065E-03   0.27693E-03
 8734.41   0.31691E-03   0.26941E-03   0.27573E-03
 8748.01   0.31620E-03   0.26814E-03   0.27451E-03
 8761.62   0.31542E-03   0.26683E-03   0.27324E-03
 8775.22   0.31496E-03   0.26578E-03   0.27224E-03
 8788.83   0.31424E-03   0.26453E-03   0.27103E-03
 8802.43   0.31350E-03   0.26326E-03   0.26981E-03
 8816.04   0.31275E-03   0.26198E-03   0.26858E-03
 8829.64   0.31198E-03   0.26070E-03   0.26734E-03
 8843.25   0.31121E-03   0.25941E-03   0.26610E-03
 8856.85   0.31044E-03   0.25813E-03   0.26486E-03
 8870.46   0.30968E-03   0.25687E-03   0.26365E-03
 8884.06   0.30894E-03   0.25563E-03   0.26246E-03
 8897.67   0.30824E-03   0.25441E-03   0.26129E-03
 8911.27   0.30755E-03   0.25323E-03   0.26015E-03
 8924.88   0.30690E-03   0.25207E-03   0.25904E-03
 8938.48   0.30629E-03   0.25095E-03   0.25798E-03
 8952.09   0.30565E-03   0.24981E-03   0.25689E-03
 8965.69   0.30501E-03   0.24868E-03   0.25581E-03
 8979.30   0.30437E-03   0.24754E-03   0.25473E-03
 8992.90   0.30371E-03   0.24640E-03   0.25363E-03
 9006.51   0.30302E-03   0.24524E-03   0.25252E-03
 9020.11   0.30231E-03   0.24406E-03   0.25140E-03
 9033.72   0.30158E-03   0.24287E-03   0.25026E-03
 9047.32   0.30083E-03   0.24168E-03   0.24912E-03
 9060.93   0.30008E-03   0.24049E-03   0.24798E-03
 9074.53   0.29934E-03   0.23930E-03   0.24685E-03
 9088.14   0.29861E-03   0.23813E-03   0.24573E-03
 9101.74   0.29787E-03   0.23697E-03   0.24461E-03
 9115.35   0.29699E-03   0.23569E-03   0.24338E-03
 9128.95   0.29703E-03   0.23514E-03   0.24291E-03
 9142.56   0.29618E-03   0.23390E-03   0.24172E-03
 9156.16   0.29553E-03   0.23282E-03   0.24069E-03
 9169.77   0.29491E-03   0.23176E-03   0.23969E-03
 9183.37   0.29429E-03   0.23071E-03   0.23869E-03
 9196.98   0.29365E-03   0.22965E-03   0.23769E-03
 9210.58   0.29299E-03   0.22858E-03   0.23667E-03
 9224.19   0.29230E-03   0.22749E-03   0.23564E-03
 9237.79   0.29159E-03   0.22638E-03   0.23459E-03
 9251.40   0.29085E-03   0.22527E-03   0.23352E-03
 9265.00   0.29010E-03   0.22414E-03   0.23245E-03
 9278.61   0.28931E-03   0.22299E-03   0.23135E-03
 9292.21   0.28841E-03   0.22176E-03   0.23018E-03
 9305.82   0.28790E-03   0.22084E-03   0.22931E-03
 9319.42   0.28799E-03   0.22037E-03   0.22892E-03
 9333.03   0.28707E-03   0.21914E-03   0.22775E-03
 9346.63   0.28638E-03   0.21809E-03   0.22675E-03
 9360.24   0.28574E-03   0.21708E-03   0.22580E-03
 9373.84   0.28513E-03   0.21610E-03   0.22487E-03
 9387.45   0.28452E-03   0.21512E-03   0.22396E-03
 9401.05   0.28390E-03   0.21414E-03   0.22304E-03
 9414.66   0.28326E-03   0.21315E-03   0.22210E-03
 9428.26   0.28259E-03   0.21214E-03   0.22115E-03
 9441.87   0.28188E-03   0.21111E-03   0.22018E-03
 9455.47   0.28113E-03   0.21005E-03   0.21917E-03
 9469.08   0.28030E-03   0.20893E-03   0.21810E-03
 9482.68   0.27917E-03   0.20760E-03   0.21681E-03
 9496.29   0.27868E-03   0.20675E-03   0.21603E-03
 9509.89   0.27918E-03   0.20663E-03   0.21601E-03
 9523.50   0.27821E-03   0.20544E-03   0.21486E-03
 9537.10   0.27746E-03   0.20440E-03   0.21388E-03
 9550.71   0.27678E-03   0.20343E-03   0.21296E-03
 9564.31   0.27615E-03   0.20249E-03   0.21209E-03
 9577.92   0.27554E-03   0.20158E-03   0.21123E-03
 9591.52   0.27494E-03   0.20067E-03   0.21039E-03
 9605.13   0.27434E-03   0.19977E-03   0.20954E-03
 9618.73   0.27371E-03   0.19886E-03   0.20869E-03
 9632.34   0.27306E-03   0.19792E-03   0.20781E-03
 9645.94   0.27234E-03   0.19695E-03   0.20690E-03
 9659.55   0.27153E-03   0.19591E-03   0.20591E-03
 9673.15   0.27030E-03   0.19458E-03   0.20462E-03
 9686.76   0.26975E-03   0.19375E-03   0.20385E-03
 9700.36   0.27046E-03   0.19382E-03   0.20403E-03
 9713.97   0.26949E-03   0.19268E-03   0.20294E-03
 9727.57   0.26870E-03   0.19169E-03   0.20199E-03
 9741.18   0.26798E-03   0.19074E-03   0.20110E-03
 9754.78   0.26730E-03   0.18984E-03   0.20026E-03
 9768.39   0.26666E-03   0.18896E-03   0.19944E-03
 9781.99   0.26605E-03   0.18810E-03   0.19864E-03
 9795.60   0.26545E-03   0.18726E-03   0.19786E-03
 9809.20   0.26486E-03   0.18643E-03   0.19709E-03
 9822.81   0.26425E-03   0.18559E-03   0.19631E-03
 9836.41   0.26360E-03   0.18473E-03   0.19551E-03
 9850.02   0.26288E-03   0.18382E-03   0.19465E-03
 9863.62   0.26185E-03   0.18270E-03   0.19357E-03
 9877.23   0.26119E-03   0.18184E-03   0.19277E-03
 9890.83   0.26170E-03   0.18180E-03   0.19284E-03
 9904.44   0.26078E-03   0.18078E-03   0.19186E-03
 9918.04   0.26000E-03   0.17984E-03   0.19098E-03
 9931.65   0.25925E-03   0.17894E-03   0.19013E-03
 9945.25   0.25854E-03   0.17807E-03   0.18931E-03
 9958.86   0.25785E-03   0.17722E-03   0.18852E-03
 9972.46   0.25720E-03   0.17640E-03   0.18775E-03
 9986.07   0.25657E-03   0.17559E-03   0.18701E-03
 9999.67   0.25596E-03   0.17481E-03   0.18628E-03
