  190.47   0.99536E-01   0.10025E+00   0.11084E+00
  204.07   0.95113E-01   0.95846E-01   0.10573E+00
  217.68   0.90988E-01   0.91734E-01   0.10099E+00
  231.28   0.87035E-01   0.87792E-01   0.96471E-01
  244.89   0.83349E-01   0.84114E-01   0.92268E-01
  258.49   0.79863E-01   0.80636E-01   0.88307E-01
  272.10   0.76609E-01   0.77389E-01   0.84619E-01
  285.70   0.73544E-01   0.74329E-01   0.81155E-01
  299.31   0.70610E-01   0.71399E-01   0.77849E-01
  312.91   0.67960E-01   0.68753E-01   0.74866E-01
  326.52   0.65396E-01   0.66193E-01   0.71990E-01
  340.12   0.62975E-01   0.63774E-01   0.69278E-01
  353.73   0.60649E-01   0.61451E-01   0.66679E-01
  367.33   0.58463E-01   0.59267E-01   0.64240E-01
  380.94   0.56399E-01   0.57206E-01   0.61942E-01
  394.54   0.54431E-01   0.55240E-01   0.59755E-01
  408.15   0.52567E-01   0.53377E-01   0.57685E-01
  421.75   0.50824E-01   0.51634E-01   0.55752E-01
  435.36   0.49148E-01   0.49959E-01   0.53896E-01
  448.96   0.47525E-01   0.48336E-01   0.52100E-01
  462.57   0.46036E-01   0.46846E-01   0.50454E-01
  476.17   0.44587E-01   0.45396E-01   0.48854E-01
  489.78   0.43173E-01   0.43980E-01   0.47293E-01
  503.38   0.41881E-01   0.42687E-01   0.45869E-01
  516.99   0.40622E-01   0.41426E-01   0.44482E-01
  530.59   0.39415E-01   0.40218E-01   0.43154E-01
  544.20   0.38276E-01   0.39078E-01   0.41902E-01
  557.80   0.37174E-01   0.37973E-01   0.40690E-01
  571.41   0.36125E-01   0.36922E-01   0.39539E-01
  585.01   0.35124E-01   0.35920E-01   0.38441E-01
  598.62   0.34152E-01   0.34946E-01   0.37376E-01
  612.22   0.33221E-01   0.34012E-01   0.36355E-01
  625.83   0.32332E-01   0.33121E-01   0.35381E-01
  639.43   0.31479E-01   0.32265E-01   0.34447E-01
  653.04   0.30655E-01   0.31439E-01   0.33546E-01
  666.64   0.29862E-01   0.30643E-01   0.32678E-01
  680.25   0.29108E-01   0.29887E-01   0.31854E-01
  693.85   0.28381E-01   0.29156E-01   0.31058E-01
  707.46   0.27680E-01   0.28452E-01   0.30292E-01
  721.06   0.27001E-01   0.27769E-01   0.29550E-01
  734.67   0.26357E-01   0.27122E-01   0.28846E-01
  748.27   0.25729E-01   0.26491E-01   0.28161E-01
  761.88   0.25125E-01   0.25883E-01   0.27501E-01
  775.48   0.24536E-01   0.25291E-01   0.26858E-01
  789.09   0.23979E-01   0.24730E-01   0.26250E-01
  802.69   0.23431E-01   0.24179E-01   0.25652E-01
  816.30   0.22906E-01   0.23650E-01   0.25079E-01
  829.90   0.22396E-01   0.23137E-01   0.24523E-01
  843.51   0.21911E-01   0.22648E-01   0.23994E-01
  857.11   0.21432E-01   0.22166E-01   0.23472E-01
  870.72   0.20973E-01   0.21704E-01   0.22972E-01
  884.32   0.20530E-01   0.21258E-01   0.22490E-01
  897.93   0.20104E-01   0.20828E-01   0.22025E-01
  911.53   0.19686E-01   0.20406E-01   0.21569E-01
  925.14   0.19281E-01   0.19998E-01   0.21128E-01
  938.74   0.18890E-01   0.19603E-01   0.20702E-01
  952.35   0.18511E-01   0.19221E-01   0.20290E-01
  965.95   0.18145E-01   0.18851E-01   0.19891E-01
  979.56   0.17787E-01   0.18490E-01   0.19501E-01
  993.16   0.17440E-01   0.18139E-01   0.19122E-01
 1006.77   0.17103E-01   0.17798E-01   0.18755E-01
 1020.37   0.16779E-01   0.17471E-01   0.18402E-01
 1033.98   0.16463E-01   0.17151E-01   0.18058E-01
 1047.58   0.16156E-01   0.16840E-01   0.17723E-01
 1061.19   0.15856E-01   0.16536E-01   0.17395E-01
 1074.79   0.15563E-01   0.16239E-01   0.17076E-01
 1088.40   0.15285E-01   0.15958E-01   0.16773E-01
 1102.00   0.15011E-01   0.15680E-01   0.16475E-01
 1115.61   0.14744E-01   0.15410E-01   0.16184E-01
 1129.21   0.14482E-01   0.15144E-01   0.15899E-01
 1142.82   0.14235E-01   0.14893E-01   0.15629E-01
 1156.42   0.13984E-01   0.14639E-01   0.15356E-01
 1170.03   0.13744E-01   0.14396E-01   0.15094E-01
 1183.63   0.13511E-01   0.14159E-01   0.14840E-01
 1197.24   0.13282E-01   0.13926E-01   0.14590E-01
 1210.84   0.13064E-01   0.13705E-01   0.14353E-01
 1224.45   0.12845E-01   0.13483E-01   0.14114E-01
 1238.05   0.12634E-01   0.13268E-01   0.13884E-01
 1251.66   0.12429E-01   0.13059E-01   0.13660E-01
 1265.26   0.12228E-01   0.12856E-01   0.13442E-01
 1278.87   0.12035E-01   0.12659E-01   0.13231E-01
 1292.47   0.11843E-01   0.12464E-01   0.13021E-01
 1306.08   0.11657E-01   0.12273E-01   0.12817E-01
 1319.68   0.11475E-01   0.12088E-01   0.12619E-01
 1333.29   0.11298E-01   0.11908E-01   0.12426E-01
 1346.89   0.11126E-01   0.11732E-01   0.12238E-01
 1360.50   0.10957E-01   0.11559E-01   0.12053E-01
 1374.10   0.10791E-01   0.11390E-01   0.11871E-01
 1387.71   0.10629E-01   0.11224E-01   0.11694E-01
 1401.31   0.10471E-01   0.11063E-01   0.11521E-01
 1414.92   0.10317E-01   0.10906E-01   0.11353E-01
 1428.52   0.10167E-01   0.10752E-01   0.11189E-01
 1442.13   0.10020E-01   0.10602E-01   0.11028E-01
 1455.73   0.98758E-02   0.10454E-01   0.10870E-01
 1469.34   0.97343E-02   0.10309E-01   0.10715E-01
 1482.94   0.95954E-02   0.10167E-01   0.10563E-01
 1496.55   0.94625E-02   0.10030E-01   0.10418E-01
 1510.15   0.93307E-02   0.98952E-02   0.10274E-01
 1523.76   0.92018E-02   0.97631E-02   0.10132E-01
 1537.36   0.90752E-02   0.96331E-02   0.99936E-02
 1550.97   0.89505E-02   0.95051E-02   0.98570E-02
 1564.57   0.88274E-02   0.93787E-02   0.97222E-02
 1578.18   0.87115E-02   0.92597E-02   0.95951E-02
 1591.78   0.85951E-02   0.91400E-02   0.94675E-02
 1605.39   0.84814E-02   0.90231E-02   0.93427E-02
 1618.99   0.83697E-02   0.89081E-02   0.92202E-02
 1632.60   0.82592E-02   0.87942E-02   0.90988E-02
 1646.20   0.81552E-02   0.86872E-02   0.89846E-02
 1659.81   0.80484E-02   0.85770E-02   0.88672E-02
 1673.41   0.79453E-02   0.84706E-02   0.87539E-02
 1687.02   0.78447E-02   0.83667E-02   0.86432E-02
 1700.62   0.77461E-02   0.82648E-02   0.85346E-02
 1714.23   0.76482E-02   0.81635E-02   0.84268E-02
 1727.83   0.75555E-02   0.80678E-02   0.83248E-02
 1741.44   0.74613E-02   0.79702E-02   0.82210E-02
 1755.04   0.73695E-02   0.78751E-02   0.81198E-02
 1768.65   0.72798E-02   0.77821E-02   0.80209E-02
 1782.25   0.71920E-02   0.76911E-02   0.79241E-02
 1795.86   0.71054E-02   0.76013E-02   0.78286E-02
 1809.46   0.70217E-02   0.75145E-02   0.77362E-02
 1823.07   0.69380E-02   0.74276E-02   0.76438E-02
 1836.67   0.68559E-02   0.73422E-02   0.75531E-02
 1850.28   0.67753E-02   0.72585E-02   0.74641E-02
 1863.88   0.66965E-02   0.71765E-02   0.73771E-02
 1877.49   0.66193E-02   0.70963E-02   0.72918E-02
 1891.09   0.65436E-02   0.70175E-02   0.72081E-02
 1904.70   0.64690E-02   0.69399E-02   0.71257E-02
 1918.30   0.63955E-02   0.68633E-02   0.70444E-02
 1931.91   0.63231E-02   0.67879E-02   0.69643E-02
 1945.51   0.62520E-02   0.67138E-02   0.68857E-02
 1959.12   0.61823E-02   0.66410E-02   0.68086E-02
 1972.72   0.61146E-02   0.65703E-02   0.67335E-02
 1986.33   0.60475E-02   0.65003E-02   0.66592E-02
 1999.93   0.59816E-02   0.64314E-02   0.65862E-02
 2013.54   0.59167E-02   0.63634E-02   0.65141E-02
 2027.14   0.58526E-02   0.62963E-02   0.64430E-02
 2040.75   0.57894E-02   0.62301E-02   0.63728E-02
 2054.35   0.57269E-02   0.61645E-02   0.63033E-02
 2067.96   0.56677E-02   0.61025E-02   0.62376E-02
 2081.56   0.56081E-02   0.60399E-02   0.61713E-02
 2095.17   0.55496E-02   0.59784E-02   0.61061E-02
 2108.77   0.54919E-02   0.59177E-02   0.60419E-02
 2122.38   0.54349E-02   0.58576E-02   0.59783E-02
 2135.98   0.53780E-02   0.57977E-02   0.59149E-02
 2149.59   0.53254E-02   0.57422E-02   0.58561E-02
 2163.19   0.52704E-02   0.56841E-02   0.57948E-02
 2176.80   0.52172E-02   0.56279E-02   0.57353E-02
 2190.40   0.51650E-02   0.55728E-02   0.56770E-02
 2204.01   0.51136E-02   0.55184E-02   0.56196E-02
 2217.61   0.50627E-02   0.54646E-02   0.55626E-02
 2231.22   0.50118E-02   0.54106E-02   0.55057E-02
 2244.82   0.49646E-02   0.53607E-02   0.54529E-02
 2258.43   0.49157E-02   0.53088E-02   0.53981E-02
 2272.03   0.48679E-02   0.52581E-02   0.53446E-02
 2285.64   0.48211E-02   0.52084E-02   0.52921E-02
 2299.24   0.47751E-02   0.51595E-02   0.52405E-02
 2312.85   0.47295E-02   0.51111E-02   0.51894E-02
 2326.45   0.46831E-02   0.50617E-02   0.51374E-02
 2340.06   0.46412E-02   0.50172E-02   0.50903E-02
 2353.66   0.45972E-02   0.49704E-02   0.50410E-02
 2367.27   0.45541E-02   0.49245E-02   0.49926E-02
 2380.87   0.45118E-02   0.48794E-02   0.49451E-02
 2394.48   0.44703E-02   0.48351E-02   0.48984E-02
 2408.08   0.44294E-02   0.47915E-02   0.48524E-02
 2421.69   0.43888E-02   0.47481E-02   0.48067E-02
 2435.29   0.43496E-02   0.47062E-02   0.47626E-02
 2448.90   0.43102E-02   0.46640E-02   0.47182E-02
 2462.50   0.42713E-02   0.46224E-02   0.46744E-02
 2476.11   0.42331E-02   0.45814E-02   0.46312E-02
 2489.71   0.41955E-02   0.45410E-02   0.45888E-02
 2503.32   0.41585E-02   0.45014E-02   0.45471E-02
 2516.92   0.41223E-02   0.44624E-02   0.45060E-02
 2530.53   0.40865E-02   0.44239E-02   0.44656E-02
 2544.13   0.40511E-02   0.43858E-02   0.44255E-02
 2557.74   0.40161E-02   0.43480E-02   0.43859E-02
 2571.34   0.39815E-02   0.43107E-02   0.43466E-02
 2584.95   0.39473E-02   0.42738E-02   0.43079E-02
 2598.55   0.39136E-02   0.42374E-02   0.42697E-02
 2612.16   0.38806E-02   0.42016E-02   0.42321E-02
 2625.76   0.38484E-02   0.41668E-02   0.41955E-02
 2639.37   0.38163E-02   0.41320E-02   0.41591E-02
 2652.97   0.37847E-02   0.40977E-02   0.41231E-02
 2666.58   0.37533E-02   0.40637E-02   0.40874E-02
 2680.18   0.37223E-02   0.40300E-02   0.40520E-02
 2693.79   0.36915E-02   0.39965E-02   0.40170E-02
 2707.39   0.36607E-02   0.39630E-02   0.39819E-02
 2721.00   0.36324E-02   0.39322E-02   0.39496E-02
 2734.60   0.36028E-02   0.39000E-02   0.39159E-02
 2748.21   0.35740E-02   0.38685E-02   0.38829E-02
 2761.81   0.35455E-02   0.38375E-02   0.38504E-02
 2775.42   0.35174E-02   0.38068E-02   0.38183E-02
 2789.02   0.34894E-02   0.37763E-02   0.37864E-02
 2802.63   0.34615E-02   0.37458E-02   0.37545E-02
 2816.23   0.34340E-02   0.37157E-02   0.37231E-02
 2829.84   0.34084E-02   0.36877E-02   0.36938E-02
 2843.44   0.33818E-02   0.36586E-02   0.36633E-02
 2857.05   0.33557E-02   0.36300E-02   0.36334E-02
 2870.65   0.33300E-02   0.36018E-02   0.36040E-02
 2884.26   0.33046E-02   0.35740E-02   0.35749E-02
 2897.86   0.32794E-02   0.35463E-02   0.35460E-02
 2911.47   0.32538E-02   0.35181E-02   0.35166E-02
 2925.07   0.32312E-02   0.34932E-02   0.34906E-02
 2938.68   0.32062E-02   0.34657E-02   0.34620E-02
 2952.28   0.31821E-02   0.34391E-02   0.34342E-02
 2965.89   0.31584E-02   0.34130E-02   0.34070E-02
 2979.49   0.31351E-02   0.33873E-02   0.33802E-02
 2993.10   0.31122E-02   0.33620E-02   0.33538E-02
 3006.70   0.30895E-02   0.33368E-02   0.33276E-02
 3020.31   0.30666E-02   0.33115E-02   0.33013E-02
 3033.91   0.30455E-02   0.32880E-02   0.32768E-02
 3047.52   0.30232E-02   0.32633E-02   0.32511E-02
 3061.12   0.30013E-02   0.32391E-02   0.32258E-02
 3074.73   0.29798E-02   0.32151E-02   0.32010E-02
 3088.33   0.29587E-02   0.31916E-02   0.31765E-02
 3101.94   0.29379E-02   0.31684E-02   0.31524E-02
 3115.54   0.29174E-02   0.31455E-02   0.31286E-02
 3129.15   0.28969E-02   0.31226E-02   0.31048E-02
 3142.75   0.28772E-02   0.31006E-02   0.30819E-02
 3156.36   0.28573E-02   0.30783E-02   0.30587E-02
 3169.96   0.28375E-02   0.30561E-02   0.30358E-02
 3183.57   0.28179E-02   0.30342E-02   0.30130E-02
 3197.17   0.27986E-02   0.30125E-02   0.29905E-02
 3210.78   0.27795E-02   0.29911E-02   0.29684E-02
 3224.38   0.27608E-02   0.29701E-02   0.29465E-02
 3237.99   0.27423E-02   0.29494E-02   0.29250E-02
 3251.59   0.27241E-02   0.29288E-02   0.29038E-02
 3265.20   0.27060E-02   0.29085E-02   0.28827E-02
 3278.80   0.26881E-02   0.28882E-02   0.28617E-02
 3292.41   0.26702E-02   0.28681E-02   0.28409E-02
 3306.01   0.26525E-02   0.28482E-02   0.28203E-02
 3319.62   0.26350E-02   0.28284E-02   0.27998E-02
 3333.22   0.26176E-02   0.28088E-02   0.27796E-02
 3346.83   0.26007E-02   0.27896E-02   0.27598E-02
 3360.43   0.25842E-02   0.27710E-02   0.27405E-02
 3374.04   0.25676E-02   0.27522E-02   0.27211E-02
 3387.64   0.25512E-02   0.27337E-02   0.27019E-02
 3401.25   0.25350E-02   0.27153E-02   0.26829E-02
 3414.85   0.25188E-02   0.26969E-02   0.26640E-02
 3428.46   0.25027E-02   0.26787E-02   0.26452E-02
 3442.06   0.24868E-02   0.26606E-02   0.26265E-02
 3455.67   0.24706E-02   0.26422E-02   0.26076E-02
 3469.27   0.24566E-02   0.26262E-02   0.25910E-02
 3482.88   0.24409E-02   0.26083E-02   0.25727E-02
 3496.48   0.24258E-02   0.25911E-02   0.25549E-02
 3510.09   0.24110E-02   0.25742E-02   0.25375E-02
 3523.69   0.23962E-02   0.25573E-02   0.25202E-02
 3537.30   0.23816E-02   0.25406E-02   0.25030E-02
 3550.90   0.23670E-02   0.25239E-02   0.24858E-02
 3564.51   0.23523E-02   0.25071E-02   0.24685E-02
 3578.11   0.23371E-02   0.24898E-02   0.24507E-02
 3591.72   0.23250E-02   0.24757E-02   0.24362E-02
 3605.32   0.23109E-02   0.24594E-02   0.24195E-02
 3618.93   0.22971E-02   0.24436E-02   0.24033E-02
 3632.53   0.22836E-02   0.24280E-02   0.23873E-02
 3646.14   0.22703E-02   0.24126E-02   0.23715E-02
 3659.74   0.22570E-02   0.23973E-02   0.23558E-02
 3673.35   0.22438E-02   0.23820E-02   0.23401E-02
 3686.95   0.22299E-02   0.23661E-02   0.23238E-02
 3700.56   0.22190E-02   0.23532E-02   0.23105E-02
 3714.16   0.22055E-02   0.23377E-02   0.22946E-02
 3727.77   0.21927E-02   0.23228E-02   0.22794E-02
 3741.37   0.21801E-02   0.23082E-02   0.22645E-02
 3754.98   0.21677E-02   0.22938E-02   0.22498E-02
 3768.58   0.21555E-02   0.22797E-02   0.22353E-02
 3782.19   0.21435E-02   0.22656E-02   0.22209E-02
 3795.79   0.21314E-02   0.22516E-02   0.22066E-02
 3809.40   0.21192E-02   0.22374E-02   0.21921E-02
 3823.00   0.21084E-02   0.22247E-02   0.21791E-02
 3836.61   0.20964E-02   0.22108E-02   0.21649E-02
 3850.21   0.20847E-02   0.21971E-02   0.21510E-02
 3863.82   0.20731E-02   0.21836E-02   0.21372E-02
 3877.42   0.20617E-02   0.21703E-02   0.21236E-02
 3891.03   0.20505E-02   0.21572E-02   0.21103E-02
 3904.63   0.20395E-02   0.21443E-02   0.20971E-02
 3918.24   0.20285E-02   0.21315E-02   0.20840E-02
 3931.84   0.20175E-02   0.21186E-02   0.20709E-02
 3945.45   0.20071E-02   0.21064E-02   0.20584E-02
 3959.05   0.19963E-02   0.20937E-02   0.20456E-02
 3972.66   0.19856E-02   0.20812E-02   0.20328E-02
 3986.26   0.19750E-02   0.20687E-02   0.20202E-02
 3999.87   0.19644E-02   0.20563E-02   0.20076E-02
 4013.47   0.19541E-02   0.20441E-02   0.19952E-02
 4027.08   0.19438E-02   0.20321E-02   0.19830E-02
 4040.68   0.19338E-02   0.20203E-02   0.19709E-02
 4054.29   0.19239E-02   0.20086E-02   0.19591E-02
 4067.89   0.19140E-02   0.19969E-02   0.19473E-02
 4081.50   0.19043E-02   0.19854E-02   0.19356E-02
 4095.10   0.18945E-02   0.19739E-02   0.19239E-02
 4108.71   0.18848E-02   0.19624E-02   0.19123E-02
 4122.31   0.18752E-02   0.19510E-02   0.19007E-02
 4135.92   0.18655E-02   0.19396E-02   0.18892E-02
 4149.52   0.18560E-02   0.19283E-02   0.18778E-02
 4163.13   0.18466E-02   0.19172E-02   0.18665E-02
 4176.73   0.18375E-02   0.19063E-02   0.18554E-02
 4190.34   0.18287E-02   0.18957E-02   0.18448E-02
 4203.94   0.18197E-02   0.18850E-02   0.18339E-02
 4217.55   0.18108E-02   0.18744E-02   0.18232E-02
 4231.15   0.18019E-02   0.18638E-02   0.18125E-02
 4244.76   0.17931E-02   0.18532E-02   0.18019E-02
 4258.36   0.17843E-02   0.18427E-02   0.17912E-02
 4271.97   0.17755E-02   0.18322E-02   0.17806E-02
 4285.57   0.17667E-02   0.18217E-02   0.17700E-02
 4299.18   0.17580E-02   0.18113E-02   0.17596E-02
 4312.78   0.17505E-02   0.18021E-02   0.17503E-02
 4326.39   0.17419E-02   0.17918E-02   0.17399E-02
 4339.99   0.17336E-02   0.17819E-02   0.17299E-02
 4353.60   0.17255E-02   0.17721E-02   0.17201E-02
 4367.20   0.17174E-02   0.17623E-02   0.17103E-02
 4380.81   0.17093E-02   0.17526E-02   0.17005E-02
 4394.41   0.17012E-02   0.17429E-02   0.16908E-02
 4408.02   0.16931E-02   0.17331E-02   0.16809E-02
 4421.62   0.16846E-02   0.17230E-02   0.16708E-02
 4435.23   0.16792E-02   0.17161E-02   0.16638E-02
 4448.83   0.16702E-02   0.17054E-02   0.16531E-02
 4462.44   0.16623E-02   0.16959E-02   0.16436E-02
 4476.04   0.16546E-02   0.16867E-02   0.16343E-02
 4489.65   0.16471E-02   0.16776E-02   0.16252E-02
 4503.25   0.16397E-02   0.16686E-02   0.16162E-02
 4516.86   0.16323E-02   0.16597E-02   0.16073E-02
 4530.46   0.16249E-02   0.16507E-02   0.15983E-02
 4544.07   0.16173E-02   0.16416E-02   0.15892E-02
 4557.67   0.16097E-02   0.16324E-02   0.15800E-02
 4571.28   0.16039E-02   0.16252E-02   0.15727E-02
 4584.88   0.15963E-02   0.16160E-02   0.15636E-02
 4598.49   0.15890E-02   0.16072E-02   0.15548E-02
 4612.09   0.15819E-02   0.15986E-02   0.15462E-02
 4625.70   0.15750E-02   0.15902E-02   0.15378E-02
 4639.30   0.15681E-02   0.15818E-02   0.15295E-02
 4652.91   0.15613E-02   0.15736E-02   0.15213E-02
 4666.51   0.15546E-02   0.15653E-02   0.15130E-02
 4680.12   0.15476E-02   0.15569E-02   0.15047E-02
 4693.72   0.15402E-02   0.15480E-02   0.14958E-02
 4707.33   0.15350E-02   0.15414E-02   0.14892E-02
 4720.93   0.15282E-02   0.15331E-02   0.14810E-02
 4734.54   0.15215E-02   0.15250E-02   0.14729E-02
 4748.14   0.15149E-02   0.15170E-02   0.14649E-02
 4761.75   0.15085E-02   0.15091E-02   0.14570E-02
 4775.35   0.15021E-02   0.15013E-02   0.14493E-02
 4788.96   0.14958E-02   0.14936E-02   0.14417E-02
 4802.56   0.14897E-02   0.14860E-02   0.14341E-02
 4816.17   0.14834E-02   0.14784E-02   0.14266E-02
 4829.77   0.14778E-02   0.14714E-02   0.14196E-02
 4843.38   0.14716E-02   0.14637E-02   0.14120E-02
 4856.98   0.14654E-02   0.14561E-02   0.14045E-02
 4870.59   0.14593E-02   0.14486E-02   0.13971E-02
 4884.19   0.14532E-02   0.14412E-02   0.13897E-02
 4897.80   0.14472E-02   0.14338E-02   0.13824E-02
 4911.40   0.14413E-02   0.14264E-02   0.13751E-02
 4925.01   0.14354E-02   0.14192E-02   0.13680E-02
 4938.61   0.14297E-02   0.14121E-02   0.13610E-02
 4952.22   0.14240E-02   0.14051E-02   0.13541E-02
 4965.82   0.14185E-02   0.13982E-02   0.13472E-02
 4979.43   0.14129E-02   0.13913E-02   0.13404E-02
 4993.03   0.14073E-02   0.13844E-02   0.13336E-02
 5006.64   0.14018E-02   0.13775E-02   0.13268E-02
 5020.24   0.13962E-02   0.13706E-02   0.13200E-02
 5033.85   0.13906E-02   0.13637E-02   0.13131E-02
 5047.45   0.13850E-02   0.13568E-02   0.13064E-02
 5061.06   0.13794E-02   0.13500E-02   0.12997E-02
 5074.66   0.13740E-02   0.13432E-02   0.12930E-02
 5088.27   0.13685E-02   0.13365E-02   0.12864E-02
 5101.87   0.13638E-02   0.13305E-02   0.12805E-02
 5115.48   0.13584E-02   0.13239E-02   0.12740E-02
 5129.08   0.13532E-02   0.13174E-02   0.12676E-02
 5142.69   0.13481E-02   0.13111E-02   0.12614E-02
 5156.29   0.13430E-02   0.13047E-02   0.12551E-02
 5169.90   0.13378E-02   0.12983E-02   0.12488E-02
 5183.50   0.13326E-02   0.12919E-02   0.12426E-02
 5197.11   0.13274E-02   0.12855E-02   0.12363E-02
 5210.71   0.13222E-02   0.12790E-02   0.12300E-02
 5224.32   0.13168E-02   0.12725E-02   0.12236E-02
 5237.92   0.13116E-02   0.12661E-02   0.12173E-02
 5251.53   0.13078E-02   0.12611E-02   0.12124E-02
 5265.13   0.13028E-02   0.12549E-02   0.12063E-02
 5278.74   0.12980E-02   0.12489E-02   0.12005E-02
 5292.34   0.12932E-02   0.12430E-02   0.11947E-02
 5305.95   0.12885E-02   0.12371E-02   0.11889E-02
 5319.55   0.12837E-02   0.12312E-02   0.11832E-02
 5333.16   0.12789E-02   0.12253E-02   0.11774E-02
 5346.76   0.12740E-02   0.12193E-02   0.11715E-02
 5360.37   0.12690E-02   0.12131E-02   0.11655E-02
 5373.97   0.12641E-02   0.12070E-02   0.11596E-02
 5387.58   0.12609E-02   0.12027E-02   0.11554E-02
 5401.18   0.12559E-02   0.11966E-02   0.11494E-02
 5414.79   0.12513E-02   0.11909E-02   0.11438E-02
 5428.39   0.12468E-02   0.11853E-02   0.11384E-02
 5442.00   0.12424E-02   0.11798E-02   0.11330E-02
 5455.60   0.12380E-02   0.11743E-02   0.11277E-02
 5469.21   0.12336E-02   0.11688E-02   0.11224E-02
 5482.81   0.12292E-02   0.11633E-02   0.11170E-02
 5496.42   0.12247E-02   0.11577E-02   0.11116E-02
 5510.02   0.12195E-02   0.11515E-02   0.11055E-02
 5523.63   0.12180E-02   0.11488E-02   0.11029E-02
 5537.23   0.12125E-02   0.11422E-02   0.10966E-02
 5550.84   0.12079E-02   0.11366E-02   0.10911E-02
 5564.44   0.12036E-02   0.11313E-02   0.10859E-02
 5578.05   0.11993E-02   0.11260E-02   0.10808E-02
 5591.65   0.11952E-02   0.11208E-02   0.10758E-02
 5605.26   0.11911E-02   0.11157E-02   0.10709E-02
 5618.86   0.11871E-02   0.11106E-02   0.10659E-02
 5632.47   0.11831E-02   0.11056E-02   0.10610E-02
 5646.07   0.11789E-02   0.11004E-02   0.10560E-02
 5659.68   0.11745E-02   0.10950E-02   0.10509E-02
 5673.28   0.11718E-02   0.10912E-02   0.10472E-02
 5686.89   0.11674E-02   0.10859E-02   0.10420E-02
 5700.49   0.11633E-02   0.10807E-02   0.10371E-02
 5714.10   0.11592E-02   0.10757E-02   0.10322E-02
 5727.70   0.11552E-02   0.10707E-02   0.10274E-02
 5741.31   0.11513E-02   0.10658E-02   0.10227E-02
 5754.91   0.11474E-02   0.10610E-02   0.10181E-02
 5768.52   0.11437E-02   0.10563E-02   0.10135E-02
 5782.12   0.11399E-02   0.10516E-02   0.10090E-02
 5795.73   0.11361E-02   0.10469E-02   0.10044E-02
 5809.33   0.11322E-02   0.10420E-02   0.99972E-03
 5822.94   0.11291E-02   0.10380E-02   0.99584E-03
 5836.54   0.11253E-02   0.10332E-02   0.99128E-03
 5850.15   0.11214E-02   0.10285E-02   0.98675E-03
 5863.75   0.11176E-02   0.10238E-02   0.98223E-03
 5877.36   0.11138E-02   0.10191E-02   0.97774E-03
 5890.96   0.11101E-02   0.10145E-02   0.97331E-03
 5904.57   0.11064E-02   0.10099E-02   0.96894E-03
 5918.17   0.11028E-02   0.10055E-02   0.96465E-03
 5931.78   0.10993E-02   0.10011E-02   0.96043E-03
 5945.38   0.10958E-02   0.99672E-03   0.95628E-03
 5958.99   0.10923E-02   0.99237E-03   0.95211E-03
 5972.59   0.10890E-02   0.98815E-03   0.94807E-03
 5986.20   0.10855E-02   0.98386E-03   0.94396E-03
 5999.80   0.10821E-02   0.97954E-03   0.93983E-03
 6013.41   0.10785E-02   0.97520E-03   0.93568E-03
 6027.01   0.10750E-02   0.97084E-03   0.93151E-03
 6040.62   0.10715E-02   0.96649E-03   0.92735E-03
 6054.22   0.10679E-02   0.96216E-03   0.92322E-03
 6067.83   0.10645E-02   0.95788E-03   0.91914E-03
 6081.43   0.10610E-02   0.95366E-03   0.91511E-03
 6095.04   0.10576E-02   0.94947E-03   0.91111E-03
 6108.64   0.10545E-02   0.94552E-03   0.90734E-03
 6122.25   0.10514E-02   0.94160E-03   0.90361E-03
 6135.85   0.10482E-02   0.93759E-03   0.89979E-03
 6149.46   0.10450E-02   0.93360E-03   0.89599E-03
 6163.06   0.10418E-02   0.92961E-03   0.89219E-03
 6176.67   0.10385E-02   0.92559E-03   0.88837E-03
 6190.27   0.10352E-02   0.92155E-03   0.88452E-03
 6203.88   0.10319E-02   0.91748E-03   0.88065E-03
 6217.48   0.10286E-02   0.91340E-03   0.87678E-03
 6231.09   0.10252E-02   0.90932E-03   0.87290E-03
 6244.69   0.10217E-02   0.90515E-03   0.86893E-03
 6258.30   0.10187E-02   0.90133E-03   0.86530E-03
 6271.90   0.10164E-02   0.89821E-03   0.86235E-03
 6285.51   0.10131E-02   0.89425E-03   0.85860E-03
 6299.11   0.10101E-02   0.89047E-03   0.85501E-03
 6312.72   0.10071E-02   0.88675E-03   0.85149E-03
 6326.32   0.10041E-02   0.88304E-03   0.84797E-03
 6339.93   0.10011E-02   0.87931E-03   0.84444E-03
 6353.53   0.99801E-03   0.87555E-03   0.84088E-03
 6367.14   0.99489E-03   0.87175E-03   0.83728E-03
 6380.74   0.99169E-03   0.86788E-03   0.83362E-03
 6394.35   0.98831E-03   0.86387E-03   0.82982E-03
 6407.95   0.98521E-03   0.86011E-03   0.82627E-03
 6421.56   0.98390E-03   0.85792E-03   0.82422E-03
 6435.16   0.98031E-03   0.85375E-03   0.82027E-03
 6448.77   0.97723E-03   0.85003E-03   0.81676E-03
 6462.37   0.97430E-03   0.84646E-03   0.81339E-03
 6475.98   0.97145E-03   0.84296E-03   0.81008E-03
 6489.58   0.96864E-03   0.83950E-03   0.80682E-03
 6503.19   0.96582E-03   0.83604E-03   0.80356E-03
 6516.79   0.96296E-03   0.83255E-03   0.80028E-03
 6530.40   0.96002E-03   0.82901E-03   0.79694E-03
 6544.00   0.95694E-03   0.82535E-03   0.79349E-03
 6557.61   0.95323E-03   0.82116E-03   0.78953E-03
 6571.21   0.94975E-03   0.81718E-03   0.78577E-03
 6584.82   0.94942E-03   0.81592E-03   0.78463E-03
 6598.42   0.94624E-03   0.81220E-03   0.78113E-03
 6612.03   0.94329E-03   0.80870E-03   0.77783E-03
 6625.63   0.94046E-03   0.80531E-03   0.77464E-03
 6639.24   0.93771E-03   0.80199E-03   0.77153E-03
 6652.84   0.93503E-03   0.79874E-03   0.76848E-03
 6666.45   0.93237E-03   0.79552E-03   0.76546E-03
 6680.05   0.92970E-03   0.79230E-03   0.76244E-03
 6693.66   0.92698E-03   0.78904E-03   0.75937E-03
 6707.26   0.92406E-03   0.78562E-03   0.75616E-03
 6720.87   0.92112E-03   0.78219E-03   0.75294E-03
 6734.47   0.92015E-03   0.78043E-03   0.75133E-03
 6748.08   0.91683E-03   0.77670E-03   0.74782E-03
 6761.68   0.91392E-03   0.77331E-03   0.74464E-03
 6775.29   0.91110E-03   0.77001E-03   0.74156E-03
 6788.89   0.90837E-03   0.76679E-03   0.73854E-03
 6802.50   0.90571E-03   0.76364E-03   0.73559E-03
 6816.10   0.90312E-03   0.76055E-03   0.73270E-03
 6829.71   0.90058E-03   0.75752E-03   0.72987E-03
 6843.31   0.89809E-03   0.75453E-03   0.72707E-03
 6856.92   0.89558E-03   0.75153E-03   0.72428E-03
 6870.52   0.89295E-03   0.74844E-03   0.72139E-03
 6884.13   0.89018E-03   0.74523E-03   0.71839E-03
 6897.73   0.88861E-03   0.74304E-03   0.71637E-03
 6911.34   0.88590E-03   0.73990E-03   0.71343E-03
 6924.94   0.88325E-03   0.73681E-03   0.71055E-03
 6938.55   0.88061E-03   0.73375E-03   0.70769E-03
 6952.15   0.87800E-03   0.73070E-03   0.70485E-03
 6965.76   0.87542E-03   0.72769E-03   0.70205E-03
 6979.36   0.87289E-03   0.72474E-03   0.69930E-03
 6992.97   0.87044E-03   0.72185E-03   0.69660E-03
 7006.57   0.86804E-03   0.71901E-03   0.69397E-03
 7020.18   0.86570E-03   0.71623E-03   0.69138E-03
 7033.78   0.86337E-03   0.71346E-03   0.68881E-03
 7047.39   0.86095E-03   0.71062E-03   0.68617E-03
 7060.99   0.85884E-03   0.70806E-03   0.68379E-03
 7074.60   0.85649E-03   0.70529E-03   0.68122E-03
 7088.20   0.85410E-03   0.70250E-03   0.67863E-03
 7101.81   0.85167E-03   0.69968E-03   0.67601E-03
 7115.41   0.84921E-03   0.69684E-03   0.67337E-03
 7129.02   0.84674E-03   0.69400E-03   0.67073E-03
 7142.62   0.84427E-03   0.69118E-03   0.66811E-03
 7156.23   0.84184E-03   0.68839E-03   0.66552E-03
 7169.83   0.83946E-03   0.68564E-03   0.66298E-03
 7183.44   0.83714E-03   0.68295E-03   0.66048E-03
 7197.04   0.83484E-03   0.68029E-03   0.65802E-03
 7210.65   0.83276E-03   0.67781E-03   0.65573E-03
 7224.25   0.83059E-03   0.67527E-03   0.65338E-03
 7237.86   0.82839E-03   0.67271E-03   0.65102E-03
 7251.46   0.82619E-03   0.67016E-03   0.64866E-03
 7265.07   0.82396E-03   0.66758E-03   0.64628E-03
 7278.67   0.82167E-03   0.66498E-03   0.64386E-03
 7292.28   0.81934E-03   0.66234E-03   0.64142E-03
 7305.88   0.81698E-03   0.65968E-03   0.63896E-03
 7319.49   0.81459E-03   0.65701E-03   0.63649E-03
 7333.09   0.81219E-03   0.65434E-03   0.63402E-03
 7346.70   0.80979E-03   0.65168E-03   0.63155E-03
 7360.30   0.80726E-03   0.64892E-03   0.62899E-03
 7373.91   0.80527E-03   0.64659E-03   0.62686E-03
 7387.51   0.80375E-03   0.64466E-03   0.62510E-03
 7401.12   0.80147E-03   0.64211E-03   0.62275E-03
 7414.72   0.79932E-03   0.63969E-03   0.62051E-03
 7428.33   0.79721E-03   0.63730E-03   0.61831E-03
 7441.93   0.79509E-03   0.63490E-03   0.61611E-03
 7455.54   0.79293E-03   0.63249E-03   0.61389E-03
 7469.14   0.79073E-03   0.63004E-03   0.61163E-03
 7482.75   0.78846E-03   0.62756E-03   0.60933E-03
 7496.35   0.78614E-03   0.62503E-03   0.60700E-03
 7509.96   0.78373E-03   0.62244E-03   0.60461E-03
 7523.56   0.78110E-03   0.61968E-03   0.60205E-03
 7537.17   0.77899E-03   0.61734E-03   0.59990E-03
 7550.77   0.77847E-03   0.61627E-03   0.59898E-03
 7564.38   0.77580E-03   0.61350E-03   0.59641E-03
 7577.98   0.77356E-03   0.61107E-03   0.59418E-03
 7591.59   0.77146E-03   0.60876E-03   0.59205E-03
 7605.19   0.76942E-03   0.60651E-03   0.58998E-03
 7618.80   0.76740E-03   0.60427E-03   0.58793E-03
 7632.40   0.76537E-03   0.60204E-03   0.58588E-03
 7646.01   0.76330E-03   0.59977E-03   0.58380E-03
 7659.61   0.76116E-03   0.59746E-03   0.58168E-03
 7673.22   0.75892E-03   0.59507E-03   0.57948E-03
 7686.82   0.75647E-03   0.59253E-03   0.57713E-03
 7700.43   0.75281E-03   0.58905E-03   0.57386E-03
 7714.03   0.75520E-03   0.59030E-03   0.57521E-03
 7727.64   0.75149E-03   0.58679E-03   0.57192E-03
 7741.24   0.74908E-03   0.58429E-03   0.56961E-03
 7754.85   0.74689E-03   0.58198E-03   0.56749E-03
 7768.45   0.74482E-03   0.57977E-03   0.56546E-03
 7782.06   0.74283E-03   0.57762E-03   0.56349E-03
 7795.66   0.74088E-03   0.57552E-03   0.56157E-03
 7809.27   0.73896E-03   0.57343E-03   0.55966E-03
 7822.87   0.73702E-03   0.57134E-03   0.55775E-03
 7836.48   0.73503E-03   0.56922E-03   0.55580E-03
 7850.08   0.73292E-03   0.56700E-03   0.55377E-03
 7863.69   0.73045E-03   0.56452E-03   0.55147E-03
 7877.29   0.72822E-03   0.56222E-03   0.54937E-03
 7890.90   0.72835E-03   0.56175E-03   0.54904E-03
 7904.50   0.72574E-03   0.55918E-03   0.54665E-03
 7918.11   0.72350E-03   0.55689E-03   0.54455E-03
 7931.71   0.72137E-03   0.55470E-03   0.54253E-03
 7945.32   0.71932E-03   0.55257E-03   0.54059E-03
 7958.92   0.71734E-03   0.55051E-03   0.53870E-03
 7972.53   0.71543E-03   0.54850E-03   0.53687E-03
 7986.13   0.71357E-03   0.54653E-03   0.53507E-03
 7999.74   0.71173E-03   0.54459E-03   0.53331E-03
 8013.34   0.70987E-03   0.54264E-03   0.53153E-03
 8026.95   0.70794E-03   0.54064E-03   0.52971E-03
 8040.55   0.70562E-03   0.53835E-03   0.52760E-03
 8054.16   0.70336E-03   0.53611E-03   0.52553E-03
 8067.76   0.70305E-03   0.53536E-03   0.52493E-03
 8081.37   0.70089E-03   0.53321E-03   0.52296E-03
 8094.97   0.69882E-03   0.53113E-03   0.52105E-03
 8108.58   0.69677E-03   0.52908E-03   0.51917E-03
 8122.18   0.69476E-03   0.52705E-03   0.51732E-03
 8135.79   0.69278E-03   0.52506E-03   0.51550E-03
 8149.39   0.69086E-03   0.52312E-03   0.51373E-03
 8163.00   0.68899E-03   0.52123E-03   0.51201E-03
 8176.60   0.68718E-03   0.51939E-03   0.51033E-03
 8190.21   0.68541E-03   0.51758E-03   0.50869E-03
 8203.81   0.68365E-03   0.51578E-03   0.50706E-03
 8217.42   0.68175E-03   0.51389E-03   0.50533E-03
 8231.02   0.68050E-03   0.51248E-03   0.50409E-03
 8244.63   0.67857E-03   0.51057E-03   0.50234E-03
 8258.23   0.67671E-03   0.50872E-03   0.50066E-03
 8271.84   0.67482E-03   0.50686E-03   0.49896E-03
 8285.44   0.67290E-03   0.50497E-03   0.49724E-03
 8299.05   0.67095E-03   0.50308E-03   0.49551E-03
 8312.65   0.66901E-03   0.50118E-03   0.49378E-03
 8326.26   0.66708E-03   0.49931E-03   0.49207E-03
 8339.86   0.66518E-03   0.49746E-03   0.49039E-03
 8353.47   0.66334E-03   0.49566E-03   0.48875E-03
 8367.07   0.66155E-03   0.49391E-03   0.48716E-03
 8380.68   0.65982E-03   0.49220E-03   0.48561E-03
 8394.28   0.65811E-03   0.49051E-03   0.48408E-03
 8407.89   0.65650E-03   0.48891E-03   0.48263E-03
 8421.49   0.65483E-03   0.48726E-03   0.48114E-03
 8435.10   0.65315E-03   0.48560E-03   0.47965E-03
 8448.70   0.65143E-03   0.48393E-03   0.47813E-03
 8462.31   0.64967E-03   0.48223E-03   0.47659E-03
 8475.91   0.64786E-03   0.48049E-03   0.47501E-03
 8489.52   0.64600E-03   0.47873E-03   0.47340E-03
 8503.12   0.64412E-03   0.47695E-03   0.47178E-03
 8516.73   0.64223E-03   0.47517E-03   0.47016E-03
 8530.33   0.64034E-03   0.47340E-03   0.46854E-03
 8543.94   0.63848E-03   0.47165E-03   0.46694E-03
 8557.54   0.63661E-03   0.46989E-03   0.46534E-03
 8571.15   0.63442E-03   0.46791E-03   0.46352E-03
 8584.75   0.63410E-03   0.46731E-03   0.46306E-03
 8598.36   0.63204E-03   0.46543E-03   0.46133E-03
 8611.96   0.63035E-03   0.46383E-03   0.45988E-03
 8625.57   0.62872E-03   0.46227E-03   0.45848E-03
 8639.17   0.62708E-03   0.46072E-03   0.45707E-03
 8652.78   0.62542E-03   0.45915E-03   0.45565E-03
 8666.38   0.62371E-03   0.45755E-03   0.45420E-03
 8679.99   0.62195E-03   0.45591E-03   0.45272E-03
 8693.59   0.62014E-03   0.45425E-03   0.45120E-03
 8707.20   0.61828E-03   0.45255E-03   0.44965E-03
 8720.80   0.61637E-03   0.45082E-03   0.44807E-03
 8734.41   0.61436E-03   0.44902E-03   0.44642E-03
 8748.01   0.61182E-03   0.44684E-03   0.44439E-03
 8761.62   0.61059E-03   0.44562E-03   0.44331E-03
 8775.22   0.61038E-03   0.44515E-03   0.44298E-03
 8788.83   0.60845E-03   0.44343E-03   0.44140E-03
 8802.43   0.60675E-03   0.44188E-03   0.44000E-03
 8816.04   0.60513E-03   0.44039E-03   0.43865E-03
 8829.64   0.60355E-03   0.43893E-03   0.43733E-03
 8843.25   0.60196E-03   0.43747E-03   0.43602E-03
 8856.85   0.60034E-03   0.43600E-03   0.43469E-03
 8870.46   0.59867E-03   0.43449E-03   0.43332E-03
 8884.06   0.59694E-03   0.43295E-03   0.43192E-03
 8897.67   0.59511E-03   0.43134E-03   0.43045E-03
 8911.27   0.59315E-03   0.42963E-03   0.42888E-03
 8924.88   0.59075E-03   0.42762E-03   0.42701E-03
 8938.48   0.58921E-03   0.42622E-03   0.42575E-03
 8952.09   0.58987E-03   0.42643E-03   0.42610E-03
 8965.69   0.58747E-03   0.42442E-03   0.42422E-03
 8979.30   0.58557E-03   0.42279E-03   0.42273E-03
 8992.90   0.58385E-03   0.42129E-03   0.42136E-03
 9006.51   0.58222E-03   0.41985E-03   0.42006E-03
 9020.11   0.58065E-03   0.41846E-03   0.41881E-03
 9033.72   0.57910E-03   0.41710E-03   0.41758E-03
 9047.32   0.57755E-03   0.41574E-03   0.41635E-03
 9060.93   0.57597E-03   0.41436E-03   0.41511E-03
 9074.53   0.57433E-03   0.41294E-03   0.41382E-03
 9088.14   0.57258E-03   0.41145E-03   0.41246E-03
 9101.74   0.57059E-03   0.40979E-03   0.41093E-03
 9115.35   0.56722E-03   0.40714E-03   0.40841E-03
 9128.95   0.57076E-03   0.40945E-03   0.41086E-03
 9142.56   0.56720E-03   0.40668E-03   0.40822E-03
 9156.16   0.56513E-03   0.40497E-03   0.40664E-03
 9169.77   0.56328E-03   0.40343E-03   0.40523E-03
 9183.37   0.56154E-03   0.40198E-03   0.40390E-03
 9196.98   0.55989E-03   0.40058E-03   0.40263E-03
 9210.58   0.55830E-03   0.39924E-03   0.40142E-03
 9224.19   0.55676E-03   0.39794E-03   0.40024E-03
 9237.79   0.55526E-03   0.39666E-03   0.39909E-03
 9251.40   0.55376E-03   0.39540E-03   0.39795E-03
 9265.00   0.55223E-03   0.39411E-03   0.39679E-03
 9278.61   0.55062E-03   0.39277E-03   0.39558E-03
 9292.21   0.54874E-03   0.39125E-03   0.39417E-03
 9305.82   0.54703E-03   0.38984E-03   0.39289E-03
 9319.42   0.54735E-03   0.38989E-03   0.39307E-03
 9333.03   0.54516E-03   0.38815E-03   0.39145E-03
 9346.63   0.54333E-03   0.38667E-03   0.39009E-03
 9360.24   0.54157E-03   0.38524E-03   0.38878E-03
 9373.84   0.53986E-03   0.38386E-03   0.38751E-03
 9387.45   0.53820E-03   0.38250E-03   0.38628E-03
 9401.05   0.53658E-03   0.38119E-03   0.38509E-03
 9414.66   0.53503E-03   0.37993E-03   0.38394E-03
 9428.26   0.53353E-03   0.37870E-03   0.38283E-03
 9441.87   0.53207E-03   0.37751E-03   0.38175E-03
 9455.47   0.53063E-03   0.37633E-03   0.38070E-03
 9469.08   0.52918E-03   0.37515E-03   0.37963E-03
 9482.68   0.52760E-03   0.37388E-03   0.37847E-03
 9496.29   0.52597E-03   0.37258E-03   0.37729E-03
 9509.89   0.52532E-03   0.37197E-03   0.37680E-03
 9523.50   0.52368E-03   0.37067E-03   0.37562E-03
 9537.10   0.52208E-03   0.36940E-03   0.37445E-03
 9550.71   0.52046E-03   0.36812E-03   0.37328E-03
 9564.31   0.51883E-03   0.36683E-03   0.37211E-03
 9577.92   0.51720E-03   0.36554E-03   0.37093E-03
 9591.52   0.51558E-03   0.36427E-03   0.36977E-03
 9605.13   0.51400E-03   0.36303E-03   0.36863E-03
 9618.73   0.51246E-03   0.36182E-03   0.36753E-03
 9632.34   0.51097E-03   0.36065E-03   0.36647E-03
 9645.94   0.50954E-03   0.35952E-03   0.36545E-03
 9659.55   0.50815E-03   0.35842E-03   0.36447E-03
 9673.15   0.50679E-03   0.35735E-03   0.36350E-03
 9686.76   0.50539E-03   0.35626E-03   0.36252E-03
 9700.36   0.50409E-03   0.35523E-03   0.36161E-03
 9713.97   0.50271E-03   0.35416E-03   0.36064E-03
 9727.57   0.50130E-03   0.35306E-03   0.35964E-03
 9741.18   0.49984E-03   0.35193E-03   0.35862E-03
 9754.78   0.49833E-03   0.35077E-03   0.35757E-03
 9768.39   0.49678E-03   0.34959E-03   0.35649E-03
 9781.99   0.49520E-03   0.34839E-03   0.35539E-03
 9795.60   0.49361E-03   0.34719E-03   0.35429E-03
 9809.20   0.49203E-03   0.34599E-03   0.35319E-03
 9822.81   0.49048E-03   0.34482E-03   0.35212E-03
 9836.41   0.48895E-03   0.34367E-03   0.35107E-03
 9850.02   0.48746E-03   0.34255E-03   0.35004E-03
 9863.62   0.48591E-03   0.34139E-03   0.34899E-03
 9877.23   0.48483E-03   0.34056E-03   0.34826E-03
 9890.83   0.48364E-03   0.33966E-03   0.34746E-03
 9904.44   0.48225E-03   0.33862E-03   0.34652E-03
 9918.04   0.48090E-03   0.33761E-03   0.34561E-03
 9931.65   0.47955E-03   0.33660E-03   0.34470E-03
 9945.25   0.47816E-03   0.33558E-03   0.34377E-03
 9958.86   0.47673E-03   0.33452E-03   0.34281E-03
 9972.46   0.47525E-03   0.33344E-03   0.34182E-03
 9986.07   0.47373E-03   0.33232E-03   0.34080E-03
 9999.67   0.47217E-03   0.33118E-03   0.33975E-03
