  380.94   0.24523E+00   0.24661E+00   0.24153E+00
  394.54   0.24052E+00   0.24196E+00   0.23716E+00
  408.15   0.23592E+00   0.23742E+00   0.23289E+00
  421.75   0.23139E+00   0.23295E+00   0.22867E+00
  435.36   0.22698E+00   0.22858E+00   0.22454E+00
  448.96   0.22265E+00   0.22430E+00   0.22049E+00
  462.57   0.21839E+00   0.22010E+00   0.21649E+00
  476.17   0.21425E+00   0.21600E+00   0.21259E+00
  489.78   0.21020E+00   0.21200E+00   0.20877E+00
  503.38   0.20624E+00   0.20808E+00   0.20503E+00
  516.99   0.20240E+00   0.20428E+00   0.20139E+00
  530.59   0.19866E+00   0.20058E+00   0.19785E+00
  544.20   0.19499E+00   0.19695E+00   0.19436E+00
  557.80   0.19142E+00   0.19342E+00   0.19097E+00
  571.41   0.18793E+00   0.18996E+00   0.18764E+00
  585.01   0.18451E+00   0.18657E+00   0.18438E+00
  598.62   0.18117E+00   0.18327E+00   0.18119E+00
  612.22   0.17791E+00   0.18004E+00   0.17807E+00
  625.83   0.17474E+00   0.17690E+00   0.17503E+00
  639.43   0.17161E+00   0.17380E+00   0.17203E+00
  653.04   0.16858E+00   0.17080E+00   0.16912E+00
  666.64   0.16562E+00   0.16787E+00   0.16627E+00
  680.25   0.16272E+00   0.16499E+00   0.16349E+00
  693.85   0.15992E+00   0.16221E+00   0.16078E+00
  707.46   0.15717E+00   0.15949E+00   0.15813E+00
  721.06   0.15448E+00   0.15682E+00   0.15554E+00
  734.67   0.15185E+00   0.15421E+00   0.15299E+00
  748.27   0.14928E+00   0.15166E+00   0.15051E+00
  761.88   0.14677E+00   0.14917E+00   0.14807E+00
  775.48   0.14431E+00   0.14673E+00   0.14569E+00
  789.09   0.14191E+00   0.14435E+00   0.14336E+00
  802.69   0.13956E+00   0.14202E+00   0.14108E+00
  816.30   0.13727E+00   0.13974E+00   0.13885E+00
  829.90   0.13504E+00   0.13752E+00   0.13668E+00
  843.51   0.13285E+00   0.13534E+00   0.13454E+00
  857.11   0.13071E+00   0.13322E+00   0.13246E+00
  870.72   0.12862E+00   0.13114E+00   0.13042E+00
  884.32   0.12658E+00   0.12912E+00   0.12843E+00
  897.93   0.12457E+00   0.12712E+00   0.12647E+00
  911.53   0.12262E+00   0.12518E+00   0.12456E+00
  925.14   0.12070E+00   0.12327E+00   0.12268E+00
  938.74   0.11883E+00   0.12140E+00   0.12085E+00
  952.35   0.11700E+00   0.11959E+00   0.11906E+00
  965.95   0.11519E+00   0.11779E+00   0.11728E+00
  979.56   0.11343E+00   0.11603E+00   0.11556E+00
  993.16   0.11171E+00   0.11432E+00   0.11387E+00
 1006.77   0.11003E+00   0.11264E+00   0.11221E+00
 1020.37   0.10837E+00   0.11100E+00   0.11059E+00
 1033.98   0.10676E+00   0.10939E+00   0.10900E+00
 1047.58   0.10518E+00   0.10782E+00   0.10745E+00
 1061.19   0.10363E+00   0.10628E+00   0.10592E+00
 1074.79   0.10212E+00   0.10477E+00   0.10443E+00
 1088.40   0.10063E+00   0.10328E+00   0.10296E+00
 1102.00   0.99177E-01   0.10183E+00   0.10153E+00
 1115.61   0.97750E-01   0.10041E+00   0.10012E+00
 1129.21   0.96350E-01   0.99009E-01   0.98733E-01
 1142.82   0.94977E-01   0.97638E-01   0.97375E-01
 1156.42   0.93632E-01   0.96295E-01   0.96044E-01
 1170.03   0.92314E-01   0.94979E-01   0.94739E-01
 1183.63   0.91023E-01   0.93689E-01   0.93459E-01
 1197.24   0.89756E-01   0.92423E-01   0.92204E-01
 1210.84   0.88514E-01   0.91181E-01   0.90971E-01
 1224.45   0.87296E-01   0.89963E-01   0.89762E-01
 1238.05   0.86102E-01   0.88770E-01   0.88576E-01
 1251.66   0.84932E-01   0.87599E-01   0.87414E-01
 1265.26   0.83785E-01   0.86451E-01   0.86273E-01
 1278.87   0.82656E-01   0.85322E-01   0.85150E-01
 1292.47   0.81550E-01   0.84214E-01   0.84049E-01
 1306.08   0.80464E-01   0.83127E-01   0.82967E-01
 1319.68   0.79399E-01   0.82060E-01   0.81905E-01
 1333.29   0.78354E-01   0.81013E-01   0.80863E-01
 1346.89   0.77323E-01   0.79979E-01   0.79834E-01
 1360.50   0.76316E-01   0.78970E-01   0.78829E-01
 1374.10   0.75325E-01   0.77976E-01   0.77839E-01
 1387.71   0.74353E-01   0.77001E-01   0.76867E-01
 1401.31   0.73398E-01   0.76043E-01   0.75913E-01
 1414.92   0.72463E-01   0.75104E-01   0.74977E-01
 1428.52   0.71540E-01   0.74177E-01   0.74052E-01
 1442.13   0.70636E-01   0.73270E-01   0.73147E-01
 1455.73   0.69749E-01   0.72378E-01   0.72258E-01
 1469.34   0.68877E-01   0.71501E-01   0.71383E-01
 1482.94   0.68021E-01   0.70641E-01   0.70524E-01
 1496.55   0.67177E-01   0.69793E-01   0.69677E-01
 1510.15   0.66351E-01   0.68961E-01   0.68847E-01
 1523.76   0.65538E-01   0.68143E-01   0.68030E-01
 1537.36   0.64739E-01   0.67339E-01   0.67226E-01
 1550.97   0.63953E-01   0.66547E-01   0.66435E-01
 1564.57   0.63180E-01   0.65769E-01   0.65658E-01
 1578.18   0.62420E-01   0.65003E-01   0.64891E-01
 1591.78   0.61673E-01   0.64250E-01   0.64139E-01
 1605.39   0.60939E-01   0.63509E-01   0.63398E-01
 1618.99   0.60217E-01   0.62781E-01   0.62670E-01
 1632.60   0.59506E-01   0.62064E-01   0.61952E-01
 1646.20   0.58808E-01   0.61359E-01   0.61247E-01
 1659.81   0.58121E-01   0.60666E-01   0.60553E-01
 1673.41   0.57446E-01   0.59984E-01   0.59870E-01
 1687.02   0.56782E-01   0.59313E-01   0.59198E-01
 1700.62   0.56129E-01   0.58653E-01   0.58537E-01
 1714.23   0.55487E-01   0.58003E-01   0.57886E-01
 1727.83   0.54854E-01   0.57363E-01   0.57245E-01
 1741.44   0.54232E-01   0.56733E-01   0.56614E-01
 1755.04   0.53620E-01   0.56113E-01   0.55993E-01
 1768.65   0.53017E-01   0.55503E-01   0.55382E-01
 1782.25   0.52424E-01   0.54902E-01   0.54779E-01
 1795.86   0.51841E-01   0.54310E-01   0.54186E-01
 1809.46   0.51266E-01   0.53727E-01   0.53601E-01
 1823.07   0.50700E-01   0.53153E-01   0.53025E-01
 1836.67   0.50142E-01   0.52588E-01   0.52458E-01
 1850.28   0.49594E-01   0.52031E-01   0.51899E-01
 1863.88   0.49054E-01   0.51482E-01   0.51348E-01
 1877.49   0.48522E-01   0.50941E-01   0.50806E-01
 1891.09   0.47998E-01   0.50409E-01   0.50272E-01
 1904.70   0.47483E-01   0.49885E-01   0.49745E-01
 1918.30   0.46975E-01   0.49368E-01   0.49227E-01
 1931.91   0.46475E-01   0.48859E-01   0.48716E-01
 1945.51   0.45983E-01   0.48358E-01   0.48212E-01
 1959.12   0.45498E-01   0.47864E-01   0.47716E-01
 1972.72   0.45021E-01   0.47377E-01   0.47228E-01
 1986.33   0.44550E-01   0.46897E-01   0.46745E-01
 1999.93   0.44086E-01   0.46424E-01   0.46270E-01
 2013.54   0.43629E-01   0.45958E-01   0.45801E-01
 2027.14   0.43179E-01   0.45498E-01   0.45339E-01
 2040.75   0.42735E-01   0.45045E-01   0.44883E-01
 2054.35   0.42297E-01   0.44597E-01   0.44434E-01
 2067.96   0.41867E-01   0.44157E-01   0.43991E-01
 2081.56   0.41442E-01   0.43722E-01   0.43554E-01
 2095.17   0.41023E-01   0.43294E-01   0.43123E-01
 2108.77   0.40610E-01   0.42871E-01   0.42698E-01
 2122.38   0.40203E-01   0.42454E-01   0.42279E-01
 2135.98   0.39802E-01   0.42043E-01   0.41865E-01
 2149.59   0.39407E-01   0.41638E-01   0.41458E-01
 2163.19   0.39017E-01   0.41238E-01   0.41056E-01
 2176.80   0.38633E-01   0.40843E-01   0.40659E-01
 2190.40   0.38254E-01   0.40454E-01   0.40267E-01
 2204.01   0.37880E-01   0.40070E-01   0.39881E-01
 2217.61   0.37512E-01   0.39692E-01   0.39500E-01
 2231.22   0.37149E-01   0.39319E-01   0.39124E-01
 2244.82   0.36791E-01   0.38950E-01   0.38754E-01
 2258.43   0.36438E-01   0.38587E-01   0.38388E-01
 2272.03   0.36089E-01   0.38228E-01   0.38026E-01
 2285.64   0.35745E-01   0.37873E-01   0.37670E-01
 2299.24   0.35406E-01   0.37524E-01   0.37317E-01
 2312.85   0.35072E-01   0.37178E-01   0.36970E-01
 2326.45   0.34742E-01   0.36838E-01   0.36627E-01
 2340.06   0.34417E-01   0.36502E-01   0.36289E-01
 2353.66   0.34095E-01   0.36170E-01   0.35955E-01
 2367.27   0.33778E-01   0.35843E-01   0.35625E-01
 2380.87   0.33465E-01   0.35519E-01   0.35299E-01
 2394.48   0.33156E-01   0.35199E-01   0.34977E-01
 2408.08   0.32851E-01   0.34883E-01   0.34658E-01
 2421.69   0.32551E-01   0.34572E-01   0.34345E-01
 2435.29   0.32255E-01   0.34265E-01   0.34036E-01
 2448.90   0.31962E-01   0.33961E-01   0.33730E-01
 2462.50   0.31673E-01   0.33662E-01   0.33428E-01
 2476.11   0.31388E-01   0.33366E-01   0.33130E-01
 2489.71   0.31106E-01   0.33073E-01   0.32835E-01
 2503.32   0.30828E-01   0.32783E-01   0.32543E-01
 2516.92   0.30551E-01   0.32496E-01   0.32254E-01
 2530.53   0.30284E-01   0.32218E-01   0.31973E-01
 2544.13   0.30017E-01   0.31939E-01   0.31693E-01
 2557.74   0.29753E-01   0.31665E-01   0.31416E-01
 2571.34   0.29493E-01   0.31393E-01   0.31143E-01
 2584.95   0.29235E-01   0.31125E-01   0.30872E-01
 2598.55   0.28981E-01   0.30859E-01   0.30604E-01
 2612.16   0.28728E-01   0.30596E-01   0.30339E-01
 2625.76   0.28484E-01   0.30340E-01   0.30081E-01
 2639.37   0.28238E-01   0.30084E-01   0.29823E-01
 2652.97   0.27996E-01   0.29831E-01   0.29568E-01
 2666.58   0.27758E-01   0.29581E-01   0.29316E-01
 2680.18   0.27522E-01   0.29334E-01   0.29068E-01
 2693.79   0.27289E-01   0.29090E-01   0.28822E-01
 2707.39   0.27058E-01   0.28848E-01   0.28577E-01
 2721.00   0.26834E-01   0.28613E-01   0.28341E-01
 2734.60   0.26609E-01   0.28376E-01   0.28102E-01
 2748.21   0.26386E-01   0.28143E-01   0.27867E-01
 2761.81   0.26167E-01   0.27912E-01   0.27635E-01
 2775.42   0.25951E-01   0.27685E-01   0.27405E-01
 2789.02   0.25737E-01   0.27460E-01   0.27179E-01
 2802.63   0.25526E-01   0.27238E-01   0.26955E-01
 2816.23   0.25317E-01   0.27018E-01   0.26733E-01
 2829.84   0.25113E-01   0.26802E-01   0.26516E-01
 2843.44   0.24908E-01   0.26587E-01   0.26299E-01
 2857.05   0.24707E-01   0.26374E-01   0.26084E-01
 2870.65   0.24507E-01   0.26164E-01   0.25872E-01
 2884.26   0.24311E-01   0.25956E-01   0.25663E-01
 2897.86   0.24117E-01   0.25751E-01   0.25456E-01
 2911.47   0.23925E-01   0.25548E-01   0.25252E-01
 2925.07   0.23736E-01   0.25347E-01   0.25050E-01
 2938.68   0.23548E-01   0.25149E-01   0.24850E-01
 2952.28   0.23363E-01   0.24952E-01   0.24651E-01
 2965.89   0.23179E-01   0.24757E-01   0.24455E-01
 2979.49   0.22997E-01   0.24564E-01   0.24261E-01
 2993.10   0.22818E-01   0.24374E-01   0.24069E-01
 3006.70   0.22641E-01   0.24186E-01   0.23879E-01
 3020.31   0.22466E-01   0.24000E-01   0.23692E-01
 3033.91   0.22293E-01   0.23816E-01   0.23507E-01
 3047.52   0.22122E-01   0.23634E-01   0.23324E-01
 3061.12   0.21953E-01   0.23454E-01   0.23142E-01
 3074.73   0.21786E-01   0.23276E-01   0.22963E-01
 3088.33   0.21620E-01   0.23099E-01   0.22785E-01
 3101.94   0.21456E-01   0.22924E-01   0.22608E-01
 3115.54   0.21293E-01   0.22750E-01   0.22434E-01
 3129.15   0.21133E-01   0.22579E-01   0.22261E-01
 3142.75   0.20977E-01   0.22412E-01   0.22093E-01
 3156.36   0.20820E-01   0.22244E-01   0.21924E-01
 3169.96   0.20666E-01   0.22079E-01   0.21758E-01
 3183.57   0.20513E-01   0.21915E-01   0.21593E-01
 3197.17   0.20361E-01   0.21753E-01   0.21429E-01
 3210.78   0.20211E-01   0.21592E-01   0.21267E-01
 3224.38   0.20062E-01   0.21431E-01   0.21106E-01
 3237.99   0.19914E-01   0.21273E-01   0.20946E-01
 3251.59   0.19773E-01   0.21121E-01   0.20793E-01
 3265.20   0.19629E-01   0.20966E-01   0.20637E-01
 3278.80   0.19487E-01   0.20813E-01   0.20484E-01
 3292.41   0.19347E-01   0.20663E-01   0.20332E-01
 3306.01   0.19209E-01   0.20513E-01   0.20182E-01
 3319.62   0.19071E-01   0.20365E-01   0.20033E-01
 3333.22   0.18934E-01   0.20217E-01   0.19884E-01
 3346.83   0.18798E-01   0.20070E-01   0.19737E-01
 3360.43   0.18670E-01   0.19932E-01   0.19597E-01
 3374.04   0.18537E-01   0.19788E-01   0.19452E-01
 3387.64   0.18406E-01   0.19647E-01   0.19310E-01
 3401.25   0.18277E-01   0.19507E-01   0.19170E-01
 3414.85   0.18150E-01   0.19369E-01   0.19032E-01
 3428.46   0.18024E-01   0.19233E-01   0.18894E-01
 3442.06   0.17899E-01   0.19097E-01   0.18758E-01
 3455.67   0.17773E-01   0.18961E-01   0.18621E-01
 3469.27   0.17657E-01   0.18835E-01   0.18494E-01
 3482.88   0.17534E-01   0.18700E-01   0.18359E-01
 3496.48   0.17413E-01   0.18569E-01   0.18227E-01
 3510.09   0.17294E-01   0.18440E-01   0.18097E-01
 3523.69   0.17177E-01   0.18312E-01   0.17969E-01
 3537.30   0.17061E-01   0.18186E-01   0.17842E-01
 3550.90   0.16946E-01   0.18061E-01   0.17717E-01
 3564.51   0.16832E-01   0.17936E-01   0.17592E-01
 3578.11   0.16717E-01   0.17811E-01   0.17466E-01
 3591.72   0.16610E-01   0.17694E-01   0.17348E-01
 3605.32   0.16499E-01   0.17572E-01   0.17226E-01
 3618.93   0.16389E-01   0.17452E-01   0.17105E-01
 3632.53   0.16280E-01   0.17333E-01   0.16986E-01
 3646.14   0.16173E-01   0.17216E-01   0.16868E-01
 3659.74   0.16067E-01   0.17100E-01   0.16752E-01
 3673.35   0.15963E-01   0.16985E-01   0.16636E-01
 3686.95   0.15859E-01   0.16871E-01   0.16522E-01
 3700.56   0.15757E-01   0.16759E-01   0.16410E-01
 3714.16   0.15655E-01   0.16647E-01   0.16298E-01
 3727.77   0.15554E-01   0.16536E-01   0.16186E-01
 3741.37   0.15454E-01   0.16425E-01   0.16075E-01
 3754.98   0.15354E-01   0.16316E-01   0.15966E-01
 3768.58   0.15256E-01   0.16207E-01   0.15857E-01
 3782.19   0.15159E-01   0.16100E-01   0.15750E-01
 3795.79   0.15063E-01   0.15995E-01   0.15644E-01
 3809.40   0.14968E-01   0.15890E-01   0.15539E-01
 3823.00   0.14874E-01   0.15786E-01   0.15435E-01
 3836.61   0.14781E-01   0.15684E-01   0.15332E-01
 3850.21   0.14689E-01   0.15582E-01   0.15230E-01
 3863.82   0.14597E-01   0.15480E-01   0.15128E-01
 3877.42   0.14506E-01   0.15379E-01   0.15027E-01
 3891.03   0.14416E-01   0.15279E-01   0.14927E-01
 3904.63   0.14326E-01   0.15180E-01   0.14828E-01
 3918.24   0.14238E-01   0.15082E-01   0.14729E-01
 3931.84   0.14150E-01   0.14985E-01   0.14632E-01
 3945.45   0.14065E-01   0.14890E-01   0.14538E-01
 3959.05   0.13980E-01   0.14795E-01   0.14443E-01
 3972.66   0.13895E-01   0.14701E-01   0.14349E-01
 3986.26   0.13811E-01   0.14608E-01   0.14255E-01
 3999.87   0.13728E-01   0.14515E-01   0.14162E-01
 4013.47   0.13645E-01   0.14422E-01   0.14070E-01
 4027.08   0.13562E-01   0.14330E-01   0.13978E-01
 4040.68   0.13480E-01   0.14238E-01   0.13886E-01
 4054.29   0.13398E-01   0.14147E-01   0.13795E-01
 4067.89   0.13323E-01   0.14063E-01   0.13710E-01
 4081.50   0.13244E-01   0.13974E-01   0.13622E-01
 4095.10   0.13166E-01   0.13887E-01   0.13535E-01
 4108.71   0.13089E-01   0.13800E-01   0.13449E-01
 4122.31   0.13012E-01   0.13715E-01   0.13363E-01
 4135.92   0.12936E-01   0.13629E-01   0.13278E-01
 4149.52   0.12860E-01   0.13544E-01   0.13193E-01
 4163.13   0.12784E-01   0.13459E-01   0.13107E-01
 4176.73   0.12707E-01   0.13373E-01   0.13022E-01
 4190.34   0.12640E-01   0.13297E-01   0.12947E-01
 4203.94   0.12566E-01   0.13214E-01   0.12863E-01
 4217.55   0.12494E-01   0.13133E-01   0.12782E-01
 4231.15   0.12423E-01   0.13053E-01   0.12702E-01
 4244.76   0.12352E-01   0.12973E-01   0.12623E-01
 4258.36   0.12282E-01   0.12894E-01   0.12545E-01
 4271.97   0.12213E-01   0.12816E-01   0.12467E-01
 4285.57   0.12143E-01   0.12737E-01   0.12388E-01
 4299.18   0.12073E-01   0.12658E-01   0.12310E-01
 4312.78   0.12012E-01   0.12589E-01   0.12240E-01
 4326.39   0.11942E-01   0.12510E-01   0.12162E-01
 4339.99   0.11874E-01   0.12434E-01   0.12086E-01
 4353.60   0.11808E-01   0.12359E-01   0.12011E-01
 4367.20   0.11743E-01   0.12285E-01   0.11938E-01
 4380.81   0.11678E-01   0.12212E-01   0.11865E-01
 4394.41   0.11614E-01   0.12139E-01   0.11793E-01
 4408.02   0.11550E-01   0.12067E-01   0.11721E-01
 4421.62   0.11486E-01   0.11994E-01   0.11648E-01
 4435.23   0.11431E-01   0.11931E-01   0.11586E-01
 4448.83   0.11365E-01   0.11856E-01   0.11511E-01
 4462.44   0.11302E-01   0.11784E-01   0.11440E-01
 4476.04   0.11240E-01   0.11714E-01   0.11370E-01
 4489.65   0.11179E-01   0.11645E-01   0.11302E-01
 4503.25   0.11119E-01   0.11576E-01   0.11234E-01
 4516.86   0.11060E-01   0.11509E-01   0.11166E-01
 4530.46   0.11001E-01   0.11442E-01   0.11100E-01
 4544.07   0.10943E-01   0.11375E-01   0.11034E-01
 4557.67   0.10884E-01   0.11309E-01   0.10968E-01
 4571.28   0.10829E-01   0.11246E-01   0.10905E-01
 4584.88   0.10772E-01   0.11180E-01   0.10840E-01
 4598.49   0.10715E-01   0.11115E-01   0.10775E-01
 4612.09   0.10658E-01   0.11050E-01   0.10711E-01
 4625.70   0.10602E-01   0.10986E-01   0.10647E-01
 4639.30   0.10546E-01   0.10922E-01   0.10584E-01
 4652.91   0.10491E-01   0.10859E-01   0.10522E-01
 4666.51   0.10437E-01   0.10797E-01   0.10461E-01
 4680.12   0.10384E-01   0.10736E-01   0.10400E-01
 4693.72   0.10331E-01   0.10675E-01   0.10340E-01
 4707.33   0.10279E-01   0.10615E-01   0.10280E-01
 4720.93   0.10226E-01   0.10555E-01   0.10221E-01
 4734.54   0.10174E-01   0.10495E-01   0.10161E-01
 4748.14   0.10122E-01   0.10435E-01   0.10102E-01
 4761.75   0.10070E-01   0.10375E-01   0.10043E-01
 4775.35   0.10019E-01   0.10316E-01   0.99847E-02
 4788.96   0.99678E-02   0.10258E-01   0.99268E-02
 4802.56   0.99174E-02   0.10200E-01   0.98695E-02
 4816.17   0.98675E-02   0.10142E-01   0.98126E-02
 4829.77   0.98202E-02   0.10087E-01   0.97585E-02
 4843.38   0.97711E-02   0.10031E-01   0.97026E-02
 4856.98   0.97230E-02   0.99751E-02   0.96477E-02
 4870.59   0.96751E-02   0.99198E-02   0.95930E-02
 4884.19   0.96273E-02   0.98646E-02   0.95386E-02
 4897.80   0.95796E-02   0.98095E-02   0.94842E-02
 4911.40   0.95320E-02   0.97545E-02   0.94300E-02
 4925.01   0.94846E-02   0.96998E-02   0.93760E-02
 4938.61   0.94374E-02   0.96453E-02   0.93223E-02
 4952.22   0.93891E-02   0.95897E-02   0.92676E-02
 4965.82   0.93501E-02   0.95436E-02   0.92220E-02
 4979.43   0.93027E-02   0.94890E-02   0.91683E-02
 4993.03   0.92579E-02   0.94370E-02   0.91170E-02
 5006.64   0.92136E-02   0.93856E-02   0.90664E-02
 5020.24   0.91697E-02   0.93346E-02   0.90162E-02
 5033.85   0.91259E-02   0.92838E-02   0.89661E-02
 5047.45   0.90821E-02   0.92329E-02   0.89161E-02
 5061.06   0.90381E-02   0.91820E-02   0.88660E-02
 5074.66   0.89940E-02   0.91309E-02   0.88157E-02
 5088.27   0.89476E-02   0.90775E-02   0.87633E-02
 5101.87   0.89173E-02   0.90405E-02   0.87267E-02
 5115.48   0.88699E-02   0.89862E-02   0.86735E-02
 5129.08   0.88275E-02   0.89369E-02   0.86250E-02
 5142.69   0.87861E-02   0.88888E-02   0.85777E-02
 5156.29   0.87454E-02   0.88413E-02   0.85311E-02
 5169.90   0.87050E-02   0.87941E-02   0.84848E-02
 5183.50   0.86647E-02   0.87472E-02   0.84387E-02
 5197.11   0.86243E-02   0.87002E-02   0.83925E-02
 5210.71   0.85836E-02   0.86528E-02   0.83461E-02
 5224.32   0.85411E-02   0.86037E-02   0.82979E-02
 5237.92   0.84974E-02   0.85535E-02   0.82488E-02
 5251.53   0.84692E-02   0.85188E-02   0.82146E-02
 5265.13   0.84287E-02   0.84718E-02   0.81686E-02
 5278.74   0.83897E-02   0.84263E-02   0.81240E-02
 5292.34   0.83514E-02   0.83816E-02   0.80801E-02
 5305.95   0.83137E-02   0.83375E-02   0.80370E-02
 5319.55   0.82764E-02   0.82939E-02   0.79943E-02
 5333.16   0.82394E-02   0.82505E-02   0.79518E-02
 5346.76   0.82022E-02   0.82070E-02   0.79093E-02
 5360.37   0.81643E-02   0.81629E-02   0.78660E-02
 5373.97   0.81258E-02   0.81181E-02   0.78223E-02
 5387.58   0.80968E-02   0.80830E-02   0.77878E-02
 5401.18   0.80585E-02   0.80385E-02   0.77443E-02
 5414.79   0.80216E-02   0.79955E-02   0.77023E-02
 5428.39   0.79854E-02   0.79532E-02   0.76610E-02
 5442.00   0.79498E-02   0.79115E-02   0.76203E-02
 5455.60   0.79148E-02   0.78705E-02   0.75803E-02
 5469.21   0.78803E-02   0.78300E-02   0.75407E-02
 5482.81   0.78461E-02   0.77898E-02   0.75015E-02
 5496.42   0.78120E-02   0.77498E-02   0.74624E-02
 5510.02   0.77767E-02   0.77086E-02   0.74223E-02
 5523.63   0.77493E-02   0.76753E-02   0.73897E-02
 5537.23   0.77130E-02   0.76331E-02   0.73486E-02
 5550.84   0.76787E-02   0.75931E-02   0.73096E-02
 5564.44   0.76449E-02   0.75535E-02   0.72710E-02
 5578.05   0.76113E-02   0.75142E-02   0.72327E-02
 5591.65   0.75781E-02   0.74753E-02   0.71948E-02
 5605.26   0.75454E-02   0.74369E-02   0.71574E-02
 5618.86   0.75132E-02   0.73991E-02   0.71206E-02
 5632.47   0.74815E-02   0.73617E-02   0.70843E-02
 5646.07   0.74501E-02   0.73248E-02   0.70483E-02
 5659.68   0.74186E-02   0.72878E-02   0.70123E-02
 5673.28   0.73887E-02   0.72523E-02   0.69778E-02
 5686.89   0.73576E-02   0.72157E-02   0.69422E-02
 5700.49   0.73265E-02   0.71791E-02   0.69066E-02
 5714.10   0.72953E-02   0.71426E-02   0.68711E-02
 5727.70   0.72642E-02   0.71061E-02   0.68357E-02
 5741.31   0.72332E-02   0.70698E-02   0.68004E-02
 5754.91   0.72025E-02   0.70338E-02   0.67655E-02
 5768.52   0.71723E-02   0.69982E-02   0.67310E-02
 5782.12   0.71424E-02   0.69631E-02   0.66969E-02
 5795.73   0.71131E-02   0.69285E-02   0.66633E-02
 5809.33   0.70844E-02   0.68947E-02   0.66305E-02
 5822.94   0.70558E-02   0.68609E-02   0.65977E-02
 5836.54   0.70273E-02   0.68272E-02   0.65651E-02
 5850.15   0.69987E-02   0.67936E-02   0.65324E-02
 5863.75   0.69701E-02   0.67599E-02   0.64998E-02
 5877.36   0.69414E-02   0.67261E-02   0.64671E-02
 5890.96   0.69126E-02   0.66924E-02   0.64344E-02
 5904.57   0.68838E-02   0.66586E-02   0.64018E-02
 5918.17   0.68552E-02   0.66251E-02   0.63693E-02
 5931.78   0.68267E-02   0.65917E-02   0.63371E-02
 5945.38   0.67981E-02   0.65582E-02   0.63046E-02
 5958.99   0.67712E-02   0.65265E-02   0.62740E-02
 5972.59   0.67467E-02   0.64971E-02   0.62455E-02
 5986.20   0.67196E-02   0.64652E-02   0.62147E-02
 5999.80   0.66931E-02   0.64339E-02   0.61845E-02
 6013.41   0.66667E-02   0.64028E-02   0.61544E-02
 6027.01   0.66402E-02   0.63716E-02   0.61243E-02
 6040.62   0.66136E-02   0.63404E-02   0.60941E-02
 6054.22   0.65868E-02   0.63090E-02   0.60638E-02
 6067.83   0.65599E-02   0.62775E-02   0.60334E-02
 6081.43   0.65327E-02   0.62458E-02   0.60029E-02
 6095.04   0.65043E-02   0.62130E-02   0.59712E-02
 6108.64   0.64780E-02   0.61821E-02   0.59415E-02
 6122.25   0.64592E-02   0.61587E-02   0.59188E-02
 6135.85   0.64328E-02   0.61279E-02   0.58892E-02
 6149.46   0.64076E-02   0.60982E-02   0.58606E-02
 6163.06   0.63829E-02   0.60691E-02   0.58325E-02
 6176.67   0.63583E-02   0.60402E-02   0.58047E-02
 6190.27   0.63338E-02   0.60113E-02   0.57769E-02
 6203.88   0.63092E-02   0.59824E-02   0.57490E-02
 6217.48   0.62842E-02   0.59532E-02   0.57210E-02
 6231.09   0.62588E-02   0.59236E-02   0.56925E-02
 6244.69   0.62318E-02   0.58926E-02   0.56627E-02
 6258.30   0.62061E-02   0.58628E-02   0.56341E-02
 6271.90   0.61916E-02   0.58437E-02   0.56157E-02
 6285.51   0.61654E-02   0.58134E-02   0.55866E-02
 6299.11   0.61409E-02   0.57850E-02   0.55593E-02
 6312.72   0.61173E-02   0.57573E-02   0.55327E-02
 6326.32   0.60941E-02   0.57301E-02   0.55066E-02
 6339.93   0.60713E-02   0.57032E-02   0.54808E-02
 6353.53   0.60485E-02   0.56765E-02   0.54551E-02
 6367.14   0.60257E-02   0.56497E-02   0.54294E-02
 6380.74   0.60024E-02   0.56226E-02   0.54034E-02
 6394.35   0.59781E-02   0.55945E-02   0.53765E-02
 6407.95   0.59541E-02   0.55668E-02   0.53499E-02
 6421.56   0.59416E-02   0.55497E-02   0.53336E-02
 6435.16   0.59152E-02   0.55199E-02   0.53050E-02
 6448.77   0.58916E-02   0.54926E-02   0.52788E-02
 6462.37   0.58687E-02   0.54660E-02   0.52534E-02
 6475.98   0.58464E-02   0.54401E-02   0.52286E-02
 6489.58   0.58246E-02   0.54146E-02   0.52042E-02
 6503.19   0.58032E-02   0.53895E-02   0.51802E-02
 6516.79   0.57820E-02   0.53647E-02   0.51564E-02
 6530.40   0.57608E-02   0.53399E-02   0.51327E-02
 6544.00   0.57393E-02   0.53149E-02   0.51088E-02
 6557.61   0.57160E-02   0.52882E-02   0.50832E-02
 6571.21   0.56916E-02   0.52606E-02   0.50568E-02
 6584.82   0.56798E-02   0.52445E-02   0.50416E-02
 6598.42   0.56574E-02   0.52188E-02   0.50170E-02
 6612.03   0.56357E-02   0.51937E-02   0.49931E-02
 6625.63   0.56142E-02   0.51690E-02   0.49695E-02
 6639.24   0.55932E-02   0.51446E-02   0.49462E-02
 6652.84   0.55725E-02   0.51206E-02   0.49233E-02
 6666.45   0.55522E-02   0.50970E-02   0.49008E-02
 6680.05   0.55323E-02   0.50738E-02   0.48787E-02
 6693.66   0.55126E-02   0.50509E-02   0.48568E-02
 6707.26   0.54929E-02   0.50279E-02   0.48349E-02
 6720.87   0.54728E-02   0.50046E-02   0.48127E-02
 6734.47   0.54562E-02   0.49846E-02   0.47937E-02
 6748.08   0.54358E-02   0.49611E-02   0.47713E-02
 6761.68   0.54158E-02   0.49380E-02   0.47493E-02
 6775.29   0.53958E-02   0.49150E-02   0.47274E-02
 6788.89   0.53757E-02   0.48920E-02   0.47055E-02
 6802.50   0.53558E-02   0.48691E-02   0.46837E-02
 6816.10   0.53361E-02   0.48465E-02   0.46622E-02
 6829.71   0.53168E-02   0.48242E-02   0.46410E-02
 6843.31   0.52978E-02   0.48022E-02   0.46201E-02
 6856.92   0.52792E-02   0.47807E-02   0.45996E-02
 6870.52   0.52609E-02   0.47594E-02   0.45794E-02
 6884.13   0.52427E-02   0.47383E-02   0.45594E-02
 6897.73   0.52249E-02   0.47176E-02   0.45398E-02
 6911.34   0.52068E-02   0.46967E-02   0.45199E-02
 6924.94   0.51886E-02   0.46757E-02   0.45000E-02
 6938.55   0.51702E-02   0.46545E-02   0.44799E-02
 6952.15   0.51516E-02   0.46333E-02   0.44597E-02
 6965.76   0.51329E-02   0.46119E-02   0.44394E-02
 6979.36   0.51142E-02   0.45906E-02   0.44192E-02
 6992.97   0.50956E-02   0.45695E-02   0.43992E-02
 7006.57   0.50773E-02   0.45485E-02   0.43793E-02
 7020.18   0.50592E-02   0.45278E-02   0.43597E-02
 7033.78   0.50410E-02   0.45071E-02   0.43401E-02
 7047.39   0.50246E-02   0.44880E-02   0.43220E-02
 7060.99   0.50085E-02   0.44693E-02   0.43043E-02
 7074.60   0.49913E-02   0.44496E-02   0.42857E-02
 7088.20   0.49744E-02   0.44302E-02   0.42673E-02
 7101.81   0.49574E-02   0.44107E-02   0.42489E-02
 7115.41   0.49403E-02   0.43911E-02   0.42303E-02
 7129.02   0.49229E-02   0.43714E-02   0.42117E-02
 7142.62   0.49053E-02   0.43516E-02   0.41929E-02
 7156.23   0.48877E-02   0.43316E-02   0.41740E-02
 7169.83   0.48699E-02   0.43116E-02   0.41551E-02
 7183.44   0.48519E-02   0.42915E-02   0.41361E-02
 7197.04   0.48328E-02   0.42704E-02   0.41161E-02
 7210.65   0.48170E-02   0.42522E-02   0.40990E-02
 7224.25   0.48056E-02   0.42381E-02   0.40857E-02
 7237.86   0.47885E-02   0.42188E-02   0.40675E-02
 7251.46   0.47722E-02   0.42003E-02   0.40501E-02
 7265.07   0.47562E-02   0.41822E-02   0.40329E-02
 7278.67   0.47403E-02   0.41641E-02   0.40159E-02
 7292.28   0.47242E-02   0.41460E-02   0.39988E-02
 7305.88   0.47080E-02   0.41277E-02   0.39815E-02
 7319.49   0.46915E-02   0.41092E-02   0.39641E-02
 7333.09   0.46746E-02   0.40904E-02   0.39464E-02
 7346.70   0.46572E-02   0.40712E-02   0.39283E-02
 7360.30   0.46378E-02   0.40503E-02   0.39085E-02
 7373.91   0.46218E-02   0.40324E-02   0.38916E-02
 7387.51   0.46154E-02   0.40229E-02   0.38828E-02
 7401.12   0.45975E-02   0.40034E-02   0.38645E-02
 7414.72   0.45813E-02   0.39854E-02   0.38475E-02
 7428.33   0.45658E-02   0.39681E-02   0.38312E-02
 7441.93   0.45507E-02   0.39511E-02   0.38152E-02
 7455.54   0.45357E-02   0.39342E-02   0.37994E-02
 7469.14   0.45207E-02   0.39174E-02   0.37836E-02
 7482.75   0.45055E-02   0.39005E-02   0.37676E-02
 7496.35   0.44900E-02   0.38833E-02   0.37515E-02
 7509.96   0.44738E-02   0.38656E-02   0.37348E-02
 7523.56   0.44561E-02   0.38465E-02   0.37168E-02
 7537.17   0.44401E-02   0.38290E-02   0.37004E-02
 7550.77   0.44365E-02   0.38223E-02   0.36943E-02
 7564.38   0.44176E-02   0.38023E-02   0.36754E-02
 7577.98   0.44013E-02   0.37847E-02   0.36588E-02
 7591.59   0.43859E-02   0.37678E-02   0.36430E-02
 7605.19   0.43710E-02   0.37514E-02   0.36276E-02
 7618.80   0.43566E-02   0.37354E-02   0.36126E-02
 7632.40   0.43424E-02   0.37196E-02   0.35978E-02
 7646.01   0.43283E-02   0.37040E-02   0.35831E-02
 7659.61   0.43141E-02   0.36884E-02   0.35685E-02
 7673.22   0.42996E-02   0.36725E-02   0.35536E-02
 7686.82   0.42843E-02   0.36559E-02   0.35380E-02
 7700.43   0.42643E-02   0.36354E-02   0.35186E-02
 7714.03   0.42681E-02   0.36351E-02   0.35189E-02
 7727.64   0.42469E-02   0.36137E-02   0.34986E-02
 7741.24   0.42310E-02   0.35967E-02   0.34826E-02
 7754.85   0.42159E-02   0.35805E-02   0.34674E-02
 7768.45   0.42012E-02   0.35646E-02   0.34525E-02
 7782.06   0.41868E-02   0.35491E-02   0.34380E-02
 7795.66   0.41729E-02   0.35340E-02   0.34238E-02
 7809.27   0.41593E-02   0.35191E-02   0.34099E-02
 7822.87   0.41459E-02   0.35045E-02   0.33963E-02
 7836.48   0.41326E-02   0.34900E-02   0.33827E-02
 7850.08   0.41193E-02   0.34755E-02   0.33691E-02
 7863.69   0.41051E-02   0.34603E-02   0.33549E-02
 7877.29   0.40907E-02   0.34449E-02   0.33405E-02
 7890.90   0.40832E-02   0.34354E-02   0.33318E-02
 7904.50   0.40683E-02   0.34197E-02   0.33171E-02
 7918.11   0.40541E-02   0.34046E-02   0.33029E-02
 7931.71   0.40401E-02   0.33897E-02   0.32889E-02
 7945.32   0.40261E-02   0.33748E-02   0.32751E-02
 7958.92   0.40123E-02   0.33602E-02   0.32614E-02
 7972.53   0.39988E-02   0.33458E-02   0.32479E-02
 7986.13   0.39856E-02   0.33316E-02   0.32347E-02
 7999.74   0.39727E-02   0.33178E-02   0.32218E-02
 8013.34   0.39600E-02   0.33042E-02   0.32091E-02
 8026.95   0.39476E-02   0.32908E-02   0.31966E-02
 8040.55   0.39349E-02   0.32773E-02   0.31840E-02
 8054.16   0.39217E-02   0.32633E-02   0.31709E-02
 8067.76   0.39114E-02   0.32517E-02   0.31603E-02
 8081.37   0.38987E-02   0.32383E-02   0.31477E-02
 8094.97   0.38859E-02   0.32247E-02   0.31350E-02
 8108.58   0.38730E-02   0.32111E-02   0.31223E-02
 8122.18   0.38598E-02   0.31973E-02   0.31095E-02
 8135.79   0.38467E-02   0.31835E-02   0.30966E-02
 8149.39   0.38336E-02   0.31699E-02   0.30838E-02
 8163.00   0.38206E-02   0.31563E-02   0.30712E-02
 8176.60   0.38079E-02   0.31430E-02   0.30588E-02
 8190.21   0.37955E-02   0.31300E-02   0.30467E-02
 8203.81   0.37834E-02   0.31172E-02   0.30348E-02
 8217.42   0.37711E-02   0.31043E-02   0.30228E-02
 8231.02   0.37608E-02   0.30932E-02   0.30124E-02
 8244.63   0.37488E-02   0.30806E-02   0.30007E-02
 8258.23   0.37372E-02   0.30683E-02   0.29893E-02
 8271.84   0.37254E-02   0.30560E-02   0.29779E-02
 8285.44   0.37135E-02   0.30435E-02   0.29663E-02
 8299.05   0.37014E-02   0.30309E-02   0.29545E-02
 8312.65   0.36890E-02   0.30182E-02   0.29427E-02
 8326.26   0.36765E-02   0.30053E-02   0.29307E-02
 8339.86   0.36639E-02   0.29925E-02   0.29187E-02
 8353.47   0.36514E-02   0.29797E-02   0.29068E-02
 8367.07   0.36389E-02   0.29669E-02   0.28949E-02
 8380.68   0.36263E-02   0.29541E-02   0.28829E-02
 8394.28   0.36119E-02   0.29399E-02   0.28696E-02
 8407.89   0.36083E-02   0.29344E-02   0.28648E-02
 8421.49   0.35948E-02   0.29210E-02   0.28523E-02
 8435.10   0.35833E-02   0.29091E-02   0.28413E-02
 8448.70   0.35721E-02   0.28976E-02   0.28306E-02
 8462.31   0.35610E-02   0.28862E-02   0.28200E-02
 8475.91   0.35497E-02   0.28746E-02   0.28093E-02
 8489.52   0.35383E-02   0.28630E-02   0.27985E-02
 8503.12   0.35267E-02   0.28512E-02   0.27875E-02
 8516.73   0.35147E-02   0.28392E-02   0.27763E-02
 8530.33   0.35026E-02   0.28270E-02   0.27650E-02
 8543.94   0.34901E-02   0.28146E-02   0.27535E-02
 8557.54   0.34770E-02   0.28018E-02   0.27414E-02
 8571.15   0.34591E-02   0.27850E-02   0.27256E-02
 8584.75   0.34665E-02   0.27887E-02   0.27298E-02
 8598.36   0.34490E-02   0.27724E-02   0.27144E-02
 8611.96   0.34369E-02   0.27604E-02   0.27032E-02
 8625.57   0.34257E-02   0.27492E-02   0.26928E-02
 8639.17   0.34150E-02   0.27384E-02   0.26828E-02
 8652.78   0.34044E-02   0.27277E-02   0.26729E-02
 8666.38   0.33937E-02   0.27170E-02   0.26630E-02
 8679.99   0.33830E-02   0.27062E-02   0.26530E-02
 8693.59   0.33720E-02   0.26953E-02   0.26429E-02
 8707.20   0.33607E-02   0.26841E-02   0.26325E-02
 8720.80   0.33489E-02   0.26726E-02   0.26217E-02
 8734.41   0.33362E-02   0.26604E-02   0.26103E-02
 8748.01   0.33194E-02   0.26449E-02   0.25957E-02
 8761.62   0.33097E-02   0.26351E-02   0.25867E-02
 8775.22   0.33112E-02   0.26342E-02   0.25864E-02
 8788.83   0.32980E-02   0.26217E-02   0.25747E-02
 8802.43   0.32864E-02   0.26105E-02   0.25643E-02
 8816.04   0.32756E-02   0.25999E-02   0.25544E-02
 8829.64   0.32651E-02   0.25896E-02   0.25449E-02
 8843.25   0.32549E-02   0.25795E-02   0.25356E-02
 8856.85   0.32448E-02   0.25696E-02   0.25264E-02
 8870.46   0.32347E-02   0.25597E-02   0.25172E-02
 8884.06   0.32244E-02   0.25496E-02   0.25079E-02
 8897.67   0.32137E-02   0.25393E-02   0.24983E-02
 8911.27   0.32024E-02   0.25284E-02   0.24882E-02
 8924.88   0.31889E-02   0.25159E-02   0.24764E-02
 8938.48   0.31781E-02   0.25056E-02   0.24668E-02
 8952.09   0.31800E-02   0.25052E-02   0.24671E-02
 8965.69   0.31658E-02   0.24922E-02   0.24548E-02
 8979.30   0.31539E-02   0.24811E-02   0.24445E-02
 8992.90   0.31428E-02   0.24705E-02   0.24347E-02
 9006.51   0.31322E-02   0.24604E-02   0.24253E-02
 9020.11   0.31219E-02   0.24506E-02   0.24162E-02
 9033.72   0.31120E-02   0.24411E-02   0.24074E-02
 9047.32   0.31023E-02   0.24317E-02   0.23987E-02
 9060.93   0.30927E-02   0.24225E-02   0.23902E-02
 9074.53   0.30830E-02   0.24132E-02   0.23817E-02
 9088.14   0.30732E-02   0.24038E-02   0.23730E-02
 9101.74   0.30625E-02   0.23939E-02   0.23637E-02
 9115.35   0.30476E-02   0.23805E-02   0.23511E-02
 9128.95   0.30546E-02   0.23844E-02   0.23556E-02
 9142.56   0.30384E-02   0.23701E-02   0.23419E-02
 9156.16   0.30269E-02   0.23595E-02   0.23321E-02
 9169.77   0.30161E-02   0.23495E-02   0.23228E-02
 9183.37   0.30055E-02   0.23397E-02   0.23136E-02
 9196.98   0.29952E-02   0.23301E-02   0.23047E-02
 9210.58   0.29851E-02   0.23207E-02   0.22960E-02
 9224.19   0.29753E-02   0.23115E-02   0.22875E-02
 9237.79   0.29658E-02   0.23026E-02   0.22793E-02
 9251.40   0.29565E-02   0.22939E-02   0.22713E-02
 9265.00   0.29474E-02   0.22854E-02   0.22634E-02
 9278.61   0.29382E-02   0.22768E-02   0.22555E-02
 9292.21   0.29287E-02   0.22680E-02   0.22473E-02
 9305.82   0.29190E-02   0.22590E-02   0.22390E-02
 9319.42   0.29139E-02   0.22537E-02   0.22343E-02
 9333.03   0.29036E-02   0.22443E-02   0.22255E-02
 9346.63   0.28938E-02   0.22353E-02   0.22172E-02
 9360.24   0.28839E-02   0.22263E-02   0.22088E-02
 9373.84   0.28740E-02   0.22172E-02   0.22004E-02
 9387.45   0.28640E-02   0.22082E-02   0.21920E-02
 9401.05   0.28542E-02   0.21993E-02   0.21837E-02
 9414.66   0.28445E-02   0.21905E-02   0.21756E-02
 9428.26   0.28350E-02   0.21819E-02   0.21676E-02
 9441.87   0.28258E-02   0.21735E-02   0.21599E-02
 9455.47   0.28169E-02   0.21653E-02   0.21523E-02
 9469.08   0.28081E-02   0.21573E-02   0.21450E-02
 9482.68   0.27994E-02   0.21494E-02   0.21377E-02
 9496.29   0.27909E-02   0.21416E-02   0.21304E-02
 9509.89   0.27831E-02   0.21344E-02   0.21238E-02
 9523.50   0.27744E-02   0.21265E-02   0.21166E-02
 9537.10   0.27657E-02   0.21186E-02   0.21093E-02
 9550.71   0.27567E-02   0.21106E-02   0.21018E-02
 9564.31   0.27476E-02   0.21024E-02   0.20943E-02
 9577.92   0.27383E-02   0.20941E-02   0.20865E-02
 9591.52   0.27288E-02   0.20857E-02   0.20788E-02
 9605.13   0.27193E-02   0.20773E-02   0.20710E-02
 9618.73   0.27099E-02   0.20690E-02   0.20632E-02
 9632.34   0.27006E-02   0.20608E-02   0.20556E-02
 9645.94   0.26915E-02   0.20527E-02   0.20482E-02
 9659.55   0.26825E-02   0.20448E-02   0.20408E-02
 9673.15   0.26731E-02   0.20366E-02   0.20333E-02
 9686.76   0.26662E-02   0.20303E-02   0.20275E-02
 9700.36   0.26591E-02   0.20238E-02   0.20215E-02
 9713.97   0.26506E-02   0.20163E-02   0.20146E-02
 9727.57   0.26424E-02   0.20091E-02   0.20079E-02
 9741.18   0.26341E-02   0.20018E-02   0.20012E-02
 9754.78   0.26258E-02   0.19944E-02   0.19944E-02
 9768.39   0.26172E-02   0.19869E-02   0.19874E-02
 9781.99   0.26084E-02   0.19792E-02   0.19803E-02
 9795.60   0.25994E-02   0.19715E-02   0.19731E-02
 9809.20   0.25902E-02   0.19636E-02   0.19658E-02
 9822.81   0.25809E-02   0.19556E-02   0.19583E-02
 9836.41   0.25716E-02   0.19476E-02   0.19509E-02
 9850.02   0.25620E-02   0.19394E-02   0.19433E-02
 9863.62   0.25508E-02   0.19301E-02   0.19345E-02
 9877.23   0.25449E-02   0.19248E-02   0.19297E-02
 9890.83   0.25418E-02   0.19215E-02   0.19269E-02
 9904.44   0.25324E-02   0.19136E-02   0.19195E-02
 9918.04   0.25241E-02   0.19064E-02   0.19129E-02
 9931.65   0.25161E-02   0.18996E-02   0.19066E-02
 9945.25   0.25082E-02   0.18928E-02   0.19003E-02
 9958.86   0.25002E-02   0.18860E-02   0.18941E-02
 9972.46   0.24922E-02   0.18791E-02   0.18877E-02
 9986.07   0.24839E-02   0.18721E-02   0.18812E-02
 9999.67   0.24753E-02   0.18648E-02   0.18744E-02
