  666.64   0.22013E+00   0.22757E+00   0.21883E+00
  680.25   0.21648E+00   0.22382E+00   0.21524E+00
  693.85   0.21291E+00   0.22016E+00   0.21174E+00
  707.46   0.20941E+00   0.21657E+00   0.20830E+00
  721.06   0.20600E+00   0.21306E+00   0.20493E+00
  734.67   0.20263E+00   0.20959E+00   0.20161E+00
  748.27   0.19935E+00   0.20622E+00   0.19837E+00
  761.88   0.19613E+00   0.20290E+00   0.19519E+00
  775.48   0.19299E+00   0.19967E+00   0.19208E+00
  789.09   0.18990E+00   0.19648E+00   0.18903E+00
  802.69   0.18690E+00   0.19339E+00   0.18605E+00
  816.30   0.18396E+00   0.19035E+00   0.18313E+00
  829.90   0.18109E+00   0.18738E+00   0.18027E+00
  843.51   0.17826E+00   0.18446E+00   0.17746E+00
  857.11   0.17551E+00   0.18162E+00   0.17472E+00
  870.72   0.17281E+00   0.17882E+00   0.17203E+00
  884.32   0.17017E+00   0.17608E+00   0.16939E+00
  897.93   0.16757E+00   0.17339E+00   0.16679E+00
  911.53   0.16503E+00   0.17076E+00   0.16425E+00
  925.14   0.16254E+00   0.16817E+00   0.16176E+00
  938.74   0.16010E+00   0.16564E+00   0.15931E+00
  952.35   0.15770E+00   0.16315E+00   0.15691E+00
  965.95   0.15536E+00   0.16071E+00   0.15456E+00
  979.56   0.15306E+00   0.15832E+00   0.15225E+00
  993.16   0.15082E+00   0.15598E+00   0.14999E+00
 1006.77   0.14862E+00   0.15369E+00   0.14778E+00
 1020.37   0.14645E+00   0.15144E+00   0.14560E+00
 1033.98   0.14434E+00   0.14923E+00   0.14347E+00
 1047.58   0.14227E+00   0.14707E+00   0.14138E+00
 1061.19   0.14024E+00   0.14496E+00   0.13934E+00
 1074.79   0.13826E+00   0.14288E+00   0.13733E+00
 1088.40   0.13630E+00   0.14084E+00   0.13535E+00
 1102.00   0.13439E+00   0.13883E+00   0.13341E+00
 1115.61   0.13251E+00   0.13687E+00   0.13151E+00
 1129.21   0.13067E+00   0.13494E+00   0.12965E+00
 1142.82   0.12885E+00   0.13303E+00   0.12780E+00
 1156.42   0.12708E+00   0.13118E+00   0.12601E+00
 1170.03   0.12534E+00   0.12935E+00   0.12424E+00
 1183.63   0.12363E+00   0.12756E+00   0.12251E+00
 1197.24   0.12196E+00   0.12580E+00   0.12080E+00
 1210.84   0.12031E+00   0.12407E+00   0.11912E+00
 1224.45   0.11870E+00   0.12238E+00   0.11749E+00
 1238.05   0.11712E+00   0.12071E+00   0.11588E+00
 1251.66   0.11556E+00   0.11908E+00   0.11429E+00
 1265.26   0.11404E+00   0.11747E+00   0.11274E+00
 1278.87   0.11254E+00   0.11589E+00   0.11121E+00
 1292.47   0.11108E+00   0.11435E+00   0.10972E+00
 1306.08   0.10964E+00   0.11283E+00   0.10825E+00
 1319.68   0.10822E+00   0.11134E+00   0.10680E+00
 1333.29   0.10683E+00   0.10987E+00   0.10538E+00
 1346.89   0.10547E+00   0.10842E+00   0.10398E+00
 1360.50   0.10412E+00   0.10701E+00   0.10261E+00
 1374.10   0.10281E+00   0.10562E+00   0.10126E+00
 1387.71   0.10151E+00   0.10425E+00   0.99937E-01
 1401.31   0.10024E+00   0.10290E+00   0.98634E-01
 1414.92   0.98991E-01   0.10157E+00   0.97352E-01
 1428.52   0.97762E-01   0.10027E+00   0.96091E-01
 1442.13   0.96555E-01   0.98992E-01   0.94853E-01
 1455.73   0.95370E-01   0.97735E-01   0.93637E-01
 1469.34   0.94205E-01   0.96499E-01   0.92441E-01
 1482.94   0.93061E-01   0.95283E-01   0.91265E-01
 1496.55   0.91934E-01   0.94087E-01   0.90108E-01
 1510.15   0.90828E-01   0.92911E-01   0.88971E-01
 1523.76   0.89741E-01   0.91755E-01   0.87853E-01
 1537.36   0.88673E-01   0.90619E-01   0.86755E-01
 1550.97   0.87623E-01   0.89502E-01   0.85675E-01
 1564.57   0.86591E-01   0.88403E-01   0.84612E-01
 1578.18   0.85573E-01   0.87319E-01   0.83565E-01
 1591.78   0.84574E-01   0.86254E-01   0.82536E-01
 1605.39   0.83591E-01   0.85206E-01   0.81523E-01
 1618.99   0.82624E-01   0.84175E-01   0.80527E-01
 1632.60   0.81673E-01   0.83162E-01   0.79547E-01
 1646.20   0.80735E-01   0.82160E-01   0.78580E-01
 1659.81   0.79815E-01   0.81177E-01   0.77631E-01
 1673.41   0.78908E-01   0.80209E-01   0.76696E-01
 1687.02   0.78016E-01   0.79256E-01   0.75776E-01
 1700.62   0.77138E-01   0.78317E-01   0.74870E-01
 1714.23   0.76275E-01   0.77395E-01   0.73980E-01
 1727.83   0.75422E-01   0.76483E-01   0.73101E-01
 1741.44   0.74586E-01   0.75589E-01   0.72238E-01
 1755.04   0.73763E-01   0.74707E-01   0.71388E-01
 1768.65   0.72952E-01   0.73839E-01   0.70551E-01
 1782.25   0.72154E-01   0.72985E-01   0.69727E-01
 1795.86   0.71369E-01   0.72144E-01   0.68916E-01
 1809.46   0.70594E-01   0.71314E-01   0.68117E-01
 1823.07   0.69833E-01   0.70498E-01   0.67331E-01
 1836.67   0.69084E-01   0.69695E-01   0.66556E-01
 1850.28   0.68345E-01   0.68903E-01   0.65793E-01
 1863.88   0.67618E-01   0.68122E-01   0.65042E-01
 1877.49   0.66901E-01   0.67353E-01   0.64302E-01
 1891.09   0.66195E-01   0.66596E-01   0.63573E-01
 1904.70   0.65500E-01   0.65849E-01   0.62854E-01
 1918.30   0.64815E-01   0.65114E-01   0.62146E-01
 1931.91   0.64140E-01   0.64388E-01   0.61449E-01
 1945.51   0.63474E-01   0.63674E-01   0.60762E-01
 1959.12   0.62819E-01   0.62969E-01   0.60084E-01
 1972.72   0.62173E-01   0.62275E-01   0.59417E-01
 1986.33   0.61536E-01   0.61590E-01   0.58759E-01
 1999.93   0.60908E-01   0.60916E-01   0.58111E-01
 2013.54   0.60290E-01   0.60251E-01   0.57473E-01
 2027.14   0.59680E-01   0.59595E-01   0.56843E-01
 2040.75   0.59079E-01   0.58949E-01   0.56222E-01
 2054.35   0.58487E-01   0.58312E-01   0.55611E-01
 2067.96   0.57903E-01   0.57684E-01   0.55009E-01
 2081.56   0.57328E-01   0.57065E-01   0.54415E-01
 2095.17   0.56760E-01   0.56454E-01   0.53829E-01
 2108.77   0.56201E-01   0.55852E-01   0.53252E-01
 2122.38   0.55649E-01   0.55258E-01   0.52683E-01
 2135.98   0.55105E-01   0.54672E-01   0.52121E-01
 2149.59   0.54569E-01   0.54096E-01   0.51569E-01
 2163.19   0.54040E-01   0.53526E-01   0.51023E-01
 2176.80   0.53518E-01   0.52964E-01   0.50485E-01
 2190.40   0.53003E-01   0.52410E-01   0.49954E-01
 2204.01   0.52495E-01   0.51863E-01   0.49431E-01
 2217.61   0.51993E-01   0.51323E-01   0.48914E-01
 2231.22   0.51498E-01   0.50789E-01   0.48404E-01
 2244.82   0.51012E-01   0.50266E-01   0.47903E-01
 2258.43   0.50530E-01   0.49747E-01   0.47407E-01
 2272.03   0.50054E-01   0.49235E-01   0.46918E-01
 2285.64   0.49586E-01   0.48731E-01   0.46436E-01
 2299.24   0.49123E-01   0.48232E-01   0.45960E-01
 2312.85   0.48666E-01   0.47740E-01   0.45490E-01
 2326.45   0.48212E-01   0.47252E-01   0.45024E-01
 2340.06   0.47771E-01   0.46777E-01   0.44571E-01
 2353.66   0.47331E-01   0.46304E-01   0.44119E-01
 2367.27   0.46898E-01   0.45837E-01   0.43674E-01
 2380.87   0.46470E-01   0.45377E-01   0.43235E-01
 2394.48   0.46048E-01   0.44923E-01   0.42802E-01
 2408.08   0.45630E-01   0.44474E-01   0.42374E-01
 2421.69   0.45218E-01   0.44030E-01   0.41951E-01
 2435.29   0.44813E-01   0.43595E-01   0.41537E-01
 2448.90   0.44411E-01   0.43163E-01   0.41125E-01
 2462.50   0.44015E-01   0.42737E-01   0.40719E-01
 2476.11   0.43623E-01   0.42316E-01   0.40319E-01
 2489.71   0.43237E-01   0.41901E-01   0.39924E-01
 2503.32   0.42855E-01   0.41491E-01   0.39534E-01
 2516.92   0.42477E-01   0.41084E-01   0.39147E-01
 2530.53   0.42107E-01   0.40686E-01   0.38769E-01
 2544.13   0.41738E-01   0.40291E-01   0.38393E-01
 2557.74   0.41374E-01   0.39900E-01   0.38022E-01
 2571.34   0.41015E-01   0.39514E-01   0.37655E-01
 2584.95   0.40660E-01   0.39134E-01   0.37294E-01
 2598.55   0.40310E-01   0.38758E-01   0.36937E-01
 2612.16   0.39963E-01   0.38386E-01   0.36584E-01
 2625.76   0.39622E-01   0.38020E-01   0.36237E-01
 2639.37   0.39283E-01   0.37658E-01   0.35893E-01
 2652.97   0.38949E-01   0.37299E-01   0.35553E-01
 2666.58   0.38618E-01   0.36945E-01   0.35217E-01
 2680.18   0.38291E-01   0.36595E-01   0.34886E-01
 2693.79   0.37968E-01   0.36250E-01   0.34558E-01
 2707.39   0.37649E-01   0.35908E-01   0.34235E-01
 2721.00   0.37335E-01   0.35572E-01   0.33917E-01
 2734.60   0.37023E-01   0.35239E-01   0.33602E-01
 2748.21   0.36716E-01   0.34910E-01   0.33290E-01
 2761.81   0.36411E-01   0.34585E-01   0.32982E-01
 2775.42   0.36110E-01   0.34263E-01   0.32678E-01
 2789.02   0.35811E-01   0.33945E-01   0.32377E-01
 2802.63   0.35517E-01   0.33631E-01   0.32080E-01
 2816.23   0.35226E-01   0.33321E-01   0.31787E-01
 2829.84   0.34940E-01   0.33016E-01   0.31499E-01
 2843.44   0.34655E-01   0.32713E-01   0.31212E-01
 2857.05   0.34374E-01   0.32414E-01   0.30930E-01
 2870.65   0.34096E-01   0.32118E-01   0.30650E-01
 2884.26   0.33820E-01   0.31825E-01   0.30374E-01
 2897.86   0.33547E-01   0.31535E-01   0.30100E-01
 2911.47   0.33276E-01   0.31247E-01   0.29828E-01
 2925.07   0.33015E-01   0.30969E-01   0.29566E-01
 2938.68   0.32750E-01   0.30688E-01   0.29301E-01
 2952.28   0.32489E-01   0.30411E-01   0.29041E-01
 2965.89   0.32232E-01   0.30139E-01   0.28784E-01
 2979.49   0.31977E-01   0.29869E-01   0.28529E-01
 2993.10   0.31724E-01   0.29601E-01   0.28277E-01
 3006.70   0.31474E-01   0.29336E-01   0.28028E-01
 3020.31   0.31224E-01   0.29073E-01   0.27780E-01
 3033.91   0.30985E-01   0.28820E-01   0.27542E-01
 3047.52   0.30742E-01   0.28563E-01   0.27300E-01
 3061.12   0.30502E-01   0.28310E-01   0.27062E-01
 3074.73   0.30265E-01   0.28061E-01   0.26828E-01
 3088.33   0.30031E-01   0.27814E-01   0.26596E-01
 3101.94   0.29800E-01   0.27570E-01   0.26366E-01
 3115.54   0.29570E-01   0.27328E-01   0.26139E-01
 3129.15   0.29340E-01   0.27087E-01   0.25912E-01
 3142.75   0.29121E-01   0.26856E-01   0.25695E-01
 3156.36   0.28897E-01   0.26621E-01   0.25475E-01
 3169.96   0.28676E-01   0.26390E-01   0.25257E-01
 3183.57   0.28457E-01   0.26161E-01   0.25042E-01
 3197.17   0.28242E-01   0.25935E-01   0.24831E-01
 3210.78   0.28029E-01   0.25712E-01   0.24621E-01
 3224.38   0.27817E-01   0.25491E-01   0.24414E-01
 3237.99   0.27606E-01   0.25271E-01   0.24207E-01
 3251.59   0.27403E-01   0.25058E-01   0.24008E-01
 3265.20   0.27196E-01   0.24843E-01   0.23806E-01
 3278.80   0.26992E-01   0.24630E-01   0.23607E-01
 3292.41   0.26790E-01   0.24420E-01   0.23410E-01
 3306.01   0.26591E-01   0.24213E-01   0.23215E-01
 3319.62   0.26394E-01   0.24008E-01   0.23023E-01
 3333.22   0.26198E-01   0.23805E-01   0.22834E-01
 3346.83   0.26005E-01   0.23604E-01   0.22646E-01
 3360.43   0.25815E-01   0.23407E-01   0.22461E-01
 3374.04   0.25625E-01   0.23210E-01   0.22277E-01
 3387.64   0.25436E-01   0.23015E-01   0.22094E-01
 3401.25   0.25249E-01   0.22822E-01   0.21914E-01
 3414.85   0.25064E-01   0.22631E-01   0.21735E-01
 3428.46   0.24881E-01   0.22442E-01   0.21558E-01
 3442.06   0.24700E-01   0.22256E-01   0.21384E-01
 3455.67   0.24521E-01   0.22071E-01   0.21212E-01
 3469.27   0.24344E-01   0.21889E-01   0.21042E-01
 3482.88   0.24168E-01   0.21709E-01   0.20873E-01
 3496.48   0.23994E-01   0.21530E-01   0.20706E-01
 3510.09   0.23821E-01   0.21353E-01   0.20540E-01
 3523.69   0.23650E-01   0.21177E-01   0.20376E-01
 3537.30   0.23479E-01   0.21003E-01   0.20214E-01
 3550.90   0.23311E-01   0.20831E-01   0.20053E-01
 3564.51   0.23143E-01   0.20660E-01   0.19894E-01
 3578.11   0.22978E-01   0.20492E-01   0.19737E-01
 3591.72   0.22817E-01   0.20327E-01   0.19583E-01
 3605.32   0.22655E-01   0.20163E-01   0.19429E-01
 3618.93   0.22495E-01   0.20000E-01   0.19277E-01
 3632.53   0.22336E-01   0.19838E-01   0.19127E-01
 3646.14   0.22178E-01   0.19678E-01   0.18977E-01
 3659.74   0.22021E-01   0.19519E-01   0.18829E-01
 3673.35   0.21864E-01   0.19361E-01   0.18682E-01
 3686.95   0.21708E-01   0.19203E-01   0.18535E-01
 3700.56   0.21563E-01   0.19056E-01   0.18398E-01
 3714.16   0.21410E-01   0.18902E-01   0.18254E-01
 3727.77   0.21260E-01   0.18752E-01   0.18114E-01
 3741.37   0.21112E-01   0.18603E-01   0.17975E-01
 3754.98   0.20965E-01   0.18455E-01   0.17838E-01
 3768.58   0.20819E-01   0.18309E-01   0.17701E-01
 3782.19   0.20674E-01   0.18164E-01   0.17566E-01
 3795.79   0.20529E-01   0.18019E-01   0.17431E-01
 3809.40   0.20384E-01   0.17875E-01   0.17297E-01
 3823.00   0.20251E-01   0.17740E-01   0.17172E-01
 3836.61   0.20109E-01   0.17599E-01   0.17041E-01
 3850.21   0.19970E-01   0.17461E-01   0.16912E-01
 3863.82   0.19833E-01   0.17325E-01   0.16785E-01
 3877.42   0.19697E-01   0.17190E-01   0.16660E-01
 3891.03   0.19562E-01   0.17056E-01   0.16535E-01
 3904.63   0.19428E-01   0.16923E-01   0.16412E-01
 3918.24   0.19293E-01   0.16790E-01   0.16288E-01
 3931.84   0.19158E-01   0.16657E-01   0.16164E-01
 3945.45   0.19036E-01   0.16536E-01   0.16051E-01
 3959.05   0.18904E-01   0.16406E-01   0.15931E-01
 3972.66   0.18775E-01   0.16279E-01   0.15813E-01
 3986.26   0.18647E-01   0.16154E-01   0.15696E-01
 3999.87   0.18521E-01   0.16030E-01   0.15581E-01
 4013.47   0.18396E-01   0.15908E-01   0.15468E-01
 4027.08   0.18272E-01   0.15787E-01   0.15355E-01
 4040.68   0.18148E-01   0.15665E-01   0.15242E-01
 4054.29   0.18022E-01   0.15543E-01   0.15128E-01
 4067.89   0.17908E-01   0.15431E-01   0.15025E-01
 4081.50   0.17786E-01   0.15313E-01   0.14914E-01
 4095.10   0.17666E-01   0.15196E-01   0.14806E-01
 4108.71   0.17547E-01   0.15081E-01   0.14698E-01
 4122.31   0.17429E-01   0.14967E-01   0.14593E-01
 4135.92   0.17312E-01   0.14854E-01   0.14488E-01
 4149.52   0.17197E-01   0.14743E-01   0.14385E-01
 4163.13   0.17082E-01   0.14632E-01   0.14282E-01
 4176.73   0.16968E-01   0.14522E-01   0.14179E-01
 4190.34   0.16858E-01   0.14416E-01   0.14081E-01
 4203.94   0.16745E-01   0.14308E-01   0.13981E-01
 4217.55   0.16633E-01   0.14201E-01   0.13881E-01
 4231.15   0.16522E-01   0.14094E-01   0.13782E-01
 4244.76   0.16412E-01   0.13989E-01   0.13685E-01
 4258.36   0.16303E-01   0.13885E-01   0.13588E-01
 4271.97   0.16195E-01   0.13783E-01   0.13493E-01
 4285.57   0.16088E-01   0.13681E-01   0.13398E-01
 4299.18   0.15983E-01   0.13581E-01   0.13305E-01
 4312.78   0.15878E-01   0.13482E-01   0.13213E-01
 4326.39   0.15774E-01   0.13383E-01   0.13122E-01
 4339.99   0.15670E-01   0.13285E-01   0.13030E-01
 4353.60   0.15567E-01   0.13187E-01   0.12940E-01
 4367.20   0.15464E-01   0.13091E-01   0.12850E-01
 4380.81   0.15362E-01   0.12994E-01   0.12761E-01
 4394.41   0.15260E-01   0.12899E-01   0.12672E-01
 4408.02   0.15160E-01   0.12805E-01   0.12585E-01
 4421.62   0.15061E-01   0.12712E-01   0.12498E-01
 4435.23   0.14964E-01   0.12622E-01   0.12415E-01
 4448.83   0.14866E-01   0.12531E-01   0.12330E-01
 4462.44   0.14770E-01   0.12441E-01   0.12246E-01
 4476.04   0.14674E-01   0.12351E-01   0.12163E-01
 4489.65   0.14578E-01   0.12262E-01   0.12081E-01
 4503.25   0.14482E-01   0.12174E-01   0.11998E-01
 4516.86   0.14387E-01   0.12086E-01   0.11917E-01
 4530.46   0.14293E-01   0.11999E-01   0.11836E-01
 4544.07   0.14199E-01   0.11912E-01   0.11755E-01
 4557.67   0.14106E-01   0.11827E-01   0.11676E-01
 4571.28   0.14019E-01   0.11746E-01   0.11601E-01
 4584.88   0.13927E-01   0.11662E-01   0.11522E-01
 4598.49   0.13837E-01   0.11580E-01   0.11446E-01
 4612.09   0.13748E-01   0.11498E-01   0.11370E-01
 4625.70   0.13659E-01   0.11417E-01   0.11294E-01
 4639.30   0.13570E-01   0.11336E-01   0.11219E-01
 4652.91   0.13482E-01   0.11256E-01   0.11145E-01
 4666.51   0.13393E-01   0.11175E-01   0.11070E-01
 4680.12   0.13304E-01   0.11094E-01   0.10995E-01
 4693.72   0.13215E-01   0.11014E-01   0.10919E-01
 4707.33   0.13139E-01   0.10944E-01   0.10855E-01
 4720.93   0.13053E-01   0.10867E-01   0.10783E-01
 4734.54   0.12969E-01   0.10791E-01   0.10713E-01
 4748.14   0.12885E-01   0.10716E-01   0.10643E-01
 4761.75   0.12803E-01   0.10642E-01   0.10574E-01
 4775.35   0.12720E-01   0.10568E-01   0.10505E-01
 4788.96   0.12638E-01   0.10495E-01   0.10437E-01
 4802.56   0.12556E-01   0.10421E-01   0.10368E-01
 4816.17   0.12471E-01   0.10346E-01   0.10297E-01
 4829.77   0.12406E-01   0.10287E-01   0.10244E-01
 4843.38   0.12319E-01   0.10210E-01   0.10172E-01
 4856.98   0.12238E-01   0.10139E-01   0.10105E-01
 4870.59   0.12159E-01   0.10069E-01   0.10040E-01
 4884.19   0.12081E-01   0.99998E-02   0.99757E-02
 4897.80   0.12004E-01   0.99318E-02   0.99123E-02
 4911.40   0.11928E-01   0.98643E-02   0.98495E-02
 4925.01   0.11851E-01   0.97972E-02   0.97869E-02
 4938.61   0.11775E-01   0.97300E-02   0.97242E-02
 4952.22   0.11695E-01   0.96604E-02   0.96591E-02
 4965.82   0.11633E-01   0.96058E-02   0.96089E-02
 4979.43   0.11553E-01   0.95363E-02   0.95437E-02
 4993.03   0.11478E-01   0.94706E-02   0.94823E-02
 5006.64   0.11404E-01   0.94060E-02   0.94220E-02
 5020.24   0.11331E-01   0.93423E-02   0.93625E-02
 5033.85   0.11258E-01   0.92796E-02   0.93039E-02
 5047.45   0.11187E-01   0.92176E-02   0.92460E-02
 5061.06   0.11115E-01   0.91561E-02   0.91887E-02
 5074.66   0.11045E-01   0.90950E-02   0.91316E-02
 5088.27   0.10973E-01   0.90330E-02   0.90735E-02
 5101.87   0.10911E-01   0.89794E-02   0.90240E-02
 5115.48   0.10837E-01   0.89167E-02   0.89651E-02
 5129.08   0.10767E-01   0.88566E-02   0.89089E-02
 5142.69   0.10698E-01   0.87972E-02   0.88532E-02
 5156.29   0.10629E-01   0.87384E-02   0.87982E-02
 5169.90   0.10561E-01   0.86803E-02   0.87438E-02
 5183.50   0.10493E-01   0.86229E-02   0.86901E-02
 5197.11   0.10426E-01   0.85663E-02   0.86371E-02
 5210.71   0.10360E-01   0.85103E-02   0.85847E-02
 5224.32   0.10295E-01   0.84547E-02   0.85326E-02
 5237.92   0.10228E-01   0.83984E-02   0.84799E-02
 5251.53   0.10166E-01   0.83460E-02   0.84309E-02
 5265.13   0.10101E-01   0.82914E-02   0.83797E-02
 5278.74   0.10036E-01   0.82370E-02   0.83287E-02
 5292.34   0.99719E-02   0.81829E-02   0.82779E-02
 5305.95   0.99078E-02   0.81292E-02   0.82275E-02
 5319.55   0.98441E-02   0.80760E-02   0.81776E-02
 5333.16   0.97811E-02   0.80234E-02   0.81282E-02
 5346.76   0.97188E-02   0.79715E-02   0.80795E-02
 5360.37   0.96571E-02   0.79203E-02   0.80314E-02
 5373.97   0.95963E-02   0.78698E-02   0.79840E-02
 5387.58   0.95362E-02   0.78199E-02   0.79372E-02
 5401.18   0.94759E-02   0.77701E-02   0.78904E-02
 5414.79   0.94159E-02   0.77205E-02   0.78438E-02
 5428.39   0.93559E-02   0.76711E-02   0.77973E-02
 5442.00   0.92960E-02   0.76218E-02   0.77509E-02
 5455.60   0.92363E-02   0.75727E-02   0.77046E-02
 5469.21   0.91768E-02   0.75239E-02   0.76587E-02
 5482.81   0.91177E-02   0.74755E-02   0.76131E-02
 5496.42   0.90590E-02   0.74276E-02   0.75679E-02
 5510.02   0.90000E-02   0.73795E-02   0.75225E-02
 5523.63   0.89479E-02   0.73369E-02   0.74826E-02
 5537.23   0.88894E-02   0.72894E-02   0.74378E-02
 5550.84   0.88330E-02   0.72437E-02   0.73947E-02
 5564.44   0.87771E-02   0.71984E-02   0.73520E-02
 5578.05   0.87214E-02   0.71534E-02   0.73095E-02
 5591.65   0.86658E-02   0.71084E-02   0.72671E-02
 5605.26   0.86101E-02   0.70636E-02   0.72247E-02
 5618.86   0.85545E-02   0.70188E-02   0.71823E-02
 5632.47   0.84990E-02   0.69741E-02   0.71400E-02
 5646.07   0.84431E-02   0.69293E-02   0.70975E-02
 5659.68   0.83888E-02   0.68859E-02   0.70564E-02
 5673.28   0.83412E-02   0.68478E-02   0.70208E-02
 5686.89   0.82862E-02   0.68040E-02   0.69792E-02
 5700.49   0.82332E-02   0.67618E-02   0.69392E-02
 5714.10   0.81809E-02   0.67203E-02   0.68999E-02
 5727.70   0.81290E-02   0.66791E-02   0.68609E-02
 5741.31   0.80773E-02   0.66381E-02   0.68220E-02
 5754.91   0.80256E-02   0.65972E-02   0.67832E-02
 5768.52   0.79738E-02   0.65562E-02   0.67443E-02
 5782.12   0.79217E-02   0.65151E-02   0.67051E-02
 5795.73   0.78682E-02   0.64728E-02   0.66648E-02
 5809.33   0.78158E-02   0.64316E-02   0.66255E-02
 5822.94   0.77751E-02   0.64000E-02   0.65961E-02
 5836.54   0.77233E-02   0.63593E-02   0.65573E-02
 5850.15   0.76733E-02   0.63202E-02   0.65201E-02
 5863.75   0.76241E-02   0.62819E-02   0.64836E-02
 5877.36   0.75756E-02   0.62441E-02   0.64476E-02
 5890.96   0.75274E-02   0.62066E-02   0.64120E-02
 5904.57   0.74794E-02   0.61693E-02   0.63765E-02
 5918.17   0.74314E-02   0.61320E-02   0.63409E-02
 5931.78   0.73829E-02   0.60944E-02   0.63049E-02
 5945.38   0.73324E-02   0.60551E-02   0.62672E-02
 5958.99   0.72819E-02   0.60159E-02   0.62295E-02
 5972.59   0.72462E-02   0.59892E-02   0.62048E-02
 5986.20   0.71976E-02   0.59516E-02   0.61687E-02
 5999.80   0.71504E-02   0.59153E-02   0.61340E-02
 6013.41   0.71041E-02   0.58797E-02   0.60999E-02
 6027.01   0.70584E-02   0.58448E-02   0.60665E-02
 6040.62   0.70133E-02   0.58103E-02   0.60335E-02
 6054.22   0.69685E-02   0.57762E-02   0.60009E-02
 6067.83   0.69240E-02   0.57423E-02   0.59684E-02
 6081.43   0.68793E-02   0.57082E-02   0.59357E-02
 6095.04   0.68332E-02   0.56730E-02   0.59018E-02
 6108.64   0.67864E-02   0.56372E-02   0.58672E-02
 6122.25   0.67512E-02   0.56114E-02   0.58431E-02
 6135.85   0.67060E-02   0.55770E-02   0.58100E-02
 6149.46   0.66618E-02   0.55436E-02   0.57778E-02
 6163.06   0.66182E-02   0.55106E-02   0.57460E-02
 6176.67   0.65751E-02   0.54781E-02   0.57147E-02
 6190.27   0.65326E-02   0.54461E-02   0.56840E-02
 6203.88   0.64905E-02   0.54146E-02   0.56536E-02
 6217.48   0.64490E-02   0.53835E-02   0.56237E-02
 6231.09   0.64076E-02   0.53526E-02   0.55940E-02
 6244.69   0.63661E-02   0.53216E-02   0.55640E-02
 6258.30   0.63240E-02   0.52900E-02   0.55335E-02
 6271.90   0.62872E-02   0.52631E-02   0.55078E-02
 6285.51   0.62458E-02   0.52322E-02   0.54779E-02
 6299.11   0.62048E-02   0.52017E-02   0.54483E-02
 6312.72   0.61640E-02   0.51713E-02   0.54189E-02
 6326.32   0.61235E-02   0.51412E-02   0.53898E-02
 6339.93   0.60834E-02   0.51115E-02   0.53609E-02
 6353.53   0.60436E-02   0.50821E-02   0.53325E-02
 6367.14   0.60044E-02   0.50532E-02   0.53045E-02
 6380.74   0.59657E-02   0.50247E-02   0.52769E-02
 6394.35   0.59273E-02   0.49966E-02   0.52496E-02
 6407.95   0.58891E-02   0.49686E-02   0.52225E-02
 6421.56   0.58523E-02   0.49417E-02   0.51964E-02
 6435.16   0.58144E-02   0.49140E-02   0.51695E-02
 6448.77   0.57767E-02   0.48864E-02   0.51427E-02
 6462.37   0.57389E-02   0.48588E-02   0.51158E-02
 6475.98   0.57012E-02   0.48312E-02   0.50890E-02
 6489.58   0.56636E-02   0.48037E-02   0.50621E-02
 6503.19   0.56262E-02   0.47764E-02   0.50355E-02
 6516.79   0.55890E-02   0.47494E-02   0.50091E-02
 6530.40   0.55523E-02   0.47227E-02   0.49830E-02
 6544.00   0.55159E-02   0.46964E-02   0.49573E-02
 6557.61   0.54795E-02   0.46702E-02   0.49317E-02
 6571.21   0.54445E-02   0.46451E-02   0.49073E-02
 6584.82   0.54105E-02   0.46204E-02   0.48832E-02
 6598.42   0.53754E-02   0.45952E-02   0.48586E-02
 6612.03   0.53405E-02   0.45702E-02   0.48341E-02
 6625.63   0.53057E-02   0.45452E-02   0.48096E-02
 6639.24   0.52709E-02   0.45201E-02   0.47850E-02
 6652.84   0.52360E-02   0.44950E-02   0.47603E-02
 6666.45   0.52011E-02   0.44700E-02   0.47357E-02
 6680.05   0.51664E-02   0.44450E-02   0.47111E-02
 6693.66   0.51317E-02   0.44201E-02   0.46866E-02
 6707.26   0.50970E-02   0.43953E-02   0.46621E-02
 6720.87   0.50639E-02   0.43718E-02   0.46391E-02
 6734.47   0.50346E-02   0.43512E-02   0.46190E-02
 6748.08   0.50002E-02   0.43268E-02   0.45949E-02
 6761.68   0.49674E-02   0.43035E-02   0.45719E-02
 6775.29   0.49350E-02   0.42806E-02   0.45493E-02
 6788.89   0.49027E-02   0.42578E-02   0.45269E-02
 6802.50   0.48705E-02   0.42351E-02   0.45044E-02
 6816.10   0.48383E-02   0.42122E-02   0.44818E-02
 6829.71   0.48060E-02   0.41893E-02   0.44591E-02
 6843.31   0.47736E-02   0.41663E-02   0.44363E-02
 6856.92   0.47410E-02   0.41431E-02   0.44132E-02
 6870.52   0.47073E-02   0.41190E-02   0.43892E-02
 6884.13   0.46759E-02   0.40970E-02   0.43673E-02
 6897.73   0.46517E-02   0.40810E-02   0.43519E-02
 6911.34   0.46192E-02   0.40580E-02   0.43289E-02
 6924.94   0.45883E-02   0.40363E-02   0.43074E-02
 6938.55   0.45579E-02   0.40151E-02   0.42863E-02
 6952.15   0.45280E-02   0.39943E-02   0.42656E-02
 6965.76   0.44982E-02   0.39735E-02   0.42449E-02
 6979.36   0.44685E-02   0.39528E-02   0.42243E-02
 6992.97   0.44387E-02   0.39320E-02   0.42035E-02
 7006.57   0.44087E-02   0.39110E-02   0.41825E-02
 7020.18   0.43783E-02   0.38896E-02   0.41610E-02
 7033.78   0.43458E-02   0.38662E-02   0.41375E-02
 7047.39   0.43155E-02   0.38449E-02   0.41161E-02
 7060.99   0.42959E-02   0.38334E-02   0.41051E-02
 7074.60   0.42654E-02   0.38118E-02   0.40834E-02
 7088.20   0.42362E-02   0.37915E-02   0.40629E-02
 7101.81   0.42077E-02   0.37717E-02   0.40431E-02
 7115.41   0.41797E-02   0.37524E-02   0.40237E-02
 7129.02   0.41520E-02   0.37334E-02   0.40046E-02
 7142.62   0.41245E-02   0.37145E-02   0.39857E-02
 7156.23   0.40971E-02   0.36956E-02   0.39667E-02
 7169.83   0.40696E-02   0.36767E-02   0.39476E-02
 7183.44   0.40417E-02   0.36573E-02   0.39280E-02
 7197.04   0.40118E-02   0.36360E-02   0.39064E-02
 7210.65   0.39832E-02   0.36158E-02   0.38859E-02
 7224.25   0.39652E-02   0.36058E-02   0.38764E-02
 7237.86   0.39368E-02   0.35859E-02   0.38561E-02
 7251.46   0.39095E-02   0.35669E-02   0.38369E-02
 7265.07   0.38827E-02   0.35484E-02   0.38182E-02
 7278.67   0.38563E-02   0.35304E-02   0.37998E-02
 7292.28   0.38304E-02   0.35126E-02   0.37819E-02
 7305.88   0.38048E-02   0.34952E-02   0.37643E-02
 7319.49   0.37794E-02   0.34780E-02   0.37468E-02
 7333.09   0.37542E-02   0.34609E-02   0.37294E-02
 7346.70   0.37288E-02   0.34436E-02   0.37119E-02
 7360.30   0.37026E-02   0.34254E-02   0.36933E-02
 7373.91   0.36765E-02   0.34073E-02   0.36747E-02
 7387.51   0.36573E-02   0.33960E-02   0.36635E-02
 7401.12   0.36314E-02   0.33779E-02   0.36451E-02
 7414.72   0.36061E-02   0.33606E-02   0.36273E-02
 7428.33   0.35812E-02   0.33434E-02   0.36098E-02
 7441.93   0.35565E-02   0.33265E-02   0.35925E-02
 7455.54   0.35321E-02   0.33099E-02   0.35755E-02
 7469.14   0.35081E-02   0.32937E-02   0.35588E-02
 7482.75   0.34843E-02   0.32777E-02   0.35425E-02
 7496.35   0.34609E-02   0.32619E-02   0.35263E-02
 7509.96   0.34377E-02   0.32464E-02   0.35104E-02
 7523.56   0.34144E-02   0.32307E-02   0.34943E-02
 7537.17   0.33911E-02   0.32149E-02   0.34781E-02
 7550.77   0.33706E-02   0.32018E-02   0.34647E-02
 7564.38   0.33473E-02   0.31859E-02   0.34484E-02
 7577.98   0.33243E-02   0.31703E-02   0.34323E-02
 7591.59   0.33014E-02   0.31548E-02   0.34163E-02
 7605.19   0.32785E-02   0.31392E-02   0.34002E-02
 7618.80   0.32558E-02   0.31238E-02   0.33842E-02
 7632.40   0.32332E-02   0.31085E-02   0.33684E-02
 7646.01   0.32109E-02   0.30934E-02   0.33528E-02
 7659.61   0.31889E-02   0.30786E-02   0.33375E-02
 7673.22   0.31671E-02   0.30641E-02   0.33224E-02
 7686.82   0.31456E-02   0.30498E-02   0.33076E-02
 7700.43   0.31239E-02   0.30356E-02   0.32929E-02
 7714.03   0.31046E-02   0.30224E-02   0.32792E-02
 7727.64   0.30832E-02   0.30083E-02   0.32646E-02
 7741.24   0.30623E-02   0.29944E-02   0.32502E-02
 7754.85   0.30414E-02   0.29805E-02   0.32357E-02
 7768.45   0.30206E-02   0.29665E-02   0.32211E-02
 7782.06   0.29997E-02   0.29524E-02   0.32064E-02
 7795.66   0.29788E-02   0.29383E-02   0.31917E-02
 7809.27   0.29579E-02   0.29242E-02   0.31769E-02
 7822.87   0.29372E-02   0.29102E-02   0.31623E-02
 7836.48   0.29167E-02   0.28963E-02   0.31478E-02
 7850.08   0.28963E-02   0.28827E-02   0.31335E-02
 7863.69   0.28759E-02   0.28690E-02   0.31192E-02
 7877.29   0.28568E-02   0.28566E-02   0.31062E-02
 7890.90   0.28391E-02   0.28449E-02   0.30939E-02
 7904.50   0.28193E-02   0.28318E-02   0.30802E-02
 7918.11   0.28001E-02   0.28191E-02   0.30669E-02
 7931.71   0.27810E-02   0.28065E-02   0.30536E-02
 7945.32   0.27620E-02   0.27939E-02   0.30403E-02
 7958.92   0.27429E-02   0.27811E-02   0.30269E-02
 7972.53   0.27238E-02   0.27683E-02   0.30134E-02
 7986.13   0.27047E-02   0.27554E-02   0.29997E-02
 7999.74   0.26856E-02   0.27424E-02   0.29860E-02
 8013.34   0.26664E-02   0.27294E-02   0.29722E-02
 8026.95   0.26472E-02   0.27163E-02   0.29583E-02
 8040.55   0.26266E-02   0.27019E-02   0.29430E-02
 8054.16   0.26093E-02   0.26909E-02   0.29314E-02
 8067.76   0.25955E-02   0.26828E-02   0.29229E-02
 8081.37   0.25770E-02   0.26703E-02   0.29097E-02
 8094.97   0.25591E-02   0.26585E-02   0.28971E-02
 8108.58   0.25415E-02   0.26469E-02   0.28848E-02
 8122.18   0.25241E-02   0.26354E-02   0.28725E-02
 8135.79   0.25067E-02   0.26239E-02   0.28603E-02
 8149.39   0.24894E-02   0.26123E-02   0.28479E-02
 8163.00   0.24719E-02   0.26006E-02   0.28354E-02
 8176.60   0.24544E-02   0.25887E-02   0.28227E-02
 8190.21   0.24367E-02   0.25766E-02   0.28097E-02
 8203.81   0.24185E-02   0.25639E-02   0.27961E-02
 8217.42   0.23968E-02   0.25473E-02   0.27783E-02
 8231.02   0.23934E-02   0.25507E-02   0.27822E-02
 8244.63   0.23721E-02   0.25345E-02   0.27647E-02
 8258.23   0.23546E-02   0.25225E-02   0.27518E-02
 8271.84   0.23379E-02   0.25112E-02   0.27397E-02
 8285.44   0.23216E-02   0.25004E-02   0.27280E-02
 8299.05   0.23055E-02   0.24898E-02   0.27166E-02
 8312.65   0.22897E-02   0.24793E-02   0.27054E-02
 8326.26   0.22738E-02   0.24689E-02   0.26941E-02
 8339.86   0.22580E-02   0.24583E-02   0.26827E-02
 8353.47   0.22421E-02   0.24476E-02   0.26711E-02
 8367.07   0.22260E-02   0.24365E-02   0.26592E-02
 8380.68   0.22093E-02   0.24247E-02   0.26464E-02
 8394.28   0.21881E-02   0.24074E-02   0.26276E-02
 8407.89   0.21866E-02   0.24137E-02   0.26344E-02
 8421.49   0.21671E-02   0.23984E-02   0.26178E-02
 8435.10   0.21508E-02   0.23869E-02   0.26054E-02
 8448.70   0.21352E-02   0.23762E-02   0.25938E-02
 8462.31   0.21200E-02   0.23659E-02   0.25826E-02
 8475.91   0.21051E-02   0.23560E-02   0.25717E-02
 8489.52   0.20905E-02   0.23462E-02   0.25611E-02
 8503.12   0.20760E-02   0.23367E-02   0.25507E-02
 8516.73   0.20616E-02   0.23271E-02   0.25403E-02
 8530.33   0.20473E-02   0.23176E-02   0.25298E-02
 8543.94   0.20328E-02   0.23078E-02   0.25192E-02
 8557.54   0.20179E-02   0.22974E-02   0.25078E-02
 8571.15   0.20002E-02   0.22834E-02   0.24925E-02
 8584.75   0.19967E-02   0.22872E-02   0.24965E-02
 8598.36   0.19789E-02   0.22729E-02   0.24809E-02
 8611.96   0.19640E-02   0.22623E-02   0.24693E-02
 8625.57   0.19497E-02   0.22523E-02   0.24583E-02
 8639.17   0.19356E-02   0.22425E-02   0.24476E-02
 8652.78   0.19217E-02   0.22331E-02   0.24372E-02
 8666.38   0.19081E-02   0.22239E-02   0.24270E-02
 8679.99   0.18947E-02   0.22149E-02   0.24171E-02
 8693.59   0.18815E-02   0.22061E-02   0.24074E-02
 8707.20   0.18685E-02   0.21974E-02   0.23978E-02
 8720.80   0.18555E-02   0.21887E-02   0.23882E-02
 8734.41   0.18424E-02   0.21799E-02   0.23784E-02
 8748.01   0.18285E-02   0.21699E-02   0.23674E-02
 8761.62   0.18152E-02   0.21605E-02   0.23569E-02
 8775.22   0.18061E-02   0.21566E-02   0.23525E-02
 8788.83   0.17928E-02   0.21472E-02   0.23421E-02
 8802.43   0.17799E-02   0.21381E-02   0.23320E-02
 8816.04   0.17670E-02   0.21291E-02   0.23220E-02
 8829.64   0.17542E-02   0.21202E-02   0.23122E-02
 8843.25   0.17416E-02   0.21115E-02   0.23024E-02
 8856.85   0.17292E-02   0.21029E-02   0.22929E-02
 8870.46   0.17169E-02   0.20945E-02   0.22835E-02
 8884.06   0.17049E-02   0.20864E-02   0.22744E-02
 8897.67   0.16930E-02   0.20784E-02   0.22655E-02
 8911.27   0.16812E-02   0.20705E-02   0.22566E-02
 8924.88   0.16694E-02   0.20626E-02   0.22478E-02
 8938.48   0.16578E-02   0.20546E-02   0.22388E-02
 8952.09   0.16476E-02   0.20482E-02   0.22316E-02
 8965.69   0.16359E-02   0.20402E-02   0.22226E-02
 8979.30   0.16243E-02   0.20323E-02   0.22137E-02
 8992.90   0.16128E-02   0.20243E-02   0.22047E-02
 9006.51   0.16013E-02   0.20162E-02   0.21956E-02
 9020.11   0.15898E-02   0.20081E-02   0.21865E-02
 9033.72   0.15783E-02   0.20000E-02   0.21774E-02
 9047.32   0.15670E-02   0.19920E-02   0.21684E-02
 9060.93   0.15558E-02   0.19841E-02   0.21595E-02
 9074.53   0.15447E-02   0.19764E-02   0.21508E-02
 9088.14   0.15338E-02   0.19689E-02   0.21423E-02
 9101.74   0.15229E-02   0.19616E-02   0.21340E-02
 9115.35   0.15118E-02   0.19541E-02   0.21255E-02
 9128.95   0.15034E-02   0.19482E-02   0.21188E-02
 9142.56   0.14924E-02   0.19409E-02   0.21104E-02
 9156.16   0.14820E-02   0.19339E-02   0.21024E-02
 9169.77   0.14717E-02   0.19268E-02   0.20944E-02
 9183.37   0.14614E-02   0.19197E-02   0.20863E-02
 9196.98   0.14512E-02   0.19125E-02   0.20780E-02
 9210.58   0.14408E-02   0.19051E-02   0.20697E-02
 9224.19   0.14305E-02   0.18977E-02   0.20613E-02
 9237.79   0.14202E-02   0.18903E-02   0.20528E-02
 9251.40   0.14100E-02   0.18828E-02   0.20443E-02
 9265.00   0.13998E-02   0.18755E-02   0.20359E-02
 9278.61   0.13896E-02   0.18682E-02   0.20276E-02
 9292.21   0.13793E-02   0.18607E-02   0.20190E-02
 9305.82   0.13702E-02   0.18548E-02   0.20122E-02
 9319.42   0.13627E-02   0.18501E-02   0.20067E-02
 9333.03   0.13526E-02   0.18428E-02   0.19984E-02
 9346.63   0.13431E-02   0.18362E-02   0.19908E-02
 9360.24   0.13338E-02   0.18298E-02   0.19834E-02
 9373.84   0.13246E-02   0.18234E-02   0.19760E-02
 9387.45   0.13154E-02   0.18169E-02   0.19685E-02
 9401.05   0.13062E-02   0.18104E-02   0.19609E-02
 9414.66   0.12970E-02   0.18037E-02   0.19532E-02
 9428.26   0.12877E-02   0.17968E-02   0.19453E-02
 9441.87   0.12784E-02   0.17899E-02   0.19373E-02
 9455.47   0.12691E-02   0.17828E-02   0.19292E-02
 9469.08   0.12596E-02   0.17755E-02   0.19209E-02
 9482.68   0.12494E-02   0.17671E-02   0.19113E-02
 9496.29   0.12414E-02   0.17621E-02   0.19053E-02
 9509.89   0.12362E-02   0.17605E-02   0.19031E-02
 9523.50   0.12267E-02   0.17530E-02   0.18945E-02
 9537.10   0.12179E-02   0.17466E-02   0.18871E-02
 9550.71   0.12095E-02   0.17405E-02   0.18800E-02
 9564.31   0.12011E-02   0.17346E-02   0.18731E-02
 9577.92   0.11929E-02   0.17288E-02   0.18662E-02
 9591.52   0.11847E-02   0.17229E-02   0.18593E-02
 9605.13   0.11765E-02   0.17169E-02   0.18523E-02
 9618.73   0.11683E-02   0.17108E-02   0.18452E-02
 9632.34   0.11600E-02   0.17044E-02   0.18378E-02
 9645.94   0.11516E-02   0.16979E-02   0.18302E-02
 9659.55   0.11429E-02   0.16908E-02   0.18220E-02
 9673.15   0.11328E-02   0.16815E-02   0.18115E-02
 9686.76   0.11257E-02   0.16769E-02   0.18060E-02
 9700.36   0.11225E-02   0.16783E-02   0.18068E-02
 9713.97   0.11136E-02   0.16707E-02   0.17981E-02
 9727.57   0.11055E-02   0.16643E-02   0.17907E-02
 9741.18   0.10977E-02   0.16584E-02   0.17838E-02
 9754.78   0.10901E-02   0.16528E-02   0.17771E-02
 9768.39   0.10827E-02   0.16473E-02   0.17706E-02
 9781.99   0.10753E-02   0.16419E-02   0.17643E-02
 9795.60   0.10680E-02   0.16366E-02   0.17579E-02
 9809.20   0.10608E-02   0.16311E-02   0.17515E-02
 9822.81   0.10535E-02   0.16255E-02   0.17449E-02
 9836.41   0.10460E-02   0.16197E-02   0.17380E-02
 9850.02   0.10383E-02   0.16133E-02   0.17306E-02
 9863.62   0.10294E-02   0.16047E-02   0.17208E-02
 9877.23   0.10226E-02   0.15998E-02   0.17149E-02
 9890.83   0.10202E-02   0.16023E-02   0.17169E-02
 9904.44   0.10121E-02   0.15949E-02   0.17084E-02
 9918.04   0.10047E-02   0.15887E-02   0.17011E-02
 9931.65   0.99754E-03   0.15829E-02   0.16943E-02
 9945.25   0.99059E-03   0.15774E-02   0.16878E-02
 9958.86   0.98380E-03   0.15721E-02   0.16815E-02
 9972.46   0.97715E-03   0.15670E-02   0.16754E-02
 9986.07   0.97061E-03   0.15620E-02   0.16695E-02
 9999.67   0.96415E-03   0.15572E-02   0.16636E-02
