   13.60   0.57544E+00   0.56776E+00   0.78727E+00
   27.21   0.97225E-01   0.97569E-01   0.12287E+00
   40.81   0.34219E-01   0.34511E-01   0.37211E-01
   54.42   0.18862E-01   0.18726E-01   0.17193E-01
   68.02   0.13428E-01   0.13224E-01   0.10947E-01
   81.63   0.10453E-01   0.10654E-01   0.84852E-02
   95.23   0.91192E-02   0.91172E-02   0.72437E-02
  108.84   0.81958E-02   0.80761E-02   0.64749E-02
  122.44   0.70702E-02   0.72779E-02   0.59284E-02
  136.05   0.68501E-02   0.66581E-02   0.55075E-02
  149.65   0.59391E-02   0.61507E-02   0.51645E-02
  163.26   0.58979E-02   0.57223E-02   0.48721E-02
  176.86   0.51561E-02   0.53570E-02   0.46160E-02
  190.47   0.51986E-02   0.50345E-02   0.43850E-02
  204.07   0.45653E-02   0.47443E-02   0.41729E-02
  217.68   0.45931E-02   0.44841E-02   0.39736E-02
  231.28   0.41558E-02   0.42343E-02   0.37845E-02
  244.89   0.39734E-02   0.40121E-02   0.36034E-02
  258.49   0.38771E-02   0.37922E-02   0.34302E-02
  272.10   0.34317E-02   0.35937E-02   0.32646E-02
  285.70   0.35117E-02   0.34066E-02   0.31079E-02
  299.31   0.31726E-02   0.32274E-02   0.29598E-02
  312.91   0.29792E-02   0.30684E-02   0.28203E-02
  326.52   0.30247E-02   0.29144E-02   0.26897E-02
  340.12   0.26648E-02   0.27720E-02   0.25672E-02
  353.73   0.26057E-02   0.26445E-02   0.24526E-02
  367.33   0.26098E-02   0.25198E-02   0.23454E-02
  380.94   0.22951E-02   0.24056E-02   0.22448E-02
  394.54   0.22681E-02   0.23026E-02   0.21507E-02
  408.15   0.22858E-02   0.22019E-02   0.20629E-02
  421.75   0.20187E-02   0.21087E-02   0.19799E-02
  435.36   0.19651E-02   0.20253E-02   0.19024E-02
  448.96   0.20255E-02   0.19436E-02   0.18299E-02
  462.57   0.18207E-02   0.18660E-02   0.17610E-02
  476.17   0.17017E-02   0.17969E-02   0.16961E-02
  489.78   0.17840E-02   0.17298E-02   0.16348E-02
  503.38   0.16834E-02   0.16637E-02   0.15762E-02
  516.99   0.15016E-02   0.16041E-02   0.15206E-02
  530.59   0.15323E-02   0.15478E-02   0.14675E-02
  544.20   0.15565E-02   0.14914E-02   0.14167E-02
  557.80   0.13906E-02   0.14383E-02   0.13683E-02
  571.41   0.13050E-02   0.13899E-02   0.13220E-02
  585.01   0.13743E-02   0.13426E-02   0.12777E-02
  598.62   0.13344E-02   0.12956E-02   0.12355E-02
  612.22   0.11805E-02   0.12525E-02   0.11951E-02
  625.83   0.11540E-02   0.12127E-02   0.11566E-02
  639.43   0.12180E-02   0.11730E-02   0.11197E-02
  653.04   0.11549E-02   0.11342E-02   0.10845E-02
  666.64   0.10250E-02   0.10988E-02   0.10509E-02
  680.25   0.10180E-02   0.10657E-02   0.10187E-02
  693.85   0.10756E-02   0.10327E-02   0.98801E-03
  707.46   0.10192E-02   0.10004E-02   0.95858E-03
  721.06   0.90432E-03   0.97090E-03   0.93046E-03
  734.67   0.89239E-03   0.94334E-03   0.90345E-03
  748.27   0.94864E-03   0.91595E-03   0.87767E-03
  761.88   0.91716E-03   0.88885E-03   0.85294E-03
  775.48   0.81299E-03   0.86385E-03   0.82928E-03
  789.09   0.78013E-03   0.84075E-03   0.80651E-03
  802.69   0.83067E-03   0.81802E-03   0.78475E-03
  816.30   0.83522E-03   0.79518E-03   0.76381E-03
  829.90   0.75006E-03   0.77362E-03   0.74369E-03
  843.51   0.68883E-03   0.75386E-03   0.72429E-03
  857.11   0.71624E-03   0.73485E-03   0.70566E-03
  870.72   0.75366E-03   0.71555E-03   0.68767E-03
  884.32   0.70805E-03   0.69666E-03   0.67029E-03
  897.93   0.62879E-03   0.67921E-03   0.65350E-03
  911.53   0.61354E-03   0.66292E-03   0.63729E-03
  925.14   0.65707E-03   0.64665E-03   0.62162E-03
  938.74   0.66567E-03   0.63020E-03   0.60646E-03
  952.35   0.60271E-03   0.61448E-03   0.59178E-03
  965.95   0.54500E-03   0.60002E-03   0.57758E-03
  979.56   0.55404E-03   0.58622E-03   0.56384E-03
  993.16   0.59462E-03   0.57226E-03   0.55056E-03
 1006.77   0.58613E-03   0.55829E-03   0.53771E-03
 1020.37   0.52367E-03   0.54509E-03   0.52524E-03
 1033.98   0.48108E-03   0.53295E-03   0.51319E-03
 1047.58   0.49783E-03   0.52121E-03   0.50153E-03
 1061.19   0.53356E-03   0.50930E-03   0.49024E-03
 1074.79   0.52149E-03   0.49744E-03   0.47931E-03
 1088.40   0.46484E-03   0.48624E-03   0.46869E-03
 1102.00   0.42781E-03   0.47592E-03   0.45842E-03
 1115.61   0.44286E-03   0.46594E-03   0.44846E-03
 1129.21   0.47652E-03   0.45581E-03   0.43883E-03
 1142.82   0.47048E-03   0.44563E-03   0.42944E-03
 1156.42   0.42157E-03   0.43605E-03   0.42040E-03
 1170.03   0.38322E-03   0.42720E-03   0.41161E-03
 1183.63   0.39020E-03   0.41871E-03   0.40308E-03
 1197.24   0.42252E-03   0.41012E-03   0.39481E-03
 1210.84   0.42876E-03   0.40140E-03   0.38676E-03
 1224.45   0.39121E-03   0.39308E-03   0.37898E-03
 1238.05   0.34912E-03   0.38538E-03   0.37142E-03
 1251.66   0.34263E-03   0.37811E-03   0.36407E-03
 1265.26   0.36938E-03   0.37083E-03   0.35693E-03
 1278.87   0.38926E-03   0.36338E-03   0.34998E-03
 1292.47   0.36950E-03   0.35608E-03   0.34323E-03
 1306.08   0.32753E-03   0.34924E-03   0.33667E-03
 1319.68   0.30487E-03   0.34289E-03   0.33028E-03
 1333.29   0.31785E-03   0.33668E-03   0.32405E-03
 1346.89   0.34507E-03   0.33033E-03   0.31797E-03
 1360.50   0.34830E-03   0.32392E-03   0.31206E-03
 1374.10   0.31739E-03   0.31775E-03   0.30630E-03
 1387.71   0.28254E-03   0.31203E-03   0.30068E-03
 1401.31   0.27448E-03   0.30662E-03   0.29520E-03
 1414.92   0.29469E-03   0.30122E-03   0.28984E-03
 1428.52   0.31613E-03   0.29568E-03   0.28462E-03
 1442.13   0.30910E-03   0.29014E-03   0.27953E-03
 1455.73   0.27662E-03   0.28489E-03   0.27456E-03
 1469.34   0.24918E-03   0.28002E-03   0.26972E-03
 1482.94   0.24846E-03   0.27537E-03   0.26498E-03
 1496.55   0.26977E-03   0.27067E-03   0.26036E-03
 1510.15   0.28692E-03   0.26584E-03   0.25585E-03
 1523.76   0.27679E-03   0.26106E-03   0.25145E-03
 1537.36   0.24647E-03   0.25654E-03   0.24715E-03
 1550.97   0.22325E-03   0.25235E-03   0.24295E-03
 1564.57   0.22430E-03   0.24832E-03   0.23886E-03
 1578.18   0.24434E-03   0.24424E-03   0.23485E-03
 1591.78   0.26029E-03   0.24006E-03   0.23094E-03
 1605.39   0.25188E-03   0.23590E-03   0.22712E-03
 1618.99   0.22464E-03   0.23196E-03   0.22339E-03
 1632.60   0.20229E-03   0.22831E-03   0.21975E-03
 1646.20   0.20104E-03   0.22481E-03   0.21618E-03
 1659.81   0.21826E-03   0.22129E-03   0.21270E-03
 1673.41   0.23517E-03   0.21767E-03   0.20929E-03
 1687.02   0.23197E-03   0.21404E-03   0.20597E-03
 1700.62   0.20902E-03   0.21057E-03   0.20272E-03
 1714.23   0.18584E-03   0.20736E-03   0.19954E-03
 1727.83   0.17955E-03   0.20431E-03   0.19643E-03
 1741.44   0.19205E-03   0.20128E-03   0.19339E-03
 1755.04   0.21013E-03   0.19817E-03   0.19042E-03
 1768.65   0.21455E-03   0.19500E-03   0.18751E-03
 1782.25   0.19853E-03   0.19192E-03   0.18466E-03
 1795.86   0.17516E-03   0.18904E-03   0.18188E-03
 1809.46   0.16238E-03   0.18635E-03   0.17915E-03
 1823.07   0.16755E-03   0.18373E-03   0.17648E-03
 1836.67   0.18427E-03   0.18105E-03   0.17387E-03
 1850.28   0.19636E-03   0.17830E-03   0.17131E-03
 1863.88   0.19059E-03   0.17555E-03   0.16880E-03
 1877.49   0.17046E-03   0.17293E-03   0.16634E-03
 1891.09   0.15189E-03   0.17050E-03   0.16393E-03
 1904.70   0.14734E-03   0.16819E-03   0.16156E-03
 1918.30   0.15789E-03   0.16589E-03   0.15924E-03
 1931.91   0.17367E-03   0.16350E-03   0.15697E-03
 1945.51   0.17962E-03   0.16107E-03   0.15474E-03
 1959.12   0.16860E-03   0.15868E-03   0.15255E-03
 1972.72   0.14884E-03   0.15644E-03   0.15040E-03
 1986.33   0.13486E-03   0.15434E-03   0.14830E-03
 1999.93   0.13489E-03   0.15233E-03   0.14623E-03
 2013.54   0.14708E-03   0.15029E-03   0.14420E-03
 2027.14   0.16086E-03   0.14817E-03   0.14221E-03
 2040.75   0.16339E-03   0.14603E-03   0.14026E-03
 2054.35   0.15099E-03   0.14395E-03   0.13834E-03
 2067.96   0.13288E-03   0.14199E-03   0.13646E-03
 2081.56   0.12164E-03   0.14017E-03   0.13461E-03
 2095.17   0.12331E-03   0.13840E-03   0.13279E-03
 2108.77   0.13528E-03   0.13660E-03   0.13101E-03
 2122.38   0.14777E-03   0.13473E-03   0.12926E-03
 2135.98   0.14957E-03   0.13284E-03   0.12754E-03
 2149.59   0.13794E-03   0.13101E-03   0.12586E-03
 2163.19   0.12129E-03   0.12929E-03   0.12420E-03
 2176.80   0.11077E-03   0.12768E-03   0.12258E-03
 2190.40   0.11187E-03   0.12612E-03   0.12098E-03
 2204.01   0.12259E-03   0.12454E-03   0.11941E-03
 2217.61   0.13463E-03   0.12290E-03   0.11787E-03
 2231.22   0.13778E-03   0.12124E-03   0.11635E-03
 2244.82   0.12843E-03   0.11961E-03   0.11487E-03
 2258.43   0.11307E-03   0.11808E-03   0.11341E-03
 2272.03   0.10187E-03   0.11665E-03   0.11197E-03
 2285.64   0.10078E-03   0.11528E-03   0.11056E-03
 2299.24   0.10928E-03   0.11389E-03   0.10918E-03
 2312.85   0.12109E-03   0.11246E-03   0.10782E-03
 2326.45   0.12691E-03   0.11099E-03   0.10647E-03
 2340.06   0.12130E-03   0.10955E-03   0.10516E-03
 2353.66   0.10778E-03   0.10817E-03   0.10387E-03
 2367.27   0.95332E-04   0.10688E-03   0.10260E-03
 2380.87   0.90913E-04   0.10566E-03   0.10135E-03
 2394.48   0.95999E-04   0.10446E-03   0.10012E-03
 2408.08   0.10678E-03   0.10321E-03   0.98915E-04
 2421.69   0.11549E-03   0.10193E-03   0.97725E-04
 2435.29   0.11503E-03   0.10063E-03   0.96562E-04
 2448.90   0.10498E-03   0.99380E-04   0.95411E-04
 2462.50   0.91999E-04   0.98206E-04   0.94280E-04
 2476.11   0.83854E-04   0.97108E-04   0.93168E-04
 2489.71   0.84306E-04   0.96044E-04   0.92074E-04
 2503.32   0.92294E-04   0.94966E-04   0.90997E-04
 2516.92   0.10253E-03   0.93843E-04   0.89933E-04
 2530.53   0.10765E-03   0.92696E-04   0.88894E-04
 2544.13   0.10327E-03   0.91554E-04   0.87865E-04
 2557.74   0.91983E-04   0.90465E-04   0.86852E-04
 2571.34   0.80919E-04   0.89449E-04   0.85855E-04
 2584.95   0.75998E-04   0.88489E-04   0.84873E-04
 2598.55   0.79035E-04   0.87544E-04   0.83907E-04
 2612.16   0.87792E-04   0.86575E-04   0.82955E-04
 2625.76   0.96665E-04   0.85568E-04   0.82018E-04
 2639.37   0.99254E-04   0.84540E-04   0.81094E-04
 2652.97   0.93140E-04   0.83530E-04   0.80183E-04
 2666.58   0.82073E-04   0.82574E-04   0.79285E-04
 2680.18   0.72634E-04   0.81682E-04   0.78401E-04
 2693.79   0.69439E-04   0.80833E-04   0.77529E-04
 2707.39   0.73383E-04   0.79991E-04   0.76672E-04
 2721.00   0.81927E-04   0.79125E-04   0.75828E-04
 2734.60   0.89759E-04   0.78224E-04   0.74996E-04
 2748.21   0.91340E-04   0.77308E-04   0.74175E-04
 2761.81   0.85065E-04   0.76411E-04   0.73366E-04
 2775.42   0.74706E-04   0.75564E-04   0.72568E-04
 2789.02   0.66175E-04   0.74772E-04   0.71781E-04
 2802.63   0.63442E-04   0.74018E-04   0.71006E-04
 2816.23   0.67200E-04   0.73270E-04   0.70243E-04
 2829.84   0.75170E-04   0.72501E-04   0.69494E-04
 2843.44   0.82627E-04   0.71698E-04   0.68753E-04
 2857.05   0.84540E-04   0.70881E-04   0.68022E-04
 2870.65   0.79198E-04   0.70080E-04   0.67302E-04
 2884.26   0.69720E-04   0.69320E-04   0.66591E-04
 2897.86   0.61427E-04   0.68610E-04   0.65890E-04
 2911.47   0.58165E-04   0.67932E-04   0.65195E-04
 2925.07   0.60919E-04   0.67279E-04   0.64525E-04
 2938.68   0.67993E-04   0.66592E-04   0.63851E-04
 2952.28   0.75465E-04   0.65880E-04   0.63190E-04
 2965.89   0.78606E-04   0.65151E-04   0.62539E-04
 2979.49   0.75022E-04   0.64431E-04   0.61896E-04
 2993.10   0.66656E-04   0.63743E-04   0.61262E-04
 3006.70   0.58186E-04   0.63098E-04   0.60635E-04
 3020.31   0.53639E-04   0.62489E-04   0.60015E-04
 3033.91   0.54601E-04   0.61909E-04   0.59417E-04
 3047.52   0.60218E-04   0.61305E-04   0.58814E-04
 3061.12   0.67561E-04   0.60678E-04   0.58222E-04
 3074.73   0.72353E-04   0.60031E-04   0.57639E-04
 3088.33   0.71353E-04   0.59383E-04   0.57065E-04
 3101.94   0.64850E-04   0.58756E-04   0.56498E-04
 3115.54   0.56463E-04   0.58166E-04   0.55937E-04
 3129.15   0.50382E-04   0.57609E-04   0.55379E-04
 3142.75   0.49023E-04   0.57092E-04   0.54845E-04
 3156.36   0.52518E-04   0.56561E-04   0.54304E-04
 3169.96   0.59098E-04   0.56012E-04   0.53772E-04
 3183.57   0.65327E-04   0.55442E-04   0.53248E-04
 3197.17   0.67465E-04   0.54859E-04   0.52731E-04
 3210.78   0.63926E-04   0.54285E-04   0.52221E-04
 3224.38   0.56577E-04   0.53738E-04   0.51718E-04
 3237.99   0.49282E-04   0.53223E-04   0.51217E-04
 3251.59   0.45300E-04   0.52749E-04   0.50734E-04
 3265.20   0.45911E-04   0.52277E-04   0.50247E-04
 3278.80   0.50555E-04   0.51797E-04   0.49767E-04
 3292.41   0.57025E-04   0.51298E-04   0.49293E-04
 3306.01   0.61905E-04   0.50780E-04   0.48826E-04
 3319.62   0.62211E-04   0.50257E-04   0.48365E-04
 3333.22   0.57492E-04   0.49747E-04   0.47910E-04
 3346.83   0.50235E-04   0.49265E-04   0.47460E-04
 3360.43   0.44012E-04   0.48817E-04   0.47019E-04
 3374.04   0.41319E-04   0.48390E-04   0.46580E-04
 3387.64   0.42867E-04   0.47968E-04   0.46145E-04
 3401.25   0.47795E-04   0.47535E-04   0.45716E-04
 3414.85   0.53828E-04   0.47082E-04   0.45292E-04
 3428.46   0.57809E-04   0.46614E-04   0.44873E-04
 3442.06   0.57312E-04   0.46145E-04   0.44460E-04
 3455.67   0.52391E-04   0.45690E-04   0.44053E-04
 3469.27   0.45578E-04   0.45262E-04   0.43652E-04
 3482.88   0.40070E-04   0.44861E-04   0.43254E-04
 3496.48   0.37952E-04   0.44480E-04   0.42861E-04
 3510.09   0.39715E-04   0.44101E-04   0.42472E-04
 3523.69   0.44487E-04   0.43712E-04   0.42087E-04
 3537.30   0.50159E-04   0.43304E-04   0.41707E-04
 3550.90   0.53856E-04   0.42882E-04   0.41331E-04
 3564.51   0.53402E-04   0.42458E-04   0.40959E-04
 3578.11   0.48847E-04   0.42048E-04   0.40593E-04
 3591.72   0.42481E-04   0.41665E-04   0.40235E-04
 3605.32   0.37215E-04   0.41304E-04   0.39878E-04
 3618.93   0.35005E-04   0.40961E-04   0.39525E-04
 3632.53   0.36375E-04   0.40622E-04   0.39176E-04
 3646.14   0.40632E-04   0.40274E-04   0.38831E-04
 3659.74   0.45976E-04   0.39909E-04   0.38488E-04
 3673.35   0.49832E-04   0.39530E-04   0.38149E-04
 3686.95   0.50032E-04   0.39143E-04   0.37811E-04
 3700.56   0.46302E-04   0.38784E-04   0.37494E-04
 3714.16   0.40416E-04   0.38429E-04   0.37165E-04
 3727.77   0.35086E-04   0.38100E-04   0.36844E-04
 3741.37   0.32318E-04   0.37790E-04   0.36527E-04
 3754.98   0.32842E-04   0.37487E-04   0.36213E-04
 3768.58   0.36274E-04   0.37179E-04   0.35902E-04
 3782.19   0.41236E-04   0.36855E-04   0.35594E-04
 3795.79   0.45515E-04   0.36517E-04   0.35288E-04
 3809.40   0.46889E-04   0.36169E-04   0.34984E-04
 3823.00   0.44490E-04   0.35844E-04   0.34700E-04
 3836.61   0.39388E-04   0.35517E-04   0.34403E-04
 3850.21   0.33965E-04   0.35214E-04   0.34113E-04
 3863.82   0.30376E-04   0.34931E-04   0.33826E-04
 3877.42   0.29703E-04   0.34659E-04   0.33544E-04
 3891.03   0.31957E-04   0.34385E-04   0.33264E-04
 3904.63   0.36252E-04   0.34101E-04   0.32987E-04
 3918.24   0.40857E-04   0.33801E-04   0.32710E-04
 3931.84   0.43604E-04   0.33486E-04   0.32432E-04
 3945.45   0.43023E-04   0.33194E-04   0.32179E-04
 3959.05   0.39223E-04   0.32892E-04   0.31911E-04
 3972.66   0.33992E-04   0.32608E-04   0.31648E-04
 3986.26   0.29541E-04   0.32345E-04   0.31388E-04
 3999.87   0.27399E-04   0.32096E-04   0.31132E-04
 4013.47   0.28061E-04   0.31852E-04   0.30879E-04
 4027.08   0.31157E-04   0.31603E-04   0.30629E-04
 4040.68   0.35543E-04   0.31341E-04   0.30379E-04
 4054.29   0.39394E-04   0.31062E-04   0.30128E-04
 4067.89   0.40865E-04   0.30796E-04   0.29897E-04
 4081.50   0.39057E-04   0.30517E-04   0.29654E-04
 4095.10   0.34758E-04   0.30251E-04   0.29415E-04
 4108.71   0.29870E-04   0.30002E-04   0.29178E-04
 4122.31   0.26285E-04   0.29769E-04   0.28945E-04
 4135.92   0.25081E-04   0.29548E-04   0.28715E-04
 4149.52   0.26438E-04   0.29328E-04   0.28488E-04
 4163.13   0.29819E-04   0.29101E-04   0.28262E-04
 4176.73   0.34002E-04   0.28861E-04   0.28037E-04
 4190.34   0.37250E-04   0.28619E-04   0.27822E-04
 4203.94   0.37968E-04   0.28365E-04   0.27602E-04
 4217.55   0.35695E-04   0.28116E-04   0.27384E-04
 4231.15   0.31420E-04   0.27879E-04   0.27169E-04
 4244.76   0.26962E-04   0.27656E-04   0.26956E-04
 4258.36   0.23944E-04   0.27448E-04   0.26745E-04
 4271.97   0.23202E-04   0.27249E-04   0.26537E-04
 4285.57   0.24792E-04   0.27050E-04   0.26332E-04
 4299.18   0.28148E-04   0.26844E-04   0.26130E-04
 4312.78   0.32091E-04   0.26629E-04   0.25930E-04
 4326.39   0.35000E-04   0.26404E-04   0.25731E-04
 4339.99   0.35484E-04   0.26176E-04   0.25533E-04
 4353.60   0.33201E-04   0.25951E-04   0.25337E-04
 4367.20   0.29123E-04   0.25736E-04   0.25142E-04
 4380.81   0.24932E-04   0.25535E-04   0.24949E-04
 4394.41   0.22098E-04   0.25347E-04   0.24759E-04
 4408.02   0.21371E-04   0.25167E-04   0.24570E-04
 4421.62   0.22804E-04   0.24986E-04   0.24384E-04
 4435.23   0.25900E-04   0.24804E-04   0.24204E-04
 4448.83   0.29604E-04   0.24609E-04   0.24021E-04
 4462.44   0.32456E-04   0.24406E-04   0.23841E-04
 4476.04   0.33138E-04   0.24200E-04   0.23663E-04
 4489.65   0.31236E-04   0.23996E-04   0.23486E-04
 4503.25   0.27529E-04   0.23801E-04   0.23310E-04
 4516.86   0.23525E-04   0.23618E-04   0.23136E-04
 4530.46   0.20630E-04   0.23446E-04   0.22963E-04
 4544.07   0.19625E-04   0.23281E-04   0.22791E-04
 4557.67   0.20648E-04   0.23119E-04   0.22622E-04
 4571.28   0.23335E-04   0.22959E-04   0.22461E-04
 4584.88   0.26821E-04   0.22784E-04   0.22295E-04
 4598.49   0.29829E-04   0.22601E-04   0.22132E-04
 4612.09   0.31056E-04   0.22415E-04   0.21971E-04
 4625.70   0.29871E-04   0.22230E-04   0.21811E-04
 4639.30   0.26723E-04   0.22051E-04   0.21652E-04
 4652.91   0.22889E-04   0.21882E-04   0.21494E-04
 4666.51   0.19754E-04   0.21723E-04   0.21336E-04
 4680.12   0.18218E-04   0.21570E-04   0.21178E-04
 4693.72   0.18572E-04   0.21419E-04   0.21020E-04
 4707.33   0.20644E-04   0.21286E-04   0.20883E-04
 4720.93   0.23779E-04   0.21129E-04   0.20732E-04
 4734.54   0.26942E-04   0.20966E-04   0.20583E-04
 4748.14   0.28874E-04   0.20798E-04   0.20437E-04
 4761.75   0.28683E-04   0.20630E-04   0.20292E-04
 4775.35   0.26369E-04   0.20465E-04   0.20148E-04
 4788.96   0.22857E-04   0.20308E-04   0.20005E-04
 4802.56   0.19461E-04   0.20160E-04   0.19861E-04
 4816.17   0.17242E-04   0.20016E-04   0.19714E-04
 4829.77   0.16742E-04   0.19910E-04   0.19601E-04
 4843.38   0.17917E-04   0.19765E-04   0.19451E-04
 4856.98   0.20439E-04   0.19626E-04   0.19312E-04
 4870.59   0.23537E-04   0.19482E-04   0.19176E-04
 4884.19   0.26113E-04   0.19331E-04   0.19043E-04
 4897.80   0.27096E-04   0.19178E-04   0.18911E-04
 4911.40   0.25993E-04   0.19027E-04   0.18780E-04
 4925.01   0.23206E-04   0.18881E-04   0.18650E-04
 4938.61   0.19808E-04   0.18742E-04   0.18520E-04
 4952.22   0.16966E-04   0.18607E-04   0.18386E-04
 4965.82   0.15490E-04   0.18507E-04   0.18280E-04
 4979.43   0.15606E-04   0.18379E-04   0.18146E-04
 4993.03   0.17229E-04   0.18256E-04   0.18019E-04
 5006.64   0.19900E-04   0.18129E-04   0.17895E-04
 5020.24   0.22806E-04   0.17996E-04   0.17772E-04
 5033.85   0.24897E-04   0.17859E-04   0.17651E-04
 5047.45   0.25293E-04   0.17720E-04   0.17532E-04
 5061.06   0.23763E-04   0.17583E-04   0.17413E-04
 5074.66   0.20883E-04   0.17452E-04   0.17296E-04
 5088.27   0.17718E-04   0.17326E-04   0.17177E-04
 5101.87   0.15301E-04   0.17225E-04   0.17073E-04
 5115.48   0.14208E-04   0.17110E-04   0.16953E-04
 5129.08   0.14623E-04   0.17001E-04   0.16838E-04
 5142.69   0.16373E-04   0.16890E-04   0.16724E-04
 5156.29   0.18984E-04   0.16773E-04   0.16611E-04
 5169.90   0.21662E-04   0.16652E-04   0.16499E-04
 5183.50   0.23438E-04   0.16526E-04   0.16389E-04
 5197.11   0.23566E-04   0.16399E-04   0.16281E-04
 5210.71   0.21930E-04   0.16275E-04   0.16174E-04
 5224.32   0.19137E-04   0.16157E-04   0.16067E-04
 5237.92   0.16183E-04   0.16045E-04   0.15960E-04
 5251.53   0.13985E-04   0.15947E-04   0.15859E-04
 5265.13   0.13050E-04   0.15848E-04   0.15755E-04
 5278.74   0.13510E-04   0.15750E-04   0.15651E-04
 5292.34   0.15197E-04   0.15649E-04   0.15547E-04
 5305.95   0.17673E-04   0.15544E-04   0.15445E-04
 5319.55   0.20209E-04   0.15433E-04   0.15343E-04
 5333.16   0.21911E-04   0.15318E-04   0.15243E-04
 5346.76   0.22085E-04   0.15203E-04   0.15144E-04
 5360.37   0.20604E-04   0.15090E-04   0.15046E-04
 5373.97   0.18005E-04   0.14983E-04   0.14950E-04
 5387.58   0.15199E-04   0.14883E-04   0.14855E-04
 5401.18   0.13038E-04   0.14790E-04   0.14760E-04
 5414.79   0.12029E-04   0.14701E-04   0.14666E-04
 5428.39   0.12316E-04   0.14613E-04   0.14572E-04
 5442.00   0.13773E-04   0.14523E-04   0.14478E-04
 5455.60   0.16037E-04   0.14428E-04   0.14385E-04
 5469.21   0.18477E-04   0.14327E-04   0.14292E-04
 5482.81   0.20279E-04   0.14223E-04   0.14200E-04
 5496.42   0.20745E-04   0.14117E-04   0.14109E-04
 5510.02   0.19641E-04   0.14011E-04   0.14018E-04
 5523.63   0.17368E-04   0.13920E-04   0.13937E-04
 5537.23   0.14694E-04   0.13825E-04   0.13847E-04
 5550.84   0.12464E-04   0.13738E-04   0.13760E-04
 5564.44   0.11222E-04   0.13657E-04   0.13675E-04
 5578.05   0.11172E-04   0.13578E-04   0.13589E-04
 5591.65   0.12258E-04   0.13497E-04   0.13504E-04
 5605.26   0.14209E-04   0.13412E-04   0.13419E-04
 5618.86   0.16521E-04   0.13323E-04   0.13335E-04
 5632.47   0.18477E-04   0.13228E-04   0.13250E-04
 5646.07   0.19366E-04   0.13130E-04   0.13165E-04
 5659.68   0.18809E-04   0.13035E-04   0.13083E-04
 5673.28   0.16983E-04   0.12952E-04   0.13011E-04
 5686.89   0.14497E-04   0.12863E-04   0.12929E-04
 5700.49   0.12162E-04   0.12782E-04   0.12849E-04
 5714.10   0.10593E-04   0.12707E-04   0.12771E-04
 5727.70   0.10091E-04   0.12635E-04   0.12693E-04
 5741.31   0.10690E-04   0.12563E-04   0.12616E-04
 5754.91   0.12228E-04   0.12489E-04   0.12539E-04
 5768.52   0.14345E-04   0.12410E-04   0.12461E-04
 5782.12   0.16458E-04   0.12325E-04   0.12384E-04
 5795.73   0.17871E-04   0.12234E-04   0.12304E-04
 5809.33   0.18050E-04   0.12144E-04   0.12226E-04
 5822.94   0.16908E-04   0.12073E-04   0.12167E-04
 5836.54   0.14787E-04   0.11989E-04   0.12090E-04
 5850.15   0.12417E-04   0.11912E-04   0.12017E-04
 5863.75   0.10482E-04   0.11841E-04   0.11945E-04
 5877.36   0.94202E-05   0.11774E-04   0.11874E-04
 5890.96   0.93892E-05   0.11709E-04   0.11803E-04
 5904.57   0.10339E-04   0.11644E-04   0.11733E-04
 5918.17   0.12054E-04   0.11575E-04   0.11663E-04
 5931.78   0.14122E-04   0.11500E-04   0.11592E-04
 5945.38   0.15946E-04   0.11419E-04   0.11518E-04
 5958.99   0.16908E-04   0.11334E-04   0.11444E-04
 5972.59   0.16664E-04   0.11273E-04   0.11394E-04
 5986.20   0.15208E-04   0.11193E-04   0.11323E-04
 5999.80   0.13063E-04   0.11118E-04   0.11255E-04
 6013.41   0.10897E-04   0.11050E-04   0.11188E-04
 6027.01   0.92862E-05   0.10987E-04   0.11123E-04
 6040.62   0.85520E-05   0.10927E-04   0.11058E-04
 6054.22   0.87775E-05   0.10868E-04   0.10994E-04
 6067.83   0.98766E-05   0.10808E-04   0.10930E-04
 6081.43   0.11611E-04   0.10745E-04   0.10866E-04
 6095.04   0.13558E-04   0.10674E-04   0.10800E-04
 6108.64   0.15149E-04   0.10599E-04   0.10732E-04
 6122.25   0.15867E-04   0.10541E-04   0.10684E-04
 6135.85   0.15379E-04   0.10466E-04   0.10619E-04
 6149.46   0.13850E-04   0.10395E-04   0.10556E-04
 6163.06   0.11779E-04   0.10328E-04   0.10494E-04
 6176.67   0.97867E-05   0.10267E-04   0.10433E-04
 6190.27   0.83706E-05   0.10210E-04   0.10373E-04
 6203.88   0.77913E-05   0.10156E-04   0.10314E-04
 6217.48   0.81015E-05   0.10103E-04   0.10255E-04
 6231.09   0.92087E-05   0.10048E-04   0.10197E-04
 6244.69   0.10883E-04   0.99899E-05   0.10139E-04
 6258.30   0.12726E-04   0.99269E-05   0.10079E-04
 6271.90   0.14222E-04   0.98692E-05   0.10029E-04
 6285.51   0.14850E-04   0.98019E-05   0.99704E-05
 6299.11   0.14372E-04   0.97353E-05   0.99129E-05
 6312.72   0.12926E-04   0.96709E-05   0.98558E-05
 6326.32   0.10977E-04   0.96101E-05   0.97992E-05
 6339.93   0.90975E-05   0.95538E-05   0.97432E-05
 6353.53   0.77479E-05   0.95015E-05   0.96879E-05
 6367.14   0.71718E-05   0.94521E-05   0.96335E-05
 6380.74   0.74223E-05   0.94038E-05   0.95799E-05
 6394.35   0.84216E-05   0.93544E-05   0.95269E-05
 6407.95   0.99691E-05   0.93024E-05   0.94743E-05
 6421.56   0.11715E-04   0.92488E-05   0.94236E-05
 6435.16   0.13174E-04   0.91905E-05   0.93714E-05
 6448.77   0.13874E-04   0.91304E-05   0.93194E-05
 6462.37   0.13551E-04   0.90701E-05   0.92675E-05
 6475.98   0.12286E-04   0.90112E-05   0.92155E-05
 6489.58   0.10479E-04   0.89554E-05   0.91637E-05
 6503.19   0.86579E-05   0.89033E-05   0.91123E-05
 6516.79   0.72732E-05   0.88550E-05   0.90613E-05
 6530.40   0.65825E-05   0.88095E-05   0.90110E-05
 6544.00   0.66607E-05   0.87652E-05   0.89614E-05
 6557.61   0.74579E-05   0.87200E-05   0.89121E-05
 6571.21   0.88203E-05   0.86743E-05   0.88648E-05
 6584.82   0.10459E-04   0.86261E-05   0.88183E-05
 6598.42   0.11953E-04   0.85740E-05   0.87709E-05
 6612.03   0.12846E-04   0.85198E-05   0.87237E-05
 6625.63   0.12823E-04   0.84650E-05   0.86765E-05
 6639.24   0.11866E-04   0.84111E-05   0.86293E-05
 6652.84   0.10271E-04   0.83594E-05   0.85820E-05
 6666.45   0.85110E-05   0.83108E-05   0.85347E-05
 6680.05   0.70395E-05   0.82655E-05   0.84876E-05
 6693.66   0.61541E-05   0.82229E-05   0.84408E-05
 6707.26   0.59733E-05   0.81812E-05   0.83939E-05
 6720.87   0.64886E-05   0.81416E-05   0.83496E-05
 6734.47   0.75994E-05   0.81055E-05   0.83109E-05
 6748.08   0.90824E-05   0.80593E-05   0.82647E-05
 6761.68   0.10603E-04   0.80123E-05   0.82208E-05
 6775.29   0.11734E-04   0.79635E-05   0.81776E-05
 6788.89   0.12109E-04   0.79137E-05   0.81346E-05
 6802.50   0.11580E-04   0.78641E-05   0.80916E-05
 6816.10   0.10301E-04   0.78160E-05   0.80485E-05
 6829.71   0.86557E-05   0.77703E-05   0.80053E-05
 6843.31   0.70931E-05   0.77274E-05   0.79618E-05
 6856.92   0.59643E-05   0.76868E-05   0.79180E-05
 6870.52   0.54529E-05   0.76460E-05   0.78723E-05
 6884.13   0.56051E-05   0.76094E-05   0.78306E-05
 6897.73   0.63760E-05   0.75830E-05   0.78007E-05
 6911.34   0.76099E-05   0.75412E-05   0.77571E-05
 6924.94   0.90699E-05   0.74990E-05   0.77161E-05
 6938.55   0.10395E-04   0.74552E-05   0.76760E-05
 6952.15   0.11195E-04   0.74100E-05   0.76365E-05
 6965.76   0.11201E-04   0.73645E-05   0.75972E-05
 6979.36   0.10388E-04   0.73198E-05   0.75580E-05
 6992.97   0.89970E-05   0.72768E-05   0.75186E-05
 7006.57   0.74275E-05   0.72361E-05   0.74788E-05
 7020.18   0.60726E-05   0.71972E-05   0.74381E-05
 7033.78   0.51990E-05   0.71569E-05   0.73938E-05
 7047.39   0.49285E-05   0.71216E-05   0.73534E-05
 7060.99   0.52765E-05   0.71040E-05   0.73316E-05
 7074.60   0.61476E-05   0.70664E-05   0.72906E-05
 7088.20   0.74039E-05   0.70288E-05   0.72520E-05
 7101.81   0.87842E-05   0.69898E-05   0.72145E-05
 7115.41   0.99376E-05   0.69492E-05   0.71777E-05
 7129.02   0.10519E-04   0.69077E-05   0.71415E-05
 7142.62   0.10330E-04   0.68662E-05   0.71056E-05
 7156.23   0.94110E-05   0.68258E-05   0.70698E-05
 7169.83   0.80322E-05   0.67870E-05   0.70337E-05
 7183.44   0.65732E-05   0.67500E-05   0.69967E-05
 7197.04   0.53764E-05   0.67118E-05   0.69561E-05
 7210.65   0.46628E-05   0.66775E-05   0.69177E-05
 7224.25   0.45261E-05   0.66629E-05   0.68987E-05
 7237.86   0.49333E-05   0.66294E-05   0.68606E-05
 7251.46   0.58240E-05   0.65962E-05   0.68244E-05
 7265.07   0.70451E-05   0.65618E-05   0.67892E-05
 7278.67   0.83428E-05   0.65256E-05   0.67547E-05
 7292.28   0.93868E-05   0.64881E-05   0.67208E-05
 7305.88   0.98666E-05   0.64500E-05   0.66875E-05
 7319.49   0.96174E-05   0.64120E-05   0.66546E-05
 7333.09   0.86999E-05   0.63752E-05   0.66219E-05
 7346.70   0.73774E-05   0.63400E-05   0.65888E-05
 7360.30   0.60028E-05   0.63055E-05   0.65540E-05
 7373.91   0.48901E-05   0.62732E-05   0.65192E-05
 7387.51   0.42392E-05   0.62551E-05   0.64974E-05
 7401.12   0.41053E-05   0.62254E-05   0.64629E-05
 7414.72   0.44876E-05   0.61965E-05   0.64296E-05
 7428.33   0.53183E-05   0.61667E-05   0.63967E-05
 7441.93   0.64593E-05   0.61353E-05   0.63643E-05
 7455.54   0.76799E-05   0.61022E-05   0.63324E-05
 7469.14   0.86769E-05   0.60678E-05   0.63011E-05
 7482.75   0.91606E-05   0.60327E-05   0.62704E-05
 7496.35   0.89694E-05   0.59980E-05   0.62401E-05
 7509.96   0.81461E-05   0.59644E-05   0.62101E-05
 7523.56   0.69229E-05   0.59324E-05   0.61800E-05
 7537.17   0.56247E-05   0.59021E-05   0.61496E-05
 7550.77   0.45494E-05   0.58789E-05   0.61242E-05
 7564.38   0.38776E-05   0.58523E-05   0.60937E-05
 7577.98   0.36896E-05   0.58269E-05   0.60637E-05
 7591.59   0.39836E-05   0.58014E-05   0.60337E-05
 7605.19   0.47068E-05   0.57747E-05   0.60037E-05
 7618.80   0.57466E-05   0.57464E-05   0.59739E-05
 7632.40   0.69068E-05   0.57163E-05   0.59443E-05
 7646.01   0.79159E-05   0.56848E-05   0.59152E-05
 7659.61   0.84949E-05   0.56525E-05   0.58866E-05
 7673.22   0.84613E-05   0.56203E-05   0.58585E-05
 7686.82   0.78113E-05   0.55892E-05   0.58309E-05
 7700.43   0.67248E-05   0.55595E-05   0.58032E-05
 7714.03   0.54989E-05   0.55338E-05   0.57778E-05
 7727.64   0.44094E-05   0.55083E-05   0.57505E-05
 7741.24   0.36647E-05   0.54848E-05   0.57236E-05
 7754.85   0.33581E-05   0.54622E-05   0.56966E-05
 7768.45   0.35046E-05   0.54395E-05   0.56694E-05
 7782.06   0.40699E-05   0.54158E-05   0.56421E-05
 7795.66   0.49716E-05   0.53905E-05   0.56147E-05
 7809.27   0.60562E-05   0.53634E-05   0.55873E-05
 7822.87   0.70922E-05   0.53346E-05   0.55601E-05
 7836.48   0.78131E-05   0.53048E-05   0.55333E-05
 7850.08   0.80059E-05   0.52746E-05   0.55067E-05
 7863.69   0.76004E-05   0.52446E-05   0.54802E-05
 7877.29   0.67082E-05   0.52180E-05   0.54560E-05
 7890.90   0.55703E-05   0.51942E-05   0.54331E-05
 7904.50   0.44575E-05   0.51698E-05   0.54076E-05
 7918.11   0.36003E-05   0.51478E-05   0.53829E-05
 7931.71   0.31246E-05   0.51272E-05   0.53583E-05
 7945.32   0.30704E-05   0.51069E-05   0.53336E-05
 7958.92   0.34245E-05   0.50860E-05   0.53087E-05
 7972.53   0.41345E-05   0.50638E-05   0.52837E-05
 7986.13   0.50940E-05   0.50398E-05   0.52585E-05
 7999.74   0.61231E-05   0.50140E-05   0.52331E-05
 8013.34   0.69831E-05   0.49865E-05   0.52077E-05
 8026.95   0.74396E-05   0.49579E-05   0.51820E-05
 8040.55   0.73479E-05   0.49268E-05   0.51540E-05
 8054.16   0.67341E-05   0.49023E-05   0.51324E-05
 8067.76   0.57637E-05   0.48845E-05   0.51164E-05
 8081.37   0.46670E-05   0.48603E-05   0.50919E-05
 8094.97   0.37019E-05   0.48389E-05   0.50687E-05
 8108.58   0.30357E-05   0.48195E-05   0.50459E-05
 8122.18   0.27467E-05   0.48010E-05   0.50233E-05
 8135.79   0.28481E-05   0.47826E-05   0.50007E-05
 8149.39   0.33140E-05   0.47634E-05   0.49779E-05
 8163.00   0.40817E-05   0.47426E-05   0.49548E-05
 8176.60   0.50309E-05   0.47200E-05   0.49314E-05
 8190.21   0.59728E-05   0.46953E-05   0.49076E-05
 8203.81   0.66786E-05   0.46683E-05   0.48827E-05
 8217.42   0.69417E-05   0.46336E-05   0.48503E-05
 8231.02   0.67362E-05   0.46352E-05   0.48560E-05
 8244.63   0.60178E-05   0.46019E-05   0.48243E-05
 8258.23   0.50356E-05   0.45775E-05   0.48006E-05
 8271.84   0.40192E-05   0.45561E-05   0.47784E-05
 8285.44   0.31765E-05   0.45370E-05   0.47570E-05
 8299.05   0.26384E-05   0.45195E-05   0.47360E-05
 8312.65   0.24574E-05   0.45029E-05   0.47152E-05
 8326.26   0.26345E-05   0.44861E-05   0.46944E-05
 8339.86   0.31401E-05   0.44685E-05   0.46735E-05
 8353.47   0.39081E-05   0.44493E-05   0.46522E-05
 8367.07   0.48155E-05   0.44279E-05   0.46303E-05
 8380.68   0.56767E-05   0.44037E-05   0.46070E-05
 8394.28   0.62681E-05   0.43685E-05   0.45732E-05
 8407.89   0.64936E-05   0.43753E-05   0.45840E-05
 8421.49   0.61771E-05   0.43434E-05   0.45541E-05
 8435.10   0.54603E-05   0.43191E-05   0.45314E-05
 8448.70   0.45200E-05   0.42975E-05   0.45101E-05
 8462.31   0.35762E-05   0.42781E-05   0.44896E-05
 8475.91   0.28133E-05   0.42607E-05   0.44697E-05
 8489.52   0.23418E-05   0.42448E-05   0.44503E-05
 8503.12   0.22030E-05   0.42297E-05   0.44311E-05
 8516.73   0.23944E-05   0.42145E-05   0.44120E-05
 8530.33   0.28879E-05   0.41985E-05   0.43928E-05
 8543.94   0.36212E-05   0.41809E-05   0.43732E-05
 8557.54   0.44788E-05   0.41608E-05   0.43526E-05
 8571.15   0.52813E-05   0.41328E-05   0.43250E-05
 8584.75   0.58844E-05   0.41357E-05   0.43309E-05
 8598.36   0.60449E-05   0.41059E-05   0.43029E-05
 8611.96   0.57592E-05   0.40826E-05   0.42817E-05
 8625.57   0.50912E-05   0.40611E-05   0.42617E-05
 8639.17   0.42104E-05   0.40414E-05   0.42422E-05
 8652.78   0.33212E-05   0.40235E-05   0.42231E-05
 8666.38   0.25956E-05   0.40073E-05   0.42046E-05
 8679.99   0.21378E-05   0.39926E-05   0.41864E-05
 8693.59   0.19878E-05   0.39787E-05   0.41687E-05
 8707.20   0.21455E-05   0.39649E-05   0.41511E-05
 8720.80   0.25873E-05   0.39505E-05   0.41336E-05
 8734.41   0.32611E-05   0.39347E-05   0.41157E-05
 8748.01   0.40654E-05   0.39155E-05   0.40957E-05
 8761.62   0.48493E-05   0.38961E-05   0.40767E-05
 8775.22   0.54438E-05   0.38855E-05   0.40681E-05
 8788.83   0.56675E-05   0.38646E-05   0.40492E-05
 8802.43   0.54656E-05   0.38443E-05   0.40309E-05
 8816.04   0.48859E-05   0.38247E-05   0.40128E-05
 8829.64   0.40754E-05   0.38064E-05   0.39948E-05
 8843.25   0.32231E-05   0.37895E-05   0.39771E-05
 8856.85   0.24975E-05   0.37742E-05   0.39597E-05
 8870.46   0.20075E-05   0.37604E-05   0.39427E-05
 8884.06   0.17997E-05   0.37474E-05   0.39261E-05
 8897.67   0.18796E-05   0.37349E-05   0.39098E-05
 8911.27   0.22308E-05   0.37220E-05   0.38937E-05
 8924.88   0.28141E-05   0.37082E-05   0.38775E-05
 8938.48   0.35510E-05   0.36930E-05   0.38612E-05
 8952.09   0.43163E-05   0.36795E-05   0.38480E-05
 8965.69   0.49377E-05   0.36620E-05   0.38317E-05
 8979.30   0.52610E-05   0.36440E-05   0.38155E-05
 8992.90   0.51939E-05   0.36258E-05   0.37991E-05
 9006.51   0.47481E-05   0.36079E-05   0.37827E-05
 9020.11   0.40355E-05   0.35908E-05   0.37662E-05
 9033.72   0.32257E-05   0.35748E-05   0.37497E-05
 9047.32   0.24865E-05   0.35602E-05   0.37334E-05
 9060.93   0.19386E-05   0.35469E-05   0.37173E-05
 9074.53   0.16427E-05   0.35346E-05   0.37015E-05
 9088.14   0.16143E-05   0.35229E-05   0.36861E-05
 9101.74   0.18447E-05   0.35112E-05   0.36710E-05
 9115.35   0.23086E-05   0.34984E-05   0.36555E-05
 9128.95   0.29534E-05   0.34878E-05   0.36434E-05
 9142.56   0.36786E-05   0.34731E-05   0.36282E-05
 9156.16   0.43436E-05   0.34580E-05   0.36137E-05
 9169.77   0.47921E-05   0.34421E-05   0.35992E-05
 9183.37   0.49052E-05   0.34257E-05   0.35845E-05
 9196.98   0.46470E-05   0.34093E-05   0.35696E-05
 9210.58   0.40807E-05   0.33933E-05   0.35545E-05
 9224.19   0.33446E-05   0.33781E-05   0.35393E-05
 9237.79   0.26013E-05   0.33640E-05   0.35240E-05
 9251.40   0.19869E-05   0.33510E-05   0.35088E-05
 9265.00   0.15843E-05   0.33389E-05   0.34937E-05
 9278.61   0.14259E-05   0.33274E-05   0.34786E-05
 9292.21   0.15129E-05   0.33156E-05   0.34632E-05
 9305.82   0.18328E-05   0.33061E-05   0.34508E-05
 9319.42   0.23542E-05   0.32981E-05   0.34408E-05
 9333.03   0.30078E-05   0.32844E-05   0.34258E-05
 9346.63   0.36879E-05   0.32707E-05   0.34120E-05
 9360.24   0.42522E-05   0.32565E-05   0.33986E-05
 9373.84   0.45631E-05   0.32417E-05   0.33852E-05
 9387.45   0.45362E-05   0.32267E-05   0.33718E-05
 9401.05   0.41735E-05   0.32118E-05   0.33581E-05
 9414.66   0.35640E-05   0.31974E-05   0.33442E-05
 9428.26   0.28506E-05   0.31837E-05   0.33301E-05
 9441.87   0.21799E-05   0.31709E-05   0.33158E-05
 9455.47   0.16618E-05   0.31589E-05   0.33012E-05
 9469.08   0.13552E-05   0.31471E-05   0.32862E-05
 9482.68   0.12769E-05   0.31336E-05   0.32692E-05
 9496.29   0.14262E-05   0.31259E-05   0.32583E-05
 9509.89   0.17879E-05   0.31239E-05   0.32539E-05
 9523.50   0.23181E-05   0.31106E-05   0.32386E-05
 9537.10   0.29525E-05   0.30981E-05   0.32252E-05
 9550.71   0.35798E-05   0.30852E-05   0.32124E-05
 9564.31   0.40653E-05   0.30719E-05   0.32000E-05
 9577.92   0.42889E-05   0.30582E-05   0.31876E-05
 9591.52   0.41891E-05   0.30444E-05   0.31752E-05
 9605.13   0.37870E-05   0.30309E-05   0.31626E-05
 9618.73   0.31800E-05   0.30178E-05   0.31498E-05
 9632.34   0.25052E-05   0.30053E-05   0.31366E-05
 9645.94   0.18940E-05   0.29934E-05   0.31230E-05
 9659.55   0.14388E-05   0.29814E-05   0.31084E-05
 9673.15   0.11841E-05   0.29661E-05   0.30899E-05
 9686.76   0.11453E-05   0.29593E-05   0.30798E-05
 9700.36   0.13182E-05   0.29628E-05   0.30807E-05
 9713.97   0.16761E-05   0.29501E-05   0.30653E-05
 9727.57   0.21907E-05   0.29386E-05   0.30520E-05
 9741.18   0.27932E-05   0.29270E-05   0.30395E-05
 9754.78   0.33774E-05   0.29149E-05   0.30276E-05
 9768.39   0.38179E-05   0.29025E-05   0.30160E-05
 9781.99   0.40065E-05   0.28898E-05   0.30045E-05
 9795.60   0.38914E-05   0.28772E-05   0.29931E-05
 9809.20   0.34978E-05   0.28648E-05   0.29816E-05
 9822.81   0.29195E-05   0.28529E-05   0.29698E-05
 9836.41   0.22846E-05   0.28413E-05   0.29575E-05
 9850.02   0.17136E-05   0.28298E-05   0.29442E-05
 9863.62   0.12892E-05   0.28152E-05   0.29271E-05
 9877.23   0.10554E-05   0.28076E-05   0.29165E-05
 9890.83   0.10235E-05   0.28131E-05   0.29193E-05
 9904.44   0.11778E-05   0.28012E-05   0.29043E-05
 9918.04   0.15110E-05   0.27908E-05   0.28913E-05
 9931.65   0.19918E-05   0.27804E-05   0.28791E-05
 9945.25   0.25586E-05   0.27696E-05   0.28675E-05
 9958.86   0.31150E-05   0.27584E-05   0.28563E-05
 9972.46   0.35448E-05   0.27468E-05   0.28454E-05
 9986.07   0.37448E-05   0.27351E-05   0.28347E-05
 9999.67   0.36617E-05   0.27234E-05   0.28242E-05
