 1687.02   0.89976E-01   0.87123E-01   0.85432E-01
 1700.62   0.88936E-01   0.86107E-01   0.84445E-01
 1714.23   0.87912E-01   0.85106E-01   0.83474E-01
 1727.83   0.86902E-01   0.84120E-01   0.82517E-01
 1741.44   0.85908E-01   0.83149E-01   0.81574E-01
 1755.04   0.84928E-01   0.82192E-01   0.80646E-01
 1768.65   0.83962E-01   0.81250E-01   0.79731E-01
 1782.25   0.83009E-01   0.80321E-01   0.78829E-01
 1795.86   0.82070E-01   0.79405E-01   0.77940E-01
 1809.46   0.81144E-01   0.78502E-01   0.77063E-01
 1823.07   0.80231E-01   0.77613E-01   0.76200E-01
 1836.67   0.79330E-01   0.76736E-01   0.75348E-01
 1850.28   0.78442E-01   0.75871E-01   0.74509E-01
 1863.88   0.77566E-01   0.75019E-01   0.73681E-01
 1877.49   0.76702E-01   0.74178E-01   0.72865E-01
 1891.09   0.75850E-01   0.73349E-01   0.72060E-01
 1904.70   0.75009E-01   0.72533E-01   0.71267E-01
 1918.30   0.74181E-01   0.71727E-01   0.70485E-01
 1931.91   0.73363E-01   0.70933E-01   0.69713E-01
 1945.51   0.72557E-01   0.70150E-01   0.68953E-01
 1959.12   0.71761E-01   0.69378E-01   0.68203E-01
 1972.72   0.70978E-01   0.68618E-01   0.67465E-01
 1986.33   0.70204E-01   0.67868E-01   0.66736E-01
 1999.93   0.69442E-01   0.67128E-01   0.66018E-01
 2013.54   0.68690E-01   0.66400E-01   0.65309E-01
 2027.14   0.67948E-01   0.65681E-01   0.64611E-01
 2040.75   0.67216E-01   0.64972E-01   0.63922E-01
 2054.35   0.66493E-01   0.64272E-01   0.63242E-01
 2067.96   0.65783E-01   0.63585E-01   0.62574E-01
 2081.56   0.65080E-01   0.62905E-01   0.61914E-01
 2095.17   0.64388E-01   0.62235E-01   0.61263E-01
 2108.77   0.63704E-01   0.61574E-01   0.60620E-01
 2122.38   0.63030E-01   0.60922E-01   0.59987E-01
 2135.98   0.62363E-01   0.60278E-01   0.59361E-01
 2149.59   0.61708E-01   0.59646E-01   0.58746E-01
 2163.19   0.61059E-01   0.59019E-01   0.58136E-01
 2176.80   0.60418E-01   0.58401E-01   0.57535E-01
 2190.40   0.59786E-01   0.57791E-01   0.56942E-01
 2204.01   0.59163E-01   0.57190E-01   0.56357E-01
 2217.61   0.58547E-01   0.56596E-01   0.55780E-01
 2231.22   0.57938E-01   0.56009E-01   0.55209E-01
 2244.82   0.57340E-01   0.55433E-01   0.54648E-01
 2258.43   0.56747E-01   0.54861E-01   0.54093E-01
 2272.03   0.56161E-01   0.54298E-01   0.53544E-01
 2285.64   0.55584E-01   0.53742E-01   0.53003E-01
 2299.24   0.55014E-01   0.53193E-01   0.52469E-01
 2312.85   0.54451E-01   0.52652E-01   0.51942E-01
 2326.45   0.53894E-01   0.52116E-01   0.51421E-01
 2340.06   0.53347E-01   0.51590E-01   0.50909E-01
 2353.66   0.52805E-01   0.51069E-01   0.50402E-01
 2367.27   0.52270E-01   0.50555E-01   0.49902E-01
 2380.87   0.51741E-01   0.50047E-01   0.49407E-01
 2394.48   0.51220E-01   0.49547E-01   0.48920E-01
 2408.08   0.50705E-01   0.49053E-01   0.48439E-01
 2421.69   0.50197E-01   0.48565E-01   0.47964E-01
 2435.29   0.49695E-01   0.48084E-01   0.47495E-01
 2448.90   0.49200E-01   0.47609E-01   0.47032E-01
 2462.50   0.48710E-01   0.47139E-01   0.46575E-01
 2476.11   0.48226E-01   0.46676E-01   0.46123E-01
 2489.71   0.47749E-01   0.46218E-01   0.45677E-01
 2503.32   0.47277E-01   0.45766E-01   0.45237E-01
 2516.92   0.46811E-01   0.45320E-01   0.44802E-01
 2530.53   0.46352E-01   0.44881E-01   0.44374E-01
 2544.13   0.45898E-01   0.44446E-01   0.43950E-01
 2557.74   0.45449E-01   0.44016E-01   0.43531E-01
 2571.34   0.45005E-01   0.43592E-01   0.43117E-01
 2584.95   0.44566E-01   0.43172E-01   0.42708E-01
 2598.55   0.44132E-01   0.42757E-01   0.42303E-01
 2612.16   0.43703E-01   0.42347E-01   0.41903E-01
 2625.76   0.43283E-01   0.41945E-01   0.41511E-01
 2639.37   0.42865E-01   0.41546E-01   0.41122E-01
 2652.97   0.42452E-01   0.41152E-01   0.40737E-01
 2666.58   0.42044E-01   0.40762E-01   0.40357E-01
 2680.18   0.41640E-01   0.40377E-01   0.39981E-01
 2693.79   0.41241E-01   0.39996E-01   0.39609E-01
 2707.39   0.40844E-01   0.39618E-01   0.39239E-01
 2721.00   0.40461E-01   0.39252E-01   0.38882E-01
 2734.60   0.40074E-01   0.38883E-01   0.38522E-01
 2748.21   0.39694E-01   0.38521E-01   0.38168E-01
 2761.81   0.39319E-01   0.38163E-01   0.37819E-01
 2775.42   0.38948E-01   0.37809E-01   0.37473E-01
 2789.02   0.38581E-01   0.37460E-01   0.37132E-01
 2802.63   0.38217E-01   0.37113E-01   0.36793E-01
 2816.23   0.37857E-01   0.36770E-01   0.36458E-01
 2829.84   0.37507E-01   0.36437E-01   0.36132E-01
 2843.44   0.37156E-01   0.36103E-01   0.35805E-01
 2857.05   0.36810E-01   0.35773E-01   0.35483E-01
 2870.65   0.36468E-01   0.35448E-01   0.35165E-01
 2884.26   0.36130E-01   0.35127E-01   0.34851E-01
 2897.86   0.35796E-01   0.34809E-01   0.34540E-01
 2911.47   0.35464E-01   0.34493E-01   0.34231E-01
 2925.07   0.35143E-01   0.34188E-01   0.33933E-01
 2938.68   0.34818E-01   0.33879E-01   0.33630E-01
 2952.28   0.34498E-01   0.33575E-01   0.33333E-01
 2965.89   0.34182E-01   0.33275E-01   0.33039E-01
 2979.49   0.33870E-01   0.32978E-01   0.32749E-01
 2993.10   0.33562E-01   0.32685E-01   0.32462E-01
 3006.70   0.33257E-01   0.32396E-01   0.32178E-01
 3020.31   0.32955E-01   0.32109E-01   0.31897E-01
 3033.91   0.32660E-01   0.31828E-01   0.31623E-01
 3047.52   0.32364E-01   0.31547E-01   0.31347E-01
 3061.12   0.32071E-01   0.31270E-01   0.31075E-01
 3074.73   0.31782E-01   0.30995E-01   0.30806E-01
 3088.33   0.31497E-01   0.30724E-01   0.30541E-01
 3101.94   0.31215E-01   0.30457E-01   0.30278E-01
 3115.54   0.30936E-01   0.30192E-01   0.30019E-01
 3129.15   0.30660E-01   0.29931E-01   0.29763E-01
 3142.75   0.30388E-01   0.29673E-01   0.29510E-01
 3156.36   0.30118E-01   0.29417E-01   0.29259E-01
 3169.96   0.29851E-01   0.29163E-01   0.29010E-01
 3183.57   0.29586E-01   0.28912E-01   0.28764E-01
 3197.17   0.29324E-01   0.28664E-01   0.28520E-01
 3210.78   0.29066E-01   0.28419E-01   0.28279E-01
 3224.38   0.28810E-01   0.28177E-01   0.28042E-01
 3237.99   0.28558E-01   0.27938E-01   0.27807E-01
 3251.59   0.28309E-01   0.27702E-01   0.27575E-01
 3265.20   0.28062E-01   0.27468E-01   0.27345E-01
 3278.80   0.27818E-01   0.27236E-01   0.27118E-01
 3292.41   0.27575E-01   0.27007E-01   0.26892E-01
 3306.01   0.27336E-01   0.26779E-01   0.26669E-01
 3319.62   0.27098E-01   0.26554E-01   0.26448E-01
 3333.22   0.26863E-01   0.26332E-01   0.26229E-01
 3346.83   0.26632E-01   0.26112E-01   0.26014E-01
 3360.43   0.26404E-01   0.25897E-01   0.25802E-01
 3374.04   0.26178E-01   0.25682E-01   0.25591E-01
 3387.64   0.25954E-01   0.25470E-01   0.25382E-01
 3401.25   0.25732E-01   0.25260E-01   0.25176E-01
 3414.85   0.25512E-01   0.25052E-01   0.24971E-01
 3428.46   0.25294E-01   0.24846E-01   0.24768E-01
 3442.06   0.25078E-01   0.24641E-01   0.24566E-01
 3455.67   0.24863E-01   0.24437E-01   0.24365E-01
 3469.27   0.24659E-01   0.24244E-01   0.24176E-01
 3482.88   0.24448E-01   0.24045E-01   0.23979E-01
 3496.48   0.24242E-01   0.23850E-01   0.23787E-01
 3510.09   0.24039E-01   0.23657E-01   0.23597E-01
 3523.69   0.23837E-01   0.23466E-01   0.23409E-01
 3537.30   0.23637E-01   0.23276E-01   0.23223E-01
 3550.90   0.23438E-01   0.23088E-01   0.23037E-01
 3564.51   0.23241E-01   0.22901E-01   0.22853E-01
 3578.11   0.23042E-01   0.22713E-01   0.22667E-01
 3591.72   0.22859E-01   0.22540E-01   0.22497E-01
 3605.32   0.22668E-01   0.22359E-01   0.22318E-01
 3618.93   0.22480E-01   0.22181E-01   0.22143E-01
 3632.53   0.22295E-01   0.22005E-01   0.21970E-01
 3646.14   0.22111E-01   0.21831E-01   0.21798E-01
 3659.74   0.21929E-01   0.21659E-01   0.21628E-01
 3673.35   0.21748E-01   0.21488E-01   0.21459E-01
 3686.95   0.21566E-01   0.21315E-01   0.21288E-01
 3700.56   0.21399E-01   0.21157E-01   0.21133E-01
 3714.16   0.21221E-01   0.20988E-01   0.20965E-01
 3727.77   0.21046E-01   0.20823E-01   0.20802E-01
 3741.37   0.20875E-01   0.20660E-01   0.20642E-01
 3754.98   0.20705E-01   0.20500E-01   0.20483E-01
 3768.58   0.20538E-01   0.20341E-01   0.20326E-01
 3782.19   0.20372E-01   0.20184E-01   0.20171E-01
 3795.79   0.20208E-01   0.20028E-01   0.20017E-01
 3809.40   0.20043E-01   0.19872E-01   0.19862E-01
 3823.00   0.19888E-01   0.19725E-01   0.19717E-01
 3836.61   0.19726E-01   0.19572E-01   0.19566E-01
 3850.21   0.19567E-01   0.19421E-01   0.19417E-01
 3863.82   0.19410E-01   0.19272E-01   0.19270E-01
 3877.42   0.19256E-01   0.19125E-01   0.19124E-01
 3891.03   0.19103E-01   0.18980E-01   0.18981E-01
 3904.63   0.18951E-01   0.18836E-01   0.18839E-01
 3918.24   0.18801E-01   0.18694E-01   0.18698E-01
 3931.84   0.18651E-01   0.18552E-01   0.18557E-01
 3945.45   0.18508E-01   0.18416E-01   0.18422E-01
 3959.05   0.18361E-01   0.18277E-01   0.18284E-01
 3972.66   0.18216E-01   0.18139E-01   0.18148E-01
 3986.26   0.18073E-01   0.18003E-01   0.18013E-01
 3999.87   0.17931E-01   0.17868E-01   0.17879E-01
 4013.47   0.17790E-01   0.17734E-01   0.17747E-01
 4027.08   0.17652E-01   0.17603E-01   0.17617E-01
 4040.68   0.17515E-01   0.17473E-01   0.17488E-01
 4054.29   0.17379E-01   0.17343E-01   0.17360E-01
 4067.89   0.17245E-01   0.17217E-01   0.17234E-01
 4081.50   0.17112E-01   0.17090E-01   0.17108E-01
 4095.10   0.16980E-01   0.16964E-01   0.16983E-01
 4108.71   0.16848E-01   0.16839E-01   0.16859E-01
 4122.31   0.16718E-01   0.16715E-01   0.16736E-01
 4135.92   0.16589E-01   0.16592E-01   0.16615E-01
 4149.52   0.16462E-01   0.16471E-01   0.16494E-01
 4163.13   0.16336E-01   0.16351E-01   0.16375E-01
 4176.73   0.16211E-01   0.16233E-01   0.16258E-01
 4190.34   0.16089E-01   0.16116E-01   0.16142E-01
 4203.94   0.15967E-01   0.16000E-01   0.16027E-01
 4217.55   0.15846E-01   0.15885E-01   0.15912E-01
 4231.15   0.15726E-01   0.15771E-01   0.15799E-01
 4244.76   0.15607E-01   0.15657E-01   0.15686E-01
 4258.36   0.15489E-01   0.15544E-01   0.15574E-01
 4271.97   0.15371E-01   0.15432E-01   0.15462E-01
 4285.57   0.15255E-01   0.15321E-01   0.15352E-01
 4299.18   0.15140E-01   0.15212E-01   0.15243E-01
 4312.78   0.15031E-01   0.15107E-01   0.15139E-01
 4326.39   0.14918E-01   0.14999E-01   0.15031E-01
 4339.99   0.14807E-01   0.14893E-01   0.14926E-01
 4353.60   0.14697E-01   0.14788E-01   0.14822E-01
 4367.20   0.14588E-01   0.14684E-01   0.14718E-01
 4380.81   0.14480E-01   0.14581E-01   0.14615E-01
 4394.41   0.14372E-01   0.14478E-01   0.14513E-01
 4408.02   0.14265E-01   0.14375E-01   0.14411E-01
 4421.62   0.14157E-01   0.14271E-01   0.14307E-01
 4435.23   0.14065E-01   0.14184E-01   0.14221E-01
 4448.83   0.13955E-01   0.14079E-01   0.14116E-01
 4462.44   0.13852E-01   0.13980E-01   0.14018E-01
 4476.04   0.13751E-01   0.13884E-01   0.13921E-01
 4489.65   0.13651E-01   0.13788E-01   0.13826E-01
 4503.25   0.13552E-01   0.13693E-01   0.13731E-01
 4516.86   0.13454E-01   0.13599E-01   0.13637E-01
 4530.46   0.13356E-01   0.13504E-01   0.13543E-01
 4544.07   0.13258E-01   0.13410E-01   0.13449E-01
 4557.67   0.13160E-01   0.13316E-01   0.13355E-01
 4571.28   0.13073E-01   0.13233E-01   0.13273E-01
 4584.88   0.12976E-01   0.13140E-01   0.13180E-01
 4598.49   0.12882E-01   0.13050E-01   0.13090E-01
 4612.09   0.12790E-01   0.12961E-01   0.13001E-01
 4625.70   0.12699E-01   0.12873E-01   0.12913E-01
 4639.30   0.12609E-01   0.12786E-01   0.12827E-01
 4652.91   0.12519E-01   0.12700E-01   0.12741E-01
 4666.51   0.12430E-01   0.12614E-01   0.12655E-01
 4680.12   0.12340E-01   0.12527E-01   0.12568E-01
 4693.72   0.12247E-01   0.12438E-01   0.12479E-01
 4707.33   0.12171E-01   0.12365E-01   0.12406E-01
 4720.93   0.12084E-01   0.12280E-01   0.12322E-01
 4734.54   0.11998E-01   0.12197E-01   0.12239E-01
 4748.14   0.11913E-01   0.12116E-01   0.12157E-01
 4761.75   0.11830E-01   0.12035E-01   0.12077E-01
 4775.35   0.11747E-01   0.11955E-01   0.11997E-01
 4788.96   0.11666E-01   0.11877E-01   0.11918E-01
 4802.56   0.11585E-01   0.11798E-01   0.11840E-01
 4816.17   0.11503E-01   0.11719E-01   0.11761E-01
 4829.77   0.11431E-01   0.11650E-01   0.11691E-01
 4843.38   0.11348E-01   0.11569E-01   0.11611E-01
 4856.98   0.11269E-01   0.11492E-01   0.11534E-01
 4870.59   0.11190E-01   0.11416E-01   0.11458E-01
 4884.19   0.11113E-01   0.11341E-01   0.11383E-01
 4897.80   0.11036E-01   0.11267E-01   0.11308E-01
 4911.40   0.10961E-01   0.11193E-01   0.11235E-01
 4925.01   0.10886E-01   0.11121E-01   0.11163E-01
 4938.61   0.10812E-01   0.11049E-01   0.11091E-01
 4952.22   0.10739E-01   0.10978E-01   0.11019E-01
 4965.82   0.10669E-01   0.10910E-01   0.10951E-01
 4979.43   0.10596E-01   0.10839E-01   0.10880E-01
 4993.03   0.10524E-01   0.10769E-01   0.10810E-01
 5006.64   0.10453E-01   0.10699E-01   0.10740E-01
 5020.24   0.10382E-01   0.10630E-01   0.10671E-01
 5033.85   0.10311E-01   0.10561E-01   0.10602E-01
 5047.45   0.10242E-01   0.10493E-01   0.10534E-01
 5061.06   0.10173E-01   0.10426E-01   0.10467E-01
 5074.66   0.10106E-01   0.10360E-01   0.10401E-01
 5088.27   0.10038E-01   0.10295E-01   0.10335E-01
 5101.87   0.99731E-02   0.10231E-01   0.10271E-01
 5115.48   0.99072E-02   0.10166E-01   0.10206E-01
 5129.08   0.98419E-02   0.10102E-01   0.10142E-01
 5142.69   0.97770E-02   0.10039E-01   0.10078E-01
 5156.29   0.97123E-02   0.99752E-02   0.10015E-01
 5169.90   0.96479E-02   0.99120E-02   0.99515E-02
 5183.50   0.95840E-02   0.98493E-02   0.98885E-02
 5197.11   0.95206E-02   0.97870E-02   0.98260E-02
 5210.71   0.94579E-02   0.97253E-02   0.97642E-02
 5224.32   0.93955E-02   0.96640E-02   0.97027E-02
 5237.92   0.93348E-02   0.96043E-02   0.96428E-02
 5251.53   0.92764E-02   0.95468E-02   0.95851E-02
 5265.13   0.92165E-02   0.94879E-02   0.95260E-02
 5278.74   0.91573E-02   0.94295E-02   0.94674E-02
 5292.34   0.90984E-02   0.93714E-02   0.94091E-02
 5305.95   0.90397E-02   0.93135E-02   0.93510E-02
 5319.55   0.89812E-02   0.92557E-02   0.92929E-02
 5333.16   0.89229E-02   0.91981E-02   0.92351E-02
 5346.76   0.88649E-02   0.91407E-02   0.91775E-02
 5360.37   0.88068E-02   0.90832E-02   0.91197E-02
 5373.97   0.87504E-02   0.90273E-02   0.90636E-02
 5387.58   0.86995E-02   0.89771E-02   0.90131E-02
 5401.18   0.86432E-02   0.89213E-02   0.89571E-02
 5414.79   0.85886E-02   0.88671E-02   0.89026E-02
 5428.39   0.85346E-02   0.88136E-02   0.88489E-02
 5442.00   0.84812E-02   0.87605E-02   0.87955E-02
 5455.60   0.84279E-02   0.87075E-02   0.87424E-02
 5469.21   0.83748E-02   0.86547E-02   0.86893E-02
 5482.81   0.83216E-02   0.86018E-02   0.86361E-02
 5496.42   0.82683E-02   0.85486E-02   0.85826E-02
 5510.02   0.82123E-02   0.84926E-02   0.85264E-02
 5523.63   0.81755E-02   0.84565E-02   0.84901E-02
 5537.23   0.81184E-02   0.83992E-02   0.84325E-02
 5550.84   0.80670E-02   0.83479E-02   0.83809E-02
 5564.44   0.80170E-02   0.82979E-02   0.83307E-02
 5578.05   0.79678E-02   0.82487E-02   0.82812E-02
 5591.65   0.79191E-02   0.82000E-02   0.82322E-02
 5605.26   0.78707E-02   0.81516E-02   0.81835E-02
 5618.86   0.78225E-02   0.81033E-02   0.81349E-02
 5632.47   0.77741E-02   0.80548E-02   0.80862E-02
 5646.07   0.77250E-02   0.80054E-02   0.80365E-02
 5659.68   0.76762E-02   0.79563E-02   0.79872E-02
 5673.28   0.76384E-02   0.79187E-02   0.79493E-02
 5686.89   0.75890E-02   0.78688E-02   0.78991E-02
 5700.49   0.75420E-02   0.78215E-02   0.78515E-02
 5714.10   0.74961E-02   0.77752E-02   0.78050E-02
 5727.70   0.74509E-02   0.77297E-02   0.77592E-02
 5741.31   0.74064E-02   0.76849E-02   0.77141E-02
 5754.91   0.73624E-02   0.76404E-02   0.76693E-02
 5768.52   0.73186E-02   0.75962E-02   0.76248E-02
 5782.12   0.72747E-02   0.75519E-02   0.75802E-02
 5795.73   0.72298E-02   0.75064E-02   0.75345E-02
 5809.33   0.71844E-02   0.74604E-02   0.74882E-02
 5822.94   0.71499E-02   0.74256E-02   0.74532E-02
 5836.54   0.71057E-02   0.73808E-02   0.74081E-02
 5850.15   0.70628E-02   0.73372E-02   0.73642E-02
 5863.75   0.70206E-02   0.72944E-02   0.73210E-02
 5877.36   0.69790E-02   0.72521E-02   0.72785E-02
 5890.96   0.69381E-02   0.72105E-02   0.72367E-02
 5904.57   0.68978E-02   0.71695E-02   0.71953E-02
 5918.17   0.68579E-02   0.71289E-02   0.71545E-02
 5931.78   0.68183E-02   0.70885E-02   0.71138E-02
 5945.38   0.67781E-02   0.70474E-02   0.70725E-02
 5958.99   0.67369E-02   0.70054E-02   0.70301E-02
 5972.59   0.67034E-02   0.69712E-02   0.69957E-02
 5986.20   0.66639E-02   0.69308E-02   0.69550E-02
 5999.80   0.66249E-02   0.68909E-02   0.69149E-02
 6013.41   0.65862E-02   0.68513E-02   0.68750E-02
 6027.01   0.65480E-02   0.68121E-02   0.68355E-02
 6040.62   0.65102E-02   0.67734E-02   0.67965E-02
 6054.22   0.64730E-02   0.67352E-02   0.67581E-02
 6067.83   0.64364E-02   0.66976E-02   0.67202E-02
 6081.43   0.64002E-02   0.66604E-02   0.66827E-02
 6095.04   0.63643E-02   0.66234E-02   0.66455E-02
 6108.64   0.63281E-02   0.65862E-02   0.66079E-02
 6122.25   0.62945E-02   0.65516E-02   0.65731E-02
 6135.85   0.62592E-02   0.65151E-02   0.65364E-02
 6149.46   0.62240E-02   0.64787E-02   0.64998E-02
 6163.06   0.61888E-02   0.64424E-02   0.64632E-02
 6176.67   0.61538E-02   0.64062E-02   0.64267E-02
 6190.27   0.61190E-02   0.63702E-02   0.63904E-02
 6203.88   0.60845E-02   0.63345E-02   0.63545E-02
 6217.48   0.60506E-02   0.62993E-02   0.63190E-02
 6231.09   0.60171E-02   0.62646E-02   0.62840E-02
 6244.69   0.59840E-02   0.62302E-02   0.62494E-02
 6258.30   0.59518E-02   0.61967E-02   0.62157E-02
 6271.90   0.59201E-02   0.61638E-02   0.61825E-02
 6285.51   0.58880E-02   0.61304E-02   0.61489E-02
 6299.11   0.58561E-02   0.60972E-02   0.61155E-02
 6312.72   0.58243E-02   0.60640E-02   0.60820E-02
 6326.32   0.57925E-02   0.60308E-02   0.60486E-02
 6339.93   0.57607E-02   0.59976E-02   0.60151E-02
 6353.53   0.57289E-02   0.59644E-02   0.59817E-02
 6367.14   0.56974E-02   0.59314E-02   0.59485E-02
 6380.74   0.56661E-02   0.58987E-02   0.59155E-02
 6394.35   0.56349E-02   0.58660E-02   0.58826E-02
 6407.95   0.56052E-02   0.58348E-02   0.58512E-02
 6421.56   0.55781E-02   0.58064E-02   0.58225E-02
 6435.16   0.55476E-02   0.57743E-02   0.57903E-02
 6448.77   0.55183E-02   0.57435E-02   0.57592E-02
 6462.37   0.54893E-02   0.57130E-02   0.57285E-02
 6475.98   0.54605E-02   0.56826E-02   0.56979E-02
 6489.58   0.54316E-02   0.56522E-02   0.56672E-02
 6503.19   0.54027E-02   0.56217E-02   0.56366E-02
 6516.79   0.53738E-02   0.55912E-02   0.56058E-02
 6530.40   0.53448E-02   0.55605E-02   0.55749E-02
 6544.00   0.53156E-02   0.55297E-02   0.55439E-02
 6557.61   0.52848E-02   0.54971E-02   0.55111E-02
 6571.21   0.52567E-02   0.54674E-02   0.54812E-02
 6584.82   0.52363E-02   0.54456E-02   0.54592E-02
 6598.42   0.52083E-02   0.54159E-02   0.54293E-02
 6612.03   0.51814E-02   0.53873E-02   0.54005E-02
 6625.63   0.51549E-02   0.53591E-02   0.53721E-02
 6639.24   0.51286E-02   0.53312E-02   0.53440E-02
 6652.84   0.51025E-02   0.53033E-02   0.53159E-02
 6666.45   0.50763E-02   0.52754E-02   0.52878E-02
 6680.05   0.50499E-02   0.52473E-02   0.52595E-02
 6693.66   0.50233E-02   0.52189E-02   0.52309E-02
 6707.26   0.49958E-02   0.51895E-02   0.52014E-02
 6720.87   0.49696E-02   0.51616E-02   0.51733E-02
 6734.47   0.49533E-02   0.51438E-02   0.51554E-02
 6748.08   0.49247E-02   0.51133E-02   0.51246E-02
 6761.68   0.48989E-02   0.50856E-02   0.50968E-02
 6775.29   0.48739E-02   0.50589E-02   0.50699E-02
 6788.89   0.48496E-02   0.50327E-02   0.50435E-02
 6802.50   0.48256E-02   0.50069E-02   0.50175E-02
 6816.10   0.48018E-02   0.49812E-02   0.49918E-02
 6829.71   0.47780E-02   0.49557E-02   0.49660E-02
 6843.31   0.47542E-02   0.49299E-02   0.49402E-02
 6856.92   0.47299E-02   0.49038E-02   0.49139E-02
 6870.52   0.47041E-02   0.48761E-02   0.48860E-02
 6884.13   0.46793E-02   0.48493E-02   0.48591E-02
 6897.73   0.46653E-02   0.48338E-02   0.48434E-02
 6911.34   0.46400E-02   0.48064E-02   0.48159E-02
 6924.94   0.46162E-02   0.47807E-02   0.47900E-02
 6938.55   0.45931E-02   0.47557E-02   0.47649E-02
 6952.15   0.45705E-02   0.47312E-02   0.47402E-02
 6965.76   0.45484E-02   0.47071E-02   0.47160E-02
 6979.36   0.45266E-02   0.46834E-02   0.46922E-02
 6992.97   0.45050E-02   0.46599E-02   0.46685E-02
 7006.57   0.44834E-02   0.46364E-02   0.46449E-02
 7020.18   0.44616E-02   0.46126E-02   0.46210E-02
 7033.78   0.44384E-02   0.45873E-02   0.45956E-02
 7047.39   0.44151E-02   0.45621E-02   0.45703E-02
 7060.99   0.44017E-02   0.45470E-02   0.45550E-02
 7074.60   0.43792E-02   0.45224E-02   0.45304E-02
 7088.20   0.43575E-02   0.44987E-02   0.45065E-02
 7101.81   0.43361E-02   0.44753E-02   0.44831E-02
 7115.41   0.43152E-02   0.44524E-02   0.44600E-02
 7129.02   0.42946E-02   0.44298E-02   0.44373E-02
 7142.62   0.42744E-02   0.44076E-02   0.44150E-02
 7156.23   0.42545E-02   0.43857E-02   0.43930E-02
 7169.83   0.42349E-02   0.43641E-02   0.43713E-02
 7183.44   0.42154E-02   0.43425E-02   0.43497E-02
 7197.04   0.41952E-02   0.43204E-02   0.43274E-02
 7210.65   0.41746E-02   0.42977E-02   0.43047E-02
 7224.25   0.41595E-02   0.42807E-02   0.42876E-02
 7237.86   0.41397E-02   0.42588E-02   0.42656E-02
 7251.46   0.41201E-02   0.42372E-02   0.42439E-02
 7265.07   0.41006E-02   0.42157E-02   0.42223E-02
 7278.67   0.40812E-02   0.41942E-02   0.42008E-02
 7292.28   0.40620E-02   0.41730E-02   0.41795E-02
 7305.88   0.40431E-02   0.41521E-02   0.41585E-02
 7319.49   0.40246E-02   0.41315E-02   0.41378E-02
 7333.09   0.40064E-02   0.41112E-02   0.41175E-02
 7346.70   0.39885E-02   0.40913E-02   0.40975E-02
 7360.30   0.39707E-02   0.40714E-02   0.40776E-02
 7373.91   0.39530E-02   0.40517E-02   0.40578E-02
 7387.51   0.39366E-02   0.40333E-02   0.40393E-02
 7401.12   0.39191E-02   0.40137E-02   0.40197E-02
 7414.72   0.39016E-02   0.39941E-02   0.40001E-02
 7428.33   0.38840E-02   0.39745E-02   0.39804E-02
 7441.93   0.38663E-02   0.39547E-02   0.39606E-02
 7455.54   0.38487E-02   0.39350E-02   0.39408E-02
 7469.14   0.38311E-02   0.39154E-02   0.39211E-02
 7482.75   0.38136E-02   0.38959E-02   0.39016E-02
 7496.35   0.37965E-02   0.38766E-02   0.38823E-02
 7509.96   0.37796E-02   0.38576E-02   0.38633E-02
 7523.56   0.37628E-02   0.38388E-02   0.38444E-02
 7537.17   0.37471E-02   0.38210E-02   0.38266E-02
 7550.77   0.37319E-02   0.38039E-02   0.38094E-02
 7564.38   0.37158E-02   0.37856E-02   0.37912E-02
 7577.98   0.36999E-02   0.37677E-02   0.37732E-02
 7591.59   0.36841E-02   0.37498E-02   0.37553E-02
 7605.19   0.36682E-02   0.37318E-02   0.37373E-02
 7618.80   0.36522E-02   0.37138E-02   0.37192E-02
 7632.40   0.36361E-02   0.36956E-02   0.37010E-02
 7646.01   0.36200E-02   0.36774E-02   0.36828E-02
 7659.61   0.36038E-02   0.36591E-02   0.36646E-02
 7673.22   0.35877E-02   0.36409E-02   0.36464E-02
 7686.82   0.35715E-02   0.36227E-02   0.36281E-02
 7700.43   0.35535E-02   0.36025E-02   0.36079E-02
 7714.03   0.35469E-02   0.35940E-02   0.35994E-02
 7727.64   0.35291E-02   0.35741E-02   0.35796E-02
 7741.24   0.35140E-02   0.35570E-02   0.35624E-02
 7754.85   0.34994E-02   0.35403E-02   0.35457E-02
 7768.45   0.34850E-02   0.35238E-02   0.35292E-02
 7782.06   0.34706E-02   0.35073E-02   0.35128E-02
 7795.66   0.34561E-02   0.34907E-02   0.34962E-02
 7809.27   0.34414E-02   0.34740E-02   0.34795E-02
 7822.87   0.34266E-02   0.34572E-02   0.34627E-02
 7836.48   0.34116E-02   0.34401E-02   0.34457E-02
 7850.08   0.33963E-02   0.34228E-02   0.34284E-02
 7863.69   0.33799E-02   0.34044E-02   0.34100E-02
 7877.29   0.33663E-02   0.33886E-02   0.33943E-02
 7890.90   0.33592E-02   0.33796E-02   0.33852E-02
 7904.50   0.33433E-02   0.33616E-02   0.33673E-02
 7918.11   0.33291E-02   0.33454E-02   0.33511E-02
 7931.71   0.33155E-02   0.33297E-02   0.33354E-02
 7945.32   0.33021E-02   0.33143E-02   0.33201E-02
 7958.92   0.32889E-02   0.32991E-02   0.33049E-02
 7972.53   0.32758E-02   0.32839E-02   0.32898E-02
 7986.13   0.32625E-02   0.32686E-02   0.32745E-02
 7999.74   0.32491E-02   0.32531E-02   0.32591E-02
 8013.34   0.32353E-02   0.32373E-02   0.32434E-02
 8026.95   0.32208E-02   0.32209E-02   0.32270E-02
 8040.55   0.32034E-02   0.32015E-02   0.32076E-02
 8054.16   0.31902E-02   0.31863E-02   0.31925E-02
 8067.76   0.31874E-02   0.31814E-02   0.31876E-02
 8081.37   0.31727E-02   0.31647E-02   0.31710E-02
 8094.97   0.31593E-02   0.31493E-02   0.31557E-02
 8108.58   0.31464E-02   0.31345E-02   0.31409E-02
 8122.18   0.31340E-02   0.31200E-02   0.31265E-02
 8135.79   0.31218E-02   0.31058E-02   0.31124E-02
 8149.39   0.31097E-02   0.30918E-02   0.30984E-02
 8163.00   0.30977E-02   0.30778E-02   0.30844E-02
 8176.60   0.30855E-02   0.30636E-02   0.30704E-02
 8190.21   0.30731E-02   0.30492E-02   0.30561E-02
 8203.81   0.30599E-02   0.30341E-02   0.30410E-02
 8217.42   0.30419E-02   0.30143E-02   0.30212E-02
 8231.02   0.30472E-02   0.30172E-02   0.30243E-02
 8244.63   0.30290E-02   0.29973E-02   0.30044E-02
 8258.23   0.30156E-02   0.29820E-02   0.29892E-02
 8271.84   0.30030E-02   0.29675E-02   0.29748E-02
 8285.44   0.29909E-02   0.29534E-02   0.29608E-02
 8299.05   0.29791E-02   0.29397E-02   0.29472E-02
 8312.65   0.29676E-02   0.29263E-02   0.29338E-02
 8326.26   0.29564E-02   0.29131E-02   0.29208E-02
 8339.86   0.29453E-02   0.29001E-02   0.29079E-02
 8353.47   0.29343E-02   0.28872E-02   0.28951E-02
 8367.07   0.29232E-02   0.28742E-02   0.28822E-02
 8380.68   0.29116E-02   0.28607E-02   0.28688E-02
 8394.28   0.28964E-02   0.28438E-02   0.28519E-02
 8407.89   0.28965E-02   0.28417E-02   0.28499E-02
 8421.49   0.28823E-02   0.28256E-02   0.28340E-02
 8435.10   0.28703E-02   0.28118E-02   0.28203E-02
 8448.70   0.28588E-02   0.27984E-02   0.28070E-02
 8462.31   0.28474E-02   0.27852E-02   0.27939E-02
 8475.91   0.28362E-02   0.27722E-02   0.27810E-02
 8489.52   0.28253E-02   0.27594E-02   0.27683E-02
 8503.12   0.28146E-02   0.27469E-02   0.27559E-02
 8516.73   0.28042E-02   0.27347E-02   0.27438E-02
 8530.33   0.27940E-02   0.27226E-02   0.27319E-02
 8543.94   0.27840E-02   0.27107E-02   0.27201E-02
 8557.54   0.27739E-02   0.26987E-02   0.27082E-02
 8571.15   0.27627E-02   0.26857E-02   0.26953E-02
 8584.75   0.27569E-02   0.26782E-02   0.26879E-02
 8598.36   0.27456E-02   0.26650E-02   0.26749E-02
 8611.96   0.27353E-02   0.26529E-02   0.26629E-02
 8625.57   0.27249E-02   0.26407E-02   0.26509E-02
 8639.17   0.27145E-02   0.26286E-02   0.26388E-02
 8652.78   0.27041E-02   0.26164E-02   0.26268E-02
 8666.38   0.26938E-02   0.26044E-02   0.26149E-02
 8679.99   0.26836E-02   0.25924E-02   0.26031E-02
 8693.59   0.26736E-02   0.25807E-02   0.25914E-02
 8707.20   0.26638E-02   0.25692E-02   0.25801E-02
 8720.80   0.26543E-02   0.25579E-02   0.25689E-02
 8734.41   0.26450E-02   0.25468E-02   0.25579E-02
 8748.01   0.26357E-02   0.25356E-02   0.25469E-02
 8761.62   0.26266E-02   0.25248E-02   0.25363E-02
 8775.22   0.26183E-02   0.25149E-02   0.25265E-02
 8788.83   0.26092E-02   0.25041E-02   0.25158E-02
 8802.43   0.26000E-02   0.24932E-02   0.25051E-02
 8816.04   0.25908E-02   0.24822E-02   0.24942E-02
 8829.64   0.25814E-02   0.24711E-02   0.24833E-02
 8843.25   0.25718E-02   0.24599E-02   0.24723E-02
 8856.85   0.25623E-02   0.24487E-02   0.24612E-02
 8870.46   0.25527E-02   0.24375E-02   0.24502E-02
 8884.06   0.25432E-02   0.24264E-02   0.24392E-02
 8897.67   0.25339E-02   0.24155E-02   0.24284E-02
 8911.27   0.25247E-02   0.24046E-02   0.24177E-02
 8924.88   0.25154E-02   0.23937E-02   0.24069E-02
 8938.48   0.25076E-02   0.23842E-02   0.23976E-02
 8952.09   0.25005E-02   0.23755E-02   0.23891E-02
 8965.69   0.24917E-02   0.23650E-02   0.23787E-02
 8979.30   0.24833E-02   0.23550E-02   0.23689E-02
 8992.90   0.24749E-02   0.23450E-02   0.23590E-02
 9006.51   0.24665E-02   0.23350E-02   0.23492E-02
 9020.11   0.24579E-02   0.23249E-02   0.23392E-02
 9033.72   0.24493E-02   0.23146E-02   0.23291E-02
 9047.32   0.24404E-02   0.23042E-02   0.23189E-02
 9060.93   0.24315E-02   0.22938E-02   0.23086E-02
 9074.53   0.24224E-02   0.22833E-02   0.22983E-02
 9088.14   0.24133E-02   0.22727E-02   0.22878E-02
 9101.74   0.24039E-02   0.22618E-02   0.22771E-02
 9115.35   0.23919E-02   0.22485E-02   0.22639E-02
 9128.95   0.23953E-02   0.22497E-02   0.22654E-02
 9142.56   0.23831E-02   0.22362E-02   0.22520E-02
 9156.16   0.23745E-02   0.22261E-02   0.22421E-02
 9169.77   0.23664E-02   0.22166E-02   0.22328E-02
 9183.37   0.23586E-02   0.22072E-02   0.22236E-02
 9196.98   0.23509E-02   0.21980E-02   0.22146E-02
 9210.58   0.23431E-02   0.21887E-02   0.22055E-02
 9224.19   0.23352E-02   0.21794E-02   0.21963E-02
 9237.79   0.23271E-02   0.21698E-02   0.21869E-02
 9251.40   0.23189E-02   0.21602E-02   0.21774E-02
 9265.00   0.23103E-02   0.21503E-02   0.21677E-02
 9278.61   0.23014E-02   0.21400E-02   0.21576E-02
 9292.21   0.22912E-02   0.21287E-02   0.21464E-02
 9305.82   0.22842E-02   0.21202E-02   0.21381E-02
 9319.42   0.22849E-02   0.21187E-02   0.21369E-02
 9333.03   0.22741E-02   0.21068E-02   0.21252E-02
 9346.63   0.22656E-02   0.20970E-02   0.21156E-02
 9360.24   0.22578E-02   0.20879E-02   0.21066E-02
 9373.84   0.22503E-02   0.20790E-02   0.20979E-02
 9387.45   0.22431E-02   0.20704E-02   0.20895E-02
 9401.05   0.22359E-02   0.20618E-02   0.20811E-02
 9414.66   0.22287E-02   0.20533E-02   0.20727E-02
 9428.26   0.22214E-02   0.20446E-02   0.20643E-02
 9441.87   0.22138E-02   0.20357E-02   0.20556E-02
 9455.47   0.22059E-02   0.20266E-02   0.20467E-02
 9469.08   0.21974E-02   0.20169E-02   0.20371E-02
 9482.68   0.21866E-02   0.20052E-02   0.20255E-02
 9496.29   0.21799E-02   0.19972E-02   0.20177E-02
 9509.89   0.21823E-02   0.19973E-02   0.20182E-02
 9523.50   0.21724E-02   0.19864E-02   0.20074E-02
 9537.10   0.21641E-02   0.19770E-02   0.19982E-02
 9550.71   0.21565E-02   0.19682E-02   0.19896E-02
 9564.31   0.21492E-02   0.19597E-02   0.19813E-02
 9577.92   0.21422E-02   0.19515E-02   0.19733E-02
 9591.52   0.21354E-02   0.19434E-02   0.19654E-02
 9605.13   0.21287E-02   0.19355E-02   0.19577E-02
 9618.73   0.21221E-02   0.19276E-02   0.19499E-02
 9632.34   0.21153E-02   0.19196E-02   0.19421E-02
 9645.94   0.21082E-02   0.19114E-02   0.19341E-02
 9659.55   0.21006E-02   0.19026E-02   0.19256E-02
 9673.15   0.20905E-02   0.18917E-02   0.19148E-02
 9686.76   0.20837E-02   0.18838E-02   0.19071E-02
 9700.36   0.20859E-02   0.18838E-02   0.19074E-02
 9713.97   0.20770E-02   0.18741E-02   0.18978E-02
 9727.57   0.20692E-02   0.18653E-02   0.18892E-02
 9741.18   0.20618E-02   0.18569E-02   0.18810E-02
 9754.78   0.20547E-02   0.18487E-02   0.18730E-02
 9768.39   0.20479E-02   0.18408E-02   0.18653E-02
 9781.99   0.20412E-02   0.18330E-02   0.18578E-02
 9795.60   0.20348E-02   0.18255E-02   0.18505E-02
 9809.20   0.20286E-02   0.18181E-02   0.18433E-02
 9822.81   0.20224E-02   0.18108E-02   0.18362E-02
 9836.41   0.20161E-02   0.18034E-02   0.18290E-02
 9850.02   0.20096E-02   0.17958E-02   0.18216E-02
 9863.62   0.20017E-02   0.17871E-02   0.18130E-02
 9877.23   0.19949E-02   0.17794E-02   0.18055E-02
 9890.83   0.19944E-02   0.17771E-02   0.18036E-02
 9904.44   0.19868E-02   0.17687E-02   0.17954E-02
 9918.04   0.19798E-02   0.17608E-02   0.17876E-02
 9931.65   0.19729E-02   0.17530E-02   0.17800E-02
 9945.25   0.19661E-02   0.17453E-02   0.17725E-02
 9958.86   0.19594E-02   0.17377E-02   0.17651E-02
 9972.46   0.19529E-02   0.17302E-02   0.17578E-02
 9986.07   0.19465E-02   0.17229E-02   0.17507E-02
 9999.67   0.19404E-02   0.17158E-02   0.17438E-02
