 1632.60   0.21644E+00   0.21115E+00   0.20596E+00
 1646.20   0.21385E+00   0.20857E+00   0.20346E+00
 1659.81   0.21129E+00   0.20603E+00   0.20099E+00
 1673.41   0.20875E+00   0.20352E+00   0.19855E+00
 1687.02   0.20625E+00   0.20104E+00   0.19613E+00
 1700.62   0.20379E+00   0.19860E+00   0.19376E+00
 1714.23   0.20137E+00   0.19620E+00   0.19143E+00
 1727.83   0.19900E+00   0.19385E+00   0.18915E+00
 1741.44   0.19665E+00   0.19153E+00   0.18689E+00
 1755.04   0.19434E+00   0.18924E+00   0.18466E+00
 1768.65   0.19205E+00   0.18697E+00   0.18246E+00
 1782.25   0.18979E+00   0.18474E+00   0.18029E+00
 1795.86   0.18755E+00   0.18253E+00   0.17814E+00
 1809.46   0.18540E+00   0.18041E+00   0.17608E+00
 1823.07   0.18325E+00   0.17828E+00   0.17402E+00
 1836.67   0.18113E+00   0.17619E+00   0.17199E+00
 1850.28   0.17904E+00   0.17413E+00   0.16998E+00
 1863.88   0.17697E+00   0.17209E+00   0.16800E+00
 1877.49   0.17491E+00   0.17006E+00   0.16603E+00
 1891.09   0.17296E+00   0.16814E+00   0.16416E+00
 1904.70   0.17097E+00   0.16617E+00   0.16225E+00
 1918.30   0.16902E+00   0.16426E+00   0.16039E+00
 1931.91   0.16711E+00   0.16237E+00   0.15856E+00
 1945.51   0.16521E+00   0.16050E+00   0.15675E+00
 1959.12   0.16333E+00   0.15865E+00   0.15495E+00
 1972.72   0.16156E+00   0.15691E+00   0.15326E+00
 1986.33   0.15969E+00   0.15508E+00   0.15148E+00
 1999.93   0.15789E+00   0.15331E+00   0.14976E+00
 2013.54   0.15613E+00   0.15158E+00   0.14808E+00
 2027.14   0.15439E+00   0.14987E+00   0.14642E+00
 2040.75   0.15267E+00   0.14818E+00   0.14478E+00
 2054.35   0.15094E+00   0.14648E+00   0.14314E+00
 2067.96   0.14932E+00   0.14490E+00   0.14160E+00
 2081.56   0.14766E+00   0.14327E+00   0.14002E+00
 2095.17   0.14603E+00   0.14167E+00   0.13847E+00
 2108.77   0.14443E+00   0.14010E+00   0.13694E+00
 2122.38   0.14285E+00   0.13855E+00   0.13544E+00
 2135.98   0.14129E+00   0.13702E+00   0.13396E+00
 2149.59   0.13977E+00   0.13555E+00   0.13252E+00
 2163.19   0.13824E+00   0.13404E+00   0.13106E+00
 2176.80   0.13673E+00   0.13257E+00   0.12963E+00
 2190.40   0.13525E+00   0.13112E+00   0.12823E+00
 2204.01   0.13379E+00   0.12969E+00   0.12684E+00
 2217.61   0.13235E+00   0.12829E+00   0.12548E+00
 2231.22   0.13093E+00   0.12690E+00   0.12413E+00
 2244.82   0.12953E+00   0.12554E+00   0.12281E+00
 2258.43   0.12815E+00   0.12419E+00   0.12150E+00
 2272.03   0.12678E+00   0.12285E+00   0.12020E+00
 2285.64   0.12542E+00   0.12153E+00   0.11892E+00
 2299.24   0.12409E+00   0.12023E+00   0.11766E+00
 2312.85   0.12277E+00   0.11895E+00   0.11642E+00
 2326.45   0.12148E+00   0.11769E+00   0.11520E+00
 2340.06   0.12021E+00   0.11645E+00   0.11399E+00
 2353.66   0.11894E+00   0.11523E+00   0.11280E+00
 2367.27   0.11770E+00   0.11401E+00   0.11162E+00
 2380.87   0.11646E+00   0.11281E+00   0.11046E+00
 2394.48   0.11524E+00   0.11162E+00   0.10931E+00
 2408.08   0.11403E+00   0.11045E+00   0.10817E+00
 2421.69   0.11285E+00   0.10931E+00   0.10706E+00
 2435.29   0.11169E+00   0.10818E+00   0.10596E+00
 2448.90   0.11054E+00   0.10706E+00   0.10488E+00
 2462.50   0.10940E+00   0.10596E+00   0.10381E+00
 2476.11   0.10827E+00   0.10486E+00   0.10274E+00
 2489.71   0.10715E+00   0.10378E+00   0.10169E+00
 2503.32   0.10604E+00   0.10270E+00   0.10065E+00
 2516.92   0.10493E+00   0.10163E+00   0.99608E-01
 2530.53   0.10390E+00   0.10063E+00   0.98637E-01
 2544.13   0.10284E+00   0.99604E-01   0.97642E-01
 2557.74   0.10180E+00   0.98595E-01   0.96662E-01
 2571.34   0.10077E+00   0.97598E-01   0.95695E-01
 2584.95   0.99744E-01   0.96610E-01   0.94736E-01
 2598.55   0.98729E-01   0.95629E-01   0.93783E-01
 2612.16   0.97713E-01   0.94648E-01   0.92831E-01
 2625.76   0.96769E-01   0.93737E-01   0.91946E-01
 2639.37   0.95790E-01   0.92792E-01   0.91028E-01
 2652.97   0.94830E-01   0.91866E-01   0.90130E-01
 2666.58   0.93885E-01   0.90955E-01   0.89245E-01
 2680.18   0.92951E-01   0.90054E-01   0.88370E-01
 2693.79   0.92024E-01   0.89161E-01   0.87503E-01
 2707.39   0.91090E-01   0.88260E-01   0.86629E-01
 2721.00   0.90233E-01   0.87436E-01   0.85828E-01
 2734.60   0.89323E-01   0.86559E-01   0.84977E-01
 2748.21   0.88437E-01   0.85706E-01   0.84148E-01
 2761.81   0.87565E-01   0.84868E-01   0.83334E-01
 2775.42   0.86707E-01   0.84042E-01   0.82532E-01
 2789.02   0.85858E-01   0.83226E-01   0.81740E-01
 2802.63   0.85016E-01   0.82416E-01   0.80953E-01
 2816.23   0.84157E-01   0.81591E-01   0.80151E-01
 2829.84   0.83379E-01   0.80844E-01   0.79425E-01
 2843.44   0.82561E-01   0.80058E-01   0.78662E-01
 2857.05   0.81755E-01   0.79285E-01   0.77911E-01
 2870.65   0.80961E-01   0.78524E-01   0.77171E-01
 2884.26   0.80180E-01   0.77774E-01   0.76442E-01
 2897.86   0.79409E-01   0.77035E-01   0.75724E-01
 2911.47   0.78644E-01   0.76302E-01   0.75011E-01
 2925.07   0.77902E-01   0.75591E-01   0.74321E-01
 2938.68   0.77151E-01   0.74871E-01   0.73621E-01
 2952.28   0.76409E-01   0.74161E-01   0.72931E-01
 2965.89   0.75676E-01   0.73459E-01   0.72248E-01
 2979.49   0.74952E-01   0.72766E-01   0.71575E-01
 2993.10   0.74239E-01   0.72084E-01   0.70911E-01
 3006.70   0.73535E-01   0.71411E-01   0.70257E-01
 3020.31   0.72841E-01   0.70747E-01   0.69612E-01
 3033.91   0.72156E-01   0.70093E-01   0.68975E-01
 3047.52   0.71477E-01   0.69443E-01   0.68343E-01
 3061.12   0.70802E-01   0.68799E-01   0.67717E-01
 3074.73   0.70134E-01   0.68161E-01   0.67096E-01
 3088.33   0.69472E-01   0.67529E-01   0.66481E-01
 3101.94   0.68819E-01   0.66905E-01   0.65874E-01
 3115.54   0.68174E-01   0.66290E-01   0.65275E-01
 3129.15   0.67540E-01   0.65685E-01   0.64687E-01
 3142.75   0.66915E-01   0.65089E-01   0.64107E-01
 3156.36   0.66295E-01   0.64498E-01   0.63532E-01
 3169.96   0.65681E-01   0.63913E-01   0.62962E-01
 3183.57   0.65072E-01   0.63333E-01   0.62397E-01
 3197.17   0.64468E-01   0.62757E-01   0.61837E-01
 3210.78   0.63869E-01   0.62187E-01   0.61282E-01
 3224.38   0.63276E-01   0.61622E-01   0.60732E-01
 3237.99   0.62691E-01   0.61065E-01   0.60189E-01
 3251.59   0.62130E-01   0.60532E-01   0.59669E-01
 3265.20   0.61560E-01   0.59990E-01   0.59141E-01
 3278.80   0.60999E-01   0.59456E-01   0.58622E-01
 3292.41   0.60444E-01   0.58928E-01   0.58107E-01
 3306.01   0.59892E-01   0.58404E-01   0.57596E-01
 3319.62   0.59345E-01   0.57883E-01   0.57089E-01
 3333.22   0.58800E-01   0.57365E-01   0.56584E-01
 3346.83   0.58259E-01   0.56851E-01   0.56083E-01
 3360.43   0.57756E-01   0.56374E-01   0.55618E-01
 3374.04   0.57227E-01   0.55872E-01   0.55129E-01
 3387.64   0.56711E-01   0.55382E-01   0.54651E-01
 3401.25   0.56202E-01   0.54899E-01   0.54180E-01
 3414.85   0.55699E-01   0.54421E-01   0.53714E-01
 3428.46   0.55199E-01   0.53947E-01   0.53251E-01
 3442.06   0.54701E-01   0.53475E-01   0.52791E-01
 3455.67   0.54196E-01   0.52996E-01   0.52323E-01
 3469.27   0.53755E-01   0.52579E-01   0.51917E-01
 3482.88   0.53258E-01   0.52107E-01   0.51456E-01
 3496.48   0.52781E-01   0.51655E-01   0.51015E-01
 3510.09   0.52312E-01   0.51210E-01   0.50581E-01
 3523.69   0.51850E-01   0.50773E-01   0.50154E-01
 3537.30   0.51393E-01   0.50340E-01   0.49731E-01
 3550.90   0.50939E-01   0.49911E-01   0.49312E-01
 3564.51   0.50486E-01   0.49481E-01   0.48893E-01
 3578.11   0.50024E-01   0.49043E-01   0.48465E-01
 3591.72   0.49618E-01   0.48660E-01   0.48091E-01
 3605.32   0.49176E-01   0.48242E-01   0.47682E-01
 3618.93   0.48743E-01   0.47832E-01   0.47281E-01
 3632.53   0.48316E-01   0.47428E-01   0.46887E-01
 3646.14   0.47895E-01   0.47030E-01   0.46498E-01
 3659.74   0.47480E-01   0.46637E-01   0.46114E-01
 3673.35   0.47069E-01   0.46248E-01   0.45733E-01
 3686.95   0.46655E-01   0.45857E-01   0.45351E-01
 3700.56   0.46271E-01   0.45495E-01   0.44997E-01
 3714.16   0.45863E-01   0.45109E-01   0.44620E-01
 3727.77   0.45464E-01   0.44732E-01   0.44250E-01
 3741.37   0.45070E-01   0.44359E-01   0.43885E-01
 3754.98   0.44680E-01   0.43990E-01   0.43525E-01
 3768.58   0.44296E-01   0.43628E-01   0.43170E-01
 3782.19   0.43917E-01   0.43270E-01   0.42820E-01
 3795.79   0.43543E-01   0.42917E-01   0.42474E-01
 3809.40   0.43171E-01   0.42565E-01   0.42131E-01
 3823.00   0.42809E-01   0.42224E-01   0.41796E-01
 3836.61   0.42444E-01   0.41879E-01   0.41459E-01
 3850.21   0.42082E-01   0.41537E-01   0.41124E-01
 3863.82   0.41723E-01   0.41198E-01   0.40792E-01
 3877.42   0.41367E-01   0.40862E-01   0.40462E-01
 3891.03   0.41016E-01   0.40531E-01   0.40137E-01
 3904.63   0.40669E-01   0.40203E-01   0.39817E-01
 3918.24   0.40327E-01   0.39881E-01   0.39501E-01
 3931.84   0.39990E-01   0.39563E-01   0.39189E-01
 3945.45   0.39657E-01   0.39248E-01   0.38881E-01
 3959.05   0.39326E-01   0.38936E-01   0.38574E-01
 3972.66   0.38997E-01   0.38626E-01   0.38270E-01
 3986.26   0.38670E-01   0.38318E-01   0.37968E-01
 3999.87   0.38346E-01   0.38011E-01   0.37667E-01
 4013.47   0.38024E-01   0.37708E-01   0.37369E-01
 4027.08   0.37705E-01   0.37407E-01   0.37074E-01
 4040.68   0.37390E-01   0.37109E-01   0.36782E-01
 4054.29   0.37080E-01   0.36818E-01   0.36496E-01
 4067.89   0.36780E-01   0.36535E-01   0.36218E-01
 4081.50   0.36477E-01   0.36249E-01   0.35937E-01
 4095.10   0.36177E-01   0.35966E-01   0.35660E-01
 4108.71   0.35880E-01   0.35686E-01   0.35384E-01
 4122.31   0.35584E-01   0.35407E-01   0.35110E-01
 4135.92   0.35290E-01   0.35129E-01   0.34838E-01
 4149.52   0.34998E-01   0.34853E-01   0.34566E-01
 4163.13   0.34706E-01   0.34578E-01   0.34296E-01
 4176.73   0.34419E-01   0.34307E-01   0.34029E-01
 4190.34   0.34154E-01   0.34058E-01   0.33784E-01
 4203.94   0.33873E-01   0.33792E-01   0.33524E-01
 4217.55   0.33598E-01   0.33533E-01   0.33269E-01
 4231.15   0.33327E-01   0.33277E-01   0.33017E-01
 4244.76   0.33057E-01   0.33023E-01   0.32767E-01
 4258.36   0.32790E-01   0.32771E-01   0.32518E-01
 4271.97   0.32523E-01   0.32519E-01   0.32270E-01
 4285.57   0.32256E-01   0.32266E-01   0.32022E-01
 4299.18   0.31971E-01   0.31996E-01   0.31756E-01
 4312.78   0.31757E-01   0.31797E-01   0.31560E-01
 4326.39   0.31493E-01   0.31547E-01   0.31314E-01
 4339.99   0.31238E-01   0.31307E-01   0.31077E-01
 4353.60   0.30989E-01   0.31071E-01   0.30845E-01
 4367.20   0.30742E-01   0.30838E-01   0.30616E-01
 4380.81   0.30498E-01   0.30608E-01   0.30389E-01
 4394.41   0.30255E-01   0.30379E-01   0.30163E-01
 4408.02   0.30013E-01   0.30150E-01   0.29937E-01
 4421.62   0.29765E-01   0.29915E-01   0.29706E-01
 4435.23   0.29574E-01   0.29738E-01   0.29531E-01
 4448.83   0.29314E-01   0.29490E-01   0.29287E-01
 4462.44   0.29077E-01   0.29266E-01   0.29066E-01
 4476.04   0.28846E-01   0.29048E-01   0.28850E-01
 4489.65   0.28619E-01   0.28833E-01   0.28638E-01
 4503.25   0.28394E-01   0.28621E-01   0.28429E-01
 4516.86   0.28173E-01   0.28412E-01   0.28222E-01
 4530.46   0.27953E-01   0.28203E-01   0.28017E-01
 4544.07   0.27732E-01   0.27995E-01   0.27811E-01
 4557.67   0.27511E-01   0.27785E-01   0.27604E-01
 4571.28   0.27315E-01   0.27601E-01   0.27423E-01
 4584.88   0.27096E-01   0.27394E-01   0.27217E-01
 4598.49   0.26882E-01   0.27191E-01   0.27017E-01
 4612.09   0.26672E-01   0.26992E-01   0.26820E-01
 4625.70   0.26464E-01   0.26795E-01   0.26626E-01
 4639.30   0.26260E-01   0.26602E-01   0.26435E-01
 4652.91   0.26058E-01   0.26411E-01   0.26246E-01
 4666.51   0.25858E-01   0.26222E-01   0.26059E-01
 4680.12   0.25659E-01   0.26033E-01   0.25873E-01
 4693.72   0.25457E-01   0.25841E-01   0.25682E-01
 4707.33   0.25274E-01   0.25669E-01   0.25512E-01
 4720.93   0.25079E-01   0.25484E-01   0.25329E-01
 4734.54   0.24885E-01   0.25300E-01   0.25147E-01
 4748.14   0.24694E-01   0.25118E-01   0.24967E-01
 4761.75   0.24504E-01   0.24938E-01   0.24789E-01
 4775.35   0.24317E-01   0.24761E-01   0.24613E-01
 4788.96   0.24132E-01   0.24585E-01   0.24440E-01
 4802.56   0.23950E-01   0.24413E-01   0.24269E-01
 4816.17   0.23770E-01   0.24242E-01   0.24100E-01
 4829.77   0.23594E-01   0.24075E-01   0.23934E-01
 4843.38   0.23417E-01   0.23906E-01   0.23767E-01
 4856.98   0.23241E-01   0.23739E-01   0.23601E-01
 4870.59   0.23066E-01   0.23573E-01   0.23436E-01
 4884.19   0.22891E-01   0.23407E-01   0.23272E-01
 4897.80   0.22718E-01   0.23242E-01   0.23108E-01
 4911.40   0.22547E-01   0.23079E-01   0.22946E-01
 4925.01   0.22377E-01   0.22917E-01   0.22786E-01
 4938.61   0.22210E-01   0.22758E-01   0.22628E-01
 4952.22   0.22044E-01   0.22600E-01   0.22472E-01
 4965.82   0.21885E-01   0.22449E-01   0.22322E-01
 4979.43   0.21723E-01   0.22295E-01   0.22169E-01
 4993.03   0.21564E-01   0.22143E-01   0.22018E-01
 5006.64   0.21405E-01   0.21992E-01   0.21868E-01
 5020.24   0.21247E-01   0.21841E-01   0.21718E-01
 5033.85   0.21089E-01   0.21690E-01   0.21568E-01
 5047.45   0.20933E-01   0.21541E-01   0.21420E-01
 5061.06   0.20777E-01   0.21392E-01   0.21272E-01
 5074.66   0.20622E-01   0.21244E-01   0.21125E-01
 5088.27   0.20467E-01   0.21095E-01   0.20977E-01
 5101.87   0.20334E-01   0.20969E-01   0.20852E-01
 5115.48   0.20180E-01   0.20821E-01   0.20705E-01
 5129.08   0.20033E-01   0.20681E-01   0.20565E-01
 5142.69   0.19888E-01   0.20542E-01   0.20427E-01
 5156.29   0.19745E-01   0.20405E-01   0.20291E-01
 5169.90   0.19602E-01   0.20268E-01   0.20155E-01
 5183.50   0.19459E-01   0.20131E-01   0.20019E-01
 5197.11   0.19317E-01   0.19995E-01   0.19883E-01
 5210.71   0.19175E-01   0.19858E-01   0.19747E-01
 5224.32   0.19030E-01   0.19719E-01   0.19608E-01
 5237.92   0.18888E-01   0.19582E-01   0.19471E-01
 5251.53   0.18772E-01   0.19472E-01   0.19362E-01
 5265.13   0.18635E-01   0.19340E-01   0.19231E-01
 5278.74   0.18502E-01   0.19212E-01   0.19104E-01
 5292.34   0.18371E-01   0.19086E-01   0.18978E-01
 5305.95   0.18241E-01   0.18961E-01   0.18853E-01
 5319.55   0.18111E-01   0.18837E-01   0.18729E-01
 5333.16   0.17982E-01   0.18712E-01   0.18606E-01
 5346.76   0.17853E-01   0.18588E-01   0.18481E-01
 5360.37   0.17722E-01   0.18461E-01   0.18354E-01
 5373.97   0.17592E-01   0.18335E-01   0.18229E-01
 5387.58   0.17489E-01   0.18238E-01   0.18132E-01
 5401.18   0.17359E-01   0.18112E-01   0.18006E-01
 5414.79   0.17235E-01   0.17992E-01   0.17887E-01
 5428.39   0.17114E-01   0.17874E-01   0.17770E-01
 5442.00   0.16995E-01   0.17759E-01   0.17655E-01
 5455.60   0.16877E-01   0.17645E-01   0.17541E-01
 5469.21   0.16760E-01   0.17532E-01   0.17428E-01
 5482.81   0.16643E-01   0.17419E-01   0.17315E-01
 5496.42   0.16526E-01   0.17305E-01   0.17202E-01
 5510.02   0.16402E-01   0.17184E-01   0.17081E-01
 5523.63   0.16324E-01   0.17111E-01   0.17008E-01
 5537.23   0.16194E-01   0.16983E-01   0.16880E-01
 5550.84   0.16078E-01   0.16871E-01   0.16768E-01
 5564.44   0.15965E-01   0.16761E-01   0.16658E-01
 5578.05   0.15854E-01   0.16653E-01   0.16550E-01
 5591.65   0.15746E-01   0.16547E-01   0.16445E-01
 5605.26   0.15638E-01   0.16443E-01   0.16340E-01
 5618.86   0.15532E-01   0.16340E-01   0.16237E-01
 5632.47   0.15427E-01   0.16237E-01   0.16135E-01
 5646.07   0.15321E-01   0.16134E-01   0.16031E-01
 5659.68   0.15214E-01   0.16029E-01   0.15927E-01
 5673.28   0.15125E-01   0.15943E-01   0.15840E-01
 5686.89   0.15018E-01   0.15838E-01   0.15735E-01
 5700.49   0.14914E-01   0.15736E-01   0.15634E-01
 5714.10   0.14812E-01   0.15636E-01   0.15533E-01
 5727.70   0.14710E-01   0.15537E-01   0.15434E-01
 5741.31   0.14611E-01   0.15439E-01   0.15336E-01
 5754.91   0.14513E-01   0.15343E-01   0.15240E-01
 5768.52   0.14416E-01   0.15248E-01   0.15146E-01
 5782.12   0.14321E-01   0.15155E-01   0.15052E-01
 5795.73   0.14226E-01   0.15062E-01   0.14958E-01
 5809.33   0.14130E-01   0.14967E-01   0.14864E-01
 5822.94   0.14043E-01   0.14882E-01   0.14778E-01
 5836.54   0.13949E-01   0.14789E-01   0.14686E-01
 5850.15   0.13856E-01   0.14697E-01   0.14594E-01
 5863.75   0.13763E-01   0.14606E-01   0.14502E-01
 5877.36   0.13671E-01   0.14515E-01   0.14411E-01
 5890.96   0.13580E-01   0.14425E-01   0.14321E-01
 5904.57   0.13490E-01   0.14336E-01   0.14232E-01
 5918.17   0.13401E-01   0.14248E-01   0.14144E-01
 5931.78   0.13314E-01   0.14162E-01   0.14057E-01
 5945.38   0.13228E-01   0.14077E-01   0.13972E-01
 5958.99   0.13143E-01   0.13993E-01   0.13888E-01
 5972.59   0.13059E-01   0.13910E-01   0.13805E-01
 5986.20   0.12975E-01   0.13827E-01   0.13721E-01
 5999.80   0.12892E-01   0.13744E-01   0.13638E-01
 6013.41   0.12808E-01   0.13661E-01   0.13554E-01
 6027.01   0.12725E-01   0.13577E-01   0.13471E-01
 6040.62   0.12641E-01   0.13495E-01   0.13388E-01
 6054.22   0.12559E-01   0.13412E-01   0.13305E-01
 6067.83   0.12477E-01   0.13331E-01   0.13224E-01
 6081.43   0.12396E-01   0.13250E-01   0.13143E-01
 6095.04   0.12316E-01   0.13170E-01   0.13062E-01
 6108.64   0.12240E-01   0.13094E-01   0.12986E-01
 6122.25   0.12165E-01   0.13019E-01   0.12911E-01
 6135.85   0.12088E-01   0.12943E-01   0.12834E-01
 6149.46   0.12013E-01   0.12867E-01   0.12758E-01
 6163.06   0.11937E-01   0.12791E-01   0.12682E-01
 6176.67   0.11862E-01   0.12716E-01   0.12606E-01
 6190.27   0.11787E-01   0.12640E-01   0.12530E-01
 6203.88   0.11711E-01   0.12564E-01   0.12454E-01
 6217.48   0.11636E-01   0.12488E-01   0.12378E-01
 6231.09   0.11561E-01   0.12413E-01   0.12302E-01
 6244.69   0.11486E-01   0.12336E-01   0.12225E-01
 6258.30   0.11414E-01   0.12264E-01   0.12153E-01
 6271.90   0.11353E-01   0.12203E-01   0.12091E-01
 6285.51   0.11281E-01   0.12130E-01   0.12018E-01
 6299.11   0.11211E-01   0.12060E-01   0.11947E-01
 6312.72   0.11143E-01   0.11990E-01   0.11877E-01
 6326.32   0.11075E-01   0.11921E-01   0.11808E-01
 6339.93   0.11007E-01   0.11853E-01   0.11739E-01
 6353.53   0.10939E-01   0.11784E-01   0.11670E-01
 6367.14   0.10871E-01   0.11714E-01   0.11600E-01
 6380.74   0.10802E-01   0.11644E-01   0.11530E-01
 6394.35   0.10732E-01   0.11573E-01   0.11458E-01
 6407.95   0.10665E-01   0.11505E-01   0.11389E-01
 6421.56   0.10618E-01   0.11458E-01   0.11342E-01
 6435.16   0.10546E-01   0.11384E-01   0.11268E-01
 6448.77   0.10481E-01   0.11317E-01   0.11201E-01
 6462.37   0.10417E-01   0.11252E-01   0.11135E-01
 6475.98   0.10355E-01   0.11188E-01   0.11071E-01
 6489.58   0.10293E-01   0.11125E-01   0.11008E-01
 6503.19   0.10232E-01   0.11063E-01   0.10945E-01
 6516.79   0.10171E-01   0.11000E-01   0.10881E-01
 6530.40   0.10109E-01   0.10936E-01   0.10818E-01
 6544.00   0.10047E-01   0.10872E-01   0.10753E-01
 6557.61   0.99787E-02   0.10801E-01   0.10682E-01
 6571.21   0.99135E-02   0.10734E-01   0.10614E-01
 6584.82   0.98784E-02   0.10699E-01   0.10578E-01
 6598.42   0.98159E-02   0.10634E-01   0.10513E-01
 6612.03   0.97563E-02   0.10572E-01   0.10451E-01
 6625.63   0.96983E-02   0.10512E-01   0.10391E-01
 6639.24   0.96414E-02   0.10454E-01   0.10332E-01
 6652.84   0.95856E-02   0.10396E-01   0.10273E-01
 6666.45   0.95303E-02   0.10338E-01   0.10216E-01
 6680.05   0.94752E-02   0.10281E-01   0.10158E-01
 6693.66   0.94198E-02   0.10223E-01   0.10100E-01
 6707.26   0.93629E-02   0.10164E-01   0.10041E-01
 6720.87   0.93063E-02   0.10105E-01   0.99811E-02
 6734.47   0.92701E-02   0.10068E-01   0.99434E-02
 6748.08   0.92096E-02   0.10004E-01   0.98796E-02
 6761.68   0.91539E-02   0.99462E-02   0.98210E-02
 6775.29   0.90997E-02   0.98895E-02   0.97639E-02
 6788.89   0.90466E-02   0.98338E-02   0.97079E-02
 6802.50   0.89946E-02   0.97792E-02   0.96529E-02
 6816.10   0.89435E-02   0.97256E-02   0.95990E-02
 6829.71   0.88933E-02   0.96728E-02   0.95458E-02
 6843.31   0.88436E-02   0.96205E-02   0.94932E-02
 6856.92   0.87941E-02   0.95684E-02   0.94407E-02
 6870.52   0.87434E-02   0.95150E-02   0.93869E-02
 6884.13   0.86920E-02   0.94606E-02   0.93322E-02
 6897.73   0.86534E-02   0.94202E-02   0.92913E-02
 6911.34   0.86026E-02   0.93664E-02   0.92372E-02
 6924.94   0.85531E-02   0.93139E-02   0.91843E-02
 6938.55   0.85040E-02   0.92618E-02   0.91320E-02
 6952.15   0.84555E-02   0.92103E-02   0.90802E-02
 6965.76   0.84077E-02   0.91595E-02   0.90290E-02
 6979.36   0.83608E-02   0.91095E-02   0.89787E-02
 6992.97   0.83147E-02   0.90604E-02   0.89293E-02
 7006.57   0.82694E-02   0.90122E-02   0.88807E-02
 7020.18   0.82248E-02   0.89645E-02   0.88327E-02
 7033.78   0.81803E-02   0.89170E-02   0.87848E-02
 7047.39   0.81350E-02   0.88685E-02   0.87360E-02
 7060.99   0.80947E-02   0.88254E-02   0.86925E-02
 7074.60   0.80507E-02   0.87782E-02   0.86450E-02
 7088.20   0.80067E-02   0.87310E-02   0.85975E-02
 7101.81   0.79627E-02   0.86837E-02   0.85499E-02
 7115.41   0.79187E-02   0.86364E-02   0.85023E-02
 7129.02   0.78750E-02   0.85893E-02   0.84549E-02
 7142.62   0.78317E-02   0.85426E-02   0.84079E-02
 7156.23   0.77891E-02   0.84966E-02   0.83616E-02
 7169.83   0.77472E-02   0.84513E-02   0.83160E-02
 7183.44   0.77061E-02   0.84068E-02   0.82712E-02
 7197.04   0.76656E-02   0.83629E-02   0.82269E-02
 7210.65   0.76265E-02   0.83204E-02   0.81842E-02
 7224.25   0.75874E-02   0.82781E-02   0.81415E-02
 7237.86   0.75482E-02   0.82354E-02   0.80986E-02
 7251.46   0.75091E-02   0.81928E-02   0.80557E-02
 7265.07   0.74698E-02   0.81500E-02   0.80126E-02
 7278.67   0.74304E-02   0.81070E-02   0.79693E-02
 7292.28   0.73908E-02   0.80637E-02   0.79258E-02
 7305.88   0.73513E-02   0.80205E-02   0.78823E-02
 7319.49   0.73119E-02   0.79774E-02   0.78389E-02
 7333.09   0.72729E-02   0.79345E-02   0.77959E-02
 7346.70   0.72342E-02   0.78921E-02   0.77532E-02
 7360.30   0.71952E-02   0.78492E-02   0.77100E-02
 7373.91   0.71602E-02   0.78105E-02   0.76711E-02
 7387.51   0.71277E-02   0.77749E-02   0.76352E-02
 7401.12   0.70911E-02   0.77344E-02   0.75944E-02
 7414.72   0.70555E-02   0.76950E-02   0.75548E-02
 7428.33   0.70202E-02   0.76560E-02   0.75155E-02
 7441.93   0.69850E-02   0.76169E-02   0.74762E-02
 7455.54   0.69496E-02   0.75777E-02   0.74368E-02
 7469.14   0.69140E-02   0.75382E-02   0.73970E-02
 7482.75   0.68782E-02   0.74984E-02   0.73571E-02
 7496.35   0.68422E-02   0.74584E-02   0.73168E-02
 7509.96   0.68059E-02   0.74180E-02   0.72763E-02
 7523.56   0.67685E-02   0.73763E-02   0.72345E-02
 7537.17   0.67354E-02   0.73393E-02   0.71973E-02
 7550.77   0.67133E-02   0.73142E-02   0.71718E-02
 7564.38   0.66761E-02   0.72727E-02   0.71302E-02
 7577.98   0.66425E-02   0.72351E-02   0.70923E-02
 7591.59   0.66101E-02   0.71986E-02   0.70556E-02
 7605.19   0.65782E-02   0.71626E-02   0.70195E-02
 7618.80   0.65465E-02   0.71269E-02   0.69835E-02
 7632.40   0.65147E-02   0.70911E-02   0.69476E-02
 7646.01   0.64827E-02   0.70550E-02   0.69113E-02
 7659.61   0.64504E-02   0.70185E-02   0.68746E-02
 7673.22   0.64174E-02   0.69813E-02   0.68373E-02
 7686.82   0.63832E-02   0.69426E-02   0.67986E-02
 7700.43   0.63408E-02   0.68952E-02   0.67513E-02
 7714.03   0.63455E-02   0.68986E-02   0.67537E-02
 7727.64   0.63007E-02   0.68484E-02   0.67037E-02
 7741.24   0.62676E-02   0.68109E-02   0.66662E-02
 7754.85   0.62368E-02   0.67757E-02   0.66309E-02
 7768.45   0.62069E-02   0.67417E-02   0.65967E-02
 7782.06   0.61779E-02   0.67084E-02   0.65632E-02
 7795.66   0.61492E-02   0.66755E-02   0.65302E-02
 7809.27   0.61207E-02   0.66428E-02   0.64973E-02
 7822.87   0.60921E-02   0.66099E-02   0.64644E-02
 7836.48   0.60630E-02   0.65766E-02   0.64309E-02
 7850.08   0.60331E-02   0.65423E-02   0.63966E-02
 7863.69   0.60004E-02   0.65049E-02   0.63592E-02
 7877.29   0.59707E-02   0.64708E-02   0.63251E-02
 7890.90   0.59610E-02   0.64581E-02   0.63118E-02
 7904.50   0.59274E-02   0.64197E-02   0.62735E-02
 7918.11   0.58976E-02   0.63854E-02   0.62392E-02
 7931.71   0.58692E-02   0.63526E-02   0.62063E-02
 7945.32   0.58417E-02   0.63206E-02   0.61743E-02
 7958.92   0.58149E-02   0.62895E-02   0.61431E-02
 7972.53   0.57887E-02   0.62589E-02   0.61125E-02
 7986.13   0.57630E-02   0.62288E-02   0.60823E-02
 7999.74   0.57374E-02   0.61988E-02   0.60522E-02
 8013.34   0.57116E-02   0.61686E-02   0.60219E-02
 8026.95   0.56849E-02   0.61375E-02   0.59909E-02
 8040.55   0.56544E-02   0.61023E-02   0.59557E-02
 8054.16   0.56262E-02   0.60695E-02   0.59230E-02
 8067.76   0.56168E-02   0.60566E-02   0.59096E-02
 8081.37   0.55886E-02   0.60239E-02   0.58769E-02
 8094.97   0.55619E-02   0.59926E-02   0.58457E-02
 8108.58   0.55359E-02   0.59621E-02   0.58152E-02
 8122.18   0.55105E-02   0.59321E-02   0.57852E-02
 8135.79   0.54857E-02   0.59028E-02   0.57559E-02
 8149.39   0.54615E-02   0.58741E-02   0.57272E-02
 8163.00   0.54378E-02   0.58460E-02   0.56991E-02
 8176.60   0.54147E-02   0.58184E-02   0.56715E-02
 8190.21   0.53917E-02   0.57910E-02   0.56440E-02
 8203.81   0.53685E-02   0.57632E-02   0.56163E-02
 8217.42   0.53426E-02   0.57326E-02   0.55858E-02
 8231.02   0.53308E-02   0.57172E-02   0.55701E-02
 8244.63   0.53041E-02   0.56857E-02   0.55387E-02
 8258.23   0.52802E-02   0.56573E-02   0.55103E-02
 8271.84   0.52566E-02   0.56292E-02   0.54823E-02
 8285.44   0.52331E-02   0.56011E-02   0.54543E-02
 8299.05   0.52098E-02   0.55732E-02   0.54265E-02
 8312.65   0.51868E-02   0.55456E-02   0.53990E-02
 8326.26   0.51642E-02   0.55185E-02   0.53719E-02
 8339.86   0.51422E-02   0.54919E-02   0.53454E-02
 8353.47   0.51207E-02   0.54659E-02   0.53194E-02
 8367.07   0.50997E-02   0.54404E-02   0.52940E-02
 8380.68   0.50791E-02   0.54153E-02   0.52689E-02
 8394.28   0.50584E-02   0.53898E-02   0.52434E-02
 8407.89   0.50396E-02   0.53671E-02   0.52208E-02
 8421.49   0.50190E-02   0.53419E-02   0.51956E-02
 8435.10   0.49986E-02   0.53169E-02   0.51707E-02
 8448.70   0.49780E-02   0.52918E-02   0.51457E-02
 8462.31   0.49572E-02   0.52664E-02   0.51204E-02
 8475.91   0.49362E-02   0.52408E-02   0.50949E-02
 8489.52   0.49151E-02   0.52152E-02   0.50694E-02
 8503.12   0.48941E-02   0.51896E-02   0.50440E-02
 8516.73   0.48734E-02   0.51644E-02   0.50189E-02
 8530.33   0.48531E-02   0.51395E-02   0.49941E-02
 8543.94   0.48332E-02   0.51150E-02   0.49698E-02
 8557.54   0.48138E-02   0.50909E-02   0.49459E-02
 8571.15   0.47941E-02   0.50664E-02   0.49215E-02
 8584.75   0.47786E-02   0.50474E-02   0.49024E-02
 8598.36   0.47595E-02   0.50234E-02   0.48786E-02
 8611.96   0.47412E-02   0.50006E-02   0.48559E-02
 8625.57   0.47230E-02   0.49779E-02   0.48333E-02
 8639.17   0.47047E-02   0.49550E-02   0.48106E-02
 8652.78   0.46861E-02   0.49319E-02   0.47877E-02
 8666.38   0.46673E-02   0.49085E-02   0.47645E-02
 8679.99   0.46482E-02   0.48850E-02   0.47411E-02
 8693.59   0.46291E-02   0.48612E-02   0.47175E-02
 8707.20   0.46099E-02   0.48375E-02   0.46940E-02
 8720.80   0.45908E-02   0.48138E-02   0.46706E-02
 8734.41   0.45716E-02   0.47901E-02   0.46470E-02
 8748.01   0.45507E-02   0.47644E-02   0.46216E-02
 8761.62   0.45363E-02   0.47456E-02   0.46029E-02
 8775.22   0.45244E-02   0.47298E-02   0.45871E-02
 8788.83   0.45065E-02   0.47073E-02   0.45648E-02
 8802.43   0.44897E-02   0.46859E-02   0.45436E-02
 8816.04   0.44732E-02   0.46649E-02   0.45228E-02
 8829.64   0.44567E-02   0.46440E-02   0.45021E-02
 8843.25   0.44401E-02   0.46229E-02   0.44812E-02
 8856.85   0.44233E-02   0.46015E-02   0.44600E-02
 8870.46   0.44061E-02   0.45799E-02   0.44386E-02
 8884.06   0.43886E-02   0.45579E-02   0.44169E-02
 8897.67   0.43707E-02   0.45355E-02   0.43948E-02
 8911.27   0.43522E-02   0.45126E-02   0.43722E-02
 8924.88   0.43317E-02   0.44876E-02   0.43475E-02
 8938.48   0.43172E-02   0.44686E-02   0.43287E-02
 8952.09   0.43139E-02   0.44613E-02   0.43212E-02
 8965.69   0.42937E-02   0.44365E-02   0.42968E-02
 8979.30   0.42769E-02   0.44152E-02   0.42758E-02
 8992.90   0.42611E-02   0.43950E-02   0.42559E-02
 9006.51   0.42460E-02   0.43754E-02   0.42365E-02
 9020.11   0.42310E-02   0.43560E-02   0.42173E-02
 9033.72   0.42161E-02   0.43367E-02   0.41983E-02
 9047.32   0.42011E-02   0.43172E-02   0.41791E-02
 9060.93   0.41857E-02   0.42975E-02   0.41596E-02
 9074.53   0.41699E-02   0.42772E-02   0.41397E-02
 9088.14   0.41533E-02   0.42563E-02   0.41191E-02
 9101.74   0.41352E-02   0.42338E-02   0.40970E-02
 9115.35   0.41081E-02   0.42024E-02   0.40662E-02
 9128.95   0.41325E-02   0.42224E-02   0.40853E-02
 9142.56   0.41016E-02   0.41873E-02   0.40509E-02
 9156.16   0.40838E-02   0.41650E-02   0.40291E-02
 9169.77   0.40679E-02   0.41449E-02   0.40093E-02
 9183.37   0.40531E-02   0.41257E-02   0.39904E-02
 9196.98   0.40389E-02   0.41071E-02   0.39722E-02
 9210.58   0.40251E-02   0.40890E-02   0.39544E-02
 9224.19   0.40116E-02   0.40712E-02   0.39368E-02
 9237.79   0.39981E-02   0.40534E-02   0.39193E-02
 9251.40   0.39845E-02   0.40354E-02   0.39017E-02
 9265.00   0.39704E-02   0.40171E-02   0.38837E-02
 9278.61   0.39555E-02   0.39979E-02   0.38649E-02
 9292.21   0.39380E-02   0.39763E-02   0.38437E-02
 9305.82   0.39239E-02   0.39579E-02   0.38256E-02
 9319.42   0.39284E-02   0.39579E-02   0.38254E-02
 9333.03   0.39081E-02   0.39335E-02   0.38015E-02
 9346.63   0.38922E-02   0.39134E-02   0.37819E-02
 9360.24   0.38774E-02   0.38945E-02   0.37633E-02
 9373.84   0.38633E-02   0.38762E-02   0.37455E-02
 9387.45   0.38499E-02   0.38585E-02   0.37281E-02
 9401.05   0.38369E-02   0.38413E-02   0.37113E-02
 9414.66   0.38243E-02   0.38246E-02   0.36949E-02
 9428.26   0.38121E-02   0.38081E-02   0.36788E-02
 9441.87   0.37999E-02   0.37917E-02   0.36627E-02
 9455.47   0.37876E-02   0.37752E-02   0.36466E-02
 9469.08   0.37747E-02   0.37581E-02   0.36299E-02
 9482.68   0.37593E-02   0.37387E-02   0.36110E-02
 9496.29   0.37459E-02   0.37213E-02   0.35939E-02
 9509.89   0.37458E-02   0.37168E-02   0.35894E-02
 9523.50   0.37304E-02   0.36973E-02   0.35704E-02
 9537.10   0.37165E-02   0.36794E-02   0.35529E-02
 9550.71   0.37030E-02   0.36619E-02   0.35359E-02
 9564.31   0.36899E-02   0.36447E-02   0.35191E-02
 9577.92   0.36770E-02   0.36279E-02   0.35027E-02
 9591.52   0.36646E-02   0.36115E-02   0.34867E-02
 9605.13   0.36527E-02   0.35954E-02   0.34711E-02
 9618.73   0.36411E-02   0.35798E-02   0.34558E-02
 9632.34   0.36299E-02   0.35646E-02   0.34410E-02
 9645.94   0.36189E-02   0.35495E-02   0.34263E-02
 9659.55   0.36079E-02   0.35344E-02   0.34116E-02
 9673.15   0.35960E-02   0.35184E-02   0.33960E-02
 9686.76   0.35838E-02   0.35024E-02   0.33804E-02
 9700.36   0.35782E-02   0.34928E-02   0.33710E-02
 9713.97   0.35662E-02   0.34768E-02   0.33555E-02
 9727.57   0.35544E-02   0.34611E-02   0.33403E-02
 9741.18   0.35425E-02   0.34454E-02   0.33250E-02
 9754.78   0.35306E-02   0.34295E-02   0.33096E-02
 9768.39   0.35186E-02   0.34138E-02   0.32943E-02
 9781.99   0.35068E-02   0.33981E-02   0.32791E-02
 9795.60   0.34952E-02   0.33827E-02   0.32641E-02
 9809.20   0.34840E-02   0.33676E-02   0.32495E-02
 9822.81   0.34732E-02   0.33529E-02   0.32352E-02
 9836.41   0.34627E-02   0.33386E-02   0.32213E-02
 9850.02   0.34527E-02   0.33246E-02   0.32078E-02
 9863.62   0.34428E-02   0.33107E-02   0.31943E-02
 9877.23   0.34330E-02   0.32971E-02   0.31811E-02
 9890.83   0.34237E-02   0.32844E-02   0.31688E-02
 9904.44   0.34140E-02   0.32707E-02   0.31556E-02
 9918.04   0.34040E-02   0.32569E-02   0.31422E-02
 9931.65   0.33938E-02   0.32429E-02   0.31287E-02
 9945.25   0.33833E-02   0.32287E-02   0.31149E-02
 9958.86   0.33725E-02   0.32143E-02   0.31010E-02
 9972.46   0.33616E-02   0.31997E-02   0.30869E-02
 9986.07   0.33506E-02   0.31851E-02   0.30728E-02
 9999.67   0.33397E-02   0.31706E-02   0.30588E-02
