   13.60   0.53545E+01   0.53605E+01   0.66935E+01
   27.21   0.18258E+01   0.18278E+01   0.22878E+01
   40.81   0.69158E+00   0.69274E+00   0.87250E+00
   54.42   0.28932E+00   0.28975E+00   0.36810E+00
   68.02   0.13332E+00   0.13348E+00   0.17119E+00
   81.63   0.65870E-01   0.66173E-01   0.85576E-01
   95.23   0.34323E-01   0.34509E-01   0.44741E-01
  108.84   0.18921E-01   0.18926E-01   0.24245E-01
  122.44   0.11045E-01   0.11145E-01   0.13740E-01
  136.05   0.73018E-02   0.72895E-02   0.83294E-02
  149.65   0.54186E-02   0.54553E-02   0.55881E-02
  163.26   0.46902E-02   0.46743E-02   0.42802E-02
  176.86   0.44148E-02   0.44289E-02   0.37349E-02
  190.47   0.44612E-02   0.44498E-02   0.35928E-02
  204.07   0.45904E-02   0.45877E-02   0.36528E-02
  217.68   0.47658E-02   0.47717E-02   0.38087E-02
  231.28   0.49747E-02   0.49564E-02   0.39982E-02
  244.89   0.51067E-02   0.51239E-02   0.41893E-02
  258.49   0.52723E-02   0.52632E-02   0.43630E-02
  272.10   0.53727E-02   0.53719E-02   0.45133E-02
  285.70   0.54265E-02   0.54501E-02   0.46348E-02
  299.31   0.55122E-02   0.54987E-02   0.47283E-02
  312.91   0.55074E-02   0.55263E-02   0.47998E-02
  326.52   0.55059E-02   0.55294E-02   0.48447E-02
  340.12   0.55211E-02   0.55121E-02   0.48687E-02
  353.73   0.54461E-02   0.54755E-02   0.48714E-02
  367.33   0.53989E-02   0.54261E-02   0.48580E-02
  380.94   0.53690E-02   0.53649E-02   0.48316E-02
  394.54   0.52617E-02   0.52931E-02   0.47924E-02
  408.15   0.51789E-02   0.52147E-02   0.47435E-02
  421.75   0.51306E-02   0.51316E-02   0.46886E-02
  435.36   0.50162E-02   0.50419E-02   0.46255E-02
  448.96   0.49019E-02   0.49480E-02   0.45557E-02
  462.57   0.48425E-02   0.48551E-02   0.44851E-02
  476.17   0.47425E-02   0.47575E-02   0.44092E-02
  489.78   0.46081E-02   0.46571E-02   0.43286E-02
  503.38   0.45287E-02   0.45620E-02   0.42511E-02
  516.99   0.44543E-02   0.44638E-02   0.41703E-02
  530.59   0.43295E-02   0.43652E-02   0.40880E-02
  544.20   0.42184E-02   0.42700E-02   0.40070E-02
  557.80   0.41507E-02   0.41741E-02   0.39248E-02
  571.41   0.40623E-02   0.40788E-02   0.38429E-02
  585.01   0.39398E-02   0.39860E-02   0.37622E-02
  598.62   0.38445E-02   0.38930E-02   0.36802E-02
  612.22   0.37813E-02   0.38021E-02   0.35999E-02
  625.83   0.36899E-02   0.37121E-02   0.35202E-02
  639.43   0.35761E-02   0.36255E-02   0.34429E-02
  653.04   0.34919E-02   0.35400E-02   0.33657E-02
  666.64   0.34337E-02   0.34565E-02   0.32904E-02
  680.25   0.33510E-02   0.33751E-02   0.32171E-02
  693.85   0.32465E-02   0.32954E-02   0.31446E-02
  707.46   0.31673E-02   0.32177E-02   0.30735E-02
  721.06   0.31145E-02   0.31420E-02   0.30040E-02
  734.67   0.30453E-02   0.30681E-02   0.29365E-02
  748.27   0.29519E-02   0.29962E-02   0.28703E-02
  761.88   0.28729E-02   0.29262E-02   0.28054E-02
  775.48   0.28230E-02   0.28578E-02   0.27420E-02
  789.09   0.27699E-02   0.27917E-02   0.26808E-02
  802.69   0.26913E-02   0.27272E-02   0.26209E-02
  816.30   0.26120E-02   0.26646E-02   0.25625E-02
  829.90   0.25588E-02   0.26034E-02   0.25051E-02
  843.51   0.25187E-02   0.25445E-02   0.24501E-02
  857.11   0.24598E-02   0.24865E-02   0.23959E-02
  870.72   0.23854E-02   0.24303E-02   0.23432E-02
  884.32   0.23239E-02   0.23756E-02   0.22914E-02
  897.93   0.22860E-02   0.23231E-02   0.22419E-02
  911.53   0.22464E-02   0.22705E-02   0.21924E-02
  925.14   0.21879E-02   0.22199E-02   0.21447E-02
  938.74   0.21227E-02   0.21708E-02   0.20982E-02
  952.35   0.20739E-02   0.21225E-02   0.20522E-02
  965.95   0.20436E-02   0.20767E-02   0.20087E-02
  979.56   0.20070E-02   0.20312E-02   0.19656E-02
  993.16   0.19533E-02   0.19870E-02   0.19237E-02
 1006.77   0.18968E-02   0.19442E-02   0.18828E-02
 1020.37   0.18569E-02   0.19029E-02   0.18434E-02
 1033.98   0.18303E-02   0.18621E-02   0.18044E-02
 1047.58   0.17985E-02   0.18224E-02   0.17665E-02
 1061.19   0.17515E-02   0.17838E-02   0.17297E-02
 1074.79   0.17013E-02   0.17463E-02   0.16938E-02
 1088.40   0.16650E-02   0.17101E-02   0.16590E-02
 1102.00   0.16418E-02   0.16745E-02   0.16249E-02
 1115.61   0.16160E-02   0.16397E-02   0.15915E-02
 1129.21   0.15768E-02   0.16058E-02   0.15592E-02
 1142.82   0.15319E-02   0.15731E-02   0.15277E-02
 1156.42   0.14966E-02   0.15413E-02   0.14970E-02
 1170.03   0.14748E-02   0.15102E-02   0.14670E-02
 1183.63   0.14550E-02   0.14797E-02   0.14377E-02
 1197.24   0.14248E-02   0.14500E-02   0.14092E-02
 1210.84   0.13856E-02   0.14213E-02   0.13816E-02
 1224.45   0.13500E-02   0.13933E-02   0.13545E-02
 1238.05   0.13269E-02   0.13661E-02   0.13281E-02
 1251.66   0.13111E-02   0.13393E-02   0.13022E-02
 1265.26   0.12902E-02   0.13130E-02   0.12769E-02
 1278.87   0.12591E-02   0.12877E-02   0.12525E-02
 1292.47   0.12244E-02   0.12628E-02   0.12284E-02
 1306.08   0.11978E-02   0.12387E-02   0.12050E-02
 1319.68   0.11817E-02   0.12152E-02   0.11821E-02
 1333.29   0.11679E-02   0.11919E-02   0.11597E-02
 1346.89   0.11472E-02   0.11698E-02   0.11383E-02
 1360.50   0.11173E-02   0.11474E-02   0.11167E-02
 1374.10   0.10880E-02   0.11261E-02   0.10959E-02
 1387.71   0.10674E-02   0.11052E-02   0.10756E-02
 1401.31   0.10551E-02   0.10848E-02   0.10557E-02
 1414.92   0.10423E-02   0.10643E-02   0.10359E-02
 1428.52   0.10229E-02   0.10454E-02   0.10175E-02
 1442.13   0.99628E-03   0.10262E-02   0.99894E-03
 1455.73   0.97114E-03   0.10077E-02   0.98087E-03
 1469.34   0.95411E-03   0.98965E-03   0.96323E-03
 1482.94   0.94397E-03   0.97186E-03   0.94589E-03
 1496.55   0.93368E-03   0.95471E-03   0.92923E-03
 1510.15   0.91624E-03   0.93759E-03   0.91264E-03
 1523.76   0.89292E-03   0.92097E-03   0.89647E-03
 1537.36   0.87057E-03   0.90484E-03   0.88072E-03
 1550.97   0.85521E-03   0.88913E-03   0.86534E-03
 1564.57   0.84636E-03   0.87367E-03   0.85024E-03
 1578.18   0.83814E-03   0.85866E-03   0.83563E-03
 1591.78   0.82418E-03   0.84380E-03   0.82119E-03
 1605.39   0.80430E-03   0.82929E-03   0.80708E-03
 1618.99   0.78390E-03   0.81519E-03   0.79330E-03
 1632.60   0.76891E-03   0.80147E-03   0.77985E-03
 1646.20   0.76046E-03   0.78805E-03   0.76670E-03
 1659.81   0.75416E-03   0.77485E-03   0.75382E-03
 1673.41   0.74409E-03   0.76185E-03   0.74117E-03
 1687.02   0.72811E-03   0.74911E-03   0.72877E-03
 1700.62   0.70956E-03   0.73668E-03   0.71663E-03
 1714.23   0.69408E-03   0.72459E-03   0.70477E-03
 1727.83   0.68468E-03   0.71281E-03   0.69321E-03
 1741.44   0.67928E-03   0.70121E-03   0.68186E-03
 1755.04   0.67276E-03   0.68980E-03   0.67073E-03
 1768.65   0.66124E-03   0.67857E-03   0.65981E-03
 1782.25   0.64538E-03   0.66759E-03   0.64909E-03
 1795.86   0.62957E-03   0.65684E-03   0.63855E-03
 1809.46   0.61836E-03   0.64654E-03   0.62843E-03
 1823.07   0.61218E-03   0.63631E-03   0.61839E-03
 1836.67   0.60796E-03   0.62627E-03   0.60857E-03
 1850.28   0.60112E-03   0.61639E-03   0.59893E-03
 1863.88   0.58950E-03   0.60667E-03   0.58946E-03
 1877.49   0.57498E-03   0.59711E-03   0.58011E-03
 1891.09   0.56211E-03   0.58806E-03   0.57122E-03
 1904.70   0.55348E-03   0.57896E-03   0.56228E-03
 1918.30   0.54908E-03   0.57009E-03   0.55357E-03
 1931.91   0.54548E-03   0.56137E-03   0.54504E-03
 1945.51   0.53888E-03   0.55277E-03   0.53666E-03
 1959.12   0.52801E-03   0.54429E-03   0.52839E-03
 1972.72   0.51538E-03   0.53632E-03   0.52058E-03
 1986.33   0.50404E-03   0.52811E-03   0.51251E-03
 1999.93   0.49696E-03   0.52022E-03   0.50475E-03
 2013.54   0.49347E-03   0.51250E-03   0.49716E-03
 2027.14   0.49050E-03   0.50490E-03   0.48973E-03
 2040.75   0.48476E-03   0.49740E-03   0.48241E-03
 2054.35   0.47514E-03   0.48994E-03   0.47514E-03
 2067.96   0.46390E-03   0.48294E-03   0.46828E-03
 2081.56   0.45384E-03   0.47588E-03   0.46134E-03
 2095.17   0.44742E-03   0.46899E-03   0.45456E-03
 2108.77   0.44436E-03   0.46224E-03   0.44792E-03
 2122.38   0.44210E-03   0.45559E-03   0.44142E-03
 2135.98   0.43767E-03   0.44903E-03   0.43501E-03
 2149.59   0.42989E-03   0.44269E-03   0.42882E-03
 2163.19   0.41982E-03   0.43634E-03   0.42261E-03
 2176.80   0.41042E-03   0.43015E-03   0.41654E-03
 2190.40   0.40399E-03   0.42410E-03   0.41058E-03
 2204.01   0.40085E-03   0.41817E-03   0.40474E-03
 2217.61   0.39917E-03   0.41233E-03   0.39902E-03
 2231.22   0.39623E-03   0.40657E-03   0.39339E-03
 2244.82   0.39034E-03   0.40093E-03   0.38789E-03
 2258.43   0.38185E-03   0.39536E-03   0.38246E-03
 2272.03   0.37297E-03   0.38991E-03   0.37711E-03
 2285.64   0.36612E-03   0.38457E-03   0.37185E-03
 2299.24   0.36234E-03   0.37933E-03   0.36669E-03
 2312.85   0.36075E-03   0.37418E-03   0.36164E-03
 2326.45   0.35911E-03   0.36911E-03   0.35669E-03
 2340.06   0.35531E-03   0.36412E-03   0.35182E-03
 2353.66   0.34876E-03   0.35921E-03   0.34703E-03
 2367.27   0.34071E-03   0.35439E-03   0.34231E-03
 2380.87   0.33339E-03   0.34966E-03   0.33767E-03
 2394.48   0.32851E-03   0.34502E-03   0.33310E-03
 2408.08   0.32627E-03   0.34045E-03   0.32861E-03
 2421.69   0.32528E-03   0.33597E-03   0.32422E-03
 2435.29   0.32345E-03   0.33157E-03   0.31992E-03
 2448.90   0.31927E-03   0.32721E-03   0.31567E-03
 2462.50   0.31282E-03   0.32293E-03   0.31150E-03
 2476.11   0.30563E-03   0.31873E-03   0.30738E-03
 2489.71   0.29964E-03   0.31460E-03   0.30333E-03
 2503.32   0.29604E-03   0.31054E-03   0.29933E-03
 2516.92   0.29457E-03   0.30649E-03   0.29535E-03
 2530.53   0.29396E-03   0.30267E-03   0.29162E-03
 2544.13   0.29209E-03   0.29879E-03   0.28784E-03
 2557.74   0.28802E-03   0.29498E-03   0.28413E-03
 2571.34   0.28206E-03   0.29124E-03   0.28047E-03
 2584.95   0.27567E-03   0.28756E-03   0.27687E-03
 2598.55   0.27055E-03   0.28394E-03   0.27331E-03
 2612.16   0.26760E-03   0.28034E-03   0.26978E-03
 2625.76   0.26669E-03   0.27696E-03   0.26646E-03
 2639.37   0.26617E-03   0.27349E-03   0.26307E-03
 2652.97   0.26458E-03   0.27009E-03   0.25976E-03
 2666.58   0.26098E-03   0.26674E-03   0.25650E-03
 2680.18   0.25567E-03   0.26345E-03   0.25330E-03
 2693.79   0.24995E-03   0.26022E-03   0.25013E-03
 2707.39   0.24527E-03   0.25699E-03   0.24697E-03
 2721.00   0.24275E-03   0.25401E-03   0.24403E-03
 2734.60   0.24180E-03   0.25088E-03   0.24097E-03
 2748.21   0.24150E-03   0.24783E-03   0.23799E-03
 2761.81   0.24037E-03   0.24483E-03   0.23507E-03
 2775.42   0.23748E-03   0.24187E-03   0.23220E-03
 2789.02   0.23291E-03   0.23897E-03   0.22938E-03
 2802.63   0.22770E-03   0.23611E-03   0.22659E-03
 2816.23   0.22315E-03   0.23323E-03   0.22377E-03
 2829.84   0.22048E-03   0.23060E-03   0.22118E-03
 2843.44   0.21940E-03   0.22786E-03   0.21850E-03
 2857.05   0.21921E-03   0.22517E-03   0.21586E-03
 2870.65   0.21862E-03   0.22251E-03   0.21328E-03
 2884.26   0.21660E-03   0.21989E-03   0.21074E-03
 2897.86   0.21294E-03   0.21732E-03   0.20824E-03
 2911.47   0.20831E-03   0.21478E-03   0.20578E-03
 2925.07   0.20395E-03   0.21234E-03   0.20338E-03
 2938.68   0.20084E-03   0.20988E-03   0.20098E-03
 2952.28   0.19939E-03   0.20747E-03   0.19861E-03
 2965.89   0.19913E-03   0.20508E-03   0.19628E-03
 2979.49   0.19904E-03   0.20273E-03   0.19399E-03
 2993.10   0.19800E-03   0.20040E-03   0.19173E-03
 3006.70   0.19546E-03   0.19811E-03   0.18952E-03
 3020.31   0.19164E-03   0.19586E-03   0.18733E-03
 3033.91   0.18746E-03   0.19366E-03   0.18519E-03
 3047.52   0.18398E-03   0.19149E-03   0.18307E-03
 3061.12   0.18189E-03   0.18935E-03   0.18097E-03
 3074.73   0.18122E-03   0.18723E-03   0.17890E-03
 3088.33   0.18127E-03   0.18513E-03   0.17686E-03
 3101.94   0.18106E-03   0.18305E-03   0.17484E-03
 3115.54   0.17972E-03   0.18101E-03   0.17286E-03
 3129.15   0.17699E-03   0.17900E-03   0.17092E-03
 3142.75   0.17333E-03   0.17703E-03   0.16901E-03
 3156.36   0.16965E-03   0.17509E-03   0.16713E-03
 3169.96   0.16684E-03   0.17318E-03   0.16526E-03
 3183.57   0.16537E-03   0.17130E-03   0.16342E-03
 3197.17   0.16507E-03   0.16943E-03   0.16160E-03
 3210.78   0.16523E-03   0.16758E-03   0.15981E-03
 3224.38   0.16494E-03   0.16575E-03   0.15803E-03
 3237.99   0.16353E-03   0.16393E-03   0.15628E-03
 3251.59   0.16092E-03   0.16220E-03   0.15460E-03
 3265.20   0.15754E-03   0.16045E-03   0.15291E-03
 3278.80   0.15426E-03   0.15874E-03   0.15125E-03
 3292.41   0.15187E-03   0.15705E-03   0.14961E-03
 3306.01   0.15070E-03   0.15539E-03   0.14799E-03
 3319.62   0.15056E-03   0.15374E-03   0.14638E-03
 3333.22   0.15078E-03   0.15209E-03   0.14478E-03
 3346.83   0.15054E-03   0.15046E-03   0.14321E-03
 3360.43   0.14934E-03   0.14893E-03   0.14173E-03
 3374.04   0.14694E-03   0.14733E-03   0.14020E-03
 3387.64   0.14387E-03   0.14578E-03   0.13870E-03
 3401.25   0.14088E-03   0.14427E-03   0.13723E-03
 3414.85   0.13868E-03   0.14277E-03   0.13578E-03
 3428.46   0.13759E-03   0.14130E-03   0.13434E-03
 3442.06   0.13747E-03   0.13983E-03   0.13292E-03
 3455.67   0.13771E-03   0.13834E-03   0.13148E-03
 3469.27   0.13777E-03   0.13702E-03   0.13020E-03
 3482.88   0.13677E-03   0.13555E-03   0.12880E-03
 3496.48   0.13475E-03   0.13414E-03   0.12744E-03
 3510.09   0.13203E-03   0.13277E-03   0.12612E-03
 3523.69   0.12924E-03   0.13142E-03   0.12481E-03
 3537.30   0.12706E-03   0.13009E-03   0.12352E-03
 3550.90   0.12587E-03   0.12878E-03   0.12225E-03
 3564.51   0.12563E-03   0.12747E-03   0.12098E-03
 3578.11   0.12587E-03   0.12614E-03   0.11969E-03
 3591.72   0.12612E-03   0.12495E-03   0.11855E-03
 3605.32   0.12557E-03   0.12367E-03   0.11732E-03
 3618.93   0.12405E-03   0.12241E-03   0.11612E-03
 3632.53   0.12174E-03   0.12118E-03   0.11493E-03
 3646.14   0.11915E-03   0.11997E-03   0.11377E-03
 3659.74   0.11691E-03   0.11878E-03   0.11263E-03
 3673.35   0.11549E-03   0.11762E-03   0.11149E-03
 3686.95   0.11499E-03   0.11645E-03   0.11036E-03
 3700.56   0.11523E-03   0.11535E-03   0.10930E-03
 3714.16   0.11555E-03   0.11419E-03   0.10819E-03
 3727.77   0.11545E-03   0.11306E-03   0.10710E-03
 3741.37   0.11453E-03   0.11193E-03   0.10603E-03
 3754.98   0.11275E-03   0.11083E-03   0.10497E-03
 3768.58   0.11044E-03   0.10974E-03   0.10393E-03
 3782.19   0.10817E-03   0.10868E-03   0.10291E-03
 3795.79   0.10644E-03   0.10764E-03   0.10190E-03
 3809.40   0.10555E-03   0.10660E-03   0.10090E-03
 3823.00   0.10547E-03   0.10559E-03   0.99927E-04
 3836.61   0.10581E-03   0.10458E-03   0.98950E-04
 3850.21   0.10606E-03   0.10356E-03   0.97983E-04
 3863.82   0.10575E-03   0.10256E-03   0.97026E-04
 3877.42   0.10463E-03   0.10157E-03   0.96080E-04
 3891.03   0.10280E-03   0.10059E-03   0.95147E-04
 3904.63   0.10064E-03   0.99628E-04   0.94229E-04
 3918.24   0.98665E-04   0.98687E-04   0.93324E-04
 3931.84   0.97305E-04   0.97764E-04   0.92434E-04
 3945.45   0.96732E-04   0.96852E-04   0.91555E-04
 3959.05   0.96825E-04   0.95947E-04   0.90684E-04
 3972.66   0.97208E-04   0.95046E-04   0.89821E-04
 3986.26   0.97404E-04   0.94148E-04   0.88966E-04
 3999.87   0.97009E-04   0.93255E-04   0.88118E-04
 4013.47   0.95861E-04   0.92372E-04   0.87279E-04
 4027.08   0.94101E-04   0.91500E-04   0.86451E-04
 4040.68   0.92112E-04   0.90643E-04   0.85632E-04
 4054.29   0.90363E-04   0.89805E-04   0.84828E-04
 4067.89   0.89223E-04   0.88996E-04   0.84049E-04
 4081.50   0.88793E-04   0.88180E-04   0.83265E-04
 4095.10   0.88952E-04   0.87374E-04   0.82492E-04
 4108.71   0.89346E-04   0.86571E-04   0.81726E-04
 4122.31   0.89541E-04   0.85771E-04   0.80965E-04
 4135.92   0.89180E-04   0.84974E-04   0.80211E-04
 4149.52   0.88125E-04   0.84183E-04   0.79463E-04
 4163.13   0.86506E-04   0.83398E-04   0.78719E-04
 4176.73   0.84677E-04   0.82629E-04   0.77986E-04
 4190.34   0.83101E-04   0.81919E-04   0.77306E-04
 4203.94   0.82016E-04   0.81174E-04   0.76592E-04
 4217.55   0.81605E-04   0.80446E-04   0.75893E-04
 4231.15   0.81751E-04   0.79726E-04   0.75204E-04
 4244.76   0.82148E-04   0.79009E-04   0.74522E-04
 4258.36   0.82403E-04   0.78295E-04   0.73845E-04
 4271.97   0.82177E-04   0.77582E-04   0.73172E-04
 4285.57   0.81310E-04   0.76870E-04   0.72501E-04
 4299.18   0.79844E-04   0.76120E-04   0.71792E-04
 4312.78   0.78287E-04   0.75541E-04   0.71242E-04
 4326.39   0.76720E-04   0.74848E-04   0.70582E-04
 4339.99   0.75616E-04   0.74182E-04   0.69945E-04
 4353.60   0.75122E-04   0.73530E-04   0.69321E-04
 4367.20   0.75185E-04   0.72885E-04   0.68706E-04
 4380.81   0.75560E-04   0.72245E-04   0.68097E-04
 4394.41   0.75900E-04   0.71606E-04   0.67493E-04
 4408.02   0.75871E-04   0.70967E-04   0.66891E-04
 4421.62   0.75260E-04   0.70317E-04   0.66279E-04
 4435.23   0.74231E-04   0.69801E-04   0.65795E-04
 4448.83   0.72678E-04   0.69126E-04   0.65157E-04
 4462.44   0.71169E-04   0.68513E-04   0.64575E-04
 4476.04   0.69981E-04   0.67914E-04   0.64006E-04
 4489.65   0.69321E-04   0.67327E-04   0.63446E-04
 4503.25   0.69215E-04   0.66749E-04   0.62894E-04
 4516.86   0.69506E-04   0.66175E-04   0.62350E-04
 4530.46   0.69906E-04   0.65604E-04   0.61810E-04
 4544.07   0.70089E-04   0.65031E-04   0.61272E-04
 4557.67   0.69805E-04   0.64455E-04   0.60731E-04
 4571.28   0.69040E-04   0.63939E-04   0.60249E-04
 4584.88   0.67779E-04   0.63373E-04   0.59716E-04
 4598.49   0.66354E-04   0.62822E-04   0.59197E-04
 4612.09   0.65072E-04   0.62283E-04   0.58686E-04
 4625.70   0.64191E-04   0.61753E-04   0.58182E-04
 4639.30   0.63830E-04   0.61231E-04   0.57686E-04
 4652.91   0.63935E-04   0.60716E-04   0.57198E-04
 4666.51   0.64305E-04   0.60205E-04   0.56715E-04
 4680.12   0.64653E-04   0.59693E-04   0.56234E-04
 4693.72   0.64689E-04   0.59173E-04   0.55747E-04
 4707.33   0.64300E-04   0.58699E-04   0.55304E-04
 4720.93   0.63390E-04   0.58196E-04   0.54835E-04
 4734.54   0.62150E-04   0.57701E-04   0.54370E-04
 4748.14   0.60844E-04   0.57212E-04   0.53910E-04
 4761.75   0.59754E-04   0.56732E-04   0.53456E-04
 4775.35   0.59080E-04   0.56259E-04   0.53008E-04
 4788.96   0.58889E-04   0.55794E-04   0.52567E-04
 4802.56   0.59092E-04   0.55333E-04   0.52132E-04
 4816.17   0.59479E-04   0.54876E-04   0.51702E-04
 4829.77   0.59788E-04   0.54427E-04   0.51281E-04
 4843.38   0.59771E-04   0.53973E-04   0.50859E-04
 4856.98   0.59301E-04   0.53523E-04   0.50440E-04
 4870.59   0.58397E-04   0.53077E-04   0.50024E-04
 4884.19   0.57223E-04   0.52635E-04   0.49610E-04
 4897.80   0.56031E-04   0.52198E-04   0.49200E-04
 4911.40   0.55069E-04   0.51768E-04   0.48794E-04
 4925.01   0.54507E-04   0.51344E-04   0.48393E-04
 4938.61   0.54389E-04   0.50925E-04   0.47998E-04
 4952.22   0.54618E-04   0.50510E-04   0.47607E-04
 4965.82   0.55009E-04   0.50110E-04   0.47232E-04
 4979.43   0.55297E-04   0.49700E-04   0.46850E-04
 4993.03   0.55281E-04   0.49295E-04   0.46473E-04
 5006.64   0.54843E-04   0.48892E-04   0.46100E-04
 5020.24   0.54004E-04   0.48492E-04   0.45728E-04
 5033.85   0.52917E-04   0.48096E-04   0.45359E-04
 5047.45   0.51808E-04   0.47703E-04   0.44991E-04
 5061.06   0.50906E-04   0.47316E-04   0.44627E-04
 5074.66   0.50368E-04   0.46933E-04   0.44266E-04
 5088.27   0.50233E-04   0.46547E-04   0.43902E-04
 5101.87   0.50482E-04   0.46215E-04   0.43590E-04
 5115.48   0.50829E-04   0.45829E-04   0.43230E-04
 5129.08   0.51128E-04   0.45462E-04   0.42888E-04
 5142.69   0.51165E-04   0.45097E-04   0.42550E-04
 5156.29   0.50818E-04   0.44736E-04   0.42216E-04
 5169.90   0.50090E-04   0.44377E-04   0.41884E-04
 5183.50   0.49104E-04   0.44020E-04   0.41552E-04
 5197.11   0.48059E-04   0.43666E-04   0.41222E-04
 5210.71   0.47169E-04   0.43315E-04   0.40893E-04
 5224.32   0.46587E-04   0.42959E-04   0.40558E-04
 5237.92   0.46389E-04   0.42610E-04   0.40230E-04
 5251.53   0.46586E-04   0.42321E-04   0.39959E-04
 5265.13   0.46918E-04   0.41982E-04   0.39643E-04
 5278.74   0.47252E-04   0.41650E-04   0.39335E-04
 5292.34   0.47389E-04   0.41323E-04   0.39032E-04
 5305.95   0.47194E-04   0.40997E-04   0.38732E-04
 5319.55   0.46633E-04   0.40674E-04   0.38434E-04
 5333.16   0.45786E-04   0.40353E-04   0.38137E-04
 5346.76   0.44817E-04   0.40033E-04   0.37839E-04
 5360.37   0.43920E-04   0.39710E-04   0.37538E-04
 5373.97   0.43273E-04   0.39393E-04   0.37241E-04
 5387.58   0.43033E-04   0.39137E-04   0.37002E-04
 5401.18   0.43058E-04   0.38820E-04   0.36704E-04
 5414.79   0.43334E-04   0.38516E-04   0.36420E-04
 5428.39   0.43688E-04   0.38216E-04   0.36143E-04
 5442.00   0.43932E-04   0.37920E-04   0.35869E-04
 5455.60   0.43914E-04   0.37627E-04   0.35599E-04
 5469.21   0.43555E-04   0.37335E-04   0.35332E-04
 5482.81   0.42882E-04   0.37046E-04   0.35065E-04
 5496.42   0.42010E-04   0.36756E-04   0.34798E-04
 5510.02   0.41100E-04   0.36454E-04   0.34517E-04
 5523.63   0.40456E-04   0.36253E-04   0.34331E-04
 5537.23   0.39961E-04   0.35940E-04   0.34038E-04
 5550.84   0.39826E-04   0.35659E-04   0.33776E-04
 5564.44   0.39978E-04   0.35385E-04   0.33519E-04
 5578.05   0.40294E-04   0.35113E-04   0.33268E-04
 5591.65   0.40609E-04   0.34845E-04   0.33020E-04
 5605.26   0.40761E-04   0.34580E-04   0.32776E-04
 5618.86   0.40631E-04   0.34317E-04   0.32535E-04
 5632.47   0.40183E-04   0.34055E-04   0.32296E-04
 5646.07   0.39470E-04   0.33794E-04   0.32056E-04
 5659.68   0.38625E-04   0.33532E-04   0.31814E-04
 5673.28   0.37857E-04   0.33309E-04   0.31608E-04
 5686.89   0.37230E-04   0.33050E-04   0.31367E-04
 5700.49   0.36891E-04   0.32799E-04   0.31132E-04
 5714.10   0.36853E-04   0.32551E-04   0.30900E-04
 5727.70   0.37054E-04   0.32305E-04   0.30672E-04
 5741.31   0.37370E-04   0.32062E-04   0.30447E-04
 5754.91   0.37648E-04   0.31821E-04   0.30225E-04
 5768.52   0.37744E-04   0.31582E-04   0.30007E-04
 5782.12   0.37566E-04   0.31346E-04   0.29791E-04
 5795.73   0.37097E-04   0.31111E-04   0.29577E-04
 5809.33   0.36399E-04   0.30875E-04   0.29360E-04
 5822.94   0.35628E-04   0.30660E-04   0.29162E-04
 5836.54   0.34897E-04   0.30431E-04   0.28950E-04
 5850.15   0.34356E-04   0.30206E-04   0.28740E-04
 5863.75   0.34084E-04   0.29982E-04   0.28532E-04
 5877.36   0.34087E-04   0.29759E-04   0.28324E-04
 5890.96   0.34303E-04   0.29538E-04   0.28119E-04
 5904.57   0.34615E-04   0.29319E-04   0.27917E-04
 5918.17   0.34882E-04   0.29102E-04   0.27718E-04
 5931.78   0.34975E-04   0.28887E-04   0.27522E-04
 5945.38   0.34810E-04   0.28674E-04   0.27328E-04
 5958.99   0.34378E-04   0.28464E-04   0.27136E-04
 5972.59   0.33742E-04   0.28259E-04   0.26948E-04
 5986.20   0.33017E-04   0.28054E-04   0.26760E-04
 5999.80   0.32342E-04   0.27850E-04   0.26572E-04
 6013.41   0.31840E-04   0.27648E-04   0.26384E-04
 6027.01   0.31584E-04   0.27447E-04   0.26197E-04
 6040.62   0.31585E-04   0.27246E-04   0.26011E-04
 6054.22   0.31787E-04   0.27047E-04   0.25826E-04
 6067.83   0.32087E-04   0.26848E-04   0.25643E-04
 6081.43   0.32356E-04   0.26651E-04   0.25462E-04
 6095.04   0.32470E-04   0.26454E-04   0.25282E-04
 6108.64   0.32357E-04   0.26264E-04   0.25110E-04
 6122.25   0.31995E-04   0.26080E-04   0.24943E-04
 6135.85   0.31420E-04   0.25892E-04   0.24771E-04
 6149.46   0.30744E-04   0.25707E-04   0.24601E-04
 6163.06   0.30093E-04   0.25523E-04   0.24433E-04
 6176.67   0.29584E-04   0.25341E-04   0.24264E-04
 6190.27   0.29294E-04   0.25160E-04   0.24096E-04
 6203.88   0.29246E-04   0.24979E-04   0.23928E-04
 6217.48   0.29402E-04   0.24798E-04   0.23760E-04
 6231.09   0.29674E-04   0.24616E-04   0.23593E-04
 6244.69   0.29943E-04   0.24433E-04   0.23425E-04
 6258.30   0.30108E-04   0.24257E-04   0.23265E-04
 6271.90   0.30096E-04   0.24104E-04   0.23127E-04
 6285.51   0.29815E-04   0.23926E-04   0.22965E-04
 6299.11   0.29328E-04   0.23755E-04   0.22810E-04
 6312.72   0.28714E-04   0.23587E-04   0.22656E-04
 6326.32   0.28083E-04   0.23421E-04   0.22504E-04
 6339.93   0.27548E-04   0.23257E-04   0.22353E-04
 6353.53   0.27196E-04   0.23093E-04   0.22201E-04
 6367.14   0.27068E-04   0.22930E-04   0.22049E-04
 6380.74   0.27146E-04   0.22765E-04   0.21897E-04
 6394.35   0.27366E-04   0.22597E-04   0.21742E-04
 6407.95   0.27639E-04   0.22435E-04   0.21593E-04
 6421.56   0.27900E-04   0.22313E-04   0.21484E-04
 6435.16   0.27938E-04   0.22139E-04   0.21325E-04
 6448.77   0.27776E-04   0.21979E-04   0.21180E-04
 6462.37   0.27404E-04   0.21823E-04   0.21038E-04
 6475.98   0.26871E-04   0.21670E-04   0.20899E-04
 6489.58   0.26269E-04   0.21519E-04   0.20761E-04
 6503.19   0.25705E-04   0.21371E-04   0.20625E-04
 6516.79   0.25275E-04   0.21223E-04   0.20488E-04
 6530.40   0.25038E-04   0.21075E-04   0.20351E-04
 6544.00   0.25008E-04   0.20925E-04   0.20212E-04
 6557.61   0.25139E-04   0.20764E-04   0.20062E-04
 6571.21   0.25375E-04   0.20608E-04   0.19918E-04
 6584.82   0.25691E-04   0.20513E-04   0.19834E-04
 6598.42   0.25840E-04   0.20361E-04   0.19696E-04
 6612.03   0.25825E-04   0.20215E-04   0.19563E-04
 6625.63   0.25608E-04   0.20073E-04   0.19434E-04
 6639.24   0.25206E-04   0.19933E-04   0.19307E-04
 6652.84   0.24681E-04   0.19796E-04   0.19183E-04
 6666.45   0.24126E-04   0.19661E-04   0.19059E-04
 6680.05   0.23637E-04   0.19527E-04   0.18936E-04
 6693.66   0.23293E-04   0.19394E-04   0.18813E-04
 6707.26   0.23135E-04   0.19258E-04   0.18686E-04
 6720.87   0.23167E-04   0.19122E-04   0.18561E-04
 6734.47   0.23395E-04   0.19027E-04   0.18475E-04
 6748.08   0.23632E-04   0.18883E-04   0.18342E-04
 6761.68   0.23860E-04   0.18748E-04   0.18219E-04
 6775.29   0.23980E-04   0.18616E-04   0.18098E-04
 6788.89   0.23932E-04   0.18485E-04   0.17980E-04
 6802.50   0.23693E-04   0.18357E-04   0.17864E-04
 6816.10   0.23288E-04   0.18231E-04   0.17750E-04
 6829.71   0.22782E-04   0.18108E-04   0.17637E-04
 6843.31   0.22262E-04   0.17986E-04   0.17526E-04
 6856.92   0.21816E-04   0.17866E-04   0.17416E-04
 6870.52   0.21512E-04   0.17744E-04   0.17303E-04
 6884.13   0.21385E-04   0.17621E-04   0.17189E-04
 6897.73   0.21464E-04   0.17524E-04   0.17100E-04
 6911.34   0.21644E-04   0.17402E-04   0.16987E-04
 6924.94   0.21885E-04   0.17281E-04   0.16877E-04
 6938.55   0.22101E-04   0.17162E-04   0.16768E-04
 6952.15   0.22213E-04   0.17043E-04   0.16660E-04
 6965.76   0.22165E-04   0.16925E-04   0.16553E-04
 6979.36   0.21940E-04   0.16810E-04   0.16448E-04
 6992.97   0.21561E-04   0.16696E-04   0.16345E-04
 7006.57   0.21090E-04   0.16584E-04   0.16244E-04
 7020.18   0.20605E-04   0.16475E-04   0.16144E-04
 7033.78   0.20187E-04   0.16367E-04   0.16044E-04
 7047.39   0.19900E-04   0.16257E-04   0.15943E-04
 7060.99   0.19790E-04   0.16159E-04   0.15852E-04
 7074.60   0.19832E-04   0.16052E-04   0.15753E-04
 7088.20   0.19999E-04   0.15945E-04   0.15655E-04
 7101.81   0.20225E-04   0.15838E-04   0.15557E-04
 7115.41   0.20434E-04   0.15731E-04   0.15459E-04
 7129.02   0.20550E-04   0.15624E-04   0.15361E-04
 7142.62   0.20521E-04   0.15517E-04   0.15265E-04
 7156.23   0.20327E-04   0.15412E-04   0.15169E-04
 7169.83   0.19986E-04   0.15309E-04   0.15076E-04
 7183.44   0.19549E-04   0.15207E-04   0.14983E-04
 7197.04   0.19088E-04   0.15108E-04   0.14892E-04
 7210.65   0.18682E-04   0.15012E-04   0.14804E-04
 7224.25   0.18392E-04   0.14917E-04   0.14717E-04
 7237.86   0.18252E-04   0.14822E-04   0.14628E-04
 7251.46   0.18269E-04   0.14727E-04   0.14540E-04
 7265.07   0.18413E-04   0.14631E-04   0.14452E-04
 7278.67   0.18629E-04   0.14535E-04   0.14364E-04
 7292.28   0.18847E-04   0.14439E-04   0.14275E-04
 7305.88   0.18996E-04   0.14342E-04   0.14187E-04
 7319.49   0.19019E-04   0.14245E-04   0.14099E-04
 7333.09   0.18889E-04   0.14148E-04   0.14012E-04
 7346.70   0.18611E-04   0.14053E-04   0.13925E-04
 7360.30   0.18221E-04   0.13957E-04   0.13838E-04
 7373.91   0.17793E-04   0.13870E-04   0.13758E-04
 7387.51   0.17394E-04   0.13790E-04   0.13685E-04
 7401.12   0.17071E-04   0.13700E-04   0.13602E-04
 7414.72   0.16882E-04   0.13614E-04   0.13522E-04
 7428.33   0.16840E-04   0.13528E-04   0.13442E-04
 7441.93   0.16931E-04   0.13442E-04   0.13363E-04
 7455.54   0.17112E-04   0.13355E-04   0.13283E-04
 7469.14   0.17323E-04   0.13268E-04   0.13203E-04
 7482.75   0.17498E-04   0.13181E-04   0.13123E-04
 7496.35   0.17577E-04   0.13092E-04   0.13042E-04
 7509.96   0.17520E-04   0.13003E-04   0.12961E-04
 7523.56   0.17317E-04   0.12912E-04   0.12878E-04
 7537.17   0.17001E-04   0.12830E-04   0.12803E-04
 7550.77   0.16639E-04   0.12769E-04   0.12749E-04
 7564.38   0.16227E-04   0.12680E-04   0.12667E-04
 7577.98   0.15875E-04   0.12598E-04   0.12591E-04
 7591.59   0.15630E-04   0.12519E-04   0.12518E-04
 7605.19   0.15518E-04   0.12441E-04   0.12445E-04
 7618.80   0.15541E-04   0.12363E-04   0.12373E-04
 7632.40   0.15672E-04   0.12286E-04   0.12302E-04
 7646.01   0.15864E-04   0.12207E-04   0.12229E-04
 7659.61   0.16057E-04   0.12128E-04   0.12157E-04
 7673.22   0.16192E-04   0.12047E-04   0.12083E-04
 7686.82   0.16216E-04   0.11964E-04   0.12007E-04
 7700.43   0.16088E-04   0.11866E-04   0.11915E-04
 7714.03   0.15944E-04   0.11855E-04   0.11911E-04
 7727.64   0.15578E-04   0.11753E-04   0.11816E-04
 7741.24   0.15190E-04   0.11673E-04   0.11742E-04
 7754.85   0.14816E-04   0.11598E-04   0.11673E-04
 7768.45   0.14511E-04   0.11525E-04   0.11605E-04
 7782.06   0.14314E-04   0.11454E-04   0.11539E-04
 7795.66   0.14245E-04   0.11384E-04   0.11473E-04
 7809.27   0.14297E-04   0.11314E-04   0.11408E-04
 7822.87   0.14440E-04   0.11244E-04   0.11343E-04
 7836.48   0.14628E-04   0.11173E-04   0.11278E-04
 7850.08   0.14802E-04   0.11100E-04   0.11210E-04
 7863.69   0.14905E-04   0.11022E-04   0.11138E-04
 7877.29   0.14909E-04   0.10949E-04   0.11072E-04
 7890.90   0.14837E-04   0.10912E-04   0.11041E-04
 7904.50   0.14590E-04   0.10832E-04   0.10967E-04
 7918.11   0.14265E-04   0.10760E-04   0.10901E-04
 7931.71   0.13907E-04   0.10691E-04   0.10837E-04
 7945.32   0.13568E-04   0.10624E-04   0.10774E-04
 7958.92   0.13298E-04   0.10558E-04   0.10713E-04
 7972.53   0.13133E-04   0.10494E-04   0.10653E-04
 7986.13   0.13087E-04   0.10431E-04   0.10594E-04
 7999.74   0.13152E-04   0.10368E-04   0.10535E-04
 8013.34   0.13297E-04   0.10305E-04   0.10476E-04
 8026.95   0.13478E-04   0.10240E-04   0.10416E-04
 8040.55   0.13635E-04   0.10168E-04   0.10349E-04
 8054.16   0.13733E-04   0.10100E-04   0.10286E-04
 8067.76   0.13776E-04   0.10064E-04   0.10257E-04
 8081.37   0.13658E-04   0.99961E-05   0.10194E-04
 8094.97   0.13434E-04   0.99309E-05   0.10134E-04
 8108.58   0.13131E-04   0.98672E-05   0.10075E-04
 8122.18   0.12795E-04   0.98050E-05   0.10017E-04
 8135.79   0.12476E-04   0.97444E-05   0.99607E-05
 8149.39   0.12220E-04   0.96852E-05   0.99053E-05
 8163.00   0.12060E-04   0.96273E-05   0.98510E-05
 8176.60   0.12012E-04   0.95704E-05   0.97975E-05
 8190.21   0.12067E-04   0.95137E-05   0.97444E-05
 8203.81   0.12200E-04   0.94566E-05   0.96910E-05
 8217.42   0.12365E-04   0.93944E-05   0.96327E-05
 8231.02   0.12554E-04   0.93572E-05   0.96003E-05
 8244.63   0.12654E-04   0.92932E-05   0.95408E-05
 8258.23   0.12671E-04   0.92344E-05   0.94866E-05
 8271.84   0.12580E-04   0.91761E-05   0.94330E-05
 8285.44   0.12387E-04   0.91182E-05   0.93796E-05
 8299.05   0.12114E-04   0.90610E-05   0.93266E-05
 8312.65   0.11802E-04   0.90047E-05   0.92742E-05
 8326.26   0.11498E-04   0.89496E-05   0.92226E-05
 8339.86   0.11245E-04   0.88958E-05   0.91720E-05
 8353.47   0.11077E-04   0.88432E-05   0.91224E-05
 8367.07   0.11011E-04   0.87916E-05   0.90737E-05
 8380.68   0.11044E-04   0.87405E-05   0.90257E-05
 8394.28   0.11155E-04   0.86885E-05   0.89770E-05
 8407.89   0.11321E-04   0.86422E-05   0.89338E-05
 8421.49   0.11482E-04   0.85905E-05   0.88858E-05
 8435.10   0.11604E-04   0.85392E-05   0.88384E-05
 8448.70   0.11649E-04   0.84876E-05   0.87909E-05
 8462.31   0.11597E-04   0.84356E-05   0.87430E-05
 8475.91   0.11444E-04   0.83836E-05   0.86949E-05
 8489.52   0.11209E-04   0.83319E-05   0.86468E-05
 8503.12   0.10924E-04   0.82806E-05   0.85989E-05
 8516.73   0.10630E-04   0.82302E-05   0.85515E-05
 8530.33   0.10371E-04   0.81808E-05   0.85049E-05
 8543.94   0.10181E-04   0.81324E-05   0.84590E-05
 8557.54   0.10081E-04   0.80848E-05   0.84138E-05
 8571.15   0.10074E-04   0.80362E-05   0.83677E-05
 8584.75   0.10165E-04   0.79978E-05   0.83316E-05
 8598.36   0.10299E-04   0.79499E-05   0.82865E-05
 8611.96   0.10456E-04   0.79041E-05   0.82437E-05
 8625.57   0.10593E-04   0.78582E-05   0.82011E-05
 8639.17   0.10673E-04   0.78120E-05   0.81583E-05
 8652.78   0.10669E-04   0.77655E-05   0.81153E-05
 8666.38   0.10572E-04   0.77187E-05   0.80718E-05
 8679.99   0.10387E-04   0.76718E-05   0.80281E-05
 8693.59   0.10139E-04   0.76250E-05   0.79843E-05
 8707.20   0.98642E-05   0.75787E-05   0.79405E-05
 8720.80   0.96009E-05   0.75327E-05   0.78969E-05
 8734.41   0.93850E-05   0.74870E-05   0.78531E-05
 8748.01   0.92395E-05   0.74384E-05   0.78062E-05
 8761.62   0.91948E-05   0.74007E-05   0.77707E-05
 8775.22   0.92425E-05   0.73682E-05   0.77404E-05
 8788.83   0.93434E-05   0.73247E-05   0.76990E-05
 8802.43   0.94856E-05   0.72828E-05   0.76594E-05
 8816.04   0.96318E-05   0.72413E-05   0.76206E-05
 8829.64   0.97449E-05   0.71999E-05   0.75819E-05
 8843.25   0.97938E-05   0.71581E-05   0.75430E-05
 8856.85   0.97591E-05   0.71160E-05   0.75039E-05
 8870.46   0.96373E-05   0.70736E-05   0.74642E-05
 8884.06   0.94407E-05   0.70310E-05   0.74242E-05
 8897.67   0.91955E-05   0.69882E-05   0.73836E-05
 8911.27   0.89354E-05   0.69448E-05   0.73421E-05
 8924.88   0.86935E-05   0.68985E-05   0.72972E-05
 8938.48   0.85156E-05   0.68617E-05   0.72622E-05
 8952.09   0.84338E-05   0.68431E-05   0.72462E-05
 8965.69   0.84010E-05   0.67978E-05   0.72019E-05
 8979.30   0.84503E-05   0.67578E-05   0.71633E-05
 8992.90   0.85585E-05   0.67194E-05   0.71266E-05
 9006.51   0.86960E-05   0.66817E-05   0.70908E-05
 9020.11   0.88287E-05   0.66443E-05   0.70555E-05
 9033.72   0.89235E-05   0.66068E-05   0.70204E-05
 9047.32   0.89538E-05   0.65691E-05   0.69851E-05
 9060.93   0.89047E-05   0.65310E-05   0.69494E-05
 9074.53   0.87757E-05   0.64925E-05   0.69130E-05
 9088.14   0.85803E-05   0.64531E-05   0.68755E-05
 9101.74   0.83429E-05   0.64117E-05   0.68356E-05
 9115.35   0.80823E-05   0.63573E-05   0.67814E-05
 9128.95   0.79381E-05   0.63799E-05   0.68097E-05
 9142.56   0.77486E-05   0.63205E-05   0.67496E-05
 9156.16   0.76522E-05   0.62806E-05   0.67104E-05
 9169.77   0.76351E-05   0.62438E-05   0.66744E-05
 9183.37   0.76885E-05   0.62084E-05   0.66401E-05
 9196.98   0.77936E-05   0.61739E-05   0.66068E-05
 9210.58   0.79232E-05   0.61399E-05   0.65743E-05
 9224.19   0.80463E-05   0.61062E-05   0.65423E-05
 9237.79   0.81325E-05   0.60724E-05   0.65104E-05
 9251.40   0.81581E-05   0.60384E-05   0.64783E-05
 9265.00   0.81097E-05   0.60039E-05   0.64456E-05
 9278.61   0.79868E-05   0.59683E-05   0.64117E-05
 9292.21   0.77999E-05   0.59293E-05   0.63739E-05
 9305.82   0.75829E-05   0.58954E-05   0.63413E-05
 9319.42   0.73902E-05   0.58888E-05   0.63380E-05
 9333.03   0.71786E-05   0.58467E-05   0.62959E-05
 9346.63   0.70225E-05   0.58111E-05   0.62608E-05
 9360.24   0.69329E-05   0.57774E-05   0.62275E-05
 9373.84   0.69148E-05   0.57448E-05   0.61954E-05
 9387.45   0.69622E-05   0.57130E-05   0.61642E-05
 9401.05   0.70588E-05   0.56818E-05   0.61338E-05
 9414.66   0.71806E-05   0.56511E-05   0.61042E-05
 9428.26   0.72993E-05   0.56206E-05   0.60750E-05
 9441.87   0.73869E-05   0.55903E-05   0.60460E-05
 9455.47   0.74206E-05   0.55597E-05   0.60169E-05
 9469.08   0.73864E-05   0.55283E-05   0.59870E-05
 9482.68   0.72799E-05   0.54937E-05   0.59534E-05
 9496.29   0.71200E-05   0.54621E-05   0.59229E-05
 9509.89   0.69445E-05   0.54496E-05   0.59129E-05
 9523.50   0.67319E-05   0.54156E-05   0.58794E-05
 9537.10   0.65385E-05   0.53842E-05   0.58483E-05
 9550.71   0.63864E-05   0.53536E-05   0.58180E-05
 9564.31   0.62920E-05   0.53236E-05   0.57882E-05
 9577.92   0.62629E-05   0.52942E-05   0.57589E-05
 9591.52   0.62961E-05   0.52653E-05   0.57303E-05
 9605.13   0.63790E-05   0.52370E-05   0.57024E-05
 9618.73   0.64911E-05   0.52091E-05   0.56752E-05
 9632.34   0.66072E-05   0.51816E-05   0.56486E-05
 9645.94   0.67011E-05   0.51543E-05   0.56223E-05
 9659.55   0.67501E-05   0.51269E-05   0.55960E-05
 9673.15   0.67374E-05   0.50981E-05   0.55682E-05
 9686.76   0.66624E-05   0.50696E-05   0.55407E-05
 9700.36   0.65414E-05   0.50505E-05   0.55232E-05
 9713.97   0.63660E-05   0.50223E-05   0.54957E-05
 9727.57   0.61724E-05   0.49948E-05   0.54687E-05
 9741.18   0.59853E-05   0.49675E-05   0.54416E-05
 9754.78   0.58280E-05   0.49403E-05   0.54145E-05
 9768.39   0.57189E-05   0.49133E-05   0.53874E-05
 9781.99   0.56681E-05   0.48866E-05   0.53606E-05
 9795.60   0.56770E-05   0.48603E-05   0.53342E-05
 9809.20   0.57372E-05   0.48344E-05   0.53083E-05
 9822.81   0.58329E-05   0.48090E-05   0.52831E-05
 9836.41   0.59424E-05   0.47839E-05   0.52585E-05
 9850.02   0.60417E-05   0.47592E-05   0.52344E-05
 9863.62   0.61074E-05   0.47344E-05   0.52105E-05
 9877.23   0.61257E-05   0.47103E-05   0.51872E-05
 9890.83   0.60896E-05   0.46876E-05   0.51654E-05
 9904.44   0.59908E-05   0.46634E-05   0.51419E-05
 9918.04   0.58457E-05   0.46393E-05   0.51183E-05
 9931.65   0.56722E-05   0.46151E-05   0.50945E-05
 9945.25   0.54925E-05   0.45908E-05   0.50703E-05
 9958.86   0.53293E-05   0.45665E-05   0.50459E-05
 9972.46   0.52024E-05   0.45422E-05   0.50212E-05
 9986.07   0.51251E-05   0.45179E-05   0.49966E-05
 9999.67   0.51031E-05   0.44938E-05   0.49721E-05
