   13.60   0.66639E+01   0.66200E+01   0.64603E+01
   27.21   0.83870E+01   0.83565E+01   0.83255E+01
   40.81   0.75205E+01   0.75017E+01   0.75099E+01
   54.42   0.62180E+01   0.62064E+01   0.62277E+01
   68.02   0.50389E+01   0.50326E+01   0.50576E+01
   81.63   0.40249E+01   0.40213E+01   0.40456E+01
   95.23   0.31975E+01   0.31960E+01   0.32180E+01
  108.84   0.25552E+01   0.25546E+01   0.25740E+01
  122.44   0.20634E+01   0.20639E+01   0.20807E+01
  136.05   0.16840E+01   0.16848E+01   0.16994E+01
  149.65   0.13859E+01   0.13870E+01   0.13997E+01
  163.26   0.11490E+01   0.11503E+01   0.11613E+01
  176.86   0.95968E+00   0.96097E+00   0.97048E+00
  190.47   0.80742E+00   0.80886E+00   0.81713E+00
  204.07   0.68452E+00   0.68600E+00   0.69321E+00
  217.68   0.58460E+00   0.58597E+00   0.59228E+00
  231.28   0.50235E+00   0.50375E+00   0.50929E+00
  244.89   0.43411E+00   0.43554E+00   0.44041E+00
  258.49   0.37717E+00   0.37849E+00   0.38278E+00
  272.10   0.32922E+00   0.33047E+00   0.33427E+00
  285.70   0.28860E+00   0.28987E+00   0.29323E+00
  299.31   0.25416E+00   0.25538E+00   0.25836E+00
  312.91   0.22485E+00   0.22596E+00   0.22861E+00
  326.52   0.19967E+00   0.20074E+00   0.20311E+00
  340.12   0.17795E+00   0.17902E+00   0.18113E+00
  353.73   0.15919E+00   0.16021E+00   0.16210E+00
  367.33   0.14290E+00   0.14384E+00   0.14552E+00
  380.94   0.12862E+00   0.12952E+00   0.13103E+00
  394.54   0.11605E+00   0.11694E+00   0.11830E+00
  408.15   0.10501E+00   0.10587E+00   0.10708E+00
  421.75   0.95287E-01   0.96086E-01   0.97175E-01
  435.36   0.86670E-01   0.87418E-01   0.88395E-01
  448.96   0.78988E-01   0.79718E-01   0.80596E-01
  462.57   0.72142E-01   0.72863E-01   0.73650E-01
  476.17   0.66056E-01   0.66741E-01   0.67447E-01
  489.78   0.60624E-01   0.61259E-01   0.61891E-01
  503.38   0.55734E-01   0.56336E-01   0.56903E-01
  516.99   0.51312E-01   0.51903E-01   0.52410E-01
  530.59   0.47321E-01   0.47901E-01   0.48354E-01
  544.20   0.43729E-01   0.44281E-01   0.44685E-01
  557.80   0.40485E-01   0.40998E-01   0.41358E-01
  571.41   0.37531E-01   0.38016E-01   0.38336E-01
  585.01   0.34829E-01   0.35303E-01   0.35586E-01
  598.62   0.32364E-01   0.32831E-01   0.33080E-01
  612.22   0.30126E-01   0.30575E-01   0.30794E-01
  625.83   0.28092E-01   0.28512E-01   0.28703E-01
  639.43   0.26229E-01   0.26624E-01   0.26789E-01
  653.04   0.24511E-01   0.24891E-01   0.25034E-01
  666.64   0.22925E-01   0.23299E-01   0.23421E-01
  680.25   0.21470E-01   0.21835E-01   0.21937E-01
  693.85   0.20137E-01   0.20485E-01   0.20570E-01
  707.46   0.18913E-01   0.19238E-01   0.19307E-01
  721.06   0.17779E-01   0.18086E-01   0.18140E-01
  734.67   0.16721E-01   0.17018E-01   0.17059E-01
  748.27   0.15737E-01   0.16029E-01   0.16058E-01
  761.88   0.14826E-01   0.15112E-01   0.15129E-01
  775.48   0.13988E-01   0.14259E-01   0.14266E-01
  789.09   0.13213E-01   0.13467E-01   0.13464E-01
  802.69   0.12490E-01   0.12729E-01   0.12717E-01
  816.30   0.11811E-01   0.12041E-01   0.12022E-01
  829.90   0.11174E-01   0.11400E-01   0.11374E-01
  843.51   0.10580E-01   0.10802E-01   0.10769E-01
  857.11   0.10031E-01   0.10243E-01   0.10204E-01
  870.72   0.95213E-02   0.97200E-02   0.96756E-02
  884.32   0.90445E-02   0.92303E-02   0.91810E-02
  897.93   0.85942E-02   0.87713E-02   0.87176E-02
  911.53   0.81679E-02   0.83407E-02   0.82830E-02
  925.14   0.77666E-02   0.79364E-02   0.78750E-02
  938.74   0.73918E-02   0.75566E-02   0.74918E-02
  952.35   0.70433E-02   0.71993E-02   0.71314E-02
  965.95   0.67178E-02   0.68632E-02   0.67926E-02
  979.56   0.64104E-02   0.65465E-02   0.64735E-02
  993.16   0.61179E-02   0.62480E-02   0.61729E-02
 1006.77   0.58393E-02   0.59665E-02   0.58895E-02
 1020.37   0.55761E-02   0.57010E-02   0.56223E-02
 1033.98   0.53296E-02   0.54503E-02   0.53700E-02
 1047.58   0.50996E-02   0.52134E-02   0.51318E-02
 1061.19   0.48840E-02   0.49894E-02   0.49066E-02
 1074.79   0.46793E-02   0.47774E-02   0.46936E-02
 1088.40   0.44836E-02   0.45768E-02   0.44922E-02
 1102.00   0.42959E-02   0.43866E-02   0.43014E-02
 1115.61   0.41173E-02   0.42063E-02   0.41206E-02
 1129.21   0.39491E-02   0.40354E-02   0.39491E-02
 1142.82   0.37916E-02   0.38731E-02   0.37864E-02
 1156.42   0.36438E-02   0.37188E-02   0.36319E-02
 1170.03   0.35035E-02   0.35722E-02   0.34852E-02
 1183.63   0.33688E-02   0.34328E-02   0.33457E-02
 1197.24   0.32388E-02   0.33001E-02   0.32131E-02
 1210.84   0.31139E-02   0.31738E-02   0.30869E-02
 1224.45   0.29951E-02   0.30536E-02   0.29668E-02
 1238.05   0.28833E-02   0.29390E-02   0.28524E-02
 1251.66   0.27785E-02   0.28298E-02   0.27435E-02
 1265.26   0.26795E-02   0.27256E-02   0.26397E-02
 1278.87   0.25849E-02   0.26262E-02   0.25407E-02
 1292.47   0.24933E-02   0.25313E-02   0.24462E-02
 1306.08   0.24044E-02   0.24407E-02   0.23561E-02
 1319.68   0.23188E-02   0.23542E-02   0.22701E-02
 1333.29   0.22373E-02   0.22715E-02   0.21879E-02
 1346.89   0.21605E-02   0.21924E-02   0.21094E-02
 1360.50   0.20884E-02   0.21168E-02   0.20344E-02
 1374.10   0.20201E-02   0.20444E-02   0.19626E-02
 1387.71   0.19545E-02   0.19750E-02   0.18939E-02
 1401.31   0.18907E-02   0.19085E-02   0.18282E-02
 1414.92   0.18285E-02   0.18448E-02   0.17652E-02
 1428.52   0.17682E-02   0.17839E-02   0.17049E-02
 1442.13   0.17105E-02   0.17254E-02   0.16472E-02
 1455.73   0.16559E-02   0.16693E-02   0.15918E-02
 1469.34   0.16045E-02   0.16154E-02   0.15387E-02
 1482.94   0.15559E-02   0.15637E-02   0.14877E-02
 1496.55   0.15094E-02   0.15141E-02   0.14389E-02
 1510.15   0.14642E-02   0.14663E-02   0.13920E-02
 1523.76   0.14198E-02   0.14205E-02   0.13469E-02
 1537.36   0.13764E-02   0.13764E-02   0.13037E-02
 1550.97   0.13344E-02   0.13341E-02   0.12622E-02
 1564.57   0.12944E-02   0.12933E-02   0.12222E-02
 1578.18   0.12567E-02   0.12542E-02   0.11839E-02
 1591.78   0.12212E-02   0.12165E-02   0.11470E-02
 1605.39   0.11875E-02   0.11802E-02   0.11115E-02
 1618.99   0.11548E-02   0.11452E-02   0.10774E-02
 1632.60   0.11229E-02   0.11115E-02   0.10445E-02
 1646.20   0.10914E-02   0.10791E-02   0.10130E-02
 1659.81   0.10604E-02   0.10478E-02   0.98247E-03
 1673.41   0.10305E-02   0.10176E-02   0.95312E-03
 1687.02   0.10019E-02   0.98853E-03   0.92484E-03
 1700.62   0.97503E-03   0.96047E-03   0.89759E-03
 1714.23   0.94968E-03   0.93338E-03   0.87131E-03
 1727.83   0.92556E-03   0.90724E-03   0.84598E-03
 1741.44   0.90214E-03   0.88197E-03   0.82152E-03
 1755.04   0.87908E-03   0.85755E-03   0.79792E-03
 1768.65   0.85622E-03   0.83396E-03   0.77515E-03
 1782.25   0.83366E-03   0.81118E-03   0.75317E-03
 1795.86   0.81170E-03   0.78917E-03   0.73195E-03
 1809.46   0.79069E-03   0.76790E-03   0.71146E-03
 1823.07   0.77084E-03   0.74733E-03   0.69166E-03
 1836.67   0.75215E-03   0.72743E-03   0.67252E-03
 1850.28   0.73442E-03   0.70817E-03   0.65403E-03
 1863.88   0.71730E-03   0.68953E-03   0.63616E-03
 1877.49   0.70046E-03   0.67149E-03   0.61888E-03
 1891.09   0.68371E-03   0.65403E-03   0.60218E-03
 1904.70   0.66703E-03   0.63712E-03   0.58603E-03
 1918.30   0.65062E-03   0.62075E-03   0.57040E-03
 1931.91   0.63475E-03   0.60489E-03   0.55527E-03
 1945.51   0.61965E-03   0.58953E-03   0.54062E-03
 1959.12   0.60544E-03   0.57464E-03   0.52644E-03
 1972.72   0.59209E-03   0.56023E-03   0.51274E-03
 1986.33   0.57931E-03   0.54623E-03   0.49944E-03
 1999.93   0.56686E-03   0.53266E-03   0.48657E-03
 2013.54   0.55449E-03   0.51949E-03   0.47410E-03
 2027.14   0.54209E-03   0.50672E-03   0.46201E-03
 2040.75   0.52970E-03   0.49431E-03   0.45029E-03
 2054.35   0.51749E-03   0.48227E-03   0.43891E-03
 2067.96   0.50576E-03   0.47063E-03   0.42793E-03
 2081.56   0.49459E-03   0.45931E-03   0.41726E-03
 2095.17   0.48410E-03   0.44832E-03   0.40691E-03
 2108.77   0.47422E-03   0.43764E-03   0.39687E-03
 2122.38   0.46476E-03   0.42727E-03   0.38712E-03
 2135.98   0.45551E-03   0.41717E-03   0.37765E-03
 2149.59   0.44634E-03   0.40742E-03   0.36852E-03
 2163.19   0.43703E-03   0.39788E-03   0.35960E-03
 2176.80   0.42771E-03   0.38863E-03   0.35095E-03
 2190.40   0.41848E-03   0.37964E-03   0.34256E-03
 2204.01   0.40953E-03   0.37091E-03   0.33442E-03
 2217.61   0.40101E-03   0.36242E-03   0.32650E-03
 2231.22   0.39299E-03   0.35415E-03   0.31880E-03
 2244.82   0.38552E-03   0.34615E-03   0.31136E-03
 2258.43   0.37837E-03   0.33832E-03   0.30409E-03
 2272.03   0.37142E-03   0.33071E-03   0.29704E-03
 2285.64   0.36452E-03   0.32331E-03   0.29018E-03
 2299.24   0.35754E-03   0.31610E-03   0.28352E-03
 2312.85   0.35047E-03   0.30909E-03   0.27704E-03
 2326.45   0.34337E-03   0.30223E-03   0.27071E-03
 2340.06   0.33646E-03   0.29562E-03   0.26461E-03
 2353.66   0.32978E-03   0.28914E-03   0.25864E-03
 2367.27   0.32348E-03   0.28283E-03   0.25283E-03
 2380.87   0.31758E-03   0.27669E-03   0.24718E-03
 2394.48   0.31204E-03   0.27070E-03   0.24169E-03
 2408.08   0.30674E-03   0.26487E-03   0.23634E-03
 2421.69   0.30152E-03   0.25918E-03   0.23113E-03
 2435.29   0.29628E-03   0.25365E-03   0.22607E-03
 2448.90   0.29093E-03   0.24823E-03   0.22113E-03
 2462.50   0.28549E-03   0.24296E-03   0.21632E-03
 2476.11   0.28004E-03   0.23782E-03   0.21164E-03
 2489.71   0.27471E-03   0.23281E-03   0.20707E-03
 2503.32   0.26960E-03   0.22793E-03   0.20263E-03
 2516.92   0.26480E-03   0.22317E-03   0.19831E-03
 2530.53   0.26032E-03   0.21853E-03   0.19409E-03
 2544.13   0.25610E-03   0.21400E-03   0.18998E-03
 2557.74   0.25205E-03   0.20957E-03   0.18597E-03
 2571.34   0.24806E-03   0.20525E-03   0.18207E-03
 2584.95   0.24402E-03   0.20103E-03   0.17826E-03
 2598.55   0.23989E-03   0.19691E-03   0.17455E-03
 2612.16   0.23566E-03   0.19290E-03   0.17093E-03
 2625.76   0.23141E-03   0.18898E-03   0.16740E-03
 2639.37   0.22722E-03   0.18516E-03   0.16396E-03
 2652.97   0.22319E-03   0.18142E-03   0.16061E-03
 2666.58   0.21939E-03   0.17777E-03   0.15733E-03
 2680.18   0.21584E-03   0.17421E-03   0.15413E-03
 2693.79   0.21252E-03   0.17073E-03   0.15101E-03
 2707.39   0.20936E-03   0.16732E-03   0.14796E-03
 2721.00   0.20630E-03   0.16401E-03   0.14501E-03
 2734.60   0.20319E-03   0.16076E-03   0.14211E-03
 2748.21   0.19999E-03   0.15759E-03   0.13928E-03
 2761.81   0.19670E-03   0.15449E-03   0.13652E-03
 2775.42   0.19335E-03   0.15145E-03   0.13383E-03
 2789.02   0.18999E-03   0.14849E-03   0.13119E-03
 2802.63   0.18672E-03   0.14559E-03   0.12862E-03
 2816.23   0.18359E-03   0.14274E-03   0.12609E-03
 2829.84   0.18073E-03   0.14001E-03   0.12367E-03
 2843.44   0.17803E-03   0.13730E-03   0.12127E-03
 2857.05   0.17551E-03   0.13466E-03   0.11893E-03
 2870.65   0.17308E-03   0.13208E-03   0.11665E-03
 2884.26   0.17066E-03   0.12955E-03   0.11442E-03
 2897.86   0.16819E-03   0.12707E-03   0.11223E-03
 2911.47   0.16562E-03   0.12463E-03   0.11009E-03
 2925.07   0.16303E-03   0.12230E-03   0.10804E-03
 2938.68   0.16031E-03   0.11997E-03   0.10599E-03
 2952.28   0.15763E-03   0.11770E-03   0.10400E-03
 2965.89   0.15502E-03   0.11548E-03   0.10205E-03
 2979.49   0.15256E-03   0.11332E-03   0.10015E-03
 2993.10   0.15027E-03   0.11120E-03   0.98294E-04
 3006.70   0.14813E-03   0.10912E-03   0.96474E-04
 3020.31   0.14613E-03   0.10708E-03   0.94689E-04
 3033.91   0.14423E-03   0.10511E-03   0.92970E-04
 3047.52   0.14230E-03   0.10315E-03   0.91262E-04
 3061.12   0.14034E-03   0.10124E-03   0.89596E-04
 3074.73   0.13829E-03   0.99371E-04   0.87967E-04
 3088.33   0.13617E-03   0.97541E-04   0.86376E-04
 3101.94   0.13399E-03   0.95750E-04   0.84819E-04
 3115.54   0.13181E-03   0.93996E-04   0.83295E-04
 3129.15   0.12968E-03   0.92271E-04   0.81797E-04
 3142.75   0.12769E-03   0.90606E-04   0.80351E-04
 3156.36   0.12580E-03   0.88955E-04   0.78917E-04
 3169.96   0.12406E-03   0.87339E-04   0.77516E-04
 3183.57   0.12245E-03   0.85756E-04   0.76145E-04
 3197.17   0.12090E-03   0.84207E-04   0.74803E-04
 3210.78   0.11938E-03   0.82689E-04   0.73492E-04
 3224.38   0.11783E-03   0.81202E-04   0.72207E-04
 3237.99   0.11622E-03   0.79741E-04   0.70948E-04
 3251.59   0.11453E-03   0.78319E-04   0.69722E-04
 3265.20   0.11278E-03   0.76917E-04   0.68513E-04
 3278.80   0.11099E-03   0.75542E-04   0.67330E-04
 3292.41   0.10923E-03   0.74195E-04   0.66170E-04
 3306.01   0.10754E-03   0.72876E-04   0.65034E-04
 3319.62   0.10595E-03   0.71585E-04   0.63923E-04
 3333.22   0.10449E-03   0.70320E-04   0.62835E-04
 3346.83   0.10314E-03   0.69081E-04   0.61770E-04
 3360.43   0.10187E-03   0.67867E-04   0.60728E-04
 3374.04   0.10065E-03   0.66675E-04   0.59705E-04
 3387.64   0.99418E-04   0.65504E-04   0.58702E-04
 3401.25   0.98145E-04   0.64355E-04   0.57717E-04
 3414.85   0.96807E-04   0.63227E-04   0.56752E-04
 3428.46   0.95402E-04   0.62120E-04   0.55806E-04
 3442.06   0.93947E-04   0.61036E-04   0.54879E-04
 3455.67   0.92475E-04   0.59973E-04   0.53970E-04
 3469.27   0.91039E-04   0.58938E-04   0.53087E-04
 3482.88   0.89655E-04   0.57917E-04   0.52214E-04
 3496.48   0.88363E-04   0.56918E-04   0.51360E-04
 3510.09   0.87170E-04   0.55936E-04   0.50522E-04
 3523.69   0.86068E-04   0.54973E-04   0.49700E-04
 3537.30   0.85032E-04   0.54026E-04   0.48892E-04
 3550.90   0.84027E-04   0.53096E-04   0.48099E-04
 3564.51   0.83016E-04   0.52183E-04   0.47320E-04
 3578.11   0.81966E-04   0.51285E-04   0.46556E-04
 3591.72   0.80885E-04   0.50419E-04   0.45821E-04
 3605.32   0.79724E-04   0.49558E-04   0.45089E-04
 3618.93   0.78519E-04   0.48714E-04   0.44372E-04
 3632.53   0.77294E-04   0.47887E-04   0.43668E-04
 3646.14   0.76083E-04   0.47074E-04   0.42977E-04
 3659.74   0.74916E-04   0.46276E-04   0.42298E-04
 3673.35   0.73819E-04   0.45491E-04   0.41630E-04
 3686.95   0.72795E-04   0.44715E-04   0.40969E-04
 3700.56   0.71906E-04   0.43983E-04   0.40350E-04
 3714.16   0.71028E-04   0.43236E-04   0.39714E-04
 3727.77   0.70198E-04   0.42509E-04   0.39096E-04
 3741.37   0.69375E-04   0.41796E-04   0.38491E-04
 3754.98   0.68528E-04   0.41097E-04   0.37898E-04
 3768.58   0.67634E-04   0.40409E-04   0.37315E-04
 3782.19   0.66685E-04   0.39733E-04   0.36742E-04
 3795.79   0.65684E-04   0.39067E-04   0.36177E-04
 3809.40   0.64650E-04   0.38411E-04   0.35621E-04
 3823.00   0.63651E-04   0.37788E-04   0.35094E-04
 3836.61   0.62641E-04   0.37156E-04   0.34557E-04
 3850.21   0.61688E-04   0.36540E-04   0.34034E-04
 3863.82   0.60805E-04   0.35936E-04   0.33521E-04
 3877.42   0.59995E-04   0.35344E-04   0.33018E-04
 3891.03   0.59249E-04   0.34762E-04   0.32524E-04
 3904.63   0.58547E-04   0.34190E-04   0.32039E-04
 3918.24   0.57861E-04   0.33626E-04   0.31560E-04
 3931.84   0.57160E-04   0.33067E-04   0.31085E-04
 3945.45   0.56469E-04   0.32539E-04   0.30639E-04
 3959.05   0.55702E-04   0.32002E-04   0.30183E-04
 3972.66   0.54893E-04   0.31476E-04   0.29737E-04
 3986.26   0.54048E-04   0.30961E-04   0.29300E-04
 3999.87   0.53185E-04   0.30455E-04   0.28871E-04
 4013.47   0.52325E-04   0.29960E-04   0.28450E-04
 4027.08   0.51492E-04   0.29473E-04   0.28037E-04
 4040.68   0.50704E-04   0.28994E-04   0.27630E-04
 4054.29   0.49967E-04   0.28520E-04   0.27226E-04
 4067.89   0.49314E-04   0.28068E-04   0.26842E-04
 4081.50   0.48695E-04   0.27613E-04   0.26454E-04
 4095.10   0.48113E-04   0.27165E-04   0.26073E-04
 4108.71   0.47548E-04   0.26726E-04   0.25699E-04
 4122.31   0.46978E-04   0.26295E-04   0.25332E-04
 4135.92   0.46385E-04   0.25871E-04   0.24971E-04
 4149.52   0.45756E-04   0.25455E-04   0.24618E-04
 4163.13   0.45089E-04   0.25046E-04   0.24270E-04
 4176.73   0.44386E-04   0.24643E-04   0.23927E-04
 4190.34   0.43669E-04   0.24252E-04   0.23594E-04
 4203.94   0.42945E-04   0.23864E-04   0.23263E-04
 4217.55   0.42240E-04   0.23482E-04   0.22937E-04
 4231.15   0.41570E-04   0.23107E-04   0.22616E-04
 4244.76   0.40947E-04   0.22738E-04   0.22300E-04
 4258.36   0.40376E-04   0.22376E-04   0.21990E-04
 4271.97   0.39852E-04   0.22020E-04   0.21686E-04
 4285.57   0.39364E-04   0.21671E-04   0.21387E-04
 4299.18   0.38896E-04   0.21328E-04   0.21093E-04
 4312.78   0.38429E-04   0.20992E-04   0.20805E-04
 4326.39   0.37945E-04   0.20660E-04   0.20521E-04
 4339.99   0.37432E-04   0.20334E-04   0.20241E-04
 4353.60   0.36884E-04   0.20012E-04   0.19966E-04
 4367.20   0.36303E-04   0.19695E-04   0.19694E-04
 4380.81   0.35699E-04   0.19384E-04   0.19427E-04
 4394.41   0.35087E-04   0.19078E-04   0.19164E-04
 4408.02   0.34482E-04   0.18778E-04   0.18905E-04
 4421.62   0.33901E-04   0.18482E-04   0.18650E-04
 4435.23   0.33368E-04   0.18199E-04   0.18406E-04
 4448.83   0.32862E-04   0.17912E-04   0.18158E-04
 4462.44   0.32403E-04   0.17632E-04   0.17917E-04
 4476.04   0.31981E-04   0.17358E-04   0.17680E-04
 4489.65   0.31583E-04   0.17087E-04   0.17446E-04
 4503.25   0.31194E-04   0.16821E-04   0.17215E-04
 4516.86   0.30799E-04   0.16558E-04   0.16987E-04
 4530.46   0.30387E-04   0.16299E-04   0.16763E-04
 4544.07   0.29947E-04   0.16044E-04   0.16541E-04
 4557.67   0.29481E-04   0.15794E-04   0.16324E-04
 4571.28   0.29004E-04   0.15555E-04   0.16118E-04
 4584.88   0.28495E-04   0.15312E-04   0.15907E-04
 4598.49   0.27985E-04   0.15076E-04   0.15701E-04
 4612.09   0.27484E-04   0.14843E-04   0.15498E-04
 4625.70   0.27005E-04   0.14615E-04   0.15299E-04
 4639.30   0.26556E-04   0.14390E-04   0.15102E-04
 4652.91   0.26141E-04   0.14168E-04   0.14908E-04
 4666.51   0.25759E-04   0.13949E-04   0.14716E-04
 4680.12   0.25404E-04   0.13733E-04   0.14525E-04
 4693.72   0.25067E-04   0.13519E-04   0.14336E-04
 4707.33   0.24768E-04   0.13321E-04   0.14166E-04
 4720.93   0.24440E-04   0.13116E-04   0.13985E-04
 4734.54   0.24101E-04   0.12915E-04   0.13808E-04
 4748.14   0.23743E-04   0.12718E-04   0.13634E-04
 4761.75   0.23361E-04   0.12524E-04   0.13464E-04
 4775.35   0.22958E-04   0.12334E-04   0.13296E-04
 4788.96   0.22539E-04   0.12146E-04   0.13129E-04
 4802.56   0.22114E-04   0.11960E-04   0.12965E-04
 4816.17   0.21689E-04   0.11774E-04   0.12799E-04
 4829.77   0.21317E-04   0.11611E-04   0.12658E-04
 4843.38   0.20923E-04   0.11428E-04   0.12493E-04
 4856.98   0.20571E-04   0.11253E-04   0.12337E-04
 4870.59   0.20250E-04   0.11083E-04   0.12185E-04
 4884.19   0.19957E-04   0.10916E-04   0.12035E-04
 4897.80   0.19683E-04   0.10752E-04   0.11888E-04
 4911.40   0.19421E-04   0.10590E-04   0.11744E-04
 4925.01   0.19158E-04   0.10431E-04   0.11601E-04
 4938.61   0.18887E-04   0.10274E-04   0.11460E-04
 4952.22   0.18595E-04   0.10116E-04   0.11318E-04
 4965.82   0.18310E-04   0.99749E-05   0.11193E-04
 4979.43   0.17979E-04   0.98206E-05   0.11053E-04
 4993.03   0.17639E-04   0.96722E-05   0.10919E-04
 5006.64   0.17292E-04   0.95267E-05   0.10787E-04
 5020.24   0.16946E-04   0.93841E-05   0.10658E-04
 5033.85   0.16610E-04   0.92441E-05   0.10531E-04
 5047.45   0.16291E-04   0.91066E-05   0.10406E-04
 5061.06   0.15994E-04   0.89714E-05   0.10283E-04
 5074.66   0.15721E-04   0.88383E-05   0.10161E-04
 5088.27   0.15469E-04   0.87058E-05   0.10041E-04
 5101.87   0.15248E-04   0.85837E-05   0.99288E-05
 5115.48   0.15027E-04   0.84536E-05   0.98095E-05
 5129.08   0.14816E-04   0.83277E-05   0.96938E-05
 5142.69   0.14603E-04   0.82039E-05   0.95798E-05
 5156.29   0.14382E-04   0.80822E-05   0.94675E-05
 5169.90   0.14149E-04   0.79625E-05   0.93570E-05
 5183.50   0.13902E-04   0.78448E-05   0.92483E-05
 5197.11   0.13642E-04   0.77293E-05   0.91415E-05
 5210.71   0.13371E-04   0.76156E-05   0.90364E-05
 5224.32   0.13096E-04   0.75035E-05   0.89327E-05
 5237.92   0.12821E-04   0.73923E-05   0.88298E-05
 5251.53   0.12558E-04   0.72870E-05   0.87308E-05
 5265.13   0.12305E-04   0.71801E-05   0.86311E-05
 5278.74   0.12069E-04   0.70749E-05   0.85326E-05
 5292.34   0.11853E-04   0.69713E-05   0.84352E-05
 5305.95   0.11655E-04   0.68693E-05   0.83390E-05
 5319.55   0.11473E-04   0.67690E-05   0.82442E-05
 5333.16   0.11303E-04   0.66703E-05   0.81508E-05
 5346.76   0.11138E-04   0.65733E-05   0.80590E-05
 5360.37   0.10974E-04   0.64778E-05   0.79686E-05
 5373.97   0.10805E-04   0.63839E-05   0.78801E-05
 5387.58   0.10628E-04   0.62925E-05   0.77929E-05
 5401.18   0.10438E-04   0.62013E-05   0.77065E-05
 5414.79   0.10238E-04   0.61115E-05   0.76211E-05
 5428.39   0.10029E-04   0.60229E-05   0.75367E-05
 5442.00   0.98156E-05   0.59357E-05   0.74532E-05
 5455.60   0.96015E-05   0.58497E-05   0.73705E-05
 5469.21   0.93924E-05   0.57650E-05   0.72889E-05
 5482.81   0.91928E-05   0.56818E-05   0.72083E-05
 5496.42   0.90061E-05   0.55999E-05   0.71288E-05
 5510.02   0.88334E-05   0.55189E-05   0.70497E-05
 5523.63   0.86833E-05   0.54433E-05   0.69778E-05
 5537.23   0.85384E-05   0.53643E-05   0.69003E-05
 5550.84   0.84064E-05   0.52878E-05   0.68257E-05
 5564.44   0.82811E-05   0.52124E-05   0.67522E-05
 5578.05   0.81581E-05   0.51381E-05   0.66796E-05
 5591.65   0.80329E-05   0.50647E-05   0.66078E-05
 5605.26   0.79022E-05   0.49923E-05   0.65366E-05
 5618.86   0.77640E-05   0.49208E-05   0.64661E-05
 5632.47   0.76177E-05   0.48502E-05   0.63962E-05
 5646.07   0.74638E-05   0.47805E-05   0.63267E-05
 5659.68   0.73062E-05   0.47125E-05   0.62591E-05
 5673.28   0.71523E-05   0.46487E-05   0.61977E-05
 5686.89   0.69932E-05   0.45820E-05   0.61306E-05
 5700.49   0.68406E-05   0.45173E-05   0.60658E-05
 5714.10   0.66965E-05   0.44538E-05   0.60022E-05
 5727.70   0.65626E-05   0.43912E-05   0.59395E-05
 5741.31   0.64398E-05   0.43296E-05   0.58775E-05
 5754.91   0.63281E-05   0.42687E-05   0.58161E-05
 5768.52   0.62259E-05   0.42086E-05   0.57552E-05
 5782.12   0.61311E-05   0.41491E-05   0.56945E-05
 5795.73   0.60402E-05   0.40897E-05   0.56334E-05
 5809.33   0.59519E-05   0.40317E-05   0.55736E-05
 5822.94   0.58706E-05   0.39795E-05   0.55231E-05
 5836.54   0.57780E-05   0.39229E-05   0.54646E-05
 5850.15   0.56818E-05   0.38680E-05   0.54080E-05
 5863.75   0.55809E-05   0.38140E-05   0.53526E-05
 5877.36   0.54756E-05   0.37610E-05   0.52982E-05
 5890.96   0.53671E-05   0.37088E-05   0.52444E-05
 5904.57   0.52572E-05   0.36573E-05   0.51913E-05
 5918.17   0.51480E-05   0.36065E-05   0.51386E-05
 5931.78   0.50417E-05   0.35561E-05   0.50860E-05
 5945.38   0.49394E-05   0.35055E-05   0.50325E-05
 5958.99   0.48443E-05   0.34559E-05   0.49795E-05
 5972.59   0.47657E-05   0.34131E-05   0.49372E-05
 5986.20   0.46872E-05   0.33653E-05   0.48862E-05
 5999.80   0.46172E-05   0.33187E-05   0.48366E-05
 6013.41   0.45540E-05   0.32731E-05   0.47881E-05
 6027.01   0.44957E-05   0.32282E-05   0.47404E-05
 6040.62   0.44404E-05   0.31841E-05   0.46935E-05
 6054.22   0.43860E-05   0.31406E-05   0.46473E-05
 6067.83   0.43305E-05   0.30976E-05   0.46016E-05
 6081.43   0.42727E-05   0.30550E-05   0.45562E-05
 6095.04   0.42108E-05   0.30123E-05   0.45102E-05
 6108.64   0.41460E-05   0.29700E-05   0.44641E-05
 6122.25   0.40861E-05   0.29335E-05   0.44262E-05
 6135.85   0.40176E-05   0.28928E-05   0.43818E-05
 6149.46   0.39494E-05   0.28531E-05   0.43384E-05
 6163.06   0.38826E-05   0.28142E-05   0.42958E-05
 6176.67   0.38183E-05   0.27761E-05   0.42538E-05
 6190.27   0.37578E-05   0.27386E-05   0.42126E-05
 6203.88   0.37022E-05   0.27018E-05   0.41721E-05
 6217.48   0.36519E-05   0.26656E-05   0.41322E-05
 6231.09   0.36073E-05   0.26298E-05   0.40927E-05
 6244.69   0.35675E-05   0.25942E-05   0.40535E-05
 6258.30   0.35326E-05   0.25589E-05   0.40141E-05
 6271.90   0.35068E-05   0.25269E-05   0.39786E-05
 6285.51   0.34788E-05   0.24926E-05   0.39402E-05
 6299.11   0.34529E-05   0.24589E-05   0.39024E-05
 6312.72   0.34277E-05   0.24258E-05   0.38651E-05
 6326.32   0.34021E-05   0.23932E-05   0.38282E-05
 6339.93   0.33756E-05   0.23611E-05   0.37918E-05
 6353.53   0.33475E-05   0.23296E-05   0.37560E-05
 6367.14   0.33177E-05   0.22987E-05   0.37208E-05
 6380.74   0.32864E-05   0.22683E-05   0.36861E-05
 6394.35   0.32537E-05   0.22383E-05   0.36520E-05
 6407.95   0.32204E-05   0.22087E-05   0.36182E-05
 6421.56   0.31913E-05   0.21807E-05   0.35854E-05
 6435.16   0.31595E-05   0.21518E-05   0.35523E-05
 6448.77   0.31308E-05   0.21235E-05   0.35195E-05
 6462.37   0.31056E-05   0.20955E-05   0.34870E-05
 6475.98   0.30848E-05   0.20679E-05   0.34546E-05
 6489.58   0.30687E-05   0.20407E-05   0.34226E-05
 6503.19   0.30574E-05   0.20139E-05   0.33909E-05
 6516.79   0.30506E-05   0.19875E-05   0.33596E-05
 6530.40   0.30478E-05   0.19615E-05   0.33288E-05
 6544.00   0.30479E-05   0.19360E-05   0.32985E-05
 6557.61   0.30497E-05   0.19107E-05   0.32685E-05
 6571.21   0.30519E-05   0.18859E-05   0.32395E-05
 6584.82   0.30576E-05   0.18622E-05   0.32109E-05
 6598.42   0.30595E-05   0.18381E-05   0.31822E-05
 6612.03   0.30596E-05   0.18144E-05   0.31538E-05
 6625.63   0.30576E-05   0.17909E-05   0.31256E-05
 6639.24   0.30532E-05   0.17678E-05   0.30975E-05
 6652.84   0.30468E-05   0.17450E-05   0.30696E-05
 6666.45   0.30389E-05   0.17225E-05   0.30420E-05
 6680.05   0.30305E-05   0.17004E-05   0.30145E-05
 6693.66   0.30226E-05   0.16786E-05   0.29874E-05
 6707.26   0.30166E-05   0.16571E-05   0.29604E-05
 6720.87   0.30135E-05   0.16362E-05   0.29346E-05
 6734.47   0.30148E-05   0.16164E-05   0.29108E-05
 6748.08   0.30203E-05   0.15957E-05   0.28847E-05
 6761.68   0.30306E-05   0.15756E-05   0.28595E-05
 6775.29   0.30458E-05   0.15558E-05   0.28347E-05
 6788.89   0.30654E-05   0.15362E-05   0.28102E-05
 6802.50   0.30884E-05   0.15168E-05   0.27858E-05
 6816.10   0.31139E-05   0.14977E-05   0.27615E-05
 6829.71   0.31405E-05   0.14788E-05   0.27374E-05
 6843.31   0.31671E-05   0.14601E-05   0.27133E-05
 6856.92   0.31922E-05   0.14417E-05   0.26892E-05
 6870.52   0.32146E-05   0.14232E-05   0.26648E-05
 6884.13   0.32342E-05   0.14057E-05   0.26419E-05
 6897.73   0.32499E-05   0.13898E-05   0.26230E-05
 6911.34   0.32617E-05   0.13724E-05   0.25997E-05
 6924.94   0.32705E-05   0.13555E-05   0.25773E-05
 6938.55   0.32774E-05   0.13390E-05   0.25555E-05
 6952.15   0.32838E-05   0.13227E-05   0.25340E-05
 6965.76   0.32912E-05   0.13067E-05   0.25128E-05
 6979.36   0.33015E-05   0.12908E-05   0.24916E-05
 6992.97   0.33159E-05   0.12751E-05   0.24706E-05
 7006.57   0.33356E-05   0.12595E-05   0.24495E-05
 7020.18   0.33610E-05   0.12440E-05   0.24283E-05
 7033.78   0.33916E-05   0.12282E-05   0.24060E-05
 7047.39   0.34294E-05   0.12133E-05   0.23853E-05
 7060.99   0.34732E-05   0.12009E-05   0.23706E-05
 7074.60   0.35170E-05   0.11861E-05   0.23498E-05
 7088.20   0.35622E-05   0.11719E-05   0.23299E-05
 7101.81   0.36066E-05   0.11580E-05   0.23105E-05
 7115.41   0.36484E-05   0.11443E-05   0.22915E-05
 7129.02   0.36860E-05   0.11310E-05   0.22728E-05
 7142.62   0.37185E-05   0.11178E-05   0.22543E-05
 7156.23   0.37452E-05   0.11047E-05   0.22359E-05
 7169.83   0.37666E-05   0.10918E-05   0.22176E-05
 7183.44   0.37834E-05   0.10790E-05   0.21990E-05
 7197.04   0.37955E-05   0.10658E-05   0.21794E-05
 7210.65   0.38098E-05   0.10532E-05   0.21607E-05
 7224.25   0.38319E-05   0.10435E-05   0.21484E-05
 7237.86   0.38491E-05   0.10311E-05   0.21299E-05
 7251.46   0.38719E-05   0.10192E-05   0.21122E-05
 7265.07   0.39011E-05   0.10076E-05   0.20949E-05
 7278.67   0.39371E-05   0.99623E-06   0.20779E-05
 7292.28   0.39797E-05   0.98506E-06   0.20613E-05
 7305.88   0.40282E-05   0.97409E-06   0.20449E-05
 7319.49   0.40811E-05   0.96328E-06   0.20288E-05
 7333.09   0.41367E-05   0.95261E-06   0.20127E-05
 7346.70   0.41925E-05   0.94201E-06   0.19967E-05
 7360.30   0.42448E-05   0.93124E-06   0.19802E-05
 7373.91   0.42964E-05   0.92077E-06   0.19638E-05
 7387.51   0.43547E-05   0.91255E-06   0.19517E-05
 7401.12   0.43938E-05   0.90231E-06   0.19356E-05
 7414.72   0.44278E-05   0.89244E-06   0.19199E-05
 7428.33   0.44561E-05   0.88281E-06   0.19045E-05
 7441.93   0.44794E-05   0.87338E-06   0.18893E-05
 7455.54   0.44991E-05   0.86417E-06   0.18744E-05
 7469.14   0.45171E-05   0.85514E-06   0.18597E-05
 7482.75   0.45356E-05   0.84630E-06   0.18454E-05
 7496.35   0.45566E-05   0.83761E-06   0.18312E-05
 7509.96   0.45818E-05   0.82904E-06   0.18172E-05
 7523.56   0.46118E-05   0.82049E-06   0.18032E-05
 7537.17   0.46498E-05   0.81203E-06   0.17892E-05
 7550.77   0.47076E-05   0.80477E-06   0.17770E-05
 7564.38   0.47575E-05   0.79643E-06   0.17630E-05
 7577.98   0.48151E-05   0.78836E-06   0.17493E-05
 7591.59   0.48772E-05   0.78043E-06   0.17358E-05
 7605.19   0.49411E-05   0.77264E-06   0.17223E-05
 7618.80   0.50046E-05   0.76501E-06   0.17089E-05
 7632.40   0.50651E-05   0.75754E-06   0.16958E-05
 7646.01   0.51205E-05   0.75026E-06   0.16828E-05
 7659.61   0.51692E-05   0.74315E-06   0.16701E-05
 7673.22   0.52101E-05   0.73621E-06   0.16576E-05
 7686.82   0.52428E-05   0.72941E-06   0.16453E-05
 7700.43   0.52648E-05   0.72264E-06   0.16331E-05
 7714.03   0.52997E-05   0.71658E-06   0.16213E-05
 7727.64   0.53124E-05   0.71003E-06   0.16094E-05
 7741.24   0.53278E-05   0.70367E-06   0.15975E-05
 7754.85   0.53454E-05   0.69740E-06   0.15856E-05
 7768.45   0.53672E-05   0.69121E-06   0.15738E-05
 7782.06   0.53952E-05   0.68509E-06   0.15620E-05
 7795.66   0.54307E-05   0.67907E-06   0.15502E-05
 7809.27   0.54744E-05   0.67315E-06   0.15385E-05
 7822.87   0.55261E-05   0.66735E-06   0.15270E-05
 7836.48   0.55846E-05   0.66168E-06   0.15156E-05
 7850.08   0.56482E-05   0.65615E-06   0.15044E-05
 7863.69   0.57143E-05   0.65074E-06   0.14934E-05
 7877.29   0.57801E-05   0.64561E-06   0.14829E-05
 7890.90   0.58480E-05   0.64070E-06   0.14726E-05
 7904.50   0.59065E-05   0.63567E-06   0.14620E-05
 7918.11   0.59582E-05   0.63080E-06   0.14515E-05
 7931.71   0.60017E-05   0.62601E-06   0.14412E-05
 7945.32   0.60364E-05   0.62131E-06   0.14308E-05
 7958.92   0.60626E-05   0.61668E-06   0.14205E-05
 7972.53   0.60818E-05   0.61211E-06   0.14101E-05
 7986.13   0.60959E-05   0.60761E-06   0.13998E-05
 7999.74   0.61075E-05   0.60318E-06   0.13895E-05
 8013.34   0.61192E-05   0.59884E-06   0.13793E-05
 8026.95   0.61336E-05   0.59456E-06   0.13691E-05
 8040.55   0.61526E-05   0.59016E-06   0.13585E-05
 8054.16   0.61796E-05   0.58644E-06   0.13494E-05
 8067.76   0.62160E-05   0.58320E-06   0.13415E-05
 8081.37   0.62585E-05   0.57934E-06   0.13318E-05
 8094.97   0.63087E-05   0.57565E-06   0.13225E-05
 8108.58   0.63653E-05   0.57208E-06   0.13134E-05
 8122.18   0.64263E-05   0.56859E-06   0.13043E-05
 8135.79   0.64892E-05   0.56517E-06   0.12952E-05
 8149.39   0.65515E-05   0.56180E-06   0.12861E-05
 8163.00   0.66106E-05   0.55849E-06   0.12770E-05
 8176.60   0.66641E-05   0.55522E-06   0.12678E-05
 8190.21   0.67102E-05   0.55199E-06   0.12586E-05
 8203.81   0.67473E-05   0.54874E-06   0.12493E-05
 8217.42   0.67717E-05   0.54487E-06   0.12383E-05
 8231.02   0.68081E-05   0.54495E-06   0.12365E-05
 8244.63   0.68167E-05   0.54117E-06   0.12254E-05
 8258.23   0.68243E-05   0.53834E-06   0.12166E-05
 8271.84   0.68295E-05   0.53574E-06   0.12081E-05
 8285.44   0.68345E-05   0.53327E-06   0.11999E-05
 8299.05   0.68417E-05   0.53089E-06   0.11918E-05
 8312.65   0.68533E-05   0.52858E-06   0.11838E-05
 8326.26   0.68713E-05   0.52632E-06   0.11758E-05
 8339.86   0.68969E-05   0.52409E-06   0.11678E-05
 8353.47   0.69304E-05   0.52188E-06   0.11598E-05
 8367.07   0.69714E-05   0.51965E-06   0.11516E-05
 8380.68   0.70179E-05   0.51731E-06   0.11431E-05
 8394.28   0.70581E-05   0.51391E-06   0.11321E-05
 8407.89   0.71501E-05   0.51567E-06   0.11325E-05
 8421.49   0.71977E-05   0.51271E-06   0.11223E-05
 8435.10   0.72503E-05   0.51072E-06   0.11142E-05
 8448.70   0.72991E-05   0.50898E-06   0.11064E-05
 8462.31   0.73410E-05   0.50739E-06   0.10990E-05
 8475.91   0.73742E-05   0.50594E-06   0.10917E-05
 8489.52   0.73978E-05   0.50459E-06   0.10845E-05
 8503.12   0.74118E-05   0.50332E-06   0.10774E-05
 8516.73   0.74171E-05   0.50211E-06   0.10704E-05
 8530.33   0.74154E-05   0.50093E-06   0.10633E-05
 8543.94   0.74087E-05   0.49974E-06   0.10562E-05
 8557.54   0.73985E-05   0.49845E-06   0.10488E-05
 8571.15   0.73762E-05   0.49635E-06   0.10396E-05
 8584.75   0.74254E-05   0.49866E-06   0.10396E-05
 8598.36   0.74137E-05   0.49646E-06   0.10302E-05
 8611.96   0.74234E-05   0.49528E-06   0.10228E-05
 8625.57   0.74439E-05   0.49429E-06   0.10158E-05
 8639.17   0.74738E-05   0.49343E-06   0.10089E-05
 8652.78   0.75117E-05   0.49268E-06   0.10022E-05
 8666.38   0.75559E-05   0.49203E-06   0.99571E-06
 8679.99   0.76038E-05   0.49150E-06   0.98932E-06
 8693.59   0.76525E-05   0.49105E-06   0.98304E-06
 8707.20   0.76990E-05   0.49068E-06   0.97682E-06
 8720.80   0.77402E-05   0.49036E-06   0.97061E-06
 8734.41   0.77727E-05   0.49003E-06   0.96431E-06
 8748.01   0.77880E-05   0.48945E-06   0.95741E-06
 8761.62   0.78051E-05   0.48908E-06   0.95092E-06
 8775.22   0.78412E-05   0.49024E-06   0.94734E-06
 8788.83   0.78347E-05   0.48994E-06   0.94084E-06
 8802.43   0.78235E-05   0.48978E-06   0.93455E-06
 8816.04   0.78080E-05   0.48968E-06   0.92837E-06
 8829.64   0.77903E-05   0.48966E-06   0.92228E-06
 8843.25   0.77730E-05   0.48970E-06   0.91629E-06
 8856.85   0.77587E-05   0.48983E-06   0.91043E-06
 8870.46   0.77494E-05   0.49004E-06   0.90469E-06
 8884.06   0.77469E-05   0.49033E-06   0.89906E-06
 8897.67   0.77520E-05   0.49069E-06   0.89353E-06
 8911.27   0.77644E-05   0.49111E-06   0.88806E-06
 8924.88   0.77815E-05   0.49154E-06   0.88254E-06
 8938.48   0.78080E-05   0.49194E-06   0.87697E-06
 8952.09   0.78620E-05   0.49293E-06   0.87245E-06
 8965.69   0.78921E-05   0.49342E-06   0.86689E-06
 8979.30   0.79258E-05   0.49398E-06   0.86143E-06
 8992.90   0.79579E-05   0.49457E-06   0.85597E-06
 9006.51   0.79855E-05   0.49519E-06   0.85052E-06
 9020.11   0.80066E-05   0.49585E-06   0.84509E-06
 9033.72   0.80196E-05   0.49657E-06   0.83971E-06
 9047.32   0.80238E-05   0.49735E-06   0.83441E-06
 9060.93   0.80190E-05   0.49821E-06   0.82921E-06
 9074.53   0.80058E-05   0.49916E-06   0.82411E-06
 9088.14   0.79855E-05   0.50019E-06   0.81912E-06
 9101.74   0.79594E-05   0.50129E-06   0.81423E-06
 9115.35   0.79255E-05   0.50246E-06   0.80939E-06
 9128.95   0.79166E-05   0.50367E-06   0.80475E-06
 9142.56   0.78840E-05   0.50491E-06   0.79999E-06
 9156.16   0.78609E-05   0.50616E-06   0.79526E-06
 9169.77   0.78447E-05   0.50741E-06   0.79052E-06
 9183.37   0.78361E-05   0.50864E-06   0.78574E-06
 9196.98   0.78356E-05   0.50986E-06   0.78094E-06
 9210.58   0.78430E-05   0.51108E-06   0.77612E-06
 9224.19   0.78574E-05   0.51231E-06   0.77130E-06
 9237.79   0.78774E-05   0.51358E-06   0.76650E-06
 9251.40   0.79009E-05   0.51489E-06   0.76175E-06
 9265.00   0.79255E-05   0.51627E-06   0.75707E-06
 9278.61   0.79484E-05   0.51771E-06   0.75246E-06
 9292.21   0.79668E-05   0.51920E-06   0.74787E-06
 9305.82   0.79800E-05   0.52105E-06   0.74378E-06
 9319.42   0.79895E-05   0.52305E-06   0.73986E-06
 9333.03   0.79838E-05   0.52471E-06   0.73543E-06
 9346.63   0.79695E-05   0.52651E-06   0.73118E-06
 9360.24   0.79463E-05   0.52835E-06   0.72698E-06
 9373.84   0.79153E-05   0.53020E-06   0.72278E-06
 9387.45   0.78784E-05   0.53204E-06   0.71855E-06
 9401.05   0.78378E-05   0.53386E-06   0.71429E-06
 9414.66   0.77963E-05   0.53564E-06   0.71000E-06
 9428.26   0.77565E-05   0.53740E-06   0.70568E-06
 9441.87   0.77208E-05   0.53915E-06   0.70136E-06
 9455.47   0.76912E-05   0.54088E-06   0.69702E-06
 9469.08   0.76687E-05   0.54259E-06   0.69266E-06
 9482.68   0.76527E-05   0.54405E-06   0.68800E-06
 9496.29   0.76506E-05   0.54646E-06   0.68452E-06
 9509.89   0.76590E-05   0.54962E-06   0.68194E-06
 9523.50   0.76647E-05   0.55140E-06   0.67766E-06
 9537.10   0.76755E-05   0.55348E-06   0.67372E-06
 9550.71   0.76878E-05   0.55567E-06   0.66991E-06
 9564.31   0.76990E-05   0.55793E-06   0.66615E-06
 9577.92   0.77064E-05   0.56021E-06   0.66240E-06
 9591.52   0.77078E-05   0.56249E-06   0.65865E-06
 9605.13   0.77015E-05   0.56475E-06   0.65486E-06
 9618.73   0.76864E-05   0.56697E-06   0.65102E-06
 9632.34   0.76621E-05   0.56915E-06   0.64713E-06
 9645.94   0.76289E-05   0.57127E-06   0.64316E-06
 9659.55   0.75869E-05   0.57323E-06   0.63904E-06
 9673.15   0.75338E-05   0.57454E-06   0.63421E-06
 9686.76   0.74911E-05   0.57742E-06   0.63113E-06
 9700.36   0.74566E-05   0.58210E-06   0.63000E-06
 9713.97   0.74023E-05   0.58396E-06   0.62581E-06
 9727.57   0.73536E-05   0.58622E-06   0.62207E-06
 9741.18   0.73103E-05   0.58864E-06   0.61853E-06
 9754.78   0.72734E-05   0.59116E-06   0.61508E-06
 9768.39   0.72434E-05   0.59372E-06   0.61171E-06
 9781.99   0.72204E-05   0.59631E-06   0.60836E-06
 9795.60   0.72041E-05   0.59889E-06   0.60501E-06
 9809.20   0.71933E-05   0.60144E-06   0.60163E-06
 9822.81   0.71866E-05   0.60394E-06   0.59820E-06
 9836.41   0.71819E-05   0.60633E-06   0.59467E-06
 9850.02   0.71761E-05   0.60852E-06   0.59094E-06
 9863.62   0.71609E-05   0.60988E-06   0.58641E-06
 9877.23   0.71608E-05   0.61283E-06   0.58342E-06
 9890.83   0.71770E-05   0.61863E-06   0.58314E-06
 9904.44   0.71519E-05   0.62049E-06   0.57909E-06
 9918.04   0.71237E-05   0.62287E-06   0.57554E-06
 9931.65   0.70891E-05   0.62545E-06   0.57219E-06
 9945.25   0.70476E-05   0.62815E-06   0.56897E-06
 9958.86   0.69996E-05   0.63095E-06   0.56584E-06
 9972.46   0.69463E-05   0.63381E-06   0.56278E-06
 9986.07   0.68892E-05   0.63670E-06   0.55977E-06
 9999.67   0.68301E-05   0.63959E-06   0.55678E-06
