   54.42   0.46247E+00   0.46146E+00   0.39145E+00
   68.02   0.43114E+00   0.42990E+00   0.34253E+00
   81.63   0.41580E+00   0.41457E+00   0.32651E+00
   95.23   0.40313E+00   0.40204E+00   0.31973E+00
  108.84   0.38949E+00   0.38860E+00   0.31409E+00
  122.44   0.37461E+00   0.37392E+00   0.30737E+00
  136.05   0.35898E+00   0.35849E+00   0.29931E+00
  149.65   0.34304E+00   0.34274E+00   0.29014E+00
  163.26   0.32703E+00   0.32691E+00   0.28012E+00
  176.86   0.31117E+00   0.31122E+00   0.26955E+00
  190.47   0.29568E+00   0.29588E+00   0.25870E+00
  204.07   0.28078E+00   0.28111E+00   0.24785E+00
  217.68   0.26660E+00   0.26705E+00   0.23721E+00
  231.28   0.25323E+00   0.25379E+00   0.22692E+00
  244.89   0.24066E+00   0.24132E+00   0.21705E+00
  258.49   0.22886E+00   0.22960E+00   0.20761E+00
  272.10   0.21775E+00   0.21857E+00   0.19858E+00
  285.70   0.20729E+00   0.20818E+00   0.18996E+00
  299.31   0.19743E+00   0.19838E+00   0.18174E+00
  312.91   0.18814E+00   0.18914E+00   0.17391E+00
  326.52   0.17941E+00   0.18046E+00   0.16648E+00
  340.12   0.17122E+00   0.17231E+00   0.15944E+00
  353.73   0.16353E+00   0.16466E+00   0.15279E+00
  367.33   0.15633E+00   0.15749E+00   0.14652E+00
  380.94   0.14957E+00   0.15075E+00   0.14059E+00
  394.54   0.14321E+00   0.14441E+00   0.13498E+00
  408.15   0.13722E+00   0.13845E+00   0.12967E+00
  421.75   0.13156E+00   0.13280E+00   0.12463E+00
  435.36   0.12622E+00   0.12747E+00   0.11984E+00
  448.96   0.12117E+00   0.12243E+00   0.11530E+00
  462.57   0.11638E+00   0.11766E+00   0.11097E+00
  476.17   0.11186E+00   0.11314E+00   0.10687E+00
  489.78   0.10758E+00   0.10886E+00   0.10297E+00
  503.38   0.10353E+00   0.10481E+00   0.99271E-01
  516.99   0.99693E-01   0.10098E+00   0.95756E-01
  530.59   0.96059E-01   0.97347E-01   0.92416E-01
  544.20   0.92613E-01   0.93900E-01   0.89239E-01
  557.80   0.89341E-01   0.90626E-01   0.86214E-01
  571.41   0.86230E-01   0.87512E-01   0.83331E-01
  585.01   0.83269E-01   0.84546E-01   0.80579E-01
  598.62   0.80447E-01   0.81720E-01   0.77951E-01
  612.22   0.77757E-01   0.79025E-01   0.75439E-01
  625.83   0.75193E-01   0.76454E-01   0.73040E-01
  639.43   0.72742E-01   0.73996E-01   0.70741E-01
  653.04   0.70404E-01   0.71650E-01   0.68544E-01
  666.64   0.68172E-01   0.69411E-01   0.66443E-01
  680.25   0.66040E-01   0.67269E-01   0.64431E-01
  693.85   0.64004E-01   0.65224E-01   0.62507E-01
  707.46   0.62056E-01   0.63268E-01   0.60663E-01
  721.06   0.60194E-01   0.61395E-01   0.58896E-01
  734.67   0.58410E-01   0.59601E-01   0.57201E-01
  748.27   0.56701E-01   0.57882E-01   0.55576E-01
  761.88   0.55062E-01   0.56232E-01   0.54014E-01
  775.48   0.53488E-01   0.54648E-01   0.52512E-01
  789.09   0.51977E-01   0.53126E-01   0.51067E-01
  802.69   0.50525E-01   0.51663E-01   0.49678E-01
  816.30   0.49130E-01   0.50256E-01   0.48340E-01
  829.90   0.47787E-01   0.48902E-01   0.47051E-01
  843.51   0.46496E-01   0.47599E-01   0.45809E-01
  857.11   0.45254E-01   0.46345E-01   0.44614E-01
  870.72   0.44058E-01   0.45138E-01   0.43461E-01
  884.32   0.42907E-01   0.43975E-01   0.42351E-01
  897.93   0.41798E-01   0.42854E-01   0.41280E-01
  911.53   0.40730E-01   0.41774E-01   0.40246E-01
  925.14   0.39701E-01   0.40732E-01   0.39250E-01
  938.74   0.38708E-01   0.39728E-01   0.38287E-01
  952.35   0.37750E-01   0.38758E-01   0.37358E-01
  965.95   0.36825E-01   0.37821E-01   0.36459E-01
  979.56   0.35932E-01   0.36915E-01   0.35590E-01
  993.16   0.35069E-01   0.36040E-01   0.34750E-01
 1006.77   0.34234E-01   0.35193E-01   0.33936E-01
 1020.37   0.33427E-01   0.34374E-01   0.33149E-01
 1033.98   0.32646E-01   0.33581E-01   0.32386E-01
 1047.58   0.31891E-01   0.32814E-01   0.31647E-01
 1061.19   0.31159E-01   0.32070E-01   0.30932E-01
 1074.79   0.30452E-01   0.31350E-01   0.30239E-01
 1088.40   0.29766E-01   0.30653E-01   0.29566E-01
 1102.00   0.29102E-01   0.29977E-01   0.28915E-01
 1115.61   0.28459E-01   0.29322E-01   0.28284E-01
 1129.21   0.27836E-01   0.28688E-01   0.27671E-01
 1142.82   0.27232E-01   0.28072E-01   0.27077E-01
 1156.42   0.26647E-01   0.27475E-01   0.26501E-01
 1170.03   0.26079E-01   0.26895E-01   0.25941E-01
 1183.63   0.25528E-01   0.26333E-01   0.25398E-01
 1197.24   0.24994E-01   0.25787E-01   0.24870E-01
 1210.84   0.24474E-01   0.25256E-01   0.24357E-01
 1224.45   0.23970E-01   0.24740E-01   0.23858E-01
 1238.05   0.23480E-01   0.24239E-01   0.23373E-01
 1251.66   0.23004E-01   0.23752E-01   0.22902E-01
 1265.26   0.22541E-01   0.23278E-01   0.22443E-01
 1278.87   0.22091E-01   0.22816E-01   0.21997E-01
 1292.47   0.21654E-01   0.22368E-01   0.21562E-01
 1306.08   0.21228E-01   0.21931E-01   0.21139E-01
 1319.68   0.20814E-01   0.21506E-01   0.20728E-01
 1333.29   0.20411E-01   0.21092E-01   0.20327E-01
 1346.89   0.20019E-01   0.20690E-01   0.19937E-01
 1360.50   0.19638E-01   0.20297E-01   0.19557E-01
 1374.10   0.19267E-01   0.19915E-01   0.19187E-01
 1387.71   0.18905E-01   0.19543E-01   0.18826E-01
 1401.31   0.18553E-01   0.19181E-01   0.18474E-01
 1414.92   0.18210E-01   0.18827E-01   0.18132E-01
 1428.52   0.17876E-01   0.18483E-01   0.17798E-01
 1442.13   0.17550E-01   0.18147E-01   0.17472E-01
 1455.73   0.17233E-01   0.17820E-01   0.17155E-01
 1469.34   0.16924E-01   0.17500E-01   0.16845E-01
 1482.94   0.16622E-01   0.17188E-01   0.16542E-01
 1496.55   0.16327E-01   0.16884E-01   0.16247E-01
 1510.15   0.16040E-01   0.16587E-01   0.15959E-01
 1523.76   0.15760E-01   0.16297E-01   0.15678E-01
 1537.36   0.15487E-01   0.16014E-01   0.15403E-01
 1550.97   0.15220E-01   0.15738E-01   0.15135E-01
 1564.57   0.14959E-01   0.15467E-01   0.14873E-01
 1578.18   0.14705E-01   0.15204E-01   0.14617E-01
 1591.78   0.14456E-01   0.14946E-01   0.14367E-01
 1605.39   0.14214E-01   0.14694E-01   0.14123E-01
 1618.99   0.13977E-01   0.14448E-01   0.13884E-01
 1632.60   0.13745E-01   0.14208E-01   0.13651E-01
 1646.20   0.13520E-01   0.13973E-01   0.13423E-01
 1659.81   0.13298E-01   0.13743E-01   0.13200E-01
 1673.41   0.13083E-01   0.13519E-01   0.12982E-01
 1687.02   0.12872E-01   0.13299E-01   0.12769E-01
 1700.62   0.12665E-01   0.13084E-01   0.12560E-01
 1714.23   0.12464E-01   0.12874E-01   0.12356E-01
 1727.83   0.12267E-01   0.12669E-01   0.12157E-01
 1741.44   0.12074E-01   0.12467E-01   0.11962E-01
 1755.04   0.11885E-01   0.12270E-01   0.11771E-01
 1768.65   0.11701E-01   0.12078E-01   0.11584E-01
 1782.25   0.11520E-01   0.11889E-01   0.11401E-01
 1795.86   0.11343E-01   0.11704E-01   0.11222E-01
 1809.46   0.11170E-01   0.11523E-01   0.11046E-01
 1823.07   0.11001E-01   0.11346E-01   0.10875E-01
 1836.67   0.10835E-01   0.11172E-01   0.10706E-01
 1850.28   0.10672E-01   0.11002E-01   0.10541E-01
 1863.88   0.10513E-01   0.10835E-01   0.10380E-01
 1877.49   0.10358E-01   0.10672E-01   0.10221E-01
 1891.09   0.10205E-01   0.10512E-01   0.10066E-01
 1904.70   0.10056E-01   0.10355E-01   0.99146E-02
 1918.30   0.99096E-02   0.10202E-01   0.97657E-02
 1931.91   0.97661E-02   0.10051E-01   0.96198E-02
 1945.51   0.96256E-02   0.99034E-02   0.94767E-02
 1959.12   0.94879E-02   0.97586E-02   0.93365E-02
 1972.72   0.93532E-02   0.96169E-02   0.91993E-02
 1986.33   0.92209E-02   0.94777E-02   0.90646E-02
 1999.93   0.90913E-02   0.93413E-02   0.89326E-02
 2013.54   0.89643E-02   0.92074E-02   0.88030E-02
 2027.14   0.88396E-02   0.90760E-02   0.86759E-02
 2040.75   0.87173E-02   0.89471E-02   0.85512E-02
 2054.35   0.85972E-02   0.88204E-02   0.84287E-02
 2067.96   0.84801E-02   0.86969E-02   0.83091E-02
 2081.56   0.83647E-02   0.85751E-02   0.81914E-02
 2095.17   0.82516E-02   0.84557E-02   0.80760E-02
 2108.77   0.81406E-02   0.83384E-02   0.79626E-02
 2122.38   0.80316E-02   0.82232E-02   0.78512E-02
 2135.98   0.79244E-02   0.81098E-02   0.77417E-02
 2149.59   0.78201E-02   0.79995E-02   0.76351E-02
 2163.19   0.77168E-02   0.78902E-02   0.75296E-02
 2176.80   0.76157E-02   0.77831E-02   0.74262E-02
 2190.40   0.75165E-02   0.76781E-02   0.73247E-02
 2204.01   0.74191E-02   0.75748E-02   0.72251E-02
 2217.61   0.73234E-02   0.74733E-02   0.71272E-02
 2231.22   0.72291E-02   0.73734E-02   0.70307E-02
 2244.82   0.71375E-02   0.72762E-02   0.69369E-02
 2258.43   0.70467E-02   0.71798E-02   0.68440E-02
 2272.03   0.69576E-02   0.70853E-02   0.67529E-02
 2285.64   0.68703E-02   0.69925E-02   0.66634E-02
 2299.24   0.67845E-02   0.69013E-02   0.65756E-02
 2312.85   0.67001E-02   0.68117E-02   0.64892E-02
 2326.45   0.66166E-02   0.67230E-02   0.64037E-02
 2340.06   0.65360E-02   0.66372E-02   0.63211E-02
 2353.66   0.64558E-02   0.65519E-02   0.62390E-02
 2367.27   0.63771E-02   0.64681E-02   0.61583E-02
 2380.87   0.62998E-02   0.63858E-02   0.60791E-02
 2394.48   0.62238E-02   0.63049E-02   0.60013E-02
 2408.08   0.61491E-02   0.62253E-02   0.59247E-02
 2421.69   0.60755E-02   0.61469E-02   0.58493E-02
 2435.29   0.60036E-02   0.60702E-02   0.57756E-02
 2448.90   0.59324E-02   0.59944E-02   0.57027E-02
 2462.50   0.58625E-02   0.59198E-02   0.56310E-02
 2476.11   0.57937E-02   0.58465E-02   0.55606E-02
 2489.71   0.57261E-02   0.57743E-02   0.54913E-02
 2503.32   0.56596E-02   0.57034E-02   0.54232E-02
 2516.92   0.55942E-02   0.56336E-02   0.53562E-02
 2530.53   0.55300E-02   0.55651E-02   0.52904E-02
 2544.13   0.54667E-02   0.54974E-02   0.52255E-02
 2557.74   0.54043E-02   0.54309E-02   0.51617E-02
 2571.34   0.53429E-02   0.53653E-02   0.50988E-02
 2584.95   0.52825E-02   0.53008E-02   0.50369E-02
 2598.55   0.52231E-02   0.52373E-02   0.49761E-02
 2612.16   0.51647E-02   0.51749E-02   0.49163E-02
 2625.76   0.51073E-02   0.51135E-02   0.48575E-02
 2639.37   0.50507E-02   0.50530E-02   0.47996E-02
 2652.97   0.49950E-02   0.49935E-02   0.47426E-02
 2666.58   0.49401E-02   0.49347E-02   0.46864E-02
 2680.18   0.48860E-02   0.48769E-02   0.46310E-02
 2693.79   0.48326E-02   0.48198E-02   0.45765E-02
 2707.39   0.47800E-02   0.47636E-02   0.45226E-02
 2721.00   0.47289E-02   0.47089E-02   0.44703E-02
 2734.60   0.46780E-02   0.46544E-02   0.44183E-02
 2748.21   0.46280E-02   0.46009E-02   0.43672E-02
 2761.81   0.45787E-02   0.45482E-02   0.43168E-02
 2775.42   0.45301E-02   0.44962E-02   0.42672E-02
 2789.02   0.44821E-02   0.44448E-02   0.42182E-02
 2802.63   0.44347E-02   0.43942E-02   0.41698E-02
 2816.23   0.43882E-02   0.43443E-02   0.41223E-02
 2829.84   0.43429E-02   0.42958E-02   0.40760E-02
 2843.44   0.42977E-02   0.42475E-02   0.40299E-02
 2857.05   0.42532E-02   0.41999E-02   0.39845E-02
 2870.65   0.42095E-02   0.41530E-02   0.39399E-02
 2884.26   0.41663E-02   0.41068E-02   0.38959E-02
 2897.86   0.41236E-02   0.40612E-02   0.38524E-02
 2911.47   0.40812E-02   0.40158E-02   0.38092E-02
 2925.07   0.40409E-02   0.39726E-02   0.37680E-02
 2938.68   0.39997E-02   0.39285E-02   0.37261E-02
 2952.28   0.39594E-02   0.38854E-02   0.36851E-02
 2965.89   0.39198E-02   0.38430E-02   0.36448E-02
 2979.49   0.38808E-02   0.38012E-02   0.36051E-02
 2993.10   0.38423E-02   0.37600E-02   0.35659E-02
 3006.70   0.38042E-02   0.37193E-02   0.35272E-02
 3020.31   0.37665E-02   0.36790E-02   0.34889E-02
 3033.91   0.37303E-02   0.36401E-02   0.34520E-02
 3047.52   0.36936E-02   0.36009E-02   0.34148E-02
 3061.12   0.36575E-02   0.35623E-02   0.33782E-02
 3074.73   0.36220E-02   0.35244E-02   0.33422E-02
 3088.33   0.35871E-02   0.34870E-02   0.33067E-02
 3101.94   0.35526E-02   0.34502E-02   0.32718E-02
 3115.54   0.35186E-02   0.34138E-02   0.32373E-02
 3129.15   0.34848E-02   0.33777E-02   0.32031E-02
 3142.75   0.34521E-02   0.33427E-02   0.31700E-02
 3156.36   0.34193E-02   0.33077E-02   0.31368E-02
 3169.96   0.33869E-02   0.32731E-02   0.31040E-02
 3183.57   0.33550E-02   0.32390E-02   0.30717E-02
 3197.17   0.33235E-02   0.32054E-02   0.30399E-02
 3210.78   0.32925E-02   0.31723E-02   0.30086E-02
 3224.38   0.32619E-02   0.31396E-02   0.29778E-02
 3237.99   0.32317E-02   0.31074E-02   0.29472E-02
 3251.59   0.32020E-02   0.30757E-02   0.29173E-02
 3265.20   0.31726E-02   0.30443E-02   0.28876E-02
 3278.80   0.31434E-02   0.30132E-02   0.28583E-02
 3292.41   0.31146E-02   0.29825E-02   0.28293E-02
 3306.01   0.30862E-02   0.29522E-02   0.28007E-02
 3319.62   0.30581E-02   0.29223E-02   0.27725E-02
 3333.22   0.30305E-02   0.28929E-02   0.27447E-02
 3346.83   0.30033E-02   0.28639E-02   0.27174E-02
 3360.43   0.29764E-02   0.28353E-02   0.26904E-02
 3374.04   0.29498E-02   0.28070E-02   0.26637E-02
 3387.64   0.29235E-02   0.27791E-02   0.26374E-02
 3401.25   0.28975E-02   0.27514E-02   0.26113E-02
 3414.85   0.28718E-02   0.27241E-02   0.25856E-02
 3428.46   0.28464E-02   0.26971E-02   0.25602E-02
 3442.06   0.28212E-02   0.26704E-02   0.25350E-02
 3455.67   0.27964E-02   0.26440E-02   0.25102E-02
 3469.27   0.27723E-02   0.26185E-02   0.24862E-02
 3482.88   0.27481E-02   0.25928E-02   0.24620E-02
 3496.48   0.27243E-02   0.25675E-02   0.24383E-02
 3510.09   0.27008E-02   0.25426E-02   0.24148E-02
 3523.69   0.26775E-02   0.25179E-02   0.23916E-02
 3537.30   0.26544E-02   0.24935E-02   0.23687E-02
 3550.90   0.26315E-02   0.24693E-02   0.23460E-02
 3564.51   0.26088E-02   0.24453E-02   0.23234E-02
 3578.11   0.25863E-02   0.24215E-02   0.23011E-02
 3591.72   0.25651E-02   0.23990E-02   0.22800E-02
 3605.32   0.25433E-02   0.23760E-02   0.22584E-02
 3618.93   0.25219E-02   0.23534E-02   0.22372E-02
 3632.53   0.25007E-02   0.23310E-02   0.22162E-02
 3646.14   0.24797E-02   0.23089E-02   0.21955E-02
 3659.74   0.24589E-02   0.22870E-02   0.21750E-02
 3673.35   0.24383E-02   0.22653E-02   0.21546E-02
 3686.95   0.24174E-02   0.22434E-02   0.21341E-02
 3700.56   0.23987E-02   0.22236E-02   0.21155E-02
 3714.16   0.23784E-02   0.22023E-02   0.20956E-02
 3727.77   0.23587E-02   0.21816E-02   0.20763E-02
 3741.37   0.23393E-02   0.21613E-02   0.20572E-02
 3754.98   0.23202E-02   0.21412E-02   0.20385E-02
 3768.58   0.23013E-02   0.21214E-02   0.20199E-02
 3782.19   0.22825E-02   0.21017E-02   0.20015E-02
 3795.79   0.22638E-02   0.20822E-02   0.19832E-02
 3809.40   0.22451E-02   0.20627E-02   0.19650E-02
 3823.00   0.22279E-02   0.20445E-02   0.19481E-02
 3836.61   0.22097E-02   0.20255E-02   0.19303E-02
 3850.21   0.21918E-02   0.20069E-02   0.19129E-02
 3863.82   0.21742E-02   0.19885E-02   0.18958E-02
 3877.42   0.21568E-02   0.19704E-02   0.18789E-02
 3891.03   0.21397E-02   0.19526E-02   0.18622E-02
 3904.63   0.21227E-02   0.19349E-02   0.18457E-02
 3918.24   0.21058E-02   0.19173E-02   0.18293E-02
 3931.84   0.20888E-02   0.18997E-02   0.18128E-02
 3945.45   0.20731E-02   0.18833E-02   0.17976E-02
 3959.05   0.20566E-02   0.18662E-02   0.17816E-02
 3972.66   0.20403E-02   0.18494E-02   0.17659E-02
 3986.26   0.20243E-02   0.18328E-02   0.17505E-02
 3999.87   0.20085E-02   0.18164E-02   0.17352E-02
 4013.47   0.19928E-02   0.18002E-02   0.17202E-02
 4027.08   0.19774E-02   0.17843E-02   0.17053E-02
 4040.68   0.19621E-02   0.17685E-02   0.16906E-02
 4054.29   0.19467E-02   0.17527E-02   0.16759E-02
 4067.89   0.19322E-02   0.17376E-02   0.16619E-02
 4081.50   0.19172E-02   0.17223E-02   0.16476E-02
 4095.10   0.19024E-02   0.17070E-02   0.16334E-02
 4108.71   0.18877E-02   0.16920E-02   0.16194E-02
 4122.31   0.18732E-02   0.16771E-02   0.16056E-02
 4135.92   0.18589E-02   0.16625E-02   0.15919E-02
 4149.52   0.18448E-02   0.16480E-02   0.15785E-02
 4163.13   0.18308E-02   0.16337E-02   0.15652E-02
 4176.73   0.18170E-02   0.16196E-02   0.15521E-02
 4190.34   0.18034E-02   0.16057E-02   0.15391E-02
 4203.94   0.17898E-02   0.15918E-02   0.15263E-02
 4217.55   0.17764E-02   0.15781E-02   0.15135E-02
 4231.15   0.17630E-02   0.15645E-02   0.15009E-02
 4244.76   0.17497E-02   0.15510E-02   0.14883E-02
 4258.36   0.17365E-02   0.15376E-02   0.14759E-02
 4271.97   0.17235E-02   0.15244E-02   0.14637E-02
 4285.57   0.17107E-02   0.15114E-02   0.14516E-02
 4299.18   0.16980E-02   0.14986E-02   0.14397E-02
 4312.78   0.16855E-02   0.14860E-02   0.14280E-02
 4326.39   0.16731E-02   0.14734E-02   0.14163E-02
 4339.99   0.16608E-02   0.14609E-02   0.14048E-02
 4353.60   0.16486E-02   0.14486E-02   0.13934E-02
 4367.20   0.16364E-02   0.14364E-02   0.13820E-02
 4380.81   0.16243E-02   0.14242E-02   0.13708E-02
 4394.41   0.16123E-02   0.14122E-02   0.13596E-02
 4408.02   0.16004E-02   0.14003E-02   0.13485E-02
 4421.62   0.15885E-02   0.13884E-02   0.13375E-02
 4435.23   0.15778E-02   0.13775E-02   0.13275E-02
 4448.83   0.15659E-02   0.13657E-02   0.13165E-02
 4462.44   0.15546E-02   0.13544E-02   0.13060E-02
 4476.04   0.15433E-02   0.13432E-02   0.12956E-02
 4489.65   0.15322E-02   0.13321E-02   0.12854E-02
 4503.25   0.15211E-02   0.13210E-02   0.12752E-02
 4516.86   0.15101E-02   0.13101E-02   0.12650E-02
 4530.46   0.14991E-02   0.12992E-02   0.12549E-02
 4544.07   0.14882E-02   0.12884E-02   0.12449E-02
 4557.67   0.14773E-02   0.12776E-02   0.12350E-02
 4571.28   0.14675E-02   0.12678E-02   0.12259E-02
 4584.88   0.14568E-02   0.12573E-02   0.12161E-02
 4598.49   0.14464E-02   0.12470E-02   0.12066E-02
 4612.09   0.14361E-02   0.12369E-02   0.11973E-02
 4625.70   0.14259E-02   0.12269E-02   0.11880E-02
 4639.30   0.14158E-02   0.12169E-02   0.11788E-02
 4652.91   0.14057E-02   0.12071E-02   0.11697E-02
 4666.51   0.13957E-02   0.11972E-02   0.11606E-02
 4680.12   0.13855E-02   0.11873E-02   0.11514E-02
 4693.72   0.13751E-02   0.11772E-02   0.11420E-02
 4707.33   0.13667E-02   0.11689E-02   0.11344E-02
 4720.93   0.13569E-02   0.11593E-02   0.11255E-02
 4734.54   0.13473E-02   0.11500E-02   0.11169E-02
 4748.14   0.13378E-02   0.11408E-02   0.11084E-02
 4761.75   0.13285E-02   0.11317E-02   0.11000E-02
 4775.35   0.13192E-02   0.11227E-02   0.10917E-02
 4788.96   0.13100E-02   0.11138E-02   0.10835E-02
 4802.56   0.13008E-02   0.11049E-02   0.10752E-02
 4816.17   0.12914E-02   0.10959E-02   0.10668E-02
 4829.77   0.12838E-02   0.10885E-02   0.10601E-02
 4843.38   0.12742E-02   0.10793E-02   0.10515E-02
 4856.98   0.12652E-02   0.10706E-02   0.10435E-02
 4870.59   0.12563E-02   0.10621E-02   0.10357E-02
 4884.19   0.12475E-02   0.10537E-02   0.10279E-02
 4897.80   0.12389E-02   0.10455E-02   0.10203E-02
 4911.40   0.12304E-02   0.10373E-02   0.10128E-02
 4925.01   0.12219E-02   0.10293E-02   0.10053E-02
 4938.61   0.12135E-02   0.10213E-02   0.99791E-03
 4952.22   0.12050E-02   0.10131E-02   0.99039E-03
 4965.82   0.11975E-02   0.10060E-02   0.98383E-03
 4979.43   0.11890E-02   0.99792E-03   0.97635E-03
 4993.03   0.11807E-02   0.99011E-03   0.96912E-03
 5006.64   0.11725E-02   0.98239E-03   0.96198E-03
 5020.24   0.11644E-02   0.97476E-03   0.95492E-03
 5033.85   0.11564E-02   0.96722E-03   0.94795E-03
 5047.45   0.11485E-02   0.95979E-03   0.94108E-03
 5061.06   0.11407E-02   0.95245E-03   0.93431E-03
 5074.66   0.11329E-02   0.94520E-03   0.92761E-03
 5088.27   0.11252E-02   0.93798E-03   0.92093E-03
 5101.87   0.11179E-02   0.93110E-03   0.91459E-03
 5115.48   0.11102E-02   0.92394E-03   0.90796E-03
 5129.08   0.11026E-02   0.91689E-03   0.90145E-03
 5142.69   0.10951E-02   0.90990E-03   0.89498E-03
 5156.29   0.10876E-02   0.90295E-03   0.88855E-03
 5169.90   0.10802E-02   0.89607E-03   0.88218E-03
 5183.50   0.10728E-02   0.88926E-03   0.87589E-03
 5197.11   0.10655E-02   0.88254E-03   0.86967E-03
 5210.71   0.10583E-02   0.87591E-03   0.86354E-03
 5224.32   0.10512E-02   0.86935E-03   0.85748E-03
 5237.92   0.10442E-02   0.86288E-03   0.85150E-03
 5251.53   0.10373E-02   0.85652E-03   0.84562E-03
 5265.13   0.10303E-02   0.85016E-03   0.83974E-03
 5278.74   0.10234E-02   0.84383E-03   0.83388E-03
 5292.34   0.10165E-02   0.83753E-03   0.82806E-03
 5305.95   0.10096E-02   0.83126E-03   0.82226E-03
 5319.55   0.10028E-02   0.82504E-03   0.81649E-03
 5333.16   0.99599E-03   0.81887E-03   0.81078E-03
 5346.76   0.98925E-03   0.81276E-03   0.80512E-03
 5360.37   0.98256E-03   0.80670E-03   0.79951E-03
 5373.97   0.97604E-03   0.80080E-03   0.79405E-03
 5387.58   0.96975E-03   0.79511E-03   0.78879E-03
 5401.18   0.96326E-03   0.78926E-03   0.78338E-03
 5414.79   0.95687E-03   0.78350E-03   0.77805E-03
 5428.39   0.95051E-03   0.77779E-03   0.77276E-03
 5442.00   0.94418E-03   0.77211E-03   0.76750E-03
 5455.60   0.93785E-03   0.76645E-03   0.76225E-03
 5469.21   0.93154E-03   0.76082E-03   0.75703E-03
 5482.81   0.92524E-03   0.75520E-03   0.75182E-03
 5496.42   0.91895E-03   0.74961E-03   0.74663E-03
 5510.02   0.91248E-03   0.74389E-03   0.74131E-03
 5523.63   0.90756E-03   0.73944E-03   0.73724E-03
 5537.23   0.90106E-03   0.73372E-03   0.73191E-03
 5550.84   0.89503E-03   0.72839E-03   0.72697E-03
 5564.44   0.88911E-03   0.72316E-03   0.72213E-03
 5578.05   0.88324E-03   0.71799E-03   0.71733E-03
 5591.65   0.87741E-03   0.71286E-03   0.71257E-03
 5605.26   0.87159E-03   0.70775E-03   0.70783E-03
 5618.86   0.86576E-03   0.70265E-03   0.70309E-03
 5632.47   0.85993E-03   0.69754E-03   0.69835E-03
 5646.07   0.85401E-03   0.69239E-03   0.69355E-03
 5659.68   0.84821E-03   0.68734E-03   0.68885E-03
 5673.28   0.84349E-03   0.68318E-03   0.68504E-03
 5686.89   0.83760E-03   0.67808E-03   0.68028E-03
 5700.49   0.83198E-03   0.67321E-03   0.67576E-03
 5714.10   0.82648E-03   0.66845E-03   0.67133E-03
 5727.70   0.82104E-03   0.66375E-03   0.66696E-03
 5741.31   0.81565E-03   0.65910E-03   0.66264E-03
 5754.91   0.81028E-03   0.65448E-03   0.65834E-03
 5768.52   0.80492E-03   0.64986E-03   0.65405E-03
 5782.12   0.79952E-03   0.64524E-03   0.64974E-03
 5795.73   0.79397E-03   0.64050E-03   0.64531E-03
 5809.33   0.78844E-03   0.63578E-03   0.64090E-03
 5822.94   0.78428E-03   0.63219E-03   0.63763E-03
 5836.54   0.77885E-03   0.62758E-03   0.63331E-03
 5850.15   0.77361E-03   0.62313E-03   0.62916E-03
 5863.75   0.76846E-03   0.61876E-03   0.62509E-03
 5877.36   0.76339E-03   0.61447E-03   0.62109E-03
 5890.96   0.75838E-03   0.61023E-03   0.61715E-03
 5904.57   0.75342E-03   0.60604E-03   0.61324E-03
 5918.17   0.74848E-03   0.60188E-03   0.60936E-03
 5931.78   0.74352E-03   0.59771E-03   0.60546E-03
 5945.38   0.73841E-03   0.59343E-03   0.60145E-03
 5958.99   0.73321E-03   0.58908E-03   0.59737E-03
 5972.59   0.72932E-03   0.58581E-03   0.59438E-03
 5986.20   0.72434E-03   0.58165E-03   0.59048E-03
 5999.80   0.71946E-03   0.57759E-03   0.58668E-03
 6013.41   0.71466E-03   0.57359E-03   0.58294E-03
 6027.01   0.70991E-03   0.56965E-03   0.57926E-03
 6040.62   0.70523E-03   0.56577E-03   0.57563E-03
 6054.22   0.70060E-03   0.56195E-03   0.57205E-03
 6067.83   0.69603E-03   0.55817E-03   0.56852E-03
 6081.43   0.69147E-03   0.55441E-03   0.56500E-03
 6095.04   0.68686E-03   0.55062E-03   0.56145E-03
 6108.64   0.68217E-03   0.54676E-03   0.55783E-03
 6122.25   0.67821E-03   0.54351E-03   0.55482E-03
 6135.85   0.67366E-03   0.53979E-03   0.55132E-03
 6149.46   0.66916E-03   0.53611E-03   0.54787E-03
 6163.06   0.66469E-03   0.53247E-03   0.54444E-03
 6176.67   0.66025E-03   0.52885E-03   0.54105E-03
 6190.27   0.65586E-03   0.52529E-03   0.53770E-03
 6203.88   0.65153E-03   0.52177E-03   0.53440E-03
 6217.48   0.64725E-03   0.51830E-03   0.53114E-03
 6231.09   0.64301E-03   0.51488E-03   0.52793E-03
 6244.69   0.63881E-03   0.51149E-03   0.52475E-03
 6258.30   0.63461E-03   0.50811E-03   0.52157E-03
 6271.90   0.63062E-03   0.50489E-03   0.51855E-03
 6285.51   0.62648E-03   0.50156E-03   0.51542E-03
 6299.11   0.62235E-03   0.49825E-03   0.51231E-03
 6312.72   0.61822E-03   0.49495E-03   0.50919E-03
 6326.32   0.61411E-03   0.49166E-03   0.50609E-03
 6339.93   0.61001E-03   0.48839E-03   0.50300E-03
 6353.53   0.60594E-03   0.48515E-03   0.49994E-03
 6367.14   0.60191E-03   0.48194E-03   0.49692E-03
 6380.74   0.59793E-03   0.47878E-03   0.49393E-03
 6394.35   0.59398E-03   0.47566E-03   0.49099E-03
 6407.95   0.59013E-03   0.47262E-03   0.48812E-03
 6421.56   0.58639E-03   0.46965E-03   0.48532E-03
 6435.16   0.58254E-03   0.46662E-03   0.48246E-03
 6448.77   0.57873E-03   0.46363E-03   0.47964E-03
 6462.37   0.57494E-03   0.46065E-03   0.47682E-03
 6475.98   0.57114E-03   0.45767E-03   0.47400E-03
 6489.58   0.56735E-03   0.45470E-03   0.47118E-03
 6503.19   0.56356E-03   0.45173E-03   0.46837E-03
 6516.79   0.55978E-03   0.44878E-03   0.46557E-03
 6530.40   0.55602E-03   0.44585E-03   0.46278E-03
 6544.00   0.55228E-03   0.44293E-03   0.46002E-03
 6557.61   0.54846E-03   0.43997E-03   0.45720E-03
 6571.21   0.54489E-03   0.43721E-03   0.45459E-03
 6584.82   0.54168E-03   0.43472E-03   0.45224E-03
 6598.42   0.53809E-03   0.43195E-03   0.44961E-03
 6612.03   0.53456E-03   0.42923E-03   0.44703E-03
 6625.63   0.53106E-03   0.42654E-03   0.44447E-03
 6639.24   0.52756E-03   0.42385E-03   0.44191E-03
 6652.84   0.52407E-03   0.42117E-03   0.43936E-03
 6666.45   0.52056E-03   0.41848E-03   0.43680E-03
 6680.05   0.51706E-03   0.41580E-03   0.43423E-03
 6693.66   0.51354E-03   0.41310E-03   0.43166E-03
 6707.26   0.50997E-03   0.41037E-03   0.42904E-03
 6720.87   0.50657E-03   0.40779E-03   0.42657E-03
 6734.47   0.50391E-03   0.40579E-03   0.42471E-03
 6748.08   0.50030E-03   0.40304E-03   0.42207E-03
 6761.68   0.49693E-03   0.40049E-03   0.41963E-03
 6775.29   0.49364E-03   0.39800E-03   0.41725E-03
 6788.89   0.49039E-03   0.39555E-03   0.41491E-03
 6802.50   0.48716E-03   0.39312E-03   0.41259E-03
 6816.10   0.48394E-03   0.39070E-03   0.41027E-03
 6829.71   0.48072E-03   0.38828E-03   0.40794E-03
 6843.31   0.47748E-03   0.38584E-03   0.40560E-03
 6856.92   0.47421E-03   0.38338E-03   0.40323E-03
 6870.52   0.47079E-03   0.38079E-03   0.40073E-03
 6884.13   0.46755E-03   0.37837E-03   0.39839E-03
 6897.73   0.46530E-03   0.37676E-03   0.39692E-03
 6911.34   0.46197E-03   0.37426E-03   0.39450E-03
 6924.94   0.45881E-03   0.37191E-03   0.39223E-03
 6938.55   0.45573E-03   0.36962E-03   0.39003E-03
 6952.15   0.45270E-03   0.36738E-03   0.38787E-03
 6965.76   0.44971E-03   0.36517E-03   0.38574E-03
 6979.36   0.44673E-03   0.36297E-03   0.38363E-03
 6992.97   0.44377E-03   0.36079E-03   0.38152E-03
 7006.57   0.44079E-03   0.35859E-03   0.37940E-03
 7020.18   0.43778E-03   0.35637E-03   0.37724E-03
 7033.78   0.43458E-03   0.35398E-03   0.37491E-03
 7047.39   0.43149E-03   0.35169E-03   0.37268E-03
 7060.99   0.42951E-03   0.35034E-03   0.37146E-03
 7074.60   0.42645E-03   0.34808E-03   0.36925E-03
 7088.20   0.42350E-03   0.34592E-03   0.36715E-03
 7101.81   0.42062E-03   0.34381E-03   0.36510E-03
 7115.41   0.41778E-03   0.34174E-03   0.36309E-03
 7129.02   0.41499E-03   0.33971E-03   0.36112E-03
 7142.62   0.41223E-03   0.33771E-03   0.35918E-03
 7156.23   0.40949E-03   0.33573E-03   0.35726E-03
 7169.83   0.40676E-03   0.33376E-03   0.35534E-03
 7183.44   0.40402E-03   0.33177E-03   0.35341E-03
 7197.04   0.40114E-03   0.32967E-03   0.35135E-03
 7210.65   0.39829E-03   0.32758E-03   0.34930E-03
 7224.25   0.39628E-03   0.32623E-03   0.34805E-03
 7237.86   0.39350E-03   0.32421E-03   0.34606E-03
 7251.46   0.39078E-03   0.32224E-03   0.34414E-03
 7265.07   0.38809E-03   0.32030E-03   0.34224E-03
 7278.67   0.38544E-03   0.31839E-03   0.34037E-03
 7292.28   0.38281E-03   0.31652E-03   0.33853E-03
 7305.88   0.38023E-03   0.31467E-03   0.33673E-03
 7319.49   0.37768E-03   0.31286E-03   0.33495E-03
 7333.09   0.37515E-03   0.31107E-03   0.33320E-03
 7346.70   0.37264E-03   0.30929E-03   0.33146E-03
 7360.30   0.37010E-03   0.30748E-03   0.32969E-03
 7373.91   0.36755E-03   0.30566E-03   0.32790E-03
 7387.51   0.36540E-03   0.30417E-03   0.32646E-03
 7401.12   0.36288E-03   0.30239E-03   0.32470E-03
 7414.72   0.36040E-03   0.30062E-03   0.32296E-03
 7428.33   0.35792E-03   0.29886E-03   0.32123E-03
 7441.93   0.35545E-03   0.29711E-03   0.31950E-03
 7455.54   0.35301E-03   0.29538E-03   0.31779E-03
 7469.14   0.35058E-03   0.29367E-03   0.31610E-03
 7482.75   0.34818E-03   0.29199E-03   0.31444E-03
 7496.35   0.34582E-03   0.29033E-03   0.31280E-03
 7509.96   0.34348E-03   0.28870E-03   0.31119E-03
 7523.56   0.34115E-03   0.28709E-03   0.30960E-03
 7537.17   0.33887E-03   0.28550E-03   0.30803E-03
 7550.77   0.33671E-03   0.28398E-03   0.30653E-03
 7564.38   0.33442E-03   0.28240E-03   0.30497E-03
 7577.98   0.33215E-03   0.28083E-03   0.30341E-03
 7591.59   0.32989E-03   0.27925E-03   0.30185E-03
 7605.19   0.32762E-03   0.27767E-03   0.30028E-03
 7618.80   0.32536E-03   0.27609E-03   0.29871E-03
 7632.40   0.32310E-03   0.27452E-03   0.29714E-03
 7646.01   0.32085E-03   0.27295E-03   0.29558E-03
 7659.61   0.31862E-03   0.27141E-03   0.29403E-03
 7673.22   0.31641E-03   0.26988E-03   0.29251E-03
 7686.82   0.31422E-03   0.26837E-03   0.29100E-03
 7700.43   0.31194E-03   0.26682E-03   0.28945E-03
 7714.03   0.31024E-03   0.26563E-03   0.28828E-03
 7727.64   0.30801E-03   0.26412E-03   0.28677E-03
 7741.24   0.30590E-03   0.26269E-03   0.28534E-03
 7754.85   0.30382E-03   0.26127E-03   0.28392E-03
 7768.45   0.30174E-03   0.25986E-03   0.28250E-03
 7782.06   0.29967E-03   0.25844E-03   0.28108E-03
 7795.66   0.29759E-03   0.25701E-03   0.27965E-03
 7809.27   0.29551E-03   0.25559E-03   0.27821E-03
 7822.87   0.29343E-03   0.25416E-03   0.27677E-03
 7836.48   0.29135E-03   0.25273E-03   0.27533E-03
 7850.08   0.28927E-03   0.25130E-03   0.27389E-03
 7863.69   0.28715E-03   0.24984E-03   0.27241E-03
 7877.29   0.28521E-03   0.24855E-03   0.27111E-03
 7890.90   0.28363E-03   0.24752E-03   0.27010E-03
 7904.50   0.28156E-03   0.24612E-03   0.26867E-03
 7918.11   0.27960E-03   0.24480E-03   0.26734E-03
 7931.71   0.27768E-03   0.24351E-03   0.26604E-03
 7945.32   0.27577E-03   0.24223E-03   0.26474E-03
 7958.92   0.27387E-03   0.24095E-03   0.26345E-03
 7972.53   0.27196E-03   0.23967E-03   0.26215E-03
 7986.13   0.27006E-03   0.23838E-03   0.26084E-03
 7999.74   0.26814E-03   0.23708E-03   0.25952E-03
 8013.34   0.26622E-03   0.23577E-03   0.25818E-03
 8026.95   0.26426E-03   0.23442E-03   0.25681E-03
 8040.55   0.26211E-03   0.23290E-03   0.25523E-03
 8054.16   0.26031E-03   0.23172E-03   0.25404E-03
 8067.76   0.25913E-03   0.23108E-03   0.25342E-03
 8081.37   0.25721E-03   0.22977E-03   0.25208E-03
 8094.97   0.25538E-03   0.22854E-03   0.25082E-03
 8108.58   0.25359E-03   0.22735E-03   0.24960E-03
 8122.18   0.25182E-03   0.22618E-03   0.24841E-03
 8135.79   0.25008E-03   0.22503E-03   0.24723E-03
 8149.39   0.24834E-03   0.22387E-03   0.24605E-03
 8163.00   0.24660E-03   0.22272E-03   0.24486E-03
 8176.60   0.24485E-03   0.22155E-03   0.24366E-03
 8190.21   0.24308E-03   0.22036E-03   0.24243E-03
 8203.81   0.24126E-03   0.21911E-03   0.24114E-03
 8217.42   0.23907E-03   0.21748E-03   0.23943E-03
 8231.02   0.23876E-03   0.21774E-03   0.23979E-03
 8244.63   0.23658E-03   0.21612E-03   0.23809E-03
 8258.23   0.23480E-03   0.21491E-03   0.23683E-03
 8271.84   0.23310E-03   0.21376E-03   0.23564E-03
 8285.44   0.23143E-03   0.21265E-03   0.23449E-03
 8299.05   0.22979E-03   0.21157E-03   0.23338E-03
 8312.65   0.22818E-03   0.21052E-03   0.23228E-03
 8326.26   0.22658E-03   0.20947E-03   0.23120E-03
 8339.86   0.22499E-03   0.20843E-03   0.23012E-03
 8353.47   0.22340E-03   0.20739E-03   0.22904E-03
 8367.07   0.22180E-03   0.20633E-03   0.22794E-03
 8380.68   0.22016E-03   0.20521E-03   0.22677E-03
 8394.28   0.21814E-03   0.20369E-03   0.22516E-03
 8407.89   0.21772E-03   0.20386E-03   0.22541E-03
 8421.49   0.21583E-03   0.20248E-03   0.22395E-03
 8435.10   0.21420E-03   0.20137E-03   0.22278E-03
 8448.70   0.21263E-03   0.20031E-03   0.22167E-03
 8462.31   0.21108E-03   0.19928E-03   0.22059E-03
 8475.91   0.20955E-03   0.19827E-03   0.21953E-03
 8489.52   0.20806E-03   0.19729E-03   0.21850E-03
 8503.12   0.20658E-03   0.19633E-03   0.21749E-03
 8516.73   0.20512E-03   0.19538E-03   0.21650E-03
 8530.33   0.20367E-03   0.19444E-03   0.21552E-03
 8543.94   0.20222E-03   0.19350E-03   0.21453E-03
 8557.54   0.20076E-03   0.19254E-03   0.21351E-03
 8571.15   0.19911E-03   0.19139E-03   0.21229E-03
 8584.75   0.19837E-03   0.19115E-03   0.21208E-03
 8598.36   0.19672E-03   0.18998E-03   0.21083E-03
 8611.96   0.19526E-03   0.18900E-03   0.20979E-03
 8625.57   0.19382E-03   0.18804E-03   0.20877E-03
 8639.17   0.19240E-03   0.18709E-03   0.20777E-03
 8652.78   0.19099E-03   0.18615E-03   0.20677E-03
 8666.38   0.18960E-03   0.18524E-03   0.20580E-03
 8679.99   0.18822E-03   0.18434E-03   0.20484E-03
 8693.59   0.18687E-03   0.18345E-03   0.20391E-03
 8707.20   0.18553E-03   0.18259E-03   0.20299E-03
 8720.80   0.18421E-03   0.18174E-03   0.20209E-03
 8734.41   0.18289E-03   0.18090E-03   0.20119E-03
 8748.01   0.18153E-03   0.18003E-03   0.20026E-03
 8761.62   0.18022E-03   0.17915E-03   0.19932E-03
 8775.22   0.17915E-03   0.17850E-03   0.19864E-03
 8788.83   0.17784E-03   0.17765E-03   0.19773E-03
 8802.43   0.17655E-03   0.17680E-03   0.19682E-03
 8816.04   0.17526E-03   0.17595E-03   0.19591E-03
 8829.64   0.17397E-03   0.17510E-03   0.19499E-03
 8843.25   0.17269E-03   0.17425E-03   0.19408E-03
 8856.85   0.17142E-03   0.17341E-03   0.19318E-03
 8870.46   0.17016E-03   0.17258E-03   0.19228E-03
 8884.06   0.16892E-03   0.17177E-03   0.19141E-03
 8897.67   0.16769E-03   0.17097E-03   0.19055E-03
 8911.27   0.16647E-03   0.17019E-03   0.18971E-03
 8924.88   0.16525E-03   0.16942E-03   0.18887E-03
 8938.48   0.16410E-03   0.16868E-03   0.18808E-03
 8952.09   0.16304E-03   0.16797E-03   0.18732E-03
 8965.69   0.16185E-03   0.16722E-03   0.18651E-03
 8979.30   0.16069E-03   0.16648E-03   0.18570E-03
 8992.90   0.15952E-03   0.16573E-03   0.18488E-03
 9006.51   0.15836E-03   0.16497E-03   0.18406E-03
 9020.11   0.15721E-03   0.16420E-03   0.18323E-03
 9033.72   0.15605E-03   0.16344E-03   0.18240E-03
 9047.32   0.15489E-03   0.16267E-03   0.18156E-03
 9060.93   0.15374E-03   0.16190E-03   0.18072E-03
 9074.53   0.15260E-03   0.16114E-03   0.17989E-03
 9088.14   0.15146E-03   0.16039E-03   0.17908E-03
 9101.74   0.15032E-03   0.15964E-03   0.17826E-03
 9115.35   0.14907E-03   0.15882E-03   0.17736E-03
 9128.95   0.14848E-03   0.15850E-03   0.17701E-03
 9142.56   0.14725E-03   0.15769E-03   0.17612E-03
 9156.16   0.14616E-03   0.15700E-03   0.17536E-03
 9169.77   0.14510E-03   0.15632E-03   0.17462E-03
 9183.37   0.14405E-03   0.15565E-03   0.17388E-03
 9196.98   0.14301E-03   0.15497E-03   0.17314E-03
 9210.58   0.14196E-03   0.15429E-03   0.17238E-03
 9224.19   0.14092E-03   0.15360E-03   0.17162E-03
 9237.79   0.13987E-03   0.15290E-03   0.17085E-03
 9251.40   0.13882E-03   0.15219E-03   0.17007E-03
 9265.00   0.13777E-03   0.15148E-03   0.16929E-03
 9278.61   0.13671E-03   0.15076E-03   0.16849E-03
 9292.21   0.13562E-03   0.15000E-03   0.16764E-03
 9305.82   0.13467E-03   0.14942E-03   0.16700E-03
 9319.42   0.13403E-03   0.14913E-03   0.16668E-03
 9333.03   0.13293E-03   0.14836E-03   0.16583E-03
 9346.63   0.13193E-03   0.14770E-03   0.16509E-03
 9360.24   0.13095E-03   0.14707E-03   0.16439E-03
 9373.84   0.13000E-03   0.14646E-03   0.16371E-03
 9387.45   0.12905E-03   0.14585E-03   0.16303E-03
 9401.05   0.12811E-03   0.14524E-03   0.16235E-03
 9414.66   0.12717E-03   0.14463E-03   0.16166E-03
 9428.26   0.12623E-03   0.14400E-03   0.16096E-03
 9441.87   0.12528E-03   0.14336E-03   0.16025E-03
 9455.47   0.12433E-03   0.14270E-03   0.15951E-03
 9469.08   0.12335E-03   0.14201E-03   0.15874E-03
 9482.68   0.12228E-03   0.14120E-03   0.15782E-03
 9496.29   0.12142E-03   0.14068E-03   0.15724E-03
 9509.89   0.12095E-03   0.14062E-03   0.15717E-03
 9523.50   0.11994E-03   0.13988E-03   0.15634E-03
 9537.10   0.11901E-03   0.13925E-03   0.15563E-03
 9550.71   0.11812E-03   0.13865E-03   0.15496E-03
 9564.31   0.11724E-03   0.13808E-03   0.15431E-03
 9577.92   0.11638E-03   0.13752E-03   0.15368E-03
 9591.52   0.11553E-03   0.13697E-03   0.15305E-03
 9605.13   0.11468E-03   0.13642E-03   0.15243E-03
 9618.73   0.11383E-03   0.13587E-03   0.15180E-03
 9632.34   0.11298E-03   0.13530E-03   0.15116E-03
 9645.94   0.11212E-03   0.13471E-03   0.15049E-03
 9659.55   0.11124E-03   0.13408E-03   0.14977E-03
 9673.15   0.11023E-03   0.13326E-03   0.14885E-03
 9686.76   0.10945E-03   0.13277E-03   0.14829E-03
 9700.36   0.10907E-03   0.13285E-03   0.14836E-03
 9713.97   0.10815E-03   0.13216E-03   0.14757E-03
 9727.57   0.10730E-03   0.13156E-03   0.14689E-03
 9741.18   0.10648E-03   0.13099E-03   0.14624E-03
 9754.78   0.10567E-03   0.13045E-03   0.14562E-03
 9768.39   0.10488E-03   0.12992E-03   0.14502E-03
 9781.99   0.10410E-03   0.12941E-03   0.14443E-03
 9795.60   0.10333E-03   0.12891E-03   0.14386E-03
 9809.20   0.10257E-03   0.12841E-03   0.14329E-03
 9822.81   0.10181E-03   0.12791E-03   0.14271E-03
 9836.41   0.10104E-03   0.12740E-03   0.14212E-03
 9850.02   0.10026E-03   0.12686E-03   0.14149E-03
 9863.62   0.99389E-04   0.12618E-03   0.14072E-03
 9877.23   0.98655E-04   0.12568E-03   0.14014E-03
 9890.83   0.98263E-04   0.12571E-03   0.14015E-03
 9904.44   0.97447E-04   0.12509E-03   0.13944E-03
 9918.04   0.96678E-04   0.12453E-03   0.13880E-03
 9931.65   0.95927E-04   0.12400E-03   0.13819E-03
 9945.25   0.95188E-04   0.12349E-03   0.13759E-03
 9958.86   0.94461E-04   0.12299E-03   0.13701E-03
 9972.46   0.93746E-04   0.12250E-03   0.13645E-03
 9986.07   0.93041E-04   0.12203E-03   0.13590E-03
 9999.67   0.92346E-04   0.12157E-03   0.13536E-03
