  285.70   0.88175E-01   0.88621E-01   0.81958E-01
  299.31   0.85391E-01   0.85835E-01   0.79486E-01
  312.91   0.82658E-01   0.83100E-01   0.77050E-01
  326.52   0.80080E-01   0.80519E-01   0.74745E-01
  340.12   0.77600E-01   0.78037E-01   0.72522E-01
  353.73   0.75239E-01   0.75674E-01   0.70402E-01
  367.33   0.72986E-01   0.73418E-01   0.68373E-01
  380.94   0.70822E-01   0.71251E-01   0.66420E-01
  394.54   0.68768E-01   0.69195E-01   0.64562E-01
  408.15   0.66802E-01   0.67226E-01   0.62781E-01
  421.75   0.64904E-01   0.65325E-01   0.61058E-01
  435.36   0.63095E-01   0.63513E-01   0.59412E-01
  448.96   0.61348E-01   0.61763E-01   0.57820E-01
  462.57   0.59671E-01   0.60083E-01   0.56289E-01
  476.17   0.58069E-01   0.58478E-01   0.54824E-01
  489.78   0.56532E-01   0.56938E-01   0.53417E-01
  503.38   0.55045E-01   0.55448E-01   0.52053E-01
  516.99   0.53624E-01   0.54024E-01   0.50748E-01
  530.59   0.52266E-01   0.52663E-01   0.49500E-01
  544.20   0.50940E-01   0.51334E-01   0.48279E-01
  557.80   0.49670E-01   0.50060E-01   0.47108E-01
  571.41   0.48447E-01   0.48835E-01   0.45980E-01
  585.01   0.47260E-01   0.47644E-01   0.44882E-01
  598.62   0.46127E-01   0.46508E-01   0.43834E-01
  612.22   0.45029E-01   0.45407E-01   0.42817E-01
  625.83   0.43982E-01   0.44357E-01   0.41847E-01
  639.43   0.42950E-01   0.43322E-01   0.40889E-01
  653.04   0.41968E-01   0.42337E-01   0.39976E-01
  666.64   0.41016E-01   0.41381E-01   0.39090E-01
  680.25   0.40091E-01   0.40453E-01   0.38229E-01
  693.85   0.39204E-01   0.39563E-01   0.37403E-01
  707.46   0.38344E-01   0.38700E-01   0.36601E-01
  721.06   0.37509E-01   0.37862E-01   0.35822E-01
  734.67   0.36700E-01   0.37050E-01   0.35066E-01
  748.27   0.35918E-01   0.36265E-01   0.34336E-01
  761.88   0.35164E-01   0.35507E-01   0.33630E-01
  775.48   0.34433E-01   0.34773E-01   0.32945E-01
  789.09   0.33721E-01   0.34058E-01   0.32278E-01
  802.69   0.33032E-01   0.33367E-01   0.31633E-01
  816.30   0.32366E-01   0.32697E-01   0.31008E-01
  829.90   0.31721E-01   0.32050E-01   0.30402E-01
  843.51   0.31089E-01   0.31415E-01   0.29808E-01
  857.11   0.30479E-01   0.30801E-01   0.29234E-01
  870.72   0.29885E-01   0.30205E-01   0.28676E-01
  884.32   0.29311E-01   0.29628E-01   0.28135E-01
  897.93   0.28747E-01   0.29061E-01   0.27604E-01
  911.53   0.28207E-01   0.28518E-01   0.27095E-01
  925.14   0.27679E-01   0.27987E-01   0.26597E-01
  938.74   0.27166E-01   0.27471E-01   0.26113E-01
  952.35   0.26673E-01   0.26975E-01   0.25647E-01
  965.95   0.26181E-01   0.26480E-01   0.25182E-01
  979.56   0.25710E-01   0.26006E-01   0.24737E-01
  993.16   0.25250E-01   0.25543E-01   0.24302E-01
 1006.77   0.24802E-01   0.25093E-01   0.23878E-01
 1020.37   0.24364E-01   0.24652E-01   0.23463E-01
 1033.98   0.23941E-01   0.24226E-01   0.23062E-01
 1047.58   0.23528E-01   0.23810E-01   0.22671E-01
 1061.19   0.23125E-01   0.23404E-01   0.22288E-01
 1074.79   0.22732E-01   0.23008E-01   0.21916E-01
 1088.40   0.22348E-01   0.22622E-01   0.21551E-01
 1102.00   0.21976E-01   0.22247E-01   0.21198E-01
 1115.61   0.21613E-01   0.21881E-01   0.20853E-01
 1129.21   0.21258E-01   0.21524E-01   0.20516E-01
 1142.82   0.20911E-01   0.21174E-01   0.20186E-01
 1156.42   0.20573E-01   0.20833E-01   0.19864E-01
 1170.03   0.20243E-01   0.20501E-01   0.19550E-01
 1183.63   0.19922E-01   0.20177E-01   0.19244E-01
 1197.24   0.19608E-01   0.19861E-01   0.18946E-01
 1210.84   0.19299E-01   0.19550E-01   0.18651E-01
 1224.45   0.19000E-01   0.19247E-01   0.18366E-01
 1238.05   0.18706E-01   0.18952E-01   0.18086E-01
 1251.66   0.18420E-01   0.18663E-01   0.17813E-01
 1265.26   0.18142E-01   0.18382E-01   0.17548E-01
 1278.87   0.17867E-01   0.18104E-01   0.17285E-01
 1292.47   0.17600E-01   0.17836E-01   0.17030E-01
 1306.08   0.17339E-01   0.17572E-01   0.16781E-01
 1319.68   0.17084E-01   0.17314E-01   0.16537E-01
 1333.29   0.16835E-01   0.17063E-01   0.16299E-01
 1346.89   0.16587E-01   0.16813E-01   0.16062E-01
 1360.50   0.16350E-01   0.16574E-01   0.15835E-01
 1374.10   0.16117E-01   0.16338E-01   0.15611E-01
 1387.71   0.15887E-01   0.16106E-01   0.15392E-01
 1401.31   0.15663E-01   0.15880E-01   0.15177E-01
 1414.92   0.15445E-01   0.15659E-01   0.14968E-01
 1428.52   0.15228E-01   0.15440E-01   0.14760E-01
 1442.13   0.15018E-01   0.15228E-01   0.14559E-01
 1455.73   0.14812E-01   0.15020E-01   0.14361E-01
 1469.34   0.14610E-01   0.14815E-01   0.14168E-01
 1482.94   0.14412E-01   0.14616E-01   0.13978E-01
 1496.55   0.14218E-01   0.14419E-01   0.13791E-01
 1510.15   0.14028E-01   0.14227E-01   0.13609E-01
 1523.76   0.13843E-01   0.14040E-01   0.13431E-01
 1537.36   0.13661E-01   0.13855E-01   0.13256E-01
 1550.97   0.13482E-01   0.13674E-01   0.13084E-01
 1564.57   0.13306E-01   0.13497E-01   0.12915E-01
 1578.18   0.13134E-01   0.13322E-01   0.12750E-01
 1591.78   0.12965E-01   0.13152E-01   0.12588E-01
 1605.39   0.12800E-01   0.12985E-01   0.12429E-01
 1618.99   0.12638E-01   0.12820E-01   0.12273E-01
 1632.60   0.12479E-01   0.12659E-01   0.12119E-01
 1646.20   0.12322E-01   0.12501E-01   0.11969E-01
 1659.81   0.12169E-01   0.12345E-01   0.11821E-01
 1673.41   0.12018E-01   0.12193E-01   0.11676E-01
 1687.02   0.11871E-01   0.12044E-01   0.11534E-01
 1700.62   0.11726E-01   0.11897E-01   0.11395E-01
 1714.23   0.11585E-01   0.11754E-01   0.11258E-01
 1727.83   0.11444E-01   0.11611E-01   0.11122E-01
 1741.44   0.11307E-01   0.11472E-01   0.10990E-01
 1755.04   0.11172E-01   0.11335E-01   0.10860E-01
 1768.65   0.11040E-01   0.11201E-01   0.10732E-01
 1782.25   0.10910E-01   0.11070E-01   0.10607E-01
 1795.86   0.10783E-01   0.10941E-01   0.10485E-01
 1809.46   0.10656E-01   0.10812E-01   0.10362E-01
 1823.07   0.10533E-01   0.10688E-01   0.10243E-01
 1836.67   0.10412E-01   0.10565E-01   0.10126E-01
 1850.28   0.10293E-01   0.10444E-01   0.10011E-01
 1863.88   0.10176E-01   0.10325E-01   0.98980E-02
 1877.49   0.10061E-01   0.10209E-01   0.97873E-02
 1891.09   0.99472E-02   0.10093E-01   0.96769E-02
 1904.70   0.98364E-02   0.99804E-02   0.95699E-02
 1918.30   0.97272E-02   0.98696E-02   0.94642E-02
 1931.91   0.96197E-02   0.97604E-02   0.93602E-02
 1945.51   0.95139E-02   0.96530E-02   0.92578E-02
 1959.12   0.94100E-02   0.95475E-02   0.91573E-02
 1972.72   0.93070E-02   0.94428E-02   0.90576E-02
 1986.33   0.92068E-02   0.93411E-02   0.89606E-02
 1999.93   0.91079E-02   0.92406E-02   0.88648E-02
 2013.54   0.90105E-02   0.91417E-02   0.87705E-02
 2027.14   0.89146E-02   0.90442E-02   0.86776E-02
 2040.75   0.88202E-02   0.89482E-02   0.85861E-02
 2054.35   0.87274E-02   0.88539E-02   0.84962E-02
 2067.96   0.86357E-02   0.87607E-02   0.84073E-02
 2081.56   0.85458E-02   0.86693E-02   0.83201E-02
 2095.17   0.84573E-02   0.85793E-02   0.82343E-02
 2108.77   0.83701E-02   0.84907E-02   0.81498E-02
 2122.38   0.82843E-02   0.84034E-02   0.80666E-02
 2135.98   0.81997E-02   0.83174E-02   0.79845E-02
 2149.59   0.81164E-02   0.82327E-02   0.79037E-02
 2163.19   0.80344E-02   0.81493E-02   0.78242E-02
 2176.80   0.79537E-02   0.80672E-02   0.77458E-02
 2190.40   0.78743E-02   0.79863E-02   0.76687E-02
 2204.01   0.77960E-02   0.79067E-02   0.75927E-02
 2217.61   0.77189E-02   0.78282E-02   0.75178E-02
 2231.22   0.76428E-02   0.77508E-02   0.74440E-02
 2244.82   0.75678E-02   0.76745E-02   0.73712E-02
 2258.43   0.74940E-02   0.75993E-02   0.72994E-02
 2272.03   0.74212E-02   0.75252E-02   0.72287E-02
 2285.64   0.73496E-02   0.74523E-02   0.71591E-02
 2299.24   0.72790E-02   0.73804E-02   0.70905E-02
 2312.85   0.72094E-02   0.73095E-02   0.70229E-02
 2326.45   0.71409E-02   0.72397E-02   0.69563E-02
 2340.06   0.70730E-02   0.71706E-02   0.68903E-02
 2353.66   0.70063E-02   0.71027E-02   0.68254E-02
 2367.27   0.69406E-02   0.70357E-02   0.67615E-02
 2380.87   0.68758E-02   0.69696E-02   0.66984E-02
 2394.48   0.68119E-02   0.69045E-02   0.66363E-02
 2408.08   0.67489E-02   0.68403E-02   0.65750E-02
 2421.69   0.66868E-02   0.67770E-02   0.65146E-02
 2435.29   0.66254E-02   0.67145E-02   0.64549E-02
 2448.90   0.65649E-02   0.66528E-02   0.63960E-02
 2462.50   0.65053E-02   0.65920E-02   0.63380E-02
 2476.11   0.64465E-02   0.65321E-02   0.62807E-02
 2489.71   0.63884E-02   0.64729E-02   0.62242E-02
 2503.32   0.63312E-02   0.64145E-02   0.61685E-02
 2516.92   0.62747E-02   0.63569E-02   0.61135E-02
 2530.53   0.62190E-02   0.63001E-02   0.60592E-02
 2544.13   0.61640E-02   0.62440E-02   0.60056E-02
 2557.74   0.61097E-02   0.61886E-02   0.59528E-02
 2571.34   0.60562E-02   0.61340E-02   0.59006E-02
 2584.95   0.60033E-02   0.60801E-02   0.58492E-02
 2598.55   0.59512E-02   0.60269E-02   0.57983E-02
 2612.16   0.58997E-02   0.59744E-02   0.57482E-02
 2625.76   0.58490E-02   0.59226E-02   0.56987E-02
 2639.37   0.57988E-02   0.58714E-02   0.56498E-02
 2652.97   0.57493E-02   0.58209E-02   0.56016E-02
 2666.58   0.57004E-02   0.57710E-02   0.55539E-02
 2680.18   0.56522E-02   0.57218E-02   0.55069E-02
 2693.79   0.56045E-02   0.56732E-02   0.54605E-02
 2707.39   0.55575E-02   0.56251E-02   0.54146E-02
 2721.00   0.55111E-02   0.55778E-02   0.53693E-02
 2734.60   0.54652E-02   0.55309E-02   0.53246E-02
 2748.21   0.54199E-02   0.54846E-02   0.52804E-02
 2761.81   0.53751E-02   0.54389E-02   0.52367E-02
 2775.42   0.53309E-02   0.53938E-02   0.51936E-02
 2789.02   0.52872E-02   0.53492E-02   0.51510E-02
 2802.63   0.52441E-02   0.53052E-02   0.51089E-02
 2816.23   0.52015E-02   0.52617E-02   0.50674E-02
 2829.84   0.51595E-02   0.52187E-02   0.50264E-02
 2843.44   0.51179E-02   0.51763E-02   0.49858E-02
 2857.05   0.50768E-02   0.51344E-02   0.49458E-02
 2870.65   0.50363E-02   0.50929E-02   0.49062E-02
 2884.26   0.49961E-02   0.50519E-02   0.48670E-02
 2897.86   0.49565E-02   0.50114E-02   0.48283E-02
 2911.47   0.49173E-02   0.49714E-02   0.47901E-02
 2925.07   0.48788E-02   0.49321E-02   0.47525E-02
 2938.68   0.48406E-02   0.48930E-02   0.47152E-02
 2952.28   0.48028E-02   0.48545E-02   0.46784E-02
 2965.89   0.47655E-02   0.48163E-02   0.46419E-02
 2979.49   0.47286E-02   0.47786E-02   0.46059E-02
 2993.10   0.46921E-02   0.47413E-02   0.45703E-02
 3006.70   0.46560E-02   0.47044E-02   0.45350E-02
 3020.31   0.46202E-02   0.46679E-02   0.45001E-02
 3033.91   0.45853E-02   0.46321E-02   0.44659E-02
 3047.52   0.45504E-02   0.45965E-02   0.44319E-02
 3061.12   0.45160E-02   0.45613E-02   0.43983E-02
 3074.73   0.44819E-02   0.45265E-02   0.43650E-02
 3088.33   0.44483E-02   0.44921E-02   0.43322E-02
 3101.94   0.44149E-02   0.44581E-02   0.42996E-02
 3115.54   0.43819E-02   0.44243E-02   0.42673E-02
 3129.15   0.43491E-02   0.43908E-02   0.42353E-02
 3142.75   0.43174E-02   0.43584E-02   0.42044E-02
 3156.36   0.42855E-02   0.43258E-02   0.41732E-02
 3169.96   0.42540E-02   0.42936E-02   0.41424E-02
 3183.57   0.42229E-02   0.42618E-02   0.41120E-02
 3197.17   0.41921E-02   0.42303E-02   0.40820E-02
 3210.78   0.41616E-02   0.41992E-02   0.40522E-02
 3224.38   0.41314E-02   0.41683E-02   0.40227E-02
 3237.99   0.41013E-02   0.41375E-02   0.39933E-02
 3251.59   0.40724E-02   0.41080E-02   0.39651E-02
 3265.20   0.40431E-02   0.40780E-02   0.39364E-02
 3278.80   0.40142E-02   0.40485E-02   0.39082E-02
 3292.41   0.39856E-02   0.40193E-02   0.38803E-02
 3306.01   0.39574E-02   0.39904E-02   0.38527E-02
 3319.62   0.39294E-02   0.39619E-02   0.38254E-02
 3333.22   0.39018E-02   0.39336E-02   0.37984E-02
 3346.83   0.38742E-02   0.39055E-02   0.37715E-02
 3360.43   0.38476E-02   0.38782E-02   0.37455E-02
 3374.04   0.38206E-02   0.38507E-02   0.37192E-02
 3387.64   0.37940E-02   0.38235E-02   0.36932E-02
 3401.25   0.37677E-02   0.37966E-02   0.36674E-02
 3414.85   0.37417E-02   0.37700E-02   0.36420E-02
 3428.46   0.37160E-02   0.37437E-02   0.36169E-02
 3442.06   0.36906E-02   0.37178E-02   0.35921E-02
 3455.67   0.36654E-02   0.36920E-02   0.35675E-02
 3469.27   0.36407E-02   0.36668E-02   0.35434E-02
 3482.88   0.36160E-02   0.36415E-02   0.35192E-02
 3496.48   0.35915E-02   0.36165E-02   0.34953E-02
 3510.09   0.35672E-02   0.35917E-02   0.34716E-02
 3523.69   0.35432E-02   0.35671E-02   0.34482E-02
 3537.30   0.35194E-02   0.35429E-02   0.34250E-02
 3550.90   0.34960E-02   0.35189E-02   0.34020E-02
 3564.51   0.34728E-02   0.34952E-02   0.33794E-02
 3578.11   0.34498E-02   0.34717E-02   0.33570E-02
 3591.72   0.34271E-02   0.34485E-02   0.33348E-02
 3605.32   0.34046E-02   0.34255E-02   0.33128E-02
 3618.93   0.33822E-02   0.34027E-02   0.32910E-02
 3632.53   0.33600E-02   0.33800E-02   0.32693E-02
 3646.14   0.33380E-02   0.33576E-02   0.32478E-02
 3659.74   0.33163E-02   0.33353E-02   0.32266E-02
 3673.35   0.32947E-02   0.33133E-02   0.32055E-02
 3686.95   0.32733E-02   0.32915E-02   0.31847E-02
 3700.56   0.32525E-02   0.32702E-02   0.31644E-02
 3714.16   0.32317E-02   0.32489E-02   0.31440E-02
 3727.77   0.32110E-02   0.32279E-02   0.31238E-02
 3741.37   0.31906E-02   0.32070E-02   0.31039E-02
 3754.98   0.31702E-02   0.31862E-02   0.30840E-02
 3768.58   0.31501E-02   0.31656E-02   0.30643E-02
 3782.19   0.31300E-02   0.31452E-02   0.30448E-02
 3795.79   0.31101E-02   0.31249E-02   0.30254E-02
 3809.40   0.30905E-02   0.31048E-02   0.30062E-02
 3823.00   0.30716E-02   0.30856E-02   0.29878E-02
 3836.61   0.30524E-02   0.30659E-02   0.29690E-02
 3850.21   0.30334E-02   0.30465E-02   0.29505E-02
 3863.82   0.30146E-02   0.30274E-02   0.29322E-02
 3877.42   0.29959E-02   0.30083E-02   0.29140E-02
 3891.03   0.29774E-02   0.29894E-02   0.28959E-02
 3904.63   0.29590E-02   0.29706E-02   0.28779E-02
 3918.24   0.29405E-02   0.29518E-02   0.28599E-02
 3931.84   0.29221E-02   0.29330E-02   0.28419E-02
 3945.45   0.29053E-02   0.29159E-02   0.28256E-02
 3959.05   0.28874E-02   0.28977E-02   0.28081E-02
 3972.66   0.28699E-02   0.28798E-02   0.27910E-02
 3986.26   0.28525E-02   0.28621E-02   0.27741E-02
 3999.87   0.28354E-02   0.28446E-02   0.27574E-02
 4013.47   0.28184E-02   0.28272E-02   0.27408E-02
 4027.08   0.28014E-02   0.28100E-02   0.27243E-02
 4040.68   0.27844E-02   0.27926E-02   0.27077E-02
 4054.29   0.27671E-02   0.27751E-02   0.26909E-02
 4067.89   0.27520E-02   0.27596E-02   0.26761E-02
 4081.50   0.27354E-02   0.27427E-02   0.26600E-02
 4095.10   0.27191E-02   0.27261E-02   0.26441E-02
 4108.71   0.27030E-02   0.27098E-02   0.26285E-02
 4122.31   0.26872E-02   0.26936E-02   0.26130E-02
 4135.92   0.26715E-02   0.26776E-02   0.25977E-02
 4149.52   0.26559E-02   0.26617E-02   0.25825E-02
 4163.13   0.26403E-02   0.26459E-02   0.25673E-02
 4176.73   0.26245E-02   0.26298E-02   0.25520E-02
 4190.34   0.26102E-02   0.26153E-02   0.25381E-02
 4203.94   0.25949E-02   0.25997E-02   0.25231E-02
 4217.55   0.25798E-02   0.25843E-02   0.25084E-02
 4231.15   0.25648E-02   0.25691E-02   0.24939E-02
 4244.76   0.25501E-02   0.25541E-02   0.24795E-02
 4258.36   0.25355E-02   0.25392E-02   0.24653E-02
 4271.97   0.25211E-02   0.25246E-02   0.24513E-02
 4285.57   0.25068E-02   0.25100E-02   0.24374E-02
 4299.18   0.24925E-02   0.24955E-02   0.24235E-02
 4312.78   0.24788E-02   0.24816E-02   0.24102E-02
 4326.39   0.24647E-02   0.24672E-02   0.23964E-02
 4339.99   0.24507E-02   0.24530E-02   0.23829E-02
 4353.60   0.24368E-02   0.24389E-02   0.23694E-02
 4367.20   0.24230E-02   0.24249E-02   0.23560E-02
 4380.81   0.24094E-02   0.24111E-02   0.23427E-02
 4394.41   0.23960E-02   0.23974E-02   0.23297E-02
 4408.02   0.23827E-02   0.23839E-02   0.23168E-02
 4421.62   0.23695E-02   0.23706E-02   0.23040E-02
 4435.23   0.23565E-02   0.23574E-02   0.22914E-02
 4448.83   0.23436E-02   0.23443E-02   0.22788E-02
 4462.44   0.23307E-02   0.23312E-02   0.22663E-02
 4476.04   0.23179E-02   0.23182E-02   0.22538E-02
 4489.65   0.23051E-02   0.23052E-02   0.22414E-02
 4503.25   0.22924E-02   0.22923E-02   0.22291E-02
 4516.86   0.22798E-02   0.22796E-02   0.22169E-02
 4530.46   0.22673E-02   0.22669E-02   0.22048E-02
 4544.07   0.22550E-02   0.22544E-02   0.21928E-02
 4557.67   0.22429E-02   0.22421E-02   0.21810E-02
 4571.28   0.22309E-02   0.22300E-02   0.21694E-02
 4584.88   0.22190E-02   0.22179E-02   0.21578E-02
 4598.49   0.22071E-02   0.22059E-02   0.21463E-02
 4612.09   0.21953E-02   0.21939E-02   0.21349E-02
 4625.70   0.21835E-02   0.21820E-02   0.21235E-02
 4639.30   0.21718E-02   0.21701E-02   0.21121E-02
 4652.91   0.21601E-02   0.21583E-02   0.21007E-02
 4666.51   0.21485E-02   0.21465E-02   0.20895E-02
 4680.12   0.21368E-02   0.21347E-02   0.20782E-02
 4693.72   0.21254E-02   0.21231E-02   0.20671E-02
 4707.33   0.21149E-02   0.21125E-02   0.20570E-02
 4720.93   0.21038E-02   0.21012E-02   0.20461E-02
 4734.54   0.20928E-02   0.20901E-02   0.20355E-02
 4748.14   0.20819E-02   0.20791E-02   0.20249E-02
 4761.75   0.20710E-02   0.20681E-02   0.20144E-02
 4775.35   0.20602E-02   0.20572E-02   0.20039E-02
 4788.96   0.20493E-02   0.20462E-02   0.19934E-02
 4802.56   0.20385E-02   0.20352E-02   0.19829E-02
 4816.17   0.20272E-02   0.20239E-02   0.19721E-02
 4829.77   0.20189E-02   0.20154E-02   0.19640E-02
 4843.38   0.20075E-02   0.20040E-02   0.19530E-02
 4856.98   0.19970E-02   0.19934E-02   0.19428E-02
 4870.59   0.19868E-02   0.19830E-02   0.19329E-02
 4884.19   0.19766E-02   0.19728E-02   0.19231E-02
 4897.80   0.19666E-02   0.19627E-02   0.19134E-02
 4911.40   0.19566E-02   0.19526E-02   0.19037E-02
 4925.01   0.19466E-02   0.19425E-02   0.18941E-02
 4938.61   0.19365E-02   0.19323E-02   0.18843E-02
 4952.22   0.19258E-02   0.19216E-02   0.18740E-02
 4965.82   0.19184E-02   0.19141E-02   0.18669E-02
 4979.43   0.19078E-02   0.19034E-02   0.18566E-02
 4993.03   0.18979E-02   0.18935E-02   0.18471E-02
 5006.64   0.18883E-02   0.18838E-02   0.18378E-02
 5020.24   0.18788E-02   0.18743E-02   0.18287E-02
 5033.85   0.18695E-02   0.18649E-02   0.18196E-02
 5047.45   0.18602E-02   0.18555E-02   0.18107E-02
 5061.06   0.18510E-02   0.18462E-02   0.18018E-02
 5074.66   0.18417E-02   0.18369E-02   0.17929E-02
 5088.27   0.18320E-02   0.18272E-02   0.17835E-02
 5101.87   0.18250E-02   0.18200E-02   0.17767E-02
 5115.48   0.18150E-02   0.18101E-02   0.17671E-02
 5129.08   0.18058E-02   0.18008E-02   0.17582E-02
 5142.69   0.17968E-02   0.17917E-02   0.17495E-02
 5156.29   0.17879E-02   0.17828E-02   0.17410E-02
 5169.90   0.17791E-02   0.17740E-02   0.17325E-02
 5183.50   0.17704E-02   0.17653E-02   0.17242E-02
 5197.11   0.17619E-02   0.17567E-02   0.17159E-02
 5210.71   0.17533E-02   0.17481E-02   0.17077E-02
 5224.32   0.17447E-02   0.17395E-02   0.16994E-02
 5237.92   0.17358E-02   0.17305E-02   0.16908E-02
 5251.53   0.17284E-02   0.17231E-02   0.16837E-02
 5265.13   0.17199E-02   0.17146E-02   0.16755E-02
 5278.74   0.17115E-02   0.17062E-02   0.16674E-02
 5292.34   0.17031E-02   0.16978E-02   0.16594E-02
 5305.95   0.16949E-02   0.16895E-02   0.16514E-02
 5319.55   0.16867E-02   0.16813E-02   0.16436E-02
 5333.16   0.16786E-02   0.16732E-02   0.16358E-02
 5346.76   0.16707E-02   0.16653E-02   0.16282E-02
 5360.37   0.16628E-02   0.16574E-02   0.16206E-02
 5373.97   0.16549E-02   0.16495E-02   0.16130E-02
 5387.58   0.16473E-02   0.16419E-02   0.16057E-02
 5401.18   0.16395E-02   0.16341E-02   0.15983E-02
 5414.79   0.16318E-02   0.16263E-02   0.15908E-02
 5428.39   0.16240E-02   0.16186E-02   0.15833E-02
 5442.00   0.16163E-02   0.16108E-02   0.15759E-02
 5455.60   0.16086E-02   0.16031E-02   0.15685E-02
 5469.21   0.16009E-02   0.15955E-02   0.15612E-02
 5482.81   0.15934E-02   0.15880E-02   0.15539E-02
 5496.42   0.15859E-02   0.15805E-02   0.15468E-02
 5510.02   0.15786E-02   0.15732E-02   0.15397E-02
 5523.63   0.15715E-02   0.15661E-02   0.15329E-02
 5537.23   0.15642E-02   0.15588E-02   0.15259E-02
 5550.84   0.15570E-02   0.15517E-02   0.15191E-02
 5564.44   0.15499E-02   0.15445E-02   0.15122E-02
 5578.05   0.15427E-02   0.15374E-02   0.15053E-02
 5591.65   0.15355E-02   0.15302E-02   0.14985E-02
 5605.26   0.15284E-02   0.15231E-02   0.14916E-02
 5618.86   0.15212E-02   0.15159E-02   0.14847E-02
 5632.47   0.15141E-02   0.15089E-02   0.14779E-02
 5646.07   0.15070E-02   0.15018E-02   0.14711E-02
 5659.68   0.15001E-02   0.14950E-02   0.14646E-02
 5673.28   0.14939E-02   0.14887E-02   0.14585E-02
 5686.89   0.14870E-02   0.14818E-02   0.14519E-02
 5700.49   0.14802E-02   0.14752E-02   0.14455E-02
 5714.10   0.14736E-02   0.14686E-02   0.14392E-02
 5727.70   0.14670E-02   0.14620E-02   0.14328E-02
 5741.31   0.14603E-02   0.14554E-02   0.14265E-02
 5754.91   0.14537E-02   0.14487E-02   0.14201E-02
 5768.52   0.14470E-02   0.14421E-02   0.14137E-02
 5782.12   0.14402E-02   0.14354E-02   0.14072E-02
 5795.73   0.14333E-02   0.14285E-02   0.14006E-02
 5809.33   0.14267E-02   0.14219E-02   0.13943E-02
 5822.94   0.14216E-02   0.14169E-02   0.13894E-02
 5836.54   0.14150E-02   0.14103E-02   0.13831E-02
 5850.15   0.14087E-02   0.14040E-02   0.13771E-02
 5863.75   0.14024E-02   0.13979E-02   0.13711E-02
 5877.36   0.13963E-02   0.13918E-02   0.13652E-02
 5890.96   0.13901E-02   0.13857E-02   0.13594E-02
 5904.57   0.13840E-02   0.13796E-02   0.13535E-02
 5918.17   0.13778E-02   0.13734E-02   0.13476E-02
 5931.78   0.13715E-02   0.13671E-02   0.13415E-02
 5945.38   0.13647E-02   0.13605E-02   0.13351E-02
 5958.99   0.13581E-02   0.13540E-02   0.13288E-02
 5972.59   0.13542E-02   0.13501E-02   0.13251E-02
 5986.20   0.13479E-02   0.13438E-02   0.13191E-02
 5999.80   0.13419E-02   0.13379E-02   0.13133E-02
 6013.41   0.13360E-02   0.13320E-02   0.13077E-02
 6027.01   0.13302E-02   0.13263E-02   0.13022E-02
 6040.62   0.13245E-02   0.13206E-02   0.12967E-02
 6054.22   0.13188E-02   0.13150E-02   0.12913E-02
 6067.83   0.13131E-02   0.13094E-02   0.12858E-02
 6081.43   0.13072E-02   0.13036E-02   0.12803E-02
 6095.04   0.13011E-02   0.12975E-02   0.12744E-02
 6108.64   0.12948E-02   0.12913E-02   0.12684E-02
 6122.25   0.12912E-02   0.12878E-02   0.12650E-02
 6135.85   0.12852E-02   0.12819E-02   0.12593E-02
 6149.46   0.12795E-02   0.12762E-02   0.12539E-02
 6163.06   0.12739E-02   0.12707E-02   0.12485E-02
 6176.67   0.12684E-02   0.12653E-02   0.12433E-02
 6190.27   0.12630E-02   0.12599E-02   0.12382E-02
 6203.88   0.12577E-02   0.12547E-02   0.12331E-02
 6217.48   0.12524E-02   0.12495E-02   0.12281E-02
 6231.09   0.12471E-02   0.12442E-02   0.12230E-02
 6244.69   0.12416E-02   0.12389E-02   0.12178E-02
 6258.30   0.12360E-02   0.12333E-02   0.12125E-02
 6271.90   0.12320E-02   0.12294E-02   0.12087E-02
 6285.51   0.12265E-02   0.12240E-02   0.12035E-02
 6299.11   0.12211E-02   0.12187E-02   0.11984E-02
 6312.72   0.12158E-02   0.12135E-02   0.11933E-02
 6326.32   0.12106E-02   0.12083E-02   0.11883E-02
 6339.93   0.12054E-02   0.12032E-02   0.11834E-02
 6353.53   0.12004E-02   0.11983E-02   0.11786E-02
 6367.14   0.11954E-02   0.11933E-02   0.11739E-02
 6380.74   0.11905E-02   0.11885E-02   0.11692E-02
 6394.35   0.11856E-02   0.11837E-02   0.11646E-02
 6407.95   0.11806E-02   0.11788E-02   0.11599E-02
 6421.56   0.11761E-02   0.11744E-02   0.11556E-02
 6435.16   0.11712E-02   0.11696E-02   0.11509E-02
 6448.77   0.11663E-02   0.11648E-02   0.11463E-02
 6462.37   0.11614E-02   0.11600E-02   0.11416E-02
 6475.98   0.11564E-02   0.11551E-02   0.11369E-02
 6489.58   0.11516E-02   0.11503E-02   0.11323E-02
 6503.19   0.11467E-02   0.11456E-02   0.11277E-02
 6516.79   0.11419E-02   0.11409E-02   0.11231E-02
 6530.40   0.11372E-02   0.11362E-02   0.11186E-02
 6544.00   0.11326E-02   0.11317E-02   0.11143E-02
 6557.61   0.11280E-02   0.11272E-02   0.11099E-02
 6571.21   0.11235E-02   0.11229E-02   0.11057E-02
 6584.82   0.11190E-02   0.11185E-02   0.11014E-02
 6598.42   0.11146E-02   0.11141E-02   0.10972E-02
 6612.03   0.11101E-02   0.11097E-02   0.10929E-02
 6625.63   0.11055E-02   0.11052E-02   0.10886E-02
 6639.24   0.11010E-02   0.11008E-02   0.10843E-02
 6652.84   0.10964E-02   0.10963E-02   0.10800E-02
 6666.45   0.10918E-02   0.10918E-02   0.10757E-02
 6680.05   0.10873E-02   0.10874E-02   0.10713E-02
 6693.66   0.10828E-02   0.10830E-02   0.10671E-02
 6707.26   0.10783E-02   0.10786E-02   0.10628E-02
 6720.87   0.10741E-02   0.10745E-02   0.10589E-02
 6734.47   0.10702E-02   0.10707E-02   0.10552E-02
 6748.08   0.10659E-02   0.10664E-02   0.10510E-02
 6761.68   0.10616E-02   0.10623E-02   0.10471E-02
 6775.29   0.10575E-02   0.10582E-02   0.10431E-02
 6788.89   0.10533E-02   0.10542E-02   0.10392E-02
 6802.50   0.10491E-02   0.10501E-02   0.10352E-02
 6816.10   0.10448E-02   0.10459E-02   0.10312E-02
 6829.71   0.10405E-02   0.10417E-02   0.10271E-02
 6843.31   0.10362E-02   0.10375E-02   0.10230E-02
 6856.92   0.10319E-02   0.10333E-02   0.10189E-02
 6870.52   0.10274E-02   0.10288E-02   0.10146E-02
 6884.13   0.10233E-02   0.10249E-02   0.10108E-02
 6897.73   0.10204E-02   0.10221E-02   0.10081E-02
 6911.34   0.10161E-02   0.10179E-02   0.10040E-02
 6924.94   0.10121E-02   0.10140E-02   0.10002E-02
 6938.55   0.10082E-02   0.10102E-02   0.99650E-03
 6952.15   0.10043E-02   0.10064E-02   0.99282E-03
 6965.76   0.10004E-02   0.10026E-02   0.98914E-03
 6979.36   0.99648E-03   0.99880E-03   0.98543E-03
 6992.97   0.99251E-03   0.99494E-03   0.98168E-03
 7006.57   0.98848E-03   0.99100E-03   0.97785E-03
 7020.18   0.98432E-03   0.98695E-03   0.97391E-03
 7033.78   0.97967E-03   0.98241E-03   0.96948E-03
 7047.39   0.97563E-03   0.97847E-03   0.96566E-03
 7060.99   0.97385E-03   0.97680E-03   0.96406E-03
 7074.60   0.96966E-03   0.97272E-03   0.96008E-03
 7088.20   0.96577E-03   0.96893E-03   0.95640E-03
 7101.81   0.96201E-03   0.96528E-03   0.95285E-03
 7115.41   0.95833E-03   0.96170E-03   0.94937E-03
 7129.02   0.95469E-03   0.95818E-03   0.94594E-03
 7142.62   0.95107E-03   0.95466E-03   0.94252E-03
 7156.23   0.94742E-03   0.95112E-03   0.93908E-03
 7169.83   0.94371E-03   0.94751E-03   0.93557E-03
 7183.44   0.93985E-03   0.94377E-03   0.93192E-03
 7197.04   0.93543E-03   0.93945E-03   0.92771E-03
 7210.65   0.93141E-03   0.93553E-03   0.92388E-03
 7224.25   0.93014E-03   0.93438E-03   0.92280E-03
 7237.86   0.92611E-03   0.93046E-03   0.91897E-03
 7251.46   0.92235E-03   0.92681E-03   0.91541E-03
 7265.07   0.91872E-03   0.92328E-03   0.91198E-03
 7278.67   0.91519E-03   0.91986E-03   0.90864E-03
 7292.28   0.91173E-03   0.91651E-03   0.90538E-03
 7305.88   0.90833E-03   0.91322E-03   0.90217E-03
 7319.49   0.90496E-03   0.90995E-03   0.89900E-03
 7333.09   0.90157E-03   0.90668E-03   0.89580E-03
 7346.70   0.89811E-03   0.90332E-03   0.89253E-03
 7360.30   0.89433E-03   0.89965E-03   0.88894E-03
 7373.91   0.89059E-03   0.89601E-03   0.88539E-03
 7387.51   0.88891E-03   0.89446E-03   0.88390E-03
 7401.12   0.88518E-03   0.89083E-03   0.88036E-03
 7414.72   0.88163E-03   0.88738E-03   0.87699E-03
 7428.33   0.87815E-03   0.88401E-03   0.87371E-03
 7441.93   0.87474E-03   0.88071E-03   0.87048E-03
 7455.54   0.87140E-03   0.87748E-03   0.86733E-03
 7469.14   0.86814E-03   0.87433E-03   0.86425E-03
 7482.75   0.86494E-03   0.87124E-03   0.86124E-03
 7496.35   0.86179E-03   0.86820E-03   0.85827E-03
 7509.96   0.85866E-03   0.86517E-03   0.85532E-03
 7523.56   0.85547E-03   0.86209E-03   0.85231E-03
 7537.17   0.85219E-03   0.85892E-03   0.84921E-03
 7550.77   0.84980E-03   0.85665E-03   0.84700E-03
 7564.38   0.84649E-03   0.85344E-03   0.84387E-03
 7577.98   0.84325E-03   0.85031E-03   0.84081E-03
 7591.59   0.84002E-03   0.84718E-03   0.83775E-03
 7605.19   0.83679E-03   0.84406E-03   0.83470E-03
 7618.80   0.83358E-03   0.84096E-03   0.83167E-03
 7632.40   0.83041E-03   0.83790E-03   0.82867E-03
 7646.01   0.82731E-03   0.83490E-03   0.82574E-03
 7659.61   0.82427E-03   0.83197E-03   0.82288E-03
 7673.22   0.82130E-03   0.82911E-03   0.82008E-03
 7686.82   0.81838E-03   0.82630E-03   0.81733E-03
 7700.43   0.81550E-03   0.82352E-03   0.81462E-03
 7714.03   0.81268E-03   0.82081E-03   0.81196E-03
 7727.64   0.80980E-03   0.81804E-03   0.80926E-03
 7741.24   0.80691E-03   0.81526E-03   0.80654E-03
 7754.85   0.80399E-03   0.81244E-03   0.80378E-03
 7768.45   0.80102E-03   0.80959E-03   0.80098E-03
 7782.06   0.79803E-03   0.80670E-03   0.79815E-03
 7795.66   0.79503E-03   0.80380E-03   0.79531E-03
 7809.27   0.79202E-03   0.80090E-03   0.79247E-03
 7822.87   0.78905E-03   0.79803E-03   0.78966E-03
 7836.48   0.78612E-03   0.79521E-03   0.78690E-03
 7850.08   0.78325E-03   0.79244E-03   0.78418E-03
 7863.69   0.78040E-03   0.78970E-03   0.78150E-03
 7877.29   0.77782E-03   0.78722E-03   0.77907E-03
 7890.90   0.77522E-03   0.78473E-03   0.77663E-03
 7904.50   0.77250E-03   0.78212E-03   0.77407E-03
 7918.11   0.76983E-03   0.77954E-03   0.77155E-03
 7931.71   0.76714E-03   0.77696E-03   0.76902E-03
 7945.32   0.76442E-03   0.77435E-03   0.76646E-03
 7958.92   0.76167E-03   0.77170E-03   0.76386E-03
 7972.53   0.75888E-03   0.76901E-03   0.76122E-03
 7986.13   0.75605E-03   0.76629E-03   0.75854E-03
 7999.74   0.75321E-03   0.76355E-03   0.75585E-03
 8013.34   0.75036E-03   0.76080E-03   0.75316E-03
 8026.95   0.74749E-03   0.75802E-03   0.75043E-03
 8040.55   0.74432E-03   0.75495E-03   0.74741E-03
 8054.16   0.74203E-03   0.75276E-03   0.74527E-03
 8067.76   0.74030E-03   0.75115E-03   0.74368E-03
 8081.37   0.73760E-03   0.74854E-03   0.74113E-03
 8094.97   0.73504E-03   0.74608E-03   0.73871E-03
 8108.58   0.73252E-03   0.74367E-03   0.73634E-03
 8122.18   0.73002E-03   0.74126E-03   0.73398E-03
 8135.79   0.72749E-03   0.73883E-03   0.73159E-03
 8149.39   0.72492E-03   0.73637E-03   0.72917E-03
 8163.00   0.72230E-03   0.73385E-03   0.72669E-03
 8176.60   0.71963E-03   0.73127E-03   0.72415E-03
 8190.21   0.71688E-03   0.72862E-03   0.72155E-03
 8203.81   0.71398E-03   0.72581E-03   0.71878E-03
 8217.42   0.70997E-03   0.72186E-03   0.71489E-03
 8231.02   0.71145E-03   0.72351E-03   0.71653E-03
 8244.63   0.70764E-03   0.71977E-03   0.71285E-03
 8258.23   0.70492E-03   0.71714E-03   0.71026E-03
 8271.84   0.70241E-03   0.71473E-03   0.70789E-03
 8285.44   0.70000E-03   0.71241E-03   0.70561E-03
 8299.05   0.69764E-03   0.71015E-03   0.70338E-03
 8312.65   0.69530E-03   0.70791E-03   0.70117E-03
 8326.26   0.69295E-03   0.70565E-03   0.69895E-03
 8339.86   0.69056E-03   0.70336E-03   0.69669E-03
 8353.47   0.68811E-03   0.70100E-03   0.69437E-03
 8367.07   0.68555E-03   0.69853E-03   0.69194E-03
 8380.68   0.68275E-03   0.69582E-03   0.68926E-03
 8394.28   0.67824E-03   0.69135E-03   0.68485E-03
 8407.89   0.68078E-03   0.69408E-03   0.68756E-03
 8421.49   0.67702E-03   0.69038E-03   0.68391E-03
 8435.10   0.67432E-03   0.68777E-03   0.68134E-03
 8448.70   0.67185E-03   0.68538E-03   0.67898E-03
 8462.31   0.66948E-03   0.68311E-03   0.67673E-03
 8475.91   0.66720E-03   0.68092E-03   0.67457E-03
 8489.52   0.66498E-03   0.67878E-03   0.67247E-03
 8503.12   0.66279E-03   0.67669E-03   0.67040E-03
 8516.73   0.66061E-03   0.67459E-03   0.66834E-03
 8530.33   0.65840E-03   0.67247E-03   0.66625E-03
 8543.94   0.65611E-03   0.67027E-03   0.66407E-03
 8557.54   0.65364E-03   0.66787E-03   0.66171E-03
 8571.15   0.64999E-03   0.66428E-03   0.65816E-03
 8584.75   0.65176E-03   0.66623E-03   0.66009E-03
 8598.36   0.64817E-03   0.66269E-03   0.65659E-03
 8611.96   0.64560E-03   0.66020E-03   0.65413E-03
 8625.57   0.64320E-03   0.65788E-03   0.65184E-03
 8639.17   0.64089E-03   0.65565E-03   0.64964E-03
 8652.78   0.63866E-03   0.65349E-03   0.64750E-03
 8666.38   0.63649E-03   0.65141E-03   0.64544E-03
 8679.99   0.63438E-03   0.64939E-03   0.64345E-03
 8693.59   0.63233E-03   0.64741E-03   0.64150E-03
 8707.20   0.63030E-03   0.64547E-03   0.63957E-03
 8720.80   0.62826E-03   0.64352E-03   0.63764E-03
 8734.41   0.62616E-03   0.64150E-03   0.63565E-03
 8748.01   0.62370E-03   0.63911E-03   0.63328E-03
 8761.62   0.62139E-03   0.63686E-03   0.63106E-03
 8775.22   0.62076E-03   0.63635E-03   0.63056E-03
 8788.83   0.61847E-03   0.63413E-03   0.62836E-03
 8802.43   0.61626E-03   0.63199E-03   0.62625E-03
 8816.04   0.61407E-03   0.62988E-03   0.62415E-03
 8829.64   0.61191E-03   0.62779E-03   0.62209E-03
 8843.25   0.60978E-03   0.62574E-03   0.62006E-03
 8856.85   0.60771E-03   0.62374E-03   0.61808E-03
 8870.46   0.60570E-03   0.62180E-03   0.61615E-03
 8884.06   0.60374E-03   0.61992E-03   0.61429E-03
 8897.67   0.60183E-03   0.61809E-03   0.61248E-03
 8911.27   0.59996E-03   0.61629E-03   0.61070E-03
 8924.88   0.59808E-03   0.61448E-03   0.60891E-03
 8938.48   0.59612E-03   0.61260E-03   0.60704E-03
 8952.09   0.59459E-03   0.61116E-03   0.60561E-03
 8965.69   0.59266E-03   0.60930E-03   0.60376E-03
 8979.30   0.59072E-03   0.60743E-03   0.60191E-03
 8992.90   0.58876E-03   0.60553E-03   0.60003E-03
 9006.51   0.58676E-03   0.60360E-03   0.59812E-03
 9020.11   0.58475E-03   0.60166E-03   0.59619E-03
 9033.72   0.58274E-03   0.59971E-03   0.59426E-03
 9047.32   0.58075E-03   0.59779E-03   0.59235E-03
 9060.93   0.57880E-03   0.59590E-03   0.59048E-03
 9074.53   0.57690E-03   0.59407E-03   0.58866E-03
 9088.14   0.57506E-03   0.59229E-03   0.58690E-03
 9101.74   0.57327E-03   0.59057E-03   0.58518E-03
 9115.35   0.57150E-03   0.58886E-03   0.58349E-03
 9128.95   0.56988E-03   0.58731E-03   0.58196E-03
 9142.56   0.56815E-03   0.58565E-03   0.58030E-03
 9156.16   0.56644E-03   0.58401E-03   0.57867E-03
 9169.77   0.56470E-03   0.58234E-03   0.57701E-03
 9183.37   0.56293E-03   0.58063E-03   0.57532E-03
 9196.98   0.56113E-03   0.57888E-03   0.57358E-03
 9210.58   0.55928E-03   0.57709E-03   0.57180E-03
 9224.19   0.55740E-03   0.57527E-03   0.56999E-03
 9237.79   0.55551E-03   0.57344E-03   0.56817E-03
 9251.40   0.55362E-03   0.57160E-03   0.56634E-03
 9265.00   0.55174E-03   0.56978E-03   0.56453E-03
 9278.61   0.54988E-03   0.56797E-03   0.56273E-03
 9292.21   0.54797E-03   0.56611E-03   0.56089E-03
 9305.82   0.54653E-03   0.56474E-03   0.55952E-03
 9319.42   0.54538E-03   0.56366E-03   0.55844E-03
 9333.03   0.54354E-03   0.56187E-03   0.55667E-03
 9346.63   0.54189E-03   0.56027E-03   0.55508E-03
 9360.24   0.54027E-03   0.55872E-03   0.55353E-03
 9373.84   0.53866E-03   0.55716E-03   0.55197E-03
 9387.45   0.53702E-03   0.55558E-03   0.55040E-03
 9401.05   0.53535E-03   0.55395E-03   0.54878E-03
 9414.66   0.53363E-03   0.55228E-03   0.54712E-03
 9428.26   0.53186E-03   0.55056E-03   0.54541E-03
 9441.87   0.53006E-03   0.54880E-03   0.54366E-03
 9455.47   0.52821E-03   0.54700E-03   0.54186E-03
 9469.08   0.52628E-03   0.54511E-03   0.53998E-03
 9482.68   0.52400E-03   0.54285E-03   0.53773E-03
 9496.29   0.52277E-03   0.54169E-03   0.53657E-03
 9509.89   0.52257E-03   0.54158E-03   0.53646E-03
 9523.50   0.52060E-03   0.53964E-03   0.53452E-03
 9537.10   0.51892E-03   0.53801E-03   0.53290E-03
 9550.71   0.51735E-03   0.53649E-03   0.53138E-03
 9564.31   0.51583E-03   0.53501E-03   0.52991E-03
 9577.92   0.51433E-03   0.53355E-03   0.52845E-03
 9591.52   0.51281E-03   0.53208E-03   0.52698E-03
 9605.13   0.51126E-03   0.53057E-03   0.52548E-03
 9618.73   0.50966E-03   0.52901E-03   0.52393E-03
 9632.34   0.50800E-03   0.52739E-03   0.52231E-03
 9645.94   0.50625E-03   0.52567E-03   0.52059E-03
 9659.55   0.50433E-03   0.52378E-03   0.51871E-03
 9673.15   0.50170E-03   0.52114E-03   0.51608E-03
 9686.76   0.50055E-03   0.52004E-03   0.51498E-03
 9700.36   0.50127E-03   0.52089E-03   0.51581E-03
 9713.97   0.49920E-03   0.51883E-03   0.51376E-03
 9727.57   0.49748E-03   0.51714E-03   0.51208E-03
 9741.18   0.49591E-03   0.51560E-03   0.51054E-03
 9754.78   0.49442E-03   0.51414E-03   0.50908E-03
 9768.39   0.49298E-03   0.51274E-03   0.50768E-03
 9781.99   0.49157E-03   0.51137E-03   0.50631E-03
 9795.60   0.49017E-03   0.51000E-03   0.50494E-03
 9809.20   0.48874E-03   0.50861E-03   0.50355E-03
 9822.81   0.48727E-03   0.50717E-03   0.50211E-03
 9836.41   0.48571E-03   0.50563E-03   0.50058E-03
 9850.02   0.48397E-03   0.50391E-03   0.49886E-03
 9863.62   0.48154E-03   0.50147E-03   0.49643E-03
 9877.23   0.48023E-03   0.50020E-03   0.49516E-03
 9890.83   0.48123E-03   0.50133E-03   0.49626E-03
 9904.44   0.47918E-03   0.49928E-03   0.49422E-03
 9918.04   0.47747E-03   0.49758E-03   0.49252E-03
 9931.65   0.47589E-03   0.49602E-03   0.49096E-03
 9945.25   0.47439E-03   0.49454E-03   0.48949E-03
 9958.86   0.47296E-03   0.49314E-03   0.48808E-03
 9972.46   0.47159E-03   0.49179E-03   0.48674E-03
 9986.07   0.47026E-03   0.49049E-03   0.48543E-03
 9999.67   0.46896E-03   0.48921E-03   0.48415E-03
