 8217.42   0.45855E-02   0.46631E-02   0.46929E-02
 8231.02   0.45771E-02   0.46549E-02   0.46846E-02
 8244.63   0.45667E-02   0.46446E-02   0.46742E-02
 8258.23   0.45567E-02   0.46347E-02   0.46642E-02
 8271.84   0.45466E-02   0.46247E-02   0.46541E-02
 8285.44   0.45362E-02   0.46144E-02   0.46438E-02
 8299.05   0.45255E-02   0.46038E-02   0.46331E-02
 8312.65   0.45145E-02   0.45929E-02   0.46221E-02
 8326.26   0.45032E-02   0.45817E-02   0.46108E-02
 8339.86   0.44918E-02   0.45704E-02   0.45994E-02
 8353.47   0.44804E-02   0.45590E-02   0.45879E-02
 8367.07   0.44689E-02   0.45477E-02   0.45765E-02
 8380.68   0.44573E-02   0.45361E-02   0.45648E-02
 8394.28   0.44419E-02   0.45207E-02   0.45493E-02
 8407.89   0.44439E-02   0.45230E-02   0.45515E-02
 8421.49   0.44310E-02   0.45101E-02   0.45386E-02
 8435.10   0.44208E-02   0.45000E-02   0.45284E-02
 8448.70   0.44110E-02   0.44904E-02   0.45187E-02
 8462.31   0.44014E-02   0.44808E-02   0.45090E-02
 8475.91   0.43916E-02   0.44711E-02   0.44992E-02
 8489.52   0.43815E-02   0.44611E-02   0.44891E-02
 8503.12   0.43710E-02   0.44507E-02   0.44787E-02
 8516.73   0.43602E-02   0.44400E-02   0.44679E-02
 8530.33   0.43491E-02   0.44289E-02   0.44567E-02
 8543.94   0.43375E-02   0.44173E-02   0.44450E-02
 8557.54   0.43249E-02   0.44048E-02   0.44324E-02
 8571.15   0.43054E-02   0.43852E-02   0.44126E-02
 8584.75   0.43206E-02   0.44010E-02   0.44285E-02
 8598.36   0.43024E-02   0.43827E-02   0.44100E-02
 8611.96   0.42910E-02   0.43714E-02   0.43987E-02
 8625.57   0.42810E-02   0.43614E-02   0.43886E-02
 8639.17   0.42715E-02   0.43520E-02   0.43791E-02
 8652.78   0.42622E-02   0.43428E-02   0.43698E-02
 8666.38   0.42529E-02   0.43336E-02   0.43605E-02
 8679.99   0.42434E-02   0.43242E-02   0.43510E-02
 8693.59   0.42336E-02   0.43144E-02   0.43412E-02
 8707.20   0.42233E-02   0.43042E-02   0.43309E-02
 8720.80   0.42123E-02   0.42933E-02   0.43199E-02
 8734.41   0.42001E-02   0.42811E-02   0.43076E-02
 8748.01   0.41822E-02   0.42631E-02   0.42894E-02
 8761.62   0.41739E-02   0.42549E-02   0.42811E-02
 8775.22   0.41807E-02   0.42621E-02   0.42884E-02
 8788.83   0.41678E-02   0.42492E-02   0.42754E-02
 8802.43   0.41570E-02   0.42385E-02   0.42645E-02
 8816.04   0.41471E-02   0.42286E-02   0.42546E-02
 8829.64   0.41377E-02   0.42193E-02   0.42452E-02
 8843.25   0.41287E-02   0.42103E-02   0.42362E-02
 8856.85   0.41198E-02   0.42016E-02   0.42273E-02
 8870.46   0.41109E-02   0.41927E-02   0.42184E-02
 8884.06   0.41018E-02   0.41837E-02   0.42092E-02
 8897.67   0.40921E-02   0.41741E-02   0.41996E-02
 8911.27   0.40815E-02   0.41635E-02   0.41889E-02
 8924.88   0.40680E-02   0.41499E-02   0.41752E-02
 8938.48   0.40580E-02   0.41400E-02   0.41652E-02
 8952.09   0.40649E-02   0.41473E-02   0.41725E-02
 8965.69   0.40505E-02   0.41328E-02   0.41579E-02
 8979.30   0.40391E-02   0.41215E-02   0.41465E-02
 8992.90   0.40287E-02   0.41111E-02   0.41360E-02
 9006.51   0.40188E-02   0.41013E-02   0.41261E-02
 9020.11   0.40095E-02   0.40920E-02   0.41168E-02
 9033.72   0.40006E-02   0.40832E-02   0.41079E-02
 9047.32   0.39920E-02   0.40747E-02   0.40993E-02
 9060.93   0.39836E-02   0.40663E-02   0.40908E-02
 9074.53   0.39751E-02   0.40579E-02   0.40823E-02
 9088.14   0.39663E-02   0.40492E-02   0.40735E-02
 9101.74   0.39565E-02   0.40394E-02   0.40636E-02
 9115.35   0.39407E-02   0.40236E-02   0.40477E-02
 9128.95   0.39538E-02   0.40371E-02   0.40613E-02
 9142.56   0.39369E-02   0.40201E-02   0.40441E-02
 9156.16   0.39259E-02   0.40091E-02   0.40331E-02
 9169.77   0.39157E-02   0.39989E-02   0.40228E-02
 9183.37   0.39057E-02   0.39890E-02   0.40128E-02
 9196.98   0.38961E-02   0.39794E-02   0.40031E-02
 9210.58   0.38868E-02   0.39701E-02   0.39937E-02
 9224.19   0.38778E-02   0.39613E-02   0.39847E-02
 9237.79   0.38693E-02   0.39528E-02   0.39762E-02
 9251.40   0.38611E-02   0.39446E-02   0.39680E-02
 9265.00   0.38531E-02   0.39367E-02   0.39600E-02
 9278.61   0.38451E-02   0.39288E-02   0.39520E-02
 9292.21   0.38367E-02   0.39204E-02   0.39435E-02
 9305.82   0.38277E-02   0.39115E-02   0.39345E-02
 9319.42   0.38247E-02   0.39086E-02   0.39316E-02
 9333.03   0.38152E-02   0.38991E-02   0.39220E-02
 9346.63   0.38062E-02   0.38902E-02   0.39129E-02
 9360.24   0.37970E-02   0.38811E-02   0.39037E-02
 9373.84   0.37878E-02   0.38718E-02   0.38944E-02
 9387.45   0.37785E-02   0.38626E-02   0.38851E-02
 9401.05   0.37693E-02   0.38534E-02   0.38758E-02
 9414.66   0.37603E-02   0.38444E-02   0.38668E-02
 9428.26   0.37516E-02   0.38358E-02   0.38581E-02
 9441.87   0.37433E-02   0.38275E-02   0.38497E-02
 9455.47   0.37354E-02   0.38197E-02   0.38417E-02
 9469.08   0.37278E-02   0.38121E-02   0.38341E-02
 9482.68   0.37204E-02   0.38048E-02   0.38267E-02
 9496.29   0.37128E-02   0.37973E-02   0.38192E-02
 9509.89   0.37059E-02   0.37904E-02   0.38122E-02
 9523.50   0.36984E-02   0.37830E-02   0.38047E-02
 9537.10   0.36907E-02   0.37753E-02   0.37970E-02
 9550.71   0.36827E-02   0.37673E-02   0.37889E-02
 9564.31   0.36743E-02   0.37590E-02   0.37805E-02
 9577.92   0.36657E-02   0.37504E-02   0.37718E-02
 9591.52   0.36569E-02   0.37416E-02   0.37629E-02
 9605.13   0.36480E-02   0.37328E-02   0.37540E-02
 9618.73   0.36392E-02   0.37240E-02   0.37451E-02
 9632.34   0.36305E-02   0.37153E-02   0.37364E-02
 9645.94   0.36221E-02   0.37070E-02   0.37279E-02
 9659.55   0.36140E-02   0.36989E-02   0.37197E-02
 9673.15   0.36055E-02   0.36904E-02   0.37112E-02
 9686.76   0.36002E-02   0.36852E-02   0.37059E-02
 9700.36   0.35939E-02   0.36790E-02   0.36996E-02
 9713.97   0.35865E-02   0.36717E-02   0.36922E-02
 9727.57   0.35794E-02   0.36646E-02   0.36851E-02
 9741.18   0.35722E-02   0.36574E-02   0.36779E-02
 9754.78   0.35648E-02   0.36500E-02   0.36704E-02
 9768.39   0.35570E-02   0.36423E-02   0.36626E-02
 9781.99   0.35489E-02   0.36342E-02   0.36544E-02
 9795.60   0.35405E-02   0.36258E-02   0.36459E-02
 9809.20   0.35319E-02   0.36172E-02   0.36372E-02
 9822.81   0.35231E-02   0.36084E-02   0.36283E-02
 9836.41   0.35141E-02   0.35995E-02   0.36193E-02
 9850.02   0.35049E-02   0.35902E-02   0.36100E-02
 9863.62   0.34934E-02   0.35787E-02   0.35983E-02
 9877.23   0.34896E-02   0.35750E-02   0.35946E-02
 9890.83   0.34890E-02   0.35746E-02   0.35941E-02
 9904.44   0.34802E-02   0.35657E-02   0.35852E-02
 9918.04   0.34727E-02   0.35583E-02   0.35777E-02
 9931.65   0.34657E-02   0.35514E-02   0.35707E-02
 9945.25   0.34589E-02   0.35445E-02   0.35638E-02
 9958.86   0.34519E-02   0.35376E-02   0.35568E-02
 9972.46   0.34447E-02   0.35304E-02   0.35495E-02
 9986.07   0.34372E-02   0.35229E-02   0.35419E-02
 9999.67   0.34292E-02   0.35150E-02   0.35339E-02
