  462.57   0.24097E+01   0.24483E+01   0.24741E+01
  476.17   0.23408E+01   0.23786E+01   0.24029E+01
  489.78   0.22741E+01   0.23109E+01   0.23338E+01
  503.38   0.22092E+01   0.22452E+01   0.22667E+01
  516.99   0.21459E+01   0.21809E+01   0.22011E+01
  530.59   0.20843E+01   0.21184E+01   0.21372E+01
  544.20   0.20250E+01   0.20583E+01   0.20759E+01
  557.80   0.19675E+01   0.19999E+01   0.20163E+01
  571.41   0.19115E+01   0.19430E+01   0.19583E+01
  585.01   0.18578E+01   0.18884E+01   0.19026E+01
  598.62   0.18052E+01   0.18350E+01   0.18482E+01
  612.22   0.17544E+01   0.17834E+01   0.17955E+01
  625.83   0.17046E+01   0.17328E+01   0.17439E+01
  639.43   0.16574E+01   0.16847E+01   0.16950E+01
  653.04   0.16112E+01   0.16378E+01   0.16471E+01
  666.64   0.15665E+01   0.15923E+01   0.16008E+01
  680.25   0.15239E+01   0.15490E+01   0.15567E+01
  693.85   0.14815E+01   0.15058E+01   0.15127E+01
  707.46   0.14410E+01   0.14646E+01   0.14708E+01
  721.06   0.14018E+01   0.14247E+01   0.14301E+01
  734.67   0.13641E+01   0.13862E+01   0.13910E+01
  748.27   0.13271E+01   0.13485E+01   0.13527E+01
  761.88   0.12914E+01   0.13122E+01   0.13157E+01
  775.48   0.12569E+01   0.12771E+01   0.12800E+01
  789.09   0.12237E+01   0.12432E+01   0.12455E+01
  802.69   0.11913E+01   0.12101E+01   0.12120E+01
  816.30   0.11600E+01   0.11782E+01   0.11795E+01
  829.90   0.11297E+01   0.11474E+01   0.11482E+01
  843.51   0.11005E+01   0.11175E+01   0.11179E+01
  857.11   0.10721E+01   0.10885E+01   0.10885E+01
  870.72   0.10445E+01   0.10603E+01   0.10599E+01
  884.32   0.10178E+01   0.10331E+01   0.10322E+01
  897.93   0.99195E+00   0.10067E+01   0.10055E+01
  911.53   0.96691E+00   0.98115E+00   0.97958E+00
  925.14   0.94261E+00   0.95632E+00   0.95442E+00
  938.74   0.91902E+00   0.93222E+00   0.93000E+00
  952.35   0.89610E+00   0.90881E+00   0.90629E+00
  965.95   0.87418E+00   0.88641E+00   0.88360E+00
  979.56   0.85278E+00   0.86453E+00   0.86145E+00
  993.16   0.83197E+00   0.84326E+00   0.83993E+00
 1006.77   0.81170E+00   0.82253E+00   0.81896E+00
 1020.37   0.79226E+00   0.80266E+00   0.79886E+00
 1033.98   0.77324E+00   0.78320E+00   0.77919E+00
 1047.58   0.75482E+00   0.76436E+00   0.76015E+00
 1061.19   0.73690E+00   0.74603E+00   0.74162E+00
 1074.79   0.71929E+00   0.72802E+00   0.72344E+00
 1088.40   0.70271E+00   0.71105E+00   0.70630E+00
 1102.00   0.68633E+00   0.69429E+00   0.68938E+00
 1115.61   0.67047E+00   0.67805E+00   0.67300E+00
 1129.21   0.65502E+00   0.66225E+00   0.65705E+00
 1142.82   0.64025E+00   0.64712E+00   0.64180E+00
 1156.42   0.62552E+00   0.63204E+00   0.62660E+00
 1170.03   0.61135E+00   0.61753E+00   0.61198E+00
 1183.63   0.59761E+00   0.60347E+00   0.59781E+00
 1197.24   0.58424E+00   0.58978E+00   0.58402E+00
 1210.84   0.57135E+00   0.57657E+00   0.57073E+00
 1224.45   0.55865E+00   0.56356E+00   0.55764E+00
 1238.05   0.54634E+00   0.55095E+00   0.54496E+00
 1251.66   0.53440E+00   0.53872E+00   0.53266E+00
 1265.26   0.52281E+00   0.52684E+00   0.52072E+00
 1278.87   0.51156E+00   0.51532E+00   0.50914E+00
 1292.47   0.50056E+00   0.50404E+00   0.49781E+00
 1306.08   0.48984E+00   0.49307E+00   0.48679E+00
 1319.68   0.47942E+00   0.48239E+00   0.47607E+00
 1333.29   0.46930E+00   0.47202E+00   0.46566E+00
 1346.89   0.45946E+00   0.46193E+00   0.45555E+00
 1360.50   0.44987E+00   0.45210E+00   0.44569E+00
 1374.10   0.44051E+00   0.44251E+00   0.43608E+00
 1387.71   0.43138E+00   0.43316E+00   0.42671E+00
 1401.31   0.42250E+00   0.42405E+00   0.41759E+00
 1414.92   0.41386E+00   0.41520E+00   0.40873E+00
 1428.52   0.40547E+00   0.40660E+00   0.40012E+00
 1442.13   0.39728E+00   0.39821E+00   0.39172E+00
 1455.73   0.38928E+00   0.39001E+00   0.38353E+00
 1469.34   0.38148E+00   0.38202E+00   0.37554E+00
 1482.94   0.37386E+00   0.37420E+00   0.36773E+00
 1496.55   0.36651E+00   0.36667E+00   0.36021E+00
 1510.15   0.35929E+00   0.35927E+00   0.35282E+00
 1523.76   0.35226E+00   0.35207E+00   0.34563E+00
 1537.36   0.34538E+00   0.34503E+00   0.33860E+00
 1550.97   0.33866E+00   0.33814E+00   0.33173E+00
 1564.57   0.33209E+00   0.33140E+00   0.32502E+00
 1578.18   0.32577E+00   0.32494E+00   0.31857E+00
 1591.78   0.31955E+00   0.31856E+00   0.31222E+00
 1605.39   0.31348E+00   0.31235E+00   0.30603E+00
 1618.99   0.30755E+00   0.30628E+00   0.29999E+00
 1632.60   0.30174E+00   0.30033E+00   0.29407E+00
 1646.20   0.29619E+00   0.29463E+00   0.28840E+00
 1659.81   0.29061E+00   0.28893E+00   0.28273E+00
 1673.41   0.28522E+00   0.28341E+00   0.27725E+00
 1687.02   0.27997E+00   0.27803E+00   0.27191E+00
 1700.62   0.27484E+00   0.27278E+00   0.26669E+00
 1714.23   0.26979E+00   0.26762E+00   0.26156E+00
 1727.83   0.26495E+00   0.26266E+00   0.25665E+00
 1741.44   0.26013E+00   0.25773E+00   0.25175E+00
 1755.04   0.25543E+00   0.25292E+00   0.24699E+00
 1768.65   0.25085E+00   0.24824E+00   0.24235E+00
 1782.25   0.24638E+00   0.24367E+00   0.23782E+00
 1795.86   0.24200E+00   0.23919E+00   0.23339E+00
 1809.46   0.23776E+00   0.23486E+00   0.22909E+00
 1823.07   0.23357E+00   0.23057E+00   0.22485E+00
 1836.67   0.22947E+00   0.22638E+00   0.22071E+00
 1850.28   0.22546E+00   0.22229E+00   0.21666E+00
 1863.88   0.22156E+00   0.21830E+00   0.21272E+00
 1877.49   0.21774E+00   0.21440E+00   0.20886E+00
 1891.09   0.21401E+00   0.21059E+00   0.20510E+00
 1904.70   0.21034E+00   0.20685E+00   0.20141E+00
 1918.30   0.20675E+00   0.20319E+00   0.19779E+00
 1931.91   0.20324E+00   0.19960E+00   0.19426E+00
 1945.51   0.19980E+00   0.19610E+00   0.19080E+00
 1959.12   0.19644E+00   0.19267E+00   0.18742E+00
 1972.72   0.19316E+00   0.18932E+00   0.18413E+00
 1986.33   0.18994E+00   0.18605E+00   0.18090E+00
 1999.93   0.18679E+00   0.18284E+00   0.17774E+00
 2013.54   0.18370E+00   0.17969E+00   0.17464E+00
 2027.14   0.18067E+00   0.17660E+00   0.17160E+00
 2040.75   0.17770E+00   0.17358E+00   0.16863E+00
 2054.35   0.17480E+00   0.17063E+00   0.16573E+00
 2067.96   0.17197E+00   0.16775E+00   0.16290E+00
 2081.56   0.16919E+00   0.16493E+00   0.16013E+00
 2095.17   0.16647E+00   0.16216E+00   0.15741E+00
 2108.77   0.16379E+00   0.15944E+00   0.15474E+00
 2122.38   0.16116E+00   0.15677E+00   0.15212E+00
 2135.98   0.15858E+00   0.15415E+00   0.14955E+00
 2149.59   0.15610E+00   0.15163E+00   0.14708E+00
 2163.19   0.15362E+00   0.14911E+00   0.14461E+00
 2176.80   0.15120E+00   0.14666E+00   0.14221E+00
 2190.40   0.14884E+00   0.14426E+00   0.13986E+00
 2204.01   0.14651E+00   0.14190E+00   0.13755E+00
 2217.61   0.14422E+00   0.13958E+00   0.13528E+00
 2231.22   0.14194E+00   0.13727E+00   0.13302E+00
 2244.82   0.13981E+00   0.13512E+00   0.13091E+00
 2258.43   0.13765E+00   0.13293E+00   0.12878E+00
 2272.03   0.13554E+00   0.13080E+00   0.12669E+00
 2285.64   0.13348E+00   0.12871E+00   0.12465E+00
 2299.24   0.13145E+00   0.12666E+00   0.12265E+00
 2312.85   0.12945E+00   0.12464E+00   0.12068E+00
 2326.45   0.12746E+00   0.12264E+00   0.11873E+00
 2340.06   0.12560E+00   0.12075E+00   0.11689E+00
 2353.66   0.12370E+00   0.11884E+00   0.11503E+00
 2367.27   0.12186E+00   0.11698E+00   0.11321E+00
 2380.87   0.12004E+00   0.11515E+00   0.11143E+00
 2394.48   0.11827E+00   0.11336E+00   0.10969E+00
 2408.08   0.11652E+00   0.11160E+00   0.10797E+00
 2421.69   0.11477E+00   0.10984E+00   0.10626E+00
 2435.29   0.11313E+00   0.10819E+00   0.10466E+00
 2448.90   0.11147E+00   0.10652E+00   0.10303E+00
 2462.50   0.10984E+00   0.10489E+00   0.10144E+00
 2476.11   0.10824E+00   0.10329E+00   0.99886E-01
 2489.71   0.10668E+00   0.10172E+00   0.98361E-01
 2503.32   0.10514E+00   0.10018E+00   0.96865E-01
 2516.92   0.10362E+00   0.98652E-01   0.95385E-01
 2530.53   0.10216E+00   0.97184E-01   0.93961E-01
 2544.13   0.10070E+00   0.95720E-01   0.92540E-01
 2557.74   0.99260E-01   0.94283E-01   0.91146E-01
 2571.34   0.97850E-01   0.92872E-01   0.89778E-01
 2584.95   0.96466E-01   0.91489E-01   0.88438E-01
 2598.55   0.95109E-01   0.90134E-01   0.87124E-01
 2612.16   0.93775E-01   0.88802E-01   0.85835E-01
 2625.76   0.92467E-01   0.87497E-01   0.84571E-01
 2639.37   0.91177E-01   0.86211E-01   0.83325E-01
 2652.97   0.89906E-01   0.84945E-01   0.82101E-01
 2666.58   0.88656E-01   0.83700E-01   0.80896E-01
 2680.18   0.87427E-01   0.82478E-01   0.79714E-01
 2693.79   0.86221E-01   0.81278E-01   0.78554E-01
 2707.39   0.85036E-01   0.80101E-01   0.77417E-01
 2721.00   0.83877E-01   0.78949E-01   0.76304E-01
 2734.60   0.82734E-01   0.77815E-01   0.75208E-01
 2748.21   0.81609E-01   0.76699E-01   0.74131E-01
 2761.81   0.80500E-01   0.75601E-01   0.73070E-01
 2775.42   0.79408E-01   0.74519E-01   0.72027E-01
 2789.02   0.78333E-01   0.73455E-01   0.71000E-01
 2802.63   0.77275E-01   0.72409E-01   0.69991E-01
 2816.23   0.76233E-01   0.71380E-01   0.68999E-01
 2829.84   0.75227E-01   0.70386E-01   0.68040E-01
 2843.44   0.74224E-01   0.69396E-01   0.67087E-01
 2857.05   0.73239E-01   0.68424E-01   0.66150E-01
 2870.65   0.72267E-01   0.67467E-01   0.65228E-01
 2884.26   0.71309E-01   0.66524E-01   0.64320E-01
 2897.86   0.70363E-01   0.65594E-01   0.63425E-01
 2911.47   0.69426E-01   0.64672E-01   0.62538E-01
 2925.07   0.68542E-01   0.63803E-01   0.61702E-01
 2938.68   0.67635E-01   0.62913E-01   0.60846E-01
 2952.28   0.66752E-01   0.62047E-01   0.60013E-01
 2965.89   0.65884E-01   0.61197E-01   0.59196E-01
 2979.49   0.65030E-01   0.60360E-01   0.58391E-01
 2993.10   0.64187E-01   0.59535E-01   0.57599E-01
 3006.70   0.63354E-01   0.58720E-01   0.56816E-01
 3020.31   0.62508E-01   0.57896E-01   0.56024E-01
 3033.91   0.61749E-01   0.57153E-01   0.55311E-01
 3047.52   0.60949E-01   0.56373E-01   0.54562E-01
 3061.12   0.60169E-01   0.55612E-01   0.53832E-01
 3074.73   0.59402E-01   0.54866E-01   0.53116E-01
 3088.33   0.58648E-01   0.54132E-01   0.52412E-01
 3101.94   0.57904E-01   0.53409E-01   0.51719E-01
 3115.54   0.57168E-01   0.52695E-01   0.51033E-01
 3129.15   0.56436E-01   0.51984E-01   0.50352E-01
 3142.75   0.55748E-01   0.51317E-01   0.49713E-01
 3156.36   0.55041E-01   0.50631E-01   0.49056E-01
 3169.96   0.54348E-01   0.49961E-01   0.48414E-01
 3183.57   0.53667E-01   0.49303E-01   0.47783E-01
 3197.17   0.52999E-01   0.48657E-01   0.47165E-01
 3210.78   0.52340E-01   0.48021E-01   0.46556E-01
 3224.38   0.51690E-01   0.47394E-01   0.45956E-01
 3237.99   0.51044E-01   0.46771E-01   0.45359E-01
 3251.59   0.50428E-01   0.46178E-01   0.44792E-01
 3265.20   0.49802E-01   0.45575E-01   0.44215E-01
 3278.80   0.49186E-01   0.44984E-01   0.43649E-01
 3292.41   0.48580E-01   0.44402E-01   0.43093E-01
 3306.01   0.47984E-01   0.43831E-01   0.42547E-01
 3319.62   0.47399E-01   0.43269E-01   0.42010E-01
 3333.22   0.46822E-01   0.42717E-01   0.41482E-01
 3346.83   0.46250E-01   0.42170E-01   0.40959E-01
 3360.43   0.45697E-01   0.41640E-01   0.40453E-01
 3374.04   0.45141E-01   0.41110E-01   0.39947E-01
 3387.64   0.44593E-01   0.40588E-01   0.39448E-01
 3401.25   0.44053E-01   0.40073E-01   0.38956E-01
 3414.85   0.43520E-01   0.39566E-01   0.38471E-01
 3428.46   0.42996E-01   0.39067E-01   0.37995E-01
 3442.06   0.42481E-01   0.38577E-01   0.37528E-01
 3455.67   0.41974E-01   0.38096E-01   0.37068E-01
 3469.27   0.41474E-01   0.37622E-01   0.36616E-01
 3482.88   0.40981E-01   0.37154E-01   0.36169E-01
 3496.48   0.40494E-01   0.36693E-01   0.35729E-01
 3510.09   0.40012E-01   0.36237E-01   0.35294E-01
 3523.69   0.39536E-01   0.35788E-01   0.34865E-01
 3537.30   0.39066E-01   0.35344E-01   0.34442E-01
 3550.90   0.38603E-01   0.34908E-01   0.34026E-01
 3564.51   0.38147E-01   0.34478E-01   0.33616E-01
 3578.11   0.37699E-01   0.34057E-01   0.33214E-01
 3591.72   0.37260E-01   0.33643E-01   0.32820E-01
 3605.32   0.36824E-01   0.33234E-01   0.32430E-01
 3618.93   0.36394E-01   0.32830E-01   0.32045E-01
 3632.53   0.35969E-01   0.32432E-01   0.31665E-01
 3646.14   0.35548E-01   0.32038E-01   0.31289E-01
 3659.74   0.35132E-01   0.31649E-01   0.30919E-01
 3673.35   0.34721E-01   0.31265E-01   0.30552E-01
 3686.95   0.34313E-01   0.30883E-01   0.30189E-01
 3700.56   0.33930E-01   0.30526E-01   0.29849E-01
 3714.16   0.33533E-01   0.30156E-01   0.29496E-01
 3727.77   0.33146E-01   0.29796E-01   0.29153E-01
 3741.37   0.32765E-01   0.29442E-01   0.28816E-01
 3754.98   0.32389E-01   0.29092E-01   0.28482E-01
 3768.58   0.32016E-01   0.28746E-01   0.28153E-01
 3782.19   0.31647E-01   0.28404E-01   0.27827E-01
 3795.79   0.31280E-01   0.28065E-01   0.27503E-01
 3809.40   0.30918E-01   0.27730E-01   0.27184E-01
 3823.00   0.30580E-01   0.27417E-01   0.26887E-01
 3836.61   0.30227E-01   0.27091E-01   0.26576E-01
 3850.21   0.29882E-01   0.26774E-01   0.26273E-01
 3863.82   0.29543E-01   0.26461E-01   0.25976E-01
 3877.42   0.29209E-01   0.26153E-01   0.25683E-01
 3891.03   0.28878E-01   0.25849E-01   0.25393E-01
 3904.63   0.28550E-01   0.25548E-01   0.25106E-01
 3918.24   0.28224E-01   0.25249E-01   0.24820E-01
 3931.84   0.27897E-01   0.24950E-01   0.24535E-01
 3945.45   0.27602E-01   0.24679E-01   0.24278E-01
 3959.05   0.27287E-01   0.24390E-01   0.24003E-01
 3972.66   0.26979E-01   0.24109E-01   0.23735E-01
 3986.26   0.26676E-01   0.23833E-01   0.23471E-01
 3999.87   0.26377E-01   0.23561E-01   0.23212E-01
 4013.47   0.26083E-01   0.23292E-01   0.22957E-01
 4027.08   0.25792E-01   0.23027E-01   0.22704E-01
 4040.68   0.25501E-01   0.22763E-01   0.22453E-01
 4054.29   0.25210E-01   0.22499E-01   0.22200E-01
 4067.89   0.24946E-01   0.22259E-01   0.21972E-01
 4081.50   0.24664E-01   0.22004E-01   0.21729E-01
 4095.10   0.24388E-01   0.21754E-01   0.21491E-01
 4108.71   0.24117E-01   0.21509E-01   0.21257E-01
 4122.31   0.23850E-01   0.21267E-01   0.21027E-01
 4135.92   0.23586E-01   0.21030E-01   0.20801E-01
 4149.52   0.23327E-01   0.20796E-01   0.20577E-01
 4163.13   0.23069E-01   0.20564E-01   0.20356E-01
 4176.73   0.22812E-01   0.20333E-01   0.20136E-01
 4190.34   0.22570E-01   0.20115E-01   0.19928E-01
 4203.94   0.22319E-01   0.19890E-01   0.19714E-01
 4217.55   0.22073E-01   0.19669E-01   0.19503E-01
 4231.15   0.21829E-01   0.19451E-01   0.19294E-01
 4244.76   0.21589E-01   0.19236E-01   0.19089E-01
 4258.36   0.21352E-01   0.19024E-01   0.18887E-01
 4271.97   0.21119E-01   0.18816E-01   0.18689E-01
 4285.57   0.20890E-01   0.18611E-01   0.18493E-01
 4299.18   0.20662E-01   0.18408E-01   0.18299E-01
 4312.78   0.20440E-01   0.18211E-01   0.18111E-01
 4326.39   0.20217E-01   0.18012E-01   0.17922E-01
 4339.99   0.19997E-01   0.17817E-01   0.17735E-01
 4353.60   0.19779E-01   0.17623E-01   0.17550E-01
 4367.20   0.19563E-01   0.17431E-01   0.17367E-01
 4380.81   0.19349E-01   0.17243E-01   0.17186E-01
 4394.41   0.19139E-01   0.17056E-01   0.17009E-01
 4408.02   0.18932E-01   0.16873E-01   0.16834E-01
 4421.62   0.18728E-01   0.16693E-01   0.16661E-01
 4435.23   0.18528E-01   0.16516E-01   0.16492E-01
 4448.83   0.18328E-01   0.16341E-01   0.16324E-01
 4462.44   0.18131E-01   0.16167E-01   0.16159E-01
 4476.04   0.17936E-01   0.15996E-01   0.15995E-01
 4489.65   0.17743E-01   0.15826E-01   0.15832E-01
 4503.25   0.17551E-01   0.15657E-01   0.15671E-01
 4516.86   0.17361E-01   0.15491E-01   0.15511E-01
 4530.46   0.17174E-01   0.15326E-01   0.15354E-01
 4544.07   0.16988E-01   0.15164E-01   0.15199E-01
 4557.67   0.16807E-01   0.15006E-01   0.15047E-01
 4571.28   0.16630E-01   0.14851E-01   0.14899E-01
 4584.88   0.16452E-01   0.14696E-01   0.14750E-01
 4598.49   0.16277E-01   0.14543E-01   0.14604E-01
 4612.09   0.16104E-01   0.14392E-01   0.14459E-01
 4625.70   0.15932E-01   0.14243E-01   0.14316E-01
 4639.30   0.15761E-01   0.14094E-01   0.14173E-01
 4652.91   0.15592E-01   0.13947E-01   0.14032E-01
 4666.51   0.15424E-01   0.13802E-01   0.13893E-01
 4680.12   0.15257E-01   0.13657E-01   0.13753E-01
 4693.72   0.15092E-01   0.13514E-01   0.13616E-01
 4707.33   0.14941E-01   0.13383E-01   0.13491E-01
 4720.93   0.14782E-01   0.13245E-01   0.13358E-01
 4734.54   0.14625E-01   0.13110E-01   0.13229E-01
 4748.14   0.14471E-01   0.12977E-01   0.13101E-01
 4761.75   0.14318E-01   0.12845E-01   0.12974E-01
 4775.35   0.14166E-01   0.12714E-01   0.12848E-01
 4788.96   0.14015E-01   0.12585E-01   0.12723E-01
 4802.56   0.13865E-01   0.12455E-01   0.12599E-01
 4816.17   0.13713E-01   0.12324E-01   0.12473E-01
 4829.77   0.13591E-01   0.12221E-01   0.12374E-01
 4843.38   0.13435E-01   0.12086E-01   0.12244E-01
 4856.98   0.13291E-01   0.11963E-01   0.12125E-01
 4870.59   0.13151E-01   0.11843E-01   0.12009E-01
 4884.19   0.13013E-01   0.11725E-01   0.11895E-01
 4897.80   0.12876E-01   0.11608E-01   0.11783E-01
 4911.40   0.12741E-01   0.11493E-01   0.11672E-01
 4925.01   0.12607E-01   0.11378E-01   0.11561E-01
 4938.61   0.12473E-01   0.11264E-01   0.11451E-01
 4952.22   0.12336E-01   0.11147E-01   0.11337E-01
 4965.82   0.12227E-01   0.11056E-01   0.11250E-01
 4979.43   0.12089E-01   0.10938E-01   0.11135E-01
 4993.03   0.11960E-01   0.10828E-01   0.11029E-01
 5006.64   0.11833E-01   0.10721E-01   0.10925E-01
 5020.24   0.11709E-01   0.10615E-01   0.10824E-01
 5033.85   0.11587E-01   0.10512E-01   0.10723E-01
 5047.45   0.11466E-01   0.10409E-01   0.10624E-01
 5061.06   0.11347E-01   0.10308E-01   0.10526E-01
 5074.66   0.11228E-01   0.10208E-01   0.10429E-01
 5088.27   0.11107E-01   0.10105E-01   0.10330E-01
 5101.87   0.11007E-01   0.10022E-01   0.10250E-01
 5115.48   0.10884E-01   0.99174E-02   0.10148E-01
 5129.08   0.10768E-01   0.98199E-02   0.10053E-01
 5142.69   0.10655E-01   0.97241E-02   0.99600E-02
 5156.29   0.10543E-01   0.96300E-02   0.98685E-02
 5169.90   0.10433E-01   0.95373E-02   0.97785E-02
 5183.50   0.10324E-01   0.94461E-02   0.96899E-02
 5197.11   0.10217E-01   0.93563E-02   0.96025E-02
 5210.71   0.10111E-01   0.92675E-02   0.95162E-02
 5224.32   0.10005E-01   0.91790E-02   0.94300E-02
 5237.92   0.98990E-02   0.90894E-02   0.93427E-02
 5251.53   0.98021E-02   0.90089E-02   0.92646E-02
 5265.13   0.96993E-02   0.89228E-02   0.91806E-02
 5278.74   0.95978E-02   0.88377E-02   0.90976E-02
 5292.34   0.94972E-02   0.87536E-02   0.90156E-02
 5305.95   0.93979E-02   0.86706E-02   0.89345E-02
 5319.55   0.93000E-02   0.85889E-02   0.88546E-02
 5333.16   0.92035E-02   0.85084E-02   0.87760E-02
 5346.76   0.91083E-02   0.84291E-02   0.86986E-02
 5360.37   0.90144E-02   0.83510E-02   0.86223E-02
 5373.97   0.89214E-02   0.82736E-02   0.85466E-02
 5387.58   0.88305E-02   0.81981E-02   0.84727E-02
 5401.18   0.87393E-02   0.81223E-02   0.83985E-02
 5414.79   0.86488E-02   0.80471E-02   0.83249E-02
 5428.39   0.85590E-02   0.79724E-02   0.82517E-02
 5442.00   0.84699E-02   0.78983E-02   0.81790E-02
 5455.60   0.83816E-02   0.78250E-02   0.81070E-02
 5469.21   0.82943E-02   0.77526E-02   0.80359E-02
 5482.81   0.82082E-02   0.76812E-02   0.79658E-02
 5496.42   0.81233E-02   0.76109E-02   0.78968E-02
 5510.02   0.80393E-02   0.75416E-02   0.78286E-02
 5523.63   0.79586E-02   0.74746E-02   0.77628E-02
 5537.23   0.78763E-02   0.74068E-02   0.76961E-02
 5550.84   0.77955E-02   0.73401E-02   0.76304E-02
 5564.44   0.77154E-02   0.72740E-02   0.75653E-02
 5578.05   0.76358E-02   0.72082E-02   0.75005E-02
 5591.65   0.75567E-02   0.71429E-02   0.74361E-02
 5605.26   0.74782E-02   0.70781E-02   0.73720E-02
 5618.86   0.74004E-02   0.70138E-02   0.73085E-02
 5632.47   0.73233E-02   0.69501E-02   0.72456E-02
 5646.07   0.72469E-02   0.68871E-02   0.71833E-02
 5659.68   0.71725E-02   0.68260E-02   0.71228E-02
 5673.28   0.71021E-02   0.67682E-02   0.70658E-02
 5686.89   0.70282E-02   0.67074E-02   0.70056E-02
 5700.49   0.69560E-02   0.66482E-02   0.69470E-02
 5714.10   0.68848E-02   0.65897E-02   0.68891E-02
 5727.70   0.68142E-02   0.65318E-02   0.68316E-02
 5741.31   0.67441E-02   0.64742E-02   0.67744E-02
 5754.91   0.66744E-02   0.64168E-02   0.67174E-02
 5768.52   0.66050E-02   0.63598E-02   0.66607E-02
 5782.12   0.65360E-02   0.63029E-02   0.66041E-02
 5795.73   0.64666E-02   0.62457E-02   0.65471E-02
 5809.33   0.63993E-02   0.61904E-02   0.64921E-02
 5822.94   0.63401E-02   0.61428E-02   0.64449E-02
 5836.54   0.62735E-02   0.60880E-02   0.63903E-02
 5850.15   0.62089E-02   0.60351E-02   0.63375E-02
 5863.75   0.61453E-02   0.59831E-02   0.62857E-02
 5877.36   0.60826E-02   0.59318E-02   0.62344E-02
 5890.96   0.60203E-02   0.58809E-02   0.61836E-02
 5904.57   0.59585E-02   0.58302E-02   0.61330E-02
 5918.17   0.58969E-02   0.57797E-02   0.60825E-02
 5931.78   0.58354E-02   0.57292E-02   0.60318E-02
 5945.38   0.57726E-02   0.56772E-02   0.59796E-02
 5958.99   0.57112E-02   0.56266E-02   0.59288E-02
 5972.59   0.56616E-02   0.55878E-02   0.58903E-02
 5986.20   0.56016E-02   0.55384E-02   0.58406E-02
 5999.80   0.55436E-02   0.54908E-02   0.57928E-02
 6013.41   0.54866E-02   0.54443E-02   0.57461E-02
 6027.01   0.54305E-02   0.53985E-02   0.57001E-02
 6040.62   0.53751E-02   0.53534E-02   0.56547E-02
 6054.22   0.53203E-02   0.53086E-02   0.56096E-02
 6067.83   0.52658E-02   0.52641E-02   0.55648E-02
 6081.43   0.52113E-02   0.52194E-02   0.55197E-02
 6095.04   0.51557E-02   0.51735E-02   0.54733E-02
 6108.64   0.51006E-02   0.51279E-02   0.54271E-02
 6122.25   0.50566E-02   0.50940E-02   0.53933E-02
 6135.85   0.50030E-02   0.50497E-02   0.53484E-02
 6149.46   0.49509E-02   0.50069E-02   0.53051E-02
 6163.06   0.48997E-02   0.49651E-02   0.52628E-02
 6176.67   0.48494E-02   0.49240E-02   0.52211E-02
 6190.27   0.47999E-02   0.48836E-02   0.51802E-02
 6203.88   0.47510E-02   0.48438E-02   0.51399E-02
 6217.48   0.47026E-02   0.48044E-02   0.50999E-02
 6231.09   0.46546E-02   0.47652E-02   0.50601E-02
 6244.69   0.46062E-02   0.47255E-02   0.50197E-02
 6258.30   0.45579E-02   0.46857E-02   0.49791E-02
 6271.90   0.45166E-02   0.46534E-02   0.49465E-02
 6285.51   0.44690E-02   0.46141E-02   0.49064E-02
 6299.11   0.44225E-02   0.45759E-02   0.48674E-02
 6312.72   0.43767E-02   0.45383E-02   0.48290E-02
 6326.32   0.43315E-02   0.45013E-02   0.47912E-02
 6339.93   0.42870E-02   0.44649E-02   0.47540E-02
 6353.53   0.42432E-02   0.44291E-02   0.47175E-02
 6367.14   0.42000E-02   0.43939E-02   0.46815E-02
 6380.74   0.41573E-02   0.43591E-02   0.46459E-02
 6394.35   0.41150E-02   0.43246E-02   0.46106E-02
 6407.95   0.40729E-02   0.42901E-02   0.45752E-02
 6421.56   0.40338E-02   0.42587E-02   0.45431E-02
 6435.16   0.39919E-02   0.42244E-02   0.45078E-02
 6448.77   0.39509E-02   0.41906E-02   0.44731E-02
 6462.37   0.39102E-02   0.41572E-02   0.44387E-02
 6475.98   0.38698E-02   0.41240E-02   0.44045E-02
 6489.58   0.38299E-02   0.40912E-02   0.43707E-02
 6503.19   0.37905E-02   0.40588E-02   0.43374E-02
 6516.79   0.37516E-02   0.40270E-02   0.43045E-02
 6530.40   0.37134E-02   0.39957E-02   0.42722E-02
 6544.00   0.36756E-02   0.39649E-02   0.42404E-02
 6557.61   0.36382E-02   0.39345E-02   0.42090E-02
 6571.21   0.36013E-02   0.39042E-02   0.41777E-02
 6584.82   0.35656E-02   0.38749E-02   0.41474E-02
 6598.42   0.35294E-02   0.38453E-02   0.41167E-02
 6612.03   0.34935E-02   0.38158E-02   0.40861E-02
 6625.63   0.34578E-02   0.37864E-02   0.40556E-02
 6639.24   0.34222E-02   0.37571E-02   0.40252E-02
 6652.84   0.33870E-02   0.37280E-02   0.39949E-02
 6666.45   0.33521E-02   0.36991E-02   0.39649E-02
 6680.05   0.33176E-02   0.36706E-02   0.39352E-02
 6693.66   0.32835E-02   0.36425E-02   0.39059E-02
 6707.26   0.32499E-02   0.36148E-02   0.38771E-02
 6720.87   0.32172E-02   0.35881E-02   0.38492E-02
 6734.47   0.31857E-02   0.35620E-02   0.38220E-02
 6748.08   0.31531E-02   0.35353E-02   0.37941E-02
 6761.68   0.31212E-02   0.35091E-02   0.37667E-02
 6775.29   0.30895E-02   0.34831E-02   0.37395E-02
 6788.89   0.30582E-02   0.34572E-02   0.37124E-02
 6802.50   0.30269E-02   0.34314E-02   0.36853E-02
 6816.10   0.29959E-02   0.34055E-02   0.36582E-02
 6829.71   0.29650E-02   0.33798E-02   0.36312E-02
 6843.31   0.29344E-02   0.33543E-02   0.36043E-02
 6856.92   0.29040E-02   0.33289E-02   0.35776E-02
 6870.52   0.28735E-02   0.33033E-02   0.35507E-02
 6884.13   0.28445E-02   0.32795E-02   0.35256E-02
 6897.73   0.28183E-02   0.32583E-02   0.35033E-02
 6911.34   0.27890E-02   0.32339E-02   0.34776E-02
 6924.94   0.27607E-02   0.32104E-02   0.34528E-02
 6938.55   0.27328E-02   0.31873E-02   0.34283E-02
 6952.15   0.27051E-02   0.31644E-02   0.34041E-02
 6965.76   0.26777E-02   0.31416E-02   0.33800E-02
 6979.36   0.26504E-02   0.31188E-02   0.33558E-02
 6992.97   0.26233E-02   0.30959E-02   0.33316E-02
 7006.57   0.25962E-02   0.30731E-02   0.33074E-02
 7020.18   0.25691E-02   0.30501E-02   0.32829E-02
 7033.78   0.25412E-02   0.30260E-02   0.32573E-02
 7047.39   0.25151E-02   0.30042E-02   0.32341E-02
 7060.99   0.24941E-02   0.29883E-02   0.32172E-02
 7074.60   0.24678E-02   0.29658E-02   0.31933E-02
 7088.20   0.24425E-02   0.29445E-02   0.31706E-02
 7101.81   0.24177E-02   0.29238E-02   0.31484E-02
 7115.41   0.23933E-02   0.29033E-02   0.31266E-02
 7129.02   0.23692E-02   0.28831E-02   0.31050E-02
 7142.62   0.23452E-02   0.28630E-02   0.30835E-02
 7156.23   0.23214E-02   0.28428E-02   0.30619E-02
 7169.83   0.22976E-02   0.28226E-02   0.30402E-02
 7183.44   0.22737E-02   0.28020E-02   0.30182E-02
 7197.04   0.22488E-02   0.27800E-02   0.29945E-02
 7210.65   0.22253E-02   0.27597E-02   0.29728E-02
 7224.25   0.22080E-02   0.27476E-02   0.29597E-02
 7237.86   0.21844E-02   0.27270E-02   0.29376E-02
 7251.46   0.21618E-02   0.27076E-02   0.29167E-02
 7265.07   0.21397E-02   0.26887E-02   0.28963E-02
 7278.67   0.21180E-02   0.26703E-02   0.28764E-02
 7292.28   0.20967E-02   0.26522E-02   0.28569E-02
 7305.88   0.20756E-02   0.26343E-02   0.28376E-02
 7319.49   0.20547E-02   0.26165E-02   0.28184E-02
 7333.09   0.20339E-02   0.25987E-02   0.27991E-02
 7346.70   0.20131E-02   0.25807E-02   0.27796E-02
 7360.30   0.19916E-02   0.25617E-02   0.27590E-02
 7373.91   0.19708E-02   0.25433E-02   0.27391E-02
 7387.51   0.19551E-02   0.25323E-02   0.27271E-02
 7401.12   0.19343E-02   0.25136E-02   0.27068E-02
 7414.72   0.19142E-02   0.24960E-02   0.26877E-02
 7428.33   0.18945E-02   0.24788E-02   0.26690E-02
 7441.93   0.18752E-02   0.24620E-02   0.26507E-02
 7455.54   0.18562E-02   0.24456E-02   0.26328E-02
 7469.14   0.18375E-02   0.24295E-02   0.26152E-02
 7482.75   0.18191E-02   0.24136E-02   0.25979E-02
 7496.35   0.18009E-02   0.23979E-02   0.25807E-02
 7509.96   0.17828E-02   0.23822E-02   0.25635E-02
 7523.56   0.17645E-02   0.23662E-02   0.25460E-02
 7537.17   0.17465E-02   0.23502E-02   0.25285E-02
 7550.77   0.17315E-02   0.23387E-02   0.25158E-02
 7564.38   0.17133E-02   0.23222E-02   0.24977E-02
 7577.98   0.16957E-02   0.23065E-02   0.24805E-02
 7591.59   0.16783E-02   0.22910E-02   0.24635E-02
 7605.19   0.16612E-02   0.22758E-02   0.24468E-02
 7618.80   0.16443E-02   0.22608E-02   0.24302E-02
 7632.40   0.16276E-02   0.22460E-02   0.24140E-02
 7646.01   0.16112E-02   0.22316E-02   0.23981E-02
 7659.61   0.15951E-02   0.22174E-02   0.23824E-02
 7673.22   0.15792E-02   0.22035E-02   0.23670E-02
 7686.82   0.15634E-02   0.21897E-02   0.23518E-02
 7700.43   0.15474E-02   0.21756E-02   0.23362E-02
 7714.03   0.15338E-02   0.21638E-02   0.23231E-02
 7727.64   0.15179E-02   0.21496E-02   0.23073E-02
 7741.24   0.15026E-02   0.21359E-02   0.22922E-02
 7754.85   0.14875E-02   0.21223E-02   0.22770E-02
 7768.45   0.14724E-02   0.21087E-02   0.22619E-02
 7782.06   0.14575E-02   0.20951E-02   0.22469E-02
 7795.66   0.14427E-02   0.20817E-02   0.22320E-02
 7809.27   0.14281E-02   0.20684E-02   0.22172E-02
 7822.87   0.14138E-02   0.20554E-02   0.22027E-02
 7836.48   0.13996E-02   0.20426E-02   0.21885E-02
 7850.08   0.13857E-02   0.20301E-02   0.21745E-02
 7863.69   0.13718E-02   0.20178E-02   0.21607E-02
 7877.29   0.13584E-02   0.20057E-02   0.21472E-02
 7890.90   0.13455E-02   0.19938E-02   0.21338E-02
 7904.50   0.13321E-02   0.19818E-02   0.21204E-02
 7918.11   0.13189E-02   0.19699E-02   0.21071E-02
 7931.71   0.13059E-02   0.19580E-02   0.20937E-02
 7945.32   0.12928E-02   0.19460E-02   0.20802E-02
 7958.92   0.12799E-02   0.19340E-02   0.20667E-02
 7972.53   0.12670E-02   0.19220E-02   0.20533E-02
 7986.13   0.12543E-02   0.19100E-02   0.20399E-02
 7999.74   0.12417E-02   0.18982E-02   0.20266E-02
 8013.34   0.12292E-02   0.18865E-02   0.20134E-02
 8026.95   0.12168E-02   0.18750E-02   0.20005E-02
 8040.55   0.12044E-02   0.18634E-02   0.19874E-02
 8054.16   0.11929E-02   0.18531E-02   0.19757E-02
 8067.76   0.11821E-02   0.18430E-02   0.19642E-02
 8081.37   0.11704E-02   0.18322E-02   0.19520E-02
 8094.97   0.11589E-02   0.18216E-02   0.19399E-02
 8108.58   0.11476E-02   0.18110E-02   0.19280E-02
 8122.18   0.11363E-02   0.18004E-02   0.19160E-02
 8135.79   0.11251E-02   0.17898E-02   0.19040E-02
 8149.39   0.11140E-02   0.17792E-02   0.18919E-02
 8163.00   0.11029E-02   0.17685E-02   0.18798E-02
 8176.60   0.10918E-02   0.17578E-02   0.18676E-02
 8190.21   0.10809E-02   0.17471E-02   0.18555E-02
 8203.81   0.10699E-02   0.17362E-02   0.18432E-02
 8217.42   0.10580E-02   0.17240E-02   0.18294E-02
 8231.02   0.10520E-02   0.17211E-02   0.18255E-02
 8244.63   0.10401E-02   0.17085E-02   0.18114E-02
 8258.23   0.10297E-02   0.16984E-02   0.17999E-02
 8271.84   0.10197E-02   0.16887E-02   0.17888E-02
 8285.44   0.10098E-02   0.16793E-02   0.17780E-02
 8299.05   0.10001E-02   0.16699E-02   0.17672E-02
 8312.65   0.99039E-03   0.16605E-02   0.17565E-02
 8326.26   0.98077E-03   0.16511E-02   0.17457E-02
 8339.86   0.97119E-03   0.16416E-02   0.17349E-02
 8353.47   0.96161E-03   0.16321E-02   0.17239E-02
 8367.07   0.95203E-03   0.16223E-02   0.17127E-02
 8380.68   0.94229E-03   0.16122E-02   0.17012E-02
 8394.28   0.93104E-03   0.15991E-02   0.16866E-02
 8407.89   0.92776E-03   0.16009E-02   0.16875E-02
 8421.49   0.91687E-03   0.15882E-02   0.16733E-02
 8435.10   0.90764E-03   0.15786E-02   0.16624E-02
 8448.70   0.89878E-03   0.15697E-02   0.16521E-02
 8462.31   0.89014E-03   0.15610E-02   0.16420E-02
 8475.91   0.88165E-03   0.15525E-02   0.16322E-02
 8489.52   0.87328E-03   0.15442E-02   0.16226E-02
 8503.12   0.86500E-03   0.15359E-02   0.16129E-02
 8516.73   0.85677E-03   0.15275E-02   0.16033E-02
 8530.33   0.84855E-03   0.15191E-02   0.15935E-02
 8543.94   0.84030E-03   0.15104E-02   0.15835E-02
 8557.54   0.83189E-03   0.15013E-02   0.15731E-02
 8571.15   0.82225E-03   0.14896E-02   0.15599E-02
 8584.75   0.82019E-03   0.14933E-02   0.15627E-02
 8598.36   0.81004E-03   0.14803E-02   0.15482E-02
 8611.96   0.80188E-03   0.14712E-02   0.15379E-02
 8625.57   0.79408E-03   0.14628E-02   0.15282E-02
 8639.17   0.78649E-03   0.14548E-02   0.15188E-02
 8652.78   0.77906E-03   0.14469E-02   0.15097E-02
 8666.38   0.77177E-03   0.14393E-02   0.15008E-02
 8679.99   0.76461E-03   0.14318E-02   0.14921E-02
 8693.59   0.75753E-03   0.14244E-02   0.14834E-02
 8707.20   0.75051E-03   0.14170E-02   0.14747E-02
 8720.80   0.74351E-03   0.14095E-02   0.14660E-02
 8734.41   0.73642E-03   0.14018E-02   0.14570E-02
 8748.01   0.72880E-03   0.13927E-02   0.14466E-02
 8761.62   0.72188E-03   0.13850E-02   0.14376E-02
 8775.22   0.71752E-03   0.13827E-02   0.14342E-02
 8788.83   0.71041E-03   0.13744E-02   0.14247E-02
 8802.43   0.70362E-03   0.13667E-02   0.14157E-02
 8816.04   0.69699E-03   0.13592E-02   0.14070E-02
 8829.64   0.69049E-03   0.13519E-02   0.13985E-02
 8843.25   0.68412E-03   0.13448E-02   0.13902E-02
 8856.85   0.67788E-03   0.13379E-02   0.13820E-02
 8870.46   0.67175E-03   0.13311E-02   0.13741E-02
 8884.06   0.66572E-03   0.13245E-02   0.13663E-02
 8897.67   0.65976E-03   0.13179E-02   0.13585E-02
 8911.27   0.65383E-03   0.13113E-02   0.13507E-02
 8924.88   0.64780E-03   0.13044E-02   0.13426E-02
 8938.48   0.64189E-03   0.12975E-02   0.13345E-02
 8952.09   0.63746E-03   0.12937E-02   0.13296E-02
 8965.69   0.63142E-03   0.12864E-02   0.13211E-02
 8979.30   0.62564E-03   0.12796E-02   0.13131E-02
 8992.90   0.61994E-03   0.12728E-02   0.13052E-02
 9006.51   0.61433E-03   0.12662E-02   0.12974E-02
 9020.11   0.60879E-03   0.12596E-02   0.12896E-02
 9033.72   0.60335E-03   0.12531E-02   0.12820E-02
 9047.32   0.59801E-03   0.12468E-02   0.12745E-02
 9060.93   0.59278E-03   0.12406E-02   0.12672E-02
 9074.53   0.58764E-03   0.12346E-02   0.12600E-02
 9088.14   0.58260E-03   0.12287E-02   0.12530E-02
 9101.74   0.57761E-03   0.12228E-02   0.12461E-02
 9115.35   0.57252E-03   0.12169E-02   0.12390E-02
 9128.95   0.56794E-03   0.12108E-02   0.12319E-02
 9142.56   0.56338E-03   0.12060E-02   0.12259E-02
 9156.16   0.55857E-03   0.12001E-02   0.12190E-02
 9169.77   0.55380E-03   0.11943E-02   0.12120E-02
 9183.37   0.54905E-03   0.11883E-02   0.12050E-02
 9196.98   0.54434E-03   0.11824E-02   0.11980E-02
 9210.58   0.53967E-03   0.11764E-02   0.11909E-02
 9224.19   0.53506E-03   0.11705E-02   0.11839E-02
 9237.79   0.53051E-03   0.11647E-02   0.11770E-02
 9251.40   0.52605E-03   0.11590E-02   0.11703E-02
 9265.00   0.52167E-03   0.11534E-02   0.11636E-02
 9278.61   0.51738E-03   0.11480E-02   0.11571E-02
 9292.21   0.51315E-03   0.11426E-02   0.11507E-02
 9305.82   0.50913E-03   0.11376E-02   0.11447E-02
 9319.42   0.50529E-03   0.11325E-02   0.11386E-02
 9333.03   0.50123E-03   0.11274E-02   0.11324E-02
 9346.63   0.49726E-03   0.11223E-02   0.11262E-02
 9360.24   0.49333E-03   0.11171E-02   0.11201E-02
 9373.84   0.48942E-03   0.11119E-02   0.11139E-02
 9387.45   0.48553E-03   0.11067E-02   0.11076E-02
 9401.05   0.48164E-03   0.11014E-02   0.11013E-02
 9414.66   0.47778E-03   0.10960E-02   0.10949E-02
 9428.26   0.47395E-03   0.10907E-02   0.10886E-02
 9441.87   0.47017E-03   0.10853E-02   0.10823E-02
 9455.47   0.46644E-03   0.10801E-02   0.10760E-02
 9469.08   0.46275E-03   0.10748E-02   0.10698E-02
 9482.68   0.45901E-03   0.10694E-02   0.10634E-02
 9496.29   0.45583E-03   0.10653E-02   0.10583E-02
 9509.89   0.45297E-03   0.10615E-02   0.10536E-02
 9523.50   0.44949E-03   0.10565E-02   0.10476E-02
 9537.10   0.44618E-03   0.10518E-02   0.10419E-02
 9550.71   0.44295E-03   0.10472E-02   0.10364E-02
 9564.31   0.43976E-03   0.10426E-02   0.10308E-02
 9577.92   0.43658E-03   0.10380E-02   0.10253E-02
 9591.52   0.43342E-03   0.10333E-02   0.10196E-02
 9605.13   0.43026E-03   0.10285E-02   0.10139E-02
 9618.73   0.42711E-03   0.10236E-02   0.10081E-02
 9632.34   0.42396E-03   0.10187E-02   0.10023E-02
 9645.94   0.42082E-03   0.10137E-02   0.99644E-03
 9659.55   0.41765E-03   0.10086E-02   0.99042E-03
 9673.15   0.41418E-03   0.10027E-02   0.98364E-03
 9686.76   0.41170E-03   0.99917E-03   0.97918E-03
 9700.36   0.41007E-03   0.99759E-03   0.97665E-03
 9713.97   0.40702E-03   0.99247E-03   0.97066E-03
 9727.57   0.40423E-03   0.98796E-03   0.96527E-03
 9741.18   0.40157E-03   0.98367E-03   0.96010E-03
 9754.78   0.39898E-03   0.97948E-03   0.95504E-03
 9768.39   0.39643E-03   0.97534E-03   0.95002E-03
 9781.99   0.39391E-03   0.97118E-03   0.94500E-03
 9795.60   0.39140E-03   0.96697E-03   0.93993E-03
 9809.20   0.38889E-03   0.96267E-03   0.93479E-03
 9822.81   0.38636E-03   0.95826E-03   0.92954E-03
 9836.41   0.38380E-03   0.95370E-03   0.92415E-03
 9850.02   0.38116E-03   0.94884E-03   0.91849E-03
 9863.62   0.37810E-03   0.94283E-03   0.91173E-03
 9877.23   0.37607E-03   0.93943E-03   0.90748E-03
 9890.83   0.37556E-03   0.93982E-03   0.90687E-03
 9904.44   0.37285E-03   0.93451E-03   0.90080E-03
 9918.04   0.37050E-03   0.93005E-03   0.89556E-03
 9931.65   0.36830E-03   0.92591E-03   0.89062E-03
 9945.25   0.36620E-03   0.92196E-03   0.88586E-03
 9958.86   0.36417E-03   0.91812E-03   0.88123E-03
 9972.46   0.36220E-03   0.91436E-03   0.87668E-03
 9986.07   0.36026E-03   0.91062E-03   0.87214E-03
 9999.67   0.35833E-03   0.90685E-03   0.86759E-03
