 3550.90   0.66621E-01   0.65941E-01   0.64845E-01
 3564.51   0.66211E-01   0.65541E-01   0.64454E-01
 3578.11   0.65802E-01   0.65142E-01   0.64064E-01
 3591.72   0.65418E-01   0.64766E-01   0.63698E-01
 3605.32   0.65020E-01   0.64378E-01   0.63318E-01
 3618.93   0.64627E-01   0.63994E-01   0.62943E-01
 3632.53   0.64238E-01   0.63614E-01   0.62572E-01
 3646.14   0.63850E-01   0.63236E-01   0.62202E-01
 3659.74   0.63465E-01   0.62859E-01   0.61834E-01
 3673.35   0.63080E-01   0.62483E-01   0.61466E-01
 3686.95   0.62688E-01   0.62100E-01   0.61092E-01
 3700.56   0.62343E-01   0.61763E-01   0.60763E-01
 3714.16   0.61958E-01   0.61387E-01   0.60395E-01
 3727.77   0.61586E-01   0.61023E-01   0.60039E-01
 3741.37   0.61218E-01   0.60664E-01   0.59689E-01
 3754.98   0.60855E-01   0.60308E-01   0.59341E-01
 3768.58   0.60494E-01   0.59955E-01   0.58996E-01
 3782.19   0.60134E-01   0.59604E-01   0.58652E-01
 3795.79   0.59774E-01   0.59251E-01   0.58308E-01
 3809.40   0.59412E-01   0.58897E-01   0.57962E-01
 3823.00   0.59082E-01   0.58576E-01   0.57647E-01
 3836.61   0.58726E-01   0.58227E-01   0.57306E-01
 3850.21   0.58377E-01   0.57885E-01   0.56972E-01
 3863.82   0.58032E-01   0.57548E-01   0.56642E-01
 3877.42   0.57692E-01   0.57215E-01   0.56317E-01
 3891.03   0.57354E-01   0.56885E-01   0.55994E-01
 3904.63   0.57019E-01   0.56557E-01   0.55673E-01
 3918.24   0.56683E-01   0.56228E-01   0.55351E-01
 3931.84   0.56343E-01   0.55896E-01   0.55026E-01
 3945.45   0.56034E-01   0.55593E-01   0.54730E-01
 3959.05   0.55703E-01   0.55269E-01   0.54413E-01
 3972.66   0.55376E-01   0.54949E-01   0.54100E-01
 3986.26   0.55053E-01   0.54632E-01   0.53790E-01
 3999.87   0.54733E-01   0.54319E-01   0.53484E-01
 4013.47   0.54417E-01   0.54010E-01   0.53181E-01
 4027.08   0.54104E-01   0.53703E-01   0.52881E-01
 4040.68   0.53793E-01   0.53398E-01   0.52582E-01
 4054.29   0.53479E-01   0.53090E-01   0.52281E-01
 4067.89   0.53182E-01   0.52799E-01   0.51997E-01
 4081.50   0.52875E-01   0.52498E-01   0.51702E-01
 4095.10   0.52569E-01   0.52199E-01   0.51409E-01
 4108.71   0.52266E-01   0.51902E-01   0.51118E-01
 4122.31   0.51966E-01   0.51607E-01   0.50829E-01
 4135.92   0.51668E-01   0.51315E-01   0.50544E-01
 4149.52   0.51374E-01   0.51027E-01   0.50261E-01
 4163.13   0.51083E-01   0.50741E-01   0.49982E-01
 4176.73   0.50794E-01   0.50458E-01   0.49705E-01
 4190.34   0.50509E-01   0.50178E-01   0.49430E-01
 4203.94   0.50223E-01   0.49898E-01   0.49156E-01
 4217.55   0.49939E-01   0.49619E-01   0.48883E-01
 4231.15   0.49656E-01   0.49341E-01   0.48611E-01
 4244.76   0.49374E-01   0.49064E-01   0.48340E-01
 4258.36   0.49094E-01   0.48789E-01   0.48071E-01
 4271.97   0.48816E-01   0.48517E-01   0.47804E-01
 4285.57   0.48541E-01   0.48247E-01   0.47539E-01
 4299.18   0.48268E-01   0.47978E-01   0.47276E-01
 4312.78   0.48004E-01   0.47719E-01   0.47023E-01
 4326.39   0.47737E-01   0.47457E-01   0.46766E-01
 4339.99   0.47472E-01   0.47196E-01   0.46511E-01
 4353.60   0.47208E-01   0.46937E-01   0.46256E-01
 4367.20   0.46945E-01   0.46678E-01   0.46003E-01
 4380.81   0.46682E-01   0.46420E-01   0.45750E-01
 4394.41   0.46421E-01   0.46163E-01   0.45498E-01
 4408.02   0.46161E-01   0.45907E-01   0.45247E-01
 4421.62   0.45900E-01   0.45650E-01   0.44995E-01
 4435.23   0.45670E-01   0.45425E-01   0.44775E-01
 4448.83   0.45407E-01   0.45165E-01   0.44521E-01
 4462.44   0.45157E-01   0.44919E-01   0.44280E-01
 4476.04   0.44910E-01   0.44676E-01   0.44041E-01
 4489.65   0.44664E-01   0.44434E-01   0.43805E-01
 4503.25   0.44420E-01   0.44193E-01   0.43568E-01
 4516.86   0.44175E-01   0.43953E-01   0.43332E-01
 4530.46   0.43931E-01   0.43712E-01   0.43096E-01
 4544.07   0.43685E-01   0.43470E-01   0.42859E-01
 4557.67   0.43442E-01   0.43230E-01   0.42624E-01
 4571.28   0.43228E-01   0.43020E-01   0.42418E-01
 4584.88   0.42986E-01   0.42781E-01   0.42184E-01
 4598.49   0.42752E-01   0.42550E-01   0.41958E-01
 4612.09   0.42521E-01   0.42323E-01   0.41735E-01
 4625.70   0.42293E-01   0.42097E-01   0.41514E-01
 4639.30   0.42065E-01   0.41873E-01   0.41294E-01
 4652.91   0.41838E-01   0.41649E-01   0.41074E-01
 4666.51   0.41610E-01   0.41424E-01   0.40853E-01
 4680.12   0.41377E-01   0.41194E-01   0.40628E-01
 4693.72   0.41139E-01   0.40958E-01   0.40397E-01
 4707.33   0.40955E-01   0.40777E-01   0.40219E-01
 4720.93   0.40729E-01   0.40554E-01   0.40001E-01
 4734.54   0.40510E-01   0.40337E-01   0.39788E-01
 4748.14   0.40293E-01   0.40124E-01   0.39578E-01
 4761.75   0.40079E-01   0.39912E-01   0.39371E-01
 4775.35   0.39868E-01   0.39703E-01   0.39166E-01
 4788.96   0.39656E-01   0.39494E-01   0.38961E-01
 4802.56   0.39445E-01   0.39285E-01   0.38756E-01
 4816.17   0.39225E-01   0.39068E-01   0.38543E-01
 4829.77   0.39062E-01   0.38907E-01   0.38385E-01
 4843.38   0.38833E-01   0.38680E-01   0.38162E-01
 4856.98   0.38622E-01   0.38472E-01   0.37958E-01
 4870.59   0.38416E-01   0.38268E-01   0.37758E-01
 4884.19   0.38213E-01   0.38066E-01   0.37561E-01
 4897.80   0.38012E-01   0.37868E-01   0.37366E-01
 4911.40   0.37814E-01   0.37672E-01   0.37173E-01
 4925.01   0.37618E-01   0.37477E-01   0.36982E-01
 4938.61   0.37422E-01   0.37283E-01   0.36792E-01
 4952.22   0.37222E-01   0.37085E-01   0.36597E-01
 4965.82   0.37051E-01   0.36916E-01   0.36432E-01
 4979.43   0.36849E-01   0.36715E-01   0.36235E-01
 4993.03   0.36654E-01   0.36522E-01   0.36046E-01
 5006.64   0.36461E-01   0.36331E-01   0.35858E-01
 5020.24   0.36270E-01   0.36142E-01   0.35672E-01
 5033.85   0.36081E-01   0.35954E-01   0.35488E-01
 5047.45   0.35895E-01   0.35769E-01   0.35307E-01
 5061.06   0.35711E-01   0.35586E-01   0.35127E-01
 5074.66   0.35529E-01   0.35406E-01   0.34950E-01
 5088.27   0.35347E-01   0.35225E-01   0.34773E-01
 5101.87   0.35173E-01   0.35052E-01   0.34603E-01
 5115.48   0.34992E-01   0.34872E-01   0.34426E-01
 5129.08   0.34812E-01   0.34694E-01   0.34251E-01
 5142.69   0.34633E-01   0.34516E-01   0.34077E-01
 5156.29   0.34454E-01   0.34339E-01   0.33902E-01
 5169.90   0.34277E-01   0.34162E-01   0.33729E-01
 5183.50   0.34101E-01   0.33987E-01   0.33557E-01
 5197.11   0.33927E-01   0.33814E-01   0.33387E-01
 5210.71   0.33755E-01   0.33643E-01   0.33219E-01
 5224.32   0.33585E-01   0.33474E-01   0.33054E-01
 5237.92   0.33418E-01   0.33308E-01   0.32890E-01
 5251.53   0.33252E-01   0.33142E-01   0.32728E-01
 5265.13   0.33086E-01   0.32977E-01   0.32566E-01
 5278.74   0.32920E-01   0.32812E-01   0.32404E-01
 5292.34   0.32754E-01   0.32647E-01   0.32242E-01
 5305.95   0.32589E-01   0.32482E-01   0.32079E-01
 5319.55   0.32423E-01   0.32317E-01   0.31918E-01
 5333.16   0.32259E-01   0.32153E-01   0.31756E-01
 5346.76   0.32095E-01   0.31990E-01   0.31596E-01
 5360.37   0.31933E-01   0.31828E-01   0.31437E-01
 5373.97   0.31775E-01   0.31671E-01   0.31283E-01
 5387.58   0.31625E-01   0.31521E-01   0.31136E-01
 5401.18   0.31468E-01   0.31364E-01   0.30982E-01
 5414.79   0.31313E-01   0.31210E-01   0.30831E-01
 5428.39   0.31160E-01   0.31056E-01   0.30680E-01
 5442.00   0.31006E-01   0.30903E-01   0.30529E-01
 5455.60   0.30852E-01   0.30750E-01   0.30378E-01
 5469.21   0.30698E-01   0.30596E-01   0.30227E-01
 5482.81   0.30544E-01   0.30441E-01   0.30076E-01
 5496.42   0.30389E-01   0.30287E-01   0.29924E-01
 5510.02   0.30228E-01   0.30126E-01   0.29766E-01
 5523.63   0.30121E-01   0.30019E-01   0.29661E-01
 5537.23   0.29955E-01   0.29853E-01   0.29498E-01
 5550.84   0.29807E-01   0.29705E-01   0.29352E-01
 5564.44   0.29663E-01   0.29560E-01   0.29210E-01
 5578.05   0.29520E-01   0.29417E-01   0.29069E-01
 5591.65   0.29377E-01   0.29274E-01   0.28929E-01
 5605.26   0.29235E-01   0.29131E-01   0.28789E-01
 5618.86   0.29091E-01   0.28988E-01   0.28648E-01
 5632.47   0.28947E-01   0.28844E-01   0.28506E-01
 5646.07   0.28800E-01   0.28696E-01   0.28361E-01
 5659.68   0.28655E-01   0.28551E-01   0.28219E-01
 5673.28   0.28549E-01   0.28445E-01   0.28114E-01
 5686.89   0.28400E-01   0.28295E-01   0.27967E-01
 5700.49   0.28260E-01   0.28155E-01   0.27830E-01
 5714.10   0.28124E-01   0.28018E-01   0.27696E-01
 5727.70   0.27990E-01   0.27884E-01   0.27563E-01
 5741.31   0.27857E-01   0.27751E-01   0.27433E-01
 5754.91   0.27725E-01   0.27618E-01   0.27302E-01
 5768.52   0.27593E-01   0.27485E-01   0.27172E-01
 5782.12   0.27459E-01   0.27351E-01   0.27040E-01
 5795.73   0.27319E-01   0.27211E-01   0.26902E-01
 5809.33   0.27180E-01   0.27070E-01   0.26764E-01
 5822.94   0.27087E-01   0.26976E-01   0.26672E-01
 5836.54   0.26949E-01   0.26838E-01   0.26536E-01
 5850.15   0.26817E-01   0.26706E-01   0.26406E-01
 5863.75   0.26689E-01   0.26577E-01   0.26279E-01
 5877.36   0.26563E-01   0.26450E-01   0.26154E-01
 5890.96   0.26438E-01   0.26325E-01   0.26031E-01
 5904.57   0.26315E-01   0.26201E-01   0.25910E-01
 5918.17   0.26193E-01   0.26078E-01   0.25789E-01
 5931.78   0.26070E-01   0.25954E-01   0.25667E-01
 5945.38   0.25942E-01   0.25825E-01   0.25540E-01
 5958.99   0.25810E-01   0.25692E-01   0.25409E-01
 5972.59   0.25720E-01   0.25601E-01   0.25320E-01
 5986.20   0.25594E-01   0.25474E-01   0.25195E-01
 5999.80   0.25471E-01   0.25350E-01   0.25074E-01
 6013.41   0.25350E-01   0.25228E-01   0.24954E-01
 6027.01   0.25230E-01   0.25108E-01   0.24836E-01
 6040.62   0.25113E-01   0.24989E-01   0.24719E-01
 6054.22   0.24997E-01   0.24872E-01   0.24604E-01
 6067.83   0.24883E-01   0.24757E-01   0.24491E-01
 6081.43   0.24770E-01   0.24643E-01   0.24379E-01
 6095.04   0.24655E-01   0.24527E-01   0.24265E-01
 6108.64   0.24537E-01   0.24408E-01   0.24148E-01
 6122.25   0.24440E-01   0.24309E-01   0.24051E-01
 6135.85   0.24325E-01   0.24194E-01   0.23937E-01
 6149.46   0.24212E-01   0.24079E-01   0.23825E-01
 6163.06   0.24099E-01   0.23965E-01   0.23712E-01
 6176.67   0.23986E-01   0.23851E-01   0.23601E-01
 6190.27   0.23875E-01   0.23738E-01   0.23490E-01
 6203.88   0.23765E-01   0.23627E-01   0.23381E-01
 6217.48   0.23657E-01   0.23518E-01   0.23274E-01
 6231.09   0.23551E-01   0.23411E-01   0.23168E-01
 6244.69   0.23446E-01   0.23304E-01   0.23063E-01
 6258.30   0.23341E-01   0.23198E-01   0.22959E-01
 6271.90   0.23240E-01   0.23095E-01   0.22858E-01
 6285.51   0.23136E-01   0.22990E-01   0.22755E-01
 6299.11   0.23032E-01   0.22885E-01   0.22651E-01
 6312.72   0.22928E-01   0.22779E-01   0.22547E-01
 6326.32   0.22823E-01   0.22673E-01   0.22443E-01
 6339.93   0.22718E-01   0.22567E-01   0.22339E-01
 6353.53   0.22614E-01   0.22461E-01   0.22235E-01
 6367.14   0.22511E-01   0.22357E-01   0.22132E-01
 6380.74   0.22409E-01   0.22253E-01   0.22031E-01
 6394.35   0.22309E-01   0.22151E-01   0.21931E-01
 6407.95   0.22212E-01   0.22053E-01   0.21834E-01
 6421.56   0.22118E-01   0.21957E-01   0.21740E-01
 6435.16   0.22020E-01   0.21858E-01   0.21642E-01
 6448.77   0.21924E-01   0.21760E-01   0.21546E-01
 6462.37   0.21828E-01   0.21663E-01   0.21451E-01
 6475.98   0.21732E-01   0.21565E-01   0.21354E-01
 6489.58   0.21635E-01   0.21467E-01   0.21258E-01
 6503.19   0.21538E-01   0.21368E-01   0.21160E-01
 6516.79   0.21440E-01   0.21269E-01   0.21063E-01
 6530.40   0.21343E-01   0.21169E-01   0.20966E-01
 6544.00   0.21245E-01   0.21071E-01   0.20868E-01
 6557.61   0.21145E-01   0.20968E-01   0.20768E-01
 6571.21   0.21054E-01   0.20876E-01   0.20677E-01
 6584.82   0.20978E-01   0.20798E-01   0.20601E-01
 6598.42   0.20885E-01   0.20704E-01   0.20508E-01
 6612.03   0.20795E-01   0.20612E-01   0.20418E-01
 6625.63   0.20706E-01   0.20521E-01   0.20329E-01
 6639.24   0.20617E-01   0.20430E-01   0.20239E-01
 6652.84   0.20527E-01   0.20339E-01   0.20150E-01
 6666.45   0.20437E-01   0.20247E-01   0.20060E-01
 6680.05   0.20346E-01   0.20154E-01   0.19968E-01
 6693.66   0.20254E-01   0.20060E-01   0.19876E-01
 6707.26   0.20159E-01   0.19964E-01   0.19781E-01
 6720.87   0.20070E-01   0.19873E-01   0.19692E-01
 6734.47   0.20015E-01   0.19816E-01   0.19636E-01
 6748.08   0.19916E-01   0.19715E-01   0.19537E-01
 6761.68   0.19828E-01   0.19625E-01   0.19449E-01
 6775.29   0.19742E-01   0.19538E-01   0.19363E-01
 6788.89   0.19659E-01   0.19453E-01   0.19279E-01
 6802.50   0.19576E-01   0.19368E-01   0.19196E-01
 6816.10   0.19493E-01   0.19284E-01   0.19113E-01
 6829.71   0.19410E-01   0.19199E-01   0.19029E-01
 6843.31   0.19326E-01   0.19112E-01   0.18945E-01
 6856.92   0.19239E-01   0.19024E-01   0.18858E-01
 6870.52   0.19146E-01   0.18929E-01   0.18765E-01
 6884.13   0.19059E-01   0.18841E-01   0.18678E-01
 6897.73   0.19017E-01   0.18796E-01   0.18634E-01
 6911.34   0.18925E-01   0.18703E-01   0.18542E-01
 6924.94   0.18841E-01   0.18617E-01   0.18458E-01
 6938.55   0.18760E-01   0.18534E-01   0.18376E-01
 6952.15   0.18681E-01   0.18453E-01   0.18297E-01
 6965.76   0.18603E-01   0.18373E-01   0.18219E-01
 6979.36   0.18526E-01   0.18294E-01   0.18141E-01
 6992.97   0.18450E-01   0.18216E-01   0.18064E-01
 7006.57   0.18372E-01   0.18136E-01   0.17986E-01
 7020.18   0.18293E-01   0.18055E-01   0.17906E-01
 7033.78   0.18205E-01   0.17966E-01   0.17818E-01
 7047.39   0.18120E-01   0.17879E-01   0.17733E-01
 7060.99   0.18083E-01   0.17840E-01   0.17695E-01
 7074.60   0.17999E-01   0.17754E-01   0.17610E-01
 7088.20   0.17920E-01   0.17673E-01   0.17531E-01
 7101.81   0.17843E-01   0.17594E-01   0.17453E-01
 7115.41   0.17767E-01   0.17516E-01   0.17377E-01
 7129.02   0.17694E-01   0.17441E-01   0.17303E-01
 7142.62   0.17621E-01   0.17366E-01   0.17230E-01
 7156.23   0.17550E-01   0.17293E-01   0.17158E-01
 7169.83   0.17479E-01   0.17220E-01   0.17086E-01
 7183.44   0.17407E-01   0.17146E-01   0.17013E-01
 7197.04   0.17330E-01   0.17068E-01   0.16936E-01
 7210.65   0.17252E-01   0.16988E-01   0.16858E-01
 7224.25   0.17207E-01   0.16940E-01   0.16812E-01
 7237.86   0.17132E-01   0.16863E-01   0.16736E-01
 7251.46   0.17058E-01   0.16788E-01   0.16662E-01
 7265.07   0.16986E-01   0.16713E-01   0.16589E-01
 7278.67   0.16914E-01   0.16640E-01   0.16516E-01
 7292.28   0.16843E-01   0.16567E-01   0.16445E-01
 7305.88   0.16774E-01   0.16496E-01   0.16375E-01
 7319.49   0.16706E-01   0.16426E-01   0.16307E-01
 7333.09   0.16640E-01   0.16357E-01   0.16239E-01
 7346.70   0.16574E-01   0.16290E-01   0.16173E-01
 7360.30   0.16508E-01   0.16221E-01   0.16106E-01
 7373.91   0.16439E-01   0.16152E-01   0.16037E-01
 7387.51   0.16382E-01   0.16092E-01   0.15979E-01
 7401.12   0.16316E-01   0.16024E-01   0.15912E-01
 7414.72   0.16249E-01   0.15955E-01   0.15845E-01
 7428.33   0.16182E-01   0.15886E-01   0.15777E-01
 7441.93   0.16115E-01   0.15817E-01   0.15709E-01
 7455.54   0.16048E-01   0.15749E-01   0.15642E-01
 7469.14   0.15982E-01   0.15680E-01   0.15575E-01
 7482.75   0.15917E-01   0.15613E-01   0.15509E-01
 7496.35   0.15853E-01   0.15547E-01   0.15444E-01
 7509.96   0.15790E-01   0.15482E-01   0.15380E-01
 7523.56   0.15728E-01   0.15419E-01   0.15318E-01
 7537.17   0.15668E-01   0.15357E-01   0.15257E-01
 7550.77   0.15608E-01   0.15295E-01   0.15197E-01
 7564.38   0.15548E-01   0.15233E-01   0.15136E-01
 7577.98   0.15488E-01   0.15171E-01   0.15075E-01
 7591.59   0.15427E-01   0.15108E-01   0.15013E-01
 7605.19   0.15365E-01   0.15044E-01   0.14951E-01
 7618.80   0.15303E-01   0.14981E-01   0.14888E-01
 7632.40   0.15241E-01   0.14916E-01   0.14825E-01
 7646.01   0.15179E-01   0.14852E-01   0.14762E-01
 7659.61   0.15116E-01   0.14788E-01   0.14699E-01
 7673.22   0.15055E-01   0.14725E-01   0.14637E-01
 7686.82   0.14994E-01   0.14662E-01   0.14575E-01
 7700.43   0.14930E-01   0.14596E-01   0.14510E-01
 7714.03   0.14892E-01   0.14555E-01   0.14471E-01
 7727.64   0.14828E-01   0.14490E-01   0.14407E-01
 7741.24   0.14771E-01   0.14431E-01   0.14349E-01
 7754.85   0.14715E-01   0.14373E-01   0.14292E-01
 7768.45   0.14659E-01   0.14315E-01   0.14235E-01
 7782.06   0.14602E-01   0.14256E-01   0.14178E-01
 7795.66   0.14545E-01   0.14197E-01   0.14120E-01
 7809.27   0.14487E-01   0.14137E-01   0.14061E-01
 7822.87   0.14428E-01   0.14077E-01   0.14002E-01
 7836.48   0.14369E-01   0.14016E-01   0.13942E-01
 7850.08   0.14309E-01   0.13955E-01   0.13882E-01
 7863.69   0.14246E-01   0.13890E-01   0.13818E-01
 7877.29   0.14194E-01   0.13836E-01   0.13765E-01
 7890.90   0.14161E-01   0.13801E-01   0.13731E-01
 7904.50   0.14100E-01   0.13738E-01   0.13670E-01
 7918.11   0.14045E-01   0.13681E-01   0.13614E-01
 7931.71   0.13992E-01   0.13626E-01   0.13560E-01
 7945.32   0.13940E-01   0.13572E-01   0.13507E-01
 7958.92   0.13887E-01   0.13518E-01   0.13454E-01
 7972.53   0.13835E-01   0.13463E-01   0.13400E-01
 7986.13   0.13781E-01   0.13408E-01   0.13346E-01
 7999.74   0.13727E-01   0.13352E-01   0.13291E-01
 8013.34   0.13671E-01   0.13294E-01   0.13235E-01
 8026.95   0.13613E-01   0.13234E-01   0.13176E-01
 8040.55   0.13543E-01   0.13163E-01   0.13106E-01
 8054.16   0.13492E-01   0.13111E-01   0.13054E-01
 8067.76   0.13479E-01   0.13095E-01   0.13040E-01
 8081.37   0.13420E-01   0.13035E-01   0.12980E-01
 8094.97   0.13367E-01   0.12980E-01   0.12926E-01
 8108.58   0.13316E-01   0.12927E-01   0.12874E-01
 8122.18   0.13266E-01   0.12875E-01   0.12824E-01
 8135.79   0.13217E-01   0.12825E-01   0.12775E-01
 8149.39   0.13169E-01   0.12774E-01   0.12725E-01
 8163.00   0.13120E-01   0.12724E-01   0.12675E-01
 8176.60   0.13070E-01   0.12672E-01   0.12625E-01
 8190.21   0.13018E-01   0.12619E-01   0.12573E-01
 8203.81   0.12963E-01   0.12562E-01   0.12517E-01
 8217.42   0.12886E-01   0.12485E-01   0.12441E-01
 8231.02   0.12920E-01   0.12515E-01   0.12471E-01
 8244.63   0.12840E-01   0.12433E-01   0.12391E-01
 8258.23   0.12784E-01   0.12376E-01   0.12335E-01
 8271.84   0.12732E-01   0.12323E-01   0.12283E-01
 8285.44   0.12683E-01   0.12272E-01   0.12233E-01
 8299.05   0.12635E-01   0.12223E-01   0.12185E-01
 8312.65   0.12589E-01   0.12174E-01   0.12137E-01
 8326.26   0.12543E-01   0.12127E-01   0.12091E-01
 8339.86   0.12498E-01   0.12080E-01   0.12045E-01
 8353.47   0.12452E-01   0.12033E-01   0.11999E-01
 8367.07   0.12406E-01   0.11985E-01   0.11952E-01
 8380.68   0.12356E-01   0.11934E-01   0.11902E-01
 8394.28   0.12287E-01   0.11864E-01   0.11833E-01
 8407.89   0.12304E-01   0.11877E-01   0.11847E-01
 8421.49   0.12238E-01   0.11810E-01   0.11781E-01
 8435.10   0.12187E-01   0.11758E-01   0.11730E-01
 8448.70   0.12138E-01   0.11708E-01   0.11681E-01
 8462.31   0.12091E-01   0.11659E-01   0.11633E-01
 8475.91   0.12044E-01   0.11611E-01   0.11586E-01
 8489.52   0.11999E-01   0.11564E-01   0.11540E-01
 8503.12   0.11955E-01   0.11519E-01   0.11496E-01
 8516.73   0.11912E-01   0.11475E-01   0.11452E-01
 8530.33   0.11870E-01   0.11431E-01   0.11409E-01
 8543.94   0.11828E-01   0.11387E-01   0.11367E-01
 8557.54   0.11785E-01   0.11343E-01   0.11323E-01
 8571.15   0.11735E-01   0.11292E-01   0.11273E-01
 8584.75   0.11721E-01   0.11275E-01   0.11258E-01
 8598.36   0.11669E-01   0.11222E-01   0.11205E-01
 8611.96   0.11624E-01   0.11175E-01   0.11159E-01
 8625.57   0.11579E-01   0.11129E-01   0.11115E-01
 8639.17   0.11535E-01   0.11084E-01   0.11070E-01
 8652.78   0.11491E-01   0.11038E-01   0.11025E-01
 8666.38   0.11447E-01   0.10993E-01   0.10981E-01
 8679.99   0.11404E-01   0.10949E-01   0.10938E-01
 8693.59   0.11362E-01   0.10906E-01   0.10896E-01
 8707.20   0.11322E-01   0.10864E-01   0.10855E-01
 8720.80   0.11282E-01   0.10823E-01   0.10814E-01
 8734.41   0.11243E-01   0.10782E-01   0.10775E-01
 8748.01   0.11204E-01   0.10742E-01   0.10735E-01
 8761.62   0.11164E-01   0.10700E-01   0.10695E-01
 8775.22   0.11130E-01   0.10665E-01   0.10660E-01
 8788.83   0.11091E-01   0.10624E-01   0.10620E-01
 8802.43   0.11051E-01   0.10583E-01   0.10580E-01
 8816.04   0.11011E-01   0.10542E-01   0.10540E-01
 8829.64   0.10970E-01   0.10500E-01   0.10499E-01
 8843.25   0.10929E-01   0.10457E-01   0.10457E-01
 8856.85   0.10888E-01   0.10415E-01   0.10416E-01
 8870.46   0.10847E-01   0.10373E-01   0.10375E-01
 8884.06   0.10807E-01   0.10332E-01   0.10334E-01
 8897.67   0.10767E-01   0.10291E-01   0.10295E-01
 8911.27   0.10729E-01   0.10252E-01   0.10256E-01
 8924.88   0.10691E-01   0.10213E-01   0.10218E-01
 8938.48   0.10657E-01   0.10177E-01   0.10183E-01
 8952.09   0.10622E-01   0.10141E-01   0.10148E-01
 8965.69   0.10586E-01   0.10104E-01   0.10111E-01
 8979.30   0.10550E-01   0.10066E-01   0.10075E-01
 8992.90   0.10514E-01   0.10029E-01   0.10038E-01
 9006.51   0.10477E-01   0.99913E-02   0.10001E-01
 9020.11   0.10440E-01   0.99528E-02   0.99639E-02
 9033.72   0.10402E-01   0.99136E-02   0.99256E-02
 9047.32   0.10363E-01   0.98740E-02   0.98868E-02
 9060.93   0.10325E-01   0.98342E-02   0.98478E-02
 9074.53   0.10286E-01   0.97943E-02   0.98088E-02
 9088.14   0.10247E-01   0.97545E-02   0.97698E-02
 9101.74   0.10207E-01   0.97143E-02   0.97304E-02
 9115.35   0.10161E-01   0.96672E-02   0.96842E-02
 9128.95   0.10162E-01   0.96651E-02   0.96830E-02
 9142.56   0.10114E-01   0.96167E-02   0.96354E-02
 9156.16   0.10078E-01   0.95796E-02   0.95991E-02
 9169.77   0.10043E-01   0.95444E-02   0.95647E-02
 9183.37   0.10010E-01   0.95096E-02   0.95307E-02
 9196.98   0.99759E-02   0.94748E-02   0.94967E-02
 9210.58   0.99417E-02   0.94395E-02   0.94623E-02
 9224.19   0.99068E-02   0.94036E-02   0.94272E-02
 9237.79   0.98710E-02   0.93670E-02   0.93914E-02
 9251.40   0.98345E-02   0.93296E-02   0.93548E-02
 9265.00   0.97970E-02   0.92913E-02   0.93174E-02
 9278.61   0.97582E-02   0.92519E-02   0.92787E-02
 9292.21   0.97152E-02   0.92084E-02   0.92360E-02
 9305.82   0.96852E-02   0.91773E-02   0.92057E-02
 9319.42   0.96828E-02   0.91724E-02   0.92017E-02
 9333.03   0.96372E-02   0.91266E-02   0.91566E-02
 9346.63   0.96011E-02   0.90897E-02   0.91205E-02
 9360.24   0.95676E-02   0.90553E-02   0.90870E-02
 9373.84   0.95353E-02   0.90222E-02   0.90546E-02
 9387.45   0.95036E-02   0.89896E-02   0.90228E-02
 9401.05   0.94721E-02   0.89572E-02   0.89912E-02
 9414.66   0.94401E-02   0.89244E-02   0.89591E-02
 9428.26   0.94075E-02   0.88909E-02   0.89265E-02
 9441.87   0.93738E-02   0.88565E-02   0.88928E-02
 9455.47   0.93386E-02   0.88207E-02   0.88578E-02
 9469.08   0.93008E-02   0.87824E-02   0.88203E-02
 9482.68   0.92536E-02   0.87353E-02   0.87738E-02
 9496.29   0.92249E-02   0.87057E-02   0.87450E-02
 9509.89   0.92336E-02   0.87114E-02   0.87517E-02
 9523.50   0.91899E-02   0.86677E-02   0.87087E-02
 9537.10   0.91540E-02   0.86313E-02   0.86730E-02
 9550.71   0.91207E-02   0.85974E-02   0.86399E-02
 9564.31   0.90891E-02   0.85652E-02   0.86084E-02
 9577.92   0.90586E-02   0.85340E-02   0.85779E-02
 9591.52   0.90288E-02   0.85034E-02   0.85482E-02
 9605.13   0.89993E-02   0.84732E-02   0.85187E-02
 9618.73   0.89696E-02   0.84428E-02   0.84890E-02
 9632.34   0.89392E-02   0.84117E-02   0.84587E-02
 9645.94   0.89074E-02   0.83794E-02   0.84271E-02
 9659.55   0.88727E-02   0.83444E-02   0.83928E-02
 9673.15   0.88270E-02   0.82989E-02   0.83480E-02
 9686.76   0.87977E-02   0.82690E-02   0.83188E-02
 9700.36   0.88088E-02   0.82771E-02   0.83278E-02
 9713.97   0.87684E-02   0.82368E-02   0.82882E-02
 9727.57   0.87337E-02   0.82018E-02   0.82539E-02
 9741.18   0.87010E-02   0.81688E-02   0.82216E-02
 9754.78   0.86698E-02   0.81371E-02   0.81907E-02
 9768.39   0.86397E-02   0.81066E-02   0.81609E-02
 9781.99   0.86107E-02   0.80771E-02   0.81320E-02
 9795.60   0.85825E-02   0.80483E-02   0.81040E-02
 9809.20   0.85548E-02   0.80201E-02   0.80765E-02
 9822.81   0.85272E-02   0.79919E-02   0.80490E-02
 9836.41   0.84991E-02   0.79633E-02   0.80211E-02
 9850.02   0.84693E-02   0.79332E-02   0.79917E-02
 9863.62   0.84328E-02   0.78967E-02   0.79559E-02
 9877.23   0.84028E-02   0.78663E-02   0.79262E-02
 9890.83   0.84037E-02   0.78651E-02   0.79259E-02
 9904.44   0.83687E-02   0.78301E-02   0.78915E-02
 9918.04   0.83368E-02   0.77980E-02   0.78601E-02
 9931.65   0.83059E-02   0.77669E-02   0.78296E-02
 9945.25   0.82755E-02   0.77363E-02   0.77997E-02
 9958.86   0.82459E-02   0.77064E-02   0.77705E-02
 9972.46   0.82171E-02   0.76774E-02   0.77421E-02
 9986.07   0.81892E-02   0.76492E-02   0.77146E-02
 9999.67   0.81623E-02   0.76219E-02   0.76880E-02
