   40.81   0.20288E+00   0.20344E+00   0.31592E+00
   54.42   0.17907E+00   0.17960E+00   0.26194E+00
   68.02   0.15793E+00   0.15843E+00   0.22115E+00
   81.63   0.13914E+00   0.13961E+00   0.18863E+00
   95.23   0.12282E+00   0.12327E+00   0.16240E+00
  108.84   0.10917E+00   0.10960E+00   0.14149E+00
  122.44   0.97714E-01   0.98127E-01   0.12458E+00
  136.05   0.87935E-01   0.88335E-01   0.11058E+00
  149.65   0.79492E-01   0.79879E-01   0.98796E-01
  163.26   0.72211E-01   0.72588E-01   0.88846E-01
  176.86   0.65942E-01   0.66309E-01   0.80420E-01
  190.47   0.60509E-01   0.60866E-01   0.73222E-01
  204.07   0.55744E-01   0.56094E-01   0.66992E-01
  217.68   0.51523E-01   0.51865E-01   0.61539E-01
  231.28   0.47775E-01   0.48111E-01   0.56746E-01
  244.89   0.44435E-01   0.44764E-01   0.52513E-01
  258.49   0.41461E-01   0.41784E-01   0.48775E-01
  272.10   0.38793E-01   0.39111E-01   0.45448E-01
  285.70   0.36388E-01   0.36700E-01   0.42467E-01
  299.31   0.34213E-01   0.34521E-01   0.39789E-01
  312.91   0.32215E-01   0.32518E-01   0.37345E-01
  326.52   0.30400E-01   0.30698E-01   0.35135E-01
  340.12   0.28741E-01   0.29035E-01   0.33125E-01
  353.73   0.27226E-01   0.27516E-01   0.31298E-01
  367.33   0.25833E-01   0.26119E-01   0.29626E-01
  380.94   0.24548E-01   0.24831E-01   0.28089E-01
  394.54   0.23361E-01   0.23640E-01   0.26675E-01
  408.15   0.22257E-01   0.22533E-01   0.25365E-01
  421.75   0.21232E-01   0.21504E-01   0.24152E-01
  435.36   0.20279E-01   0.20548E-01   0.23028E-01
  448.96   0.19393E-01   0.19659E-01   0.21986E-01
  462.57   0.18564E-01   0.18827E-01   0.21014E-01
  476.17   0.17791E-01   0.18051E-01   0.20110E-01
  489.78   0.17069E-01   0.17327E-01   0.19268E-01
  503.38   0.16387E-01   0.16641E-01   0.18474E-01
  516.99   0.15747E-01   0.15999E-01   0.17731E-01
  530.59   0.15145E-01   0.15394E-01   0.17034E-01
  544.20   0.14576E-01   0.14823E-01   0.16376E-01
  557.80   0.14041E-01   0.14285E-01   0.15758E-01
  571.41   0.13536E-01   0.13777E-01   0.15176E-01
  585.01   0.13058E-01   0.13297E-01   0.14627E-01
  598.62   0.12607E-01   0.12843E-01   0.14109E-01
  612.22   0.12179E-01   0.12413E-01   0.13618E-01
  625.83   0.11772E-01   0.12004E-01   0.13153E-01
  639.43   0.11385E-01   0.11615E-01   0.12711E-01
  653.04   0.11018E-01   0.11245E-01   0.12292E-01
  666.64   0.10668E-01   0.10893E-01   0.11893E-01
  680.25   0.10335E-01   0.10558E-01   0.11514E-01
  693.85   0.10017E-01   0.10239E-01   0.11153E-01
  707.46   0.97150E-02   0.99344E-02   0.10810E-01
  721.06   0.94268E-02   0.96442E-02   0.10484E-01
  734.67   0.91509E-02   0.93663E-02   0.10171E-01
  748.27   0.88872E-02   0.91008E-02   0.98729E-02
  761.88   0.86349E-02   0.88466E-02   0.95877E-02
  775.48   0.83935E-02   0.86034E-02   0.93153E-02
  789.09   0.81613E-02   0.83694E-02   0.90533E-02
  802.69   0.79391E-02   0.81454E-02   0.88030E-02
  816.30   0.77260E-02   0.79305E-02   0.85630E-02
  829.90   0.75219E-02   0.77247E-02   0.83334E-02
  843.51   0.73254E-02   0.75264E-02   0.81124E-02
  857.11   0.71373E-02   0.73366E-02   0.79011E-02
  870.72   0.69563E-02   0.71538E-02   0.76978E-02
  884.32   0.67822E-02   0.69780E-02   0.75025E-02
  897.93   0.66142E-02   0.68083E-02   0.73141E-02
  911.53   0.64530E-02   0.66455E-02   0.71335E-02
  925.14   0.62975E-02   0.64883E-02   0.69593E-02
  938.74   0.61474E-02   0.63366E-02   0.67913E-02
  952.35   0.60028E-02   0.61904E-02   0.66295E-02
  965.95   0.58631E-02   0.60490E-02   0.64732E-02
  979.56   0.57286E-02   0.59128E-02   0.63229E-02
  993.16   0.55987E-02   0.57814E-02   0.61778E-02
 1006.77   0.54733E-02   0.56544E-02   0.60378E-02
 1020.37   0.53520E-02   0.55316E-02   0.59024E-02
 1033.98   0.52349E-02   0.54129E-02   0.57718E-02
 1047.58   0.51217E-02   0.52982E-02   0.56455E-02
 1061.19   0.50122E-02   0.51872E-02   0.55234E-02
 1074.79   0.49061E-02   0.50796E-02   0.54052E-02
 1088.40   0.48032E-02   0.49753E-02   0.52906E-02
 1102.00   0.47037E-02   0.48743E-02   0.51797E-02
 1115.61   0.46073E-02   0.47764E-02   0.50725E-02
 1129.21   0.45140E-02   0.46817E-02   0.49686E-02
 1142.82   0.44233E-02   0.45895E-02   0.48677E-02
 1156.42   0.43357E-02   0.45005E-02   0.47702E-02
 1170.03   0.42506E-02   0.44140E-02   0.46756E-02
 1183.63   0.41681E-02   0.43301E-02   0.45839E-02
 1197.24   0.40881E-02   0.42488E-02   0.44950E-02
 1210.84   0.40101E-02   0.41694E-02   0.44083E-02
 1224.45   0.39347E-02   0.40927E-02   0.43245E-02
 1238.05   0.38613E-02   0.40179E-02   0.42430E-02
 1251.66   0.37899E-02   0.39453E-02   0.41637E-02
 1265.26   0.37205E-02   0.38746E-02   0.40868E-02
 1278.87   0.36529E-02   0.38057E-02   0.40117E-02
 1292.47   0.35874E-02   0.37390E-02   0.39390E-02
 1306.08   0.35236E-02   0.36739E-02   0.38683E-02
 1319.68   0.34615E-02   0.36106E-02   0.37994E-02
 1333.29   0.34011E-02   0.35490E-02   0.37325E-02
 1346.89   0.33423E-02   0.34889E-02   0.36672E-02
 1360.50   0.32851E-02   0.34306E-02   0.36038E-02
 1374.10   0.32295E-02   0.33737E-02   0.35421E-02
 1387.71   0.31752E-02   0.33183E-02   0.34819E-02
 1401.31   0.31223E-02   0.32642E-02   0.34233E-02
 1414.92   0.30707E-02   0.32114E-02   0.33661E-02
 1428.52   0.30204E-02   0.31600E-02   0.33104E-02
 1442.13   0.29714E-02   0.31098E-02   0.32560E-02
 1455.73   0.29237E-02   0.30609E-02   0.32031E-02
 1469.34   0.28771E-02   0.30131E-02   0.31514E-02
 1482.94   0.28316E-02   0.29665E-02   0.31010E-02
 1496.55   0.27873E-02   0.29210E-02   0.30518E-02
 1510.15   0.27440E-02   0.28766E-02   0.30038E-02
 1523.76   0.27018E-02   0.28333E-02   0.29570E-02
 1537.36   0.26606E-02   0.27909E-02   0.29113E-02
 1550.97   0.26204E-02   0.27496E-02   0.28667E-02
 1564.57   0.25811E-02   0.27092E-02   0.28232E-02
 1578.18   0.25427E-02   0.26697E-02   0.27805E-02
 1591.78   0.25052E-02   0.26311E-02   0.27389E-02
 1605.39   0.24685E-02   0.25933E-02   0.26982E-02
 1618.99   0.24326E-02   0.25564E-02   0.26585E-02
 1632.60   0.23976E-02   0.25203E-02   0.26196E-02
 1646.20   0.23633E-02   0.24849E-02   0.25815E-02
 1659.81   0.23298E-02   0.24503E-02   0.25443E-02
 1673.41   0.22969E-02   0.24165E-02   0.25080E-02
 1687.02   0.22649E-02   0.23834E-02   0.24724E-02
 1700.62   0.22335E-02   0.23510E-02   0.24375E-02
 1714.23   0.22028E-02   0.23193E-02   0.24035E-02
 1727.83   0.21726E-02   0.22882E-02   0.23701E-02
 1741.44   0.21432E-02   0.22578E-02   0.23375E-02
 1755.04   0.21144E-02   0.22280E-02   0.23055E-02
 1768.65   0.20862E-02   0.21988E-02   0.22743E-02
 1782.25   0.20586E-02   0.21702E-02   0.22436E-02
 1795.86   0.20315E-02   0.21422E-02   0.22136E-02
 1809.46   0.20049E-02   0.21147E-02   0.21841E-02
 1823.07   0.19790E-02   0.20878E-02   0.21553E-02
 1836.67   0.19535E-02   0.20614E-02   0.21271E-02
 1850.28   0.19285E-02   0.20355E-02   0.20994E-02
 1863.88   0.19040E-02   0.20101E-02   0.20722E-02
 1877.49   0.18800E-02   0.19852E-02   0.20456E-02
 1891.09   0.18565E-02   0.19608E-02   0.20195E-02
 1904.70   0.18334E-02   0.19369E-02   0.19939E-02
 1918.30   0.18108E-02   0.19134E-02   0.19688E-02
 1931.91   0.17886E-02   0.18903E-02   0.19442E-02
 1945.51   0.17669E-02   0.18677E-02   0.19200E-02
 1959.12   0.17455E-02   0.18455E-02   0.18964E-02
 1972.72   0.17246E-02   0.18237E-02   0.18731E-02
 1986.33   0.17041E-02   0.18023E-02   0.18503E-02
 1999.93   0.16839E-02   0.17813E-02   0.18279E-02
 2013.54   0.16641E-02   0.17607E-02   0.18059E-02
 2027.14   0.16447E-02   0.17404E-02   0.17843E-02
 2040.75   0.16256E-02   0.17205E-02   0.17631E-02
 2054.35   0.16068E-02   0.17009E-02   0.17423E-02
 2067.96   0.15884E-02   0.16817E-02   0.17218E-02
 2081.56   0.15703E-02   0.16628E-02   0.17017E-02
 2095.17   0.15526E-02   0.16442E-02   0.16820E-02
 2108.77   0.15351E-02   0.16260E-02   0.16626E-02
 2122.38   0.15180E-02   0.16081E-02   0.16436E-02
 2135.98   0.15012E-02   0.15904E-02   0.16248E-02
 2149.59   0.14847E-02   0.15731E-02   0.16065E-02
 2163.19   0.14684E-02   0.15561E-02   0.15884E-02
 2176.80   0.14525E-02   0.15394E-02   0.15706E-02
 2190.40   0.14368E-02   0.15229E-02   0.15532E-02
 2204.01   0.14213E-02   0.15067E-02   0.15360E-02
 2217.61   0.14062E-02   0.14908E-02   0.15191E-02
 2231.22   0.13912E-02   0.14751E-02   0.15024E-02
 2244.82   0.13766E-02   0.14597E-02   0.14861E-02
 2258.43   0.13622E-02   0.14445E-02   0.14701E-02
 2272.03   0.13480E-02   0.14295E-02   0.14542E-02
 2285.64   0.13341E-02   0.14148E-02   0.14387E-02
 2299.24   0.13203E-02   0.14004E-02   0.14234E-02
 2312.85   0.13068E-02   0.13861E-02   0.14083E-02
 2326.45   0.12935E-02   0.13720E-02   0.13934E-02
 2340.06   0.12805E-02   0.13583E-02   0.13789E-02
 2353.66   0.12677E-02   0.13447E-02   0.13645E-02
 2367.27   0.12550E-02   0.13313E-02   0.13504E-02
 2380.87   0.12426E-02   0.13182E-02   0.13365E-02
 2394.48   0.12304E-02   0.13052E-02   0.13228E-02
 2408.08   0.12183E-02   0.12924E-02   0.13093E-02
 2421.69   0.12064E-02   0.12798E-02   0.12960E-02
 2435.29   0.11948E-02   0.12675E-02   0.12830E-02
 2448.90   0.11833E-02   0.12552E-02   0.12701E-02
 2462.50   0.11720E-02   0.12432E-02   0.12574E-02
 2476.11   0.11608E-02   0.12313E-02   0.12449E-02
 2489.71   0.11499E-02   0.12197E-02   0.12326E-02
 2503.32   0.11391E-02   0.12081E-02   0.12205E-02
 2516.92   0.11284E-02   0.11968E-02   0.12086E-02
 2530.53   0.11180E-02   0.11856E-02   0.11968E-02
 2544.13   0.11076E-02   0.11746E-02   0.11852E-02
 2557.74   0.10974E-02   0.11637E-02   0.11738E-02
 2571.34   0.10874E-02   0.11530E-02   0.11625E-02
 2584.95   0.10775E-02   0.11424E-02   0.11514E-02
 2598.55   0.10678E-02   0.11320E-02   0.11405E-02
 2612.16   0.10582E-02   0.11217E-02   0.11297E-02
 2625.76   0.10487E-02   0.11116E-02   0.11191E-02
 2639.37   0.10394E-02   0.11016E-02   0.11086E-02
 2652.97   0.10302E-02   0.10918E-02   0.10983E-02
 2666.58   0.10212E-02   0.10820E-02   0.10881E-02
 2680.18   0.10122E-02   0.10724E-02   0.10780E-02
 2693.79   0.10034E-02   0.10629E-02   0.10681E-02
 2707.39   0.99470E-03   0.10536E-02   0.10583E-02
 2721.00   0.98620E-03   0.10444E-02   0.10487E-02
 2734.60   0.97775E-03   0.10353E-02   0.10392E-02
 2748.21   0.96943E-03   0.10264E-02   0.10298E-02
 2761.81   0.96123E-03   0.10175E-02   0.10206E-02
 2775.42   0.95313E-03   0.10088E-02   0.10114E-02
 2789.02   0.94512E-03   0.10002E-02   0.10024E-02
 2802.63   0.93721E-03   0.99161E-03   0.99349E-03
 2816.23   0.92942E-03   0.98320E-03   0.98470E-03
 2829.84   0.92183E-03   0.97498E-03   0.97612E-03
 2843.44   0.91426E-03   0.96679E-03   0.96757E-03
 2857.05   0.90681E-03   0.95872E-03   0.95915E-03
 2870.65   0.89945E-03   0.95075E-03   0.95084E-03
 2884.26   0.89219E-03   0.94287E-03   0.94263E-03
 2897.86   0.88501E-03   0.93508E-03   0.93451E-03
 2911.47   0.87786E-03   0.92731E-03   0.92643E-03
 2925.07   0.87105E-03   0.91991E-03   0.91872E-03
 2938.68   0.86409E-03   0.91235E-03   0.91085E-03
 2952.28   0.85728E-03   0.90494E-03   0.90314E-03
 2965.89   0.85056E-03   0.89763E-03   0.89553E-03
 2979.49   0.84394E-03   0.89041E-03   0.88803E-03
 2993.10   0.83740E-03   0.88329E-03   0.88063E-03
 3006.70   0.83092E-03   0.87623E-03   0.87329E-03
 3020.31   0.82449E-03   0.86921E-03   0.86600E-03
 3033.91   0.81831E-03   0.86246E-03   0.85899E-03
 3047.52   0.81204E-03   0.85561E-03   0.85189E-03
 3061.12   0.80587E-03   0.84887E-03   0.84490E-03
 3074.73   0.79979E-03   0.84223E-03   0.83801E-03
 3088.33   0.79380E-03   0.83567E-03   0.83121E-03
 3101.94   0.78788E-03   0.82919E-03   0.82450E-03
 3115.54   0.78203E-03   0.82279E-03   0.81786E-03
 3129.15   0.77621E-03   0.81642E-03   0.81127E-03
 3142.75   0.77059E-03   0.81025E-03   0.80488E-03
 3156.36   0.76493E-03   0.80404E-03   0.79845E-03
 3169.96   0.75934E-03   0.79790E-03   0.79211E-03
 3183.57   0.75382E-03   0.79184E-03   0.78584E-03
 3197.17   0.74837E-03   0.78586E-03   0.77965E-03
 3210.78   0.74300E-03   0.77995E-03   0.77355E-03
 3224.38   0.73769E-03   0.77412E-03   0.76753E-03
 3237.99   0.73245E-03   0.76834E-03   0.76156E-03
 3251.59   0.72729E-03   0.76266E-03   0.75570E-03
 3265.20   0.72216E-03   0.75701E-03   0.74986E-03
 3278.80   0.71708E-03   0.75141E-03   0.74409E-03
 3292.41   0.71206E-03   0.74587E-03   0.73838E-03
 3306.01   0.70709E-03   0.74039E-03   0.73273E-03
 3319.62   0.70219E-03   0.73497E-03   0.72714E-03
 3333.22   0.69735E-03   0.72962E-03   0.72164E-03
 3346.83   0.69258E-03   0.72434E-03   0.71620E-03
 3360.43   0.68787E-03   0.71913E-03   0.71084E-03
 3374.04   0.68321E-03   0.71397E-03   0.70553E-03
 3387.64   0.67860E-03   0.70885E-03   0.70027E-03
 3401.25   0.67403E-03   0.70378E-03   0.69506E-03
 3414.85   0.66950E-03   0.69876E-03   0.68990E-03
 3428.46   0.66502E-03   0.69378E-03   0.68478E-03
 3442.06   0.66058E-03   0.68886E-03   0.67972E-03
 3455.67   0.65617E-03   0.68396E-03   0.67470E-03
 3469.27   0.65196E-03   0.67927E-03   0.66988E-03
 3482.88   0.64767E-03   0.67449E-03   0.66499E-03
 3496.48   0.64346E-03   0.66980E-03   0.66017E-03
 3510.09   0.63929E-03   0.66515E-03   0.65541E-03
 3523.69   0.63515E-03   0.66055E-03   0.65069E-03
 3537.30   0.63105E-03   0.65598E-03   0.64601E-03
 3550.90   0.62698E-03   0.65144E-03   0.64136E-03
 3564.51   0.62293E-03   0.64691E-03   0.63674E-03
 3578.11   0.61887E-03   0.64239E-03   0.63211E-03
 3591.72   0.61515E-03   0.63822E-03   0.62784E-03
 3605.32   0.61125E-03   0.63386E-03   0.62339E-03
 3618.93   0.60742E-03   0.62957E-03   0.61900E-03
 3632.53   0.60363E-03   0.62533E-03   0.61468E-03
 3646.14   0.59988E-03   0.62114E-03   0.61039E-03
 3659.74   0.59616E-03   0.61697E-03   0.60613E-03
 3673.35   0.59246E-03   0.61281E-03   0.60190E-03
 3686.95   0.58869E-03   0.60860E-03   0.59760E-03
 3700.56   0.58538E-03   0.60486E-03   0.59378E-03
 3714.16   0.58171E-03   0.60075E-03   0.58960E-03
 3727.77   0.57816E-03   0.59676E-03   0.58553E-03
 3741.37   0.57467E-03   0.59283E-03   0.58153E-03
 3754.98   0.57122E-03   0.58896E-03   0.57759E-03
 3768.58   0.56781E-03   0.58512E-03   0.57368E-03
 3782.19   0.56443E-03   0.58131E-03   0.56981E-03
 3795.79   0.56106E-03   0.57751E-03   0.56595E-03
 3809.40   0.55768E-03   0.57370E-03   0.56207E-03
 3823.00   0.55458E-03   0.57019E-03   0.55850E-03
 3836.61   0.55127E-03   0.56646E-03   0.55471E-03
 3850.21   0.54803E-03   0.56279E-03   0.55100E-03
 3863.82   0.54483E-03   0.55918E-03   0.54733E-03
 3877.42   0.54168E-03   0.55561E-03   0.54371E-03
 3891.03   0.53857E-03   0.55209E-03   0.54013E-03
 3904.63   0.53549E-03   0.54860E-03   0.53660E-03
 3918.24   0.53243E-03   0.54513E-03   0.53308E-03
 3931.84   0.52935E-03   0.54163E-03   0.52954E-03
 3945.45   0.52648E-03   0.53836E-03   0.52623E-03
 3959.05   0.52349E-03   0.53496E-03   0.52279E-03
 3972.66   0.52052E-03   0.53160E-03   0.51938E-03
 3986.26   0.51759E-03   0.52826E-03   0.51601E-03
 3999.87   0.51470E-03   0.52497E-03   0.51269E-03
 4013.47   0.51184E-03   0.52172E-03   0.50940E-03
 4027.08   0.50903E-03   0.51850E-03   0.50615E-03
 4040.68   0.50624E-03   0.51533E-03   0.50294E-03
 4054.29   0.50347E-03   0.51216E-03   0.49975E-03
 4067.89   0.50077E-03   0.50907E-03   0.49663E-03
 4081.50   0.49805E-03   0.50596E-03   0.49350E-03
 4095.10   0.49535E-03   0.50287E-03   0.49038E-03
 4108.71   0.49266E-03   0.49980E-03   0.48729E-03
 4122.31   0.49000E-03   0.49676E-03   0.48422E-03
 4135.92   0.48737E-03   0.49374E-03   0.48119E-03
 4149.52   0.48476E-03   0.49076E-03   0.47819E-03
 4163.13   0.48219E-03   0.48781E-03   0.47522E-03
 4176.73   0.47967E-03   0.48491E-03   0.47231E-03
 4190.34   0.47716E-03   0.48204E-03   0.46941E-03
 4203.94   0.47468E-03   0.47918E-03   0.46654E-03
 4217.55   0.47221E-03   0.47634E-03   0.46369E-03
 4231.15   0.46975E-03   0.47352E-03   0.46086E-03
 4244.76   0.46730E-03   0.47071E-03   0.45803E-03
 4258.36   0.46486E-03   0.46791E-03   0.45523E-03
 4271.97   0.46245E-03   0.46513E-03   0.45245E-03
 4285.57   0.46005E-03   0.46238E-03   0.44969E-03
 4299.18   0.45769E-03   0.45967E-03   0.44698E-03
 4312.78   0.45545E-03   0.45708E-03   0.44437E-03
 4326.39   0.45313E-03   0.45440E-03   0.44170E-03
 4339.99   0.45085E-03   0.45178E-03   0.43907E-03
 4353.60   0.44859E-03   0.44918E-03   0.43646E-03
 4367.20   0.44634E-03   0.44659E-03   0.43388E-03
 4380.81   0.44410E-03   0.44401E-03   0.43130E-03
 4394.41   0.44186E-03   0.44143E-03   0.42873E-03
 4408.02   0.43963E-03   0.43886E-03   0.42616E-03
 4421.62   0.43735E-03   0.43626E-03   0.42356E-03
 4435.23   0.43556E-03   0.43413E-03   0.42143E-03
 4448.83   0.43323E-03   0.43148E-03   0.41879E-03
 4462.44   0.43108E-03   0.42901E-03   0.41633E-03
 4476.04   0.42898E-03   0.42658E-03   0.41391E-03
 4489.65   0.42690E-03   0.42419E-03   0.41152E-03
 4503.25   0.42484E-03   0.42181E-03   0.40915E-03
 4516.86   0.42279E-03   0.41944E-03   0.40679E-03
 4530.46   0.42073E-03   0.41706E-03   0.40443E-03
 4544.07   0.41865E-03   0.41467E-03   0.40206E-03
 4557.67   0.41657E-03   0.41228E-03   0.39968E-03
 4571.28   0.41485E-03   0.41026E-03   0.39766E-03
 4584.88   0.41279E-03   0.40789E-03   0.39531E-03
 4598.49   0.41080E-03   0.40561E-03   0.39304E-03
 4612.09   0.40886E-03   0.40336E-03   0.39081E-03
 4625.70   0.40694E-03   0.40114E-03   0.38861E-03
 4639.30   0.40504E-03   0.39895E-03   0.38644E-03
 4652.91   0.40316E-03   0.39677E-03   0.38427E-03
 4666.51   0.40127E-03   0.39459E-03   0.38211E-03
 4680.12   0.39934E-03   0.39237E-03   0.37991E-03
 4693.72   0.39731E-03   0.39006E-03   0.37763E-03
 4707.33   0.39583E-03   0.38828E-03   0.37586E-03
 4720.93   0.39395E-03   0.38612E-03   0.37372E-03
 4734.54   0.39211E-03   0.38400E-03   0.37163E-03
 4748.14   0.39031E-03   0.38191E-03   0.36956E-03
 4761.75   0.38853E-03   0.37985E-03   0.36753E-03
 4775.35   0.38677E-03   0.37782E-03   0.36552E-03
 4788.96   0.38504E-03   0.37581E-03   0.36353E-03
 4802.56   0.38331E-03   0.37380E-03   0.36155E-03
 4816.17   0.38155E-03   0.37177E-03   0.35954E-03
 4829.77   0.38006E-03   0.37001E-03   0.35780E-03
 4843.38   0.37827E-03   0.36794E-03   0.35577E-03
 4856.98   0.37655E-03   0.36596E-03   0.35381E-03
 4870.59   0.37486E-03   0.36400E-03   0.35188E-03
 4884.19   0.37318E-03   0.36205E-03   0.34996E-03
 4897.80   0.37152E-03   0.36013E-03   0.34807E-03
 4911.40   0.36989E-03   0.35824E-03   0.34621E-03
 4925.01   0.36828E-03   0.35637E-03   0.34437E-03
 4938.61   0.36669E-03   0.35452E-03   0.34255E-03
 4952.22   0.36511E-03   0.35268E-03   0.34074E-03
 4965.82   0.36359E-03   0.35089E-03   0.33898E-03
 4979.43   0.36202E-03   0.34907E-03   0.33719E-03
 4993.03   0.36046E-03   0.34725E-03   0.33541E-03
 5006.64   0.35890E-03   0.34544E-03   0.33363E-03
 5020.24   0.35735E-03   0.34364E-03   0.33186E-03
 5033.85   0.35581E-03   0.34185E-03   0.33011E-03
 5047.45   0.35428E-03   0.34007E-03   0.32837E-03
 5061.06   0.35278E-03   0.33832E-03   0.32665E-03
 5074.66   0.35129E-03   0.33659E-03   0.32495E-03
 5088.27   0.34983E-03   0.33487E-03   0.32327E-03
 5101.87   0.34840E-03   0.33320E-03   0.32163E-03
 5115.48   0.34697E-03   0.33152E-03   0.31999E-03
 5129.08   0.34554E-03   0.32985E-03   0.31836E-03
 5142.69   0.34412E-03   0.32818E-03   0.31673E-03
 5156.29   0.34269E-03   0.32652E-03   0.31510E-03
 5169.90   0.34127E-03   0.32485E-03   0.31347E-03
 5183.50   0.33984E-03   0.32319E-03   0.31185E-03
 5197.11   0.33843E-03   0.32154E-03   0.31024E-03
 5210.71   0.33702E-03   0.31990E-03   0.30864E-03
 5224.32   0.33561E-03   0.31826E-03   0.30704E-03
 5237.92   0.33426E-03   0.31668E-03   0.30549E-03
 5251.53   0.33302E-03   0.31520E-03   0.30405E-03
 5265.13   0.33169E-03   0.31363E-03   0.30253E-03
 5278.74   0.33037E-03   0.31209E-03   0.30102E-03
 5292.34   0.32906E-03   0.31055E-03   0.29953E-03
 5305.95   0.32775E-03   0.30901E-03   0.29803E-03
 5319.55   0.32644E-03   0.30748E-03   0.29654E-03
 5333.16   0.32512E-03   0.30594E-03   0.29504E-03
 5346.76   0.32380E-03   0.30439E-03   0.29354E-03
 5360.37   0.32245E-03   0.30283E-03   0.29202E-03
 5373.97   0.32116E-03   0.30132E-03   0.29055E-03
 5387.58   0.32013E-03   0.30006E-03   0.28933E-03
 5401.18   0.31882E-03   0.29853E-03   0.28785E-03
 5414.79   0.31757E-03   0.29707E-03   0.28643E-03
 5428.39   0.31635E-03   0.29563E-03   0.28504E-03
 5442.00   0.31514E-03   0.29421E-03   0.28366E-03
 5455.60   0.31393E-03   0.29279E-03   0.28228E-03
 5469.21   0.31272E-03   0.29137E-03   0.28091E-03
 5482.81   0.31149E-03   0.28994E-03   0.27953E-03
 5496.42   0.31025E-03   0.28850E-03   0.27812E-03
 5510.02   0.30887E-03   0.28693E-03   0.27661E-03
 5523.63   0.30829E-03   0.28611E-03   0.27581E-03
 5537.23   0.30685E-03   0.28448E-03   0.27425E-03
 5550.84   0.30563E-03   0.28307E-03   0.27288E-03
 5564.44   0.30446E-03   0.28170E-03   0.27156E-03
 5578.05   0.30331E-03   0.28036E-03   0.27026E-03
 5591.65   0.30218E-03   0.27903E-03   0.26898E-03
 5605.26   0.30106E-03   0.27772E-03   0.26772E-03
 5618.86   0.29994E-03   0.27641E-03   0.26645E-03
 5632.47   0.29880E-03   0.27509E-03   0.26518E-03
 5646.07   0.29763E-03   0.27374E-03   0.26388E-03
 5659.68   0.29645E-03   0.27238E-03   0.26257E-03
 5673.28   0.29568E-03   0.27140E-03   0.26162E-03
 5686.89   0.29447E-03   0.27002E-03   0.26029E-03
 5700.49   0.29333E-03   0.26870E-03   0.25903E-03
 5714.10   0.29222E-03   0.26742E-03   0.25779E-03
 5727.70   0.29114E-03   0.26616E-03   0.25658E-03
 5741.31   0.29007E-03   0.26492E-03   0.25539E-03
 5754.91   0.28902E-03   0.26369E-03   0.25421E-03
 5768.52   0.28798E-03   0.26248E-03   0.25305E-03
 5782.12   0.28693E-03   0.26127E-03   0.25188E-03
 5795.73   0.28586E-03   0.26003E-03   0.25069E-03
 5809.33   0.28474E-03   0.25875E-03   0.24947E-03
 5822.94   0.28395E-03   0.25777E-03   0.24854E-03
 5836.54   0.28287E-03   0.25654E-03   0.24735E-03
 5850.15   0.28181E-03   0.25532E-03   0.24619E-03
 5863.75   0.28077E-03   0.25412E-03   0.24504E-03
 5877.36   0.27973E-03   0.25294E-03   0.24390E-03
 5890.96   0.27872E-03   0.25177E-03   0.24278E-03
 5904.57   0.27772E-03   0.25062E-03   0.24168E-03
 5918.17   0.27674E-03   0.24948E-03   0.24059E-03
 5931.78   0.27577E-03   0.24836E-03   0.23952E-03
 5945.38   0.27480E-03   0.24724E-03   0.23845E-03
 5958.99   0.27379E-03   0.24609E-03   0.23735E-03
 5972.59   0.27293E-03   0.24507E-03   0.23637E-03
 5986.20   0.27196E-03   0.24395E-03   0.23531E-03
 5999.80   0.27098E-03   0.24284E-03   0.23425E-03
 6013.41   0.27001E-03   0.24172E-03   0.23318E-03
 6027.01   0.26903E-03   0.24061E-03   0.23212E-03
 6040.62   0.26807E-03   0.23951E-03   0.23107E-03
 6054.22   0.26711E-03   0.23842E-03   0.23003E-03
 6067.83   0.26617E-03   0.23734E-03   0.22901E-03
 6081.43   0.26525E-03   0.23629E-03   0.22800E-03
 6095.04   0.26434E-03   0.23524E-03   0.22701E-03
 6108.64   0.26346E-03   0.23422E-03   0.22603E-03
 6122.25   0.26256E-03   0.23320E-03   0.22506E-03
 6135.85   0.26167E-03   0.23218E-03   0.22409E-03
 6149.46   0.26078E-03   0.23115E-03   0.22312E-03
 6163.06   0.25988E-03   0.23013E-03   0.22214E-03
 6176.67   0.25897E-03   0.22910E-03   0.22116E-03
 6190.27   0.25806E-03   0.22807E-03   0.22018E-03
 6203.88   0.25715E-03   0.22704E-03   0.21920E-03
 6217.48   0.25624E-03   0.22601E-03   0.21823E-03
 6231.09   0.25534E-03   0.22500E-03   0.21727E-03
 6244.69   0.25444E-03   0.22398E-03   0.21630E-03
 6258.30   0.25361E-03   0.22303E-03   0.21540E-03
 6271.90   0.25283E-03   0.22213E-03   0.21455E-03
 6285.51   0.25198E-03   0.22116E-03   0.21363E-03
 6299.11   0.25114E-03   0.22021E-03   0.21273E-03
 6312.72   0.25031E-03   0.21926E-03   0.21183E-03
 6326.32   0.24947E-03   0.21831E-03   0.21093E-03
 6339.93   0.24862E-03   0.21736E-03   0.21003E-03
 6353.53   0.24777E-03   0.21640E-03   0.20912E-03
 6367.14   0.24691E-03   0.21543E-03   0.20821E-03
 6380.74   0.24604E-03   0.21446E-03   0.20729E-03
 6394.35   0.24515E-03   0.21348E-03   0.20636E-03
 6407.95   0.24432E-03   0.21255E-03   0.20548E-03
 6421.56   0.24377E-03   0.21186E-03   0.20484E-03
 6435.16   0.24286E-03   0.21087E-03   0.20389E-03
 6448.77   0.24204E-03   0.20995E-03   0.20303E-03
 6462.37   0.24125E-03   0.20906E-03   0.20219E-03
 6475.98   0.24046E-03   0.20818E-03   0.20136E-03
 6489.58   0.23968E-03   0.20730E-03   0.20053E-03
 6503.19   0.23889E-03   0.20642E-03   0.19969E-03
 6516.79   0.23810E-03   0.20553E-03   0.19886E-03
 6530.40   0.23728E-03   0.20462E-03   0.19801E-03
 6544.00   0.23644E-03   0.20370E-03   0.19713E-03
 6557.61   0.23547E-03   0.20267E-03   0.19616E-03
 6571.21   0.23459E-03   0.20172E-03   0.19526E-03
 6584.82   0.23431E-03   0.20129E-03   0.19486E-03
 6598.42   0.23347E-03   0.20037E-03   0.19400E-03
 6612.03   0.23269E-03   0.19950E-03   0.19319E-03
 6625.63   0.23193E-03   0.19866E-03   0.19239E-03
 6639.24   0.23118E-03   0.19783E-03   0.19162E-03
 6652.84   0.23045E-03   0.19702E-03   0.19085E-03
 6666.45   0.22971E-03   0.19620E-03   0.19008E-03
 6680.05   0.22897E-03   0.19538E-03   0.18931E-03
 6693.66   0.22820E-03   0.19454E-03   0.18852E-03
 6707.26   0.22739E-03   0.19367E-03   0.18770E-03
 6720.87   0.22659E-03   0.19281E-03   0.18689E-03
 6734.47   0.22630E-03   0.19237E-03   0.18649E-03
 6748.08   0.22539E-03   0.19142E-03   0.18560E-03
 6761.68   0.22460E-03   0.19057E-03   0.18480E-03
 6775.29   0.22385E-03   0.18975E-03   0.18403E-03
 6788.89   0.22311E-03   0.18896E-03   0.18328E-03
 6802.50   0.22240E-03   0.18817E-03   0.18255E-03
 6816.10   0.22170E-03   0.18741E-03   0.18183E-03
 6829.71   0.22100E-03   0.18665E-03   0.18112E-03
 6843.31   0.22031E-03   0.18589E-03   0.18041E-03
 6856.92   0.21960E-03   0.18512E-03   0.17969E-03
 6870.52   0.21885E-03   0.18431E-03   0.17894E-03
 6884.13   0.21807E-03   0.18349E-03   0.17817E-03
 6897.73   0.21770E-03   0.18301E-03   0.17772E-03
 6911.34   0.21693E-03   0.18220E-03   0.17696E-03
 6924.94   0.21619E-03   0.18141E-03   0.17623E-03
 6938.55   0.21547E-03   0.18065E-03   0.17551E-03
 6952.15   0.21476E-03   0.17989E-03   0.17480E-03
 6965.76   0.21407E-03   0.17914E-03   0.17410E-03
 6979.36   0.21339E-03   0.17841E-03   0.17342E-03
 6992.97   0.21272E-03   0.17770E-03   0.17275E-03
 7006.57   0.21207E-03   0.17699E-03   0.17209E-03
 7020.18   0.21142E-03   0.17629E-03   0.17144E-03
 7033.78   0.21075E-03   0.17558E-03   0.17077E-03
 7047.39   0.21004E-03   0.17483E-03   0.17008E-03
 7060.99   0.20954E-03   0.17426E-03   0.16955E-03
 7074.60   0.20886E-03   0.17354E-03   0.16888E-03
 7088.20   0.20819E-03   0.17283E-03   0.16822E-03
 7101.81   0.20751E-03   0.17212E-03   0.16755E-03
 7115.41   0.20683E-03   0.17141E-03   0.16689E-03
 7129.02   0.20616E-03   0.17070E-03   0.16623E-03
 7142.62   0.20550E-03   0.17000E-03   0.16558E-03
 7156.23   0.20485E-03   0.16932E-03   0.16494E-03
 7169.83   0.20421E-03   0.16864E-03   0.16431E-03
 7183.44   0.20359E-03   0.16799E-03   0.16370E-03
 7197.04   0.20298E-03   0.16734E-03   0.16310E-03
 7210.65   0.20237E-03   0.16669E-03   0.16250E-03
 7224.25   0.20177E-03   0.16606E-03   0.16191E-03
 7237.86   0.20117E-03   0.16542E-03   0.16131E-03
 7251.46   0.20055E-03   0.16477E-03   0.16071E-03
 7265.07   0.19993E-03   0.16412E-03   0.16011E-03
 7278.67   0.19930E-03   0.16346E-03   0.15949E-03
 7292.28   0.19866E-03   0.16280E-03   0.15888E-03
 7305.88   0.19802E-03   0.16213E-03   0.15826E-03
 7319.49   0.19738E-03   0.16147E-03   0.15765E-03
 7333.09   0.19675E-03   0.16082E-03   0.15704E-03
 7346.70   0.19613E-03   0.16018E-03   0.15645E-03
 7360.30   0.19551E-03   0.15954E-03   0.15585E-03
 7373.91   0.19496E-03   0.15896E-03   0.15531E-03
 7387.51   0.19442E-03   0.15839E-03   0.15479E-03
 7401.12   0.19384E-03   0.15778E-03   0.15423E-03
 7414.72   0.19326E-03   0.15718E-03   0.15367E-03
 7428.33   0.19269E-03   0.15659E-03   0.15312E-03
 7441.93   0.19211E-03   0.15598E-03   0.15256E-03
 7455.54   0.19151E-03   0.15537E-03   0.15200E-03
 7469.14   0.19091E-03   0.15476E-03   0.15142E-03
 7482.75   0.19030E-03   0.15414E-03   0.15085E-03
 7496.35   0.18968E-03   0.15351E-03   0.15027E-03
 7509.96   0.18906E-03   0.15288E-03   0.14968E-03
 7523.56   0.18841E-03   0.15223E-03   0.14907E-03
 7537.17   0.18786E-03   0.15167E-03   0.14855E-03
 7550.77   0.18753E-03   0.15128E-03   0.14821E-03
 7564.38   0.18689E-03   0.15064E-03   0.14761E-03
 7577.98   0.18632E-03   0.15006E-03   0.14707E-03
 7591.59   0.18577E-03   0.14949E-03   0.14655E-03
 7605.19   0.18523E-03   0.14894E-03   0.14604E-03
 7618.80   0.18468E-03   0.14838E-03   0.14552E-03
 7632.40   0.18413E-03   0.14782E-03   0.14500E-03
 7646.01   0.18356E-03   0.14725E-03   0.14447E-03
 7659.61   0.18298E-03   0.14667E-03   0.14394E-03
 7673.22   0.18238E-03   0.14607E-03   0.14338E-03
 7686.82   0.18174E-03   0.14545E-03   0.14280E-03
 7700.43   0.18086E-03   0.14463E-03   0.14203E-03
 7714.03   0.18122E-03   0.14480E-03   0.14224E-03
 7727.64   0.18034E-03   0.14399E-03   0.14147E-03
 7741.24   0.17973E-03   0.14340E-03   0.14092E-03
 7754.85   0.17917E-03   0.14284E-03   0.14040E-03
 7768.45   0.17863E-03   0.14230E-03   0.13991E-03
 7782.06   0.17811E-03   0.14178E-03   0.13943E-03
 7795.66   0.17759E-03   0.14126E-03   0.13895E-03
 7809.27   0.17707E-03   0.14074E-03   0.13847E-03
 7822.87   0.17653E-03   0.14021E-03   0.13798E-03
 7836.48   0.17599E-03   0.13968E-03   0.13749E-03
 7850.08   0.17541E-03   0.13912E-03   0.13697E-03
 7863.69   0.17474E-03   0.13849E-03   0.13638E-03
 7877.29   0.17417E-03   0.13793E-03   0.13587E-03
 7890.90   0.17415E-03   0.13782E-03   0.13579E-03
 7904.50   0.17346E-03   0.13718E-03   0.13519E-03
 7918.11   0.17288E-03   0.13662E-03   0.13467E-03
 7931.71   0.17232E-03   0.13609E-03   0.13418E-03
 7945.32   0.17179E-03   0.13557E-03   0.13371E-03
 7958.92   0.17127E-03   0.13507E-03   0.13324E-03
 7972.53   0.17077E-03   0.13458E-03   0.13279E-03
 7986.13   0.17027E-03   0.13410E-03   0.13235E-03
 7999.74   0.16977E-03   0.13362E-03   0.13191E-03
 8013.34   0.16926E-03   0.13312E-03   0.13145E-03
 8026.95   0.16872E-03   0.13261E-03   0.13098E-03
 8040.55   0.16805E-03   0.13200E-03   0.13041E-03
 8054.16   0.16745E-03   0.13145E-03   0.12990E-03
 8067.76   0.16742E-03   0.13134E-03   0.12982E-03
 8081.37   0.16683E-03   0.13079E-03   0.12931E-03
 8094.97   0.16627E-03   0.13027E-03   0.12883E-03
 8108.58   0.16573E-03   0.12976E-03   0.12836E-03
 8122.18   0.16520E-03   0.12927E-03   0.12791E-03
 8135.79   0.16469E-03   0.12879E-03   0.12746E-03
 8149.39   0.16419E-03   0.12832E-03   0.12703E-03
 8163.00   0.16370E-03   0.12786E-03   0.12661E-03
 8176.60   0.16322E-03   0.12741E-03   0.12620E-03
 8190.21   0.16274E-03   0.12697E-03   0.12579E-03
 8203.81   0.16225E-03   0.12651E-03   0.12537E-03
 8217.42   0.16166E-03   0.12598E-03   0.12488E-03
 8231.02   0.16150E-03   0.12579E-03   0.12472E-03
 8244.63   0.16091E-03   0.12525E-03   0.12422E-03
 8258.23   0.16039E-03   0.12478E-03   0.12378E-03
 8271.84   0.15987E-03   0.12431E-03   0.12335E-03
 8285.44   0.15935E-03   0.12384E-03   0.12292E-03
 8299.05   0.15883E-03   0.12337E-03   0.12248E-03
 8312.65   0.15832E-03   0.12291E-03   0.12206E-03
 8326.26   0.15782E-03   0.12245E-03   0.12164E-03
 8339.86   0.15733E-03   0.12201E-03   0.12123E-03
 8353.47   0.15686E-03   0.12158E-03   0.12084E-03
 8367.07   0.15639E-03   0.12116E-03   0.12045E-03
 8380.68   0.15594E-03   0.12074E-03   0.12007E-03
 8394.28   0.15548E-03   0.12033E-03   0.11969E-03
 8407.89   0.15505E-03   0.11994E-03   0.11934E-03
 8421.49   0.15459E-03   0.11953E-03   0.11896E-03
 8435.10   0.15413E-03   0.11911E-03   0.11858E-03
 8448.70   0.15366E-03   0.11869E-03   0.11819E-03
 8462.31   0.15318E-03   0.11826E-03   0.11780E-03
 8475.91   0.15269E-03   0.11783E-03   0.11740E-03
 8489.52   0.15219E-03   0.11739E-03   0.11700E-03
 8503.12   0.15170E-03   0.11696E-03   0.11660E-03
 8516.73   0.15121E-03   0.11653E-03   0.11620E-03
 8530.33   0.15072E-03   0.11611E-03   0.11581E-03
 8543.94   0.15025E-03   0.11569E-03   0.11543E-03
 8557.54   0.14979E-03   0.11529E-03   0.11506E-03
 8571.15   0.14931E-03   0.11487E-03   0.11467E-03
 8584.75   0.14897E-03   0.11456E-03   0.11439E-03
 8598.36   0.14851E-03   0.11416E-03   0.11402E-03
 8611.96   0.14807E-03   0.11377E-03   0.11368E-03
 8625.57   0.14764E-03   0.11339E-03   0.11333E-03
 8639.17   0.14720E-03   0.11301E-03   0.11297E-03
 8652.78   0.14674E-03   0.11262E-03   0.11261E-03
 8666.38   0.14628E-03   0.11222E-03   0.11225E-03
 8679.99   0.14581E-03   0.11181E-03   0.11187E-03
 8693.59   0.14533E-03   0.11140E-03   0.11149E-03
 8707.20   0.14485E-03   0.11099E-03   0.11111E-03
 8720.80   0.14436E-03   0.11058E-03   0.11073E-03
 8734.41   0.14387E-03   0.11016E-03   0.11034E-03
 8748.01   0.14331E-03   0.10969E-03   0.10990E-03
 8761.62   0.14297E-03   0.10939E-03   0.10964E-03
 8775.22   0.14272E-03   0.10916E-03   0.10944E-03
 8788.83   0.14226E-03   0.10877E-03   0.10908E-03
 8802.43   0.14184E-03   0.10840E-03   0.10874E-03
 8816.04   0.14142E-03   0.10804E-03   0.10841E-03
 8829.64   0.14100E-03   0.10769E-03   0.10809E-03
 8843.25   0.14057E-03   0.10733E-03   0.10776E-03
 8856.85   0.14014E-03   0.10696E-03   0.10742E-03
 8870.46   0.13969E-03   0.10658E-03   0.10707E-03
 8884.06   0.13924E-03   0.10620E-03   0.10672E-03
 8897.67   0.13876E-03   0.10580E-03   0.10635E-03
 8911.27   0.13827E-03   0.10539E-03   0.10597E-03
 8924.88   0.13769E-03   0.10492E-03   0.10553E-03
 8938.48   0.13731E-03   0.10460E-03   0.10524E-03
 8952.09   0.13730E-03   0.10456E-03   0.10523E-03
 8965.69   0.13675E-03   0.10411E-03   0.10480E-03
 8979.30   0.13629E-03   0.10373E-03   0.10445E-03
 8992.90   0.13586E-03   0.10338E-03   0.10412E-03
 9006.51   0.13546E-03   0.10303E-03   0.10381E-03
 9020.11   0.13505E-03   0.10270E-03   0.10350E-03
 9033.72   0.13465E-03   0.10237E-03   0.10320E-03
 9047.32   0.13425E-03   0.10203E-03   0.10289E-03
 9060.93   0.13383E-03   0.10169E-03   0.10257E-03
 9074.53   0.13340E-03   0.10133E-03   0.10225E-03
 9088.14   0.13294E-03   0.10096E-03   0.10190E-03
 9101.74   0.13243E-03   0.10054E-03   0.10151E-03
 9115.35   0.13160E-03   0.99888E-04   0.10088E-03
 9128.95   0.13240E-03   0.10047E-03   0.10149E-03
 9142.56   0.13153E-03   0.99789E-04   0.10084E-03
 9156.16   0.13103E-03   0.99379E-04   0.10045E-03
 9169.77   0.13057E-03   0.99013E-04   0.10012E-03
 9183.37   0.13015E-03   0.98669E-04   0.99797E-04
 9196.98   0.12975E-03   0.98340E-04   0.99494E-04
 9210.58   0.12935E-03   0.98022E-04   0.99202E-04
 9224.19   0.12897E-03   0.97710E-04   0.98916E-04
 9237.79   0.12859E-03   0.97400E-04   0.98632E-04
 9251.40   0.12820E-03   0.97087E-04   0.98345E-04
 9265.00   0.12780E-03   0.96765E-04   0.98048E-04
 9278.61   0.12737E-03   0.96424E-04   0.97732E-04
 9292.21   0.12687E-03   0.96023E-04   0.97355E-04
 9305.82   0.12645E-03   0.95688E-04   0.97045E-04
 9319.42   0.12658E-03   0.95768E-04   0.97155E-04
 9333.03   0.12600E-03   0.95313E-04   0.96723E-04
 9346.63   0.12553E-03   0.94944E-04   0.96377E-04
 9360.24   0.12509E-03   0.94597E-04   0.96055E-04
 9373.84   0.12467E-03   0.94264E-04   0.95746E-04
 9387.45   0.12426E-03   0.93943E-04   0.95449E-04
 9401.05   0.12387E-03   0.93634E-04   0.95163E-04
 9414.66   0.12349E-03   0.93335E-04   0.94888E-04
 9428.26   0.12312E-03   0.93043E-04   0.94620E-04
 9441.87   0.12276E-03   0.92755E-04   0.94357E-04
 9455.47   0.12239E-03   0.92466E-04   0.94091E-04
 9469.08   0.12201E-03   0.92167E-04   0.93815E-04
 9482.68   0.12156E-03   0.91820E-04   0.93490E-04
 9496.29   0.12114E-03   0.91497E-04   0.93191E-04
 9509.89   0.12108E-03   0.91444E-04   0.93165E-04
 9523.50   0.12063E-03   0.91096E-04   0.92839E-04
 9537.10   0.12021E-03   0.90772E-04   0.92536E-04
 9550.71   0.11980E-03   0.90452E-04   0.92239E-04
 9564.31   0.11939E-03   0.90137E-04   0.91946E-04
 9577.92   0.11898E-03   0.89827E-04   0.91657E-04
 9591.52   0.11859E-03   0.89524E-04   0.91376E-04
 9605.13   0.11820E-03   0.89231E-04   0.91105E-04
 9618.73   0.11783E-03   0.88947E-04   0.90843E-04
 9632.34   0.11747E-03   0.88672E-04   0.90590E-04
 9645.94   0.11712E-03   0.88404E-04   0.90344E-04
 9659.55   0.11677E-03   0.88140E-04   0.90102E-04
 9673.15   0.11641E-03   0.87867E-04   0.89850E-04
 9686.76   0.11603E-03   0.87579E-04   0.89583E-04
 9700.36   0.11577E-03   0.87387E-04   0.89415E-04
 9713.97   0.11540E-03   0.87111E-04   0.89159E-04
 9727.57   0.11503E-03   0.86832E-04   0.88901E-04
 9741.18   0.11465E-03   0.86548E-04   0.88638E-04
 9754.78   0.11426E-03   0.86260E-04   0.88369E-04
 9768.39   0.11387E-03   0.85968E-04   0.88098E-04
 9781.99   0.11348E-03   0.85677E-04   0.87826E-04
 9795.60   0.11309E-03   0.85389E-04   0.87558E-04
 9809.20   0.11271E-03   0.85108E-04   0.87296E-04
 9822.81   0.11233E-03   0.84834E-04   0.87042E-04
 9836.41   0.11197E-03   0.84569E-04   0.86797E-04
 9850.02   0.11162E-03   0.84313E-04   0.86561E-04
 9863.62   0.11128E-03   0.84063E-04   0.86331E-04
 9877.23   0.11097E-03   0.83835E-04   0.86123E-04
 9890.83   0.11063E-03   0.83591E-04   0.85898E-04
 9904.44   0.11029E-03   0.83349E-04   0.85676E-04
 9918.04   0.10996E-03   0.83106E-04   0.85452E-04
 9931.65   0.10961E-03   0.82857E-04   0.85222E-04
 9945.25   0.10925E-03   0.82601E-04   0.84985E-04
 9958.86   0.10889E-03   0.82338E-04   0.84740E-04
 9972.46   0.10851E-03   0.82069E-04   0.84489E-04
 9986.07   0.10813E-03   0.81796E-04   0.84234E-04
 9999.67   0.10775E-03   0.81521E-04   0.83976E-04
