  435.36   0.59615E+00   0.60670E+00   0.57156E+00
  448.96   0.58878E+00   0.59944E+00   0.56549E+00
  462.57   0.58125E+00   0.59201E+00   0.55920E+00
  476.17   0.57381E+00   0.58466E+00   0.55294E+00
  489.78   0.56630E+00   0.57723E+00   0.54656E+00
  503.38   0.55846E+00   0.56946E+00   0.53980E+00
  516.99   0.55075E+00   0.56182E+00   0.53312E+00
  530.59   0.54312E+00   0.55425E+00   0.52647E+00
  544.20   0.53522E+00   0.54641E+00   0.51951E+00
  557.80   0.52747E+00   0.53870E+00   0.51265E+00
  571.41   0.51986E+00   0.53112E+00   0.50588E+00
  585.01   0.51209E+00   0.52339E+00   0.49893E+00
  598.62   0.50464E+00   0.51597E+00   0.49224E+00
  612.22   0.49713E+00   0.50848E+00   0.48547E+00
  625.83   0.48994E+00   0.50131E+00   0.47897E+00
  639.43   0.48232E+00   0.49369E+00   0.47201E+00
  653.04   0.47504E+00   0.48642E+00   0.46536E+00
  666.64   0.46778E+00   0.47916E+00   0.45870E+00
  680.25   0.46041E+00   0.47178E+00   0.45191E+00
  693.85   0.45350E+00   0.46487E+00   0.44554E+00
  707.46   0.44653E+00   0.45789E+00   0.43909E+00
  721.06   0.43962E+00   0.45096E+00   0.43266E+00
  734.67   0.43275E+00   0.44407E+00   0.42626E+00
  748.27   0.42612E+00   0.43741E+00   0.42007E+00
  761.88   0.41957E+00   0.43084E+00   0.41394E+00
  775.48   0.41308E+00   0.42431E+00   0.40784E+00
  789.09   0.40665E+00   0.41785E+00   0.40179E+00
  802.69   0.40036E+00   0.41153E+00   0.39586E+00
  816.30   0.39420E+00   0.40533E+00   0.39004E+00
  829.90   0.38812E+00   0.39920E+00   0.38428E+00
  843.51   0.38206E+00   0.39309E+00   0.37852E+00
  857.11   0.37612E+00   0.38710E+00   0.37287E+00
  870.72   0.37031E+00   0.38124E+00   0.36734E+00
  884.32   0.36463E+00   0.37551E+00   0.36192E+00
  897.93   0.35893E+00   0.36976E+00   0.35647E+00
  911.53   0.35343E+00   0.36419E+00   0.35119E+00
  925.14   0.34799E+00   0.35870E+00   0.34598E+00
  938.74   0.34269E+00   0.35334E+00   0.34088E+00
  952.35   0.33758E+00   0.34816E+00   0.33596E+00
  965.95   0.33230E+00   0.34282E+00   0.33087E+00
  979.56   0.32725E+00   0.33770E+00   0.32599E+00
  993.16   0.32228E+00   0.33266E+00   0.32118E+00
 1006.77   0.31746E+00   0.32777E+00   0.31652E+00
 1020.37   0.31257E+00   0.32281E+00   0.31177E+00
 1033.98   0.30790E+00   0.31807E+00   0.30724E+00
 1047.58   0.30327E+00   0.31336E+00   0.30273E+00
 1061.19   0.29871E+00   0.30873E+00   0.29829E+00
 1074.79   0.29437E+00   0.30432E+00   0.29406E+00
 1088.40   0.28984E+00   0.29970E+00   0.28963E+00
 1102.00   0.28556E+00   0.29535E+00   0.28544E+00
 1115.61   0.28133E+00   0.29104E+00   0.28131E+00
 1129.21   0.27718E+00   0.28681E+00   0.27723E+00
 1142.82   0.27305E+00   0.28260E+00   0.27318E+00
 1156.42   0.26909E+00   0.27856E+00   0.26929E+00
 1170.03   0.26519E+00   0.27457E+00   0.26546E+00
 1183.63   0.26134E+00   0.27065E+00   0.26167E+00
 1197.24   0.25755E+00   0.26677E+00   0.25793E+00
 1210.84   0.25381E+00   0.26295E+00   0.25424E+00
 1224.45   0.25015E+00   0.25921E+00   0.25063E+00
 1238.05   0.24658E+00   0.25554E+00   0.24709E+00
 1251.66   0.24306E+00   0.25195E+00   0.24362E+00
 1265.26   0.23960E+00   0.24840E+00   0.24019E+00
 1278.87   0.23618E+00   0.24489E+00   0.23679E+00
 1292.47   0.23283E+00   0.24145E+00   0.23347E+00
 1306.08   0.22955E+00   0.23809E+00   0.23021E+00
 1319.68   0.22634E+00   0.23479E+00   0.22701E+00
 1333.29   0.22319E+00   0.23156E+00   0.22388E+00
 1346.89   0.22004E+00   0.22832E+00   0.22074E+00
 1360.50   0.21700E+00   0.22520E+00   0.21772E+00
 1374.10   0.21400E+00   0.22211E+00   0.21472E+00
 1387.71   0.21106E+00   0.21908E+00   0.21178E+00
 1401.31   0.20818E+00   0.21612E+00   0.20891E+00
 1414.92   0.20542E+00   0.21327E+00   0.20614E+00
 1428.52   0.20253E+00   0.21029E+00   0.20325E+00
 1442.13   0.19979E+00   0.20746E+00   0.20050E+00
 1455.73   0.19708E+00   0.20467E+00   0.19779E+00
 1469.34   0.19443E+00   0.20193E+00   0.19513E+00
 1482.94   0.19186E+00   0.19927E+00   0.19254E+00
 1496.55   0.18924E+00   0.19656E+00   0.18991E+00
 1510.15   0.18674E+00   0.19398E+00   0.18739E+00
 1523.76   0.18427E+00   0.19142E+00   0.18490E+00
 1537.36   0.18183E+00   0.18889E+00   0.18245E+00
 1550.97   0.17944E+00   0.18642E+00   0.18004E+00
 1564.57   0.17713E+00   0.18402E+00   0.17770E+00
 1578.18   0.17477E+00   0.18157E+00   0.17532E+00
 1591.78   0.17251E+00   0.17923E+00   0.17304E+00
 1605.39   0.17028E+00   0.17692E+00   0.17079E+00
 1618.99   0.16809E+00   0.17463E+00   0.16856E+00
 1632.60   0.16593E+00   0.17239E+00   0.16638E+00
 1646.20   0.16378E+00   0.17016E+00   0.16420E+00
 1659.81   0.16172E+00   0.16801E+00   0.16211E+00
 1673.41   0.15967E+00   0.16588E+00   0.16003E+00
 1687.02   0.15766E+00   0.16378E+00   0.15799E+00
 1700.62   0.15567E+00   0.16171E+00   0.15597E+00
 1714.23   0.15372E+00   0.15967E+00   0.15399E+00
 1727.83   0.15179E+00   0.15766E+00   0.15202E+00
 1741.44   0.14990E+00   0.15569E+00   0.15010E+00
 1755.04   0.14805E+00   0.15375E+00   0.14821E+00
 1768.65   0.14622E+00   0.15185E+00   0.14636E+00
 1782.25   0.14443E+00   0.14997E+00   0.14453E+00
 1795.86   0.14266E+00   0.14812E+00   0.14272E+00
 1809.46   0.14091E+00   0.14629E+00   0.14094E+00
 1823.07   0.13919E+00   0.14450E+00   0.13918E+00
 1836.67   0.13751E+00   0.14273E+00   0.13746E+00
 1850.28   0.13586E+00   0.14100E+00   0.13577E+00
 1863.88   0.13423E+00   0.13929E+00   0.13411E+00
 1877.49   0.13263E+00   0.13762E+00   0.13247E+00
 1891.09   0.13104E+00   0.13595E+00   0.13084E+00
 1904.70   0.12949E+00   0.13431E+00   0.12925E+00
 1918.30   0.12795E+00   0.13270E+00   0.12768E+00
 1931.91   0.12645E+00   0.13112E+00   0.12614E+00
 1945.51   0.12497E+00   0.12956E+00   0.12462E+00
 1959.12   0.12352E+00   0.12804E+00   0.12313E+00
 1972.72   0.12205E+00   0.12649E+00   0.12162E+00
 1986.33   0.12065E+00   0.12502E+00   0.12019E+00
 1999.93   0.11926E+00   0.12355E+00   0.11875E+00
 2013.54   0.11788E+00   0.12210E+00   0.11734E+00
 2027.14   0.11653E+00   0.12067E+00   0.11595E+00
 2040.75   0.11520E+00   0.11927E+00   0.11458E+00
 2054.35   0.11391E+00   0.11791E+00   0.11325E+00
 2067.96   0.11259E+00   0.11652E+00   0.11189E+00
 2081.56   0.11133E+00   0.11518E+00   0.11059E+00
 2095.17   0.11007E+00   0.11385E+00   0.10930E+00
 2108.77   0.10884E+00   0.11255E+00   0.10802E+00
 2122.38   0.10762E+00   0.11126E+00   0.10677E+00
 2135.98   0.10644E+00   0.11000E+00   0.10554E+00
 2149.59   0.10523E+00   0.10873E+00   0.10430E+00
 2163.19   0.10409E+00   0.10751E+00   0.10312E+00
 2176.80   0.10295E+00   0.10630E+00   0.10194E+00
 2190.40   0.10182E+00   0.10511E+00   0.10077E+00
 2204.01   0.10071E+00   0.10393E+00   0.99624E-01
 2217.61   0.99612E-01   0.10277E+00   0.98491E-01
 2231.22   0.98539E-01   0.10163E+00   0.97381E-01
 2244.82   0.97463E-01   0.10048E+00   0.96268E-01
 2258.43   0.96421E-01   0.99376E-01   0.95188E-01
 2272.03   0.95391E-01   0.98280E-01   0.94121E-01
 2285.64   0.94374E-01   0.97198E-01   0.93068E-01
 2299.24   0.93370E-01   0.96130E-01   0.92027E-01
 2312.85   0.92379E-01   0.95075E-01   0.91001E-01
 2326.45   0.91407E-01   0.94039E-01   0.89993E-01
 2340.06   0.90439E-01   0.93008E-01   0.88989E-01
 2353.66   0.89493E-01   0.91999E-01   0.88007E-01
 2367.27   0.88561E-01   0.91005E-01   0.87040E-01
 2380.87   0.87642E-01   0.90024E-01   0.86086E-01
 2394.48   0.86735E-01   0.89056E-01   0.85144E-01
 2408.08   0.85839E-01   0.88099E-01   0.84214E-01
 2421.69   0.84955E-01   0.87155E-01   0.83296E-01
 2435.29   0.84083E-01   0.86223E-01   0.82391E-01
 2448.90   0.83225E-01   0.85306E-01   0.81499E-01
 2462.50   0.82380E-01   0.84402E-01   0.80620E-01
 2476.11   0.81547E-01   0.83510E-01   0.79754E-01
 2489.71   0.80725E-01   0.82631E-01   0.78900E-01
 2503.32   0.79914E-01   0.81762E-01   0.78056E-01
 2516.92   0.79113E-01   0.80904E-01   0.77223E-01
 2530.53   0.78320E-01   0.80055E-01   0.76398E-01
 2544.13   0.77539E-01   0.79218E-01   0.75586E-01
 2557.74   0.76770E-01   0.78394E-01   0.74786E-01
 2571.34   0.76012E-01   0.77580E-01   0.73996E-01
 2584.95   0.75265E-01   0.76778E-01   0.73218E-01
 2598.55   0.74528E-01   0.75987E-01   0.72451E-01
 2612.16   0.73801E-01   0.75207E-01   0.71694E-01
 2625.76   0.73076E-01   0.74429E-01   0.70940E-01
 2639.37   0.72366E-01   0.73667E-01   0.70201E-01
 2652.97   0.71665E-01   0.72913E-01   0.69471E-01
 2666.58   0.70974E-01   0.72170E-01   0.68751E-01
 2680.18   0.70292E-01   0.71437E-01   0.68041E-01
 2693.79   0.69621E-01   0.70715E-01   0.67341E-01
 2707.39   0.68961E-01   0.70005E-01   0.66654E-01
 2721.00   0.68296E-01   0.69290E-01   0.65962E-01
 2734.60   0.67652E-01   0.68596E-01   0.65290E-01
 2748.21   0.67014E-01   0.67909E-01   0.64625E-01
 2761.81   0.66383E-01   0.67229E-01   0.63968E-01
 2775.42   0.65760E-01   0.66559E-01   0.63319E-01
 2789.02   0.65146E-01   0.65897E-01   0.62679E-01
 2802.63   0.64541E-01   0.65245E-01   0.62048E-01
 2816.23   0.63948E-01   0.64605E-01   0.61430E-01
 2829.84   0.63348E-01   0.63958E-01   0.60805E-01
 2843.44   0.62765E-01   0.63329E-01   0.60198E-01
 2857.05   0.62188E-01   0.62707E-01   0.59597E-01
 2870.65   0.61618E-01   0.62093E-01   0.59003E-01
 2884.26   0.61056E-01   0.61485E-01   0.58417E-01
 2897.86   0.60500E-01   0.60886E-01   0.57838E-01
 2911.47   0.59953E-01   0.60295E-01   0.57268E-01
 2925.07   0.59407E-01   0.59705E-01   0.56699E-01
 2938.68   0.58874E-01   0.59129E-01   0.56144E-01
 2952.28   0.58345E-01   0.58558E-01   0.55594E-01
 2965.89   0.57823E-01   0.57994E-01   0.55050E-01
 2979.49   0.57308E-01   0.57437E-01   0.54513E-01
 2993.10   0.56798E-01   0.56886E-01   0.53982E-01
 3006.70   0.56294E-01   0.56342E-01   0.53458E-01
 3020.31   0.55797E-01   0.55804E-01   0.52940E-01
 3033.91   0.55305E-01   0.55272E-01   0.52428E-01
 3047.52   0.54820E-01   0.54748E-01   0.51923E-01
 3061.12   0.54341E-01   0.54229E-01   0.51424E-01
 3074.73   0.53867E-01   0.53717E-01   0.50932E-01
 3088.33   0.53399E-01   0.53210E-01   0.50445E-01
 3101.94   0.52936E-01   0.52710E-01   0.49964E-01
 3115.54   0.52479E-01   0.52215E-01   0.49488E-01
 3129.15   0.52028E-01   0.51726E-01   0.49018E-01
 3142.75   0.51581E-01   0.51243E-01   0.48554E-01
 3156.36   0.51140E-01   0.50766E-01   0.48096E-01
 3169.96   0.50704E-01   0.50294E-01   0.47643E-01
 3183.57   0.50273E-01   0.49827E-01   0.47195E-01
 3197.17   0.49847E-01   0.49366E-01   0.46752E-01
 3210.78   0.49425E-01   0.48910E-01   0.46315E-01
 3224.38   0.49009E-01   0.48459E-01   0.45883E-01
 3237.99   0.48597E-01   0.48013E-01   0.45455E-01
 3251.59   0.48190E-01   0.47573E-01   0.45033E-01
 3265.20   0.47788E-01   0.47137E-01   0.44616E-01
 3278.80   0.47391E-01   0.46707E-01   0.44204E-01
 3292.41   0.46997E-01   0.46281E-01   0.43796E-01
 3306.01   0.46608E-01   0.45860E-01   0.43393E-01
 3319.62   0.46224E-01   0.45444E-01   0.42995E-01
 3333.22   0.45843E-01   0.45032E-01   0.42601E-01
 3346.83   0.45467E-01   0.44625E-01   0.42211E-01
 3360.43   0.45097E-01   0.44223E-01   0.41827E-01
 3374.04   0.44729E-01   0.43825E-01   0.41447E-01
 3387.64   0.44366E-01   0.43432E-01   0.41071E-01
 3401.25   0.44006E-01   0.43043E-01   0.40700E-01
 3414.85   0.43651E-01   0.42659E-01   0.40332E-01
 3428.46   0.43299E-01   0.42278E-01   0.39969E-01
 3442.06   0.42951E-01   0.41901E-01   0.39609E-01
 3455.67   0.42606E-01   0.41528E-01   0.39253E-01
 3469.27   0.42269E-01   0.41163E-01   0.38905E-01
 3482.88   0.41931E-01   0.40798E-01   0.38557E-01
 3496.48   0.41598E-01   0.40438E-01   0.38214E-01
 3510.09   0.41269E-01   0.40082E-01   0.37874E-01
 3523.69   0.40943E-01   0.39729E-01   0.37539E-01
 3537.30   0.40621E-01   0.39381E-01   0.37207E-01
 3550.90   0.40302E-01   0.39036E-01   0.36878E-01
 3564.51   0.39985E-01   0.38694E-01   0.36553E-01
 3578.11   0.39670E-01   0.38354E-01   0.36229E-01
 3591.72   0.39367E-01   0.38025E-01   0.35916E-01
 3605.32   0.39060E-01   0.37694E-01   0.35602E-01
 3618.93   0.38757E-01   0.37367E-01   0.35291E-01
 3632.53   0.38458E-01   0.37044E-01   0.34984E-01
 3646.14   0.38162E-01   0.36724E-01   0.34680E-01
 3659.74   0.37869E-01   0.36408E-01   0.34379E-01
 3673.35   0.37578E-01   0.36094E-01   0.34082E-01
 3686.95   0.37289E-01   0.35782E-01   0.33786E-01
 3700.56   0.37011E-01   0.35482E-01   0.33501E-01
 3714.16   0.36727E-01   0.35176E-01   0.33210E-01
 3727.77   0.36448E-01   0.34875E-01   0.32925E-01
 3741.37   0.36172E-01   0.34578E-01   0.32643E-01
 3754.98   0.35899E-01   0.34284E-01   0.32364E-01
 3768.58   0.35629E-01   0.33993E-01   0.32089E-01
 3782.19   0.35362E-01   0.33705E-01   0.31817E-01
 3795.79   0.35098E-01   0.33421E-01   0.31547E-01
 3809.40   0.34835E-01   0.33138E-01   0.31279E-01
 3823.00   0.34579E-01   0.32862E-01   0.31019E-01
 3836.61   0.34321E-01   0.32585E-01   0.30756E-01
 3850.21   0.34066E-01   0.32311E-01   0.30497E-01
 3863.82   0.33814E-01   0.32040E-01   0.30241E-01
 3877.42   0.33564E-01   0.31772E-01   0.29988E-01
 3891.03   0.33317E-01   0.31507E-01   0.29737E-01
 3904.63   0.33073E-01   0.31245E-01   0.29490E-01
 3918.24   0.32832E-01   0.30986E-01   0.29245E-01
 3931.84   0.32592E-01   0.30728E-01   0.29002E-01
 3945.45   0.32356E-01   0.30476E-01   0.28764E-01
 3959.05   0.32121E-01   0.30224E-01   0.28526E-01
 3972.66   0.31888E-01   0.29974E-01   0.28290E-01
 3986.26   0.31657E-01   0.29726E-01   0.28057E-01
 3999.87   0.31428E-01   0.29481E-01   0.27826E-01
 4013.47   0.31201E-01   0.29239E-01   0.27598E-01
 4027.08   0.30977E-01   0.28999E-01   0.27372E-01
 4040.68   0.30756E-01   0.28763E-01   0.27149E-01
 4054.29   0.30536E-01   0.28528E-01   0.26928E-01
 4067.89   0.30319E-01   0.28296E-01   0.26710E-01
 4081.50   0.30104E-01   0.28067E-01   0.26494E-01
 4095.10   0.29890E-01   0.27839E-01   0.26279E-01
 4108.71   0.29678E-01   0.27613E-01   0.26067E-01
 4122.31   0.29468E-01   0.27389E-01   0.25856E-01
 4135.92   0.29260E-01   0.27167E-01   0.25648E-01
 4149.52   0.29053E-01   0.26947E-01   0.25441E-01
 4163.13   0.28849E-01   0.26730E-01   0.25237E-01
 4176.73   0.28647E-01   0.26515E-01   0.25036E-01
 4190.34   0.28449E-01   0.26304E-01   0.24838E-01
 4203.94   0.28250E-01   0.26094E-01   0.24640E-01
 4217.55   0.28054E-01   0.25885E-01   0.24445E-01
 4231.15   0.27860E-01   0.25679E-01   0.24251E-01
 4244.76   0.27667E-01   0.25474E-01   0.24059E-01
 4258.36   0.27475E-01   0.25271E-01   0.23869E-01
 4271.97   0.27284E-01   0.25069E-01   0.23680E-01
 4285.57   0.27095E-01   0.24869E-01   0.23492E-01
 4299.18   0.26903E-01   0.24667E-01   0.23303E-01
 4312.78   0.26728E-01   0.24481E-01   0.23129E-01
 4326.39   0.26544E-01   0.24287E-01   0.22947E-01
 4339.99   0.26363E-01   0.24095E-01   0.22768E-01
 4353.60   0.26183E-01   0.23906E-01   0.22591E-01
 4367.20   0.26006E-01   0.23719E-01   0.22416E-01
 4380.81   0.25829E-01   0.23533E-01   0.22242E-01
 4394.41   0.25653E-01   0.23348E-01   0.22069E-01
 4408.02   0.25478E-01   0.23164E-01   0.21897E-01
 4421.62   0.25302E-01   0.22980E-01   0.21725E-01
 4435.23   0.25149E-01   0.22816E-01   0.21573E-01
 4448.83   0.24970E-01   0.22630E-01   0.21398E-01
 4462.44   0.24801E-01   0.22453E-01   0.21233E-01
 4476.04   0.24634E-01   0.22278E-01   0.21070E-01
 4489.65   0.24470E-01   0.22106E-01   0.20910E-01
 4503.25   0.24307E-01   0.21936E-01   0.20751E-01
 4516.86   0.24145E-01   0.21767E-01   0.20593E-01
 4530.46   0.23984E-01   0.21598E-01   0.20436E-01
 4544.07   0.23823E-01   0.21430E-01   0.20280E-01
 4557.67   0.23662E-01   0.21263E-01   0.20124E-01
 4571.28   0.23516E-01   0.21110E-01   0.19981E-01
 4584.88   0.23357E-01   0.20944E-01   0.19827E-01
 4598.49   0.23202E-01   0.20783E-01   0.19677E-01
 4612.09   0.23048E-01   0.20624E-01   0.19529E-01
 4625.70   0.22897E-01   0.20467E-01   0.19383E-01
 4639.30   0.22747E-01   0.20311E-01   0.19238E-01
 4652.91   0.22599E-01   0.20157E-01   0.19095E-01
 4666.51   0.22451E-01   0.20004E-01   0.18953E-01
 4680.12   0.22302E-01   0.19851E-01   0.18810E-01
 4693.72   0.22151E-01   0.19696E-01   0.18666E-01
 4707.33   0.22019E-01   0.19557E-01   0.18537E-01
 4720.93   0.21874E-01   0.19408E-01   0.18398E-01
 4734.54   0.21731E-01   0.19260E-01   0.18262E-01
 4748.14   0.21589E-01   0.19115E-01   0.18126E-01
 4761.75   0.21449E-01   0.18971E-01   0.17993E-01
 4775.35   0.21311E-01   0.18829E-01   0.17861E-01
 4788.96   0.21174E-01   0.18688E-01   0.17731E-01
 4802.56   0.21039E-01   0.18549E-01   0.17601E-01
 4816.17   0.20902E-01   0.18410E-01   0.17472E-01
 4829.77   0.20776E-01   0.18279E-01   0.17351E-01
 4843.38   0.20639E-01   0.18140E-01   0.17222E-01
 4856.98   0.20506E-01   0.18004E-01   0.17096E-01
 4870.59   0.20374E-01   0.17869E-01   0.16972E-01
 4884.19   0.20243E-01   0.17736E-01   0.16848E-01
 4897.80   0.20114E-01   0.17604E-01   0.16726E-01
 4911.40   0.19986E-01   0.17474E-01   0.16605E-01
 4925.01   0.19859E-01   0.17345E-01   0.16486E-01
 4938.61   0.19733E-01   0.17217E-01   0.16368E-01
 4952.22   0.19609E-01   0.17091E-01   0.16251E-01
 4965.82   0.19487E-01   0.16967E-01   0.16136E-01
 4979.43   0.19364E-01   0.16843E-01   0.16021E-01
 4993.03   0.19242E-01   0.16719E-01   0.15907E-01
 5006.64   0.19120E-01   0.16596E-01   0.15794E-01
 5020.24   0.18999E-01   0.16474E-01   0.15681E-01
 5033.85   0.18879E-01   0.16353E-01   0.15569E-01
 5047.45   0.18760E-01   0.16233E-01   0.15458E-01
 5061.06   0.18642E-01   0.16115E-01   0.15349E-01
 5074.66   0.18525E-01   0.15997E-01   0.15240E-01
 5088.27   0.18409E-01   0.15881E-01   0.15133E-01
 5101.87   0.18297E-01   0.15768E-01   0.15029E-01
 5115.48   0.18183E-01   0.15654E-01   0.14924E-01
 5129.08   0.18070E-01   0.15541E-01   0.14820E-01
 5142.69   0.17958E-01   0.15430E-01   0.14716E-01
 5156.29   0.17846E-01   0.15318E-01   0.14614E-01
 5169.90   0.17735E-01   0.15207E-01   0.14511E-01
 5183.50   0.17624E-01   0.15097E-01   0.14410E-01
 5197.11   0.17514E-01   0.14988E-01   0.14309E-01
 5210.71   0.17404E-01   0.14879E-01   0.14209E-01
 5224.32   0.17295E-01   0.14771E-01   0.14109E-01
 5237.92   0.17188E-01   0.14665E-01   0.14012E-01
 5251.53   0.17087E-01   0.14565E-01   0.13919E-01
 5265.13   0.16982E-01   0.14461E-01   0.13823E-01
 5278.74   0.16878E-01   0.14358E-01   0.13729E-01
 5292.34   0.16775E-01   0.14256E-01   0.13635E-01
 5305.95   0.16672E-01   0.14155E-01   0.13542E-01
 5319.55   0.16569E-01   0.14054E-01   0.13449E-01
 5333.16   0.16467E-01   0.13954E-01   0.13357E-01
 5346.76   0.16364E-01   0.13854E-01   0.13265E-01
 5360.37   0.16261E-01   0.13753E-01   0.13172E-01
 5373.97   0.16161E-01   0.13655E-01   0.13082E-01
 5387.58   0.16072E-01   0.13567E-01   0.13001E-01
 5401.18   0.15971E-01   0.13469E-01   0.12911E-01
 5414.79   0.15873E-01   0.13374E-01   0.12823E-01
 5428.39   0.15777E-01   0.13280E-01   0.12737E-01
 5442.00   0.15681E-01   0.13187E-01   0.12652E-01
 5455.60   0.15587E-01   0.13095E-01   0.12567E-01
 5469.21   0.15492E-01   0.13003E-01   0.12483E-01
 5482.81   0.15397E-01   0.12912E-01   0.12399E-01
 5496.42   0.15301E-01   0.12820E-01   0.12314E-01
 5510.02   0.15202E-01   0.12725E-01   0.12226E-01
 5523.63   0.15135E-01   0.12657E-01   0.12165E-01
 5537.23   0.15031E-01   0.12559E-01   0.12074E-01
 5550.84   0.14938E-01   0.12469E-01   0.11992E-01
 5564.44   0.14847E-01   0.12382E-01   0.11912E-01
 5578.05   0.14757E-01   0.12297E-01   0.11834E-01
 5591.65   0.14669E-01   0.12212E-01   0.11756E-01
 5605.26   0.14581E-01   0.12128E-01   0.11679E-01
 5618.86   0.14493E-01   0.12044E-01   0.11602E-01
 5632.47   0.14406E-01   0.11961E-01   0.11525E-01
 5646.07   0.14317E-01   0.11877E-01   0.11448E-01
 5659.68   0.14228E-01   0.11793E-01   0.11371E-01
 5673.28   0.14156E-01   0.11723E-01   0.11307E-01
 5686.89   0.14066E-01   0.11638E-01   0.11229E-01
 5700.49   0.13980E-01   0.11557E-01   0.11155E-01
 5714.10   0.13895E-01   0.11477E-01   0.11081E-01
 5727.70   0.13811E-01   0.11398E-01   0.11009E-01
 5741.31   0.13729E-01   0.11320E-01   0.10938E-01
 5754.91   0.13647E-01   0.11243E-01   0.10867E-01
 5768.52   0.13566E-01   0.11167E-01   0.10797E-01
 5782.12   0.13485E-01   0.11091E-01   0.10728E-01
 5795.73   0.13404E-01   0.11015E-01   0.10658E-01
 5809.33   0.13320E-01   0.10938E-01   0.10587E-01
 5822.94   0.13251E-01   0.10872E-01   0.10527E-01
 5836.54   0.13170E-01   0.10796E-01   0.10457E-01
 5850.15   0.13090E-01   0.10722E-01   0.10389E-01
 5863.75   0.13011E-01   0.10649E-01   0.10322E-01
 5877.36   0.12933E-01   0.10576E-01   0.10256E-01
 5890.96   0.12855E-01   0.10505E-01   0.10190E-01
 5904.57   0.12779E-01   0.10434E-01   0.10125E-01
 5918.17   0.12704E-01   0.10364E-01   0.10061E-01
 5931.78   0.12629E-01   0.10295E-01   0.99982E-02
 5945.38   0.12554E-01   0.10226E-01   0.99350E-02
 5958.99   0.12478E-01   0.10157E-01   0.98710E-02
 5972.59   0.12409E-01   0.10093E-01   0.98130E-02
 5986.20   0.12335E-01   0.10025E-01   0.97507E-02
 5999.80   0.12261E-01   0.99576E-02   0.96889E-02
 6013.41   0.12188E-01   0.98905E-02   0.96274E-02
 6027.01   0.12114E-01   0.98239E-02   0.95663E-02
 6040.62   0.12042E-01   0.97579E-02   0.95058E-02
 6054.22   0.11970E-01   0.96927E-02   0.94460E-02
 6067.83   0.11899E-01   0.96284E-02   0.93871E-02
 6081.43   0.11829E-01   0.95649E-02   0.93289E-02
 6095.04   0.11760E-01   0.95021E-02   0.92715E-02
 6108.64   0.11691E-01   0.94399E-02   0.92145E-02
 6122.25   0.11624E-01   0.93787E-02   0.91585E-02
 6135.85   0.11556E-01   0.93174E-02   0.91023E-02
 6149.46   0.11488E-01   0.92562E-02   0.90463E-02
 6163.06   0.11420E-01   0.91951E-02   0.89903E-02
 6176.67   0.11352E-01   0.91342E-02   0.89345E-02
 6190.27   0.11284E-01   0.90735E-02   0.88788E-02
 6203.88   0.11216E-01   0.90133E-02   0.88236E-02
 6217.48   0.11149E-01   0.89536E-02   0.87689E-02
 6231.09   0.11083E-01   0.88946E-02   0.87147E-02
 6244.69   0.11017E-01   0.88360E-02   0.86611E-02
 6258.30   0.10953E-01   0.87795E-02   0.86093E-02
 6271.90   0.10891E-01   0.87241E-02   0.85586E-02
 6285.51   0.10827E-01   0.86676E-02   0.85069E-02
 6299.11   0.10764E-01   0.86117E-02   0.84558E-02
 6312.72   0.10701E-01   0.85562E-02   0.84049E-02
 6326.32   0.10638E-01   0.85008E-02   0.83541E-02
 6339.93   0.10575E-01   0.84454E-02   0.83033E-02
 6353.53   0.10512E-01   0.83901E-02   0.82525E-02
 6367.14   0.10449E-01   0.83350E-02   0.82019E-02
 6380.74   0.10386E-01   0.82800E-02   0.81515E-02
 6394.35   0.10323E-01   0.82250E-02   0.81009E-02
 6407.95   0.10263E-01   0.81723E-02   0.80526E-02
 6421.56   0.10210E-01   0.81258E-02   0.80104E-02
 6435.16   0.10147E-01   0.80714E-02   0.79604E-02
 6448.77   0.10088E-01   0.80196E-02   0.79128E-02
 6462.37   0.10029E-01   0.79685E-02   0.78660E-02
 6475.98   0.99702E-02   0.79179E-02   0.78197E-02
 6489.58   0.99119E-02   0.78676E-02   0.77735E-02
 6503.19   0.98536E-02   0.78172E-02   0.77273E-02
 6516.79   0.97950E-02   0.77668E-02   0.76810E-02
 6530.40   0.97361E-02   0.77163E-02   0.76346E-02
 6544.00   0.96766E-02   0.76654E-02   0.75877E-02
 6557.61   0.96136E-02   0.76119E-02   0.75382E-02
 6571.21   0.95548E-02   0.75618E-02   0.74921E-02
 6584.82   0.95134E-02   0.75255E-02   0.74596E-02
 6598.42   0.94552E-02   0.74760E-02   0.74140E-02
 6612.03   0.93990E-02   0.74282E-02   0.73702E-02
 6625.63   0.93439E-02   0.73814E-02   0.73272E-02
 6639.24   0.92894E-02   0.73352E-02   0.72848E-02
 6652.84   0.92353E-02   0.72893E-02   0.72427E-02
 6666.45   0.91812E-02   0.72436E-02   0.72007E-02
 6680.05   0.91269E-02   0.71978E-02   0.71585E-02
 6693.66   0.90721E-02   0.71516E-02   0.71161E-02
 6707.26   0.90157E-02   0.71043E-02   0.70724E-02
 6720.87   0.89608E-02   0.70583E-02   0.70300E-02
 6734.47   0.89240E-02   0.70268E-02   0.70020E-02
 6748.08   0.88647E-02   0.69774E-02   0.69562E-02
 6761.68   0.88104E-02   0.69321E-02   0.69144E-02
 6775.29   0.87575E-02   0.68881E-02   0.68738E-02
 6788.89   0.87057E-02   0.68450E-02   0.68342E-02
 6802.50   0.86547E-02   0.68025E-02   0.67951E-02
 6816.10   0.86042E-02   0.67606E-02   0.67566E-02
 6829.71   0.85540E-02   0.67190E-02   0.67183E-02
 6843.31   0.85038E-02   0.66774E-02   0.66801E-02
 6856.92   0.84531E-02   0.66356E-02   0.66415E-02
 6870.52   0.84004E-02   0.65922E-02   0.66014E-02
 6884.13   0.83482E-02   0.65493E-02   0.65616E-02
 6897.73   0.83122E-02   0.65194E-02   0.65350E-02
 6911.34   0.82595E-02   0.64763E-02   0.64950E-02
 6924.94   0.82090E-02   0.64349E-02   0.64568E-02
 6938.55   0.81594E-02   0.63944E-02   0.64193E-02
 6952.15   0.81105E-02   0.63545E-02   0.63825E-02
 6965.76   0.80624E-02   0.63153E-02   0.63464E-02
 6979.36   0.80150E-02   0.62768E-02   0.63108E-02
 6992.97   0.79681E-02   0.62387E-02   0.62757E-02
 7006.57   0.79216E-02   0.62010E-02   0.62410E-02
 7020.18   0.78750E-02   0.61632E-02   0.62062E-02
 7033.78   0.78271E-02   0.61245E-02   0.61703E-02
 7047.39   0.77785E-02   0.60853E-02   0.61339E-02
 7060.99   0.77413E-02   0.60553E-02   0.61068E-02
 7074.60   0.76939E-02   0.60171E-02   0.60715E-02
 7088.20   0.76472E-02   0.59797E-02   0.60368E-02
 7101.81   0.76009E-02   0.59426E-02   0.60024E-02
 7115.41   0.75550E-02   0.59058E-02   0.59684E-02
 7129.02   0.75096E-02   0.58695E-02   0.59348E-02
 7142.62   0.74648E-02   0.58338E-02   0.59017E-02
 7156.23   0.74206E-02   0.57986E-02   0.58692E-02
 7169.83   0.73770E-02   0.57640E-02   0.58371E-02
 7183.44   0.73338E-02   0.57298E-02   0.58055E-02
 7197.04   0.72906E-02   0.56956E-02   0.57739E-02
 7210.65   0.72469E-02   0.56609E-02   0.57418E-02
 7224.25   0.72073E-02   0.56296E-02   0.57130E-02
 7237.86   0.71645E-02   0.55958E-02   0.56817E-02
 7251.46   0.71217E-02   0.55621E-02   0.56504E-02
 7265.07   0.70789E-02   0.55284E-02   0.56192E-02
 7278.67   0.70361E-02   0.54948E-02   0.55879E-02
 7292.28   0.69934E-02   0.54614E-02   0.55568E-02
 7305.88   0.69510E-02   0.54282E-02   0.55260E-02
 7319.49   0.69091E-02   0.53955E-02   0.54956E-02
 7333.09   0.68677E-02   0.53632E-02   0.54656E-02
 7346.70   0.68269E-02   0.53315E-02   0.54362E-02
 7360.30   0.67864E-02   0.53001E-02   0.54071E-02
 7373.91   0.67471E-02   0.52697E-02   0.53788E-02
 7387.51   0.67082E-02   0.52393E-02   0.53507E-02
 7401.12   0.66687E-02   0.52089E-02   0.53224E-02
 7414.72   0.66294E-02   0.51785E-02   0.52942E-02
 7428.33   0.65900E-02   0.51481E-02   0.52660E-02
 7441.93   0.65504E-02   0.51177E-02   0.52376E-02
 7455.54   0.65108E-02   0.50872E-02   0.52091E-02
 7469.14   0.64711E-02   0.50567E-02   0.51807E-02
 7482.75   0.64315E-02   0.50263E-02   0.51523E-02
 7496.35   0.63921E-02   0.49961E-02   0.51241E-02
 7509.96   0.63529E-02   0.49662E-02   0.50962E-02
 7523.56   0.63136E-02   0.49363E-02   0.50683E-02
 7537.17   0.62770E-02   0.49085E-02   0.50424E-02
 7550.77   0.62435E-02   0.48829E-02   0.50187E-02
 7564.38   0.62052E-02   0.48539E-02   0.49916E-02
 7577.98   0.61682E-02   0.48260E-02   0.49655E-02
 7591.59   0.61317E-02   0.47983E-02   0.49398E-02
 7605.19   0.60952E-02   0.47708E-02   0.49141E-02
 7618.80   0.60587E-02   0.47432E-02   0.48883E-02
 7632.40   0.60220E-02   0.47156E-02   0.48624E-02
 7646.01   0.59851E-02   0.46878E-02   0.48364E-02
 7659.61   0.59481E-02   0.46599E-02   0.48102E-02
 7673.22   0.59109E-02   0.46320E-02   0.47839E-02
 7686.82   0.58732E-02   0.46037E-02   0.47573E-02
 7700.43   0.58311E-02   0.45720E-02   0.47271E-02
 7714.03   0.58163E-02   0.45615E-02   0.47188E-02
 7727.64   0.57734E-02   0.45294E-02   0.46880E-02
 7741.24   0.57374E-02   0.45026E-02   0.46628E-02
 7754.85   0.57026E-02   0.44768E-02   0.46387E-02
 7768.45   0.56685E-02   0.44515E-02   0.46149E-02
 7782.06   0.56346E-02   0.44265E-02   0.45914E-02
 7795.66   0.56008E-02   0.44015E-02   0.45680E-02
 7809.27   0.55669E-02   0.43765E-02   0.45445E-02
 7822.87   0.55328E-02   0.43513E-02   0.45207E-02
 7836.48   0.54984E-02   0.43258E-02   0.44967E-02
 7850.08   0.54633E-02   0.42999E-02   0.44722E-02
 7863.69   0.54262E-02   0.42724E-02   0.44459E-02
 7877.29   0.53928E-02   0.42479E-02   0.44229E-02
 7890.90   0.53730E-02   0.42343E-02   0.44110E-02
 7904.50   0.53360E-02   0.42069E-02   0.43849E-02
 7918.11   0.53022E-02   0.41821E-02   0.43614E-02
 7931.71   0.52694E-02   0.41582E-02   0.43388E-02
 7945.32   0.52373E-02   0.41349E-02   0.43168E-02
 7958.92   0.52057E-02   0.41120E-02   0.42952E-02
 7972.53   0.51743E-02   0.40893E-02   0.42738E-02
 7986.13   0.51430E-02   0.40666E-02   0.42524E-02
 7999.74   0.51116E-02   0.40439E-02   0.42308E-02
 8013.34   0.50798E-02   0.40208E-02   0.42090E-02
 8026.95   0.50471E-02   0.39971E-02   0.41863E-02
 8040.55   0.50104E-02   0.39700E-02   0.41602E-02
 8054.16   0.49782E-02   0.39467E-02   0.41380E-02
 8067.76   0.49624E-02   0.39368E-02   0.41298E-02
 8081.37   0.49289E-02   0.39125E-02   0.41065E-02
 8094.97   0.48972E-02   0.38896E-02   0.40846E-02
 8108.58   0.48663E-02   0.38674E-02   0.40635E-02
 8122.18   0.48360E-02   0.38458E-02   0.40429E-02
 8135.79   0.48063E-02   0.38246E-02   0.40228E-02
 8149.39   0.47770E-02   0.38037E-02   0.40030E-02
 8163.00   0.47479E-02   0.37831E-02   0.39835E-02
 8176.60   0.47190E-02   0.37626E-02   0.39639E-02
 8190.21   0.46899E-02   0.37420E-02   0.39443E-02
 8203.81   0.46601E-02   0.37207E-02   0.39239E-02
 8217.42   0.46256E-02   0.36954E-02   0.38993E-02
 8231.02   0.46154E-02   0.36908E-02   0.38965E-02
 8244.63   0.45798E-02   0.36646E-02   0.38709E-02
 8258.23   0.45496E-02   0.36430E-02   0.38501E-02
 8271.84   0.45202E-02   0.36222E-02   0.38301E-02
 8285.44   0.44913E-02   0.36017E-02   0.38104E-02
 8299.05   0.44628E-02   0.35816E-02   0.37911E-02
 8312.65   0.44347E-02   0.35619E-02   0.37722E-02
 8326.26   0.44071E-02   0.35425E-02   0.37537E-02
 8339.86   0.43799E-02   0.35236E-02   0.37356E-02
 8353.47   0.43530E-02   0.35049E-02   0.37177E-02
 8367.07   0.43263E-02   0.34863E-02   0.36999E-02
 8380.68   0.42994E-02   0.34676E-02   0.36820E-02
 8394.28   0.42700E-02   0.34469E-02   0.36619E-02
 8407.89   0.42519E-02   0.34353E-02   0.36515E-02
 8421.49   0.42230E-02   0.34150E-02   0.36317E-02
 8435.10   0.41960E-02   0.33960E-02   0.36135E-02
 8448.70   0.41691E-02   0.33773E-02   0.35954E-02
 8462.31   0.41423E-02   0.33586E-02   0.35773E-02
 8475.91   0.41157E-02   0.33401E-02   0.35594E-02
 8489.52   0.40893E-02   0.33218E-02   0.35417E-02
 8503.12   0.40632E-02   0.33037E-02   0.35242E-02
 8516.73   0.40375E-02   0.32860E-02   0.35071E-02
 8530.33   0.40121E-02   0.32686E-02   0.34904E-02
 8543.94   0.39871E-02   0.32516E-02   0.34739E-02
 8557.54   0.39624E-02   0.32348E-02   0.34577E-02
 8571.15   0.39372E-02   0.32179E-02   0.34414E-02
 8584.75   0.39154E-02   0.32025E-02   0.34266E-02
 8598.36   0.38905E-02   0.31857E-02   0.34104E-02
 8611.96   0.38661E-02   0.31692E-02   0.33944E-02
 8625.57   0.38417E-02   0.31525E-02   0.33783E-02
 8639.17   0.38173E-02   0.31358E-02   0.33620E-02
 8652.78   0.37928E-02   0.31190E-02   0.33457E-02
 8666.38   0.37682E-02   0.31022E-02   0.33293E-02
 8679.99   0.37437E-02   0.30854E-02   0.33129E-02
 8693.59   0.37194E-02   0.30688E-02   0.32967E-02
 8707.20   0.36953E-02   0.30524E-02   0.32807E-02
 8720.80   0.36715E-02   0.30363E-02   0.32650E-02
 8734.41   0.36480E-02   0.30205E-02   0.32496E-02
 8748.01   0.36241E-02   0.30047E-02   0.32341E-02
 8761.62   0.36025E-02   0.29903E-02   0.32203E-02
 8775.22   0.35816E-02   0.29758E-02   0.32062E-02
 8788.83   0.35589E-02   0.29608E-02   0.31915E-02
 8802.43   0.35366E-02   0.29459E-02   0.31770E-02
 8816.04   0.35143E-02   0.29310E-02   0.31624E-02
 8829.64   0.34919E-02   0.29160E-02   0.31477E-02
 8843.25   0.34694E-02   0.29008E-02   0.31329E-02
 8856.85   0.34468E-02   0.28856E-02   0.31179E-02
 8870.46   0.34242E-02   0.28702E-02   0.31028E-02
 8884.06   0.34015E-02   0.28549E-02   0.30877E-02
 8897.67   0.33789E-02   0.28397E-02   0.30727E-02
 8911.27   0.33563E-02   0.28244E-02   0.30576E-02
 8924.88   0.33330E-02   0.28087E-02   0.30420E-02
 8938.48   0.33129E-02   0.27957E-02   0.30293E-02
 8952.09   0.32966E-02   0.27852E-02   0.30194E-02
 8965.69   0.32740E-02   0.27701E-02   0.30044E-02
 8979.30   0.32528E-02   0.27562E-02   0.29907E-02
 8992.90   0.32321E-02   0.27426E-02   0.29772E-02
 9006.51   0.32115E-02   0.27290E-02   0.29639E-02
 9020.11   0.31910E-02   0.27155E-02   0.29506E-02
 9033.72   0.31704E-02   0.27019E-02   0.29371E-02
 9047.32   0.31497E-02   0.26882E-02   0.29235E-02
 9060.93   0.31289E-02   0.26742E-02   0.29097E-02
 9074.53   0.31079E-02   0.26601E-02   0.28956E-02
 9088.14   0.30867E-02   0.26458E-02   0.28813E-02
 9101.74   0.30647E-02   0.26309E-02   0.28664E-02
 9115.35   0.30382E-02   0.26121E-02   0.28471E-02
 9128.95   0.30392E-02   0.26171E-02   0.28539E-02
 9142.56   0.30112E-02   0.25970E-02   0.28331E-02
 9156.16   0.29902E-02   0.25829E-02   0.28190E-02
 9169.77   0.29702E-02   0.25698E-02   0.28059E-02
 9183.37   0.29509E-02   0.25572E-02   0.27934E-02
 9196.98   0.29318E-02   0.25448E-02   0.27810E-02
 9210.58   0.29129E-02   0.25326E-02   0.27688E-02
 9224.19   0.28941E-02   0.25203E-02   0.27566E-02
 9237.79   0.28752E-02   0.25080E-02   0.27443E-02
 9251.40   0.28562E-02   0.24955E-02   0.27317E-02
 9265.00   0.28369E-02   0.24826E-02   0.27189E-02
 9278.61   0.28171E-02   0.24693E-02   0.27054E-02
 9292.21   0.27958E-02   0.24546E-02   0.26904E-02
 9305.82   0.27776E-02   0.24428E-02   0.26786E-02
 9319.42   0.27704E-02   0.24414E-02   0.26781E-02
 9333.03   0.27479E-02   0.24254E-02   0.26616E-02
 9346.63   0.27283E-02   0.24122E-02   0.26483E-02
 9360.24   0.27096E-02   0.23999E-02   0.26359E-02
 9373.84   0.26915E-02   0.23881E-02   0.26240E-02
 9387.45   0.26737E-02   0.23767E-02   0.26124E-02
 9401.05   0.26562E-02   0.23654E-02   0.26011E-02
 9414.66   0.26388E-02   0.23543E-02   0.25899E-02
 9428.26   0.26216E-02   0.23433E-02   0.25787E-02
 9441.87   0.26043E-02   0.23321E-02   0.25674E-02
 9455.47   0.25868E-02   0.23207E-02   0.25559E-02
 9469.08   0.25687E-02   0.23087E-02   0.25436E-02
 9482.68   0.25487E-02   0.22946E-02   0.25291E-02
 9496.29   0.25316E-02   0.22835E-02   0.25179E-02
 9509.89   0.25243E-02   0.22822E-02   0.25173E-02
 9523.50   0.25048E-02   0.22686E-02   0.25033E-02
 9537.10   0.24869E-02   0.22566E-02   0.24909E-02
 9550.71   0.24695E-02   0.22451E-02   0.24792E-02
 9564.31   0.24525E-02   0.22340E-02   0.24679E-02
 9577.92   0.24358E-02   0.22232E-02   0.24569E-02
 9591.52   0.24195E-02   0.22128E-02   0.24462E-02
 9605.13   0.24034E-02   0.22025E-02   0.24358E-02
 9618.73   0.23875E-02   0.21925E-02   0.24255E-02
 9632.34   0.23717E-02   0.21825E-02   0.24153E-02
 9645.94   0.23559E-02   0.21724E-02   0.24050E-02
 9659.55   0.23398E-02   0.21620E-02   0.23943E-02
 9673.15   0.23222E-02   0.21500E-02   0.23819E-02
 9686.76   0.23063E-02   0.21395E-02   0.23710E-02
 9700.36   0.22972E-02   0.21363E-02   0.23683E-02
 9713.97   0.22804E-02   0.21249E-02   0.23565E-02
 9727.57   0.22642E-02   0.21142E-02   0.23454E-02
 9741.18   0.22483E-02   0.21037E-02   0.23345E-02
 9754.78   0.22325E-02   0.20934E-02   0.23239E-02
 9768.39   0.22170E-02   0.20833E-02   0.23134E-02
 9781.99   0.22017E-02   0.20734E-02   0.23032E-02
 9795.60   0.21866E-02   0.20638E-02   0.22933E-02
 9809.20   0.21718E-02   0.20544E-02   0.22836E-02
 9822.81   0.21572E-02   0.20453E-02   0.22741E-02
 9836.41   0.21428E-02   0.20362E-02   0.22648E-02
 9850.02   0.21283E-02   0.20272E-02   0.22555E-02
 9863.62   0.21134E-02   0.20178E-02   0.22457E-02
 9877.23   0.20990E-02   0.20083E-02   0.22358E-02
 9890.83   0.20879E-02   0.20022E-02   0.22297E-02
 9904.44   0.20732E-02   0.19928E-02   0.22199E-02
 9918.04   0.20588E-02   0.19835E-02   0.22102E-02
 9931.65   0.20445E-02   0.19742E-02   0.22005E-02
 9945.25   0.20301E-02   0.19649E-02   0.21907E-02
 9958.86   0.20158E-02   0.19555E-02   0.21810E-02
 9972.46   0.20016E-02   0.19463E-02   0.21713E-02
 9986.07   0.19875E-02   0.19372E-02   0.21617E-02
 9999.67   0.19736E-02   0.19283E-02   0.21524E-02
