 1346.89   0.11108E+00   0.11007E+00   0.10678E+00
 1360.50   0.11006E+00   0.10900E+00   0.10574E+00
 1374.10   0.10907E+00   0.10796E+00   0.10473E+00
 1387.71   0.10810E+00   0.10693E+00   0.10373E+00
 1401.31   0.10714E+00   0.10592E+00   0.10275E+00
 1414.92   0.10617E+00   0.10490E+00   0.10176E+00
 1428.52   0.10525E+00   0.10393E+00   0.10082E+00
 1442.13   0.10432E+00   0.10295E+00   0.99863E-01
 1455.73   0.10340E+00   0.10198E+00   0.98923E-01
 1469.34   0.10249E+00   0.10103E+00   0.97999E-01
 1482.94   0.10160E+00   0.10008E+00   0.97085E-01
 1496.55   0.10072E+00   0.99161E-01   0.96190E-01
 1510.15   0.99844E-01   0.98237E-01   0.95295E-01
 1523.76   0.98977E-01   0.97325E-01   0.94410E-01
 1537.36   0.98122E-01   0.96426E-01   0.93539E-01
 1550.97   0.97281E-01   0.95540E-01   0.92681E-01
 1564.57   0.96450E-01   0.94666E-01   0.91834E-01
 1578.18   0.95631E-01   0.93804E-01   0.90998E-01
 1591.78   0.94816E-01   0.92948E-01   0.90169E-01
 1605.39   0.94009E-01   0.92099E-01   0.89347E-01
 1618.99   0.93210E-01   0.91260E-01   0.88535E-01
 1632.60   0.92423E-01   0.90432E-01   0.87734E-01
 1646.20   0.91650E-01   0.89620E-01   0.86948E-01
 1659.81   0.90883E-01   0.88815E-01   0.86168E-01
 1673.41   0.90125E-01   0.88018E-01   0.85397E-01
 1687.02   0.89372E-01   0.87228E-01   0.84633E-01
 1700.62   0.88626E-01   0.86445E-01   0.83876E-01
 1714.23   0.87884E-01   0.85668E-01   0.83124E-01
 1727.83   0.87172E-01   0.84919E-01   0.82401E-01
 1741.44   0.86453E-01   0.84166E-01   0.81672E-01
 1755.04   0.85745E-01   0.83423E-01   0.80955E-01
 1768.65   0.85044E-01   0.82688E-01   0.80245E-01
 1782.25   0.84347E-01   0.81958E-01   0.79540E-01
 1795.86   0.83647E-01   0.81226E-01   0.78833E-01
 1809.46   0.82989E-01   0.80536E-01   0.78166E-01
 1823.07   0.82312E-01   0.79828E-01   0.77482E-01
 1836.67   0.81649E-01   0.79134E-01   0.76812E-01
 1850.28   0.80993E-01   0.78448E-01   0.76150E-01
 1863.88   0.80342E-01   0.77767E-01   0.75493E-01
 1877.49   0.79689E-01   0.77085E-01   0.74836E-01
 1891.09   0.79074E-01   0.76441E-01   0.74214E-01
 1904.70   0.78436E-01   0.75775E-01   0.73572E-01
 1918.30   0.77812E-01   0.75124E-01   0.72944E-01
 1931.91   0.77197E-01   0.74483E-01   0.72326E-01
 1945.51   0.76589E-01   0.73849E-01   0.71714E-01
 1959.12   0.75985E-01   0.73218E-01   0.71107E-01
 1972.72   0.75407E-01   0.72615E-01   0.70525E-01
 1986.33   0.74805E-01   0.71989E-01   0.69922E-01
 1999.93   0.74218E-01   0.71377E-01   0.69333E-01
 2013.54   0.73639E-01   0.70775E-01   0.68753E-01
 2027.14   0.73068E-01   0.70181E-01   0.68181E-01
 2040.75   0.72503E-01   0.69594E-01   0.67616E-01
 2054.35   0.71939E-01   0.69008E-01   0.67052E-01
 2067.96   0.71394E-01   0.68441E-01   0.66506E-01
 2081.56   0.70843E-01   0.67869E-01   0.65955E-01
 2095.17   0.70297E-01   0.67302E-01   0.65411E-01
 2108.77   0.69758E-01   0.66743E-01   0.64873E-01
 2122.38   0.69226E-01   0.66192E-01   0.64342E-01
 2135.98   0.68701E-01   0.65648E-01   0.63819E-01
 2149.59   0.68183E-01   0.65111E-01   0.63303E-01
 2163.19   0.67668E-01   0.64577E-01   0.62790E-01
 2176.80   0.67157E-01   0.64049E-01   0.62282E-01
 2190.40   0.66649E-01   0.63524E-01   0.61778E-01
 2204.01   0.66147E-01   0.63005E-01   0.61279E-01
 2217.61   0.65650E-01   0.62492E-01   0.60786E-01
 2231.22   0.65161E-01   0.61987E-01   0.60301E-01
 2244.82   0.64678E-01   0.61488E-01   0.59822E-01
 2258.43   0.64198E-01   0.60994E-01   0.59347E-01
 2272.03   0.63722E-01   0.60503E-01   0.58876E-01
 2285.64   0.63250E-01   0.60016E-01   0.58409E-01
 2299.24   0.62780E-01   0.59533E-01   0.57945E-01
 2312.85   0.62314E-01   0.59054E-01   0.57485E-01
 2326.45   0.61849E-01   0.58577E-01   0.57028E-01
 2340.06   0.61407E-01   0.58122E-01   0.56591E-01
 2353.66   0.60958E-01   0.57661E-01   0.56149E-01
 2367.27   0.60514E-01   0.57206E-01   0.55712E-01
 2380.87   0.60073E-01   0.56754E-01   0.55278E-01
 2394.48   0.59635E-01   0.56304E-01   0.54848E-01
 2408.08   0.59197E-01   0.55857E-01   0.54418E-01
 2421.69   0.58764E-01   0.55414E-01   0.53994E-01
 2435.29   0.58352E-01   0.54992E-01   0.53589E-01
 2448.90   0.57930E-01   0.54561E-01   0.53177E-01
 2462.50   0.57515E-01   0.54137E-01   0.52770E-01
 2476.11   0.57103E-01   0.53717E-01   0.52368E-01
 2489.71   0.56694E-01   0.53300E-01   0.51968E-01
 2503.32   0.56285E-01   0.52883E-01   0.51569E-01
 2516.92   0.55864E-01   0.52456E-01   0.51159E-01
 2530.53   0.55494E-01   0.52078E-01   0.50798E-01
 2544.13   0.55097E-01   0.51674E-01   0.50411E-01
 2557.74   0.54706E-01   0.51277E-01   0.50031E-01
 2571.34   0.54320E-01   0.50885E-01   0.49656E-01
 2584.95   0.53937E-01   0.50497E-01   0.49284E-01
 2598.55   0.53556E-01   0.50111E-01   0.48915E-01
 2612.16   0.53172E-01   0.49722E-01   0.48543E-01
 2625.76   0.52814E-01   0.49359E-01   0.48195E-01
 2639.37   0.52440E-01   0.48981E-01   0.47834E-01
 2652.97   0.52072E-01   0.48609E-01   0.47478E-01
 2666.58   0.51708E-01   0.48242E-01   0.47126E-01
 2680.18   0.51349E-01   0.47879E-01   0.46780E-01
 2693.79   0.50993E-01   0.47521E-01   0.46437E-01
 2707.39   0.50638E-01   0.47163E-01   0.46095E-01
 2721.00   0.50296E-01   0.46819E-01   0.45766E-01
 2734.60   0.49946E-01   0.46467E-01   0.45429E-01
 2748.21   0.49600E-01   0.46119E-01   0.45097E-01
 2761.81   0.49257E-01   0.45775E-01   0.44768E-01
 2775.42   0.48918E-01   0.45435E-01   0.44443E-01
 2789.02   0.48583E-01   0.45099E-01   0.44122E-01
 2802.63   0.48251E-01   0.44767E-01   0.43805E-01
 2816.23   0.47922E-01   0.44438E-01   0.43490E-01
 2829.84   0.47598E-01   0.44114E-01   0.43181E-01
 2843.44   0.47274E-01   0.43790E-01   0.42872E-01
 2857.05   0.46952E-01   0.43469E-01   0.42564E-01
 2870.65   0.46632E-01   0.43150E-01   0.42260E-01
 2884.26   0.46314E-01   0.42834E-01   0.41958E-01
 2897.86   0.46001E-01   0.42522E-01   0.41660E-01
 2911.47   0.45691E-01   0.42213E-01   0.41365E-01
 2925.07   0.45386E-01   0.41910E-01   0.41076E-01
 2938.68   0.45082E-01   0.41609E-01   0.40788E-01
 2952.28   0.44780E-01   0.41309E-01   0.40502E-01
 2965.89   0.44479E-01   0.41012E-01   0.40218E-01
 2979.49   0.44180E-01   0.40716E-01   0.39935E-01
 2993.10   0.43883E-01   0.40422E-01   0.39655E-01
 3006.70   0.43588E-01   0.40131E-01   0.39377E-01
 3020.31   0.43297E-01   0.39844E-01   0.39103E-01
 3033.91   0.43015E-01   0.39566E-01   0.38837E-01
 3047.52   0.42729E-01   0.39284E-01   0.38569E-01
 3061.12   0.42447E-01   0.39006E-01   0.38303E-01
 3074.73   0.42167E-01   0.38731E-01   0.38040E-01
 3088.33   0.41887E-01   0.38456E-01   0.37778E-01
 3101.94   0.41609E-01   0.38183E-01   0.37518E-01
 3115.54   0.41331E-01   0.37911E-01   0.37258E-01
 3129.15   0.41053E-01   0.37639E-01   0.36998E-01
 3142.75   0.40797E-01   0.37388E-01   0.36759E-01
 3156.36   0.40526E-01   0.37124E-01   0.36507E-01
 3169.96   0.40261E-01   0.36865E-01   0.36260E-01
 3183.57   0.39999E-01   0.36609E-01   0.36016E-01
 3197.17   0.39738E-01   0.36355E-01   0.35773E-01
 3210.78   0.39478E-01   0.36102E-01   0.35531E-01
 3224.38   0.39217E-01   0.35848E-01   0.35290E-01
 3237.99   0.38953E-01   0.35593E-01   0.35045E-01
 3251.59   0.38718E-01   0.35363E-01   0.34827E-01
 3265.20   0.38462E-01   0.35116E-01   0.34591E-01
 3278.80   0.38212E-01   0.34874E-01   0.34360E-01
 3292.41   0.37965E-01   0.34635E-01   0.34132E-01
 3306.01   0.37721E-01   0.34399E-01   0.33907E-01
 3319.62   0.37478E-01   0.34164E-01   0.33683E-01
 3333.22   0.37235E-01   0.33930E-01   0.33459E-01
 3346.83   0.36990E-01   0.33694E-01   0.33234E-01
 3360.43   0.36767E-01   0.33479E-01   0.33029E-01
 3374.04   0.36525E-01   0.33247E-01   0.32808E-01
 3387.64   0.36289E-01   0.33020E-01   0.32591E-01
 3401.25   0.36055E-01   0.32796E-01   0.32377E-01
 3414.85   0.35825E-01   0.32575E-01   0.32167E-01
 3428.46   0.35597E-01   0.32357E-01   0.31958E-01
 3442.06   0.35370E-01   0.32140E-01   0.31752E-01
 3455.67   0.35142E-01   0.31922E-01   0.31544E-01
 3469.27   0.34930E-01   0.31719E-01   0.31351E-01
 3482.88   0.34703E-01   0.31503E-01   0.31144E-01
 3496.48   0.34480E-01   0.31292E-01   0.30942E-01
 3510.09   0.34260E-01   0.31082E-01   0.30742E-01
 3523.69   0.34041E-01   0.30875E-01   0.30544E-01
 3537.30   0.33826E-01   0.30670E-01   0.30349E-01
 3550.90   0.33613E-01   0.30468E-01   0.30156E-01
 3564.51   0.33401E-01   0.30268E-01   0.29965E-01
 3578.11   0.33189E-01   0.30068E-01   0.29774E-01
 3591.72   0.32985E-01   0.29874E-01   0.29589E-01
 3605.32   0.32777E-01   0.29678E-01   0.29402E-01
 3618.93   0.32570E-01   0.29483E-01   0.29216E-01
 3632.53   0.32364E-01   0.29289E-01   0.29030E-01
 3646.14   0.32159E-01   0.29097E-01   0.28847E-01
 3659.74   0.31957E-01   0.28907E-01   0.28665E-01
 3673.35   0.31757E-01   0.28719E-01   0.28486E-01
 3686.95   0.31559E-01   0.28533E-01   0.28309E-01
 3700.56   0.31363E-01   0.28350E-01   0.28134E-01
 3714.16   0.31169E-01   0.28168E-01   0.27960E-01
 3727.77   0.30975E-01   0.27987E-01   0.27787E-01
 3741.37   0.30782E-01   0.27807E-01   0.27615E-01
 3754.98   0.30589E-01   0.27627E-01   0.27443E-01
 3768.58   0.30397E-01   0.27449E-01   0.27273E-01
 3782.19   0.30207E-01   0.27272E-01   0.27103E-01
 3795.79   0.30018E-01   0.27096E-01   0.26936E-01
 3809.40   0.29831E-01   0.26923E-01   0.26771E-01
 3823.00   0.29651E-01   0.26756E-01   0.26611E-01
 3836.61   0.29468E-01   0.26586E-01   0.26448E-01
 3850.21   0.29286E-01   0.26418E-01   0.26288E-01
 3863.82   0.29106E-01   0.26252E-01   0.26129E-01
 3877.42   0.28926E-01   0.26086E-01   0.25970E-01
 3891.03   0.28746E-01   0.25920E-01   0.25811E-01
 3904.63   0.28566E-01   0.25755E-01   0.25653E-01
 3918.24   0.28387E-01   0.25590E-01   0.25495E-01
 3931.84   0.28208E-01   0.25425E-01   0.25338E-01
 3945.45   0.28047E-01   0.25277E-01   0.25197E-01
 3959.05   0.27873E-01   0.25118E-01   0.25044E-01
 3972.66   0.27702E-01   0.24962E-01   0.24895E-01
 3986.26   0.27533E-01   0.24807E-01   0.24747E-01
 3999.87   0.27364E-01   0.24653E-01   0.24600E-01
 4013.47   0.27196E-01   0.24500E-01   0.24453E-01
 4027.08   0.27028E-01   0.24347E-01   0.24306E-01
 4040.68   0.26858E-01   0.24192E-01   0.24157E-01
 4054.29   0.26685E-01   0.24035E-01   0.24007E-01
 4067.89   0.26541E-01   0.23904E-01   0.23882E-01
 4081.50   0.26375E-01   0.23754E-01   0.23738E-01
 4095.10   0.26214E-01   0.23607E-01   0.23598E-01
 4108.71   0.26054E-01   0.23463E-01   0.23460E-01
 4122.31   0.25896E-01   0.23320E-01   0.23323E-01
 4135.92   0.25739E-01   0.23179E-01   0.23187E-01
 4149.52   0.25582E-01   0.23037E-01   0.23051E-01
 4163.13   0.25423E-01   0.22894E-01   0.22914E-01
 4176.73   0.25262E-01   0.22749E-01   0.22774E-01
 4190.34   0.25126E-01   0.22627E-01   0.22658E-01
 4203.94   0.24969E-01   0.22486E-01   0.22523E-01
 4217.55   0.24816E-01   0.22348E-01   0.22391E-01
 4231.15   0.24665E-01   0.22213E-01   0.22261E-01
 4244.76   0.24516E-01   0.22079E-01   0.22133E-01
 4258.36   0.24368E-01   0.21948E-01   0.22006E-01
 4271.97   0.24221E-01   0.21817E-01   0.21881E-01
 4285.57   0.24075E-01   0.21686E-01   0.21755E-01
 4299.18   0.23926E-01   0.21554E-01   0.21628E-01
 4312.78   0.23794E-01   0.21436E-01   0.21516E-01
 4326.39   0.23646E-01   0.21305E-01   0.21389E-01
 4339.99   0.23501E-01   0.21176E-01   0.21265E-01
 4353.60   0.23358E-01   0.21049E-01   0.21143E-01
 4367.20   0.23216E-01   0.20924E-01   0.21023E-01
 4380.81   0.23076E-01   0.20800E-01   0.20904E-01
 4394.41   0.22938E-01   0.20678E-01   0.20786E-01
 4408.02   0.22801E-01   0.20557E-01   0.20670E-01
 4421.62   0.22664E-01   0.20436E-01   0.20554E-01
 4435.23   0.22536E-01   0.20323E-01   0.20446E-01
 4448.83   0.22398E-01   0.20202E-01   0.20328E-01
 4462.44   0.22262E-01   0.20083E-01   0.20214E-01
 4476.04   0.22128E-01   0.19964E-01   0.20100E-01
 4489.65   0.21994E-01   0.19847E-01   0.19987E-01
 4503.25   0.21861E-01   0.19731E-01   0.19874E-01
 4516.86   0.21729E-01   0.19616E-01   0.19764E-01
 4530.46   0.21599E-01   0.19502E-01   0.19654E-01
 4544.07   0.21471E-01   0.19390E-01   0.19546E-01
 4557.67   0.21344E-01   0.19279E-01   0.19440E-01
 4571.28   0.21218E-01   0.19170E-01   0.19334E-01
 4584.88   0.21092E-01   0.19060E-01   0.19228E-01
 4598.49   0.20967E-01   0.18951E-01   0.19123E-01
 4612.09   0.20841E-01   0.18842E-01   0.19018E-01
 4625.70   0.20716E-01   0.18734E-01   0.18913E-01
 4639.30   0.20591E-01   0.18625E-01   0.18808E-01
 4652.91   0.20467E-01   0.18518E-01   0.18705E-01
 4666.51   0.20344E-01   0.18412E-01   0.18602E-01
 4680.12   0.20223E-01   0.18307E-01   0.18501E-01
 4693.72   0.20104E-01   0.18204E-01   0.18402E-01
 4707.33   0.19987E-01   0.18104E-01   0.18305E-01
 4720.93   0.19869E-01   0.18003E-01   0.18207E-01
 4734.54   0.19752E-01   0.17902E-01   0.18109E-01
 4748.14   0.19635E-01   0.17801E-01   0.18012E-01
 4761.75   0.19518E-01   0.17701E-01   0.17915E-01
 4775.35   0.19401E-01   0.17600E-01   0.17818E-01
 4788.96   0.19284E-01   0.17500E-01   0.17721E-01
 4802.56   0.19168E-01   0.17401E-01   0.17624E-01
 4816.17   0.19049E-01   0.17299E-01   0.17525E-01
 4829.77   0.18953E-01   0.17218E-01   0.17447E-01
 4843.38   0.18834E-01   0.17116E-01   0.17348E-01
 4856.98   0.18722E-01   0.17021E-01   0.17256E-01
 4870.59   0.18612E-01   0.16927E-01   0.17165E-01
 4884.19   0.18503E-01   0.16834E-01   0.17075E-01
 4897.80   0.18393E-01   0.16742E-01   0.16985E-01
 4911.40   0.18284E-01   0.16649E-01   0.16895E-01
 4925.01   0.18175E-01   0.16556E-01   0.16805E-01
 4938.61   0.18064E-01   0.16462E-01   0.16714E-01
 4952.22   0.17948E-01   0.16363E-01   0.16617E-01
 4965.82   0.17868E-01   0.16298E-01   0.16555E-01
 4979.43   0.17753E-01   0.16199E-01   0.16459E-01
 4993.03   0.17646E-01   0.16110E-01   0.16371E-01
 5006.64   0.17542E-01   0.16022E-01   0.16286E-01
 5020.24   0.17439E-01   0.15935E-01   0.16202E-01
 5033.85   0.17337E-01   0.15850E-01   0.16118E-01
 5047.45   0.17235E-01   0.15764E-01   0.16035E-01
 5061.06   0.17133E-01   0.15678E-01   0.15952E-01
 5074.66   0.17030E-01   0.15592E-01   0.15867E-01
 5088.27   0.16921E-01   0.15500E-01   0.15777E-01
 5101.87   0.16852E-01   0.15444E-01   0.15724E-01
 5115.48   0.16738E-01   0.15348E-01   0.15630E-01
 5129.08   0.16637E-01   0.15263E-01   0.15547E-01
 5142.69   0.16538E-01   0.15180E-01   0.15466E-01
 5156.29   0.16440E-01   0.15099E-01   0.15387E-01
 5169.90   0.16344E-01   0.15019E-01   0.15309E-01
 5183.50   0.16249E-01   0.14940E-01   0.15231E-01
 5197.11   0.16154E-01   0.14861E-01   0.15154E-01
 5210.71   0.16059E-01   0.14782E-01   0.15077E-01
 5224.32   0.15961E-01   0.14700E-01   0.14996E-01
 5237.92   0.15858E-01   0.14614E-01   0.14912E-01
 5251.53   0.15785E-01   0.14555E-01   0.14856E-01
 5265.13   0.15689E-01   0.14476E-01   0.14777E-01
 5278.74   0.15595E-01   0.14398E-01   0.14701E-01
 5292.34   0.15503E-01   0.14321E-01   0.14626E-01
 5305.95   0.15411E-01   0.14246E-01   0.14552E-01
 5319.55   0.15321E-01   0.14172E-01   0.14480E-01
 5333.16   0.15232E-01   0.14098E-01   0.14408E-01
 5346.76   0.15144E-01   0.14026E-01   0.14337E-01
 5360.37   0.15055E-01   0.13953E-01   0.14265E-01
 5373.97   0.14965E-01   0.13878E-01   0.14192E-01
 5387.58   0.14887E-01   0.13815E-01   0.14130E-01
 5401.18   0.14797E-01   0.13741E-01   0.14058E-01
 5414.79   0.14709E-01   0.13669E-01   0.13986E-01
 5428.39   0.14622E-01   0.13597E-01   0.13916E-01
 5442.00   0.14536E-01   0.13526E-01   0.13846E-01
 5455.60   0.14450E-01   0.13456E-01   0.13777E-01
 5469.21   0.14365E-01   0.13387E-01   0.13709E-01
 5482.81   0.14282E-01   0.13319E-01   0.13642E-01
 5496.42   0.14200E-01   0.13252E-01   0.13576E-01
 5510.02   0.14117E-01   0.13185E-01   0.13510E-01
 5523.63   0.14038E-01   0.13121E-01   0.13447E-01
 5537.23   0.13956E-01   0.13054E-01   0.13381E-01
 5550.84   0.13875E-01   0.12988E-01   0.13316E-01
 5564.44   0.13794E-01   0.12922E-01   0.13251E-01
 5578.05   0.13713E-01   0.12856E-01   0.13186E-01
 5591.65   0.13632E-01   0.12790E-01   0.13121E-01
 5605.26   0.13551E-01   0.12725E-01   0.13056E-01
 5618.86   0.13472E-01   0.12660E-01   0.12992E-01
 5632.47   0.13393E-01   0.12596E-01   0.12929E-01
 5646.07   0.13315E-01   0.12533E-01   0.12867E-01
 5659.68   0.13239E-01   0.12472E-01   0.12806E-01
 5673.28   0.13164E-01   0.12411E-01   0.12746E-01
 5686.89   0.13088E-01   0.12350E-01   0.12686E-01
 5700.49   0.13013E-01   0.12290E-01   0.12626E-01
 5714.10   0.12938E-01   0.12229E-01   0.12566E-01
 5727.70   0.12862E-01   0.12168E-01   0.12506E-01
 5741.31   0.12787E-01   0.12107E-01   0.12445E-01
 5754.91   0.12712E-01   0.12046E-01   0.12385E-01
 5768.52   0.12637E-01   0.11986E-01   0.12324E-01
 5782.12   0.12562E-01   0.11925E-01   0.12265E-01
 5795.73   0.12487E-01   0.11865E-01   0.12205E-01
 5809.33   0.12415E-01   0.11808E-01   0.12148E-01
 5822.94   0.12349E-01   0.11755E-01   0.12096E-01
 5836.54   0.12277E-01   0.11698E-01   0.12038E-01
 5850.15   0.12207E-01   0.11641E-01   0.11982E-01
 5863.75   0.12137E-01   0.11585E-01   0.11927E-01
 5877.36   0.12067E-01   0.11529E-01   0.11871E-01
 5890.96   0.11997E-01   0.11473E-01   0.11815E-01
 5904.57   0.11927E-01   0.11417E-01   0.11759E-01
 5918.17   0.11856E-01   0.11360E-01   0.11702E-01
 5931.78   0.11785E-01   0.11303E-01   0.11645E-01
 5945.38   0.11712E-01   0.11244E-01   0.11586E-01
 5958.99   0.11642E-01   0.11188E-01   0.11530E-01
 5972.59   0.11589E-01   0.11147E-01   0.11490E-01
 5986.20   0.11520E-01   0.11092E-01   0.11435E-01
 5999.80   0.11453E-01   0.11039E-01   0.11382E-01
 6013.41   0.11387E-01   0.10987E-01   0.11330E-01
 6027.01   0.11322E-01   0.10935E-01   0.11278E-01
 6040.62   0.11257E-01   0.10883E-01   0.11226E-01
 6054.22   0.11192E-01   0.10832E-01   0.11174E-01
 6067.83   0.11127E-01   0.10779E-01   0.11122E-01
 6081.43   0.11061E-01   0.10726E-01   0.11069E-01
 6095.04   0.10991E-01   0.10669E-01   0.11012E-01
 6108.64   0.10923E-01   0.10615E-01   0.10957E-01
 6122.25   0.10879E-01   0.10583E-01   0.10925E-01
 6135.85   0.10812E-01   0.10530E-01   0.10872E-01
 6149.46   0.10749E-01   0.10479E-01   0.10821E-01
 6163.06   0.10687E-01   0.10430E-01   0.10772E-01
 6176.67   0.10626E-01   0.10382E-01   0.10723E-01
 6190.27   0.10565E-01   0.10334E-01   0.10675E-01
 6203.88   0.10505E-01   0.10286E-01   0.10627E-01
 6217.48   0.10445E-01   0.10239E-01   0.10579E-01
 6231.09   0.10384E-01   0.10190E-01   0.10530E-01
 6244.69   0.10320E-01   0.10139E-01   0.10479E-01
 6258.30   0.10257E-01   0.10088E-01   0.10427E-01
 6271.90   0.10215E-01   0.10059E-01   0.10398E-01
 6285.51   0.10151E-01   0.10008E-01   0.10346E-01
 6299.11   0.10091E-01   0.99595E-02   0.10298E-01
 6312.72   0.10032E-01   0.99127E-02   0.10251E-01
 6326.32   0.99743E-02   0.98669E-02   0.10204E-01
 6339.93   0.99173E-02   0.98220E-02   0.10159E-01
 6353.53   0.98610E-02   0.97778E-02   0.10114E-01
 6367.14   0.98052E-02   0.97339E-02   0.10070E-01
 6380.74   0.97494E-02   0.96899E-02   0.10025E-01
 6394.35   0.96927E-02   0.96450E-02   0.99798E-02
 6407.95   0.96355E-02   0.95995E-02   0.99337E-02
 6421.56   0.95922E-02   0.95681E-02   0.99022E-02
 6435.16   0.95331E-02   0.95205E-02   0.98538E-02
 6448.77   0.94767E-02   0.94756E-02   0.98083E-02
 6462.37   0.94212E-02   0.94316E-02   0.97635E-02
 6475.98   0.93663E-02   0.93881E-02   0.97194E-02
 6489.58   0.93121E-02   0.93453E-02   0.96760E-02
 6503.19   0.92588E-02   0.93034E-02   0.96333E-02
 6516.79   0.92063E-02   0.92622E-02   0.95914E-02
 6530.40   0.91545E-02   0.92215E-02   0.95501E-02
 6544.00   0.91030E-02   0.91812E-02   0.95091E-02
 6557.61   0.90508E-02   0.91401E-02   0.94672E-02
 6571.21   0.89969E-02   0.90970E-02   0.94233E-02
 6584.82   0.89527E-02   0.90640E-02   0.93898E-02
 6598.42   0.89012E-02   0.90233E-02   0.93483E-02
 6612.03   0.88498E-02   0.89827E-02   0.93070E-02
 6625.63   0.87986E-02   0.89422E-02   0.92656E-02
 6639.24   0.87476E-02   0.89018E-02   0.92244E-02
 6652.84   0.86970E-02   0.88619E-02   0.91836E-02
 6666.45   0.86470E-02   0.88225E-02   0.91433E-02
 6680.05   0.85978E-02   0.87838E-02   0.91037E-02
 6693.66   0.85493E-02   0.87457E-02   0.90649E-02
 6707.26   0.85015E-02   0.87084E-02   0.90266E-02
 6720.87   0.84543E-02   0.86715E-02   0.89889E-02
 6734.47   0.84079E-02   0.86354E-02   0.89519E-02
 6748.08   0.83610E-02   0.85987E-02   0.89144E-02
 6761.68   0.83142E-02   0.85620E-02   0.88768E-02
 6775.29   0.82672E-02   0.85251E-02   0.88389E-02
 6788.89   0.82201E-02   0.84880E-02   0.88008E-02
 6802.50   0.81730E-02   0.84507E-02   0.87625E-02
 6816.10   0.81258E-02   0.84134E-02   0.87242E-02
 6829.71   0.80790E-02   0.83763E-02   0.86861E-02
 6843.31   0.80326E-02   0.83396E-02   0.86484E-02
 6856.92   0.79867E-02   0.83034E-02   0.86112E-02
 6870.52   0.79410E-02   0.82674E-02   0.85741E-02
 6884.13   0.78979E-02   0.82340E-02   0.85397E-02
 6897.73   0.78562E-02   0.82016E-02   0.85064E-02
 6911.34   0.78122E-02   0.81672E-02   0.84709E-02
 6924.94   0.77690E-02   0.81334E-02   0.84361E-02
 6938.55   0.77258E-02   0.80996E-02   0.84012E-02
 6952.15   0.76826E-02   0.80656E-02   0.83662E-02
 6965.76   0.76392E-02   0.80314E-02   0.83308E-02
 6979.36   0.75956E-02   0.79969E-02   0.82952E-02
 6992.97   0.75520E-02   0.79622E-02   0.82593E-02
 7006.57   0.75083E-02   0.79274E-02   0.82234E-02
 7020.18   0.74645E-02   0.78925E-02   0.81872E-02
 7033.78   0.74190E-02   0.78557E-02   0.81491E-02
 7047.39   0.73785E-02   0.78241E-02   0.81164E-02
 7060.99   0.73456E-02   0.78002E-02   0.80917E-02
 7074.60   0.73034E-02   0.77667E-02   0.80570E-02
 7088.20   0.72628E-02   0.77348E-02   0.80239E-02
 7101.81   0.72228E-02   0.77034E-02   0.79914E-02
 7115.41   0.71831E-02   0.76722E-02   0.79590E-02
 7129.02   0.71433E-02   0.76409E-02   0.79265E-02
 7142.62   0.71034E-02   0.76093E-02   0.78936E-02
 7156.23   0.70631E-02   0.75773E-02   0.78604E-02
 7169.83   0.70225E-02   0.75448E-02   0.78266E-02
 7183.44   0.69811E-02   0.75114E-02   0.77918E-02
 7197.04   0.69361E-02   0.74740E-02   0.77529E-02
 7210.65   0.68967E-02   0.74427E-02   0.77203E-02
 7224.25   0.68732E-02   0.74283E-02   0.77053E-02
 7237.86   0.68323E-02   0.73951E-02   0.76707E-02
 7251.46   0.67937E-02   0.73643E-02   0.76386E-02
 7265.07   0.67561E-02   0.73346E-02   0.76076E-02
 7278.67   0.67191E-02   0.73054E-02   0.75771E-02
 7292.28   0.66825E-02   0.72766E-02   0.75470E-02
 7305.88   0.66460E-02   0.72477E-02   0.75169E-02
 7319.49   0.66093E-02   0.72186E-02   0.74864E-02
 7333.09   0.65722E-02   0.71889E-02   0.74554E-02
 7346.70   0.65342E-02   0.71581E-02   0.74232E-02
 7360.30   0.64928E-02   0.71235E-02   0.73870E-02
 7373.91   0.64549E-02   0.70927E-02   0.73548E-02
 7387.51   0.64360E-02   0.70828E-02   0.73442E-02
 7401.12   0.63964E-02   0.70500E-02   0.73099E-02
 7414.72   0.63596E-02   0.70201E-02   0.72786E-02
 7428.33   0.63239E-02   0.69915E-02   0.72485E-02
 7441.93   0.62891E-02   0.69637E-02   0.72193E-02
 7455.54   0.62549E-02   0.69365E-02   0.71908E-02
 7469.14   0.62211E-02   0.69097E-02   0.71627E-02
 7482.75   0.61876E-02   0.68831E-02   0.71347E-02
 7496.35   0.61540E-02   0.68563E-02   0.71065E-02
 7509.96   0.61200E-02   0.68289E-02   0.70777E-02
 7523.56   0.60842E-02   0.67994E-02   0.70467E-02
 7537.17   0.60492E-02   0.67708E-02   0.70165E-02
 7550.77   0.60300E-02   0.67600E-02   0.70049E-02
 7564.38   0.59925E-02   0.67284E-02   0.69717E-02
 7577.98   0.59579E-02   0.66999E-02   0.69417E-02
 7591.59   0.59243E-02   0.66724E-02   0.69127E-02
 7605.19   0.58913E-02   0.66456E-02   0.68845E-02
 7618.80   0.58589E-02   0.66195E-02   0.68569E-02
 7632.40   0.58272E-02   0.65940E-02   0.68299E-02
 7646.01   0.57960E-02   0.65690E-02   0.68035E-02
 7659.61   0.57652E-02   0.65444E-02   0.67775E-02
 7673.22   0.57346E-02   0.65199E-02   0.67515E-02
 7686.82   0.57036E-02   0.64948E-02   0.67250E-02
 7700.43   0.56696E-02   0.64661E-02   0.66947E-02
 7714.03   0.56519E-02   0.64564E-02   0.66840E-02
 7727.64   0.56169E-02   0.64264E-02   0.66524E-02
 7741.24   0.55855E-02   0.64005E-02   0.66249E-02
 7754.85   0.55545E-02   0.63749E-02   0.65978E-02
 7768.45   0.55237E-02   0.63496E-02   0.65710E-02
 7782.06   0.54932E-02   0.63245E-02   0.65444E-02
 7795.66   0.54632E-02   0.62999E-02   0.65183E-02
 7809.27   0.54337E-02   0.62758E-02   0.64926E-02
 7822.87   0.54047E-02   0.62522E-02   0.64676E-02
 7836.48   0.53762E-02   0.62292E-02   0.64430E-02
 7850.08   0.53482E-02   0.62065E-02   0.64189E-02
 7863.69   0.53202E-02   0.61839E-02   0.63948E-02
 7877.29   0.52921E-02   0.61609E-02   0.63703E-02
 7890.90   0.52668E-02   0.61412E-02   0.63492E-02
 7904.50   0.52389E-02   0.61184E-02   0.63249E-02
 7918.11   0.52111E-02   0.60956E-02   0.63006E-02
 7931.71   0.51833E-02   0.60725E-02   0.62760E-02
 7945.32   0.51553E-02   0.60493E-02   0.62513E-02
 7958.92   0.51273E-02   0.60260E-02   0.62264E-02
 7972.53   0.50995E-02   0.60029E-02   0.62017E-02
 7986.13   0.50720E-02   0.59799E-02   0.61772E-02
 7999.74   0.50449E-02   0.59574E-02   0.61531E-02
 8013.34   0.50182E-02   0.59354E-02   0.61296E-02
 8026.95   0.49920E-02   0.59138E-02   0.61065E-02
 8040.55   0.49660E-02   0.58924E-02   0.60836E-02
 8054.16   0.49414E-02   0.58726E-02   0.60622E-02
 8067.76   0.49170E-02   0.58526E-02   0.60408E-02
 8081.37   0.48919E-02   0.58320E-02   0.60187E-02
 8094.97   0.48669E-02   0.58114E-02   0.59966E-02
 8108.58   0.48418E-02   0.57906E-02   0.59742E-02
 8122.18   0.48165E-02   0.57695E-02   0.59516E-02
 8135.79   0.47911E-02   0.57481E-02   0.59286E-02
 8149.39   0.47656E-02   0.57265E-02   0.59054E-02
 8163.00   0.47401E-02   0.57048E-02   0.58822E-02
 8176.60   0.47147E-02   0.56832E-02   0.58590E-02
 8190.21   0.46895E-02   0.56617E-02   0.58359E-02
 8203.81   0.46643E-02   0.56402E-02   0.58128E-02
 8217.42   0.46367E-02   0.56158E-02   0.57868E-02
 8231.02   0.46237E-02   0.56086E-02   0.57784E-02
 8244.63   0.45971E-02   0.55852E-02   0.57534E-02
 8258.23   0.45736E-02   0.55654E-02   0.57321E-02
 8271.84   0.45507E-02   0.55463E-02   0.57114E-02
 8285.44   0.45280E-02   0.55272E-02   0.56908E-02
 8299.05   0.45052E-02   0.55080E-02   0.56700E-02
 8312.65   0.44823E-02   0.54886E-02   0.56490E-02
 8326.26   0.44592E-02   0.54688E-02   0.56277E-02
 8339.86   0.44358E-02   0.54486E-02   0.56060E-02
 8353.47   0.44123E-02   0.54282E-02   0.55839E-02
 8367.07   0.43885E-02   0.54073E-02   0.55615E-02
 8380.68   0.43640E-02   0.53854E-02   0.55379E-02
 8394.28   0.43330E-02   0.53553E-02   0.55060E-02
 8407.89   0.43332E-02   0.53640E-02   0.55139E-02
 8421.49   0.43051E-02   0.53374E-02   0.54855E-02
 8435.10   0.42824E-02   0.53175E-02   0.54640E-02
 8448.70   0.42609E-02   0.52990E-02   0.54439E-02
 8462.31   0.42399E-02   0.52810E-02   0.54244E-02
 8475.91   0.42192E-02   0.52633E-02   0.54052E-02
 8489.52   0.41985E-02   0.52456E-02   0.53859E-02
 8503.12   0.41778E-02   0.52277E-02   0.53664E-02
 8516.73   0.41569E-02   0.52094E-02   0.53466E-02
 8530.33   0.41356E-02   0.51906E-02   0.53263E-02
 8543.94   0.41138E-02   0.51710E-02   0.53051E-02
 8557.54   0.40907E-02   0.51498E-02   0.52823E-02
 8571.15   0.40595E-02   0.51183E-02   0.52489E-02
 8584.75   0.40696E-02   0.51388E-02   0.52688E-02
 8598.36   0.40388E-02   0.51075E-02   0.52356E-02
 8611.96   0.40166E-02   0.50871E-02   0.52136E-02
 8625.57   0.39960E-02   0.50686E-02   0.51936E-02
 8639.17   0.39762E-02   0.50511E-02   0.51745E-02
 8652.78   0.39570E-02   0.50342E-02   0.51561E-02
 8666.38   0.39381E-02   0.50177E-02   0.51380E-02
 8679.99   0.39195E-02   0.50013E-02   0.51201E-02
 8693.59   0.39008E-02   0.49848E-02   0.51021E-02
 8707.20   0.38819E-02   0.49680E-02   0.50837E-02
 8720.80   0.38626E-02   0.49506E-02   0.50647E-02
 8734.41   0.38422E-02   0.49317E-02   0.50443E-02
 8748.01   0.38172E-02   0.49067E-02   0.50177E-02
 8761.62   0.37985E-02   0.48897E-02   0.49991E-02
 8775.22   0.37954E-02   0.48930E-02   0.50013E-02
 8788.83   0.37741E-02   0.48726E-02   0.49792E-02
 8802.43   0.37545E-02   0.48543E-02   0.49594E-02
 8816.04   0.37358E-02   0.48370E-02   0.49406E-02
 8829.64   0.37176E-02   0.48204E-02   0.49224E-02
 8843.25   0.36999E-02   0.48043E-02   0.49048E-02
 8856.85   0.36827E-02   0.47888E-02   0.48877E-02
 8870.46   0.36657E-02   0.47735E-02   0.48710E-02
 8884.06   0.36489E-02   0.47583E-02   0.48543E-02
 8897.67   0.36320E-02   0.47430E-02   0.48374E-02
 8911.27   0.36147E-02   0.47270E-02   0.48200E-02
 8924.88   0.35958E-02   0.47088E-02   0.48002E-02
 8938.48   0.35780E-02   0.46921E-02   0.47820E-02
 8952.09   0.35719E-02   0.46907E-02   0.47793E-02
 8965.69   0.35522E-02   0.46712E-02   0.47583E-02
 8979.30   0.35342E-02   0.46540E-02   0.47395E-02
 8992.90   0.35168E-02   0.46373E-02   0.47214E-02
 9006.51   0.34997E-02   0.46211E-02   0.47036E-02
 9020.11   0.34830E-02   0.46053E-02   0.46863E-02
 9033.72   0.34667E-02   0.45899E-02   0.46695E-02
 9047.32   0.34508E-02   0.45751E-02   0.46531E-02
 9060.93   0.34353E-02   0.45606E-02   0.46372E-02
 9074.53   0.34201E-02   0.45465E-02   0.46216E-02
 9088.14   0.34050E-02   0.45325E-02   0.46061E-02
 9101.74   0.33898E-02   0.45182E-02   0.45903E-02
 9115.35   0.33727E-02   0.45013E-02   0.45720E-02
 9128.95   0.33657E-02   0.44978E-02   0.45672E-02
 9142.56   0.33479E-02   0.44799E-02   0.45478E-02
 9156.16   0.33323E-02   0.44648E-02   0.45311E-02
 9169.77   0.33168E-02   0.44497E-02   0.45146E-02
 9183.37   0.33013E-02   0.44346E-02   0.44981E-02
 9196.98   0.32859E-02   0.44196E-02   0.44815E-02
 9210.58   0.32706E-02   0.44046E-02   0.44651E-02
 9224.19   0.32556E-02   0.43899E-02   0.44489E-02
 9237.79   0.32409E-02   0.43755E-02   0.44331E-02
 9251.40   0.32265E-02   0.43615E-02   0.44177E-02
 9265.00   0.32125E-02   0.43480E-02   0.44027E-02
 9278.61   0.31989E-02   0.43349E-02   0.43882E-02
 9292.21   0.31854E-02   0.43219E-02   0.43738E-02
 9305.82   0.31721E-02   0.43091E-02   0.43596E-02
 9319.42   0.31598E-02   0.42975E-02   0.43466E-02
 9333.03   0.31465E-02   0.42846E-02   0.43323E-02
 9346.63   0.31332E-02   0.42716E-02   0.43178E-02
 9360.24   0.31198E-02   0.42583E-02   0.43032E-02
 9373.84   0.31062E-02   0.42448E-02   0.42882E-02
 9387.45   0.30925E-02   0.42310E-02   0.42730E-02
 9401.05   0.30787E-02   0.42170E-02   0.42576E-02
 9414.66   0.30650E-02   0.42030E-02   0.42422E-02
 9428.26   0.30513E-02   0.41891E-02   0.42269E-02
 9441.87   0.30379E-02   0.41754E-02   0.42118E-02
 9455.47   0.30247E-02   0.41620E-02   0.41970E-02
 9469.08   0.30119E-02   0.41489E-02   0.41825E-02
 9482.68   0.29989E-02   0.41356E-02   0.41677E-02
 9496.29   0.29880E-02   0.41251E-02   0.41560E-02
 9509.89   0.29772E-02   0.41147E-02   0.41442E-02
 9523.50   0.29651E-02   0.41024E-02   0.41305E-02
 9537.10   0.29533E-02   0.40905E-02   0.41173E-02
 9550.71   0.29416E-02   0.40785E-02   0.41040E-02
 9564.31   0.29297E-02   0.40664E-02   0.40905E-02
 9577.92   0.29177E-02   0.40540E-02   0.40767E-02
 9591.52   0.29055E-02   0.40412E-02   0.40626E-02
 9605.13   0.28931E-02   0.40282E-02   0.40482E-02
 9618.73   0.28807E-02   0.40149E-02   0.40336E-02
 9632.34   0.28682E-02   0.40016E-02   0.40189E-02
 9645.94   0.28557E-02   0.39881E-02   0.40041E-02
 9659.55   0.28430E-02   0.39743E-02   0.39890E-02
 9673.15   0.28288E-02   0.39582E-02   0.39715E-02
 9686.76   0.28202E-02   0.39501E-02   0.39621E-02
 9700.36   0.28143E-02   0.39457E-02   0.39564E-02
 9713.97   0.28022E-02   0.39325E-02   0.39418E-02
 9727.57   0.27913E-02   0.39207E-02   0.39288E-02
 9741.18   0.27807E-02   0.39095E-02   0.39162E-02
 9754.78   0.27702E-02   0.38984E-02   0.39038E-02
 9768.39   0.27597E-02   0.38872E-02   0.38913E-02
 9781.99   0.27491E-02   0.38757E-02   0.38786E-02
 9795.60   0.27383E-02   0.38639E-02   0.38655E-02
 9809.20   0.27273E-02   0.38518E-02   0.38521E-02
 9822.81   0.27160E-02   0.38392E-02   0.38382E-02
 9836.41   0.27044E-02   0.38261E-02   0.38238E-02
 9850.02   0.26921E-02   0.38120E-02   0.38084E-02
 9863.62   0.26768E-02   0.37934E-02   0.37887E-02
 9877.23   0.26693E-02   0.37859E-02   0.37798E-02
 9890.83   0.26695E-02   0.37893E-02   0.37819E-02
 9904.44   0.26568E-02   0.37744E-02   0.37658E-02
 9918.04   0.26461E-02   0.37621E-02   0.37523E-02
 9931.65   0.26362E-02   0.37509E-02   0.37398E-02
 9945.25   0.26266E-02   0.37402E-02   0.37278E-02
 9958.86   0.26173E-02   0.37297E-02   0.37161E-02
 9972.46   0.26080E-02   0.37193E-02   0.37045E-02
 9986.07   0.25987E-02   0.37088E-02   0.36927E-02
 9999.67   0.25893E-02   0.36980E-02   0.36807E-02
