  299.31   0.85204E-01   0.85552E-01   0.79029E-01
  312.91   0.82618E-01   0.82967E-01   0.76742E-01
  326.52   0.80102E-01   0.80452E-01   0.74509E-01
  340.12   0.77699E-01   0.78050E-01   0.72369E-01
  353.73   0.75384E-01   0.75735E-01   0.70302E-01
  367.33   0.73165E-01   0.73516E-01   0.68316E-01
  380.94   0.71061E-01   0.71412E-01   0.66429E-01
  394.54   0.69037E-01   0.69388E-01   0.64609E-01
  408.15   0.67098E-01   0.67448E-01   0.62862E-01
  421.75   0.65253E-01   0.65604E-01   0.61198E-01
  435.36   0.63466E-01   0.63815E-01   0.59581E-01
  448.96   0.61754E-01   0.62103E-01   0.58030E-01
  462.57   0.60107E-01   0.60455E-01   0.56536E-01
  476.17   0.58516E-01   0.58863E-01   0.55089E-01
  489.78   0.56988E-01   0.57334E-01   0.53697E-01
  503.38   0.55532E-01   0.55877E-01   0.52369E-01
  516.99   0.54125E-01   0.54468E-01   0.51084E-01
  530.59   0.52762E-01   0.53105E-01   0.49838E-01
  544.20   0.51468E-01   0.51809E-01   0.48653E-01
  557.80   0.50212E-01   0.50552E-01   0.47501E-01
  571.41   0.48995E-01   0.49334E-01   0.46384E-01
  585.01   0.47831E-01   0.48168E-01   0.45314E-01
  598.62   0.46694E-01   0.47030E-01   0.44267E-01
  612.22   0.45604E-01   0.45938E-01   0.43262E-01
  625.83   0.44538E-01   0.44870E-01   0.42278E-01
  639.43   0.43536E-01   0.43866E-01   0.41353E-01
  653.04   0.42552E-01   0.42880E-01   0.40443E-01
  666.64   0.41605E-01   0.41932E-01   0.39567E-01
  680.25   0.40693E-01   0.41018E-01   0.38722E-01
  693.85   0.39801E-01   0.40124E-01   0.37895E-01
  707.46   0.38938E-01   0.39260E-01   0.37094E-01
  721.06   0.38106E-01   0.38425E-01   0.36321E-01
  734.67   0.37301E-01   0.37618E-01   0.35572E-01
  748.27   0.36518E-01   0.36834E-01   0.34844E-01
  761.88   0.35759E-01   0.36072E-01   0.34136E-01
  775.48   0.35023E-01   0.35335E-01   0.33451E-01
  789.09   0.34315E-01   0.34624E-01   0.32790E-01
  802.69   0.33626E-01   0.33934E-01   0.32147E-01
  816.30   0.32956E-01   0.33262E-01   0.31521E-01
  829.90   0.32303E-01   0.32607E-01   0.30911E-01
  843.51   0.31677E-01   0.31978E-01   0.30325E-01
  857.11   0.31064E-01   0.31364E-01   0.29751E-01
  870.72   0.30469E-01   0.30766E-01   0.29193E-01
  884.32   0.29887E-01   0.30183E-01   0.28648E-01
  897.93   0.29330E-01   0.29623E-01   0.28125E-01
  911.53   0.28779E-01   0.29071E-01   0.27608E-01
  925.14   0.28248E-01   0.28537E-01   0.27109E-01
  938.74   0.27731E-01   0.28018E-01   0.26623E-01
  952.35   0.27221E-01   0.27506E-01   0.26143E-01
  965.95   0.26740E-01   0.27023E-01   0.25691E-01
  979.56   0.26263E-01   0.26544E-01   0.25242E-01
  993.16   0.25800E-01   0.26079E-01   0.24806E-01
 1006.77   0.25348E-01   0.25625E-01   0.24379E-01
 1020.37   0.24911E-01   0.25186E-01   0.23967E-01
 1033.98   0.24480E-01   0.24753E-01   0.23561E-01
 1047.58   0.24061E-01   0.24332E-01   0.23165E-01
 1061.19   0.23654E-01   0.23923E-01   0.22781E-01
 1074.79   0.23257E-01   0.23524E-01   0.22405E-01
 1088.40   0.22871E-01   0.23136E-01   0.22041E-01
 1102.00   0.22493E-01   0.22755E-01   0.21683E-01
 1115.61   0.22124E-01   0.22384E-01   0.21333E-01
 1129.21   0.21765E-01   0.22023E-01   0.20993E-01
 1142.82   0.21415E-01   0.21671E-01   0.20662E-01
 1156.42   0.21073E-01   0.21328E-01   0.20338E-01
 1170.03   0.20739E-01   0.20992E-01   0.20021E-01
 1183.63   0.20412E-01   0.20662E-01   0.19711E-01
 1197.24   0.20092E-01   0.20341E-01   0.19407E-01
 1210.84   0.19783E-01   0.20029E-01   0.19113E-01
 1224.45   0.19478E-01   0.19723E-01   0.18824E-01
 1238.05   0.19181E-01   0.19424E-01   0.18542E-01
 1251.66   0.18890E-01   0.19130E-01   0.18265E-01
 1265.26   0.18604E-01   0.18843E-01   0.17993E-01
 1278.87   0.18329E-01   0.18566E-01   0.17732E-01
 1292.47   0.18057E-01   0.18292E-01   0.17472E-01
 1306.08   0.17791E-01   0.18025E-01   0.17220E-01
 1319.68   0.17532E-01   0.17763E-01   0.16973E-01
 1333.29   0.17277E-01   0.17506E-01   0.16730E-01
 1346.89   0.17033E-01   0.17260E-01   0.16497E-01
 1360.50   0.16786E-01   0.17012E-01   0.16262E-01
 1374.10   0.16548E-01   0.16772E-01   0.16035E-01
 1387.71   0.16315E-01   0.16537E-01   0.15813E-01
 1401.31   0.16087E-01   0.16307E-01   0.15595E-01
 1414.92   0.15861E-01   0.16079E-01   0.15379E-01
 1428.52   0.15645E-01   0.15862E-01   0.15173E-01
 1442.13   0.15430E-01   0.15644E-01   0.14967E-01
 1455.73   0.15219E-01   0.15432E-01   0.14766E-01
 1469.34   0.15014E-01   0.15225E-01   0.14570E-01
 1482.94   0.14812E-01   0.15021E-01   0.14376E-01
 1496.55   0.14616E-01   0.14823E-01   0.14189E-01
 1510.15   0.14421E-01   0.14627E-01   0.14003E-01
 1523.76   0.14231E-01   0.14435E-01   0.13821E-01
 1537.36   0.14045E-01   0.14247E-01   0.13642E-01
 1550.97   0.13862E-01   0.14063E-01   0.13468E-01
 1564.57   0.13683E-01   0.13883E-01   0.13296E-01
 1578.18   0.13508E-01   0.13706E-01   0.13129E-01
 1591.78   0.13336E-01   0.13532E-01   0.12963E-01
 1605.39   0.13167E-01   0.13361E-01   0.12801E-01
 1618.99   0.13000E-01   0.13193E-01   0.12641E-01
 1632.60   0.12838E-01   0.13029E-01   0.12485E-01
 1646.20   0.12679E-01   0.12868E-01   0.12333E-01
 1659.81   0.12522E-01   0.12710E-01   0.12182E-01
 1673.41   0.12368E-01   0.12555E-01   0.12035E-01
 1687.02   0.12217E-01   0.12402E-01   0.11889E-01
 1700.62   0.12068E-01   0.12251E-01   0.11746E-01
 1714.23   0.11922E-01   0.12103E-01   0.11606E-01
 1727.83   0.11780E-01   0.11961E-01   0.11470E-01
 1741.44   0.11640E-01   0.11819E-01   0.11335E-01
 1755.04   0.11502E-01   0.11679E-01   0.11202E-01
 1768.65   0.11367E-01   0.11542E-01   0.11072E-01
 1782.25   0.11233E-01   0.11407E-01   0.10943E-01
 1795.86   0.11101E-01   0.11273E-01   0.10816E-01
 1809.46   0.10975E-01   0.11146E-01   0.10695E-01
 1823.07   0.10848E-01   0.11018E-01   0.10572E-01
 1836.67   0.10724E-01   0.10892E-01   0.10453E-01
 1850.28   0.10602E-01   0.10769E-01   0.10335E-01
 1863.88   0.10482E-01   0.10647E-01   0.10220E-01
 1877.49   0.10362E-01   0.10526E-01   0.10105E-01
 1891.09   0.10249E-01   0.10412E-01   0.99954E-02
 1904.70   0.10134E-01   0.10295E-01   0.98843E-02
 1918.30   0.10021E-01   0.10181E-01   0.97759E-02
 1931.91   0.99112E-02   0.10070E-01   0.96696E-02
 1945.51   0.98028E-02   0.99599E-02   0.95651E-02
 1959.12   0.96958E-02   0.98515E-02   0.94618E-02
 1972.72   0.95931E-02   0.97475E-02   0.93626E-02
 1986.33   0.94883E-02   0.96414E-02   0.92615E-02
 1999.93   0.93862E-02   0.95380E-02   0.91629E-02
 2013.54   0.92860E-02   0.94364E-02   0.90661E-02
 2027.14   0.91877E-02   0.93368E-02   0.89711E-02
 2040.75   0.90909E-02   0.92388E-02   0.88777E-02
 2054.35   0.89951E-02   0.91416E-02   0.87850E-02
 2067.96   0.89023E-02   0.90475E-02   0.86953E-02
 2081.56   0.88095E-02   0.89535E-02   0.86056E-02
 2095.17   0.87182E-02   0.88609E-02   0.85173E-02
 2108.77   0.86284E-02   0.87699E-02   0.84304E-02
 2122.38   0.85401E-02   0.86804E-02   0.83450E-02
 2135.98   0.84534E-02   0.85925E-02   0.82611E-02
 2149.59   0.83681E-02   0.85059E-02   0.81786E-02
 2163.19   0.82840E-02   0.84206E-02   0.80972E-02
 2176.80   0.82010E-02   0.83364E-02   0.80168E-02
 2190.40   0.81190E-02   0.82532E-02   0.79374E-02
 2204.01   0.80382E-02   0.81712E-02   0.78591E-02
 2217.61   0.79587E-02   0.80905E-02   0.77821E-02
 2231.22   0.78805E-02   0.80113E-02   0.77064E-02
 2244.82   0.78040E-02   0.79335E-02   0.76322E-02
 2258.43   0.77282E-02   0.78566E-02   0.75588E-02
 2272.03   0.76535E-02   0.77808E-02   0.74863E-02
 2285.64   0.75796E-02   0.77058E-02   0.74147E-02
 2299.24   0.75066E-02   0.76317E-02   0.73439E-02
 2312.85   0.74345E-02   0.75584E-02   0.72740E-02
 2326.45   0.73628E-02   0.74856E-02   0.72044E-02
 2340.06   0.72949E-02   0.74167E-02   0.71386E-02
 2353.66   0.72263E-02   0.73469E-02   0.70720E-02
 2367.27   0.71587E-02   0.72783E-02   0.70064E-02
 2380.87   0.70920E-02   0.72105E-02   0.69416E-02
 2394.48   0.70260E-02   0.71434E-02   0.68775E-02
 2408.08   0.69605E-02   0.70768E-02   0.68139E-02
 2421.69   0.68958E-02   0.70111E-02   0.67511E-02
 2435.29   0.68343E-02   0.69486E-02   0.66913E-02
 2448.90   0.67718E-02   0.68851E-02   0.66306E-02
 2462.50   0.67105E-02   0.68227E-02   0.65710E-02
 2476.11   0.66500E-02   0.67612E-02   0.65123E-02
 2489.71   0.65902E-02   0.67005E-02   0.64542E-02
 2503.32   0.65308E-02   0.66401E-02   0.63965E-02
 2516.92   0.64719E-02   0.65801E-02   0.63391E-02
 2530.53   0.64161E-02   0.65234E-02   0.62849E-02
 2544.13   0.63590E-02   0.64653E-02   0.62294E-02
 2557.74   0.63030E-02   0.64083E-02   0.61749E-02
 2571.34   0.62479E-02   0.63523E-02   0.61213E-02
 2584.95   0.61936E-02   0.62970E-02   0.60684E-02
 2598.55   0.61397E-02   0.62422E-02   0.60161E-02
 2612.16   0.60858E-02   0.61874E-02   0.59636E-02
 2625.76   0.60351E-02   0.61357E-02   0.59142E-02
 2639.37   0.59829E-02   0.60826E-02   0.58634E-02
 2652.97   0.59316E-02   0.60303E-02   0.58134E-02
 2666.58   0.58811E-02   0.59789E-02   0.57643E-02
 2680.18   0.58314E-02   0.59283E-02   0.57159E-02
 2693.79   0.57824E-02   0.58784E-02   0.56681E-02
 2707.39   0.57338E-02   0.58290E-02   0.56208E-02
 2721.00   0.56866E-02   0.57809E-02   0.55749E-02
 2734.60   0.56391E-02   0.57326E-02   0.55286E-02
 2748.21   0.55922E-02   0.56848E-02   0.54829E-02
 2761.81   0.55459E-02   0.56376E-02   0.54377E-02
 2775.42   0.55002E-02   0.55910E-02   0.53932E-02
 2789.02   0.54551E-02   0.55451E-02   0.53493E-02
 2802.63   0.54108E-02   0.55000E-02   0.53060E-02
 2816.23   0.53670E-02   0.54554E-02   0.52634E-02
 2829.84   0.53238E-02   0.54113E-02   0.52212E-02
 2843.44   0.52810E-02   0.53677E-02   0.51795E-02
 2857.05   0.52386E-02   0.53245E-02   0.51381E-02
 2870.65   0.51965E-02   0.52816E-02   0.50971E-02
 2884.26   0.51550E-02   0.52393E-02   0.50566E-02
 2897.86   0.51140E-02   0.51975E-02   0.50165E-02
 2911.47   0.50735E-02   0.51562E-02   0.49770E-02
 2925.07   0.50341E-02   0.51160E-02   0.49386E-02
 2938.68   0.49947E-02   0.50759E-02   0.49002E-02
 2952.28   0.49558E-02   0.50363E-02   0.48622E-02
 2965.89   0.49173E-02   0.49970E-02   0.48247E-02
 2979.49   0.48792E-02   0.49581E-02   0.47874E-02
 2993.10   0.48413E-02   0.49195E-02   0.47504E-02
 3006.70   0.48038E-02   0.48812E-02   0.47138E-02
 3020.31   0.47667E-02   0.48434E-02   0.46776E-02
 3033.91   0.47313E-02   0.48073E-02   0.46430E-02
 3047.52   0.46952E-02   0.47705E-02   0.46078E-02
 3061.12   0.46598E-02   0.47343E-02   0.45732E-02
 3074.73   0.46247E-02   0.46986E-02   0.45389E-02
 3088.33   0.45900E-02   0.46631E-02   0.45050E-02
 3101.94   0.45554E-02   0.46279E-02   0.44712E-02
 3115.54   0.45210E-02   0.45927E-02   0.44376E-02
 3129.15   0.44865E-02   0.45576E-02   0.44039E-02
 3142.75   0.44551E-02   0.45255E-02   0.43732E-02
 3156.36   0.44219E-02   0.44916E-02   0.43407E-02
 3169.96   0.43893E-02   0.44584E-02   0.43089E-02
 3183.57   0.43573E-02   0.44257E-02   0.42775E-02
 3197.17   0.43255E-02   0.43933E-02   0.42465E-02
 3210.78   0.42940E-02   0.43611E-02   0.42157E-02
 3224.38   0.42626E-02   0.43290E-02   0.41850E-02
 3237.99   0.42308E-02   0.42966E-02   0.41539E-02
 3251.59   0.42024E-02   0.42676E-02   0.41261E-02
 3265.20   0.41717E-02   0.42363E-02   0.40962E-02
 3278.80   0.41418E-02   0.42057E-02   0.40668E-02
 3292.41   0.41123E-02   0.41756E-02   0.40380E-02
 3306.01   0.40832E-02   0.41459E-02   0.40096E-02
 3319.62   0.40544E-02   0.41165E-02   0.39814E-02
 3333.22   0.40258E-02   0.40873E-02   0.39534E-02
 3346.83   0.39971E-02   0.40580E-02   0.39253E-02
 3360.43   0.39705E-02   0.40308E-02   0.38993E-02
 3374.04   0.39423E-02   0.40021E-02   0.38717E-02
 3387.64   0.39147E-02   0.39738E-02   0.38447E-02
 3401.25   0.38874E-02   0.39460E-02   0.38180E-02
 3414.85   0.38606E-02   0.39186E-02   0.37918E-02
 3428.46   0.38341E-02   0.38916E-02   0.37658E-02
 3442.06   0.38079E-02   0.38648E-02   0.37402E-02
 3455.67   0.37818E-02   0.38382E-02   0.37147E-02
 3469.27   0.37568E-02   0.38126E-02   0.36902E-02
 3482.88   0.37311E-02   0.37864E-02   0.36650E-02
 3496.48   0.37057E-02   0.37604E-02   0.36402E-02
 3510.09   0.36805E-02   0.37347E-02   0.36155E-02
 3523.69   0.36556E-02   0.37093E-02   0.35912E-02
 3537.30   0.36311E-02   0.36842E-02   0.35671E-02
 3550.90   0.36068E-02   0.36595E-02   0.35434E-02
 3564.51   0.35830E-02   0.36351E-02   0.35201E-02
 3578.11   0.35593E-02   0.36110E-02   0.34969E-02
 3591.72   0.35360E-02   0.35871E-02   0.34741E-02
 3605.32   0.35127E-02   0.35634E-02   0.34513E-02
 3618.93   0.34896E-02   0.35398E-02   0.34287E-02
 3632.53   0.34667E-02   0.35163E-02   0.34062E-02
 3646.14   0.34439E-02   0.34931E-02   0.33839E-02
 3659.74   0.34213E-02   0.34700E-02   0.33618E-02
 3673.35   0.33990E-02   0.34473E-02   0.33400E-02
 3686.95   0.33770E-02   0.34248E-02   0.33184E-02
 3700.56   0.33557E-02   0.34030E-02   0.32975E-02
 3714.16   0.33342E-02   0.33810E-02   0.32765E-02
 3727.77   0.33129E-02   0.33593E-02   0.32557E-02
 3741.37   0.32918E-02   0.33378E-02   0.32350E-02
 3754.98   0.32708E-02   0.33163E-02   0.32144E-02
 3768.58   0.32499E-02   0.32950E-02   0.31939E-02
 3782.19   0.32291E-02   0.32738E-02   0.31736E-02
 3795.79   0.32085E-02   0.32527E-02   0.31533E-02
 3809.40   0.31881E-02   0.32319E-02   0.31334E-02
 3823.00   0.31690E-02   0.32124E-02   0.31147E-02
 3836.61   0.31491E-02   0.31920E-02   0.30952E-02
 3850.21   0.31295E-02   0.31720E-02   0.30760E-02
 3863.82   0.31102E-02   0.31523E-02   0.30571E-02
 3877.42   0.30909E-02   0.31326E-02   0.30382E-02
 3891.03   0.30717E-02   0.31130E-02   0.30194E-02
 3904.63   0.30526E-02   0.30935E-02   0.30007E-02
 3918.24   0.30334E-02   0.30739E-02   0.29818E-02
 3931.84   0.30140E-02   0.30541E-02   0.29629E-02
 3945.45   0.29975E-02   0.30372E-02   0.29467E-02
 3959.05   0.29789E-02   0.30182E-02   0.29285E-02
 3972.66   0.29608E-02   0.29998E-02   0.29107E-02
 3986.26   0.29429E-02   0.29815E-02   0.28933E-02
 3999.87   0.29253E-02   0.29635E-02   0.28760E-02
 4013.47   0.29077E-02   0.29455E-02   0.28587E-02
 4027.08   0.28901E-02   0.29276E-02   0.28415E-02
 4040.68   0.28724E-02   0.29095E-02   0.28241E-02
 4054.29   0.28541E-02   0.28909E-02   0.28063E-02
 4067.89   0.28394E-02   0.28758E-02   0.27918E-02
 4081.50   0.28221E-02   0.28582E-02   0.27749E-02
 4095.10   0.28053E-02   0.28410E-02   0.27584E-02
 4108.71   0.27887E-02   0.28241E-02   0.27422E-02
 4122.31   0.27724E-02   0.28074E-02   0.27262E-02
 4135.92   0.27562E-02   0.27909E-02   0.27103E-02
 4149.52   0.27401E-02   0.27745E-02   0.26946E-02
 4163.13   0.27239E-02   0.27579E-02   0.26787E-02
 4176.73   0.27074E-02   0.27411E-02   0.26625E-02
 4190.34   0.26933E-02   0.27267E-02   0.26487E-02
 4203.94   0.26773E-02   0.27104E-02   0.26331E-02
 4217.55   0.26616E-02   0.26944E-02   0.26177E-02
 4231.15   0.26462E-02   0.26786E-02   0.26026E-02
 4244.76   0.26310E-02   0.26631E-02   0.25877E-02
 4258.36   0.26160E-02   0.26478E-02   0.25730E-02
 4271.97   0.26011E-02   0.26327E-02   0.25584E-02
 4285.57   0.25864E-02   0.26176E-02   0.25440E-02
 4299.18   0.25716E-02   0.26025E-02   0.25295E-02
 4312.78   0.25578E-02   0.25885E-02   0.25160E-02
 4326.39   0.25432E-02   0.25735E-02   0.25016E-02
 4339.99   0.25287E-02   0.25588E-02   0.24875E-02
 4353.60   0.25143E-02   0.25441E-02   0.24734E-02
 4367.20   0.25001E-02   0.25296E-02   0.24595E-02
 4380.81   0.24860E-02   0.25153E-02   0.24457E-02
 4394.41   0.24722E-02   0.25012E-02   0.24321E-02
 4408.02   0.24585E-02   0.24872E-02   0.24188E-02
 4421.62   0.24450E-02   0.24735E-02   0.24055E-02
 4435.23   0.24318E-02   0.24599E-02   0.23925E-02
 4448.83   0.24184E-02   0.24463E-02   0.23795E-02
 4462.44   0.24051E-02   0.24328E-02   0.23665E-02
 4476.04   0.23919E-02   0.24193E-02   0.23535E-02
 4489.65   0.23787E-02   0.24058E-02   0.23406E-02
 4503.25   0.23656E-02   0.23924E-02   0.23277E-02
 4516.86   0.23526E-02   0.23792E-02   0.23150E-02
 4530.46   0.23397E-02   0.23661E-02   0.23024E-02
 4544.07   0.23270E-02   0.23532E-02   0.22900E-02
 4557.67   0.23146E-02   0.23405E-02   0.22778E-02
 4571.28   0.23023E-02   0.23280E-02   0.22658E-02
 4584.88   0.22901E-02   0.23155E-02   0.22538E-02
 4598.49   0.22779E-02   0.23031E-02   0.22419E-02
 4612.09   0.22657E-02   0.22907E-02   0.22300E-02
 4625.70   0.22536E-02   0.22783E-02   0.22181E-02
 4639.30   0.22415E-02   0.22660E-02   0.22062E-02
 4652.91   0.22294E-02   0.22537E-02   0.21944E-02
 4666.51   0.22174E-02   0.22415E-02   0.21826E-02
 4680.12   0.22053E-02   0.22292E-02   0.21709E-02
 4693.72   0.21936E-02   0.22172E-02   0.21593E-02
 4707.33   0.21830E-02   0.22064E-02   0.21490E-02
 4720.93   0.21715E-02   0.21948E-02   0.21377E-02
 4734.54   0.21602E-02   0.21833E-02   0.21267E-02
 4748.14   0.21490E-02   0.21719E-02   0.21157E-02
 4761.75   0.21379E-02   0.21605E-02   0.21048E-02
 4775.35   0.21267E-02   0.21491E-02   0.20939E-02
 4788.96   0.21155E-02   0.21377E-02   0.20829E-02
 4802.56   0.21042E-02   0.21263E-02   0.20719E-02
 4816.17   0.20925E-02   0.21143E-02   0.20604E-02
 4829.77   0.20845E-02   0.21062E-02   0.20526E-02
 4843.38   0.20725E-02   0.20940E-02   0.20409E-02
 4856.98   0.20618E-02   0.20831E-02   0.20303E-02
 4870.59   0.20512E-02   0.20724E-02   0.20200E-02
 4884.19   0.20409E-02   0.20618E-02   0.20099E-02
 4897.80   0.20306E-02   0.20513E-02   0.19998E-02
 4911.40   0.20203E-02   0.20409E-02   0.19897E-02
 4925.01   0.20099E-02   0.20304E-02   0.19797E-02
 4938.61   0.19995E-02   0.20197E-02   0.19694E-02
 4952.22   0.19882E-02   0.20083E-02   0.19584E-02
 4965.82   0.19815E-02   0.20014E-02   0.19518E-02
 4979.43   0.19702E-02   0.19900E-02   0.19408E-02
 4993.03   0.19600E-02   0.19796E-02   0.19308E-02
 5006.64   0.19501E-02   0.19696E-02   0.19212E-02
 5020.24   0.19404E-02   0.19597E-02   0.19117E-02
 5033.85   0.19309E-02   0.19500E-02   0.19023E-02
 5047.45   0.19214E-02   0.19403E-02   0.18930E-02
 5061.06   0.19119E-02   0.19307E-02   0.18837E-02
 5074.66   0.19023E-02   0.19210E-02   0.18744E-02
 5088.27   0.18921E-02   0.19106E-02   0.18644E-02
 5101.87   0.18856E-02   0.19041E-02   0.18581E-02
 5115.48   0.18751E-02   0.18933E-02   0.18478E-02
 5129.08   0.18655E-02   0.18837E-02   0.18385E-02
 5142.69   0.18562E-02   0.18742E-02   0.18294E-02
 5156.29   0.18471E-02   0.18649E-02   0.18204E-02
 5169.90   0.18381E-02   0.18558E-02   0.18116E-02
 5183.50   0.18292E-02   0.18468E-02   0.18030E-02
 5197.11   0.18204E-02   0.18379E-02   0.17944E-02
 5210.71   0.18117E-02   0.18290E-02   0.17858E-02
 5224.32   0.18028E-02   0.18200E-02   0.17771E-02
 5237.92   0.17934E-02   0.18105E-02   0.17680E-02
 5251.53   0.17863E-02   0.18032E-02   0.17610E-02
 5265.13   0.17775E-02   0.17943E-02   0.17524E-02
 5278.74   0.17688E-02   0.17855E-02   0.17440E-02
 5292.34   0.17602E-02   0.17768E-02   0.17356E-02
 5305.95   0.17517E-02   0.17682E-02   0.17273E-02
 5319.55   0.17433E-02   0.17597E-02   0.17191E-02
 5333.16   0.17351E-02   0.17513E-02   0.17110E-02
 5346.76   0.17270E-02   0.17431E-02   0.17031E-02
 5360.37   0.17189E-02   0.17350E-02   0.16952E-02
 5373.97   0.17108E-02   0.17268E-02   0.16873E-02
 5387.58   0.17032E-02   0.17190E-02   0.16798E-02
 5401.18   0.16952E-02   0.17109E-02   0.16720E-02
 5414.79   0.16872E-02   0.17028E-02   0.16643E-02
 5428.39   0.16792E-02   0.16947E-02   0.16565E-02
 5442.00   0.16713E-02   0.16867E-02   0.16487E-02
 5455.60   0.16633E-02   0.16786E-02   0.16410E-02
 5469.21   0.16555E-02   0.16707E-02   0.16333E-02
 5482.81   0.16478E-02   0.16629E-02   0.16258E-02
 5496.42   0.16402E-02   0.16552E-02   0.16183E-02
 5510.02   0.16327E-02   0.16476E-02   0.16110E-02
 5523.63   0.16254E-02   0.16402E-02   0.16039E-02
 5537.23   0.16180E-02   0.16328E-02   0.15967E-02
 5550.84   0.16107E-02   0.16254E-02   0.15896E-02
 5564.44   0.16034E-02   0.16179E-02   0.15824E-02
 5578.05   0.15960E-02   0.16105E-02   0.15752E-02
 5591.65   0.15886E-02   0.16031E-02   0.15681E-02
 5605.26   0.15813E-02   0.15956E-02   0.15609E-02
 5618.86   0.15739E-02   0.15882E-02   0.15537E-02
 5632.47   0.15666E-02   0.15808E-02   0.15466E-02
 5646.07   0.15593E-02   0.15734E-02   0.15395E-02
 5659.68   0.15524E-02   0.15664E-02   0.15327E-02
 5673.28   0.15460E-02   0.15599E-02   0.15265E-02
 5686.89   0.15389E-02   0.15528E-02   0.15196E-02
 5700.49   0.15321E-02   0.15459E-02   0.15129E-02
 5714.10   0.15253E-02   0.15391E-02   0.15063E-02
 5727.70   0.15186E-02   0.15322E-02   0.14997E-02
 5741.31   0.15118E-02   0.15254E-02   0.14931E-02
 5754.91   0.15049E-02   0.15185E-02   0.14864E-02
 5768.52   0.14980E-02   0.15115E-02   0.14797E-02
 5782.12   0.14911E-02   0.15045E-02   0.14729E-02
 5795.73   0.14840E-02   0.14973E-02   0.14660E-02
 5809.33   0.14772E-02   0.14905E-02   0.14594E-02
 5822.94   0.14722E-02   0.14854E-02   0.14545E-02
 5836.54   0.14654E-02   0.14786E-02   0.14479E-02
 5850.15   0.14589E-02   0.14721E-02   0.14416E-02
 5863.75   0.14526E-02   0.14657E-02   0.14354E-02
 5877.36   0.14463E-02   0.14593E-02   0.14293E-02
 5890.96   0.14400E-02   0.14530E-02   0.14232E-02
 5904.57   0.14337E-02   0.14466E-02   0.14170E-02
 5918.17   0.14274E-02   0.14402E-02   0.14108E-02
 5931.78   0.14209E-02   0.14336E-02   0.14045E-02
 5945.38   0.14139E-02   0.14266E-02   0.13977E-02
 5958.99   0.14071E-02   0.14197E-02   0.13910E-02
 5972.59   0.14034E-02   0.14161E-02   0.13875E-02
 5986.20   0.13969E-02   0.14095E-02   0.13812E-02
 5999.80   0.13907E-02   0.14033E-02   0.13752E-02
 6013.41   0.13847E-02   0.13972E-02   0.13693E-02
 6027.01   0.13788E-02   0.13913E-02   0.13636E-02
 6040.62   0.13730E-02   0.13854E-02   0.13579E-02
 6054.22   0.13672E-02   0.13796E-02   0.13522E-02
 6067.83   0.13613E-02   0.13737E-02   0.13465E-02
 6081.43   0.13554E-02   0.13677E-02   0.13407E-02
 6095.04   0.13489E-02   0.13612E-02   0.13344E-02
 6108.64   0.13424E-02   0.13546E-02   0.13281E-02
 6122.25   0.13392E-02   0.13514E-02   0.13249E-02
 6135.85   0.13330E-02   0.13452E-02   0.13189E-02
 6149.46   0.13271E-02   0.13392E-02   0.13132E-02
 6163.06   0.13214E-02   0.13335E-02   0.13076E-02
 6176.67   0.13158E-02   0.13278E-02   0.13022E-02
 6190.27   0.13103E-02   0.13223E-02   0.12968E-02
 6203.88   0.13048E-02   0.13168E-02   0.12915E-02
 6217.48   0.12995E-02   0.13114E-02   0.12863E-02
 6231.09   0.12940E-02   0.13060E-02   0.12810E-02
 6244.69   0.12884E-02   0.13003E-02   0.12755E-02
 6258.30   0.12826E-02   0.12945E-02   0.12699E-02
 6271.90   0.12788E-02   0.12907E-02   0.12662E-02
 6285.51   0.12731E-02   0.12850E-02   0.12607E-02
 6299.11   0.12676E-02   0.12794E-02   0.12553E-02
 6312.72   0.12622E-02   0.12740E-02   0.12500E-02
 6326.32   0.12568E-02   0.12686E-02   0.12448E-02
 6339.93   0.12516E-02   0.12633E-02   0.12397E-02
 6353.53   0.12464E-02   0.12581E-02   0.12347E-02
 6367.14   0.12413E-02   0.12531E-02   0.12298E-02
 6380.74   0.12363E-02   0.12480E-02   0.12249E-02
 6394.35   0.12314E-02   0.12430E-02   0.12200E-02
 6407.95   0.12263E-02   0.12379E-02   0.12151E-02
 6421.56   0.12219E-02   0.12335E-02   0.12108E-02
 6435.16   0.12168E-02   0.12284E-02   0.12059E-02
 6448.77   0.12118E-02   0.12234E-02   0.12010E-02
 6462.37   0.12067E-02   0.12183E-02   0.11961E-02
 6475.98   0.12017E-02   0.12133E-02   0.11912E-02
 6489.58   0.11967E-02   0.12082E-02   0.11863E-02
 6503.19   0.11917E-02   0.12033E-02   0.11815E-02
 6516.79   0.11869E-02   0.11984E-02   0.11768E-02
 6530.40   0.11821E-02   0.11936E-02   0.11721E-02
 6544.00   0.11774E-02   0.11889E-02   0.11676E-02
 6557.61   0.11728E-02   0.11843E-02   0.11631E-02
 6571.21   0.11682E-02   0.11797E-02   0.11586E-02
 6584.82   0.11637E-02   0.11751E-02   0.11542E-02
 6598.42   0.11591E-02   0.11706E-02   0.11498E-02
 6612.03   0.11545E-02   0.11660E-02   0.11453E-02
 6625.63   0.11499E-02   0.11614E-02   0.11409E-02
 6639.24   0.11452E-02   0.11567E-02   0.11363E-02
 6652.84   0.11406E-02   0.11520E-02   0.11318E-02
 6666.45   0.11359E-02   0.11473E-02   0.11272E-02
 6680.05   0.11313E-02   0.11427E-02   0.11227E-02
 6693.66   0.11267E-02   0.11381E-02   0.11183E-02
 6707.26   0.11221E-02   0.11336E-02   0.11139E-02
 6720.87   0.11179E-02   0.11293E-02   0.11097E-02
 6734.47   0.11139E-02   0.11253E-02   0.11059E-02
 6748.08   0.11095E-02   0.11209E-02   0.11016E-02
 6761.68   0.11052E-02   0.11166E-02   0.10974E-02
 6775.29   0.11010E-02   0.11124E-02   0.10933E-02
 6788.89   0.10967E-02   0.11082E-02   0.10892E-02
 6802.50   0.10924E-02   0.11039E-02   0.10850E-02
 6816.10   0.10881E-02   0.10995E-02   0.10808E-02
 6829.71   0.10837E-02   0.10951E-02   0.10765E-02
 6843.31   0.10793E-02   0.10907E-02   0.10723E-02
 6856.92   0.10749E-02   0.10863E-02   0.10679E-02
 6870.52   0.10703E-02   0.10817E-02   0.10634E-02
 6884.13   0.10662E-02   0.10776E-02   0.10595E-02
 6897.73   0.10633E-02   0.10747E-02   0.10567E-02
 6911.34   0.10589E-02   0.10704E-02   0.10525E-02
 6924.94   0.10549E-02   0.10663E-02   0.10485E-02
 6938.55   0.10509E-02   0.10623E-02   0.10446E-02
 6952.15   0.10469E-02   0.10584E-02   0.10408E-02
 6965.76   0.10430E-02   0.10544E-02   0.10370E-02
 6979.36   0.10390E-02   0.10504E-02   0.10331E-02
 6992.97   0.10349E-02   0.10464E-02   0.10291E-02
 7006.57   0.10308E-02   0.10422E-02   0.10251E-02
 7020.18   0.10265E-02   0.10380E-02   0.10209E-02
 7033.78   0.10217E-02   0.10332E-02   0.10163E-02
 7047.39   0.10176E-02   0.10291E-02   0.10123E-02
 7060.99   0.10160E-02   0.10275E-02   0.10107E-02
 7074.60   0.10117E-02   0.10232E-02   0.10066E-02
 7088.20   0.10078E-02   0.10192E-02   0.10027E-02
 7101.81   0.10039E-02   0.10154E-02   0.99902E-03
 7115.41   0.10002E-02   0.10117E-02   0.99540E-03
 7129.02   0.99654E-03   0.10080E-02   0.99183E-03
 7142.62   0.99286E-03   0.10044E-02   0.98825E-03
 7156.23   0.98914E-03   0.10007E-02   0.98464E-03
 7169.83   0.98534E-03   0.99687E-03   0.98095E-03
 7183.44   0.98138E-03   0.99291E-03   0.97709E-03
 7197.04   0.97676E-03   0.98829E-03   0.97258E-03
 7210.65   0.97264E-03   0.98418E-03   0.96857E-03
 7224.25   0.97167E-03   0.98324E-03   0.96768E-03
 7237.86   0.96751E-03   0.97909E-03   0.96363E-03
 7251.46   0.96367E-03   0.97526E-03   0.95989E-03
 7265.07   0.95998E-03   0.97158E-03   0.95630E-03
 7278.67   0.95640E-03   0.96801E-03   0.95282E-03
 7292.28   0.95291E-03   0.96452E-03   0.94943E-03
 7305.88   0.94947E-03   0.96109E-03   0.94609E-03
 7319.49   0.94605E-03   0.95769E-03   0.94276E-03
 7333.09   0.94261E-03   0.95426E-03   0.93942E-03
 7346.70   0.93906E-03   0.95072E-03   0.93597E-03
 7360.30   0.93512E-03   0.94679E-03   0.93213E-03
 7373.91   0.93127E-03   0.94295E-03   0.92838E-03
 7387.51   0.92989E-03   0.94160E-03   0.92708E-03
 7401.12   0.92602E-03   0.93773E-03   0.92330E-03
 7414.72   0.92237E-03   0.93410E-03   0.91976E-03
 7428.33   0.91883E-03   0.93056E-03   0.91630E-03
 7441.93   0.91536E-03   0.92710E-03   0.91293E-03
 7455.54   0.91198E-03   0.92373E-03   0.90964E-03
 7469.14   0.90867E-03   0.92044E-03   0.90643E-03
 7482.75   0.90545E-03   0.91723E-03   0.90329E-03
 7496.35   0.90226E-03   0.91406E-03   0.90019E-03
 7509.96   0.89909E-03   0.91090E-03   0.89711E-03
 7523.56   0.89582E-03   0.90764E-03   0.89393E-03
 7537.17   0.89245E-03   0.90429E-03   0.89065E-03
 7550.77   0.89025E-03   0.90211E-03   0.88853E-03
 7564.38   0.88682E-03   0.89869E-03   0.88519E-03
 7577.98   0.88350E-03   0.89538E-03   0.88195E-03
 7591.59   0.88019E-03   0.89208E-03   0.87873E-03
 7605.19   0.87689E-03   0.88880E-03   0.87552E-03
 7618.80   0.87363E-03   0.88554E-03   0.87234E-03
 7632.40   0.87042E-03   0.88234E-03   0.86921E-03
 7646.01   0.86728E-03   0.87921E-03   0.86615E-03
 7659.61   0.86421E-03   0.87616E-03   0.86317E-03
 7673.22   0.86121E-03   0.87318E-03   0.86026E-03
 7686.82   0.85827E-03   0.87026E-03   0.85740E-03
 7700.43   0.85534E-03   0.86734E-03   0.85455E-03
 7714.03   0.85256E-03   0.86458E-03   0.85185E-03
 7727.64   0.84963E-03   0.86166E-03   0.84899E-03
 7741.24   0.84669E-03   0.85873E-03   0.84613E-03
 7754.85   0.84371E-03   0.85577E-03   0.84323E-03
 7768.45   0.84069E-03   0.85276E-03   0.84029E-03
 7782.06   0.83764E-03   0.84972E-03   0.83731E-03
 7795.66   0.83458E-03   0.84667E-03   0.83433E-03
 7809.27   0.83153E-03   0.84363E-03   0.83135E-03
 7822.87   0.82851E-03   0.84063E-03   0.82841E-03
 7836.48   0.82555E-03   0.83768E-03   0.82553E-03
 7850.08   0.82266E-03   0.83480E-03   0.82270E-03
 7863.69   0.81980E-03   0.83195E-03   0.81992E-03
 7877.29   0.81720E-03   0.82937E-03   0.81739E-03
 7890.90   0.81454E-03   0.82673E-03   0.81481E-03
 7904.50   0.81181E-03   0.82401E-03   0.81215E-03
 7918.11   0.80911E-03   0.82133E-03   0.80952E-03
 7931.71   0.80639E-03   0.81862E-03   0.80687E-03
 7945.32   0.80363E-03   0.81587E-03   0.80418E-03
 7958.92   0.80083E-03   0.81308E-03   0.80144E-03
 7972.53   0.79798E-03   0.81025E-03   0.79866E-03
 7986.13   0.79510E-03   0.80738E-03   0.79585E-03
 7999.74   0.79221E-03   0.80450E-03   0.79303E-03
 8013.34   0.78932E-03   0.80162E-03   0.79021E-03
 8026.95   0.78641E-03   0.79872E-03   0.78736E-03
 8040.55   0.78322E-03   0.79553E-03   0.78423E-03
 8054.16   0.78095E-03   0.79327E-03   0.78202E-03
 8067.76   0.77916E-03   0.79151E-03   0.78030E-03
 8081.37   0.77645E-03   0.78881E-03   0.77765E-03
 8094.97   0.77387E-03   0.78624E-03   0.77514E-03
 8108.58   0.77134E-03   0.78372E-03   0.77266E-03
 8122.18   0.76880E-03   0.78120E-03   0.77019E-03
 8135.79   0.76624E-03   0.77865E-03   0.76769E-03
 8149.39   0.76362E-03   0.77605E-03   0.76513E-03
 8163.00   0.76096E-03   0.77339E-03   0.76252E-03
 8176.60   0.75823E-03   0.77067E-03   0.75985E-03
 8190.21   0.75543E-03   0.76787E-03   0.75711E-03
 8203.81   0.75246E-03   0.76491E-03   0.75420E-03
 8217.42   0.74831E-03   0.76074E-03   0.75010E-03
 8231.02   0.75003E-03   0.76255E-03   0.75189E-03
 8244.63   0.74612E-03   0.75862E-03   0.74803E-03
 8258.23   0.74337E-03   0.75587E-03   0.74533E-03
 8271.84   0.74084E-03   0.75335E-03   0.74285E-03
 8285.44   0.73841E-03   0.75093E-03   0.74048E-03
 8299.05   0.73603E-03   0.74857E-03   0.73816E-03
 8312.65   0.73367E-03   0.74621E-03   0.73585E-03
 8326.26   0.73129E-03   0.74384E-03   0.73352E-03
 8339.86   0.72886E-03   0.74142E-03   0.73114E-03
 8353.47   0.72636E-03   0.73892E-03   0.72869E-03
 8367.07   0.72374E-03   0.73631E-03   0.72612E-03
 8380.68   0.72085E-03   0.73342E-03   0.72328E-03
 8394.28   0.71604E-03   0.72858E-03   0.71851E-03
 8407.89   0.71913E-03   0.73177E-03   0.72166E-03
 8421.49   0.71518E-03   0.72780E-03   0.71776E-03
 8435.10   0.71242E-03   0.72504E-03   0.71504E-03
 8448.70   0.70991E-03   0.72253E-03   0.71257E-03
 8462.31   0.70752E-03   0.72015E-03   0.71023E-03
 8475.91   0.70523E-03   0.71786E-03   0.70798E-03
 8489.52   0.70299E-03   0.71564E-03   0.70579E-03
 8503.12   0.70079E-03   0.71344E-03   0.70363E-03
 8516.73   0.69858E-03   0.71124E-03   0.70147E-03
 8530.33   0.69633E-03   0.70900E-03   0.69926E-03
 8543.94   0.69399E-03   0.70666E-03   0.69696E-03
 8557.54   0.69143E-03   0.70410E-03   0.69444E-03
 8571.15   0.68750E-03   0.70015E-03   0.69055E-03
 8584.75   0.68991E-03   0.70264E-03   0.69302E-03
 8598.36   0.68605E-03   0.69876E-03   0.68919E-03
 8611.96   0.68340E-03   0.69610E-03   0.68657E-03
 8625.57   0.68094E-03   0.69365E-03   0.68416E-03
 8639.17   0.67860E-03   0.69130E-03   0.68185E-03
 8652.78   0.67633E-03   0.68904E-03   0.67962E-03
 8666.38   0.67415E-03   0.68686E-03   0.67747E-03
 8679.99   0.67203E-03   0.68474E-03   0.67539E-03
 8693.59   0.66996E-03   0.68268E-03   0.67335E-03
 8707.20   0.66791E-03   0.68063E-03   0.67134E-03
 8720.80   0.66585E-03   0.67857E-03   0.66931E-03
 8734.41   0.66370E-03   0.67642E-03   0.66719E-03
 8748.01   0.66109E-03   0.67381E-03   0.66462E-03
 8761.62   0.65872E-03   0.67143E-03   0.66228E-03
 8775.22   0.65836E-03   0.67112E-03   0.66196E-03
 8788.83   0.65598E-03   0.66873E-03   0.65961E-03
 8802.43   0.65371E-03   0.66646E-03   0.65737E-03
 8816.04   0.65148E-03   0.66422E-03   0.65516E-03
 8829.64   0.64927E-03   0.66201E-03   0.65299E-03
 8843.25   0.64712E-03   0.65985E-03   0.65086E-03
 8856.85   0.64502E-03   0.65775E-03   0.64879E-03
 8870.46   0.64299E-03   0.65572E-03   0.64679E-03
 8884.06   0.64102E-03   0.65375E-03   0.64485E-03
 8897.67   0.63910E-03   0.65184E-03   0.64296E-03
 8911.27   0.63721E-03   0.64995E-03   0.64109E-03
 8924.88   0.63529E-03   0.64803E-03   0.63920E-03
 8938.48   0.63328E-03   0.64602E-03   0.63721E-03
 8952.09   0.63188E-03   0.64462E-03   0.63583E-03
 8965.69   0.62988E-03   0.64262E-03   0.63386E-03
 8979.30   0.62790E-03   0.64063E-03   0.63190E-03
 8992.90   0.62588E-03   0.63862E-03   0.62991E-03
 9006.51   0.62384E-03   0.63657E-03   0.62789E-03
 9020.11   0.62179E-03   0.63451E-03   0.62586E-03
 9033.72   0.61974E-03   0.63245E-03   0.62383E-03
 9047.32   0.61772E-03   0.63043E-03   0.62183E-03
 9060.93   0.61575E-03   0.62845E-03   0.61988E-03
 9074.53   0.61383E-03   0.62653E-03   0.61798E-03
 9088.14   0.61198E-03   0.62467E-03   0.61615E-03
 9101.74   0.61018E-03   0.62288E-03   0.61437E-03
 9115.35   0.60843E-03   0.62111E-03   0.61263E-03
 9128.95   0.60674E-03   0.61943E-03   0.61097E-03
 9142.56   0.60502E-03   0.61770E-03   0.60926E-03
 9156.16   0.60329E-03   0.61597E-03   0.60755E-03
 9169.77   0.60153E-03   0.61421E-03   0.60580E-03
 9183.37   0.59973E-03   0.61240E-03   0.60402E-03
 9196.98   0.59788E-03   0.61054E-03   0.60218E-03
 9210.58   0.59599E-03   0.60864E-03   0.60030E-03
 9224.19   0.59407E-03   0.60671E-03   0.59840E-03
 9237.79   0.59214E-03   0.60477E-03   0.59648E-03
 9251.40   0.59021E-03   0.60283E-03   0.59456E-03
 9265.00   0.58831E-03   0.60092E-03   0.59267E-03
 9278.61   0.58643E-03   0.59903E-03   0.59080E-03
 9292.21   0.58452E-03   0.59710E-03   0.58890E-03
 9305.82   0.58308E-03   0.59566E-03   0.58747E-03
 9319.42   0.58186E-03   0.59444E-03   0.58627E-03
 9333.03   0.58003E-03   0.59260E-03   0.58445E-03
 9346.63   0.57837E-03   0.59093E-03   0.58280E-03
 9360.24   0.57675E-03   0.58930E-03   0.58118E-03
 9373.84   0.57511E-03   0.58765E-03   0.57955E-03
 9387.45   0.57344E-03   0.58597E-03   0.57789E-03
 9401.05   0.57173E-03   0.58425E-03   0.57618E-03
 9414.66   0.56997E-03   0.58247E-03   0.57443E-03
 9428.26   0.56816E-03   0.58065E-03   0.57262E-03
 9441.87   0.56631E-03   0.57878E-03   0.57077E-03
 9455.47   0.56442E-03   0.57687E-03   0.56889E-03
 9469.08   0.56245E-03   0.57489E-03   0.56692E-03
 9482.68   0.56012E-03   0.57252E-03   0.56458E-03
 9496.29   0.55892E-03   0.57132E-03   0.56339E-03
 9509.89   0.55872E-03   0.57114E-03   0.56321E-03
 9523.50   0.55672E-03   0.56912E-03   0.56121E-03
 9537.10   0.55504E-03   0.56742E-03   0.55952E-03
 9550.71   0.55346E-03   0.56582E-03   0.55794E-03
 9564.31   0.55192E-03   0.56427E-03   0.55641E-03
 9577.92   0.55040E-03   0.56273E-03   0.55488E-03
 9591.52   0.54885E-03   0.56117E-03   0.55334E-03
 9605.13   0.54727E-03   0.55957E-03   0.55175E-03
 9618.73   0.54563E-03   0.55791E-03   0.55011E-03
 9632.34   0.54392E-03   0.55618E-03   0.54839E-03
 9645.94   0.54211E-03   0.55435E-03   0.54658E-03
 9659.55   0.54012E-03   0.55234E-03   0.54458E-03
 9673.15   0.53736E-03   0.54953E-03   0.54181E-03
 9686.76   0.53625E-03   0.54841E-03   0.54070E-03
 9700.36   0.53712E-03   0.54931E-03   0.54158E-03
 9713.97   0.53498E-03   0.54714E-03   0.53943E-03
 9727.57   0.53323E-03   0.54537E-03   0.53767E-03
 9741.18   0.53163E-03   0.54375E-03   0.53607E-03
 9754.78   0.53012E-03   0.54222E-03   0.53455E-03
 9768.39   0.52867E-03   0.54075E-03   0.53309E-03
 9781.99   0.52724E-03   0.53930E-03   0.53166E-03
 9795.60   0.52581E-03   0.53785E-03   0.53022E-03
 9809.20   0.52436E-03   0.53638E-03   0.52876E-03
 9822.81   0.52284E-03   0.53484E-03   0.52723E-03
 9836.41   0.52122E-03   0.53319E-03   0.52560E-03
 9850.02   0.51940E-03   0.53134E-03   0.52377E-03
 9863.62   0.51680E-03   0.52869E-03   0.52114E-03
 9877.23   0.51551E-03   0.52739E-03   0.51985E-03
 9890.83   0.51678E-03   0.52869E-03   0.52112E-03
 9904.44   0.51462E-03   0.52649E-03   0.51894E-03
 9918.04   0.51285E-03   0.52469E-03   0.51716E-03
 9931.65   0.51123E-03   0.52303E-03   0.51552E-03
 9945.25   0.50970E-03   0.52148E-03   0.51398E-03
 9958.86   0.50825E-03   0.52001E-03   0.51252E-03
 9972.46   0.50686E-03   0.51859E-03   0.51111E-03
 9986.07   0.50552E-03   0.51722E-03   0.50975E-03
 9999.67   0.50419E-03   0.51588E-03   0.50842E-03
