 2190.40   0.14147E+00   0.13810E+00   0.13510E+00
 2204.01   0.14014E+00   0.13680E+00   0.13384E+00
 2217.61   0.13882E+00   0.13552E+00   0.13260E+00
 2231.22   0.13752E+00   0.13425E+00   0.13136E+00
 2244.82   0.13624E+00   0.13300E+00   0.13015E+00
 2258.43   0.13497E+00   0.13176E+00   0.12895E+00
 2272.03   0.13371E+00   0.13053E+00   0.12775E+00
 2285.64   0.13247E+00   0.12932E+00   0.12658E+00
 2299.24   0.13124E+00   0.12813E+00   0.12542E+00
 2312.85   0.13003E+00   0.12695E+00   0.12427E+00
 2326.45   0.12883E+00   0.12578E+00   0.12314E+00
 2340.06   0.12765E+00   0.12463E+00   0.12202E+00
 2353.66   0.12648E+00   0.12349E+00   0.12091E+00
 2367.27   0.12532E+00   0.12236E+00   0.11981E+00
 2380.87   0.12417E+00   0.12124E+00   0.11873E+00
 2394.48   0.12303E+00   0.12014E+00   0.11765E+00
 2408.08   0.12191E+00   0.11905E+00   0.11660E+00
 2421.69   0.12081E+00   0.11798E+00   0.11555E+00
 2435.29   0.11971E+00   0.11691E+00   0.11452E+00
 2448.90   0.11863E+00   0.11586E+00   0.11350E+00
 2462.50   0.11756E+00   0.11482E+00   0.11248E+00
 2476.11   0.11650E+00   0.11379E+00   0.11148E+00
 2489.71   0.11545E+00   0.11277E+00   0.11049E+00
 2503.32   0.11441E+00   0.11176E+00   0.10951E+00
 2516.92   0.11338E+00   0.11076E+00   0.10853E+00
 2530.53   0.11237E+00   0.10978E+00   0.10759E+00
 2544.13   0.11137E+00   0.10881E+00   0.10664E+00
 2557.74   0.11038E+00   0.10785E+00   0.10571E+00
 2571.34   0.10939E+00   0.10690E+00   0.10478E+00
 2584.95   0.10842E+00   0.10595E+00   0.10386E+00
 2598.55   0.10745E+00   0.10502E+00   0.10295E+00
 2612.16   0.10650E+00   0.10409E+00   0.10205E+00
 2625.76   0.10557E+00   0.10319E+00   0.10118E+00
 2639.37   0.10464E+00   0.10229E+00   0.10030E+00
 2652.97   0.10372E+00   0.10140E+00   0.99438E-01
 2666.58   0.10281E+00   0.10052E+00   0.98583E-01
 2680.18   0.10191E+00   0.99651E-01   0.97735E-01
 2693.79   0.10102E+00   0.98787E-01   0.96895E-01
 2707.39   0.10013E+00   0.97922E-01   0.96053E-01
 2721.00   0.99281E-01   0.97105E-01   0.95259E-01
 2734.60   0.98409E-01   0.96262E-01   0.94438E-01
 2748.21   0.97554E-01   0.95435E-01   0.93634E-01
 2761.81   0.96711E-01   0.94620E-01   0.92841E-01
 2775.42   0.95877E-01   0.93813E-01   0.92056E-01
 2789.02   0.95050E-01   0.93015E-01   0.91279E-01
 2802.63   0.94228E-01   0.92221E-01   0.90507E-01
 2816.23   0.93397E-01   0.91418E-01   0.89725E-01
 2829.84   0.92627E-01   0.90675E-01   0.89002E-01
 2843.44   0.91829E-01   0.89905E-01   0.88252E-01
 2857.05   0.91043E-01   0.89145E-01   0.87513E-01
 2870.65   0.90266E-01   0.88396E-01   0.86784E-01
 2884.26   0.89499E-01   0.87655E-01   0.86063E-01
 2897.86   0.88739E-01   0.86922E-01   0.85349E-01
 2911.47   0.87983E-01   0.86192E-01   0.84639E-01
 2925.07   0.87254E-01   0.85489E-01   0.83954E-01
 2938.68   0.86510E-01   0.84772E-01   0.83256E-01
 2952.28   0.85777E-01   0.84065E-01   0.82567E-01
 2965.89   0.85053E-01   0.83367E-01   0.81888E-01
 2979.49   0.84337E-01   0.82678E-01   0.81216E-01
 2993.10   0.83631E-01   0.81997E-01   0.80553E-01
 3006.70   0.82933E-01   0.81324E-01   0.79898E-01
 3020.31   0.82240E-01   0.80657E-01   0.79248E-01
 3033.91   0.81560E-01   0.80002E-01   0.78610E-01
 3047.52   0.80881E-01   0.79348E-01   0.77972E-01
 3061.12   0.80207E-01   0.78699E-01   0.77340E-01
 3074.73   0.79540E-01   0.78057E-01   0.76714E-01
 3088.33   0.78880E-01   0.77422E-01   0.76095E-01
 3101.94   0.78228E-01   0.76794E-01   0.75484E-01
 3115.54   0.77584E-01   0.76174E-01   0.74879E-01
 3129.15   0.76948E-01   0.75561E-01   0.74282E-01
 3142.75   0.76317E-01   0.74955E-01   0.73691E-01
 3156.36   0.75693E-01   0.74354E-01   0.73106E-01
 3169.96   0.75073E-01   0.73758E-01   0.72524E-01
 3183.57   0.74458E-01   0.73166E-01   0.71948E-01
 3197.17   0.73848E-01   0.72580E-01   0.71376E-01
 3210.78   0.73244E-01   0.71999E-01   0.70809E-01
 3224.38   0.72647E-01   0.71425E-01   0.70249E-01
 3237.99   0.72058E-01   0.70859E-01   0.69697E-01
 3251.59   0.71479E-01   0.70302E-01   0.69154E-01
 3265.20   0.70902E-01   0.69747E-01   0.68613E-01
 3278.80   0.70331E-01   0.69198E-01   0.68077E-01
 3292.41   0.69764E-01   0.68654E-01   0.67546E-01
 3306.01   0.69201E-01   0.68113E-01   0.67018E-01
 3319.62   0.68643E-01   0.67576E-01   0.66495E-01
 3333.22   0.68089E-01   0.67044E-01   0.65975E-01
 3346.83   0.67541E-01   0.66517E-01   0.65461E-01
 3360.43   0.67013E-01   0.66011E-01   0.64967E-01
 3374.04   0.66476E-01   0.65496E-01   0.64464E-01
 3387.64   0.65948E-01   0.64988E-01   0.63969E-01
 3401.25   0.65426E-01   0.64487E-01   0.63479E-01
 3414.85   0.64907E-01   0.63989E-01   0.62993E-01
 3428.46   0.64392E-01   0.63494E-01   0.62510E-01
 3442.06   0.63880E-01   0.63002E-01   0.62029E-01
 3455.67   0.63364E-01   0.62507E-01   0.61545E-01
 3469.27   0.62895E-01   0.62058E-01   0.61107E-01
 3482.88   0.62389E-01   0.61571E-01   0.60631E-01
 3496.48   0.61897E-01   0.61099E-01   0.60171E-01
 3510.09   0.61413E-01   0.60634E-01   0.59716E-01
 3523.69   0.60934E-01   0.60175E-01   0.59267E-01
 3537.30   0.60459E-01   0.59719E-01   0.58822E-01
 3550.90   0.59987E-01   0.59265E-01   0.58379E-01
 3564.51   0.59514E-01   0.58812E-01   0.57935E-01
 3578.11   0.59036E-01   0.58352E-01   0.57486E-01
 3591.72   0.58607E-01   0.57942E-01   0.57085E-01
 3605.32   0.58148E-01   0.57501E-01   0.56654E-01
 3618.93   0.57697E-01   0.57068E-01   0.56230E-01
 3632.53   0.57251E-01   0.56641E-01   0.55813E-01
 3646.14   0.56811E-01   0.56219E-01   0.55400E-01
 3659.74   0.56375E-01   0.55800E-01   0.54991E-01
 3673.35   0.55942E-01   0.55385E-01   0.54584E-01
 3686.95   0.55505E-01   0.54965E-01   0.54173E-01
 3700.56   0.55106E-01   0.54583E-01   0.53800E-01
 3714.16   0.54674E-01   0.54168E-01   0.53394E-01
 3727.77   0.54253E-01   0.53764E-01   0.52999E-01
 3741.37   0.53838E-01   0.53366E-01   0.52609E-01
 3754.98   0.53428E-01   0.52973E-01   0.52224E-01
 3768.58   0.53024E-01   0.52584E-01   0.51844E-01
 3782.19   0.52623E-01   0.52201E-01   0.51468E-01
 3795.79   0.52226E-01   0.51820E-01   0.51096E-01
 3809.40   0.51830E-01   0.51439E-01   0.50723E-01
 3823.00   0.51450E-01   0.51075E-01   0.50367E-01
 3836.61   0.51060E-01   0.50701E-01   0.50000E-01
 3850.21   0.50675E-01   0.50331E-01   0.49638E-01
 3863.82   0.50293E-01   0.49964E-01   0.49279E-01
 3877.42   0.49915E-01   0.49602E-01   0.48924E-01
 3891.03   0.49542E-01   0.49244E-01   0.48573E-01
 3904.63   0.49173E-01   0.48890E-01   0.48226E-01
 3918.24   0.48809E-01   0.48540E-01   0.47883E-01
 3931.84   0.48447E-01   0.48193E-01   0.47543E-01
 3945.45   0.48091E-01   0.47852E-01   0.47209E-01
 3959.05   0.47735E-01   0.47510E-01   0.46874E-01
 3972.66   0.47382E-01   0.47171E-01   0.46541E-01
 3986.26   0.47031E-01   0.46833E-01   0.46210E-01
 3999.87   0.46682E-01   0.46499E-01   0.45882E-01
 4013.47   0.46337E-01   0.46167E-01   0.45557E-01
 4027.08   0.45996E-01   0.45840E-01   0.45236E-01
 4040.68   0.45658E-01   0.45516E-01   0.44918E-01
 4054.29   0.45326E-01   0.45197E-01   0.44606E-01
 4067.89   0.44997E-01   0.44881E-01   0.44296E-01
 4081.50   0.44671E-01   0.44567E-01   0.43988E-01
 4095.10   0.44346E-01   0.44256E-01   0.43682E-01
 4108.71   0.44023E-01   0.43945E-01   0.43378E-01
 4122.31   0.43702E-01   0.43637E-01   0.43075E-01
 4135.92   0.43383E-01   0.43330E-01   0.42774E-01
 4149.52   0.43067E-01   0.43026E-01   0.42475E-01
 4163.13   0.42753E-01   0.42724E-01   0.42179E-01
 4176.73   0.42444E-01   0.42428E-01   0.41888E-01
 4190.34   0.42147E-01   0.42142E-01   0.41608E-01
 4203.94   0.41844E-01   0.41851E-01   0.41321E-01
 4217.55   0.41545E-01   0.41563E-01   0.41039E-01
 4231.15   0.41248E-01   0.41278E-01   0.40759E-01
 4244.76   0.40953E-01   0.40995E-01   0.40481E-01
 4258.36   0.40660E-01   0.40712E-01   0.40203E-01
 4271.97   0.40368E-01   0.40431E-01   0.39927E-01
 4285.57   0.40076E-01   0.40150E-01   0.39651E-01
 4299.18   0.39772E-01   0.39857E-01   0.39362E-01
 4312.78   0.39524E-01   0.39619E-01   0.39129E-01
 4326.39   0.39237E-01   0.39344E-01   0.38858E-01
 4339.99   0.38960E-01   0.39076E-01   0.38595E-01
 4353.60   0.38686E-01   0.38812E-01   0.38336E-01
 4367.20   0.38414E-01   0.38551E-01   0.38079E-01
 4380.81   0.38145E-01   0.38291E-01   0.37824E-01
 4394.41   0.37876E-01   0.38033E-01   0.37569E-01
 4408.02   0.37607E-01   0.37774E-01   0.37314E-01
 4421.62   0.37334E-01   0.37509E-01   0.37054E-01
 4435.23   0.37119E-01   0.37304E-01   0.36853E-01
 4448.83   0.36833E-01   0.37028E-01   0.36581E-01
 4462.44   0.36573E-01   0.36776E-01   0.36333E-01
 4476.04   0.36317E-01   0.36530E-01   0.36091E-01
 4489.65   0.36066E-01   0.36287E-01   0.35852E-01
 4503.25   0.35817E-01   0.36048E-01   0.35616E-01
 4516.86   0.35570E-01   0.35809E-01   0.35382E-01
 4530.46   0.35324E-01   0.35572E-01   0.35148E-01
 4544.07   0.35077E-01   0.35333E-01   0.34913E-01
 4557.67   0.34829E-01   0.35093E-01   0.34677E-01
 4571.28   0.34613E-01   0.34886E-01   0.34473E-01
 4584.88   0.34368E-01   0.34648E-01   0.34238E-01
 4598.49   0.34129E-01   0.34417E-01   0.34011E-01
 4612.09   0.33894E-01   0.34190E-01   0.33788E-01
 4625.70   0.33663E-01   0.33967E-01   0.33567E-01
 4639.30   0.33434E-01   0.33746E-01   0.33349E-01
 4652.91   0.33208E-01   0.33527E-01   0.33134E-01
 4666.51   0.32983E-01   0.33310E-01   0.32920E-01
 4680.12   0.32757E-01   0.33091E-01   0.32704E-01
 4693.72   0.32525E-01   0.32866E-01   0.32482E-01
 4707.33   0.32327E-01   0.32675E-01   0.32294E-01
 4720.93   0.32105E-01   0.32460E-01   0.32082E-01
 4734.54   0.31886E-01   0.32248E-01   0.31873E-01
 4748.14   0.31670E-01   0.32039E-01   0.31667E-01
 4761.75   0.31457E-01   0.31832E-01   0.31463E-01
 4775.35   0.31246E-01   0.31628E-01   0.31261E-01
 4788.96   0.31038E-01   0.31426E-01   0.31063E-01
 4802.56   0.30832E-01   0.31226E-01   0.30866E-01
 4816.17   0.30627E-01   0.31027E-01   0.30669E-01
 4829.77   0.30433E-01   0.30839E-01   0.30484E-01
 4843.38   0.30228E-01   0.30640E-01   0.30287E-01
 4856.98   0.30026E-01   0.30444E-01   0.30094E-01
 4870.59   0.29826E-01   0.30250E-01   0.29902E-01
 4884.19   0.29627E-01   0.30056E-01   0.29711E-01
 4897.80   0.29430E-01   0.29865E-01   0.29522E-01
 4911.40   0.29235E-01   0.29675E-01   0.29335E-01
 4925.01   0.29043E-01   0.29488E-01   0.29150E-01
 4938.61   0.28853E-01   0.29304E-01   0.28968E-01
 4952.22   0.28665E-01   0.29121E-01   0.28788E-01
 4965.82   0.28480E-01   0.28941E-01   0.28610E-01
 4979.43   0.28296E-01   0.28761E-01   0.28433E-01
 4993.03   0.28112E-01   0.28583E-01   0.28256E-01
 5006.64   0.27929E-01   0.28404E-01   0.28080E-01
 5020.24   0.27747E-01   0.28227E-01   0.27905E-01
 5033.85   0.27565E-01   0.28050E-01   0.27730E-01
 5047.45   0.27385E-01   0.27874E-01   0.27556E-01
 5061.06   0.27206E-01   0.27699E-01   0.27384E-01
 5074.66   0.27030E-01   0.27527E-01   0.27213E-01
 5088.27   0.26854E-01   0.27355E-01   0.27044E-01
 5101.87   0.26690E-01   0.27196E-01   0.26886E-01
 5115.48   0.26517E-01   0.27027E-01   0.26719E-01
 5129.08   0.26349E-01   0.26862E-01   0.26556E-01
 5142.69   0.26181E-01   0.26698E-01   0.26394E-01
 5156.29   0.26014E-01   0.26535E-01   0.26233E-01
 5169.90   0.25848E-01   0.26372E-01   0.26072E-01
 5183.50   0.25682E-01   0.26210E-01   0.25911E-01
 5197.11   0.25517E-01   0.26048E-01   0.25751E-01
 5210.71   0.25352E-01   0.25886E-01   0.25591E-01
 5224.32   0.25186E-01   0.25724E-01   0.25430E-01
 5237.92   0.25025E-01   0.25565E-01   0.25274E-01
 5251.53   0.24882E-01   0.25426E-01   0.25136E-01
 5265.13   0.24724E-01   0.25271E-01   0.24983E-01
 5278.74   0.24570E-01   0.25119E-01   0.24833E-01
 5292.34   0.24416E-01   0.24969E-01   0.24684E-01
 5305.95   0.24264E-01   0.24820E-01   0.24536E-01
 5319.55   0.24112E-01   0.24670E-01   0.24388E-01
 5333.16   0.23960E-01   0.24521E-01   0.24241E-01
 5346.76   0.23808E-01   0.24371E-01   0.24092E-01
 5360.37   0.23654E-01   0.24219E-01   0.23942E-01
 5373.97   0.23504E-01   0.24071E-01   0.23795E-01
 5387.58   0.23380E-01   0.23950E-01   0.23675E-01
 5401.18   0.23228E-01   0.23800E-01   0.23527E-01
 5414.79   0.23083E-01   0.23657E-01   0.23386E-01
 5428.39   0.22941E-01   0.23517E-01   0.23247E-01
 5442.00   0.22801E-01   0.23379E-01   0.23110E-01
 5455.60   0.22662E-01   0.23242E-01   0.22974E-01
 5469.21   0.22523E-01   0.23105E-01   0.22838E-01
 5482.81   0.22384E-01   0.22968E-01   0.22703E-01
 5496.42   0.22244E-01   0.22829E-01   0.22565E-01
 5510.02   0.22096E-01   0.22682E-01   0.22419E-01
 5523.63   0.22008E-01   0.22597E-01   0.22335E-01
 5537.23   0.21851E-01   0.22440E-01   0.22180E-01
 5550.84   0.21714E-01   0.22304E-01   0.22045E-01
 5564.44   0.21580E-01   0.22172E-01   0.21914E-01
 5578.05   0.21449E-01   0.22042E-01   0.21786E-01
 5591.65   0.21320E-01   0.21915E-01   0.21659E-01
 5605.26   0.21193E-01   0.21788E-01   0.21534E-01
 5618.86   0.21066E-01   0.21663E-01   0.21409E-01
 5632.47   0.20940E-01   0.21537E-01   0.21285E-01
 5646.07   0.20811E-01   0.21409E-01   0.21158E-01
 5659.68   0.20682E-01   0.21281E-01   0.21031E-01
 5673.28   0.20581E-01   0.21181E-01   0.20932E-01
 5686.89   0.20450E-01   0.21051E-01   0.20803E-01
 5700.49   0.20325E-01   0.20926E-01   0.20679E-01
 5714.10   0.20202E-01   0.20804E-01   0.20558E-01
 5727.70   0.20082E-01   0.20683E-01   0.20438E-01
 5741.31   0.19963E-01   0.20565E-01   0.20321E-01
 5754.91   0.19845E-01   0.20448E-01   0.20205E-01
 5768.52   0.19729E-01   0.20332E-01   0.20090E-01
 5782.12   0.19614E-01   0.20217E-01   0.19976E-01
 5795.73   0.19498E-01   0.20101E-01   0.19861E-01
 5809.33   0.19380E-01   0.19982E-01   0.19743E-01
 5822.94   0.19280E-01   0.19884E-01   0.19645E-01
 5836.54   0.19165E-01   0.19768E-01   0.19531E-01
 5850.15   0.19051E-01   0.19654E-01   0.19417E-01
 5863.75   0.18938E-01   0.19541E-01   0.19305E-01
 5877.36   0.18826E-01   0.19429E-01   0.19194E-01
 5890.96   0.18716E-01   0.19318E-01   0.19085E-01
 5904.57   0.18608E-01   0.19210E-01   0.18976E-01
 5918.17   0.18501E-01   0.19102E-01   0.18870E-01
 5931.78   0.18395E-01   0.18996E-01   0.18765E-01
 5945.38   0.18290E-01   0.18891E-01   0.18660E-01
 5958.99   0.18185E-01   0.18785E-01   0.18555E-01
 5972.59   0.18086E-01   0.18685E-01   0.18456E-01
 5986.20   0.17982E-01   0.18581E-01   0.18353E-01
 5999.80   0.17879E-01   0.18477E-01   0.18250E-01
 6013.41   0.17776E-01   0.18373E-01   0.18147E-01
 6027.01   0.17673E-01   0.18270E-01   0.18044E-01
 6040.62   0.17571E-01   0.18167E-01   0.17942E-01
 6054.22   0.17470E-01   0.18065E-01   0.17840E-01
 6067.83   0.17371E-01   0.17965E-01   0.17741E-01
 6081.43   0.17273E-01   0.17866E-01   0.17642E-01
 6095.04   0.17176E-01   0.17768E-01   0.17545E-01
 6108.64   0.17082E-01   0.17672E-01   0.17450E-01
 6122.25   0.16988E-01   0.17577E-01   0.17356E-01
 6135.85   0.16894E-01   0.17482E-01   0.17261E-01
 6149.46   0.16800E-01   0.17387E-01   0.17167E-01
 6163.06   0.16706E-01   0.17292E-01   0.17073E-01
 6176.67   0.16613E-01   0.17197E-01   0.16978E-01
 6190.27   0.16519E-01   0.17102E-01   0.16884E-01
 6203.88   0.16425E-01   0.17007E-01   0.16790E-01
 6217.48   0.16333E-01   0.16912E-01   0.16696E-01
 6231.09   0.16241E-01   0.16819E-01   0.16603E-01
 6244.69   0.16149E-01   0.16725E-01   0.16510E-01
 6258.30   0.16062E-01   0.16636E-01   0.16422E-01
 6271.90   0.15980E-01   0.16553E-01   0.16339E-01
 6285.51   0.15892E-01   0.16464E-01   0.16250E-01
 6299.11   0.15806E-01   0.16376E-01   0.16163E-01
 6312.72   0.15720E-01   0.16289E-01   0.16076E-01
 6326.32   0.15635E-01   0.16201E-01   0.15990E-01
 6339.93   0.15550E-01   0.16114E-01   0.15903E-01
 6353.53   0.15464E-01   0.16027E-01   0.15816E-01
 6367.14   0.15378E-01   0.15939E-01   0.15729E-01
 6380.74   0.15292E-01   0.15851E-01   0.15641E-01
 6394.35   0.15205E-01   0.15761E-01   0.15553E-01
 6407.95   0.15123E-01   0.15677E-01   0.15469E-01
 6421.56   0.15058E-01   0.15611E-01   0.15403E-01
 6435.16   0.14971E-01   0.15521E-01   0.15314E-01
 6448.77   0.14889E-01   0.15438E-01   0.15231E-01
 6462.37   0.14810E-01   0.15356E-01   0.15150E-01
 6475.98   0.14732E-01   0.15276E-01   0.15070E-01
 6489.58   0.14654E-01   0.15196E-01   0.14990E-01
 6503.19   0.14576E-01   0.15116E-01   0.14911E-01
 6516.79   0.14498E-01   0.15035E-01   0.14831E-01
 6530.40   0.14420E-01   0.14954E-01   0.14750E-01
 6544.00   0.14339E-01   0.14871E-01   0.14668E-01
 6557.61   0.14252E-01   0.14781E-01   0.14579E-01
 6571.21   0.14172E-01   0.14698E-01   0.14496E-01
 6584.82   0.14126E-01   0.14650E-01   0.14449E-01
 6598.42   0.14047E-01   0.14569E-01   0.14368E-01
 6612.03   0.13972E-01   0.14491E-01   0.14290E-01
 6625.63   0.13898E-01   0.14415E-01   0.14215E-01
 6639.24   0.13827E-01   0.14340E-01   0.14141E-01
 6652.84   0.13755E-01   0.14267E-01   0.14068E-01
 6666.45   0.13685E-01   0.14193E-01   0.13995E-01
 6680.05   0.13614E-01   0.14119E-01   0.13921E-01
 6693.66   0.13542E-01   0.14045E-01   0.13847E-01
 6707.26   0.13467E-01   0.13967E-01   0.13770E-01
 6720.87   0.13394E-01   0.13891E-01   0.13695E-01
 6734.47   0.13352E-01   0.13847E-01   0.13651E-01
 6748.08   0.13272E-01   0.13764E-01   0.13568E-01
 6761.68   0.13200E-01   0.13689E-01   0.13494E-01
 6775.29   0.13131E-01   0.13616E-01   0.13422E-01
 6788.89   0.13063E-01   0.13546E-01   0.13351E-01
 6802.50   0.12996E-01   0.13476E-01   0.13282E-01
 6816.10   0.12931E-01   0.13408E-01   0.13214E-01
 6829.71   0.12866E-01   0.13340E-01   0.13147E-01
 6843.31   0.12802E-01   0.13272E-01   0.13080E-01
 6856.92   0.12737E-01   0.13204E-01   0.13012E-01
 6870.52   0.12669E-01   0.13133E-01   0.12941E-01
 6884.13   0.12601E-01   0.13062E-01   0.12871E-01
 6897.73   0.12557E-01   0.13016E-01   0.12825E-01
 6911.34   0.12489E-01   0.12944E-01   0.12754E-01
 6924.94   0.12423E-01   0.12875E-01   0.12685E-01
 6938.55   0.12359E-01   0.12808E-01   0.12618E-01
 6952.15   0.12296E-01   0.12741E-01   0.12552E-01
 6965.76   0.12234E-01   0.12676E-01   0.12488E-01
 6979.36   0.12173E-01   0.12612E-01   0.12424E-01
 6992.97   0.12114E-01   0.12549E-01   0.12361E-01
 7006.57   0.12055E-01   0.12487E-01   0.12300E-01
 7020.18   0.11996E-01   0.12425E-01   0.12238E-01
 7033.78   0.11936E-01   0.12361E-01   0.12175E-01
 7047.39   0.11875E-01   0.12296E-01   0.12111E-01
 7060.99   0.11827E-01   0.12246E-01   0.12061E-01
 7074.60   0.11768E-01   0.12183E-01   0.11998E-01
 7088.20   0.11709E-01   0.12121E-01   0.11936E-01
 7101.81   0.11650E-01   0.12059E-01   0.11874E-01
 7115.41   0.11592E-01   0.11997E-01   0.11813E-01
 7129.02   0.11534E-01   0.11935E-01   0.11752E-01
 7142.62   0.11477E-01   0.11875E-01   0.11692E-01
 7156.23   0.11422E-01   0.11816E-01   0.11633E-01
 7169.83   0.11367E-01   0.11757E-01   0.11575E-01
 7183.44   0.11313E-01   0.11700E-01   0.11519E-01
 7197.04   0.11260E-01   0.11643E-01   0.11462E-01
 7210.65   0.11206E-01   0.11586E-01   0.11405E-01
 7224.25   0.11156E-01   0.11532E-01   0.11352E-01
 7237.86   0.11103E-01   0.11476E-01   0.11296E-01
 7251.46   0.11051E-01   0.11419E-01   0.11240E-01
 7265.07   0.10998E-01   0.11363E-01   0.11184E-01
 7278.67   0.10944E-01   0.11306E-01   0.11127E-01
 7292.28   0.10891E-01   0.11249E-01   0.11071E-01
 7305.88   0.10838E-01   0.11192E-01   0.11014E-01
 7319.49   0.10786E-01   0.11136E-01   0.10959E-01
 7333.09   0.10734E-01   0.11080E-01   0.10904E-01
 7346.70   0.10683E-01   0.11026E-01   0.10850E-01
 7360.30   0.10633E-01   0.10972E-01   0.10796E-01
 7373.91   0.10586E-01   0.10921E-01   0.10745E-01
 7387.51   0.10539E-01   0.10870E-01   0.10695E-01
 7401.12   0.10490E-01   0.10818E-01   0.10644E-01
 7414.72   0.10443E-01   0.10767E-01   0.10593E-01
 7428.33   0.10395E-01   0.10715E-01   0.10541E-01
 7441.93   0.10347E-01   0.10663E-01   0.10490E-01
 7455.54   0.10298E-01   0.10611E-01   0.10438E-01
 7469.14   0.10250E-01   0.10558E-01   0.10386E-01
 7482.75   0.10201E-01   0.10505E-01   0.10334E-01
 7496.35   0.10152E-01   0.10453E-01   0.10282E-01
 7509.96   0.10104E-01   0.10400E-01   0.10229E-01
 7523.56   0.10054E-01   0.10347E-01   0.10177E-01
 7537.17   0.10010E-01   0.10299E-01   0.10129E-01
 7550.77   0.99745E-02   0.10260E-01   0.10090E-01
 7564.38   0.99265E-02   0.10208E-01   0.10039E-01
 7577.98   0.98817E-02   0.10159E-01   0.99902E-02
 7591.59   0.98378E-02   0.10111E-01   0.99429E-02
 7605.19   0.97942E-02   0.10064E-01   0.98958E-02
 7618.80   0.97505E-02   0.10016E-01   0.98486E-02
 7632.40   0.97065E-02   0.99680E-02   0.98011E-02
 7646.01   0.96620E-02   0.99195E-02   0.97531E-02
 7659.61   0.96171E-02   0.98706E-02   0.97046E-02
 7673.22   0.95715E-02   0.98210E-02   0.96555E-02
 7686.82   0.95245E-02   0.97699E-02   0.96050E-02
 7700.43   0.94680E-02   0.97091E-02   0.95449E-02
 7714.03   0.94685E-02   0.97067E-02   0.95422E-02
 7727.64   0.94097E-02   0.96434E-02   0.94797E-02
 7741.24   0.93652E-02   0.95948E-02   0.94316E-02
 7754.85   0.93233E-02   0.95489E-02   0.93861E-02
 7768.45   0.92826E-02   0.95041E-02   0.93419E-02
 7782.06   0.92426E-02   0.94601E-02   0.92983E-02
 7795.66   0.92028E-02   0.94162E-02   0.92549E-02
 7809.27   0.91628E-02   0.93723E-02   0.92114E-02
 7822.87   0.91224E-02   0.93279E-02   0.91675E-02
 7836.48   0.90813E-02   0.92827E-02   0.91228E-02
 7850.08   0.90388E-02   0.92361E-02   0.90768E-02
 7863.69   0.89922E-02   0.91854E-02   0.90267E-02
 7877.29   0.89518E-02   0.91409E-02   0.89826E-02
 7890.90   0.89386E-02   0.91240E-02   0.89658E-02
 7904.50   0.88913E-02   0.90726E-02   0.89150E-02
 7918.11   0.88500E-02   0.90271E-02   0.88701E-02
 7931.71   0.88106E-02   0.89837E-02   0.88272E-02
 7945.32   0.87726E-02   0.89416E-02   0.87856E-02
 7958.92   0.87355E-02   0.89004E-02   0.87448E-02
 7972.53   0.86989E-02   0.88598E-02   0.87047E-02
 7986.13   0.86626E-02   0.88194E-02   0.86648E-02
 7999.74   0.86261E-02   0.87788E-02   0.86247E-02
 8013.34   0.85889E-02   0.87376E-02   0.85839E-02
 8026.95   0.85500E-02   0.86946E-02   0.85416E-02
 8040.55   0.85039E-02   0.86444E-02   0.84920E-02
 8054.16   0.84644E-02   0.86008E-02   0.84490E-02
 8067.76   0.84556E-02   0.85881E-02   0.84363E-02
 8081.37   0.84145E-02   0.85429E-02   0.83917E-02
 8094.97   0.83763E-02   0.85006E-02   0.83500E-02
 8108.58   0.83394E-02   0.84597E-02   0.83096E-02
 8122.18   0.83036E-02   0.84198E-02   0.82702E-02
 8135.79   0.82687E-02   0.83809E-02   0.82318E-02
 8149.39   0.82347E-02   0.83427E-02   0.81942E-02
 8163.00   0.82013E-02   0.83052E-02   0.81571E-02
 8176.60   0.81681E-02   0.82680E-02   0.81204E-02
 8190.21   0.81348E-02   0.82306E-02   0.80835E-02
 8203.81   0.81003E-02   0.81921E-02   0.80456E-02
 8217.42   0.80586E-02   0.81463E-02   0.80004E-02
 8231.02   0.80541E-02   0.81377E-02   0.79919E-02
 8244.63   0.80102E-02   0.80899E-02   0.79448E-02
 8258.23   0.79744E-02   0.80501E-02   0.79055E-02
 8271.84   0.79397E-02   0.80113E-02   0.78673E-02
 8285.44   0.79055E-02   0.79731E-02   0.78296E-02
 8299.05   0.78718E-02   0.79354E-02   0.77925E-02
 8312.65   0.78389E-02   0.78984E-02   0.77560E-02
 8326.26   0.78067E-02   0.78622E-02   0.77204E-02
 8339.86   0.77753E-02   0.78267E-02   0.76855E-02
 8353.47   0.77446E-02   0.77920E-02   0.76512E-02
 8367.07   0.77144E-02   0.77577E-02   0.76175E-02
 8380.68   0.76841E-02   0.77234E-02   0.75837E-02
 8394.28   0.76513E-02   0.76865E-02   0.75474E-02
 8407.89   0.76304E-02   0.76617E-02   0.75230E-02
 8421.49   0.75978E-02   0.76251E-02   0.74870E-02
 8435.10   0.75669E-02   0.75903E-02   0.74526E-02
 8448.70   0.75360E-02   0.75553E-02   0.74182E-02
 8462.31   0.75049E-02   0.75202E-02   0.73837E-02
 8475.91   0.74737E-02   0.74852E-02   0.73492E-02
 8489.52   0.74428E-02   0.74502E-02   0.73149E-02
 8503.12   0.74122E-02   0.74157E-02   0.72809E-02
 8516.73   0.73823E-02   0.73818E-02   0.72476E-02
 8530.33   0.73530E-02   0.73486E-02   0.72149E-02
 8543.94   0.73245E-02   0.73161E-02   0.71830E-02
 8557.54   0.72967E-02   0.72842E-02   0.71516E-02
 8571.15   0.72691E-02   0.72525E-02   0.71205E-02
 8584.75   0.72429E-02   0.72229E-02   0.70914E-02
 8598.36   0.72158E-02   0.71916E-02   0.70606E-02
 8611.96   0.71887E-02   0.71605E-02   0.70301E-02
 8625.57   0.71613E-02   0.71292E-02   0.69994E-02
 8639.17   0.71335E-02   0.70976E-02   0.69683E-02
 8652.78   0.71054E-02   0.70655E-02   0.69368E-02
 8666.38   0.70769E-02   0.70332E-02   0.69051E-02
 8679.99   0.70483E-02   0.70008E-02   0.68732E-02
 8693.59   0.70198E-02   0.69684E-02   0.68415E-02
 8707.20   0.69916E-02   0.69364E-02   0.68100E-02
 8720.80   0.69638E-02   0.69047E-02   0.67790E-02
 8734.41   0.69364E-02   0.68734E-02   0.67483E-02
 8748.01   0.69082E-02   0.68412E-02   0.67166E-02
 8761.62   0.68858E-02   0.68149E-02   0.66909E-02
 8775.22   0.68633E-02   0.67889E-02   0.66653E-02
 8788.83   0.68377E-02   0.67594E-02   0.66364E-02
 8802.43   0.68128E-02   0.67306E-02   0.66082E-02
 8816.04   0.67879E-02   0.67018E-02   0.65800E-02
 8829.64   0.67628E-02   0.66729E-02   0.65516E-02
 8843.25   0.67372E-02   0.66436E-02   0.65229E-02
 8856.85   0.67113E-02   0.66138E-02   0.64938E-02
 8870.46   0.66849E-02   0.65838E-02   0.64644E-02
 8884.06   0.66583E-02   0.65534E-02   0.64346E-02
 8897.67   0.66314E-02   0.65229E-02   0.64047E-02
 8911.27   0.66042E-02   0.64920E-02   0.63744E-02
 8924.88   0.65751E-02   0.64592E-02   0.63423E-02
 8938.48   0.65536E-02   0.64339E-02   0.63176E-02
 8952.09   0.65420E-02   0.64185E-02   0.63026E-02
 8965.69   0.65139E-02   0.63867E-02   0.62715E-02
 8979.30   0.64894E-02   0.63585E-02   0.62439E-02
 8992.90   0.64660E-02   0.63314E-02   0.62173E-02
 9006.51   0.64431E-02   0.63047E-02   0.61912E-02
 9020.11   0.64201E-02   0.62781E-02   0.61652E-02
 9033.72   0.63970E-02   0.62513E-02   0.61390E-02
 9047.32   0.63734E-02   0.62241E-02   0.61124E-02
 9060.93   0.63493E-02   0.61964E-02   0.60853E-02
 9074.53   0.63246E-02   0.61681E-02   0.60577E-02
 9088.14   0.62989E-02   0.61390E-02   0.60292E-02
 9101.74   0.62714E-02   0.61080E-02   0.59990E-02
 9115.35   0.62322E-02   0.60658E-02   0.59576E-02
 9128.95   0.62614E-02   0.60897E-02   0.59813E-02
 9142.56   0.62177E-02   0.60432E-02   0.59357E-02
 9156.16   0.61914E-02   0.60134E-02   0.59066E-02
 9169.77   0.61678E-02   0.59863E-02   0.58802E-02
 9183.37   0.61455E-02   0.59604E-02   0.58549E-02
 9196.98   0.61239E-02   0.59353E-02   0.58304E-02
 9210.58   0.61028E-02   0.59106E-02   0.58063E-02
 9224.19   0.60817E-02   0.58859E-02   0.57823E-02
 9237.79   0.60604E-02   0.58611E-02   0.57581E-02
 9251.40   0.60386E-02   0.58359E-02   0.57335E-02
 9265.00   0.60160E-02   0.58099E-02   0.57081E-02
 9278.61   0.59920E-02   0.57826E-02   0.56815E-02
 9292.21   0.59641E-02   0.57516E-02   0.56512E-02
 9305.82   0.59428E-02   0.57269E-02   0.56272E-02
 9319.42   0.59495E-02   0.57288E-02   0.56293E-02
 9333.03   0.59176E-02   0.56941E-02   0.55954E-02
 9346.63   0.58929E-02   0.56663E-02   0.55682E-02
 9360.24   0.58703E-02   0.56403E-02   0.55430E-02
 9373.84   0.58488E-02   0.56155E-02   0.55188E-02
 9387.45   0.58282E-02   0.55915E-02   0.54955E-02
 9401.05   0.58082E-02   0.55682E-02   0.54727E-02
 9414.66   0.57886E-02   0.55452E-02   0.54504E-02
 9428.26   0.57692E-02   0.55225E-02   0.54283E-02
 9441.87   0.57496E-02   0.54996E-02   0.54060E-02
 9455.47   0.57295E-02   0.54761E-02   0.53832E-02
 9469.08   0.57080E-02   0.54515E-02   0.53592E-02
 9482.68   0.56816E-02   0.54223E-02   0.53308E-02
 9496.29   0.56609E-02   0.53985E-02   0.53076E-02
 9509.89   0.56643E-02   0.53971E-02   0.53066E-02
 9523.50   0.56383E-02   0.53684E-02   0.52786E-02
 9537.10   0.56158E-02   0.53429E-02   0.52537E-02
 9550.71   0.55944E-02   0.53184E-02   0.52300E-02
 9564.31   0.55737E-02   0.52947E-02   0.52069E-02
 9577.92   0.55538E-02   0.52716E-02   0.51845E-02
 9591.52   0.55345E-02   0.52492E-02   0.51627E-02
 9605.13   0.55159E-02   0.52274E-02   0.51416E-02
 9618.73   0.54977E-02   0.52061E-02   0.51209E-02
 9632.34   0.54798E-02   0.51850E-02   0.51005E-02
 9645.94   0.54619E-02   0.51639E-02   0.50801E-02
 9659.55   0.54434E-02   0.51423E-02   0.50591E-02
 9673.15   0.54218E-02   0.51179E-02   0.50353E-02
 9686.76   0.54020E-02   0.50952E-02   0.50133E-02
 9700.36   0.53980E-02   0.50872E-02   0.50058E-02
 9713.97   0.53770E-02   0.50634E-02   0.49826E-02
 9727.57   0.53572E-02   0.50406E-02   0.49606E-02
 9741.18   0.53375E-02   0.50181E-02   0.49388E-02
 9754.78   0.53181E-02   0.49959E-02   0.49172E-02
 9768.39   0.52989E-02   0.49738E-02   0.48958E-02
 9781.99   0.52802E-02   0.49523E-02   0.48749E-02
 9795.60   0.52620E-02   0.49312E-02   0.48545E-02
 9809.20   0.52444E-02   0.49106E-02   0.48346E-02
 9822.81   0.52274E-02   0.48906E-02   0.48153E-02
 9836.41   0.52108E-02   0.48711E-02   0.47964E-02
 9850.02   0.51945E-02   0.48518E-02   0.47777E-02
 9863.62   0.51778E-02   0.48320E-02   0.47586E-02
 9877.23   0.51604E-02   0.48119E-02   0.47392E-02
 9890.83   0.51483E-02   0.47968E-02   0.47246E-02
 9904.44   0.51314E-02   0.47770E-02   0.47055E-02
 9918.04   0.51144E-02   0.47571E-02   0.46863E-02
 9931.65   0.50970E-02   0.47370E-02   0.46669E-02
 9945.25   0.50794E-02   0.47167E-02   0.46472E-02
 9958.86   0.50615E-02   0.46962E-02   0.46274E-02
 9972.46   0.50437E-02   0.46757E-02   0.46076E-02
 9986.07   0.50259E-02   0.46554E-02   0.45880E-02
 9999.67   0.50086E-02   0.46354E-02   0.45687E-02
