 1074.79   0.10010E+00   0.10679E+00   0.10636E+00
 1088.40   0.99148E-01   0.10579E+00   0.10533E+00
 1102.00   0.98216E-01   0.10480E+00   0.10432E+00
 1115.61   0.97298E-01   0.10384E+00   0.10333E+00
 1129.21   0.96397E-01   0.10288E+00   0.10236E+00
 1142.82   0.95490E-01   0.10193E+00   0.10138E+00
 1156.42   0.94616E-01   0.10100E+00   0.10043E+00
 1170.03   0.93745E-01   0.10008E+00   0.99485E-01
 1183.63   0.92887E-01   0.99169E-01   0.98553E-01
 1197.24   0.92044E-01   0.98275E-01   0.97639E-01
 1210.84   0.91199E-01   0.97378E-01   0.96721E-01
 1224.45   0.90383E-01   0.96512E-01   0.95833E-01
 1238.05   0.89572E-01   0.95650E-01   0.94951E-01
 1251.66   0.88772E-01   0.94798E-01   0.94080E-01
 1265.26   0.87984E-01   0.93960E-01   0.93222E-01
 1278.87   0.87198E-01   0.93122E-01   0.92365E-01
 1292.47   0.86436E-01   0.92309E-01   0.91533E-01
 1306.08   0.85680E-01   0.91502E-01   0.90707E-01
 1319.68   0.84931E-01   0.90703E-01   0.89889E-01
 1333.29   0.84192E-01   0.89912E-01   0.89081E-01
 1346.89   0.83458E-01   0.89127E-01   0.88279E-01
 1360.50   0.82741E-01   0.88359E-01   0.87493E-01
 1374.10   0.82033E-01   0.87600E-01   0.86717E-01
 1387.71   0.81333E-01   0.86850E-01   0.85950E-01
 1401.31   0.80642E-01   0.86108E-01   0.85192E-01
 1414.92   0.79959E-01   0.85374E-01   0.84442E-01
 1428.52   0.79284E-01   0.84649E-01   0.83701E-01
 1442.13   0.78620E-01   0.83935E-01   0.82971E-01
 1455.73   0.77966E-01   0.83230E-01   0.82251E-01
 1469.34   0.77320E-01   0.82534E-01   0.81540E-01
 1482.94   0.76682E-01   0.81845E-01   0.80837E-01
 1496.55   0.76048E-01   0.81161E-01   0.80139E-01
 1510.15   0.75424E-01   0.80487E-01   0.79450E-01
 1523.76   0.74808E-01   0.79821E-01   0.78770E-01
 1537.36   0.74200E-01   0.79164E-01   0.78099E-01
 1550.97   0.73602E-01   0.78515E-01   0.77438E-01
 1564.57   0.73010E-01   0.77874E-01   0.76784E-01
 1578.18   0.72420E-01   0.77234E-01   0.76131E-01
 1591.78   0.71842E-01   0.76606E-01   0.75491E-01
 1605.39   0.71271E-01   0.75985E-01   0.74858E-01
 1618.99   0.70708E-01   0.75373E-01   0.74233E-01
 1632.60   0.70154E-01   0.74770E-01   0.73619E-01
 1646.20   0.69598E-01   0.74164E-01   0.73002E-01
 1659.81   0.69058E-01   0.73576E-01   0.72402E-01
 1673.41   0.68522E-01   0.72991E-01   0.71806E-01
 1687.02   0.67991E-01   0.72411E-01   0.71216E-01
 1700.62   0.67467E-01   0.71839E-01   0.70633E-01
 1714.23   0.66953E-01   0.71276E-01   0.70060E-01
 1727.83   0.66436E-01   0.70710E-01   0.69484E-01
 1741.44   0.65932E-01   0.70159E-01   0.68923E-01
 1755.04   0.65434E-01   0.69612E-01   0.68366E-01
 1768.65   0.64940E-01   0.69070E-01   0.67815E-01
 1782.25   0.64452E-01   0.68534E-01   0.67270E-01
 1795.86   0.63972E-01   0.68006E-01   0.66733E-01
 1809.46   0.63493E-01   0.67479E-01   0.66198E-01
 1823.07   0.63024E-01   0.66963E-01   0.65673E-01
 1836.67   0.62560E-01   0.66452E-01   0.65154E-01
 1850.28   0.62102E-01   0.65946E-01   0.64640E-01
 1863.88   0.61648E-01   0.65445E-01   0.64131E-01
 1877.49   0.61199E-01   0.64950E-01   0.63628E-01
 1891.09   0.60755E-01   0.64458E-01   0.63129E-01
 1904.70   0.60317E-01   0.63974E-01   0.62637E-01
 1918.30   0.59884E-01   0.63494E-01   0.62150E-01
 1931.91   0.59455E-01   0.63020E-01   0.61669E-01
 1945.51   0.59032E-01   0.62550E-01   0.61192E-01
 1959.12   0.58612E-01   0.62084E-01   0.60721E-01
 1972.72   0.58198E-01   0.61623E-01   0.60253E-01
 1986.33   0.57788E-01   0.61167E-01   0.59791E-01
 1999.93   0.57382E-01   0.60717E-01   0.59335E-01
 2013.54   0.56982E-01   0.60271E-01   0.58883E-01
 2027.14   0.56587E-01   0.59830E-01   0.58437E-01
 2040.75   0.56195E-01   0.59394E-01   0.57995E-01
 2054.35   0.55808E-01   0.58962E-01   0.57558E-01
 2067.96   0.55425E-01   0.58533E-01   0.57124E-01
 2081.56   0.55046E-01   0.58110E-01   0.56696E-01
 2095.17   0.54671E-01   0.57691E-01   0.56272E-01
 2108.77   0.54301E-01   0.57276E-01   0.55853E-01
 2122.38   0.53935E-01   0.56866E-01   0.55438E-01
 2135.98   0.53573E-01   0.56460E-01   0.55028E-01
 2149.59   0.53213E-01   0.56056E-01   0.54620E-01
 2163.19   0.52859E-01   0.55658E-01   0.54218E-01
 2176.80   0.52508E-01   0.55263E-01   0.53819E-01
 2190.40   0.52161E-01   0.54872E-01   0.53425E-01
 2204.01   0.51817E-01   0.54486E-01   0.53035E-01
 2217.61   0.51477E-01   0.54103E-01   0.52649E-01
 2231.22   0.51142E-01   0.53724E-01   0.52267E-01
 2244.82   0.50808E-01   0.53348E-01   0.51888E-01
 2258.43   0.50479E-01   0.52977E-01   0.51513E-01
 2272.03   0.50154E-01   0.52609E-01   0.51143E-01
 2285.64   0.49832E-01   0.52244E-01   0.50776E-01
 2299.24   0.49513E-01   0.51884E-01   0.50413E-01
 2312.85   0.49198E-01   0.51526E-01   0.50053E-01
 2326.45   0.48886E-01   0.51173E-01   0.49697E-01
 2340.06   0.48577E-01   0.50822E-01   0.49344E-01
 2353.66   0.48271E-01   0.50475E-01   0.48995E-01
 2367.27   0.47969E-01   0.50131E-01   0.48650E-01
 2380.87   0.47669E-01   0.49790E-01   0.48307E-01
 2394.48   0.47372E-01   0.49453E-01   0.47968E-01
 2408.08   0.47078E-01   0.49118E-01   0.47632E-01
 2421.69   0.46788E-01   0.48787E-01   0.47299E-01
 2435.29   0.46500E-01   0.48459E-01   0.46970E-01
 2448.90   0.46215E-01   0.48134E-01   0.46644E-01
 2462.50   0.45933E-01   0.47811E-01   0.46321E-01
 2476.11   0.45653E-01   0.47492E-01   0.46001E-01
 2489.71   0.45377E-01   0.47176E-01   0.45684E-01
 2503.32   0.45103E-01   0.46863E-01   0.45370E-01
 2516.92   0.44832E-01   0.46553E-01   0.45059E-01
 2530.53   0.44565E-01   0.46246E-01   0.44752E-01
 2544.13   0.44299E-01   0.45941E-01   0.44447E-01
 2557.74   0.44036E-01   0.45639E-01   0.44145E-01
 2571.34   0.43775E-01   0.45340E-01   0.43846E-01
 2584.95   0.43517E-01   0.45044E-01   0.43549E-01
 2598.55   0.43262E-01   0.44750E-01   0.43256E-01
 2612.16   0.43009E-01   0.44459E-01   0.42965E-01
 2625.76   0.42759E-01   0.44171E-01   0.42677E-01
 2639.37   0.42511E-01   0.43885E-01   0.42392E-01
 2652.97   0.42265E-01   0.43602E-01   0.42109E-01
 2666.58   0.42021E-01   0.43321E-01   0.41828E-01
 2680.18   0.41780E-01   0.43042E-01   0.41550E-01
 2693.79   0.41541E-01   0.42766E-01   0.41275E-01
 2707.39   0.41303E-01   0.42492E-01   0.41001E-01
 2721.00   0.41070E-01   0.42222E-01   0.40733E-01
 2734.60   0.40838E-01   0.41953E-01   0.40465E-01
 2748.21   0.40608E-01   0.41687E-01   0.40200E-01
 2761.81   0.40380E-01   0.41423E-01   0.39937E-01
 2775.42   0.40154E-01   0.41161E-01   0.39677E-01
 2789.02   0.39930E-01   0.40901E-01   0.39418E-01
 2802.63   0.39708E-01   0.40643E-01   0.39162E-01
 2816.23   0.39488E-01   0.40388E-01   0.38908E-01
 2829.84   0.39272E-01   0.40137E-01   0.38658E-01
 2843.44   0.39056E-01   0.39886E-01   0.38409E-01
 2857.05   0.38843E-01   0.39638E-01   0.38163E-01
 2870.65   0.38631E-01   0.39392E-01   0.37918E-01
 2884.26   0.38421E-01   0.39147E-01   0.37676E-01
 2897.86   0.38213E-01   0.38904E-01   0.37435E-01
 2911.47   0.38004E-01   0.38662E-01   0.37194E-01
 2925.07   0.37805E-01   0.38429E-01   0.36963E-01
 2938.68   0.37601E-01   0.38190E-01   0.36727E-01
 2952.28   0.37400E-01   0.37955E-01   0.36495E-01
 2965.89   0.37201E-01   0.37723E-01   0.36265E-01
 2979.49   0.37004E-01   0.37493E-01   0.36037E-01
 2993.10   0.36808E-01   0.37265E-01   0.35811E-01
 3006.70   0.36614E-01   0.37038E-01   0.35587E-01
 3020.31   0.36421E-01   0.36811E-01   0.35363E-01
 3033.91   0.36235E-01   0.36592E-01   0.35147E-01
 3047.52   0.36044E-01   0.36370E-01   0.34927E-01
 3061.12   0.35857E-01   0.36150E-01   0.34710E-01
 3074.73   0.35671E-01   0.35933E-01   0.34495E-01
 3088.33   0.35488E-01   0.35717E-01   0.34283E-01
 3101.94   0.35306E-01   0.35504E-01   0.34072E-01
 3115.54   0.35125E-01   0.35291E-01   0.33863E-01
 3129.15   0.34944E-01   0.35079E-01   0.33654E-01
 3142.75   0.34770E-01   0.34874E-01   0.33452E-01
 3156.36   0.34593E-01   0.34666E-01   0.33247E-01
 3169.96   0.34417E-01   0.34460E-01   0.33044E-01
 3183.57   0.34243E-01   0.34255E-01   0.32843E-01
 3197.17   0.34071E-01   0.34053E-01   0.32644E-01
 3210.78   0.33901E-01   0.33852E-01   0.32447E-01
 3224.38   0.33732E-01   0.33653E-01   0.32252E-01
 3237.99   0.33564E-01   0.33456E-01   0.32057E-01
 3251.59   0.33400E-01   0.33261E-01   0.31866E-01
 3265.20   0.33234E-01   0.33067E-01   0.31675E-01
 3278.80   0.33070E-01   0.32873E-01   0.31486E-01
 3292.41   0.32908E-01   0.32681E-01   0.31298E-01
 3306.01   0.32746E-01   0.32491E-01   0.31111E-01
 3319.62   0.32586E-01   0.32302E-01   0.30926E-01
 3333.22   0.32428E-01   0.32116E-01   0.30743E-01
 3346.83   0.32272E-01   0.31931E-01   0.30562E-01
 3360.43   0.32116E-01   0.31747E-01   0.30382E-01
 3374.04   0.31962E-01   0.31565E-01   0.30204E-01
 3387.64   0.31809E-01   0.31384E-01   0.30027E-01
 3401.25   0.31657E-01   0.31204E-01   0.29851E-01
 3414.85   0.31505E-01   0.31025E-01   0.29676E-01
 3428.46   0.31355E-01   0.30847E-01   0.29503E-01
 3442.06   0.31205E-01   0.30670E-01   0.29330E-01
 3455.67   0.31057E-01   0.30495E-01   0.29159E-01
 3469.27   0.30914E-01   0.30325E-01   0.28993E-01
 3482.88   0.30768E-01   0.30152E-01   0.28825E-01
 3496.48   0.30624E-01   0.29982E-01   0.28659E-01
 3510.09   0.30482E-01   0.29813E-01   0.28494E-01
 3523.69   0.30340E-01   0.29645E-01   0.28331E-01
 3537.30   0.30198E-01   0.29478E-01   0.28168E-01
 3550.90   0.30057E-01   0.29311E-01   0.28006E-01
 3564.51   0.29917E-01   0.29145E-01   0.27844E-01
 3578.11   0.29776E-01   0.28979E-01   0.27683E-01
 3591.72   0.29646E-01   0.28823E-01   0.27531E-01
 3605.32   0.29510E-01   0.28662E-01   0.27375E-01
 3618.93   0.29376E-01   0.28503E-01   0.27220E-01
 3632.53   0.29243E-01   0.28345E-01   0.27067E-01
 3646.14   0.29110E-01   0.28188E-01   0.26915E-01
 3659.74   0.28978E-01   0.28032E-01   0.26763E-01
 3673.35   0.28847E-01   0.27875E-01   0.26611E-01
 3686.95   0.28711E-01   0.27716E-01   0.26457E-01
 3700.56   0.28595E-01   0.27576E-01   0.26321E-01
 3714.16   0.28463E-01   0.27420E-01   0.26170E-01
 3727.77   0.28335E-01   0.27268E-01   0.26023E-01
 3741.37   0.28209E-01   0.27119E-01   0.25879E-01
 3754.98   0.28084E-01   0.26971E-01   0.25736E-01
 3768.58   0.27960E-01   0.26824E-01   0.25594E-01
 3782.19   0.27837E-01   0.26678E-01   0.25452E-01
 3795.79   0.27713E-01   0.26531E-01   0.25311E-01
 3809.40   0.27588E-01   0.26384E-01   0.25169E-01
 3823.00   0.27476E-01   0.26249E-01   0.25039E-01
 3836.61   0.27354E-01   0.26104E-01   0.24899E-01
 3850.21   0.27233E-01   0.25962E-01   0.24762E-01
 3863.82   0.27115E-01   0.25821E-01   0.24626E-01
 3877.42   0.26997E-01   0.25682E-01   0.24492E-01
 3891.03   0.26881E-01   0.25545E-01   0.24360E-01
 3904.63   0.26766E-01   0.25408E-01   0.24228E-01
 3918.24   0.26650E-01   0.25271E-01   0.24096E-01
 3931.84   0.26533E-01   0.25133E-01   0.23963E-01
 3945.45   0.26427E-01   0.25006E-01   0.23841E-01
 3959.05   0.26313E-01   0.24871E-01   0.23711E-01
 3972.66   0.26200E-01   0.24737E-01   0.23583E-01
 3986.26   0.26088E-01   0.24605E-01   0.23456E-01
 3999.87   0.25977E-01   0.24474E-01   0.23330E-01
 4013.47   0.25867E-01   0.24344E-01   0.23206E-01
 4027.08   0.25759E-01   0.24216E-01   0.23082E-01
 4040.68   0.25651E-01   0.24088E-01   0.22960E-01
 4054.29   0.25543E-01   0.23960E-01   0.22837E-01
 4067.89   0.25439E-01   0.23837E-01   0.22719E-01
 4081.50   0.25333E-01   0.23711E-01   0.22599E-01
 4095.10   0.25227E-01   0.23586E-01   0.22479E-01
 4108.71   0.25121E-01   0.23461E-01   0.22360E-01
 4122.31   0.25016E-01   0.23338E-01   0.22242E-01
 4135.92   0.24912E-01   0.23215E-01   0.22124E-01
 4149.52   0.24809E-01   0.23094E-01   0.22009E-01
 4163.13   0.24708E-01   0.22974E-01   0.21894E-01
 4176.73   0.24607E-01   0.22855E-01   0.21781E-01
 4190.34   0.24507E-01   0.22737E-01   0.21668E-01
 4203.94   0.24408E-01   0.22620E-01   0.21556E-01
 4217.55   0.24309E-01   0.22503E-01   0.21444E-01
 4231.15   0.24209E-01   0.22386E-01   0.21333E-01
 4244.76   0.24110E-01   0.22270E-01   0.21222E-01
 4258.36   0.24012E-01   0.22154E-01   0.21112E-01
 4271.97   0.23914E-01   0.22039E-01   0.21003E-01
 4285.57   0.23817E-01   0.21925E-01   0.20894E-01
 4299.18   0.23721E-01   0.21813E-01   0.20787E-01
 4312.78   0.23629E-01   0.21704E-01   0.20683E-01
 4326.39   0.23534E-01   0.21593E-01   0.20578E-01
 4339.99   0.23441E-01   0.21483E-01   0.20473E-01
 4353.60   0.23348E-01   0.21373E-01   0.20369E-01
 4367.20   0.23254E-01   0.21264E-01   0.20266E-01
 4380.81   0.23161E-01   0.21156E-01   0.20162E-01
 4394.41   0.23068E-01   0.21047E-01   0.20059E-01
 4408.02   0.22975E-01   0.20938E-01   0.19956E-01
 4421.62   0.22881E-01   0.20829E-01   0.19852E-01
 4435.23   0.22805E-01   0.20736E-01   0.19765E-01
 4448.83   0.22708E-01   0.20625E-01   0.19659E-01
 4462.44   0.22618E-01   0.20521E-01   0.19560E-01
 4476.04   0.22530E-01   0.20418E-01   0.19463E-01
 4489.65   0.22442E-01   0.20315E-01   0.19366E-01
 4503.25   0.22355E-01   0.20213E-01   0.19270E-01
 4516.86   0.22267E-01   0.20112E-01   0.19173E-01
 4530.46   0.22180E-01   0.20010E-01   0.19077E-01
 4544.07   0.22090E-01   0.19907E-01   0.18980E-01
 4557.67   0.22002E-01   0.19804E-01   0.18883E-01
 4571.28   0.21929E-01   0.19716E-01   0.18800E-01
 4584.88   0.21840E-01   0.19615E-01   0.18704E-01
 4598.49   0.21755E-01   0.19516E-01   0.18611E-01
 4612.09   0.21671E-01   0.19419E-01   0.18520E-01
 4625.70   0.21589E-01   0.19323E-01   0.18429E-01
 4639.30   0.21506E-01   0.19228E-01   0.18339E-01
 4652.91   0.21424E-01   0.19133E-01   0.18250E-01
 4666.51   0.21341E-01   0.19037E-01   0.18160E-01
 4680.12   0.21256E-01   0.18940E-01   0.18068E-01
 4693.72   0.21166E-01   0.18838E-01   0.17972E-01
 4707.33   0.21104E-01   0.18762E-01   0.17901E-01
 4720.93   0.21020E-01   0.18667E-01   0.17811E-01
 4734.54   0.20939E-01   0.18574E-01   0.17724E-01
 4748.14   0.20860E-01   0.18482E-01   0.17638E-01
 4761.75   0.20781E-01   0.18392E-01   0.17553E-01
 4775.35   0.20703E-01   0.18302E-01   0.17469E-01
 4788.96   0.20626E-01   0.18214E-01   0.17385E-01
 4802.56   0.20548E-01   0.18124E-01   0.17302E-01
 4816.17   0.20467E-01   0.18033E-01   0.17215E-01
 4829.77   0.20407E-01   0.17960E-01   0.17147E-01
 4843.38   0.20322E-01   0.17865E-01   0.17058E-01
 4856.98   0.20244E-01   0.17776E-01   0.16975E-01
 4870.59   0.20167E-01   0.17689E-01   0.16893E-01
 4884.19   0.20091E-01   0.17602E-01   0.16812E-01
 4897.80   0.20015E-01   0.17517E-01   0.16732E-01
 4911.40   0.19941E-01   0.17432E-01   0.16653E-01
 4925.01   0.19868E-01   0.17349E-01   0.16575E-01
 4938.61   0.19795E-01   0.17266E-01   0.16497E-01
 4952.22   0.19721E-01   0.17182E-01   0.16419E-01
 4965.82   0.19654E-01   0.17105E-01   0.16347E-01
 4979.43   0.19580E-01   0.17021E-01   0.16269E-01
 4993.03   0.19507E-01   0.16939E-01   0.16192E-01
 5006.64   0.19434E-01   0.16857E-01   0.16115E-01
 5020.24   0.19361E-01   0.16775E-01   0.16039E-01
 5033.85   0.19289E-01   0.16694E-01   0.15963E-01
 5047.45   0.19217E-01   0.16614E-01   0.15889E-01
 5061.06   0.19147E-01   0.16535E-01   0.15815E-01
 5074.66   0.19078E-01   0.16457E-01   0.15742E-01
 5088.27   0.19009E-01   0.16379E-01   0.15670E-01
 5101.87   0.18941E-01   0.16303E-01   0.15599E-01
 5115.48   0.18872E-01   0.16226E-01   0.15527E-01
 5129.08   0.18804E-01   0.16150E-01   0.15456E-01
 5142.69   0.18736E-01   0.16073E-01   0.15385E-01
 5156.29   0.18667E-01   0.15997E-01   0.15314E-01
 5169.90   0.18598E-01   0.15920E-01   0.15243E-01
 5183.50   0.18529E-01   0.15844E-01   0.15172E-01
 5197.11   0.18461E-01   0.15769E-01   0.15102E-01
 5210.71   0.18394E-01   0.15694E-01   0.15032E-01
 5224.32   0.18327E-01   0.15620E-01   0.14964E-01
 5237.92   0.18262E-01   0.15548E-01   0.14897E-01
 5251.53   0.18198E-01   0.15477E-01   0.14831E-01
 5265.13   0.18134E-01   0.15405E-01   0.14765E-01
 5278.74   0.18069E-01   0.15334E-01   0.14698E-01
 5292.34   0.18004E-01   0.15263E-01   0.14632E-01
 5305.95   0.17939E-01   0.15191E-01   0.14566E-01
 5319.55   0.17874E-01   0.15120E-01   0.14500E-01
 5333.16   0.17808E-01   0.15048E-01   0.14433E-01
 5346.76   0.17743E-01   0.14977E-01   0.14367E-01
 5360.37   0.17677E-01   0.14905E-01   0.14301E-01
 5373.97   0.17613E-01   0.14836E-01   0.14236E-01
 5387.58   0.17558E-01   0.14774E-01   0.14179E-01
 5401.18   0.17494E-01   0.14704E-01   0.14115E-01
 5414.79   0.17432E-01   0.14636E-01   0.14052E-01
 5428.39   0.17370E-01   0.14570E-01   0.13990E-01
 5442.00   0.17309E-01   0.14503E-01   0.13929E-01
 5455.60   0.17247E-01   0.14436E-01   0.13867E-01
 5469.21   0.17185E-01   0.14369E-01   0.13805E-01
 5482.81   0.17122E-01   0.14302E-01   0.13743E-01
 5496.42   0.17059E-01   0.14234E-01   0.13680E-01
 5510.02   0.16989E-01   0.14161E-01   0.13612E-01
 5523.63   0.16957E-01   0.14120E-01   0.13576E-01
 5537.23   0.16884E-01   0.14045E-01   0.13506E-01
 5550.84   0.16823E-01   0.13979E-01   0.13445E-01
 5564.44   0.16763E-01   0.13915E-01   0.13386E-01
 5578.05   0.16704E-01   0.13852E-01   0.13328E-01
 5591.65   0.16645E-01   0.13789E-01   0.13270E-01
 5605.26   0.16587E-01   0.13727E-01   0.13213E-01
 5618.86   0.16528E-01   0.13665E-01   0.13155E-01
 5632.47   0.16469E-01   0.13602E-01   0.13097E-01
 5646.07   0.16407E-01   0.13537E-01   0.13037E-01
 5659.68   0.16345E-01   0.13472E-01   0.12978E-01
 5673.28   0.16306E-01   0.13427E-01   0.12937E-01
 5686.89   0.16242E-01   0.13361E-01   0.12875E-01
 5700.49   0.16182E-01   0.13298E-01   0.12818E-01
 5714.10   0.16124E-01   0.13238E-01   0.12762E-01
 5727.70   0.16068E-01   0.13178E-01   0.12707E-01
 5741.31   0.16012E-01   0.13119E-01   0.12653E-01
 5754.91   0.15956E-01   0.13061E-01   0.12600E-01
 5768.52   0.15900E-01   0.13003E-01   0.12546E-01
 5782.12   0.15844E-01   0.12944E-01   0.12492E-01
 5795.73   0.15785E-01   0.12883E-01   0.12436E-01
 5809.33   0.15724E-01   0.12821E-01   0.12379E-01
 5822.94   0.15687E-01   0.12778E-01   0.12340E-01
 5836.54   0.15627E-01   0.12718E-01   0.12284E-01
 5850.15   0.15570E-01   0.12659E-01   0.12231E-01
 5863.75   0.15514E-01   0.12602E-01   0.12178E-01
 5877.36   0.15459E-01   0.12545E-01   0.12126E-01
 5890.96   0.15405E-01   0.12489E-01   0.12075E-01
 5904.57   0.15351E-01   0.12434E-01   0.12024E-01
 5918.17   0.15298E-01   0.12380E-01   0.11974E-01
 5931.78   0.15246E-01   0.12325E-01   0.11924E-01
 5945.38   0.15191E-01   0.12270E-01   0.11874E-01
 5958.99   0.15134E-01   0.12212E-01   0.11821E-01
 5972.59   0.15092E-01   0.12168E-01   0.11780E-01
 5986.20   0.15038E-01   0.12112E-01   0.11730E-01
 5999.80   0.14984E-01   0.12058E-01   0.11680E-01
 6013.41   0.14930E-01   0.12004E-01   0.11630E-01
 6027.01   0.14876E-01   0.11950E-01   0.11581E-01
 6040.62   0.14824E-01   0.11897E-01   0.11532E-01
 6054.22   0.14771E-01   0.11844E-01   0.11484E-01
 6067.83   0.14720E-01   0.11793E-01   0.11437E-01
 6081.43   0.14670E-01   0.11742E-01   0.11390E-01
 6095.04   0.14620E-01   0.11691E-01   0.11344E-01
 6108.64   0.14568E-01   0.11640E-01   0.11297E-01
 6122.25   0.14521E-01   0.11592E-01   0.11253E-01
 6135.85   0.14471E-01   0.11542E-01   0.11208E-01
 6149.46   0.14420E-01   0.11491E-01   0.11161E-01
 6163.06   0.14369E-01   0.11441E-01   0.11115E-01
 6176.67   0.14318E-01   0.11390E-01   0.11069E-01
 6190.27   0.14266E-01   0.11340E-01   0.11023E-01
 6203.88   0.14215E-01   0.11290E-01   0.10977E-01
 6217.48   0.14165E-01   0.11240E-01   0.10932E-01
 6231.09   0.14115E-01   0.11191E-01   0.10887E-01
 6244.69   0.14066E-01   0.11143E-01   0.10843E-01
 6258.30   0.14019E-01   0.11097E-01   0.10801E-01
 6271.90   0.13972E-01   0.11050E-01   0.10758E-01
 6285.51   0.13924E-01   0.11003E-01   0.10716E-01
 6299.11   0.13876E-01   0.10957E-01   0.10673E-01
 6312.72   0.13828E-01   0.10910E-01   0.10630E-01
 6326.32   0.13780E-01   0.10863E-01   0.10588E-01
 6339.93   0.13731E-01   0.10815E-01   0.10544E-01
 6353.53   0.13682E-01   0.10768E-01   0.10501E-01
 6367.14   0.13632E-01   0.10721E-01   0.10458E-01
 6380.74   0.13583E-01   0.10674E-01   0.10415E-01
 6394.35   0.13533E-01   0.10626E-01   0.10372E-01
 6407.95   0.13487E-01   0.10582E-01   0.10331E-01
 6421.56   0.13448E-01   0.10543E-01   0.10296E-01
 6435.16   0.13399E-01   0.10496E-01   0.10253E-01
 6448.77   0.13352E-01   0.10452E-01   0.10213E-01
 6462.37   0.13306E-01   0.10408E-01   0.10173E-01
 6475.98   0.13261E-01   0.10365E-01   0.10133E-01
 6489.58   0.13214E-01   0.10321E-01   0.10094E-01
 6503.19   0.13168E-01   0.10277E-01   0.10053E-01
 6516.79   0.13120E-01   0.10232E-01   0.10013E-01
 6530.40   0.13072E-01   0.10187E-01   0.99719E-02
 6544.00   0.13023E-01   0.10142E-01   0.99303E-02
 6557.61   0.12969E-01   0.10093E-01   0.98849E-02
 6571.21   0.12922E-01   0.10048E-01   0.98447E-02
 6584.82   0.12896E-01   0.10021E-01   0.98208E-02
 6598.42   0.12848E-01   0.99770E-02   0.97805E-02
 6612.03   0.12803E-01   0.99349E-02   0.97421E-02
 6625.63   0.12758E-01   0.98936E-02   0.97046E-02
 6639.24   0.12715E-01   0.98528E-02   0.96675E-02
 6652.84   0.12671E-01   0.98120E-02   0.96304E-02
 6666.45   0.12626E-01   0.97710E-02   0.95931E-02
 6680.05   0.12581E-01   0.97296E-02   0.95554E-02
 6693.66   0.12535E-01   0.96874E-02   0.95169E-02
 6707.26   0.12486E-01   0.96431E-02   0.94763E-02
 6720.87   0.12439E-01   0.96010E-02   0.94379E-02
 6734.47   0.12419E-01   0.95793E-02   0.94195E-02
 6748.08   0.12366E-01   0.95319E-02   0.93758E-02
 6761.68   0.12319E-01   0.94901E-02   0.93375E-02
 6775.29   0.12275E-01   0.94499E-02   0.93009E-02
 6788.89   0.12231E-01   0.94107E-02   0.92652E-02
 6802.50   0.12189E-01   0.93721E-02   0.92302E-02
 6816.10   0.12147E-01   0.93340E-02   0.91956E-02
 6829.71   0.12104E-01   0.92960E-02   0.91610E-02
 6843.31   0.12062E-01   0.92576E-02   0.91262E-02
 6856.92   0.12018E-01   0.92184E-02   0.90904E-02
 6870.52   0.11970E-01   0.91762E-02   0.90517E-02
 6884.13   0.11923E-01   0.91350E-02   0.90140E-02
 6897.73   0.11903E-01   0.91147E-02   0.89968E-02
 6911.34   0.11855E-01   0.90725E-02   0.89581E-02
 6924.94   0.11810E-01   0.90331E-02   0.89221E-02
 6938.55   0.11766E-01   0.89947E-02   0.88871E-02
 6952.15   0.11724E-01   0.89573E-02   0.88530E-02
 6965.76   0.11682E-01   0.89206E-02   0.88196E-02
 6979.36   0.11641E-01   0.88845E-02   0.87869E-02
 6992.97   0.11601E-01   0.88489E-02   0.87546E-02
 7006.57   0.11560E-01   0.88135E-02   0.87224E-02
 7020.18   0.11519E-01   0.87776E-02   0.86898E-02
 7033.78   0.11475E-01   0.87394E-02   0.86548E-02
 7047.39   0.11430E-01   0.87004E-02   0.86190E-02
 7060.99   0.11405E-01   0.86777E-02   0.85995E-02
 7074.60   0.11362E-01   0.86401E-02   0.85651E-02
 7088.20   0.11319E-01   0.86035E-02   0.85317E-02
 7101.81   0.11277E-01   0.85673E-02   0.84987E-02
 7115.41   0.11235E-01   0.85316E-02   0.84661E-02
 7129.02   0.11194E-01   0.84965E-02   0.84340E-02
 7142.62   0.11154E-01   0.84620E-02   0.84027E-02
 7156.23   0.11114E-01   0.84282E-02   0.83719E-02
 7169.83   0.11075E-01   0.83949E-02   0.83417E-02
 7183.44   0.11037E-01   0.83619E-02   0.83118E-02
 7197.04   0.10997E-01   0.83286E-02   0.82815E-02
 7210.65   0.10956E-01   0.82940E-02   0.82499E-02
 7224.25   0.10924E-01   0.82658E-02   0.82248E-02
 7237.86   0.10884E-01   0.82325E-02   0.81944E-02
 7251.46   0.10844E-01   0.81991E-02   0.81639E-02
 7265.07   0.10804E-01   0.81655E-02   0.81333E-02
 7278.67   0.10764E-01   0.81319E-02   0.81026E-02
 7292.28   0.10724E-01   0.80984E-02   0.80721E-02
 7305.88   0.10684E-01   0.80653E-02   0.80419E-02
 7319.49   0.10645E-01   0.80326E-02   0.80121E-02
 7333.09   0.10606E-01   0.80006E-02   0.79830E-02
 7346.70   0.10568E-01   0.79693E-02   0.79545E-02
 7360.30   0.10531E-01   0.79384E-02   0.79264E-02
 7373.91   0.10495E-01   0.79083E-02   0.78991E-02
 7387.51   0.10458E-01   0.78780E-02   0.78717E-02
 7401.12   0.10421E-01   0.78477E-02   0.78442E-02
 7414.72   0.10384E-01   0.78173E-02   0.78165E-02
 7428.33   0.10347E-01   0.77866E-02   0.77886E-02
 7441.93   0.10309E-01   0.77556E-02   0.77603E-02
 7455.54   0.10270E-01   0.77243E-02   0.77317E-02
 7469.14   0.10231E-01   0.76929E-02   0.77030E-02
 7482.75   0.10193E-01   0.76615E-02   0.76744E-02
 7496.35   0.10154E-01   0.76304E-02   0.76459E-02
 7509.96   0.10116E-01   0.75996E-02   0.76178E-02
 7523.56   0.10077E-01   0.75688E-02   0.75896E-02
 7537.17   0.10043E-01   0.75410E-02   0.75644E-02
 7550.77   0.10011E-01   0.75153E-02   0.75413E-02
 7564.38   0.99740E-02   0.74856E-02   0.75142E-02
 7577.98   0.99382E-02   0.74570E-02   0.74882E-02
 7591.59   0.99027E-02   0.74287E-02   0.74625E-02
 7605.19   0.98670E-02   0.74003E-02   0.74366E-02
 7618.80   0.98308E-02   0.73716E-02   0.74105E-02
 7632.40   0.97941E-02   0.73425E-02   0.73839E-02
 7646.01   0.97569E-02   0.73132E-02   0.73570E-02
 7659.61   0.97191E-02   0.72835E-02   0.73298E-02
 7673.22   0.96809E-02   0.72535E-02   0.73023E-02
 7686.82   0.96416E-02   0.72229E-02   0.72741E-02
 7700.43   0.95943E-02   0.71864E-02   0.72400E-02
 7714.03   0.95922E-02   0.71833E-02   0.72395E-02
 7727.64   0.95450E-02   0.71470E-02   0.72055E-02
 7741.24   0.95080E-02   0.71184E-02   0.71793E-02
 7754.85   0.94729E-02   0.70911E-02   0.71544E-02
 7768.45   0.94385E-02   0.70645E-02   0.71301E-02
 7782.06   0.94043E-02   0.70380E-02   0.71060E-02
 7795.66   0.93698E-02   0.70115E-02   0.70818E-02
 7809.27   0.93350E-02   0.69846E-02   0.70573E-02
 7822.87   0.92994E-02   0.69574E-02   0.70323E-02
 7836.48   0.92630E-02   0.69295E-02   0.70066E-02
 7850.08   0.92252E-02   0.69006E-02   0.69800E-02
 7863.69   0.91833E-02   0.68688E-02   0.69504E-02
 7877.29   0.91484E-02   0.68423E-02   0.69261E-02
 7890.90   0.91375E-02   0.68337E-02   0.69199E-02
 7904.50   0.90958E-02   0.68021E-02   0.68905E-02
 7918.11   0.90592E-02   0.67746E-02   0.68651E-02
 7931.71   0.90245E-02   0.67484E-02   0.68411E-02
 7945.32   0.89908E-02   0.67230E-02   0.68179E-02
 7958.92   0.89577E-02   0.66981E-02   0.67952E-02
 7972.53   0.89247E-02   0.66735E-02   0.67726E-02
 7986.13   0.88917E-02   0.66487E-02   0.67500E-02
 7999.74   0.88581E-02   0.66236E-02   0.67270E-02
 8013.34   0.88235E-02   0.65979E-02   0.67033E-02
 8026.95   0.87869E-02   0.65706E-02   0.66781E-02
 8040.55   0.87419E-02   0.65370E-02   0.66464E-02
 8054.16   0.87059E-02   0.65104E-02   0.66218E-02
 8067.76   0.87014E-02   0.65075E-02   0.66213E-02
 8081.37   0.86627E-02   0.64789E-02   0.65945E-02
 8094.97   0.86270E-02   0.64526E-02   0.65702E-02
 8108.58   0.85926E-02   0.64274E-02   0.65470E-02
 8122.18   0.85593E-02   0.64030E-02   0.65245E-02
 8135.79   0.85268E-02   0.63793E-02   0.65027E-02
 8149.39   0.84949E-02   0.63560E-02   0.64814E-02
 8163.00   0.84632E-02   0.63330E-02   0.64603E-02
 8176.60   0.84315E-02   0.63100E-02   0.64393E-02
 8190.21   0.83993E-02   0.62866E-02   0.64177E-02
 8203.81   0.83653E-02   0.62619E-02   0.63949E-02
 8217.42   0.83212E-02   0.62296E-02   0.63642E-02
 8231.02   0.83250E-02   0.62339E-02   0.63710E-02
 8244.63   0.82800E-02   0.62010E-02   0.63397E-02
 8258.23   0.82445E-02   0.61753E-02   0.63157E-02
 8271.84   0.82102E-02   0.61507E-02   0.62929E-02
 8285.44   0.81767E-02   0.61267E-02   0.62706E-02
 8299.05   0.81438E-02   0.61032E-02   0.62489E-02
 8312.65   0.81116E-02   0.60803E-02   0.62277E-02
 8326.26   0.80801E-02   0.60579E-02   0.62072E-02
 8339.86   0.80492E-02   0.60361E-02   0.61871E-02
 8353.47   0.80188E-02   0.60147E-02   0.61674E-02
 8367.07   0.79886E-02   0.59934E-02   0.61478E-02
 8380.68   0.79578E-02   0.59718E-02   0.61279E-02
 8394.28   0.79222E-02   0.59463E-02   0.61040E-02
 8407.89   0.79065E-02   0.59365E-02   0.60961E-02
 8421.49   0.78718E-02   0.59119E-02   0.60731E-02
 8435.10   0.78398E-02   0.58894E-02   0.60522E-02
 8448.70   0.78078E-02   0.58670E-02   0.60314E-02
 8462.31   0.77758E-02   0.58446E-02   0.60106E-02
 8475.91   0.77439E-02   0.58224E-02   0.59899E-02
 8489.52   0.77121E-02   0.58003E-02   0.59694E-02
 8503.12   0.76809E-02   0.57787E-02   0.59493E-02
 8516.73   0.76502E-02   0.57575E-02   0.59297E-02
 8530.33   0.76202E-02   0.57369E-02   0.59106E-02
 8543.94   0.75908E-02   0.57168E-02   0.58920E-02
 8557.54   0.75618E-02   0.56970E-02   0.58738E-02
 8571.15   0.75329E-02   0.56773E-02   0.58557E-02
 8584.75   0.75057E-02   0.56589E-02   0.58388E-02
 8598.36   0.74767E-02   0.56392E-02   0.58206E-02
 8611.96   0.74478E-02   0.56195E-02   0.58024E-02
 8625.57   0.74184E-02   0.55996E-02   0.57839E-02
 8639.17   0.73885E-02   0.55793E-02   0.57650E-02
 8652.78   0.73583E-02   0.55588E-02   0.57459E-02
 8666.38   0.73278E-02   0.55380E-02   0.57265E-02
 8679.99   0.72972E-02   0.55173E-02   0.57071E-02
 8693.59   0.72667E-02   0.54967E-02   0.56879E-02
 8707.20   0.72366E-02   0.54764E-02   0.56689E-02
 8720.80   0.72069E-02   0.54566E-02   0.56504E-02
 8734.41   0.71777E-02   0.54371E-02   0.56322E-02
 8748.01   0.71480E-02   0.54174E-02   0.56138E-02
 8761.62   0.71228E-02   0.54008E-02   0.55987E-02
 8775.22   0.70966E-02   0.53835E-02   0.55827E-02
 8788.83   0.70689E-02   0.53652E-02   0.55657E-02
 8802.43   0.70413E-02   0.53470E-02   0.55489E-02
 8816.04   0.70136E-02   0.53288E-02   0.55320E-02
 8829.64   0.69855E-02   0.53103E-02   0.55147E-02
 8843.25   0.69569E-02   0.52914E-02   0.54970E-02
 8856.85   0.69279E-02   0.52722E-02   0.54791E-02
 8870.46   0.68985E-02   0.52527E-02   0.54608E-02
 8884.06   0.68688E-02   0.52332E-02   0.54423E-02
 8897.67   0.68390E-02   0.52135E-02   0.54238E-02
 8911.27   0.68090E-02   0.51937E-02   0.54051E-02
 8924.88   0.67773E-02   0.51727E-02   0.53852E-02
 8938.48   0.67528E-02   0.51572E-02   0.53710E-02
 8952.09   0.67358E-02   0.51471E-02   0.53622E-02
 8965.69   0.67054E-02   0.51272E-02   0.53434E-02
 8979.30   0.66779E-02   0.51094E-02   0.53268E-02
 8992.90   0.66512E-02   0.50923E-02   0.53108E-02
 9006.51   0.66247E-02   0.50754E-02   0.52950E-02
 9020.11   0.65981E-02   0.50584E-02   0.52791E-02
 9033.72   0.65712E-02   0.50411E-02   0.52629E-02
 9047.32   0.65438E-02   0.50235E-02   0.52463E-02
 9060.93   0.65158E-02   0.50054E-02   0.52292E-02
 9074.53   0.64871E-02   0.49869E-02   0.52117E-02
 9088.14   0.64577E-02   0.49678E-02   0.51935E-02
 9101.74   0.64264E-02   0.49473E-02   0.51738E-02
 9115.35   0.63831E-02   0.49177E-02   0.51447E-02
 9128.95   0.64052E-02   0.49380E-02   0.51677E-02
 9142.56   0.63603E-02   0.49072E-02   0.51372E-02
 9156.16   0.63304E-02   0.48879E-02   0.51187E-02
 9169.77   0.63030E-02   0.48706E-02   0.51023E-02
 9183.37   0.62768E-02   0.48541E-02   0.50868E-02
 9196.98   0.62512E-02   0.48381E-02   0.50718E-02
 9210.58   0.62258E-02   0.48223E-02   0.50569E-02
 9224.19   0.62004E-02   0.48065E-02   0.50420E-02
 9237.79   0.61747E-02   0.47905E-02   0.50269E-02
 9251.40   0.61484E-02   0.47740E-02   0.50112E-02
 9265.00   0.61213E-02   0.47568E-02   0.49949E-02
 9278.61   0.60927E-02   0.47386E-02   0.49774E-02
 9292.21   0.60600E-02   0.47171E-02   0.49565E-02
 9305.82   0.60346E-02   0.47015E-02   0.49417E-02
 9319.42   0.60361E-02   0.47068E-02   0.49489E-02
 9333.03   0.60002E-02   0.46829E-02   0.49255E-02
 9346.63   0.59712E-02   0.46644E-02   0.49076E-02
 9360.24   0.59442E-02   0.46475E-02   0.48914E-02
 9373.84   0.59182E-02   0.46315E-02   0.48762E-02
 9387.45   0.58931E-02   0.46161E-02   0.48615E-02
 9401.05   0.58685E-02   0.46011E-02   0.48474E-02
 9414.66   0.58442E-02   0.45864E-02   0.48335E-02
 9428.26   0.58200E-02   0.45718E-02   0.48196E-02
 9441.87   0.57955E-02   0.45569E-02   0.48054E-02
 9455.47   0.57704E-02   0.45415E-02   0.47907E-02
 9469.08   0.57438E-02   0.45249E-02   0.47748E-02
 9482.68   0.57120E-02   0.45041E-02   0.47543E-02
 9496.29   0.56867E-02   0.44887E-02   0.47396E-02
 9509.89   0.56854E-02   0.44925E-02   0.47452E-02
 9523.50   0.56546E-02   0.44726E-02   0.47256E-02
 9537.10   0.56272E-02   0.44554E-02   0.47089E-02
 9550.71   0.56009E-02   0.44392E-02   0.46932E-02
 9564.31   0.55753E-02   0.44236E-02   0.46782E-02
 9577.92   0.55505E-02   0.44085E-02   0.46638E-02
 9591.52   0.55263E-02   0.43940E-02   0.46499E-02
 9605.13   0.55027E-02   0.43800E-02   0.46364E-02
 9618.73   0.54795E-02   0.43663E-02   0.46234E-02
 9632.34   0.54565E-02   0.43527E-02   0.46104E-02
 9645.94   0.54333E-02   0.43390E-02   0.45974E-02
 9659.55   0.54095E-02   0.43247E-02   0.45836E-02
 9673.15   0.53822E-02   0.43076E-02   0.45668E-02
 9686.76   0.53573E-02   0.42925E-02   0.45522E-02
 9700.36   0.53486E-02   0.42909E-02   0.45519E-02
 9713.97   0.53223E-02   0.42746E-02   0.45359E-02
 9727.57   0.52972E-02   0.42593E-02   0.45211E-02
 9741.18   0.52724E-02   0.42442E-02   0.45064E-02
 9754.78   0.52477E-02   0.42294E-02   0.44920E-02
 9768.39   0.52234E-02   0.42148E-02   0.44778E-02
 9781.99   0.51995E-02   0.42006E-02   0.44641E-02
 9795.60   0.51761E-02   0.41868E-02   0.44507E-02
 9809.20   0.51533E-02   0.41735E-02   0.44379E-02
 9822.81   0.51310E-02   0.41606E-02   0.44254E-02
 9836.41   0.51091E-02   0.41480E-02   0.44134E-02
 9850.02   0.50874E-02   0.41355E-02   0.44014E-02
 9863.62   0.50651E-02   0.41226E-02   0.43889E-02
 9877.23   0.50423E-02   0.41091E-02   0.43758E-02
 9890.83   0.50251E-02   0.41006E-02   0.43680E-02
 9904.44   0.50027E-02   0.40875E-02   0.43553E-02
 9918.04   0.49802E-02   0.40744E-02   0.43425E-02
 9931.65   0.49574E-02   0.40610E-02   0.43295E-02
 9945.25   0.49344E-02   0.40475E-02   0.43162E-02
 9958.86   0.49112E-02   0.40338E-02   0.43028E-02
 9972.46   0.48881E-02   0.40201E-02   0.42895E-02
 9986.07   0.48651E-02   0.40066E-02   0.42762E-02
 9999.67   0.48424E-02   0.39934E-02   0.42633E-02
