  272.10   0.79045E-01   0.80349E-01   0.89791E-01
  285.70   0.76390E-01   0.77684E-01   0.86627E-01
  299.31   0.73900E-01   0.75184E-01   0.83668E-01
  312.91   0.71453E-01   0.72727E-01   0.80775E-01
  326.52   0.69143E-01   0.70406E-01   0.78051E-01
  340.12   0.66932E-01   0.68185E-01   0.75454E-01
  353.73   0.64838E-01   0.66080E-01   0.72999E-01
  367.33   0.62837E-01   0.64069E-01   0.70660E-01
  380.94   0.60927E-01   0.62149E-01   0.68433E-01
  394.54   0.59111E-01   0.60323E-01   0.66321E-01
  408.15   0.57365E-01   0.58567E-01   0.64295E-01
  421.75   0.55691E-01   0.56883E-01   0.62357E-01
  435.36   0.54091E-01   0.55273E-01   0.60508E-01
  448.96   0.52556E-01   0.53729E-01   0.58739E-01
  462.57   0.51079E-01   0.52242E-01   0.57038E-01
  476.17   0.49670E-01   0.50824E-01   0.55420E-01
  489.78   0.48331E-01   0.49475E-01   0.53883E-01
  503.38   0.47024E-01   0.48158E-01   0.52386E-01
  516.99   0.45777E-01   0.46903E-01   0.50961E-01
  530.59   0.44585E-01   0.45701E-01   0.49599E-01
  544.20   0.43425E-01   0.44532E-01   0.48277E-01
  557.80   0.42316E-01   0.43413E-01   0.47014E-01
  571.41   0.41247E-01   0.42335E-01   0.45798E-01
  585.01   0.40215E-01   0.41294E-01   0.44625E-01
  598.62   0.39230E-01   0.40301E-01   0.43509E-01
  612.22   0.38279E-01   0.39340E-01   0.42430E-01
  625.83   0.37362E-01   0.38415E-01   0.41392E-01
  639.43   0.36474E-01   0.37518E-01   0.40388E-01
  653.04   0.35622E-01   0.36657E-01   0.39425E-01
  666.64   0.34797E-01   0.35824E-01   0.38493E-01
  680.25   0.33997E-01   0.35016E-01   0.37592E-01
  693.85   0.33226E-01   0.34236E-01   0.36722E-01
  707.46   0.32482E-01   0.33484E-01   0.35885E-01
  721.06   0.31764E-01   0.32757E-01   0.35077E-01
  734.67   0.31067E-01   0.32052E-01   0.34293E-01
  748.27   0.30394E-01   0.31371E-01   0.33537E-01
  761.88   0.29744E-01   0.30713E-01   0.32807E-01
  775.48   0.29117E-01   0.30078E-01   0.32104E-01
  789.09   0.28505E-01   0.29457E-01   0.31416E-01
  802.69   0.27913E-01   0.28858E-01   0.30754E-01
  816.30   0.27340E-01   0.28277E-01   0.30112E-01
  829.90   0.26786E-01   0.27715E-01   0.29491E-01
  843.51   0.26244E-01   0.27165E-01   0.28885E-01
  857.11   0.25722E-01   0.26636E-01   0.28302E-01
  870.72   0.25215E-01   0.26121E-01   0.27735E-01
  884.32   0.24724E-01   0.25623E-01   0.27186E-01
  897.93   0.24244E-01   0.25135E-01   0.26650E-01
  911.53   0.23783E-01   0.24667E-01   0.26136E-01
  925.14   0.23334E-01   0.24210E-01   0.25634E-01
  938.74   0.22896E-01   0.23766E-01   0.25146E-01
  952.35   0.22472E-01   0.23335E-01   0.24674E-01
  965.95   0.22057E-01   0.22912E-01   0.24211E-01
  979.56   0.21655E-01   0.22503E-01   0.23764E-01
  993.16   0.21264E-01   0.22105E-01   0.23328E-01
 1006.77   0.20883E-01   0.21718E-01   0.22904E-01
 1020.37   0.20512E-01   0.21340E-01   0.22492E-01
 1033.98   0.20152E-01   0.20973E-01   0.22091E-01
 1047.58   0.19802E-01   0.20616E-01   0.21701E-01
 1061.19   0.19462E-01   0.20269E-01   0.21323E-01
 1074.79   0.19129E-01   0.19930E-01   0.20953E-01
 1088.40   0.18805E-01   0.19599E-01   0.20593E-01
 1102.00   0.18489E-01   0.19276E-01   0.20242E-01
 1115.61   0.18182E-01   0.18962E-01   0.19900E-01
 1129.21   0.17883E-01   0.18657E-01   0.19568E-01
 1142.82   0.17588E-01   0.18356E-01   0.19241E-01
 1156.42   0.17304E-01   0.18065E-01   0.18925E-01
 1170.03   0.17025E-01   0.17780E-01   0.18616E-01
 1183.63   0.16754E-01   0.17502E-01   0.18314E-01
 1197.24   0.16490E-01   0.17232E-01   0.18022E-01
 1210.84   0.16229E-01   0.16966E-01   0.17733E-01
 1224.45   0.15978E-01   0.16708E-01   0.17454E-01
 1238.05   0.15732E-01   0.16456E-01   0.17181E-01
 1251.66   0.15491E-01   0.16209E-01   0.16914E-01
 1265.26   0.15257E-01   0.15969E-01   0.16654E-01
 1278.87   0.15026E-01   0.15732E-01   0.16398E-01
 1292.47   0.14803E-01   0.15503E-01   0.16150E-01
 1306.08   0.14584E-01   0.15278E-01   0.15907E-01
 1319.68   0.14369E-01   0.15058E-01   0.15670E-01
 1333.29   0.14160E-01   0.14843E-01   0.15437E-01
 1346.89   0.13954E-01   0.14631E-01   0.15209E-01
 1360.50   0.13754E-01   0.14426E-01   0.14988E-01
 1374.10   0.13559E-01   0.14224E-01   0.14771E-01
 1387.71   0.13367E-01   0.14027E-01   0.14559E-01
 1401.31   0.13180E-01   0.13834E-01   0.14351E-01
 1414.92   0.12996E-01   0.13645E-01   0.14147E-01
 1428.52   0.12817E-01   0.13460E-01   0.13948E-01
 1442.13   0.12641E-01   0.13279E-01   0.13754E-01
 1455.73   0.12470E-01   0.13102E-01   0.13563E-01
 1469.34   0.12301E-01   0.12928E-01   0.13377E-01
 1482.94   0.12136E-01   0.12758E-01   0.13194E-01
 1496.55   0.11975E-01   0.12591E-01   0.13014E-01
 1510.15   0.11816E-01   0.12427E-01   0.12839E-01
 1523.76   0.11661E-01   0.12267E-01   0.12667E-01
 1537.36   0.11509E-01   0.12110E-01   0.12498E-01
 1550.97   0.11361E-01   0.11956E-01   0.12334E-01
 1564.57   0.11215E-01   0.11805E-01   0.12172E-01
 1578.18   0.11071E-01   0.11656E-01   0.12013E-01
 1591.78   0.10931E-01   0.11511E-01   0.11857E-01
 1605.39   0.10794E-01   0.11368E-01   0.11705E-01
 1618.99   0.10659E-01   0.11228E-01   0.11556E-01
 1632.60   0.10528E-01   0.11092E-01   0.11409E-01
 1646.20   0.10397E-01   0.10956E-01   0.11265E-01
 1659.81   0.10270E-01   0.10825E-01   0.11124E-01
 1673.41   0.10146E-01   0.10695E-01   0.10986E-01
 1687.02   0.10023E-01   0.10568E-01   0.10850E-01
 1700.62   0.99032E-02   0.10443E-01   0.10717E-01
 1714.23   0.97859E-02   0.10321E-01   0.10586E-01
 1727.83   0.96692E-02   0.10199E-01   0.10457E-01
 1741.44   0.95560E-02   0.10081E-01   0.10331E-01
 1755.04   0.94445E-02   0.99647E-02   0.10207E-01
 1768.65   0.93350E-02   0.98505E-02   0.10086E-01
 1782.25   0.92275E-02   0.97382E-02   0.99661E-02
 1795.86   0.91222E-02   0.96284E-02   0.98492E-02
 1809.46   0.90180E-02   0.95194E-02   0.97334E-02
 1823.07   0.89165E-02   0.94133E-02   0.96205E-02
 1836.67   0.88166E-02   0.93088E-02   0.95095E-02
 1850.28   0.87184E-02   0.92060E-02   0.94004E-02
 1863.88   0.86218E-02   0.91049E-02   0.92930E-02
 1877.49   0.85270E-02   0.90056E-02   0.91876E-02
 1891.09   0.84336E-02   0.89076E-02   0.90836E-02
 1904.70   0.83420E-02   0.88116E-02   0.89818E-02
 1918.30   0.82520E-02   0.87171E-02   0.88816E-02
 1931.91   0.81634E-02   0.86242E-02   0.87831E-02
 1945.51   0.80763E-02   0.85327E-02   0.86862E-02
 1959.12   0.79906E-02   0.84426E-02   0.85908E-02
 1972.72   0.79063E-02   0.83539E-02   0.84969E-02
 1986.33   0.78235E-02   0.82668E-02   0.84047E-02
 1999.93   0.77420E-02   0.81810E-02   0.83140E-02
 2013.54   0.76620E-02   0.80967E-02   0.82248E-02
 2027.14   0.75832E-02   0.80137E-02   0.81371E-02
 2040.75   0.75057E-02   0.79320E-02   0.80507E-02
 2054.35   0.74295E-02   0.78515E-02   0.79657E-02
 2067.96   0.73544E-02   0.77722E-02   0.78820E-02
 2081.56   0.72805E-02   0.76942E-02   0.77997E-02
 2095.17   0.72079E-02   0.76174E-02   0.77186E-02
 2108.77   0.71364E-02   0.75419E-02   0.76389E-02
 2122.38   0.70660E-02   0.74674E-02   0.75604E-02
 2135.98   0.69968E-02   0.73941E-02   0.74831E-02
 2149.59   0.69284E-02   0.73217E-02   0.74068E-02
 2163.19   0.68613E-02   0.72505E-02   0.73319E-02
 2176.80   0.67951E-02   0.71803E-02   0.72580E-02
 2190.40   0.67300E-02   0.71112E-02   0.71852E-02
 2204.01   0.66659E-02   0.70431E-02   0.71136E-02
 2217.61   0.66027E-02   0.69761E-02   0.70431E-02
 2231.22   0.65406E-02   0.69100E-02   0.69736E-02
 2244.82   0.64793E-02   0.68447E-02   0.69050E-02
 2258.43   0.64190E-02   0.67806E-02   0.68376E-02
 2272.03   0.63595E-02   0.67173E-02   0.67711E-02
 2285.64   0.63010E-02   0.66549E-02   0.67056E-02
 2299.24   0.62433E-02   0.65934E-02   0.66411E-02
 2312.85   0.61865E-02   0.65328E-02   0.65775E-02
 2326.45   0.61306E-02   0.64731E-02   0.65149E-02
 2340.06   0.60753E-02   0.64141E-02   0.64530E-02
 2353.66   0.60209E-02   0.63559E-02   0.63921E-02
 2367.27   0.59673E-02   0.62986E-02   0.63320E-02
 2380.87   0.59144E-02   0.62420E-02   0.62728E-02
 2394.48   0.58623E-02   0.61862E-02   0.62143E-02
 2408.08   0.58109E-02   0.61311E-02   0.61567E-02
 2421.69   0.57602E-02   0.60768E-02   0.60999E-02
 2435.29   0.57103E-02   0.60232E-02   0.60439E-02
 2448.90   0.56610E-02   0.59704E-02   0.59886E-02
 2462.50   0.56125E-02   0.59182E-02   0.59341E-02
 2476.11   0.55646E-02   0.58667E-02   0.58804E-02
 2489.71   0.55173E-02   0.58160E-02   0.58273E-02
 2503.32   0.54708E-02   0.57659E-02   0.57751E-02
 2516.92   0.54248E-02   0.57164E-02   0.57235E-02
 2530.53   0.53796E-02   0.56677E-02   0.56726E-02
 2544.13   0.53349E-02   0.56195E-02   0.56224E-02
 2557.74   0.52908E-02   0.55719E-02   0.55728E-02
 2571.34   0.52472E-02   0.55250E-02   0.55239E-02
 2584.95   0.52043E-02   0.54786E-02   0.54756E-02
 2598.55   0.51620E-02   0.54329E-02   0.54280E-02
 2612.16   0.51202E-02   0.53877E-02   0.53810E-02
 2625.76   0.50790E-02   0.53431E-02   0.53346E-02
 2639.37   0.50383E-02   0.52991E-02   0.52888E-02
 2652.97   0.49981E-02   0.52556E-02   0.52436E-02
 2666.58   0.49584E-02   0.52126E-02   0.51989E-02
 2680.18   0.49192E-02   0.51701E-02   0.51548E-02
 2693.79   0.48806E-02   0.51282E-02   0.51112E-02
 2707.39   0.48424E-02   0.50867E-02   0.50682E-02
 2721.00   0.48048E-02   0.50459E-02   0.50258E-02
 2734.60   0.47677E-02   0.50055E-02   0.49839E-02
 2748.21   0.47310E-02   0.49656E-02   0.49426E-02
 2761.81   0.46948E-02   0.49262E-02   0.49017E-02
 2775.42   0.46590E-02   0.48873E-02   0.48613E-02
 2789.02   0.46236E-02   0.48487E-02   0.48214E-02
 2802.63   0.45886E-02   0.48106E-02   0.47819E-02
 2816.23   0.45541E-02   0.47730E-02   0.47430E-02
 2829.84   0.45203E-02   0.47360E-02   0.47048E-02
 2843.44   0.44867E-02   0.46993E-02   0.46668E-02
 2857.05   0.44535E-02   0.46630E-02   0.46293E-02
 2870.65   0.44207E-02   0.46272E-02   0.45922E-02
 2884.26   0.43883E-02   0.45917E-02   0.45556E-02
 2897.86   0.43562E-02   0.45566E-02   0.45193E-02
 2911.47   0.43243E-02   0.45217E-02   0.44833E-02
 2925.07   0.42936E-02   0.44880E-02   0.44485E-02
 2938.68   0.42625E-02   0.44539E-02   0.44134E-02
 2952.28   0.42320E-02   0.44204E-02   0.43788E-02
 2965.89   0.42018E-02   0.43873E-02   0.43447E-02
 2979.49   0.41721E-02   0.43546E-02   0.43110E-02
 2993.10   0.41426E-02   0.43223E-02   0.42777E-02
 3006.70   0.41135E-02   0.42902E-02   0.42447E-02
 3020.31   0.40845E-02   0.42584E-02   0.42119E-02
 3033.91   0.40566E-02   0.42276E-02   0.41802E-02
 3047.52   0.40283E-02   0.41965E-02   0.41482E-02
 3061.12   0.40005E-02   0.41658E-02   0.41167E-02
 3074.73   0.39730E-02   0.41355E-02   0.40855E-02
 3088.33   0.39459E-02   0.41056E-02   0.40548E-02
 3101.94   0.39191E-02   0.40760E-02   0.40244E-02
 3115.54   0.38926E-02   0.40467E-02   0.39943E-02
 3129.15   0.38662E-02   0.40175E-02   0.39644E-02
 3142.75   0.38407E-02   0.39892E-02   0.39354E-02
 3156.36   0.38149E-02   0.39607E-02   0.39062E-02
 3169.96   0.37895E-02   0.39326E-02   0.38773E-02
 3183.57   0.37644E-02   0.39047E-02   0.38488E-02
 3197.17   0.37395E-02   0.38772E-02   0.38206E-02
 3210.78   0.37150E-02   0.38500E-02   0.37928E-02
 3224.38   0.36908E-02   0.38232E-02   0.37653E-02
 3237.99   0.36668E-02   0.37965E-02   0.37380E-02
 3251.59   0.36433E-02   0.37703E-02   0.37112E-02
 3265.20   0.36198E-02   0.37442E-02   0.36845E-02
 3278.80   0.35965E-02   0.37183E-02   0.36580E-02
 3292.41   0.35735E-02   0.36927E-02   0.36319E-02
 3306.01   0.35507E-02   0.36673E-02   0.36060E-02
 3319.62   0.35283E-02   0.36423E-02   0.35804E-02
 3333.22   0.35060E-02   0.36175E-02   0.35551E-02
 3346.83   0.34841E-02   0.35930E-02   0.35302E-02
 3360.43   0.34624E-02   0.35688E-02   0.35055E-02
 3374.04   0.34409E-02   0.35448E-02   0.34810E-02
 3387.64   0.34197E-02   0.35210E-02   0.34568E-02
 3401.25   0.33986E-02   0.34974E-02   0.34327E-02
 3414.85   0.33776E-02   0.34740E-02   0.34089E-02
 3428.46   0.33569E-02   0.34508E-02   0.33853E-02
 3442.06   0.33364E-02   0.34278E-02   0.33620E-02
 3455.67   0.33161E-02   0.34051E-02   0.33388E-02
 3469.27   0.32964E-02   0.33830E-02   0.33163E-02
 3482.88   0.32765E-02   0.33607E-02   0.32937E-02
 3496.48   0.32569E-02   0.33387E-02   0.32714E-02
 3510.09   0.32376E-02   0.33170E-02   0.32493E-02
 3523.69   0.32183E-02   0.32954E-02   0.32274E-02
 3537.30   0.31993E-02   0.32739E-02   0.32057E-02
 3550.90   0.31803E-02   0.32526E-02   0.31841E-02
 3564.51   0.31615E-02   0.32315E-02   0.31626E-02
 3578.11   0.31427E-02   0.32103E-02   0.31412E-02
 3591.72   0.31251E-02   0.31905E-02   0.31211E-02
 3605.32   0.31070E-02   0.31701E-02   0.31004E-02
 3618.93   0.30891E-02   0.31499E-02   0.30800E-02
 3632.53   0.30714E-02   0.31299E-02   0.30598E-02
 3646.14   0.30539E-02   0.31101E-02   0.30398E-02
 3659.74   0.30364E-02   0.30905E-02   0.30199E-02
 3673.35   0.30191E-02   0.30709E-02   0.30001E-02
 3686.95   0.30014E-02   0.30510E-02   0.29801E-02
 3700.56   0.29858E-02   0.30332E-02   0.29621E-02
 3714.16   0.29687E-02   0.30138E-02   0.29425E-02
 3727.77   0.29520E-02   0.29950E-02   0.29235E-02
 3741.37   0.29356E-02   0.29764E-02   0.29048E-02
 3754.98   0.29194E-02   0.29580E-02   0.28862E-02
 3768.58   0.29033E-02   0.29398E-02   0.28679E-02
 3782.19   0.28873E-02   0.29217E-02   0.28497E-02
 3795.79   0.28714E-02   0.29037E-02   0.28315E-02
 3809.40   0.28554E-02   0.28855E-02   0.28133E-02
 3823.00   0.28408E-02   0.28689E-02   0.27965E-02
 3836.61   0.28252E-02   0.28511E-02   0.27786E-02
 3850.21   0.28098E-02   0.28337E-02   0.27611E-02
 3863.82   0.27947E-02   0.28165E-02   0.27439E-02
 3877.42   0.27798E-02   0.27995E-02   0.27268E-02
 3891.03   0.27650E-02   0.27827E-02   0.27099E-02
 3904.63   0.27504E-02   0.27661E-02   0.26932E-02
 3918.24   0.27358E-02   0.27495E-02   0.26766E-02
 3931.84   0.27211E-02   0.27327E-02   0.26598E-02
 3945.45   0.27076E-02   0.27172E-02   0.26442E-02
 3959.05   0.26932E-02   0.27009E-02   0.26279E-02
 3972.66   0.26791E-02   0.26848E-02   0.26118E-02
 3986.26   0.26651E-02   0.26689E-02   0.25958E-02
 3999.87   0.26513E-02   0.26531E-02   0.25801E-02
 4013.47   0.26377E-02   0.26376E-02   0.25645E-02
 4027.08   0.26242E-02   0.26222E-02   0.25491E-02
 4040.68   0.26109E-02   0.26069E-02   0.25338E-02
 4054.29   0.25975E-02   0.25916E-02   0.25186E-02
 4067.89   0.25846E-02   0.25769E-02   0.25038E-02
 4081.50   0.25715E-02   0.25619E-02   0.24889E-02
 4095.10   0.25585E-02   0.25470E-02   0.24740E-02
 4108.71   0.25456E-02   0.25323E-02   0.24593E-02
 4122.31   0.25328E-02   0.25176E-02   0.24447E-02
 4135.92   0.25201E-02   0.25031E-02   0.24302E-02
 4149.52   0.25076E-02   0.24888E-02   0.24159E-02
 4163.13   0.24952E-02   0.24746E-02   0.24018E-02
 4176.73   0.24830E-02   0.24606E-02   0.23879E-02
 4190.34   0.24709E-02   0.24467E-02   0.23741E-02
 4203.94   0.24589E-02   0.24329E-02   0.23603E-02
 4217.55   0.24470E-02   0.24192E-02   0.23467E-02
 4231.15   0.24350E-02   0.24055E-02   0.23331E-02
 4244.76   0.24232E-02   0.23919E-02   0.23196E-02
 4258.36   0.24114E-02   0.23784E-02   0.23062E-02
 4271.97   0.23997E-02   0.23650E-02   0.22929E-02
 4285.57   0.23881E-02   0.23517E-02   0.22797E-02
 4299.18   0.23768E-02   0.23387E-02   0.22667E-02
 4312.78   0.23658E-02   0.23259E-02   0.22541E-02
 4326.39   0.23546E-02   0.23130E-02   0.22413E-02
 4339.99   0.23435E-02   0.23003E-02   0.22287E-02
 4353.60   0.23325E-02   0.22877E-02   0.22162E-02
 4367.20   0.23216E-02   0.22751E-02   0.22037E-02
 4380.81   0.23107E-02   0.22625E-02   0.21913E-02
 4394.41   0.22998E-02   0.22500E-02   0.21789E-02
 4408.02   0.22889E-02   0.22375E-02   0.21666E-02
 4421.62   0.22779E-02   0.22249E-02   0.21541E-02
 4435.23   0.22689E-02   0.22143E-02   0.21436E-02
 4448.83   0.22577E-02   0.22015E-02   0.21310E-02
 4462.44   0.22473E-02   0.21896E-02   0.21192E-02
 4476.04   0.22371E-02   0.21778E-02   0.21075E-02
 4489.65   0.22270E-02   0.21661E-02   0.20960E-02
 4503.25   0.22169E-02   0.21545E-02   0.20846E-02
 4516.86   0.22069E-02   0.21429E-02   0.20731E-02
 4530.46   0.21968E-02   0.21313E-02   0.20617E-02
 4544.07   0.21866E-02   0.21196E-02   0.20502E-02
 4557.67   0.21765E-02   0.21080E-02   0.20388E-02
 4571.28   0.21680E-02   0.20980E-02   0.20289E-02
 4584.88   0.21580E-02   0.20865E-02   0.20176E-02
 4598.49   0.21483E-02   0.20753E-02   0.20066E-02
 4612.09   0.21388E-02   0.20644E-02   0.19958E-02
 4625.70   0.21295E-02   0.20535E-02   0.19852E-02
 4639.30   0.21202E-02   0.20428E-02   0.19746E-02
 4652.91   0.21109E-02   0.20321E-02   0.19641E-02
 4666.51   0.21016E-02   0.20214E-02   0.19536E-02
 4680.12   0.20921E-02   0.20104E-02   0.19429E-02
 4693.72   0.20821E-02   0.19990E-02   0.19317E-02
 4707.33   0.20749E-02   0.19904E-02   0.19233E-02
 4720.93   0.20657E-02   0.19798E-02   0.19128E-02
 4734.54   0.20566E-02   0.19694E-02   0.19027E-02
 4748.14   0.20478E-02   0.19592E-02   0.18926E-02
 4761.75   0.20390E-02   0.19491E-02   0.18828E-02
 4775.35   0.20304E-02   0.19391E-02   0.18730E-02
 4788.96   0.20218E-02   0.19292E-02   0.18633E-02
 4802.56   0.20133E-02   0.19193E-02   0.18536E-02
 4816.17   0.20045E-02   0.19091E-02   0.18437E-02
 4829.77   0.19974E-02   0.19008E-02   0.18355E-02
 4843.38   0.19884E-02   0.18904E-02   0.18254E-02
 4856.98   0.19799E-02   0.18806E-02   0.18159E-02
 4870.59   0.19715E-02   0.18710E-02   0.18064E-02
 4884.19   0.19632E-02   0.18614E-02   0.17971E-02
 4897.80   0.19550E-02   0.18519E-02   0.17879E-02
 4911.40   0.19469E-02   0.18426E-02   0.17788E-02
 4925.01   0.19389E-02   0.18334E-02   0.17698E-02
 4938.61   0.19310E-02   0.18242E-02   0.17609E-02
 4952.22   0.19231E-02   0.18151E-02   0.17520E-02
 4965.82   0.19157E-02   0.18064E-02   0.17436E-02
 4979.43   0.19078E-02   0.17973E-02   0.17347E-02
 4993.03   0.19000E-02   0.17883E-02   0.17259E-02
 5006.64   0.18922E-02   0.17793E-02   0.17172E-02
 5020.24   0.18844E-02   0.17704E-02   0.17085E-02
 5033.85   0.18767E-02   0.17615E-02   0.16999E-02
 5047.45   0.18691E-02   0.17527E-02   0.16914E-02
 5061.06   0.18616E-02   0.17441E-02   0.16830E-02
 5074.66   0.18542E-02   0.17355E-02   0.16747E-02
 5088.27   0.18469E-02   0.17271E-02   0.16665E-02
 5101.87   0.18396E-02   0.17187E-02   0.16584E-02
 5115.48   0.18324E-02   0.17104E-02   0.16503E-02
 5129.08   0.18252E-02   0.17021E-02   0.16423E-02
 5142.69   0.18181E-02   0.16938E-02   0.16342E-02
 5156.29   0.18109E-02   0.16855E-02   0.16262E-02
 5169.90   0.18036E-02   0.16772E-02   0.16182E-02
 5183.50   0.17965E-02   0.16690E-02   0.16102E-02
 5197.11   0.17893E-02   0.16608E-02   0.16023E-02
 5210.71   0.17823E-02   0.16527E-02   0.15945E-02
 5224.32   0.17752E-02   0.16446E-02   0.15867E-02
 5237.92   0.17685E-02   0.16368E-02   0.15791E-02
 5251.53   0.17620E-02   0.16292E-02   0.15718E-02
 5265.13   0.17553E-02   0.16215E-02   0.15643E-02
 5278.74   0.17486E-02   0.16138E-02   0.15569E-02
 5292.34   0.17419E-02   0.16061E-02   0.15495E-02
 5305.95   0.17352E-02   0.15984E-02   0.15421E-02
 5319.55   0.17285E-02   0.15908E-02   0.15347E-02
 5333.16   0.17218E-02   0.15831E-02   0.15273E-02
 5346.76   0.17151E-02   0.15754E-02   0.15199E-02
 5360.37   0.17083E-02   0.15677E-02   0.15125E-02
 5373.97   0.17017E-02   0.15602E-02   0.15052E-02
 5387.58   0.16963E-02   0.15537E-02   0.14990E-02
 5401.18   0.16897E-02   0.15461E-02   0.14918E-02
 5414.79   0.16833E-02   0.15389E-02   0.14848E-02
 5428.39   0.16771E-02   0.15317E-02   0.14779E-02
 5442.00   0.16709E-02   0.15246E-02   0.14711E-02
 5455.60   0.16647E-02   0.15175E-02   0.14642E-02
 5469.21   0.16584E-02   0.15104E-02   0.14574E-02
 5482.81   0.16521E-02   0.15032E-02   0.14505E-02
 5496.42   0.16457E-02   0.14960E-02   0.14436E-02
 5510.02   0.16387E-02   0.14881E-02   0.14361E-02
 5523.63   0.16356E-02   0.14839E-02   0.14320E-02
 5537.23   0.16283E-02   0.14759E-02   0.14243E-02
 5550.84   0.16221E-02   0.14688E-02   0.14176E-02
 5564.44   0.16161E-02   0.14620E-02   0.14110E-02
 5578.05   0.16102E-02   0.14553E-02   0.14046E-02
 5591.65   0.16044E-02   0.14487E-02   0.13983E-02
 5605.26   0.15986E-02   0.14421E-02   0.13920E-02
 5618.86   0.15928E-02   0.14355E-02   0.13857E-02
 5632.47   0.15869E-02   0.14288E-02   0.13793E-02
 5646.07   0.15809E-02   0.14220E-02   0.13728E-02
 5659.68   0.15748E-02   0.14152E-02   0.13662E-02
 5673.28   0.15709E-02   0.14103E-02   0.13617E-02
 5686.89   0.15646E-02   0.14034E-02   0.13550E-02
 5700.49   0.15588E-02   0.13968E-02   0.13487E-02
 5714.10   0.15531E-02   0.13903E-02   0.13426E-02
 5727.70   0.15475E-02   0.13840E-02   0.13365E-02
 5741.31   0.15420E-02   0.13778E-02   0.13306E-02
 5754.91   0.15366E-02   0.13717E-02   0.13248E-02
 5768.52   0.15312E-02   0.13656E-02   0.13189E-02
 5782.12   0.15258E-02   0.13594E-02   0.13131E-02
 5795.73   0.15201E-02   0.13531E-02   0.13071E-02
 5809.33   0.15143E-02   0.13466E-02   0.13009E-02
 5822.94   0.15104E-02   0.13419E-02   0.12965E-02
 5836.54   0.15048E-02   0.13356E-02   0.12905E-02
 5850.15   0.14993E-02   0.13295E-02   0.12846E-02
 5863.75   0.14939E-02   0.13235E-02   0.12789E-02
 5877.36   0.14886E-02   0.13175E-02   0.12732E-02
 5890.96   0.14833E-02   0.13116E-02   0.12676E-02
 5904.57   0.14782E-02   0.13058E-02   0.12622E-02
 5918.17   0.14731E-02   0.13001E-02   0.12567E-02
 5931.78   0.14681E-02   0.12945E-02   0.12514E-02
 5945.38   0.14630E-02   0.12888E-02   0.12460E-02
 5958.99   0.14577E-02   0.12829E-02   0.12403E-02
 5972.59   0.14534E-02   0.12779E-02   0.12357E-02
 5986.20   0.14483E-02   0.12722E-02   0.12303E-02
 5999.80   0.14432E-02   0.12666E-02   0.12249E-02
 6013.41   0.14382E-02   0.12609E-02   0.12196E-02
 6027.01   0.14331E-02   0.12553E-02   0.12143E-02
 6040.62   0.14281E-02   0.12498E-02   0.12090E-02
 6054.22   0.14232E-02   0.12443E-02   0.12038E-02
 6067.83   0.14183E-02   0.12389E-02   0.11987E-02
 6081.43   0.14135E-02   0.12336E-02   0.11937E-02
 6095.04   0.14088E-02   0.12283E-02   0.11887E-02
 6108.64   0.14042E-02   0.12231E-02   0.11838E-02
 6122.25   0.13996E-02   0.12180E-02   0.11789E-02
 6135.85   0.13949E-02   0.12128E-02   0.11740E-02
 6149.46   0.13902E-02   0.12076E-02   0.11691E-02
 6163.06   0.13855E-02   0.12024E-02   0.11642E-02
 6176.67   0.13807E-02   0.11971E-02   0.11593E-02
 6190.27   0.13760E-02   0.11919E-02   0.11543E-02
 6203.88   0.13712E-02   0.11867E-02   0.11494E-02
 6217.48   0.13665E-02   0.11815E-02   0.11445E-02
 6231.09   0.13618E-02   0.11764E-02   0.11397E-02
 6244.69   0.13572E-02   0.11714E-02   0.11349E-02
 6258.30   0.13529E-02   0.11665E-02   0.11304E-02
 6271.90   0.13486E-02   0.11618E-02   0.11260E-02
 6285.51   0.13442E-02   0.11570E-02   0.11214E-02
 6299.11   0.13398E-02   0.11521E-02   0.11169E-02
 6312.72   0.13355E-02   0.11473E-02   0.11123E-02
 6326.32   0.13310E-02   0.11425E-02   0.11078E-02
 6339.93   0.13266E-02   0.11376E-02   0.11032E-02
 6353.53   0.13221E-02   0.11328E-02   0.10986E-02
 6367.14   0.13175E-02   0.11279E-02   0.10940E-02
 6380.74   0.13130E-02   0.11230E-02   0.10894E-02
 6394.35   0.13084E-02   0.11180E-02   0.10847E-02
 6407.95   0.13041E-02   0.11133E-02   0.10804E-02
 6421.56   0.13009E-02   0.11096E-02   0.10769E-02
 6435.16   0.12963E-02   0.11047E-02   0.10723E-02
 6448.77   0.12920E-02   0.11001E-02   0.10679E-02
 6462.37   0.12879E-02   0.10956E-02   0.10637E-02
 6475.98   0.12837E-02   0.10911E-02   0.10595E-02
 6489.58   0.12796E-02   0.10866E-02   0.10553E-02
 6503.19   0.12754E-02   0.10821E-02   0.10511E-02
 6516.79   0.12712E-02   0.10775E-02   0.10468E-02
 6530.40   0.12668E-02   0.10729E-02   0.10425E-02
 6544.00   0.12624E-02   0.10682E-02   0.10381E-02
 6557.61   0.12573E-02   0.10630E-02   0.10332E-02
 6571.21   0.12528E-02   0.10583E-02   0.10287E-02
 6584.82   0.12511E-02   0.10559E-02   0.10266E-02
 6598.42   0.12467E-02   0.10513E-02   0.10222E-02
 6612.03   0.12426E-02   0.10469E-02   0.10181E-02
 6625.63   0.12386E-02   0.10427E-02   0.10142E-02
 6639.24   0.12347E-02   0.10385E-02   0.10102E-02
 6652.84   0.12308E-02   0.10343E-02   0.10063E-02
 6666.45   0.12269E-02   0.10301E-02   0.10024E-02
 6680.05   0.12229E-02   0.10259E-02   0.99850E-03
 6693.66   0.12188E-02   0.10216E-02   0.99449E-03
 6707.26   0.12144E-02   0.10171E-02   0.99025E-03
 6720.87   0.12103E-02   0.10127E-02   0.98616E-03
 6734.47   0.12087E-02   0.10106E-02   0.98424E-03
 6748.08   0.12039E-02   0.10057E-02   0.97966E-03
 6761.68   0.11997E-02   0.10014E-02   0.97562E-03
 6775.29   0.11957E-02   0.99725E-03   0.97173E-03
 6788.89   0.11919E-02   0.99320E-03   0.96796E-03
 6802.50   0.11881E-02   0.98924E-03   0.96426E-03
 6816.10   0.11844E-02   0.98533E-03   0.96062E-03
 6829.71   0.11807E-02   0.98146E-03   0.95701E-03
 6843.31   0.11770E-02   0.97757E-03   0.95339E-03
 6856.92   0.11732E-02   0.97362E-03   0.94971E-03
 6870.52   0.11691E-02   0.96940E-03   0.94576E-03
 6884.13   0.11649E-02   0.96518E-03   0.94182E-03
 6897.73   0.11631E-02   0.96295E-03   0.93981E-03
 6911.34   0.11590E-02   0.95871E-03   0.93585E-03
 6924.94   0.11550E-02   0.95469E-03   0.93209E-03
 6938.55   0.11512E-02   0.95076E-03   0.92842E-03
 6952.15   0.11474E-02   0.94690E-03   0.92483E-03
 6965.76   0.11438E-02   0.94312E-03   0.92131E-03
 6979.36   0.11402E-02   0.93941E-03   0.91787E-03
 6992.97   0.11366E-02   0.93577E-03   0.91448E-03
 7006.57   0.11331E-02   0.93217E-03   0.91114E-03
 7020.18   0.11296E-02   0.92856E-03   0.90779E-03
 7033.78   0.11259E-02   0.92481E-03   0.90430E-03
 7047.39   0.11221E-02   0.92091E-03   0.90066E-03
 7060.99   0.11197E-02   0.91826E-03   0.89824E-03
 7074.60   0.11160E-02   0.91453E-03   0.89477E-03
 7088.20   0.11124E-02   0.91084E-03   0.89134E-03
 7101.81   0.11087E-02   0.90717E-03   0.88793E-03
 7115.41   0.11051E-02   0.90352E-03   0.88453E-03
 7129.02   0.11015E-02   0.89991E-03   0.88117E-03
 7142.62   0.10980E-02   0.89636E-03   0.87788E-03
 7156.23   0.10945E-02   0.89287E-03   0.87464E-03
 7169.83   0.10911E-02   0.88946E-03   0.87148E-03
 7183.44   0.10878E-02   0.88611E-03   0.86837E-03
 7197.04   0.10846E-02   0.88278E-03   0.86530E-03
 7210.65   0.10812E-02   0.87939E-03   0.86215E-03
 7224.25   0.10781E-02   0.87625E-03   0.85925E-03
 7237.86   0.10748E-02   0.87293E-03   0.85618E-03
 7251.46   0.10715E-02   0.86959E-03   0.85309E-03
 7265.07   0.10681E-02   0.86622E-03   0.84996E-03
 7278.67   0.10646E-02   0.86282E-03   0.84680E-03
 7292.28   0.10612E-02   0.85941E-03   0.84364E-03
 7305.88   0.10577E-02   0.85601E-03   0.84049E-03
 7319.49   0.10543E-02   0.85265E-03   0.83737E-03
 7333.09   0.10510E-02   0.84935E-03   0.83431E-03
 7346.70   0.10477E-02   0.84610E-03   0.83130E-03
 7360.30   0.10444E-02   0.84288E-03   0.82832E-03
 7373.91   0.10414E-02   0.83989E-03   0.82557E-03
 7387.51   0.10384E-02   0.83686E-03   0.82277E-03
 7401.12   0.10353E-02   0.83377E-03   0.81992E-03
 7414.72   0.10322E-02   0.83071E-03   0.81709E-03
 7428.33   0.10290E-02   0.82762E-03   0.81424E-03
 7441.93   0.10258E-02   0.82451E-03   0.81136E-03
 7455.54   0.10226E-02   0.82136E-03   0.80844E-03
 7469.14   0.10193E-02   0.81818E-03   0.80550E-03
 7482.75   0.10160E-02   0.81498E-03   0.80253E-03
 7496.35   0.10127E-02   0.81177E-03   0.79956E-03
 7509.96   0.10093E-02   0.80857E-03   0.79659E-03
 7523.56   0.10059E-02   0.80529E-03   0.79355E-03
 7537.17   0.10030E-02   0.80244E-03   0.79092E-03
 7550.77   0.10008E-02   0.80021E-03   0.78891E-03
 7564.38   0.99747E-03   0.79703E-03   0.78596E-03
 7577.98   0.99441E-03   0.79409E-03   0.78324E-03
 7591.59   0.99142E-03   0.79121E-03   0.78059E-03
 7605.19   0.98845E-03   0.78834E-03   0.77794E-03
 7618.80   0.98544E-03   0.78546E-03   0.77529E-03
 7632.40   0.98239E-03   0.78254E-03   0.77259E-03
 7646.01   0.97927E-03   0.77959E-03   0.76986E-03
 7659.61   0.97608E-03   0.77658E-03   0.76707E-03
 7673.22   0.97280E-03   0.77351E-03   0.76423E-03
 7686.82   0.96935E-03   0.77031E-03   0.76125E-03
 7700.43   0.96477E-03   0.76622E-03   0.75739E-03
 7714.03   0.96612E-03   0.76684E-03   0.75819E-03
 7727.64   0.96158E-03   0.76279E-03   0.75438E-03
 7741.24   0.95833E-03   0.75977E-03   0.75158E-03
 7754.85   0.95531E-03   0.75694E-03   0.74896E-03
 7768.45   0.95239E-03   0.75421E-03   0.74644E-03
 7782.06   0.94953E-03   0.75152E-03   0.74397E-03
 7795.66   0.94668E-03   0.74884E-03   0.74150E-03
 7809.27   0.94380E-03   0.74615E-03   0.73903E-03
 7822.87   0.94087E-03   0.74342E-03   0.73651E-03
 7836.48   0.93784E-03   0.74062E-03   0.73392E-03
 7850.08   0.93465E-03   0.73770E-03   0.73121E-03
 7863.69   0.93098E-03   0.73442E-03   0.72814E-03
 7877.29   0.92793E-03   0.73162E-03   0.72555E-03
 7890.90   0.92768E-03   0.73104E-03   0.72517E-03
 7904.50   0.92398E-03   0.72774E-03   0.72208E-03
 7918.11   0.92081E-03   0.72487E-03   0.71942E-03
 7931.71   0.91783E-03   0.72215E-03   0.71690E-03
 7945.32   0.91496E-03   0.71953E-03   0.71448E-03
 7958.92   0.91217E-03   0.71698E-03   0.71213E-03
 7972.53   0.90943E-03   0.71447E-03   0.70982E-03
 7986.13   0.90670E-03   0.71198E-03   0.70753E-03
 7999.74   0.90395E-03   0.70947E-03   0.70523E-03
 8013.34   0.90113E-03   0.70691E-03   0.70286E-03
 8026.95   0.89812E-03   0.70421E-03   0.70037E-03
 8040.55   0.89431E-03   0.70090E-03   0.69725E-03
 8054.16   0.89113E-03   0.69807E-03   0.69463E-03
 8067.76   0.89113E-03   0.69775E-03   0.69449E-03
 8081.37   0.88784E-03   0.69486E-03   0.69180E-03
 8094.97   0.88480E-03   0.69216E-03   0.68930E-03
 8108.58   0.88188E-03   0.68956E-03   0.68689E-03
 8122.18   0.87903E-03   0.68703E-03   0.68456E-03
 8135.79   0.87627E-03   0.68458E-03   0.68229E-03
 8149.39   0.87359E-03   0.68218E-03   0.68009E-03
 8163.00   0.87096E-03   0.67984E-03   0.67793E-03
 8176.60   0.86836E-03   0.67752E-03   0.67580E-03
 8190.21   0.86574E-03   0.67519E-03   0.67367E-03
 8203.81   0.86301E-03   0.67279E-03   0.67145E-03
 8217.42   0.85958E-03   0.66984E-03   0.66869E-03
 8231.02   0.85935E-03   0.66939E-03   0.66842E-03
 8244.63   0.85589E-03   0.66643E-03   0.66564E-03
 8258.23   0.85298E-03   0.66391E-03   0.66331E-03
 8271.84   0.85014E-03   0.66144E-03   0.66102E-03
 8285.44   0.84732E-03   0.65899E-03   0.65876E-03
 8299.05   0.84453E-03   0.65657E-03   0.65652E-03
 8312.65   0.84179E-03   0.65420E-03   0.65433E-03
 8326.26   0.83911E-03   0.65188E-03   0.65219E-03
 8339.86   0.83651E-03   0.64962E-03   0.65011E-03
 8353.47   0.83397E-03   0.64742E-03   0.64808E-03
 8367.07   0.83148E-03   0.64526E-03   0.64610E-03
 8380.68   0.82900E-03   0.64312E-03   0.64414E-03
 8394.28   0.82639E-03   0.64087E-03   0.64207E-03
 8407.89   0.82438E-03   0.63910E-03   0.64047E-03
 8421.49   0.82179E-03   0.63688E-03   0.63843E-03
 8435.10   0.81923E-03   0.63469E-03   0.63641E-03
 8448.70   0.81664E-03   0.63248E-03   0.63437E-03
 8462.31   0.81400E-03   0.63024E-03   0.63230E-03
 8475.91   0.81133E-03   0.62798E-03   0.63021E-03
 8489.52   0.80865E-03   0.62572E-03   0.62812E-03
 8503.12   0.80599E-03   0.62348E-03   0.62605E-03
 8516.73   0.80336E-03   0.62127E-03   0.62401E-03
 8530.33   0.80080E-03   0.61911E-03   0.62201E-03
 8543.94   0.79830E-03   0.61700E-03   0.62007E-03
 8557.54   0.79585E-03   0.61495E-03   0.61818E-03
 8571.15   0.79343E-03   0.61291E-03   0.61631E-03
 8584.75   0.79123E-03   0.61105E-03   0.61462E-03
 8598.36   0.78886E-03   0.60907E-03   0.61280E-03
 8611.96   0.78651E-03   0.60710E-03   0.61099E-03
 8625.57   0.78413E-03   0.60512E-03   0.60917E-03
 8639.17   0.78171E-03   0.60310E-03   0.60732E-03
 8652.78   0.77922E-03   0.60105E-03   0.60542E-03
 8666.38   0.77669E-03   0.59896E-03   0.60349E-03
 8679.99   0.77412E-03   0.59684E-03   0.60153E-03
 8693.59   0.77152E-03   0.59472E-03   0.59956E-03
 8707.20   0.76893E-03   0.59259E-03   0.59759E-03
 8720.80   0.76634E-03   0.59048E-03   0.59564E-03
 8734.41   0.76376E-03   0.58837E-03   0.59368E-03
 8748.01   0.76093E-03   0.58609E-03   0.59154E-03
 8761.62   0.75905E-03   0.58453E-03   0.59014E-03
 8775.22   0.75733E-03   0.58310E-03   0.58887E-03
 8788.83   0.75491E-03   0.58114E-03   0.58706E-03
 8802.43   0.75261E-03   0.57927E-03   0.58534E-03
 8816.04   0.75034E-03   0.57743E-03   0.58365E-03
 8829.64   0.74804E-03   0.57557E-03   0.58194E-03
 8843.25   0.74570E-03   0.57369E-03   0.58020E-03
 8856.85   0.74330E-03   0.57176E-03   0.57843E-03
 8870.46   0.74085E-03   0.56979E-03   0.57660E-03
 8884.06   0.73833E-03   0.56778E-03   0.57474E-03
 8897.67   0.73575E-03   0.56573E-03   0.57283E-03
 8911.27   0.73308E-03   0.56361E-03   0.57085E-03
 8924.88   0.73008E-03   0.56124E-03   0.56861E-03
 8938.48   0.72805E-03   0.55962E-03   0.56714E-03
 8952.09   0.72758E-03   0.55920E-03   0.56688E-03
 8965.69   0.72469E-03   0.55693E-03   0.56474E-03
 8979.30   0.72225E-03   0.55501E-03   0.56296E-03
 8992.90   0.71997E-03   0.55321E-03   0.56129E-03
 9006.51   0.71775E-03   0.55146E-03   0.55969E-03
 9020.11   0.71555E-03   0.54973E-03   0.55810E-03
 9033.72   0.71334E-03   0.54800E-03   0.55650E-03
 9047.32   0.71109E-03   0.54624E-03   0.55487E-03
 9060.93   0.70877E-03   0.54443E-03   0.55320E-03
 9074.53   0.70636E-03   0.54256E-03   0.55146E-03
 9088.14   0.70383E-03   0.54059E-03   0.54962E-03
 9101.74   0.70102E-03   0.53842E-03   0.54757E-03
 9115.35   0.69658E-03   0.53500E-03   0.54425E-03
 9128.95   0.70055E-03   0.53803E-03   0.54750E-03
 9142.56   0.69599E-03   0.53452E-03   0.54409E-03
 9156.16   0.69324E-03   0.53241E-03   0.54210E-03
 9169.77   0.69081E-03   0.53054E-03   0.54035E-03
 9183.37   0.68852E-03   0.52878E-03   0.53872E-03
 9196.98   0.68632E-03   0.52710E-03   0.53717E-03
 9210.58   0.68417E-03   0.52546E-03   0.53566E-03
 9224.19   0.68205E-03   0.52385E-03   0.53417E-03
 9237.79   0.67993E-03   0.52224E-03   0.53268E-03
 9251.40   0.67777E-03   0.52059E-03   0.53116E-03
 9265.00   0.67552E-03   0.51889E-03   0.52958E-03
 9278.61   0.67311E-03   0.51707E-03   0.52788E-03
 9292.21   0.67026E-03   0.51490E-03   0.52582E-03
 9305.82   0.66798E-03   0.51319E-03   0.52423E-03
 9319.42   0.66874E-03   0.51381E-03   0.52501E-03
 9333.03   0.66550E-03   0.51136E-03   0.52266E-03
 9346.63   0.66291E-03   0.50942E-03   0.52083E-03
 9360.24   0.66051E-03   0.50762E-03   0.51914E-03
 9373.84   0.65822E-03   0.50590E-03   0.51754E-03
 9387.45   0.65601E-03   0.50426E-03   0.51601E-03
 9401.05   0.65388E-03   0.50268E-03   0.51455E-03
 9414.66   0.65180E-03   0.50114E-03   0.51312E-03
 9428.26   0.64977E-03   0.49964E-03   0.51173E-03
 9441.87   0.64774E-03   0.49814E-03   0.51035E-03
 9455.47   0.64567E-03   0.49662E-03   0.50894E-03
 9469.08   0.64349E-03   0.49501E-03   0.50745E-03
 9482.68   0.64088E-03   0.49308E-03   0.50561E-03
 9496.29   0.63860E-03   0.49141E-03   0.50405E-03
 9509.89   0.63854E-03   0.49144E-03   0.50423E-03
 9523.50   0.63595E-03   0.48953E-03   0.50241E-03
 9537.10   0.63359E-03   0.48780E-03   0.50078E-03
 9550.71   0.63129E-03   0.48612E-03   0.49921E-03
 9564.31   0.62903E-03   0.48447E-03   0.49766E-03
 9577.92   0.62682E-03   0.48287E-03   0.49616E-03
 9591.52   0.62467E-03   0.48131E-03   0.49471E-03
 9605.13   0.62259E-03   0.47981E-03   0.49331E-03
 9618.73   0.62057E-03   0.47836E-03   0.49196E-03
 9632.34   0.61860E-03   0.47695E-03   0.49065E-03
 9645.94   0.61666E-03   0.47557E-03   0.48937E-03
 9659.55   0.61472E-03   0.47418E-03   0.48808E-03
 9673.15   0.61262E-03   0.47267E-03   0.48668E-03
 9686.76   0.61046E-03   0.47113E-03   0.48523E-03
 9700.36   0.60933E-03   0.47038E-03   0.48460E-03
 9713.97   0.60722E-03   0.46888E-03   0.48319E-03
 9727.57   0.60512E-03   0.46739E-03   0.48179E-03
 9741.18   0.60300E-03   0.46588E-03   0.48038E-03
 9754.78   0.60085E-03   0.46435E-03   0.47894E-03
 9768.39   0.59870E-03   0.46283E-03   0.47751E-03
 9781.99   0.59656E-03   0.46131E-03   0.47609E-03
 9795.60   0.59446E-03   0.45983E-03   0.47469E-03
 9809.20   0.59241E-03   0.45839E-03   0.47334E-03
 9822.81   0.59041E-03   0.45699E-03   0.47203E-03
 9836.41   0.58848E-03   0.45565E-03   0.47078E-03
 9850.02   0.58661E-03   0.45435E-03   0.46957E-03
 9863.62   0.58477E-03   0.45308E-03   0.46840E-03
 9877.23   0.58295E-03   0.45183E-03   0.46724E-03
 9890.83   0.58114E-03   0.45059E-03   0.46609E-03
 9904.44   0.57931E-03   0.44934E-03   0.46492E-03
 9918.04   0.57744E-03   0.44805E-03   0.46373E-03
 9931.65   0.57553E-03   0.44673E-03   0.46250E-03
 9945.25   0.57356E-03   0.44538E-03   0.46122E-03
 9958.86   0.57154E-03   0.44399E-03   0.45991E-03
 9972.46   0.56949E-03   0.44257E-03   0.45858E-03
 9986.07   0.56742E-03   0.44114E-03   0.45723E-03
 9999.67   0.56535E-03   0.43971E-03   0.45588E-03
