 3945.45   0.87734E-02   0.86925E-02   0.87442E-02
 3959.05   0.87431E-02   0.86645E-02   0.87161E-02
 3972.66   0.87129E-02   0.86366E-02   0.86880E-02
 3986.26   0.86828E-02   0.86088E-02   0.86600E-02
 3999.87   0.86529E-02   0.85812E-02   0.86322E-02
 4013.47   0.86233E-02   0.85540E-02   0.86047E-02
 4027.08   0.85942E-02   0.85272E-02   0.85777E-02
 4040.68   0.85655E-02   0.85007E-02   0.85511E-02
 4054.29   0.85370E-02   0.84745E-02   0.85246E-02
 4067.89   0.85087E-02   0.84485E-02   0.84985E-02
 4081.50   0.84803E-02   0.84224E-02   0.84721E-02
 4095.10   0.84517E-02   0.83961E-02   0.84456E-02
 4108.71   0.84230E-02   0.83696E-02   0.84189E-02
 4122.31   0.83942E-02   0.83431E-02   0.83922E-02
 4135.92   0.83656E-02   0.83166E-02   0.83655E-02
 4149.52   0.83371E-02   0.82904E-02   0.83391E-02
 4163.13   0.83090E-02   0.82645E-02   0.83130E-02
 4176.73   0.82816E-02   0.82393E-02   0.82876E-02
 4190.34   0.82549E-02   0.82149E-02   0.82629E-02
 4203.94   0.82277E-02   0.81899E-02   0.82377E-02
 4217.55   0.82006E-02   0.81650E-02   0.82126E-02
 4231.15   0.81734E-02   0.81400E-02   0.81873E-02
 4244.76   0.81460E-02   0.81148E-02   0.81619E-02
 4258.36   0.81185E-02   0.80894E-02   0.81363E-02
 4271.97   0.80909E-02   0.80640E-02   0.81106E-02
 4285.57   0.80631E-02   0.80383E-02   0.80848E-02
 4299.18   0.80359E-02   0.80134E-02   0.80596E-02
 4312.78   0.80127E-02   0.79922E-02   0.80382E-02
 4326.39   0.79853E-02   0.79670E-02   0.80128E-02
 4339.99   0.79591E-02   0.79429E-02   0.79884E-02
 4353.60   0.79332E-02   0.79191E-02   0.79644E-02
 4367.20   0.79073E-02   0.78954E-02   0.79404E-02
 4380.81   0.78812E-02   0.78714E-02   0.79162E-02
 4394.41   0.78549E-02   0.78472E-02   0.78917E-02
 4408.02   0.78282E-02   0.78225E-02   0.78668E-02
 4421.62   0.77997E-02   0.77961E-02   0.78401E-02
 4435.23   0.77848E-02   0.77833E-02   0.78271E-02
 4448.83   0.77537E-02   0.77543E-02   0.77978E-02
 4462.44   0.77276E-02   0.77302E-02   0.77735E-02
 4476.04   0.77023E-02   0.77070E-02   0.77501E-02
 4489.65   0.76775E-02   0.76842E-02   0.77270E-02
 4503.25   0.76528E-02   0.76615E-02   0.77041E-02
 4516.86   0.76280E-02   0.76388E-02   0.76811E-02
 4530.46   0.76030E-02   0.76157E-02   0.76578E-02
 4544.07   0.75771E-02   0.75918E-02   0.76336E-02
 4557.67   0.75505E-02   0.75672E-02   0.76087E-02
 4571.28   0.75328E-02   0.75516E-02   0.75929E-02
 4584.88   0.75062E-02   0.75269E-02   0.75680E-02
 4598.49   0.74812E-02   0.75038E-02   0.75446E-02
 4612.09   0.74568E-02   0.74814E-02   0.75219E-02
 4625.70   0.74328E-02   0.74594E-02   0.74996E-02
 4639.30   0.74092E-02   0.74377E-02   0.74777E-02
 4652.91   0.73857E-02   0.74162E-02   0.74559E-02
 4666.51   0.73620E-02   0.73944E-02   0.74338E-02
 4680.12   0.73372E-02   0.73715E-02   0.74107E-02
 4693.72   0.73098E-02   0.73460E-02   0.73849E-02
 4707.33   0.72940E-02   0.73322E-02   0.73708E-02
 4720.93   0.72695E-02   0.73095E-02   0.73478E-02
 4734.54   0.72455E-02   0.72874E-02   0.73255E-02
 4748.14   0.72220E-02   0.72657E-02   0.73035E-02
 4761.75   0.71988E-02   0.72444E-02   0.72819E-02
 4775.35   0.71760E-02   0.72235E-02   0.72607E-02
 4788.96   0.71536E-02   0.72029E-02   0.72398E-02
 4802.56   0.71312E-02   0.71824E-02   0.72190E-02
 4816.17   0.71083E-02   0.71613E-02   0.71977E-02
 4829.77   0.70894E-02   0.71441E-02   0.71803E-02
 4843.38   0.70657E-02   0.71222E-02   0.71581E-02
 4856.98   0.70429E-02   0.71012E-02   0.71368E-02
 4870.59   0.70202E-02   0.70803E-02   0.71156E-02
 4884.19   0.69975E-02   0.70594E-02   0.70944E-02
 4897.80   0.69751E-02   0.70387E-02   0.70734E-02
 4911.40   0.69530E-02   0.70183E-02   0.70528E-02
 4925.01   0.69312E-02   0.69984E-02   0.70325E-02
 4938.61   0.69099E-02   0.69787E-02   0.70126E-02
 4952.22   0.68887E-02   0.69593E-02   0.69929E-02
 4965.82   0.68678E-02   0.69401E-02   0.69734E-02
 4979.43   0.68468E-02   0.69208E-02   0.69538E-02
 4993.03   0.68257E-02   0.69013E-02   0.69340E-02
 5006.64   0.68043E-02   0.68817E-02   0.69141E-02
 5020.24   0.67828E-02   0.68618E-02   0.68940E-02
 5033.85   0.67613E-02   0.68419E-02   0.68738E-02
 5047.45   0.67398E-02   0.68221E-02   0.68536E-02
 5061.06   0.67185E-02   0.68025E-02   0.68337E-02
 5074.66   0.66975E-02   0.67831E-02   0.68140E-02
 5088.27   0.66766E-02   0.67638E-02   0.67944E-02
 5101.87   0.66580E-02   0.67468E-02   0.67771E-02
 5115.48   0.66374E-02   0.67278E-02   0.67578E-02
 5129.08   0.66174E-02   0.67094E-02   0.67391E-02
 5142.69   0.65973E-02   0.66909E-02   0.67204E-02
 5156.29   0.65771E-02   0.66723E-02   0.67014E-02
 5169.90   0.65568E-02   0.66535E-02   0.66823E-02
 5183.50   0.65362E-02   0.66345E-02   0.66630E-02
 5197.11   0.65155E-02   0.66153E-02   0.66435E-02
 5210.71   0.64948E-02   0.65961E-02   0.66240E-02
 5224.32   0.64734E-02   0.65762E-02   0.66038E-02
 5237.92   0.64531E-02   0.65574E-02   0.65846E-02
 5251.53   0.64378E-02   0.65436E-02   0.65706E-02
 5265.13   0.64180E-02   0.65253E-02   0.65520E-02
 5278.74   0.63988E-02   0.65076E-02   0.65340E-02
 5292.34   0.63798E-02   0.64901E-02   0.65161E-02
 5305.95   0.63607E-02   0.64724E-02   0.64982E-02
 5319.55   0.63414E-02   0.64545E-02   0.64800E-02
 5333.16   0.63218E-02   0.64364E-02   0.64615E-02
 5346.76   0.63018E-02   0.64178E-02   0.64426E-02
 5360.37   0.62810E-02   0.63983E-02   0.64228E-02
 5373.97   0.62608E-02   0.63796E-02   0.64038E-02
 5387.58   0.62487E-02   0.63690E-02   0.63929E-02
 5401.18   0.62281E-02   0.63497E-02   0.63733E-02
 5414.79   0.62090E-02   0.63320E-02   0.63553E-02
 5428.39   0.61906E-02   0.63149E-02   0.63378E-02
 5442.00   0.61724E-02   0.62981E-02   0.63207E-02
 5455.60   0.61543E-02   0.62813E-02   0.63036E-02
 5469.21   0.61361E-02   0.62644E-02   0.62864E-02
 5482.81   0.61175E-02   0.62472E-02   0.62689E-02
 5496.42   0.60983E-02   0.62292E-02   0.62506E-02
 5510.02   0.60758E-02   0.62079E-02   0.62289E-02
 5523.63   0.60720E-02   0.62057E-02   0.62265E-02
 5537.23   0.60476E-02   0.61824E-02   0.62029E-02
 5550.84   0.60283E-02   0.61644E-02   0.61845E-02
 5564.44   0.60099E-02   0.61472E-02   0.61670E-02
 5578.05   0.59921E-02   0.61306E-02   0.61501E-02
 5591.65   0.59746E-02   0.61144E-02   0.61336E-02
 5605.26   0.59574E-02   0.60984E-02   0.61172E-02
 5618.86   0.59402E-02   0.60824E-02   0.61010E-02
 5632.47   0.59228E-02   0.60662E-02   0.60844E-02
 5646.07   0.59046E-02   0.60491E-02   0.60670E-02
 5659.68   0.58858E-02   0.60314E-02   0.60490E-02
 5673.28   0.58755E-02   0.60226E-02   0.60398E-02
 5686.89   0.58560E-02   0.60041E-02   0.60211E-02
 5700.49   0.58379E-02   0.59871E-02   0.60037E-02
 5714.10   0.58202E-02   0.59706E-02   0.59869E-02
 5727.70   0.58030E-02   0.59544E-02   0.59704E-02
 5741.31   0.57861E-02   0.59386E-02   0.59543E-02
 5754.91   0.57695E-02   0.59232E-02   0.59385E-02
 5768.52   0.57532E-02   0.59080E-02   0.59230E-02
 5782.12   0.57370E-02   0.58928E-02   0.59075E-02
 5795.73   0.57202E-02   0.58771E-02   0.58915E-02
 5809.33   0.57025E-02   0.58604E-02   0.58744E-02
 5822.94   0.56903E-02   0.58494E-02   0.58631E-02
 5836.54   0.56733E-02   0.58333E-02   0.58467E-02
 5850.15   0.56564E-02   0.58175E-02   0.58305E-02
 5863.75   0.56396E-02   0.58016E-02   0.58144E-02
 5877.36   0.56229E-02   0.57860E-02   0.57984E-02
 5890.96   0.56065E-02   0.57705E-02   0.57826E-02
 5904.57   0.55904E-02   0.57554E-02   0.57672E-02
 5918.17   0.55747E-02   0.57406E-02   0.57521E-02
 5931.78   0.55592E-02   0.57262E-02   0.57373E-02
 5945.38   0.55440E-02   0.57119E-02   0.57227E-02
 5958.99   0.55283E-02   0.56971E-02   0.57076E-02
 5972.59   0.55140E-02   0.56837E-02   0.56939E-02
 5986.20   0.54986E-02   0.56693E-02   0.56792E-02
 5999.80   0.54831E-02   0.56547E-02   0.56642E-02
 6013.41   0.54674E-02   0.56399E-02   0.56491E-02
 6027.01   0.54516E-02   0.56249E-02   0.56338E-02
 6040.62   0.54357E-02   0.56099E-02   0.56184E-02
 6054.22   0.54200E-02   0.55950E-02   0.56032E-02
 6067.83   0.54045E-02   0.55804E-02   0.55883E-02
 6081.43   0.53893E-02   0.55660E-02   0.55736E-02
 6095.04   0.53743E-02   0.55519E-02   0.55591E-02
 6108.64   0.53603E-02   0.55387E-02   0.55456E-02
 6122.25   0.53461E-02   0.55253E-02   0.55320E-02
 6135.85   0.53318E-02   0.55118E-02   0.55181E-02
 6149.46   0.53174E-02   0.54982E-02   0.55041E-02
 6163.06   0.53028E-02   0.54844E-02   0.54901E-02
 6176.67   0.52881E-02   0.54704E-02   0.54757E-02
 6190.27   0.52731E-02   0.54561E-02   0.54612E-02
 6203.88   0.52580E-02   0.54417E-02   0.54464E-02
 6217.48   0.52428E-02   0.54273E-02   0.54316E-02
 6231.09   0.52276E-02   0.54128E-02   0.54168E-02
 6244.69   0.52120E-02   0.53979E-02   0.54016E-02
 6258.30   0.51982E-02   0.53848E-02   0.53882E-02
 6271.90   0.51874E-02   0.53748E-02   0.53779E-02
 6285.51   0.51729E-02   0.53609E-02   0.53636E-02
 6299.11   0.51590E-02   0.53477E-02   0.53502E-02
 6312.72   0.51454E-02   0.53347E-02   0.53369E-02
 6326.32   0.51317E-02   0.53217E-02   0.53235E-02
 6339.93   0.51179E-02   0.53085E-02   0.53100E-02
 6353.53   0.51038E-02   0.52950E-02   0.52961E-02
 6367.14   0.50894E-02   0.52812E-02   0.52820E-02
 6380.74   0.50746E-02   0.52670E-02   0.52675E-02
 6394.35   0.50590E-02   0.52519E-02   0.52521E-02
 6407.95   0.50449E-02   0.52384E-02   0.52383E-02
 6421.56   0.50390E-02   0.52333E-02   0.52329E-02
 6435.16   0.50225E-02   0.52173E-02   0.52165E-02
 6448.77   0.50085E-02   0.52038E-02   0.52027E-02
 6462.37   0.49952E-02   0.51910E-02   0.51896E-02
 6475.98   0.49822E-02   0.51785E-02   0.51768E-02
 6489.58   0.49693E-02   0.51661E-02   0.51641E-02
 6503.19   0.49563E-02   0.51537E-02   0.51513E-02
 6516.79   0.49430E-02   0.51409E-02   0.51383E-02
 6530.40   0.49294E-02   0.51278E-02   0.51248E-02
 6544.00   0.49150E-02   0.51138E-02   0.51105E-02
 6557.61   0.48975E-02   0.50965E-02   0.50929E-02
 6571.21   0.48814E-02   0.50808E-02   0.50769E-02
 6584.82   0.48809E-02   0.50812E-02   0.50770E-02
 6598.42   0.48661E-02   0.50668E-02   0.50623E-02
 6612.03   0.48526E-02   0.50536E-02   0.50488E-02
 6625.63   0.48397E-02   0.50411E-02   0.50359E-02
 6639.24   0.48271E-02   0.50290E-02   0.50235E-02
 6652.84   0.48149E-02   0.50171E-02   0.50113E-02
 6666.45   0.48027E-02   0.50053E-02   0.49992E-02
 6680.05   0.47904E-02   0.49934E-02   0.49870E-02
 6693.66   0.47777E-02   0.49811E-02   0.49743E-02
 6707.26   0.47639E-02   0.49676E-02   0.49606E-02
 6720.87   0.47503E-02   0.49542E-02   0.49468E-02
 6734.47   0.47472E-02   0.49519E-02   0.49442E-02
 6748.08   0.47314E-02   0.49362E-02   0.49282E-02
 6761.68   0.47178E-02   0.49228E-02   0.49146E-02
 6775.29   0.47048E-02   0.49101E-02   0.49015E-02
 6788.89   0.46922E-02   0.48978E-02   0.48889E-02
 6802.50   0.46800E-02   0.48859E-02   0.48767E-02
 6816.10   0.46682E-02   0.48743E-02   0.48648E-02
 6829.71   0.46566E-02   0.48630E-02   0.48532E-02
 6843.31   0.46451E-02   0.48518E-02   0.48417E-02
 6856.92   0.46335E-02   0.48405E-02   0.48300E-02
 6870.52   0.46211E-02   0.48282E-02   0.48175E-02
 6884.13   0.46080E-02   0.48153E-02   0.48042E-02
 6897.73   0.46021E-02   0.48099E-02   0.47985E-02
 6911.34   0.45893E-02   0.47971E-02   0.47855E-02
 6924.94   0.45769E-02   0.47849E-02   0.47729E-02
 6938.55   0.45646E-02   0.47727E-02   0.47605E-02
 6952.15   0.45525E-02   0.47608E-02   0.47482E-02
 6965.76   0.45406E-02   0.47490E-02   0.47362E-02
 6979.36   0.45290E-02   0.47376E-02   0.47244E-02
 6992.97   0.45177E-02   0.47265E-02   0.47130E-02
 7006.57   0.45068E-02   0.47157E-02   0.47019E-02
 7020.18   0.44961E-02   0.47051E-02   0.46910E-02
 7033.78   0.44853E-02   0.46944E-02   0.46801E-02
 7047.39   0.44738E-02   0.46830E-02   0.46684E-02
 7060.99   0.44649E-02   0.46743E-02   0.46593E-02
 7074.60   0.44539E-02   0.46634E-02   0.46482E-02
 7088.20   0.44428E-02   0.46523E-02   0.46368E-02
 7101.81   0.44315E-02   0.46410E-02   0.46252E-02
 7115.41   0.44200E-02   0.46296E-02   0.46135E-02
 7129.02   0.44086E-02   0.46182E-02   0.46018E-02
 7142.62   0.43972E-02   0.46069E-02   0.45902E-02
 7156.23   0.43861E-02   0.45957E-02   0.45788E-02
 7169.83   0.43753E-02   0.45849E-02   0.45677E-02
 7183.44   0.43648E-02   0.45744E-02   0.45569E-02
 7197.04   0.43545E-02   0.45641E-02   0.45463E-02
 7210.65   0.43449E-02   0.45546E-02   0.45365E-02
 7224.25   0.43349E-02   0.45446E-02   0.45262E-02
 7237.86   0.43250E-02   0.45347E-02   0.45160E-02
 7251.46   0.43150E-02   0.45246E-02   0.45056E-02
 7265.07   0.43047E-02   0.45143E-02   0.44950E-02
 7278.67   0.42942E-02   0.45037E-02   0.44842E-02
 7292.28   0.42835E-02   0.44929E-02   0.44731E-02
 7305.88   0.42727E-02   0.44820E-02   0.44619E-02
 7319.49   0.42618E-02   0.44709E-02   0.44505E-02
 7333.09   0.42509E-02   0.44599E-02   0.44393E-02
 7346.70   0.42401E-02   0.44490E-02   0.44280E-02
 7360.30   0.42288E-02   0.44376E-02   0.44163E-02
 7373.91   0.42201E-02   0.44287E-02   0.44072E-02
 7387.51   0.42129E-02   0.44215E-02   0.43997E-02
 7401.12   0.42028E-02   0.44113E-02   0.43892E-02
 7414.72   0.41933E-02   0.44016E-02   0.43793E-02
 7428.33   0.41838E-02   0.43920E-02   0.43694E-02
 7441.93   0.41743E-02   0.43824E-02   0.43594E-02
 7455.54   0.41646E-02   0.43724E-02   0.43493E-02
 7469.14   0.41546E-02   0.43622E-02   0.43388E-02
 7482.75   0.41443E-02   0.43517E-02   0.43280E-02
 7496.35   0.41338E-02   0.43409E-02   0.43170E-02
 7509.96   0.41229E-02   0.43298E-02   0.43055E-02
 7523.56   0.41109E-02   0.43175E-02   0.42930E-02
 7537.17   0.41018E-02   0.43081E-02   0.42833E-02
 7550.77   0.40998E-02   0.43063E-02   0.42812E-02
 7564.38   0.40879E-02   0.42940E-02   0.42686E-02
 7577.98   0.40780E-02   0.42838E-02   0.42582E-02
 7591.59   0.40688E-02   0.42743E-02   0.42485E-02
 7605.19   0.40598E-02   0.42651E-02   0.42390E-02
 7618.80   0.40509E-02   0.42559E-02   0.42295E-02
 7632.40   0.40419E-02   0.42466E-02   0.42200E-02
 7646.01   0.40327E-02   0.42371E-02   0.42102E-02
 7659.61   0.40231E-02   0.42271E-02   0.42000E-02
 7673.22   0.40129E-02   0.42166E-02   0.41892E-02
 7686.82   0.40018E-02   0.42050E-02   0.41773E-02
 7700.43   0.39843E-02   0.41868E-02   0.41590E-02
 7714.03   0.39983E-02   0.42016E-02   0.41733E-02
 7727.64   0.39808E-02   0.41833E-02   0.41548E-02
 7741.24   0.39699E-02   0.41720E-02   0.41432E-02
 7754.85   0.39603E-02   0.41619E-02   0.41329E-02
 7768.45   0.39513E-02   0.41525E-02   0.41233E-02
 7782.06   0.39426E-02   0.41435E-02   0.41140E-02
 7795.66   0.39342E-02   0.41347E-02   0.41050E-02
 7809.27   0.39258E-02   0.41259E-02   0.40959E-02
 7822.87   0.39174E-02   0.41170E-02   0.40868E-02
 7836.48   0.39085E-02   0.41078E-02   0.40773E-02
 7850.08   0.38991E-02   0.40978E-02   0.40671E-02
 7863.69   0.38876E-02   0.40858E-02   0.40548E-02
 7877.29   0.38777E-02   0.40754E-02   0.40442E-02
 7890.90   0.38807E-02   0.40785E-02   0.40470E-02
 7904.50   0.38686E-02   0.40657E-02   0.40340E-02
 7918.11   0.38586E-02   0.40552E-02   0.40232E-02
 7931.71   0.38492E-02   0.40453E-02   0.40131E-02
 7945.32   0.38404E-02   0.40359E-02   0.40035E-02
 7958.92   0.38319E-02   0.40270E-02   0.39943E-02
 7972.53   0.38238E-02   0.40183E-02   0.39854E-02
 7986.13   0.38159E-02   0.40099E-02   0.39768E-02
 7999.74   0.38081E-02   0.40016E-02   0.39682E-02
 8013.34   0.38001E-02   0.39932E-02   0.39596E-02
 8026.95   0.37917E-02   0.39842E-02   0.39503E-02
 8040.55   0.37808E-02   0.39726E-02   0.39386E-02
 8054.16   0.37707E-02   0.39619E-02   0.39276E-02
 8067.76   0.37721E-02   0.39632E-02   0.39286E-02
 8081.37   0.37625E-02   0.39529E-02   0.39181E-02
 8094.97   0.37534E-02   0.39432E-02   0.39081E-02
 8108.58   0.37445E-02   0.39337E-02   0.38984E-02
 8122.18   0.37359E-02   0.39244E-02   0.38890E-02
 8135.79   0.37275E-02   0.39154E-02   0.38798E-02
 8149.39   0.37195E-02   0.39068E-02   0.38709E-02
 8163.00   0.37118E-02   0.38985E-02   0.38624E-02
 8176.60   0.37044E-02   0.38904E-02   0.38541E-02
 8190.21   0.36971E-02   0.38826E-02   0.38460E-02
 8203.81   0.36898E-02   0.38747E-02   0.38378E-02
 8217.42   0.36813E-02   0.38655E-02   0.38285E-02
 8231.02   0.36782E-02   0.38620E-02   0.38247E-02
 8244.63   0.36696E-02   0.38526E-02   0.38151E-02
 8258.23   0.36617E-02   0.38440E-02   0.38063E-02
 8271.84   0.36537E-02   0.38354E-02   0.37975E-02
 8285.44   0.36456E-02   0.38266E-02   0.37884E-02
 8299.05   0.36374E-02   0.38177E-02   0.37793E-02
 8312.65   0.36293E-02   0.38088E-02   0.37703E-02
 8326.26   0.36213E-02   0.38001E-02   0.37614E-02
 8339.86   0.36136E-02   0.37916E-02   0.37527E-02
 8353.47   0.36062E-02   0.37835E-02   0.37443E-02
 8367.07   0.35991E-02   0.37757E-02   0.37363E-02
 8380.68   0.35922E-02   0.37681E-02   0.37286E-02
 8394.28   0.35856E-02   0.37608E-02   0.37210E-02
 8407.89   0.35791E-02   0.37535E-02   0.37136E-02
 8421.49   0.35725E-02   0.37463E-02   0.37061E-02
 8435.10   0.35658E-02   0.37389E-02   0.36985E-02
 8448.70   0.35589E-02   0.37312E-02   0.36906E-02
 8462.31   0.35518E-02   0.37233E-02   0.36825E-02
 8475.91   0.35444E-02   0.37151E-02   0.36741E-02
 8489.52   0.35368E-02   0.37067E-02   0.36655E-02
 8503.12   0.35291E-02   0.36981E-02   0.36568E-02
 8516.73   0.35214E-02   0.36896E-02   0.36480E-02
 8530.33   0.35138E-02   0.36812E-02   0.36394E-02
 8543.94   0.35063E-02   0.36729E-02   0.36309E-02
 8557.54   0.34990E-02   0.36647E-02   0.36225E-02
 8571.15   0.34904E-02   0.36552E-02   0.36129E-02
 8584.75   0.34894E-02   0.36537E-02   0.36111E-02
 8598.36   0.34815E-02   0.36448E-02   0.36021E-02
 8611.96   0.34750E-02   0.36376E-02   0.35947E-02
 8625.57   0.34688E-02   0.36305E-02   0.35874E-02
 8639.17   0.34625E-02   0.36233E-02   0.35800E-02
 8652.78   0.34560E-02   0.36160E-02   0.35725E-02
 8666.38   0.34492E-02   0.36083E-02   0.35647E-02
 8679.99   0.34422E-02   0.36004E-02   0.35566E-02
 8693.59   0.34349E-02   0.35922E-02   0.35482E-02
 8707.20   0.34274E-02   0.35837E-02   0.35396E-02
 8720.80   0.34197E-02   0.35751E-02   0.35308E-02
 8734.41   0.34116E-02   0.35660E-02   0.35215E-02
 8748.01   0.34009E-02   0.35542E-02   0.35096E-02
 8761.62   0.33970E-02   0.35495E-02   0.35047E-02
 8775.22   0.33975E-02   0.35494E-02   0.35044E-02
 8788.83   0.33900E-02   0.35409E-02   0.34957E-02
 8802.43   0.33836E-02   0.35336E-02   0.34882E-02
 8816.04   0.33776E-02   0.35266E-02   0.34811E-02
 8829.64   0.33717E-02   0.35198E-02   0.34741E-02
 8843.25   0.33657E-02   0.35129E-02   0.34670E-02
 8856.85   0.33596E-02   0.35059E-02   0.34598E-02
 8870.46   0.33532E-02   0.34985E-02   0.34522E-02
 8884.06   0.33464E-02   0.34907E-02   0.34443E-02
 8897.67   0.33391E-02   0.34824E-02   0.34359E-02
 8911.27   0.33311E-02   0.34734E-02   0.34267E-02
 8924.88   0.33209E-02   0.34619E-02   0.34152E-02
 8938.48   0.33155E-02   0.34556E-02   0.34087E-02
 8952.09   0.33216E-02   0.34612E-02   0.34140E-02
 8965.69   0.33115E-02   0.34499E-02   0.34025E-02
 8979.30   0.33041E-02   0.34415E-02   0.33940E-02
 8992.90   0.32977E-02   0.34340E-02   0.33864E-02
 9006.51   0.32918E-02   0.34271E-02   0.33793E-02
 9020.11   0.32861E-02   0.34204E-02   0.33725E-02
 9033.72   0.32806E-02   0.34139E-02   0.33658E-02
 9047.32   0.32751E-02   0.34073E-02   0.33590E-02
 9060.93   0.32693E-02   0.34005E-02   0.33521E-02
 9074.53   0.32632E-02   0.33933E-02   0.33447E-02
 9088.14   0.32564E-02   0.33854E-02   0.33368E-02
 9101.74   0.32482E-02   0.33761E-02   0.33273E-02
 9115.35   0.32320E-02   0.33584E-02   0.33096E-02
 9128.95   0.32563E-02   0.33828E-02   0.33335E-02
 9142.56   0.32391E-02   0.33641E-02   0.33148E-02
 9156.16   0.32307E-02   0.33545E-02   0.33050E-02
 9169.77   0.32236E-02   0.33462E-02   0.32967E-02
 9183.37   0.32171E-02   0.33387E-02   0.32890E-02
 9196.98   0.32112E-02   0.33316E-02   0.32818E-02
 9210.58   0.32056E-02   0.33250E-02   0.32750E-02
 9224.19   0.32003E-02   0.33186E-02   0.32685E-02
 9237.79   0.31952E-02   0.33123E-02   0.32621E-02
 9251.40   0.31901E-02   0.33061E-02   0.32557E-02
 9265.00   0.31847E-02   0.32996E-02   0.32491E-02
 9278.61   0.31788E-02   0.32925E-02   0.32419E-02
 9292.21   0.31711E-02   0.32837E-02   0.32330E-02
 9305.82   0.31648E-02   0.32762E-02   0.32254E-02
 9319.42   0.31712E-02   0.32819E-02   0.32307E-02
 9333.03   0.31617E-02   0.32711E-02   0.32199E-02
 9346.63   0.31545E-02   0.32627E-02   0.32114E-02
 9360.24   0.31479E-02   0.32549E-02   0.32035E-02
 9373.84   0.31416E-02   0.32474E-02   0.31959E-02
 9387.45   0.31357E-02   0.32402E-02   0.31886E-02
 9401.05   0.31300E-02   0.32334E-02   0.31817E-02
 9414.66   0.31247E-02   0.32269E-02   0.31751E-02
 9428.26   0.31198E-02   0.32208E-02   0.31688E-02
 9441.87   0.31150E-02   0.32148E-02   0.31628E-02
 9455.47   0.31103E-02   0.32089E-02   0.31568E-02
 9469.08   0.31054E-02   0.32028E-02   0.31506E-02
 9482.68   0.30994E-02   0.31957E-02   0.31433E-02
 9496.29   0.30935E-02   0.31885E-02   0.31361E-02
 9509.89   0.30945E-02   0.31885E-02   0.31358E-02
 9523.50   0.30883E-02   0.31811E-02   0.31283E-02
 9537.10   0.30825E-02   0.31740E-02   0.31211E-02
 9550.71   0.30767E-02   0.31669E-02   0.31140E-02
 9564.31   0.30708E-02   0.31598E-02   0.31067E-02
 9577.92   0.30650E-02   0.31527E-02   0.30996E-02
 9591.52   0.30593E-02   0.31458E-02   0.30926E-02
 9605.13   0.30539E-02   0.31391E-02   0.30858E-02
 9618.73   0.30487E-02   0.31327E-02   0.30793E-02
 9632.34   0.30439E-02   0.31266E-02   0.30731E-02
 9645.94   0.30394E-02   0.31209E-02   0.30673E-02
 9659.55   0.30351E-02   0.31153E-02   0.30616E-02
 9673.15   0.30309E-02   0.31099E-02   0.30561E-02
 9686.76   0.30262E-02   0.31039E-02   0.30501E-02
 9700.36   0.30229E-02   0.30994E-02   0.30454E-02
 9713.97   0.30186E-02   0.30938E-02   0.30397E-02
 9727.57   0.30140E-02   0.30879E-02   0.30337E-02
 9741.18   0.30091E-02   0.30818E-02   0.30275E-02
 9754.78   0.30040E-02   0.30753E-02   0.30210E-02
 9768.39   0.29986E-02   0.30687E-02   0.30143E-02
 9781.99   0.29932E-02   0.30619E-02   0.30074E-02
 9795.60   0.29877E-02   0.30552E-02   0.30006E-02
 9809.20   0.29824E-02   0.30485E-02   0.29939E-02
 9822.81   0.29772E-02   0.30420E-02   0.29873E-02
 9836.41   0.29723E-02   0.30358E-02   0.29810E-02
 9850.02   0.29676E-02   0.30298E-02   0.29749E-02
 9863.62   0.29629E-02   0.30237E-02   0.29688E-02
 9877.23   0.29602E-02   0.30198E-02   0.29647E-02
 9890.83   0.29567E-02   0.30149E-02   0.29598E-02
 9904.44   0.29526E-02   0.30096E-02   0.29544E-02
 9918.04   0.29487E-02   0.30043E-02   0.29490E-02
 9931.65   0.29446E-02   0.29989E-02   0.29436E-02
 9945.25   0.29404E-02   0.29933E-02   0.29379E-02
 9958.86   0.29358E-02   0.29875E-02   0.29320E-02
 9972.46   0.29310E-02   0.29813E-02   0.29257E-02
 9986.07   0.29259E-02   0.29748E-02   0.29192E-02
 9999.67   0.29207E-02   0.29682E-02   0.29126E-02
