  639.43   0.44790E+00   0.46123E+00   0.44155E+00
  653.04   0.44189E+00   0.45517E+00   0.43593E+00
  666.64   0.43593E+00   0.44915E+00   0.43033E+00
  680.25   0.43025E+00   0.44341E+00   0.42499E+00
  693.85   0.42430E+00   0.43739E+00   0.41938E+00
  707.46   0.41860E+00   0.43162E+00   0.41399E+00
  721.06   0.41293E+00   0.42589E+00   0.40862E+00
  734.67   0.40744E+00   0.42032E+00   0.40340E+00
  748.27   0.40185E+00   0.41466E+00   0.39808E+00
  761.88   0.39640E+00   0.40914E+00   0.39289E+00
  775.48   0.39104E+00   0.40369E+00   0.38776E+00
  789.09   0.38582E+00   0.39839E+00   0.38276E+00
  802.69   0.38056E+00   0.39305E+00   0.37772E+00
  816.30   0.37542E+00   0.38782E+00   0.37277E+00
  829.90   0.37038E+00   0.38269E+00   0.36792E+00
  843.51   0.36543E+00   0.37765E+00   0.36315E+00
  857.11   0.36050E+00   0.37263E+00   0.35838E+00
  870.72   0.35563E+00   0.36767E+00   0.35367E+00
  884.32   0.35085E+00   0.36279E+00   0.34903E+00
  897.93   0.34617E+00   0.35802E+00   0.34449E+00
  911.53   0.34155E+00   0.35330E+00   0.34000E+00
  925.14   0.33698E+00   0.34863E+00   0.33555E+00
  938.74   0.33247E+00   0.34402E+00   0.33115E+00
  952.35   0.32804E+00   0.33948E+00   0.32682E+00
  965.95   0.32374E+00   0.33509E+00   0.32261E+00
  979.56   0.31947E+00   0.33071E+00   0.31843E+00
  993.16   0.31524E+00   0.32638E+00   0.31428E+00
 1006.77   0.31104E+00   0.32207E+00   0.31015E+00
 1020.37   0.30701E+00   0.31794E+00   0.30620E+00
 1033.98   0.30298E+00   0.31380E+00   0.30222E+00
 1047.58   0.29902E+00   0.30974E+00   0.29833E+00
 1061.19   0.29511E+00   0.30572E+00   0.29447E+00
 1074.79   0.29113E+00   0.30163E+00   0.29053E+00
 1088.40   0.28752E+00   0.29791E+00   0.28696E+00
 1102.00   0.28380E+00   0.29408E+00   0.28328E+00
 1115.61   0.28016E+00   0.29032E+00   0.27966E+00
 1129.21   0.27655E+00   0.28661E+00   0.27609E+00
 1142.82   0.27310E+00   0.28305E+00   0.27266E+00
 1156.42   0.26954E+00   0.27937E+00   0.26912E+00
 1170.03   0.26609E+00   0.27582E+00   0.26568E+00
 1183.63   0.26272E+00   0.27233E+00   0.26232E+00
 1197.24   0.25939E+00   0.26890E+00   0.25901E+00
 1210.84   0.25617E+00   0.26556E+00   0.25579E+00
 1224.45   0.25292E+00   0.26220E+00   0.25254E+00
 1238.05   0.24974E+00   0.25891E+00   0.24936E+00
 1251.66   0.24662E+00   0.25568E+00   0.24624E+00
 1265.26   0.24356E+00   0.25251E+00   0.24318E+00
 1278.87   0.24057E+00   0.24940E+00   0.24017E+00
 1292.47   0.23759E+00   0.24631E+00   0.23718E+00
 1306.08   0.23465E+00   0.24326E+00   0.23423E+00
 1319.68   0.23176E+00   0.24026E+00   0.23133E+00
 1333.29   0.22892E+00   0.23731E+00   0.22847E+00
 1346.89   0.22615E+00   0.23442E+00   0.22567E+00
 1360.50   0.22341E+00   0.23157E+00   0.22291E+00
 1374.10   0.22070E+00   0.22876E+00   0.22018E+00
 1387.71   0.21803E+00   0.22598E+00   0.21749E+00
 1401.31   0.21540E+00   0.22323E+00   0.21483E+00
 1414.92   0.21280E+00   0.22052E+00   0.21220E+00
 1428.52   0.21030E+00   0.21792E+00   0.20967E+00
 1442.13   0.20781E+00   0.21531E+00   0.20715E+00
 1455.73   0.20534E+00   0.21274E+00   0.20465E+00
 1469.34   0.20291E+00   0.21020E+00   0.20218E+00
 1482.94   0.20049E+00   0.20767E+00   0.19973E+00
 1496.55   0.19819E+00   0.20526E+00   0.19739E+00
 1510.15   0.19586E+00   0.20283E+00   0.19503E+00
 1523.76   0.19359E+00   0.20045E+00   0.19272E+00
 1537.36   0.19135E+00   0.19810E+00   0.19044E+00
 1550.97   0.18912E+00   0.19577E+00   0.18818E+00
 1564.57   0.18691E+00   0.19345E+00   0.18592E+00
 1578.18   0.18482E+00   0.19126E+00   0.18380E+00
 1591.78   0.18271E+00   0.18904E+00   0.18164E+00
 1605.39   0.18063E+00   0.18686E+00   0.17952E+00
 1618.99   0.17859E+00   0.18471E+00   0.17743E+00
 1632.60   0.17655E+00   0.18257E+00   0.17536E+00
 1646.20   0.17462E+00   0.18054E+00   0.17339E+00
 1659.81   0.17263E+00   0.17844E+00   0.17135E+00
 1673.41   0.17069E+00   0.17640E+00   0.16936E+00
 1687.02   0.16879E+00   0.17440E+00   0.16742E+00
 1700.62   0.16692E+00   0.17243E+00   0.16551E+00
 1714.23   0.16507E+00   0.17048E+00   0.16361E+00
 1727.83   0.16328E+00   0.16860E+00   0.16178E+00
 1741.44   0.16148E+00   0.16669E+00   0.15992E+00
 1755.04   0.15970E+00   0.16482E+00   0.15811E+00
 1768.65   0.15796E+00   0.16298E+00   0.15632E+00
 1782.25   0.15625E+00   0.16117E+00   0.15456E+00
 1795.86   0.15456E+00   0.15939E+00   0.15283E+00
 1809.46   0.15291E+00   0.15764E+00   0.15113E+00
 1823.07   0.15127E+00   0.15590E+00   0.14944E+00
 1836.67   0.14964E+00   0.15418E+00   0.14777E+00
 1850.28   0.14804E+00   0.15248E+00   0.14612E+00
 1863.88   0.14647E+00   0.15082E+00   0.14450E+00
 1877.49   0.14492E+00   0.14918E+00   0.14291E+00
 1891.09   0.14340E+00   0.14756E+00   0.14134E+00
 1904.70   0.14190E+00   0.14597E+00   0.13979E+00
 1918.30   0.14041E+00   0.14439E+00   0.13826E+00
 1931.91   0.13894E+00   0.14283E+00   0.13675E+00
 1945.51   0.13750E+00   0.14129E+00   0.13525E+00
 1959.12   0.13607E+00   0.13978E+00   0.13378E+00
 1972.72   0.13468E+00   0.13830E+00   0.13235E+00
 1986.33   0.13329E+00   0.13683E+00   0.13091E+00
 1999.93   0.13193E+00   0.13538E+00   0.12951E+00
 2013.54   0.13059E+00   0.13394E+00   0.12811E+00
 2027.14   0.12925E+00   0.13253E+00   0.12674E+00
 2040.75   0.12793E+00   0.13112E+00   0.12537E+00
 2054.35   0.12662E+00   0.12972E+00   0.12402E+00
 2067.96   0.12538E+00   0.12840E+00   0.12273E+00
 2081.56   0.12412E+00   0.12706E+00   0.12143E+00
 2095.17   0.12289E+00   0.12574E+00   0.12015E+00
 2108.77   0.12166E+00   0.12443E+00   0.11888E+00
 2122.38   0.12045E+00   0.12314E+00   0.11763E+00
 2135.98   0.11924E+00   0.12185E+00   0.11638E+00
 2149.59   0.11812E+00   0.12064E+00   0.11521E+00
 2163.19   0.11693E+00   0.11938E+00   0.11398E+00
 2176.80   0.11579E+00   0.11815E+00   0.11280E+00
 2190.40   0.11466E+00   0.11695E+00   0.11163E+00
 2204.01   0.11355E+00   0.11576E+00   0.11048E+00
 2217.61   0.11245E+00   0.11458E+00   0.10933E+00
 2231.22   0.11134E+00   0.11340E+00   0.10819E+00
 2244.82   0.11031E+00   0.11229E+00   0.10711E+00
 2258.43   0.10924E+00   0.11114E+00   0.10600E+00
 2272.03   0.10819E+00   0.11002E+00   0.10492E+00
 2285.64   0.10717E+00   0.10892E+00   0.10385E+00
 2299.24   0.10615E+00   0.10783E+00   0.10280E+00
 2312.85   0.10515E+00   0.10675E+00   0.10176E+00
 2326.45   0.10413E+00   0.10567E+00   0.10070E+00
 2340.06   0.10319E+00   0.10466E+00   0.99727E-01
 2353.66   0.10222E+00   0.10361E+00   0.98717E-01
 2367.27   0.10126E+00   0.10258E+00   0.97723E-01
 2380.87   0.10032E+00   0.10157E+00   0.96745E-01
 2394.48   0.99394E-01   0.10058E+00   0.95782E-01
 2408.08   0.98479E-01   0.99593E-01   0.94832E-01
 2421.69   0.97570E-01   0.98615E-01   0.93887E-01
 2435.29   0.96688E-01   0.97666E-01   0.92971E-01
 2448.90   0.95801E-01   0.96712E-01   0.92050E-01
 2462.50   0.94924E-01   0.95769E-01   0.91139E-01
 2476.11   0.94059E-01   0.94839E-01   0.90241E-01
 2489.71   0.93207E-01   0.93922E-01   0.89356E-01
 2503.32   0.92368E-01   0.93019E-01   0.88485E-01
 2516.92   0.91541E-01   0.92128E-01   0.87625E-01
 2530.53   0.90725E-01   0.91249E-01   0.86777E-01
 2544.13   0.89916E-01   0.90377E-01   0.85937E-01
 2557.74   0.89114E-01   0.89514E-01   0.85104E-01
 2571.34   0.88320E-01   0.88658E-01   0.84279E-01
 2584.95   0.87536E-01   0.87813E-01   0.83465E-01
 2598.55   0.86762E-01   0.86979E-01   0.82662E-01
 2612.16   0.86001E-01   0.86159E-01   0.81872E-01
 2625.76   0.85254E-01   0.85353E-01   0.81096E-01
 2639.37   0.84513E-01   0.84553E-01   0.80326E-01
 2652.97   0.83778E-01   0.83761E-01   0.79564E-01
 2666.58   0.83050E-01   0.82976E-01   0.78808E-01
 2680.18   0.82328E-01   0.82198E-01   0.78059E-01
 2693.79   0.81613E-01   0.81426E-01   0.77317E-01
 2707.39   0.80900E-01   0.80658E-01   0.76578E-01
 2721.00   0.80230E-01   0.79934E-01   0.75882E-01
 2734.60   0.79540E-01   0.79189E-01   0.75166E-01
 2748.21   0.78864E-01   0.78460E-01   0.74466E-01
 2761.81   0.78196E-01   0.77738E-01   0.73773E-01
 2775.42   0.77534E-01   0.77024E-01   0.73086E-01
 2789.02   0.76876E-01   0.76314E-01   0.72405E-01
 2802.63   0.76220E-01   0.75606E-01   0.71726E-01
 2816.23   0.75554E-01   0.74889E-01   0.71038E-01
 2829.84   0.74965E-01   0.74249E-01   0.70424E-01
 2843.44   0.74336E-01   0.73571E-01   0.69773E-01
 2857.05   0.73719E-01   0.72905E-01   0.69135E-01
 2870.65   0.73110E-01   0.72247E-01   0.68504E-01
 2884.26   0.72506E-01   0.71595E-01   0.67880E-01
 2897.86   0.71906E-01   0.70947E-01   0.67259E-01
 2911.47   0.71298E-01   0.70293E-01   0.66632E-01
 2925.07   0.70756E-01   0.69703E-01   0.66067E-01
 2938.68   0.70160E-01   0.69061E-01   0.65453E-01
 2952.28   0.69584E-01   0.68440E-01   0.64859E-01
 2965.89   0.69019E-01   0.67830E-01   0.64275E-01
 2979.49   0.68462E-01   0.67228E-01   0.63699E-01
 2993.10   0.67910E-01   0.66633E-01   0.63130E-01
 3006.70   0.67363E-01   0.66042E-01   0.62565E-01
 3020.31   0.66813E-01   0.65449E-01   0.61998E-01
 3033.91   0.66303E-01   0.64896E-01   0.61470E-01
 3047.52   0.65764E-01   0.64316E-01   0.60916E-01
 3061.12   0.65237E-01   0.63747E-01   0.60373E-01
 3074.73   0.64717E-01   0.63187E-01   0.59838E-01
 3088.33   0.64205E-01   0.62634E-01   0.59311E-01
 3101.94   0.63700E-01   0.62090E-01   0.58791E-01
 3115.54   0.63200E-01   0.61550E-01   0.58276E-01
 3129.15   0.62699E-01   0.61010E-01   0.57762E-01
 3142.75   0.62223E-01   0.60495E-01   0.57271E-01
 3156.36   0.61734E-01   0.59968E-01   0.56768E-01
 3169.96   0.61250E-01   0.59447E-01   0.56272E-01
 3183.57   0.60771E-01   0.58931E-01   0.55781E-01
 3197.17   0.60299E-01   0.58423E-01   0.55297E-01
 3210.78   0.59834E-01   0.57922E-01   0.54820E-01
 3224.38   0.59376E-01   0.57427E-01   0.54349E-01
 3237.99   0.58921E-01   0.56938E-01   0.53883E-01
 3251.59   0.58474E-01   0.56456E-01   0.53425E-01
 3265.20   0.58028E-01   0.55976E-01   0.52969E-01
 3278.80   0.57585E-01   0.55499E-01   0.52515E-01
 3292.41   0.57145E-01   0.55026E-01   0.52066E-01
 3306.01   0.56709E-01   0.54557E-01   0.51621E-01
 3319.62   0.56279E-01   0.54095E-01   0.51181E-01
 3333.22   0.55854E-01   0.53638E-01   0.50748E-01
 3346.83   0.55437E-01   0.53189E-01   0.50322E-01
 3360.43   0.55024E-01   0.52745E-01   0.49901E-01
 3374.04   0.54614E-01   0.52305E-01   0.49483E-01
 3387.64   0.54208E-01   0.51868E-01   0.49069E-01
 3401.25   0.53804E-01   0.51435E-01   0.48658E-01
 3414.85   0.53403E-01   0.51004E-01   0.48250E-01
 3428.46   0.53004E-01   0.50577E-01   0.47845E-01
 3442.06   0.52609E-01   0.50153E-01   0.47444E-01
 3455.67   0.52215E-01   0.49732E-01   0.47045E-01
 3469.27   0.51848E-01   0.49336E-01   0.46670E-01
 3482.88   0.51464E-01   0.48925E-01   0.46281E-01
 3496.48   0.51089E-01   0.48523E-01   0.45900E-01
 3510.09   0.50717E-01   0.48125E-01   0.45524E-01
 3523.69   0.50348E-01   0.47730E-01   0.45150E-01
 3537.30   0.49980E-01   0.47337E-01   0.44779E-01
 3550.90   0.49615E-01   0.46946E-01   0.44410E-01
 3564.51   0.49249E-01   0.46556E-01   0.44041E-01
 3578.11   0.48882E-01   0.46165E-01   0.43672E-01
 3591.72   0.48556E-01   0.45814E-01   0.43340E-01
 3605.32   0.48204E-01   0.45439E-01   0.42986E-01
 3618.93   0.47859E-01   0.45071E-01   0.42639E-01
 3632.53   0.47519E-01   0.44707E-01   0.42296E-01
 3646.14   0.47181E-01   0.44347E-01   0.41956E-01
 3659.74   0.46844E-01   0.43988E-01   0.41618E-01
 3673.35   0.46507E-01   0.43630E-01   0.41280E-01
 3686.95   0.46161E-01   0.43264E-01   0.40935E-01
 3700.56   0.45876E-01   0.42955E-01   0.40644E-01
 3714.16   0.45536E-01   0.42595E-01   0.40306E-01
 3727.77   0.45212E-01   0.42252E-01   0.39982E-01
 3741.37   0.44894E-01   0.41914E-01   0.39664E-01
 3754.98   0.44581E-01   0.41581E-01   0.39351E-01
 3768.58   0.44271E-01   0.41251E-01   0.39041E-01
 3782.19   0.43962E-01   0.40924E-01   0.38733E-01
 3795.79   0.43653E-01   0.40596E-01   0.38425E-01
 3809.40   0.43340E-01   0.40267E-01   0.38115E-01
 3823.00   0.43066E-01   0.39973E-01   0.37839E-01
 3836.61   0.42759E-01   0.39649E-01   0.37535E-01
 3850.21   0.42460E-01   0.39334E-01   0.37238E-01
 3863.82   0.42166E-01   0.39023E-01   0.36947E-01
 3877.42   0.41877E-01   0.38717E-01   0.36660E-01
 3891.03   0.41591E-01   0.38415E-01   0.36376E-01
 3904.63   0.41307E-01   0.38116E-01   0.36096E-01
 3918.24   0.41024E-01   0.37817E-01   0.35816E-01
 3931.84   0.40736E-01   0.37515E-01   0.35532E-01
 3945.45   0.40478E-01   0.37241E-01   0.35275E-01
 3959.05   0.40198E-01   0.36947E-01   0.35000E-01
 3972.66   0.39923E-01   0.36658E-01   0.34729E-01
 3986.26   0.39650E-01   0.36372E-01   0.34461E-01
 3999.87   0.39381E-01   0.36090E-01   0.34197E-01
 4013.47   0.39116E-01   0.35811E-01   0.33936E-01
 4027.08   0.38854E-01   0.35537E-01   0.33679E-01
 4040.68   0.38595E-01   0.35265E-01   0.33424E-01
 4054.29   0.38334E-01   0.34992E-01   0.33169E-01
 4067.89   0.38086E-01   0.34731E-01   0.32926E-01
 4081.50   0.37831E-01   0.34464E-01   0.32676E-01
 4095.10   0.37577E-01   0.34199E-01   0.32429E-01
 4108.71   0.37325E-01   0.33937E-01   0.32183E-01
 4122.31   0.37075E-01   0.33676E-01   0.31939E-01
 4135.92   0.36828E-01   0.33419E-01   0.31699E-01
 4149.52   0.36584E-01   0.33165E-01   0.31462E-01
 4163.13   0.36343E-01   0.32914E-01   0.31228E-01
 4176.73   0.36106E-01   0.32667E-01   0.30998E-01
 4190.34   0.35871E-01   0.32422E-01   0.30769E-01
 4203.94   0.35636E-01   0.32179E-01   0.30542E-01
 4217.55   0.35403E-01   0.31937E-01   0.30317E-01
 4231.15   0.35171E-01   0.31696E-01   0.30092E-01
 4244.76   0.34939E-01   0.31456E-01   0.29868E-01
 4258.36   0.34709E-01   0.31219E-01   0.29647E-01
 4271.97   0.34480E-01   0.30983E-01   0.29427E-01
 4285.57   0.34254E-01   0.30750E-01   0.29210E-01
 4299.18   0.34027E-01   0.30516E-01   0.28992E-01
 4312.78   0.33818E-01   0.30299E-01   0.28790E-01
 4326.39   0.33599E-01   0.30073E-01   0.28580E-01
 4339.99   0.33384E-01   0.29851E-01   0.28374E-01
 4353.60   0.33169E-01   0.29631E-01   0.28168E-01
 4367.20   0.32955E-01   0.29411E-01   0.27964E-01
 4380.81   0.32742E-01   0.29192E-01   0.27760E-01
 4394.41   0.32529E-01   0.28974E-01   0.27558E-01
 4408.02   0.32317E-01   0.28757E-01   0.27356E-01
 4421.62   0.32102E-01   0.28539E-01   0.27153E-01
 4435.23   0.31928E-01   0.28357E-01   0.26984E-01
 4448.83   0.31708E-01   0.28134E-01   0.26777E-01
 4462.44   0.31505E-01   0.27927E-01   0.26585E-01
 4476.04   0.31305E-01   0.27724E-01   0.26396E-01
 4489.65   0.31108E-01   0.27522E-01   0.26209E-01
 4503.25   0.30911E-01   0.27322E-01   0.26023E-01
 4516.86   0.30714E-01   0.27122E-01   0.25837E-01
 4530.46   0.30517E-01   0.26922E-01   0.25652E-01
 4544.07   0.30318E-01   0.26721E-01   0.25465E-01
 4557.67   0.30120E-01   0.26522E-01   0.25280E-01
 4571.28   0.29954E-01   0.26351E-01   0.25122E-01
 4584.88   0.29758E-01   0.26153E-01   0.24939E-01
 4598.49   0.29569E-01   0.25963E-01   0.24762E-01
 4612.09   0.29384E-01   0.25776E-01   0.24589E-01
 4625.70   0.29200E-01   0.25591E-01   0.24418E-01
 4639.30   0.29018E-01   0.25408E-01   0.24248E-01
 4652.91   0.28837E-01   0.25225E-01   0.24079E-01
 4666.51   0.28655E-01   0.25042E-01   0.23910E-01
 4680.12   0.28468E-01   0.24856E-01   0.23737E-01
 4693.72   0.28275E-01   0.24664E-01   0.23559E-01
 4707.33   0.28133E-01   0.24518E-01   0.23424E-01
 4720.93   0.27952E-01   0.24338E-01   0.23258E-01
 4734.54   0.27776E-01   0.24162E-01   0.23095E-01
 4748.14   0.27603E-01   0.23990E-01   0.22935E-01
 4761.75   0.27432E-01   0.23820E-01   0.22778E-01
 4775.35   0.27264E-01   0.23652E-01   0.22623E-01
 4788.96   0.27096E-01   0.23485E-01   0.22469E-01
 4802.56   0.26928E-01   0.23318E-01   0.22315E-01
 4816.17   0.26755E-01   0.23147E-01   0.22156E-01
 4829.77   0.26624E-01   0.23013E-01   0.22034E-01
 4843.38   0.26442E-01   0.22836E-01   0.21869E-01
 4856.98   0.26275E-01   0.22671E-01   0.21717E-01
 4870.59   0.26111E-01   0.22510E-01   0.21568E-01
 4884.19   0.25949E-01   0.22350E-01   0.21421E-01
 4897.80   0.25790E-01   0.22193E-01   0.21275E-01
 4911.40   0.25632E-01   0.22039E-01   0.21133E-01
 4925.01   0.25477E-01   0.21886E-01   0.20991E-01
 4938.61   0.25322E-01   0.21734E-01   0.20851E-01
 4952.22   0.25165E-01   0.21580E-01   0.20710E-01
 4965.82   0.25026E-01   0.21443E-01   0.20583E-01
 4979.43   0.24868E-01   0.21289E-01   0.20441E-01
 4993.03   0.24715E-01   0.21140E-01   0.20303E-01
 5006.64   0.24563E-01   0.20991E-01   0.20166E-01
 5020.24   0.24411E-01   0.20844E-01   0.20031E-01
 5033.85   0.24262E-01   0.20699E-01   0.19896E-01
 5047.45   0.24114E-01   0.20555E-01   0.19764E-01
 5061.06   0.23968E-01   0.20414E-01   0.19634E-01
 5074.66   0.23824E-01   0.20274E-01   0.19505E-01
 5088.27   0.23681E-01   0.20136E-01   0.19378E-01
 5101.87   0.23542E-01   0.20001E-01   0.19253E-01
 5115.48   0.23400E-01   0.19864E-01   0.19127E-01
 5129.08   0.23259E-01   0.19729E-01   0.19002E-01
 5142.69   0.23119E-01   0.19593E-01   0.18878E-01
 5156.29   0.22978E-01   0.19459E-01   0.18753E-01
 5169.90   0.22838E-01   0.19324E-01   0.18630E-01
 5183.50   0.22699E-01   0.19191E-01   0.18507E-01
 5197.11   0.22561E-01   0.19060E-01   0.18386E-01
 5210.71   0.22425E-01   0.18930E-01   0.18266E-01
 5224.32   0.22291E-01   0.18801E-01   0.18148E-01
 5237.92   0.22160E-01   0.18676E-01   0.18033E-01
 5251.53   0.22029E-01   0.18552E-01   0.17918E-01
 5265.13   0.21899E-01   0.18428E-01   0.17804E-01
 5278.74   0.21769E-01   0.18304E-01   0.17690E-01
 5292.34   0.21639E-01   0.18181E-01   0.17577E-01
 5305.95   0.21509E-01   0.18058E-01   0.17464E-01
 5319.55   0.21379E-01   0.17935E-01   0.17350E-01
 5333.16   0.21249E-01   0.17813E-01   0.17238E-01
 5346.76   0.21120E-01   0.17691E-01   0.17126E-01
 5360.37   0.20991E-01   0.17570E-01   0.17015E-01
 5373.97   0.20866E-01   0.17453E-01   0.16907E-01
 5387.58   0.20752E-01   0.17345E-01   0.16807E-01
 5401.18   0.20627E-01   0.17228E-01   0.16700E-01
 5414.79   0.20505E-01   0.17113E-01   0.16595E-01
 5428.39   0.20384E-01   0.17001E-01   0.16491E-01
 5442.00   0.20263E-01   0.16888E-01   0.16387E-01
 5455.60   0.20143E-01   0.16776E-01   0.16284E-01
 5469.21   0.20022E-01   0.16664E-01   0.16181E-01
 5482.81   0.19901E-01   0.16551E-01   0.16077E-01
 5496.42   0.19779E-01   0.16438E-01   0.15973E-01
 5510.02   0.19651E-01   0.16321E-01   0.15865E-01
 5523.63   0.19572E-01   0.16244E-01   0.15796E-01
 5537.23   0.19439E-01   0.16123E-01   0.15683E-01
 5550.84   0.19321E-01   0.16015E-01   0.15584E-01
 5564.44   0.19207E-01   0.15910E-01   0.15487E-01
 5578.05   0.19095E-01   0.15806E-01   0.15392E-01
 5591.65   0.18983E-01   0.15703E-01   0.15298E-01
 5605.26   0.18871E-01   0.15601E-01   0.15203E-01
 5618.86   0.18759E-01   0.15498E-01   0.15109E-01
 5632.47   0.18646E-01   0.15395E-01   0.15014E-01
 5646.07   0.18530E-01   0.15290E-01   0.14917E-01
 5659.68   0.18416E-01   0.15187E-01   0.14822E-01
 5673.28   0.18333E-01   0.15109E-01   0.14752E-01
 5686.89   0.18216E-01   0.15003E-01   0.14654E-01
 5700.49   0.18105E-01   0.14903E-01   0.14562E-01
 5714.10   0.17998E-01   0.14806E-01   0.14472E-01
 5727.70   0.17892E-01   0.14710E-01   0.14384E-01
 5741.31   0.17788E-01   0.14616E-01   0.14298E-01
 5754.91   0.17684E-01   0.14522E-01   0.14212E-01
 5768.52   0.17580E-01   0.14429E-01   0.14126E-01
 5782.12   0.17476E-01   0.14335E-01   0.14039E-01
 5795.73   0.17367E-01   0.14238E-01   0.13950E-01
 5809.33   0.17258E-01   0.14141E-01   0.13860E-01
 5822.94   0.17182E-01   0.14071E-01   0.13797E-01
 5836.54   0.17074E-01   0.13975E-01   0.13708E-01
 5850.15   0.16971E-01   0.13883E-01   0.13624E-01
 5863.75   0.16870E-01   0.13793E-01   0.13541E-01
 5877.36   0.16770E-01   0.13705E-01   0.13459E-01
 5890.96   0.16672E-01   0.13617E-01   0.13379E-01
 5904.57   0.16575E-01   0.13531E-01   0.13300E-01
 5918.17   0.16479E-01   0.13446E-01   0.13222E-01
 5931.78   0.16382E-01   0.13361E-01   0.13143E-01
 5945.38   0.16283E-01   0.13274E-01   0.13063E-01
 5958.99   0.16181E-01   0.13184E-01   0.12980E-01
 5972.59   0.16105E-01   0.13116E-01   0.12918E-01
 5986.20   0.16007E-01   0.13030E-01   0.12839E-01
 5999.80   0.15911E-01   0.12946E-01   0.12761E-01
 6013.41   0.15815E-01   0.12863E-01   0.12685E-01
 6027.01   0.15721E-01   0.12781E-01   0.12609E-01
 6040.62   0.15628E-01   0.12700E-01   0.12534E-01
 6054.22   0.15537E-01   0.12620E-01   0.12461E-01
 6067.83   0.15447E-01   0.12541E-01   0.12389E-01
 6081.43   0.15357E-01   0.12464E-01   0.12317E-01
 6095.04   0.15268E-01   0.12386E-01   0.12246E-01
 6108.64   0.15176E-01   0.12307E-01   0.12173E-01
 6122.25   0.15095E-01   0.12236E-01   0.12108E-01
 6135.85   0.15006E-01   0.12160E-01   0.12037E-01
 6149.46   0.14917E-01   0.12083E-01   0.11967E-01
 6163.06   0.14829E-01   0.12007E-01   0.11896E-01
 6176.67   0.14740E-01   0.11931E-01   0.11826E-01
 6190.27   0.14652E-01   0.11856E-01   0.11757E-01
 6203.88   0.14565E-01   0.11781E-01   0.11688E-01
 6217.48   0.14480E-01   0.11708E-01   0.11621E-01
 6231.09   0.14395E-01   0.11636E-01   0.11554E-01
 6244.69   0.14312E-01   0.11565E-01   0.11489E-01
 6258.30   0.14230E-01   0.11495E-01   0.11424E-01
 6271.90   0.14148E-01   0.11426E-01   0.11360E-01
 6285.51   0.14067E-01   0.11357E-01   0.11297E-01
 6299.11   0.13985E-01   0.11287E-01   0.11233E-01
 6312.72   0.13903E-01   0.11218E-01   0.11169E-01
 6326.32   0.13821E-01   0.11149E-01   0.11105E-01
 6339.93   0.13738E-01   0.11079E-01   0.11041E-01
 6353.53   0.13656E-01   0.11010E-01   0.10977E-01
 6367.14   0.13575E-01   0.10942E-01   0.10913E-01
 6380.74   0.13494E-01   0.10874E-01   0.10851E-01
 6394.35   0.13414E-01   0.10807E-01   0.10789E-01
 6407.95   0.13337E-01   0.10743E-01   0.10729E-01
 6421.56   0.13264E-01   0.10681E-01   0.10673E-01
 6435.16   0.13185E-01   0.10616E-01   0.10613E-01
 6448.77   0.13109E-01   0.10553E-01   0.10554E-01
 6462.37   0.13033E-01   0.10490E-01   0.10496E-01
 6475.98   0.12957E-01   0.10427E-01   0.10437E-01
 6489.58   0.12881E-01   0.10363E-01   0.10379E-01
 6503.19   0.12804E-01   0.10300E-01   0.10320E-01
 6516.79   0.12727E-01   0.10237E-01   0.10262E-01
 6530.40   0.12651E-01   0.10173E-01   0.10203E-01
 6544.00   0.12573E-01   0.10110E-01   0.10144E-01
 6557.61   0.12493E-01   0.10044E-01   0.10082E-01
 6571.21   0.12419E-01   0.99841E-02   0.10027E-01
 6584.82   0.12361E-01   0.99359E-02   0.99830E-02
 6598.42   0.12287E-01   0.98753E-02   0.99268E-02
 6612.03   0.12215E-01   0.98166E-02   0.98724E-02
 6625.63   0.12144E-01   0.97587E-02   0.98188E-02
 6639.24   0.12073E-01   0.97013E-02   0.97655E-02
 6652.84   0.12003E-01   0.96438E-02   0.97123E-02
 6666.45   0.11932E-01   0.95862E-02   0.96588E-02
 6680.05   0.11860E-01   0.95282E-02   0.96049E-02
 6693.66   0.11788E-01   0.94697E-02   0.95504E-02
 6707.26   0.11713E-01   0.94095E-02   0.94942E-02
 6720.87   0.11643E-01   0.93526E-02   0.94412E-02
 6734.47   0.11597E-01   0.93154E-02   0.94082E-02
 6748.08   0.11519E-01   0.92529E-02   0.93494E-02
 6761.68   0.11448E-01   0.91965E-02   0.92969E-02
 6775.29   0.11380E-01   0.91420E-02   0.92462E-02
 6788.89   0.11314E-01   0.90887E-02   0.91966E-02
 6802.50   0.11248E-01   0.90360E-02   0.91476E-02
 6816.10   0.11182E-01   0.89836E-02   0.90990E-02
 6829.71   0.11116E-01   0.89313E-02   0.90502E-02
 6843.31   0.11050E-01   0.88786E-02   0.90011E-02
 6856.92   0.10982E-01   0.88249E-02   0.89510E-02
 6870.52   0.10911E-01   0.87681E-02   0.88976E-02
 6884.13   0.10843E-01   0.87139E-02   0.88468E-02
 6897.73   0.10802E-01   0.86825E-02   0.88192E-02
 6911.34   0.10731E-01   0.86265E-02   0.87666E-02
 6924.94   0.10665E-01   0.85742E-02   0.87176E-02
 6938.55   0.10601E-01   0.85235E-02   0.86702E-02
 6952.15   0.10537E-01   0.84739E-02   0.86239E-02
 6965.76   0.10475E-01   0.84253E-02   0.85785E-02
 6979.36   0.10414E-01   0.83773E-02   0.85338E-02
 6992.97   0.10353E-01   0.83296E-02   0.84893E-02
 7006.57   0.10292E-01   0.82819E-02   0.84447E-02
 7020.18   0.10230E-01   0.82335E-02   0.83994E-02
 7033.78   0.10164E-01   0.81818E-02   0.83507E-02
 7047.39   0.10098E-01   0.81307E-02   0.83026E-02
 7060.99   0.10059E-01   0.81013E-02   0.82765E-02
 7074.60   0.99945E-02   0.80512E-02   0.82293E-02
 7088.20   0.99326E-02   0.80031E-02   0.81841E-02
 7101.81   0.98717E-02   0.79561E-02   0.81399E-02
 7115.41   0.98119E-02   0.79099E-02   0.80966E-02
 7129.02   0.97530E-02   0.78645E-02   0.80541E-02
 7142.62   0.96950E-02   0.78200E-02   0.80124E-02
 7156.23   0.96378E-02   0.77762E-02   0.79713E-02
 7169.83   0.95812E-02   0.77328E-02   0.79307E-02
 7183.44   0.95245E-02   0.76895E-02   0.78900E-02
 7197.04   0.94660E-02   0.76446E-02   0.78478E-02
 7210.65   0.94064E-02   0.75988E-02   0.78045E-02
 7224.25   0.93619E-02   0.75658E-02   0.77744E-02
 7237.86   0.93040E-02   0.75216E-02   0.77327E-02
 7251.46   0.92469E-02   0.74781E-02   0.76916E-02
 7265.07   0.91901E-02   0.74348E-02   0.76509E-02
 7278.67   0.91337E-02   0.73920E-02   0.76104E-02
 7292.28   0.90778E-02   0.73497E-02   0.75705E-02
 7305.88   0.90227E-02   0.73080E-02   0.75313E-02
 7319.49   0.89685E-02   0.72672E-02   0.74928E-02
 7333.09   0.89151E-02   0.72270E-02   0.74550E-02
 7346.70   0.88623E-02   0.71875E-02   0.74178E-02
 7360.30   0.88098E-02   0.71482E-02   0.73808E-02
 7373.91   0.87570E-02   0.71085E-02   0.73434E-02
 7387.51   0.87081E-02   0.70720E-02   0.73091E-02
 7401.12   0.86559E-02   0.70330E-02   0.72724E-02
 7414.72   0.86038E-02   0.69941E-02   0.72356E-02
 7428.33   0.85515E-02   0.69550E-02   0.71986E-02
 7441.93   0.84991E-02   0.69158E-02   0.71614E-02
 7455.54   0.84467E-02   0.68767E-02   0.71243E-02
 7469.14   0.83945E-02   0.68378E-02   0.70875E-02
 7482.75   0.83428E-02   0.67994E-02   0.70510E-02
 7496.35   0.82917E-02   0.67616E-02   0.70152E-02
 7509.96   0.82414E-02   0.67244E-02   0.69799E-02
 7523.56   0.81916E-02   0.66878E-02   0.69452E-02
 7537.17   0.81438E-02   0.66527E-02   0.69121E-02
 7550.77   0.80968E-02   0.66178E-02   0.68791E-02
 7564.38   0.80483E-02   0.65824E-02   0.68455E-02
 7577.98   0.80003E-02   0.65472E-02   0.68123E-02
 7591.59   0.79523E-02   0.65121E-02   0.67789E-02
 7605.19   0.79041E-02   0.64768E-02   0.67453E-02
 7618.80   0.78557E-02   0.64412E-02   0.67115E-02
 7632.40   0.78071E-02   0.64056E-02   0.66775E-02
 7646.01   0.77584E-02   0.63699E-02   0.66434E-02
 7659.61   0.77098E-02   0.63343E-02   0.66094E-02
 7673.22   0.76614E-02   0.62989E-02   0.65756E-02
 7686.82   0.76130E-02   0.62636E-02   0.65419E-02
 7700.43   0.75612E-02   0.62260E-02   0.65056E-02
 7714.03   0.75326E-02   0.62058E-02   0.64875E-02
 7727.64   0.74809E-02   0.61683E-02   0.64514E-02
 7741.24   0.74351E-02   0.61353E-02   0.64198E-02
 7754.85   0.73902E-02   0.61030E-02   0.63890E-02
 7768.45   0.73457E-02   0.60710E-02   0.63585E-02
 7782.06   0.73012E-02   0.60390E-02   0.63279E-02
 7795.66   0.72566E-02   0.60068E-02   0.62971E-02
 7809.27   0.72116E-02   0.59744E-02   0.62661E-02
 7822.87   0.71664E-02   0.59417E-02   0.62347E-02
 7836.48   0.71208E-02   0.59088E-02   0.62030E-02
 7850.08   0.70747E-02   0.58754E-02   0.61708E-02
 7863.69   0.70264E-02   0.58404E-02   0.61368E-02
 7877.29   0.69840E-02   0.58103E-02   0.61080E-02
 7890.90   0.69555E-02   0.57914E-02   0.60910E-02
 7904.50   0.69082E-02   0.57573E-02   0.60578E-02
 7918.11   0.68647E-02   0.57262E-02   0.60279E-02
 7931.71   0.68224E-02   0.56963E-02   0.59991E-02
 7945.32   0.67809E-02   0.56669E-02   0.59709E-02
 7958.92   0.67396E-02   0.56378E-02   0.59429E-02
 7972.53   0.66984E-02   0.56087E-02   0.59148E-02
 7986.13   0.66571E-02   0.55793E-02   0.58866E-02
 7999.74   0.66153E-02   0.55497E-02   0.58579E-02
 8013.34   0.65729E-02   0.55194E-02   0.58286E-02
 8026.95   0.65292E-02   0.54881E-02   0.57981E-02
 8040.55   0.64796E-02   0.54516E-02   0.57621E-02
 8054.16   0.64389E-02   0.54230E-02   0.57345E-02
 8067.76   0.64195E-02   0.54126E-02   0.57260E-02
 8081.37   0.63755E-02   0.53810E-02   0.56951E-02
 8094.97   0.63342E-02   0.53518E-02   0.56667E-02
 8108.58   0.62943E-02   0.53238E-02   0.56395E-02
 8122.18   0.62552E-02   0.52965E-02   0.56131E-02
 8135.79   0.62167E-02   0.52697E-02   0.55871E-02
 8149.39   0.61785E-02   0.52432E-02   0.55614E-02
 8163.00   0.61404E-02   0.52167E-02   0.55357E-02
 8176.60   0.61021E-02   0.51900E-02   0.55098E-02
 8190.21   0.60633E-02   0.51628E-02   0.54833E-02
 8203.81   0.60229E-02   0.51341E-02   0.54552E-02
 8217.42   0.59733E-02   0.50970E-02   0.54181E-02
 8231.02   0.59719E-02   0.51036E-02   0.54274E-02
 8244.63   0.59205E-02   0.50649E-02   0.53886E-02
 8258.23   0.58799E-02   0.50361E-02   0.53602E-02
 8271.84   0.58412E-02   0.50089E-02   0.53335E-02
 8285.44   0.58034E-02   0.49826E-02   0.53077E-02
 8299.05   0.57664E-02   0.49570E-02   0.52827E-02
 8312.65   0.57301E-02   0.49320E-02   0.52583E-02
 8326.26   0.56944E-02   0.49075E-02   0.52344E-02
 8339.86   0.56591E-02   0.48834E-02   0.52108E-02
 8353.47   0.56240E-02   0.48594E-02   0.51873E-02
 8367.07   0.55887E-02   0.48351E-02   0.51635E-02
 8380.68   0.55524E-02   0.48099E-02   0.51388E-02
 8394.28   0.55091E-02   0.47781E-02   0.51069E-02
 8407.89   0.54971E-02   0.47755E-02   0.51062E-02
 8421.49   0.54551E-02   0.47449E-02   0.50755E-02
 8435.10   0.54185E-02   0.47192E-02   0.50501E-02
 8448.70   0.53826E-02   0.46943E-02   0.50255E-02
 8462.31   0.53473E-02   0.46698E-02   0.50013E-02
 8475.91   0.53124E-02   0.46458E-02   0.49776E-02
 8489.52   0.52781E-02   0.46223E-02   0.49544E-02
 8503.12   0.52444E-02   0.45994E-02   0.49317E-02
 8516.73   0.52112E-02   0.45769E-02   0.49096E-02
 8530.33   0.51785E-02   0.45549E-02   0.48878E-02
 8543.94   0.51461E-02   0.45331E-02   0.48664E-02
 8557.54   0.51137E-02   0.45112E-02   0.48448E-02
 8571.15   0.50792E-02   0.44875E-02   0.48212E-02
 8584.75   0.50560E-02   0.44737E-02   0.48082E-02
 8598.36   0.50210E-02   0.44494E-02   0.47839E-02
 8611.96   0.49883E-02   0.44271E-02   0.47617E-02
 8625.57   0.49558E-02   0.44049E-02   0.47397E-02
 8639.17   0.49233E-02   0.43826E-02   0.47175E-02
 8652.78   0.48909E-02   0.43605E-02   0.46955E-02
 8666.38   0.48587E-02   0.43385E-02   0.46735E-02
 8679.99   0.48268E-02   0.43168E-02   0.46519E-02
 8693.59   0.47954E-02   0.42956E-02   0.46307E-02
 8707.20   0.47644E-02   0.42748E-02   0.46100E-02
 8720.80   0.47339E-02   0.42545E-02   0.45898E-02
 8734.41   0.47038E-02   0.42345E-02   0.45700E-02
 8748.01   0.46737E-02   0.42149E-02   0.45503E-02
 8761.62   0.46445E-02   0.41952E-02   0.45308E-02
 8775.22   0.46169E-02   0.41767E-02   0.45124E-02
 8788.83   0.45875E-02   0.41572E-02   0.44930E-02
 8802.43   0.45582E-02   0.41377E-02   0.44735E-02
 8816.04   0.45287E-02   0.41179E-02   0.44537E-02
 8829.64   0.44991E-02   0.40980E-02   0.44337E-02
 8843.25   0.44694E-02   0.40779E-02   0.44135E-02
 8856.85   0.44397E-02   0.40578E-02   0.43932E-02
 8870.46   0.44101E-02   0.40377E-02   0.43730E-02
 8884.06   0.43807E-02   0.40179E-02   0.43530E-02
 8897.67   0.43516E-02   0.39984E-02   0.43333E-02
 8911.27   0.43228E-02   0.39792E-02   0.43140E-02
 8924.88   0.42938E-02   0.39601E-02   0.42947E-02
 8938.48   0.42676E-02   0.39432E-02   0.42778E-02
 8952.09   0.42432E-02   0.39268E-02   0.42614E-02
 8965.69   0.42153E-02   0.39085E-02   0.42430E-02
 8979.30   0.41882E-02   0.38909E-02   0.42252E-02
 8992.90   0.41613E-02   0.38732E-02   0.42074E-02
 9006.51   0.41345E-02   0.38555E-02   0.41895E-02
 9020.11   0.41075E-02   0.38376E-02   0.41714E-02
 9033.72   0.40804E-02   0.38195E-02   0.41530E-02
 9047.32   0.40531E-02   0.38011E-02   0.41343E-02
 9060.93   0.40257E-02   0.37827E-02   0.41155E-02
 9074.53   0.39982E-02   0.37641E-02   0.40966E-02
 9088.14   0.39707E-02   0.37455E-02   0.40777E-02
 9101.74   0.39427E-02   0.37266E-02   0.40583E-02
 9115.35   0.39104E-02   0.37040E-02   0.40349E-02
 9128.95   0.39051E-02   0.37048E-02   0.40370E-02
 9142.56   0.38720E-02   0.36814E-02   0.40126E-02
 9156.16   0.38455E-02   0.36639E-02   0.39947E-02
 9169.77   0.38202E-02   0.36473E-02   0.39779E-02
 9183.37   0.37954E-02   0.36312E-02   0.39614E-02
 9196.98   0.37707E-02   0.36152E-02   0.39450E-02
 9210.58   0.37461E-02   0.35991E-02   0.39286E-02
 9224.19   0.37214E-02   0.35828E-02   0.39119E-02
 9237.79   0.36966E-02   0.35662E-02   0.38949E-02
 9251.40   0.36715E-02   0.35494E-02   0.38776E-02
 9265.00   0.36460E-02   0.35322E-02   0.38599E-02
 9278.61   0.36201E-02   0.35144E-02   0.38415E-02
 9292.21   0.35923E-02   0.34948E-02   0.38211E-02
 9305.82   0.35694E-02   0.34802E-02   0.38062E-02
 9319.42   0.35592E-02   0.34779E-02   0.38047E-02
 9333.03   0.35303E-02   0.34571E-02   0.37829E-02
 9346.63   0.35053E-02   0.34403E-02   0.37655E-02
 9360.24   0.34815E-02   0.34246E-02   0.37493E-02
 9373.84   0.34584E-02   0.34095E-02   0.37337E-02
 9387.45   0.34356E-02   0.33948E-02   0.37185E-02
 9401.05   0.34130E-02   0.33802E-02   0.37034E-02
 9414.66   0.33905E-02   0.33656E-02   0.36883E-02
 9428.26   0.33680E-02   0.33508E-02   0.36730E-02
 9441.87   0.33452E-02   0.33357E-02   0.36573E-02
 9455.47   0.33220E-02   0.33201E-02   0.36411E-02
 9469.08   0.32980E-02   0.33035E-02   0.36238E-02
 9482.68   0.32709E-02   0.32834E-02   0.36026E-02
 9496.29   0.32495E-02   0.32698E-02   0.35884E-02
 9509.89   0.32419E-02   0.32708E-02   0.35903E-02
 9523.50   0.32159E-02   0.32519E-02   0.35704E-02
 9537.10   0.31926E-02   0.32359E-02   0.35537E-02
 9550.71   0.31703E-02   0.32210E-02   0.35380E-02
 9564.31   0.31485E-02   0.32066E-02   0.35230E-02
 9577.92   0.31273E-02   0.31928E-02   0.35086E-02
 9591.52   0.31064E-02   0.31793E-02   0.34945E-02
 9605.13   0.30858E-02   0.31660E-02   0.34806E-02
 9618.73   0.30653E-02   0.31528E-02   0.34667E-02
 9632.34   0.30447E-02   0.31394E-02   0.34527E-02
 9645.94   0.30239E-02   0.31256E-02   0.34382E-02
 9659.55   0.30024E-02   0.31109E-02   0.34228E-02
 9673.15   0.29778E-02   0.30926E-02   0.34032E-02
 9686.76   0.29576E-02   0.30792E-02   0.33892E-02
 9700.36   0.29496E-02   0.30801E-02   0.33907E-02
 9713.97   0.29266E-02   0.30635E-02   0.33731E-02
 9727.57   0.29053E-02   0.30487E-02   0.33574E-02
 9741.18   0.28845E-02   0.30346E-02   0.33425E-02
 9754.78   0.28642E-02   0.30210E-02   0.33280E-02
 9768.39   0.28443E-02   0.30078E-02   0.33141E-02
 9781.99   0.28248E-02   0.29950E-02   0.33006E-02
 9795.60   0.28056E-02   0.29826E-02   0.32874E-02
 9809.20   0.27868E-02   0.29705E-02   0.32746E-02
 9822.81   0.27681E-02   0.29585E-02   0.32619E-02
 9836.41   0.27494E-02   0.29465E-02   0.32491E-02
 9850.02   0.27305E-02   0.29340E-02   0.32359E-02
 9863.62   0.27101E-02   0.29197E-02   0.32206E-02
 9877.23   0.26912E-02   0.29068E-02   0.32069E-02
 9890.83   0.26801E-02   0.29036E-02   0.32037E-02
 9904.44   0.26602E-02   0.28896E-02   0.31888E-02
 9918.04   0.26411E-02   0.28765E-02   0.31748E-02
 9931.65   0.26223E-02   0.28637E-02   0.31610E-02
 9945.25   0.26036E-02   0.28510E-02   0.31474E-02
 9958.86   0.25851E-02   0.28385E-02   0.31340E-02
 9972.46   0.25668E-02   0.28263E-02   0.31210E-02
 9986.07   0.25489E-02   0.28144E-02   0.31082E-02
 9999.67   0.25312E-02   0.28029E-02   0.30959E-02
