  217.68   0.89845E-01   0.90677E-01   0.10042E+00
  231.28   0.86075E-01   0.86915E-01   0.96065E-01
  244.89   0.82585E-01   0.83432E-01   0.92043E-01
  258.49   0.79275E-01   0.80128E-01   0.88242E-01
  272.10   0.76154E-01   0.77011E-01   0.84669E-01
  285.70   0.73190E-01   0.74050E-01   0.81286E-01
  299.31   0.70331E-01   0.71194E-01   0.78033E-01
  312.91   0.67755E-01   0.68620E-01   0.75107E-01
  326.52   0.65274E-01   0.66141E-01   0.72296E-01
  340.12   0.62934E-01   0.63803E-01   0.69651E-01
  353.73   0.60686E-01   0.61557E-01   0.67116E-01
  367.33   0.58567E-01   0.59438E-01   0.64731E-01
  380.94   0.56556E-01   0.57427E-01   0.62470E-01
  394.54   0.54633E-01   0.55504E-01   0.60313E-01
  408.15   0.52815E-01   0.53686E-01   0.58277E-01
  421.75   0.51099E-01   0.51970E-01   0.56358E-01
  435.36   0.49454E-01   0.50324E-01   0.54521E-01
  448.96   0.47870E-01   0.48739E-01   0.52754E-01
  462.57   0.46398E-01   0.47265E-01   0.51113E-01
  476.17   0.44971E-01   0.45837E-01   0.49525E-01
  489.78   0.43583E-01   0.44445E-01   0.47981E-01
  503.38   0.42307E-01   0.43168E-01   0.46564E-01
  516.99   0.41068E-01   0.41926E-01   0.45188E-01
  530.59   0.39875E-01   0.40731E-01   0.43865E-01
  544.20   0.38749E-01   0.39602E-01   0.42618E-01
  557.80   0.37656E-01   0.38507E-01   0.41408E-01
  571.41   0.36614E-01   0.37462E-01   0.40256E-01
  585.01   0.35619E-01   0.36464E-01   0.39155E-01
  598.62   0.34651E-01   0.35493E-01   0.38087E-01
  612.22   0.33727E-01   0.34566E-01   0.37066E-01
  625.83   0.32843E-01   0.33680E-01   0.36092E-01
  639.43   0.31996E-01   0.32829E-01   0.35158E-01
  653.04   0.31177E-01   0.32007E-01   0.34256E-01
  666.64   0.30389E-01   0.31215E-01   0.33388E-01
  680.25   0.29635E-01   0.30458E-01   0.32558E-01
  693.85   0.28908E-01   0.29727E-01   0.31757E-01
  707.46   0.28204E-01   0.29020E-01   0.30983E-01
  721.06   0.27523E-01   0.28335E-01   0.30234E-01
  734.67   0.26875E-01   0.27683E-01   0.29522E-01
  748.27   0.26246E-01   0.27050E-01   0.28830E-01
  761.88   0.25640E-01   0.26440E-01   0.28165E-01
  775.48   0.25050E-01   0.25846E-01   0.27517E-01
  789.09   0.24492E-01   0.25284E-01   0.26903E-01
  802.69   0.23943E-01   0.24732E-01   0.26301E-01
  816.30   0.23416E-01   0.24200E-01   0.25723E-01
  829.90   0.22903E-01   0.23683E-01   0.25160E-01
  843.51   0.22414E-01   0.23190E-01   0.24623E-01
  857.11   0.21932E-01   0.22704E-01   0.24095E-01
  870.72   0.21469E-01   0.22238E-01   0.23587E-01
  884.32   0.21022E-01   0.21786E-01   0.23097E-01
  897.93   0.20592E-01   0.21353E-01   0.22626E-01
  911.53   0.20169E-01   0.20926E-01   0.22162E-01
  925.14   0.19760E-01   0.20513E-01   0.21715E-01
  938.74   0.19366E-01   0.20115E-01   0.21283E-01
  952.35   0.18983E-01   0.19728E-01   0.20863E-01
  965.95   0.18613E-01   0.19354E-01   0.20458E-01
  979.56   0.18251E-01   0.18988E-01   0.20062E-01
  993.16   0.17900E-01   0.18633E-01   0.19677E-01
 1006.77   0.17560E-01   0.18288E-01   0.19304E-01
 1020.37   0.17231E-01   0.17956E-01   0.18944E-01
 1033.98   0.16911E-01   0.17632E-01   0.18593E-01
 1047.58   0.16599E-01   0.17315E-01   0.18251E-01
 1061.19   0.16295E-01   0.17007E-01   0.17918E-01
 1074.79   0.15999E-01   0.16707E-01   0.17594E-01
 1088.40   0.15715E-01   0.16420E-01   0.17284E-01
 1102.00   0.15437E-01   0.16137E-01   0.16979E-01
 1115.61   0.15166E-01   0.15862E-01   0.16681E-01
 1129.21   0.14900E-01   0.15592E-01   0.16390E-01
 1142.82   0.14647E-01   0.15336E-01   0.16114E-01
 1156.42   0.14394E-01   0.15078E-01   0.15836E-01
 1170.03   0.14150E-01   0.14831E-01   0.15569E-01
 1183.63   0.13913E-01   0.14589E-01   0.15309E-01
 1197.24   0.13680E-01   0.14352E-01   0.15054E-01
 1210.84   0.13458E-01   0.14127E-01   0.14811E-01
 1224.45   0.13236E-01   0.13901E-01   0.14567E-01
 1238.05   0.13021E-01   0.13682E-01   0.14332E-01
 1251.66   0.12813E-01   0.13470E-01   0.14103E-01
 1265.26   0.12608E-01   0.13261E-01   0.13879E-01
 1278.87   0.12412E-01   0.13061E-01   0.13663E-01
 1292.47   0.12216E-01   0.12861E-01   0.13448E-01
 1306.08   0.12025E-01   0.12666E-01   0.13239E-01
 1319.68   0.11840E-01   0.12477E-01   0.13036E-01
 1333.29   0.11660E-01   0.12293E-01   0.12838E-01
 1346.89   0.11484E-01   0.12114E-01   0.12645E-01
 1360.50   0.11311E-01   0.11937E-01   0.12455E-01
 1374.10   0.11142E-01   0.11764E-01   0.12270E-01
 1387.71   0.10977E-01   0.11595E-01   0.12088E-01
 1401.31   0.10816E-01   0.11430E-01   0.11912E-01
 1414.92   0.10659E-01   0.11269E-01   0.11739E-01
 1428.52   0.10506E-01   0.11112E-01   0.11571E-01
 1442.13   0.10356E-01   0.10958E-01   0.11405E-01
 1455.73   0.10208E-01   0.10806E-01   0.11243E-01
 1469.34   0.10063E-01   0.10658E-01   0.11084E-01
 1482.94   0.99219E-02   0.10513E-01   0.10928E-01
 1496.55   0.97853E-02   0.10372E-01   0.10778E-01
 1510.15   0.96506E-02   0.10234E-01   0.10630E-01
 1523.76   0.95187E-02   0.10098E-01   0.10484E-01
 1537.36   0.93891E-02   0.99652E-02   0.10342E-01
 1550.97   0.92618E-02   0.98341E-02   0.10202E-01
 1564.57   0.91365E-02   0.97051E-02   0.10064E-01
 1578.18   0.90174E-02   0.95824E-02   0.99324E-02
 1591.78   0.88985E-02   0.94599E-02   0.98014E-02
 1605.39   0.87822E-02   0.93400E-02   0.96732E-02
 1618.99   0.86678E-02   0.92220E-02   0.95471E-02
 1632.60   0.85548E-02   0.91052E-02   0.94223E-02
 1646.20   0.84480E-02   0.89950E-02   0.93045E-02
 1659.81   0.83388E-02   0.88822E-02   0.91840E-02
 1673.41   0.82333E-02   0.87730E-02   0.90675E-02
 1687.02   0.81302E-02   0.86663E-02   0.89536E-02
 1700.62   0.80289E-02   0.85614E-02   0.88417E-02
 1714.23   0.79284E-02   0.84573E-02   0.87306E-02
 1727.83   0.78334E-02   0.83588E-02   0.86255E-02
 1741.44   0.77368E-02   0.82586E-02   0.85186E-02
 1755.04   0.76427E-02   0.81609E-02   0.84145E-02
 1768.65   0.75507E-02   0.80654E-02   0.83126E-02
 1782.25   0.74606E-02   0.79718E-02   0.82129E-02
 1795.86   0.73716E-02   0.78792E-02   0.81142E-02
 1809.46   0.72859E-02   0.77901E-02   0.80193E-02
 1823.07   0.71999E-02   0.77006E-02   0.79240E-02
 1836.67   0.71156E-02   0.76128E-02   0.78305E-02
 1850.28   0.70330E-02   0.75268E-02   0.77389E-02
 1863.88   0.69522E-02   0.74425E-02   0.76493E-02
 1877.49   0.68729E-02   0.73599E-02   0.75613E-02
 1891.09   0.67953E-02   0.72789E-02   0.74751E-02
 1904.70   0.67186E-02   0.71988E-02   0.73900E-02
 1918.30   0.66431E-02   0.71200E-02   0.73062E-02
 1931.91   0.65688E-02   0.70423E-02   0.72236E-02
 1945.51   0.64959E-02   0.69660E-02   0.71426E-02
 1959.12   0.64244E-02   0.68912E-02   0.70631E-02
 1972.72   0.63545E-02   0.68181E-02   0.69854E-02
 1986.33   0.62857E-02   0.67459E-02   0.69088E-02
 1999.93   0.62179E-02   0.66749E-02   0.68333E-02
 2013.54   0.61510E-02   0.66047E-02   0.67588E-02
 2027.14   0.60851E-02   0.65355E-02   0.66854E-02
 2040.75   0.60202E-02   0.64673E-02   0.66131E-02
 2054.35   0.59562E-02   0.64000E-02   0.65417E-02
 2067.96   0.58949E-02   0.63356E-02   0.64733E-02
 2081.56   0.58336E-02   0.62711E-02   0.64049E-02
 2095.17   0.57734E-02   0.62076E-02   0.63376E-02
 2108.77   0.57140E-02   0.61450E-02   0.62712E-02
 2122.38   0.56553E-02   0.60830E-02   0.62056E-02
 2135.98   0.55969E-02   0.60214E-02   0.61404E-02
 2149.59   0.55424E-02   0.59638E-02   0.60793E-02
 2163.19   0.54859E-02   0.59041E-02   0.60161E-02
 2176.80   0.54312E-02   0.58462E-02   0.59548E-02
 2190.40   0.53774E-02   0.57892E-02   0.58946E-02
 2204.01   0.53244E-02   0.57331E-02   0.58351E-02
 2217.61   0.52719E-02   0.56774E-02   0.57762E-02
 2231.22   0.52194E-02   0.56217E-02   0.57174E-02
 2244.82   0.51707E-02   0.55699E-02   0.56626E-02
 2258.43   0.51203E-02   0.55164E-02   0.56060E-02
 2272.03   0.50711E-02   0.54641E-02   0.55507E-02
 2285.64   0.50228E-02   0.54127E-02   0.54965E-02
 2299.24   0.49752E-02   0.53621E-02   0.54431E-02
 2312.85   0.49282E-02   0.53120E-02   0.53902E-02
 2326.45   0.48803E-02   0.52609E-02   0.53363E-02
 2340.06   0.48371E-02   0.52149E-02   0.52877E-02
 2353.66   0.47919E-02   0.51666E-02   0.52367E-02
 2367.27   0.47475E-02   0.51192E-02   0.51867E-02
 2380.87   0.47039E-02   0.50727E-02   0.51377E-02
 2394.48   0.46611E-02   0.50269E-02   0.50894E-02
 2408.08   0.46189E-02   0.49818E-02   0.50418E-02
 2421.69   0.45769E-02   0.49368E-02   0.49945E-02
 2435.29   0.45366E-02   0.48936E-02   0.49489E-02
 2448.90   0.44959E-02   0.48500E-02   0.49030E-02
 2462.50   0.44558E-02   0.48069E-02   0.48576E-02
 2476.11   0.44163E-02   0.47645E-02   0.48130E-02
 2489.71   0.43775E-02   0.47228E-02   0.47691E-02
 2503.32   0.43394E-02   0.46818E-02   0.47259E-02
 2516.92   0.43018E-02   0.46413E-02   0.46834E-02
 2530.53   0.42649E-02   0.46015E-02   0.46415E-02
 2544.13   0.42283E-02   0.45620E-02   0.46000E-02
 2557.74   0.41921E-02   0.45229E-02   0.45589E-02
 2571.34   0.41563E-02   0.44843E-02   0.45183E-02
 2584.95   0.41210E-02   0.44461E-02   0.44782E-02
 2598.55   0.40862E-02   0.44085E-02   0.44388E-02
 2612.16   0.40522E-02   0.43716E-02   0.44000E-02
 2625.76   0.40187E-02   0.43354E-02   0.43619E-02
 2639.37   0.39856E-02   0.42994E-02   0.43242E-02
 2652.97   0.39528E-02   0.42639E-02   0.42869E-02
 2666.58   0.39204E-02   0.42286E-02   0.42500E-02
 2680.18   0.38883E-02   0.41937E-02   0.42134E-02
 2693.79   0.38565E-02   0.41591E-02   0.41771E-02
 2707.39   0.38248E-02   0.41246E-02   0.41410E-02
 2721.00   0.37953E-02   0.40924E-02   0.41072E-02
 2734.60   0.37647E-02   0.40591E-02   0.40724E-02
 2748.21   0.37349E-02   0.40265E-02   0.40383E-02
 2761.81   0.37055E-02   0.39944E-02   0.40046E-02
 2775.42   0.36763E-02   0.39625E-02   0.39713E-02
 2789.02   0.36473E-02   0.39309E-02   0.39382E-02
 2802.63   0.36185E-02   0.38993E-02   0.39052E-02
 2816.23   0.35901E-02   0.38682E-02   0.38727E-02
 2829.84   0.35635E-02   0.38390E-02   0.38422E-02
 2843.44   0.35360E-02   0.38088E-02   0.38106E-02
 2857.05   0.35090E-02   0.37792E-02   0.37797E-02
 2870.65   0.34824E-02   0.37501E-02   0.37492E-02
 2884.26   0.34561E-02   0.37211E-02   0.37191E-02
 2897.86   0.34300E-02   0.36924E-02   0.36891E-02
 2911.47   0.34034E-02   0.36632E-02   0.36586E-02
 2925.07   0.33800E-02   0.36373E-02   0.36316E-02
 2938.68   0.33541E-02   0.36089E-02   0.36019E-02
 2952.28   0.33292E-02   0.35813E-02   0.35732E-02
 2965.89   0.33047E-02   0.35543E-02   0.35450E-02
 2979.49   0.32806E-02   0.35276E-02   0.35173E-02
 2993.10   0.32568E-02   0.35013E-02   0.34899E-02
 3006.70   0.32332E-02   0.34752E-02   0.34627E-02
 3020.31   0.32095E-02   0.34489E-02   0.34354E-02
 3033.91   0.31876E-02   0.34246E-02   0.34100E-02
 3047.52   0.31645E-02   0.33989E-02   0.33833E-02
 3061.12   0.31418E-02   0.33738E-02   0.33572E-02
 3074.73   0.31196E-02   0.33490E-02   0.33314E-02
 3088.33   0.30976E-02   0.33245E-02   0.33060E-02
 3101.94   0.30761E-02   0.33005E-02   0.32810E-02
 3115.54   0.30547E-02   0.32767E-02   0.32563E-02
 3129.15   0.30334E-02   0.32529E-02   0.32316E-02
 3142.75   0.30131E-02   0.32301E-02   0.32080E-02
 3156.36   0.29923E-02   0.32069E-02   0.31839E-02
 3169.96   0.29717E-02   0.31839E-02   0.31600E-02
 3183.57   0.29514E-02   0.31611E-02   0.31364E-02
 3197.17   0.29313E-02   0.31386E-02   0.31131E-02
 3210.78   0.29116E-02   0.31164E-02   0.30901E-02
 3224.38   0.28922E-02   0.30946E-02   0.30675E-02
 3237.99   0.28730E-02   0.30730E-02   0.30452E-02
 3251.59   0.28540E-02   0.30517E-02   0.30231E-02
 3265.20   0.28353E-02   0.30306E-02   0.30012E-02
 3278.80   0.28166E-02   0.30095E-02   0.29795E-02
 3292.41   0.27980E-02   0.29886E-02   0.29579E-02
 3306.01   0.27797E-02   0.29679E-02   0.29365E-02
 3319.62   0.27615E-02   0.29474E-02   0.29153E-02
 3333.22   0.27436E-02   0.29272E-02   0.28944E-02
 3346.83   0.27260E-02   0.29073E-02   0.28738E-02
 3360.43   0.27088E-02   0.28878E-02   0.28537E-02
 3374.04   0.26916E-02   0.28683E-02   0.28336E-02
 3387.64   0.26746E-02   0.28491E-02   0.28137E-02
 3401.25   0.26577E-02   0.28299E-02   0.27940E-02
 3414.85   0.26409E-02   0.28109E-02   0.27744E-02
 3428.46   0.26242E-02   0.27919E-02   0.27548E-02
 3442.06   0.26076E-02   0.27731E-02   0.27355E-02
 3455.67   0.25909E-02   0.27541E-02   0.27159E-02
 3469.27   0.25761E-02   0.27372E-02   0.26984E-02
 3482.88   0.25599E-02   0.27188E-02   0.26795E-02
 3496.48   0.25443E-02   0.27009E-02   0.26611E-02
 3510.09   0.25289E-02   0.26833E-02   0.26430E-02
 3523.69   0.25135E-02   0.26658E-02   0.26250E-02
 3537.30   0.24983E-02   0.26484E-02   0.26071E-02
 3550.90   0.24831E-02   0.26310E-02   0.25893E-02
 3564.51   0.24678E-02   0.26135E-02   0.25714E-02
 3578.11   0.24522E-02   0.25957E-02   0.25531E-02
 3591.72   0.24394E-02   0.25808E-02   0.25377E-02
 3605.32   0.24247E-02   0.25640E-02   0.25205E-02
 3618.93   0.24105E-02   0.25476E-02   0.25037E-02
 3632.53   0.23964E-02   0.25314E-02   0.24871E-02
 3646.14   0.23825E-02   0.25154E-02   0.24707E-02
 3659.74   0.23687E-02   0.24994E-02   0.24544E-02
 3673.35   0.23548E-02   0.24835E-02   0.24380E-02
 3686.95   0.23404E-02   0.24669E-02   0.24211E-02
 3700.56   0.23290E-02   0.24536E-02   0.24073E-02
 3714.16   0.23150E-02   0.24374E-02   0.23908E-02
 3727.77   0.23016E-02   0.24219E-02   0.23750E-02
 3741.37   0.22886E-02   0.24068E-02   0.23596E-02
 3754.98   0.22757E-02   0.23919E-02   0.23443E-02
 3768.58   0.22630E-02   0.23771E-02   0.23293E-02
 3782.19   0.22504E-02   0.23625E-02   0.23143E-02
 3795.79   0.22378E-02   0.23479E-02   0.22994E-02
 3809.40   0.22251E-02   0.23331E-02   0.22843E-02
 3823.00   0.22139E-02   0.23199E-02   0.22709E-02
 3836.61   0.22014E-02   0.23054E-02   0.22561E-02
 3850.21   0.21891E-02   0.22912E-02   0.22416E-02
 3863.82   0.21771E-02   0.22772E-02   0.22273E-02
 3877.42   0.21653E-02   0.22633E-02   0.22133E-02
 3891.03   0.21536E-02   0.22497E-02   0.21994E-02
 3904.63   0.21421E-02   0.22363E-02   0.21857E-02
 3918.24   0.21307E-02   0.22229E-02   0.21721E-02
 3931.84   0.21191E-02   0.22094E-02   0.21584E-02
 3945.45   0.21084E-02   0.21968E-02   0.21456E-02
 3959.05   0.20971E-02   0.21836E-02   0.21322E-02
 3972.66   0.20860E-02   0.21706E-02   0.21189E-02
 3986.26   0.20749E-02   0.21576E-02   0.21057E-02
 3999.87   0.20639E-02   0.21447E-02   0.20927E-02
 4013.47   0.20531E-02   0.21320E-02   0.20798E-02
 4027.08   0.20425E-02   0.21195E-02   0.20672E-02
 4040.68   0.20320E-02   0.21072E-02   0.20547E-02
 4054.29   0.20217E-02   0.20950E-02   0.20423E-02
 4067.89   0.20115E-02   0.20829E-02   0.20301E-02
 4081.50   0.20013E-02   0.20709E-02   0.20179E-02
 4095.10   0.19911E-02   0.20589E-02   0.20057E-02
 4108.71   0.19809E-02   0.20469E-02   0.19936E-02
 4122.31   0.19708E-02   0.20350E-02   0.19816E-02
 4135.92   0.19608E-02   0.20232E-02   0.19696E-02
 4149.52   0.19509E-02   0.20115E-02   0.19578E-02
 4163.13   0.19412E-02   0.19999E-02   0.19461E-02
 4176.73   0.19316E-02   0.19886E-02   0.19347E-02
 4190.34   0.19223E-02   0.19775E-02   0.19235E-02
 4203.94   0.19129E-02   0.19663E-02   0.19122E-02
 4217.55   0.19037E-02   0.19553E-02   0.19011E-02
 4231.15   0.18944E-02   0.19443E-02   0.18900E-02
 4244.76   0.18852E-02   0.19332E-02   0.18789E-02
 4258.36   0.18759E-02   0.19223E-02   0.18678E-02
 4271.97   0.18667E-02   0.19113E-02   0.18568E-02
 4285.57   0.18575E-02   0.19004E-02   0.18458E-02
 4299.18   0.18486E-02   0.18897E-02   0.18350E-02
 4312.78   0.18405E-02   0.18799E-02   0.18252E-02
 4326.39   0.18316E-02   0.18693E-02   0.18145E-02
 4339.99   0.18230E-02   0.18590E-02   0.18041E-02
 4353.60   0.18145E-02   0.18487E-02   0.17939E-02
 4367.20   0.18060E-02   0.18386E-02   0.17837E-02
 4380.81   0.17976E-02   0.18285E-02   0.17735E-02
 4394.41   0.17891E-02   0.18183E-02   0.17634E-02
 4408.02   0.17806E-02   0.18081E-02   0.17531E-02
 4421.62   0.17717E-02   0.17976E-02   0.17426E-02
 4435.23   0.17660E-02   0.17902E-02   0.17352E-02
 4448.83   0.17566E-02   0.17792E-02   0.17242E-02
 4462.44   0.17484E-02   0.17694E-02   0.17143E-02
 4476.04   0.17404E-02   0.17598E-02   0.17047E-02
 4489.65   0.17326E-02   0.17503E-02   0.16953E-02
 4503.25   0.17248E-02   0.17410E-02   0.16859E-02
 4516.86   0.17171E-02   0.17316E-02   0.16766E-02
 4530.46   0.17093E-02   0.17223E-02   0.16672E-02
 4544.07   0.17014E-02   0.17128E-02   0.16577E-02
 4557.67   0.16934E-02   0.17032E-02   0.16482E-02
 4571.28   0.16874E-02   0.16956E-02   0.16406E-02
 4584.88   0.16794E-02   0.16861E-02   0.16311E-02
 4598.49   0.16718E-02   0.16770E-02   0.16220E-02
 4612.09   0.16644E-02   0.16680E-02   0.16131E-02
 4625.70   0.16572E-02   0.16592E-02   0.16043E-02
 4639.30   0.16500E-02   0.16505E-02   0.15957E-02
 4652.91   0.16429E-02   0.16419E-02   0.15871E-02
 4666.51   0.16358E-02   0.16333E-02   0.15785E-02
 4680.12   0.16285E-02   0.16245E-02   0.15698E-02
 4693.72   0.16206E-02   0.16151E-02   0.15605E-02
 4707.33   0.16154E-02   0.16084E-02   0.15538E-02
 4720.93   0.16082E-02   0.15997E-02   0.15452E-02
 4734.54   0.16012E-02   0.15913E-02   0.15368E-02
 4748.14   0.15943E-02   0.15829E-02   0.15285E-02
 4761.75   0.15875E-02   0.15747E-02   0.15203E-02
 4775.35   0.15809E-02   0.15666E-02   0.15123E-02
 4788.96   0.15744E-02   0.15586E-02   0.15044E-02
 4802.56   0.15679E-02   0.15507E-02   0.14965E-02
 4816.17   0.15613E-02   0.15426E-02   0.14886E-02
 4829.77   0.15556E-02   0.15355E-02   0.14815E-02
 4843.38   0.15489E-02   0.15274E-02   0.14735E-02
 4856.98   0.15424E-02   0.15195E-02   0.14657E-02
 4870.59   0.15360E-02   0.15117E-02   0.14579E-02
 4884.19   0.15296E-02   0.15039E-02   0.14502E-02
 4897.80   0.15233E-02   0.14961E-02   0.14426E-02
 4911.40   0.15170E-02   0.14885E-02   0.14351E-02
 4925.01   0.15109E-02   0.14810E-02   0.14277E-02
 4938.61   0.15049E-02   0.14737E-02   0.14204E-02
 4952.22   0.14990E-02   0.14664E-02   0.14132E-02
 4965.82   0.14931E-02   0.14591E-02   0.14061E-02
 4979.43   0.14873E-02   0.14519E-02   0.13990E-02
 4993.03   0.14814E-02   0.14447E-02   0.13919E-02
 5006.64   0.14755E-02   0.14375E-02   0.13848E-02
 5020.24   0.14696E-02   0.14303E-02   0.13777E-02
 5033.85   0.14637E-02   0.14230E-02   0.13706E-02
 5047.45   0.14579E-02   0.14159E-02   0.13635E-02
 5061.06   0.14521E-02   0.14088E-02   0.13566E-02
 5074.66   0.14464E-02   0.14018E-02   0.13497E-02
 5088.27   0.14407E-02   0.13948E-02   0.13429E-02
 5101.87   0.14356E-02   0.13884E-02   0.13365E-02
 5115.48   0.14300E-02   0.13816E-02   0.13298E-02
 5129.08   0.14246E-02   0.13749E-02   0.13233E-02
 5142.69   0.14192E-02   0.13682E-02   0.13167E-02
 5156.29   0.14138E-02   0.13615E-02   0.13102E-02
 5169.90   0.14083E-02   0.13549E-02   0.13037E-02
 5183.50   0.14029E-02   0.13482E-02   0.12971E-02
 5197.11   0.13974E-02   0.13415E-02   0.12906E-02
 5210.71   0.13919E-02   0.13348E-02   0.12841E-02
 5224.32   0.13864E-02   0.13280E-02   0.12774E-02
 5237.92   0.13810E-02   0.13215E-02   0.12711E-02
 5251.53   0.13768E-02   0.13160E-02   0.12657E-02
 5265.13   0.13716E-02   0.13096E-02   0.12595E-02
 5278.74   0.13665E-02   0.13034E-02   0.12534E-02
 5292.34   0.13615E-02   0.12972E-02   0.12474E-02
 5305.95   0.13565E-02   0.12911E-02   0.12413E-02
 5319.55   0.13515E-02   0.12849E-02   0.12353E-02
 5333.16   0.13464E-02   0.12787E-02   0.12293E-02
 5346.76   0.13413E-02   0.12724E-02   0.12232E-02
 5360.37   0.13360E-02   0.12660E-02   0.12169E-02
 5373.97   0.13309E-02   0.12597E-02   0.12108E-02
 5387.58   0.13274E-02   0.12551E-02   0.12063E-02
 5401.18   0.13222E-02   0.12488E-02   0.12002E-02
 5414.79   0.13174E-02   0.12428E-02   0.11944E-02
 5428.39   0.13126E-02   0.12370E-02   0.11887E-02
 5442.00   0.13080E-02   0.12312E-02   0.11831E-02
 5455.60   0.13034E-02   0.12255E-02   0.11776E-02
 5469.21   0.12987E-02   0.12198E-02   0.11720E-02
 5482.81   0.12940E-02   0.12140E-02   0.11664E-02
 5496.42   0.12892E-02   0.12082E-02   0.11607E-02
 5510.02   0.12837E-02   0.12016E-02   0.11544E-02
 5523.63   0.12822E-02   0.11989E-02   0.11517E-02
 5537.23   0.12763E-02   0.11920E-02   0.11451E-02
 5550.84   0.12716E-02   0.11862E-02   0.11395E-02
 5564.44   0.12670E-02   0.11806E-02   0.11341E-02
 5578.05   0.12625E-02   0.11751E-02   0.11288E-02
 5591.65   0.12582E-02   0.11697E-02   0.11236E-02
 5605.26   0.12539E-02   0.11644E-02   0.11184E-02
 5618.86   0.12496E-02   0.11591E-02   0.11133E-02
 5632.47   0.12453E-02   0.11538E-02   0.11082E-02
 5646.07   0.12408E-02   0.11483E-02   0.11029E-02
 5659.68   0.12362E-02   0.11428E-02   0.10975E-02
 5673.28   0.12335E-02   0.11389E-02   0.10938E-02
 5686.89   0.12288E-02   0.11332E-02   0.10883E-02
 5700.49   0.12243E-02   0.11279E-02   0.10832E-02
 5714.10   0.12200E-02   0.11226E-02   0.10781E-02
 5727.70   0.12158E-02   0.11174E-02   0.10731E-02
 5741.31   0.12117E-02   0.11124E-02   0.10682E-02
 5754.91   0.12077E-02   0.11074E-02   0.10634E-02
 5768.52   0.12037E-02   0.11024E-02   0.10587E-02
 5782.12   0.11997E-02   0.10975E-02   0.10540E-02
 5795.73   0.11956E-02   0.10925E-02   0.10492E-02
 5809.33   0.11914E-02   0.10874E-02   0.10442E-02
 5822.94   0.11883E-02   0.10833E-02   0.10403E-02
 5836.54   0.11842E-02   0.10783E-02   0.10355E-02
 5850.15   0.11801E-02   0.10734E-02   0.10308E-02
 5863.75   0.11761E-02   0.10684E-02   0.10261E-02
 5877.36   0.11721E-02   0.10636E-02   0.10214E-02
 5890.96   0.11682E-02   0.10588E-02   0.10168E-02
 5904.57   0.11643E-02   0.10540E-02   0.10123E-02
 5918.17   0.11605E-02   0.10494E-02   0.10078E-02
 5931.78   0.11568E-02   0.10448E-02   0.10034E-02
 5945.38   0.11531E-02   0.10403E-02   0.99910E-03
 5958.99   0.11494E-02   0.10357E-02   0.99471E-03
 5972.59   0.11459E-02   0.10313E-02   0.99057E-03
 5986.20   0.11422E-02   0.10268E-02   0.98627E-03
 5999.80   0.11385E-02   0.10223E-02   0.98195E-03
 6013.41   0.11348E-02   0.10178E-02   0.97761E-03
 6027.01   0.11310E-02   0.10132E-02   0.97327E-03
 6040.62   0.11273E-02   0.10087E-02   0.96893E-03
 6054.22   0.11236E-02   0.10042E-02   0.96464E-03
 6067.83   0.11199E-02   0.99972E-03   0.96040E-03
 6081.43   0.11163E-02   0.99535E-03   0.95623E-03
 6095.04   0.11128E-02   0.99102E-03   0.95211E-03
 6108.64   0.11094E-02   0.98689E-03   0.94818E-03
 6122.25   0.11061E-02   0.98273E-03   0.94423E-03
 6135.85   0.11027E-02   0.97856E-03   0.94026E-03
 6149.46   0.10993E-02   0.97439E-03   0.93630E-03
 6163.06   0.10958E-02   0.97021E-03   0.93233E-03
 6176.67   0.10924E-02   0.96600E-03   0.92833E-03
 6190.27   0.10889E-02   0.96176E-03   0.92431E-03
 6203.88   0.10853E-02   0.95752E-03   0.92027E-03
 6217.48   0.10818E-02   0.95327E-03   0.91624E-03
 6231.09   0.10782E-02   0.94903E-03   0.91222E-03
 6244.69   0.10746E-02   0.94474E-03   0.90815E-03
 6258.30   0.10714E-02   0.94078E-03   0.90440E-03
 6271.90   0.10688E-02   0.93738E-03   0.90118E-03
 6285.51   0.10654E-02   0.93330E-03   0.89732E-03
 6299.11   0.10622E-02   0.92937E-03   0.89360E-03
 6312.72   0.10590E-02   0.92549E-03   0.88993E-03
 6326.32   0.10558E-02   0.92161E-03   0.88626E-03
 6339.93   0.10526E-02   0.91771E-03   0.88257E-03
 6353.53   0.10493E-02   0.91377E-03   0.87885E-03
 6367.14   0.10460E-02   0.90979E-03   0.87509E-03
 6380.74   0.10426E-02   0.90576E-03   0.87128E-03
 6394.35   0.10390E-02   0.90160E-03   0.86734E-03
 6407.95   0.10357E-02   0.89772E-03   0.86367E-03
 6421.56   0.10342E-02   0.89529E-03   0.86141E-03
 6435.16   0.10304E-02   0.89100E-03   0.85736E-03
 6448.77   0.10272E-02   0.88716E-03   0.85373E-03
 6462.37   0.10241E-02   0.88345E-03   0.85023E-03
 6475.98   0.10211E-02   0.87981E-03   0.84680E-03
 6489.58   0.10181E-02   0.87619E-03   0.84340E-03
 6503.19   0.10151E-02   0.87257E-03   0.83999E-03
 6516.79   0.10120E-02   0.86892E-03   0.83656E-03
 6530.40   0.10089E-02   0.86521E-03   0.83306E-03
 6544.00   0.10056E-02   0.86138E-03   0.82945E-03
 6557.61   0.10016E-02   0.85700E-03   0.82532E-03
 6571.21   0.99802E-03   0.85290E-03   0.82146E-03
 6584.82   0.99757E-03   0.85152E-03   0.82021E-03
 6598.42   0.99421E-03   0.84766E-03   0.81657E-03
 6612.03   0.99109E-03   0.84402E-03   0.81316E-03
 6625.63   0.98811E-03   0.84050E-03   0.80985E-03
 6639.24   0.98520E-03   0.83706E-03   0.80662E-03
 6652.84   0.98236E-03   0.83367E-03   0.80345E-03
 6666.45   0.97953E-03   0.83031E-03   0.80030E-03
 6680.05   0.97668E-03   0.82694E-03   0.79714E-03
 6693.66   0.97375E-03   0.82351E-03   0.79392E-03
 6707.26   0.97061E-03   0.81990E-03   0.79054E-03
 6720.87   0.96748E-03   0.81632E-03   0.78718E-03
 6734.47   0.96652E-03   0.81457E-03   0.78559E-03
 6748.08   0.96295E-03   0.81063E-03   0.78188E-03
 6761.68   0.95984E-03   0.80709E-03   0.77856E-03
 6775.29   0.95686E-03   0.80365E-03   0.77535E-03
 6788.89   0.95396E-03   0.80030E-03   0.77222E-03
 6802.50   0.95115E-03   0.79703E-03   0.76915E-03
 6816.10   0.94840E-03   0.79382E-03   0.76616E-03
 6829.71   0.94571E-03   0.79067E-03   0.76322E-03
 6843.31   0.94305E-03   0.78754E-03   0.76030E-03
 6856.92   0.94036E-03   0.78440E-03   0.75737E-03
 6870.52   0.93749E-03   0.78112E-03   0.75431E-03
 6884.13   0.93450E-03   0.77775E-03   0.75115E-03
 6897.73   0.93298E-03   0.77560E-03   0.74918E-03
 6911.34   0.93003E-03   0.77227E-03   0.74607E-03
 6924.94   0.92718E-03   0.76903E-03   0.74305E-03
 6938.55   0.92436E-03   0.76583E-03   0.74006E-03
 6952.15   0.92157E-03   0.76265E-03   0.73710E-03
 6965.76   0.91883E-03   0.75953E-03   0.73419E-03
 6979.36   0.91615E-03   0.75646E-03   0.73134E-03
 6992.97   0.91354E-03   0.75346E-03   0.72854E-03
 7006.57   0.91100E-03   0.75051E-03   0.72581E-03
 7020.18   0.90849E-03   0.74761E-03   0.72311E-03
 7033.78   0.90598E-03   0.74470E-03   0.72041E-03
 7047.39   0.90332E-03   0.74169E-03   0.71761E-03
 7060.99   0.90119E-03   0.73911E-03   0.71523E-03
 7074.60   0.89864E-03   0.73619E-03   0.71252E-03
 7088.20   0.89606E-03   0.73326E-03   0.70980E-03
 7101.81   0.89344E-03   0.73031E-03   0.70705E-03
 7115.41   0.89080E-03   0.72734E-03   0.70430E-03
 7129.02   0.88815E-03   0.72437E-03   0.70155E-03
 7142.62   0.88553E-03   0.72144E-03   0.69882E-03
 7156.23   0.88295E-03   0.71854E-03   0.69613E-03
 7169.83   0.88044E-03   0.71570E-03   0.69350E-03
 7183.44   0.87798E-03   0.71292E-03   0.69093E-03
 7197.04   0.87557E-03   0.71018E-03   0.68839E-03
 7210.65   0.87331E-03   0.70757E-03   0.68598E-03
 7224.25   0.87095E-03   0.70489E-03   0.68351E-03
 7237.86   0.86861E-03   0.70223E-03   0.68105E-03
 7251.46   0.86625E-03   0.69956E-03   0.67858E-03
 7265.07   0.86385E-03   0.69686E-03   0.67609E-03
 7278.67   0.86139E-03   0.69413E-03   0.67356E-03
 7292.28   0.85889E-03   0.69137E-03   0.67100E-03
 7305.88   0.85636E-03   0.68859E-03   0.66843E-03
 7319.49   0.85382E-03   0.68581E-03   0.66586E-03
 7333.09   0.85129E-03   0.68305E-03   0.66330E-03
 7346.70   0.84877E-03   0.68030E-03   0.66076E-03
 7360.30   0.84616E-03   0.67748E-03   0.65815E-03
 7373.91   0.84404E-03   0.67507E-03   0.65594E-03
 7387.51   0.84224E-03   0.67292E-03   0.65397E-03
 7401.12   0.83986E-03   0.67031E-03   0.65157E-03
 7414.72   0.83759E-03   0.66779E-03   0.64925E-03
 7428.33   0.83534E-03   0.66530E-03   0.64695E-03
 7441.93   0.83307E-03   0.66280E-03   0.64465E-03
 7455.54   0.83075E-03   0.66027E-03   0.64232E-03
 7469.14   0.82838E-03   0.65770E-03   0.63996E-03
 7482.75   0.82596E-03   0.65510E-03   0.63756E-03
 7496.35   0.82348E-03   0.65246E-03   0.63512E-03
 7509.96   0.82094E-03   0.64977E-03   0.63264E-03
 7523.56   0.81818E-03   0.64693E-03   0.63000E-03
 7537.17   0.81597E-03   0.64452E-03   0.62779E-03
 7550.77   0.81520E-03   0.64326E-03   0.62669E-03
 7564.38   0.81244E-03   0.64043E-03   0.62407E-03
 7577.98   0.81009E-03   0.63793E-03   0.62177E-03
 7591.59   0.80787E-03   0.63554E-03   0.61957E-03
 7605.19   0.80570E-03   0.63320E-03   0.61742E-03
 7618.80   0.80354E-03   0.63087E-03   0.61528E-03
 7632.40   0.80136E-03   0.62852E-03   0.61313E-03
 7646.01   0.79913E-03   0.62615E-03   0.61095E-03
 7659.61   0.79683E-03   0.62373E-03   0.60872E-03
 7673.22   0.79442E-03   0.62123E-03   0.60642E-03
 7686.82   0.79181E-03   0.61857E-03   0.60396E-03
 7700.43   0.78796E-03   0.61496E-03   0.60057E-03
 7714.03   0.79032E-03   0.61619E-03   0.60192E-03
 7727.64   0.78644E-03   0.61257E-03   0.59852E-03
 7741.24   0.78389E-03   0.60999E-03   0.59613E-03
 7754.85   0.78158E-03   0.60760E-03   0.59394E-03
 7768.45   0.77939E-03   0.60531E-03   0.59183E-03
 7782.06   0.77728E-03   0.60308E-03   0.58979E-03
 7795.66   0.77520E-03   0.60089E-03   0.58779E-03
 7809.27   0.77314E-03   0.59872E-03   0.58581E-03
 7822.87   0.77105E-03   0.59653E-03   0.58380E-03
 7836.48   0.76890E-03   0.59430E-03   0.58176E-03
 7850.08   0.76661E-03   0.59197E-03   0.57962E-03
 7863.69   0.76393E-03   0.58934E-03   0.57718E-03
 7877.29   0.76157E-03   0.58696E-03   0.57500E-03
 7890.90   0.76173E-03   0.58653E-03   0.57472E-03
 7904.50   0.75893E-03   0.58382E-03   0.57220E-03
 7918.11   0.75653E-03   0.58144E-03   0.57001E-03
 7931.71   0.75427E-03   0.57916E-03   0.56791E-03
 7945.32   0.75210E-03   0.57696E-03   0.56590E-03
 7958.92   0.75000E-03   0.57482E-03   0.56394E-03
 7972.53   0.74797E-03   0.57274E-03   0.56204E-03
 7986.13   0.74599E-03   0.57070E-03   0.56018E-03
 7999.74   0.74402E-03   0.56867E-03   0.55833E-03
 8013.34   0.74202E-03   0.56663E-03   0.55647E-03
 8026.95   0.73992E-03   0.56452E-03   0.55454E-03
 8040.55   0.73735E-03   0.56205E-03   0.55226E-03
 8054.16   0.73493E-03   0.55970E-03   0.55010E-03
 8067.76   0.73475E-03   0.55907E-03   0.54962E-03
 8081.37   0.73241E-03   0.55680E-03   0.54753E-03
 8094.97   0.73018E-03   0.55461E-03   0.54552E-03
 8108.58   0.72799E-03   0.55247E-03   0.54356E-03
 8122.18   0.72585E-03   0.55036E-03   0.54163E-03
 8135.79   0.72376E-03   0.54830E-03   0.53974E-03
 8149.39   0.72173E-03   0.54629E-03   0.53791E-03
 8163.00   0.71976E-03   0.54434E-03   0.53613E-03
 8176.60   0.71784E-03   0.54242E-03   0.53439E-03
 8190.21   0.71595E-03   0.54054E-03   0.53268E-03
 8203.81   0.71406E-03   0.53865E-03   0.53096E-03
 8217.42   0.71193E-03   0.53660E-03   0.52909E-03
 8231.02   0.71085E-03   0.53534E-03   0.52798E-03
 8244.63   0.70868E-03   0.53327E-03   0.52608E-03
 8258.23   0.70666E-03   0.53131E-03   0.52430E-03
 8271.84   0.70463E-03   0.52935E-03   0.52251E-03
 8285.44   0.70257E-03   0.52737E-03   0.52070E-03
 8299.05   0.70049E-03   0.52539E-03   0.51889E-03
 8312.65   0.69842E-03   0.52342E-03   0.51709E-03
 8326.26   0.69638E-03   0.52147E-03   0.51531E-03
 8339.86   0.69438E-03   0.51957E-03   0.51357E-03
 8353.47   0.69244E-03   0.51771E-03   0.51188E-03
 8367.07   0.69056E-03   0.51590E-03   0.51024E-03
 8380.68   0.68874E-03   0.51413E-03   0.50864E-03
 8394.28   0.68695E-03   0.51240E-03   0.50707E-03
 8407.89   0.68517E-03   0.51069E-03   0.50552E-03
 8421.49   0.68340E-03   0.50898E-03   0.50397E-03
 8435.10   0.68159E-03   0.50725E-03   0.50240E-03
 8448.70   0.67975E-03   0.50549E-03   0.50081E-03
 8462.31   0.67785E-03   0.50370E-03   0.49918E-03
 8475.91   0.67590E-03   0.50188E-03   0.49752E-03
 8489.52   0.67392E-03   0.50004E-03   0.49584E-03
 8503.12   0.67191E-03   0.49819E-03   0.49415E-03
 8516.73   0.66990E-03   0.49634E-03   0.49246E-03
 8530.33   0.66791E-03   0.49450E-03   0.49078E-03
 8543.94   0.66595E-03   0.49270E-03   0.48914E-03
 8557.54   0.66401E-03   0.49091E-03   0.48751E-03
 8571.15   0.66183E-03   0.48895E-03   0.48571E-03
 8584.75   0.66110E-03   0.48807E-03   0.48497E-03
 8598.36   0.65904E-03   0.48621E-03   0.48327E-03
 8611.96   0.65726E-03   0.48456E-03   0.48178E-03
 8625.57   0.65552E-03   0.48294E-03   0.48032E-03
 8639.17   0.65377E-03   0.48132E-03   0.47885E-03
 8652.78   0.65198E-03   0.47967E-03   0.47736E-03
 8666.38   0.65014E-03   0.47800E-03   0.47583E-03
 8679.99   0.64825E-03   0.47628E-03   0.47427E-03
 8693.59   0.64630E-03   0.47454E-03   0.47268E-03
 8707.20   0.64432E-03   0.47277E-03   0.47106E-03
 8720.80   0.64230E-03   0.47098E-03   0.46942E-03
 8734.41   0.64020E-03   0.46914E-03   0.46773E-03
 8748.01   0.63762E-03   0.46694E-03   0.46569E-03
 8761.62   0.63631E-03   0.46568E-03   0.46458E-03
 8775.22   0.63583E-03   0.46504E-03   0.46408E-03
 8788.83   0.63384E-03   0.46329E-03   0.46247E-03
 8802.43   0.63206E-03   0.46169E-03   0.46103E-03
 8816.04   0.63034E-03   0.46016E-03   0.45964E-03
 8829.64   0.62865E-03   0.45864E-03   0.45827E-03
 8843.25   0.62695E-03   0.45712E-03   0.45689E-03
 8856.85   0.62521E-03   0.45558E-03   0.45549E-03
 8870.46   0.62341E-03   0.45400E-03   0.45406E-03
 8884.06   0.62155E-03   0.45237E-03   0.45257E-03
 8897.67   0.61960E-03   0.45069E-03   0.45103E-03
 8911.27   0.61751E-03   0.44891E-03   0.44940E-03
 8924.88   0.61501E-03   0.44683E-03   0.44746E-03
 8938.48   0.61340E-03   0.44541E-03   0.44618E-03
 8952.09   0.61392E-03   0.44554E-03   0.44645E-03
 8965.69   0.61142E-03   0.44348E-03   0.44453E-03
 8979.30   0.60945E-03   0.44181E-03   0.44300E-03
 8992.90   0.60764E-03   0.44026E-03   0.44159E-03
 9006.51   0.60593E-03   0.43878E-03   0.44024E-03
 9020.11   0.60426E-03   0.43734E-03   0.43894E-03
 9033.72   0.60262E-03   0.43592E-03   0.43766E-03
 9047.32   0.60096E-03   0.43450E-03   0.43638E-03
 9060.93   0.59927E-03   0.43306E-03   0.43507E-03
 9074.53   0.59751E-03   0.43157E-03   0.43371E-03
 9088.14   0.59563E-03   0.42999E-03   0.43227E-03
 9101.74   0.59349E-03   0.42824E-03   0.43065E-03
 9115.35   0.58989E-03   0.42543E-03   0.42797E-03
 9128.95   0.59367E-03   0.42796E-03   0.43065E-03
 9142.56   0.58989E-03   0.42503E-03   0.42785E-03
 9156.16   0.58769E-03   0.42325E-03   0.42620E-03
 9169.77   0.58575E-03   0.42166E-03   0.42473E-03
 9183.37   0.58393E-03   0.42016E-03   0.42336E-03
 9196.98   0.58219E-03   0.41872E-03   0.42205E-03
 9210.58   0.58052E-03   0.41733E-03   0.42080E-03
 9224.19   0.57890E-03   0.41599E-03   0.41958E-03
 9237.79   0.57730E-03   0.41466E-03   0.41838E-03
 9251.40   0.57570E-03   0.41334E-03   0.41719E-03
 9265.00   0.57406E-03   0.41199E-03   0.41597E-03
 9278.61   0.57232E-03   0.41058E-03   0.41467E-03
 9292.21   0.57026E-03   0.40894E-03   0.41316E-03
 9305.82   0.56846E-03   0.40748E-03   0.41183E-03
 9319.42   0.56892E-03   0.40766E-03   0.41214E-03
 9333.03   0.56654E-03   0.40579E-03   0.41039E-03
 9346.63   0.56457E-03   0.40423E-03   0.40895E-03
 9360.24   0.56270E-03   0.40274E-03   0.40759E-03
 9373.84   0.56089E-03   0.40130E-03   0.40626E-03
 9387.45   0.55913E-03   0.39990E-03   0.40499E-03
 9401.05   0.55744E-03   0.39855E-03   0.40375E-03
 9414.66   0.55580E-03   0.39725E-03   0.40257E-03
 9428.26   0.55422E-03   0.39598E-03   0.40142E-03
 9441.87   0.55267E-03   0.39475E-03   0.40030E-03
 9455.47   0.55114E-03   0.39352E-03   0.39920E-03
 9469.08   0.54957E-03   0.39228E-03   0.39807E-03
 9482.68   0.54782E-03   0.39090E-03   0.39681E-03
 9496.29   0.54607E-03   0.38953E-03   0.39556E-03
 9509.89   0.54554E-03   0.38904E-03   0.39519E-03
 9523.50   0.54374E-03   0.38764E-03   0.39391E-03
 9537.10   0.54201E-03   0.38629E-03   0.39267E-03
 9550.71   0.54027E-03   0.38495E-03   0.39144E-03
 9564.31   0.53853E-03   0.38360E-03   0.39020E-03
 9577.92   0.53679E-03   0.38226E-03   0.38897E-03
 9591.52   0.53508E-03   0.38094E-03   0.38776E-03
 9605.13   0.53342E-03   0.37966E-03   0.38659E-03
 9618.73   0.53180E-03   0.37841E-03   0.38546E-03
 9632.34   0.53024E-03   0.37721E-03   0.38436E-03
 9645.94   0.52873E-03   0.37605E-03   0.38331E-03
 9659.55   0.52726E-03   0.37491E-03   0.38229E-03
 9673.15   0.52580E-03   0.37379E-03   0.38128E-03
 9686.76   0.52426E-03   0.37262E-03   0.38021E-03
 9700.36   0.52296E-03   0.37162E-03   0.37932E-03
 9713.97   0.52147E-03   0.37048E-03   0.37829E-03
 9727.57   0.51995E-03   0.36933E-03   0.37724E-03
 9741.18   0.51837E-03   0.36814E-03   0.37616E-03
 9754.78   0.51675E-03   0.36692E-03   0.37504E-03
 9768.39   0.51510E-03   0.36568E-03   0.37391E-03
 9781.99   0.51342E-03   0.36443E-03   0.37276E-03
 9795.60   0.51174E-03   0.36318E-03   0.37161E-03
 9809.20   0.51008E-03   0.36195E-03   0.37048E-03
 9822.81   0.50846E-03   0.36074E-03   0.36937E-03
 9836.41   0.50687E-03   0.35956E-03   0.36829E-03
 9850.02   0.50532E-03   0.35842E-03   0.36725E-03
 9863.62   0.50376E-03   0.35727E-03   0.36620E-03
 9877.23   0.50256E-03   0.35637E-03   0.36540E-03
 9890.83   0.50120E-03   0.35537E-03   0.36451E-03
 9904.44   0.49976E-03   0.35431E-03   0.36355E-03
 9918.04   0.49834E-03   0.35327E-03   0.36261E-03
 9931.65   0.49690E-03   0.35222E-03   0.36165E-03
 9945.25   0.49541E-03   0.35114E-03   0.36067E-03
 9958.86   0.49389E-03   0.35003E-03   0.35966E-03
 9972.46   0.49231E-03   0.34889E-03   0.35861E-03
 9986.07   0.49069E-03   0.34773E-03   0.35754E-03
 9999.67   0.48904E-03   0.34654E-03   0.35644E-03
