 2530.53   0.14851E-01   0.14003E-01   0.13852E-01
 2544.13   0.14782E-01   0.13934E-01   0.13786E-01
 2557.74   0.14713E-01   0.13867E-01   0.13721E-01
 2571.34   0.14644E-01   0.13799E-01   0.13656E-01
 2584.95   0.14576E-01   0.13732E-01   0.13591E-01
 2598.55   0.14507E-01   0.13664E-01   0.13525E-01
 2612.16   0.14436E-01   0.13595E-01   0.13459E-01
 2625.76   0.14375E-01   0.13535E-01   0.13400E-01
 2639.37   0.14307E-01   0.13468E-01   0.13336E-01
 2652.97   0.14241E-01   0.13403E-01   0.13274E-01
 2666.58   0.14175E-01   0.13339E-01   0.13212E-01
 2680.18   0.14110E-01   0.13276E-01   0.13150E-01
 2693.79   0.14045E-01   0.13212E-01   0.13089E-01
 2707.39   0.13977E-01   0.13146E-01   0.13025E-01
 2721.00   0.13919E-01   0.13089E-01   0.12970E-01
 2734.60   0.13853E-01   0.13025E-01   0.12908E-01
 2748.21   0.13789E-01   0.12962E-01   0.12848E-01
 2761.81   0.13725E-01   0.12901E-01   0.12788E-01
 2775.42   0.13663E-01   0.12840E-01   0.12730E-01
 2789.02   0.13601E-01   0.12780E-01   0.12672E-01
 2802.63   0.13538E-01   0.12719E-01   0.12613E-01
 2816.23   0.13475E-01   0.12658E-01   0.12554E-01
 2829.84   0.13417E-01   0.12602E-01   0.12500E-01
 2843.44   0.13355E-01   0.12542E-01   0.12442E-01
 2857.05   0.13294E-01   0.12483E-01   0.12385E-01
 2870.65   0.13233E-01   0.12424E-01   0.12328E-01
 2884.26   0.13173E-01   0.12366E-01   0.12273E-01
 2897.86   0.13114E-01   0.12309E-01   0.12217E-01
 2911.47   0.13055E-01   0.12252E-01   0.12162E-01
 2925.07   0.12998E-01   0.12197E-01   0.12109E-01
 2938.68   0.12939E-01   0.12140E-01   0.12054E-01
 2952.28   0.12880E-01   0.12084E-01   0.12000E-01
 2965.89   0.12822E-01   0.12028E-01   0.11946E-01
 2979.49   0.12764E-01   0.11973E-01   0.11892E-01
 2993.10   0.12706E-01   0.11918E-01   0.11839E-01
 3006.70   0.12650E-01   0.11863E-01   0.11787E-01
 3020.31   0.12594E-01   0.11810E-01   0.11735E-01
 3033.91   0.12538E-01   0.11756E-01   0.11683E-01
 3047.52   0.12482E-01   0.11703E-01   0.11632E-01
 3061.12   0.12427E-01   0.11650E-01   0.11581E-01
 3074.73   0.12371E-01   0.11597E-01   0.11530E-01
 3088.33   0.12315E-01   0.11544E-01   0.11479E-01
 3101.94   0.12260E-01   0.11492E-01   0.11428E-01
 3115.54   0.12205E-01   0.11440E-01   0.11378E-01
 3129.15   0.12151E-01   0.11388E-01   0.11328E-01
 3142.75   0.12099E-01   0.11339E-01   0.11280E-01
 3156.36   0.12046E-01   0.11288E-01   0.11231E-01
 3169.96   0.11993E-01   0.11238E-01   0.11183E-01
 3183.57   0.11940E-01   0.11188E-01   0.11134E-01
 3197.17   0.11887E-01   0.11138E-01   0.11086E-01
 3210.78   0.11834E-01   0.11088E-01   0.11037E-01
 3224.38   0.11780E-01   0.11038E-01   0.10989E-01
 3237.99   0.11727E-01   0.10987E-01   0.10940E-01
 3251.59   0.11679E-01   0.10942E-01   0.10897E-01
 3265.20   0.11628E-01   0.10894E-01   0.10850E-01
 3278.80   0.11577E-01   0.10846E-01   0.10804E-01
 3292.41   0.11527E-01   0.10799E-01   0.10758E-01
 3306.01   0.11476E-01   0.10751E-01   0.10712E-01
 3319.62   0.11426E-01   0.10704E-01   0.10666E-01
 3333.22   0.11375E-01   0.10656E-01   0.10620E-01
 3346.83   0.11323E-01   0.10608E-01   0.10573E-01
 3360.43   0.11279E-01   0.10567E-01   0.10534E-01
 3374.04   0.11228E-01   0.10519E-01   0.10488E-01
 3387.64   0.11179E-01   0.10473E-01   0.10443E-01
 3401.25   0.11131E-01   0.10428E-01   0.10400E-01
 3414.85   0.11083E-01   0.10384E-01   0.10356E-01
 3428.46   0.11035E-01   0.10339E-01   0.10313E-01
 3442.06   0.10987E-01   0.10294E-01   0.10270E-01
 3455.67   0.10936E-01   0.10247E-01   0.10224E-01
 3469.27   0.10896E-01   0.10210E-01   0.10189E-01
 3482.88   0.10846E-01   0.10164E-01   0.10144E-01
 3496.48   0.10799E-01   0.10120E-01   0.10101E-01
 3510.09   0.10752E-01   0.10076E-01   0.10059E-01
 3523.69   0.10706E-01   0.10033E-01   0.10018E-01
 3537.30   0.10660E-01   0.99912E-02   0.99765E-02
 3550.90   0.10614E-01   0.99491E-02   0.99358E-02
 3564.51   0.10568E-01   0.99066E-02   0.98946E-02
 3578.11   0.10520E-01   0.98620E-02   0.98513E-02
 3591.72   0.10480E-01   0.98254E-02   0.98160E-02
 3605.32   0.10434E-01   0.97831E-02   0.97750E-02
 3618.93   0.10389E-01   0.97415E-02   0.97346E-02
 3632.53   0.10344E-01   0.97002E-02   0.96946E-02
 3646.14   0.10300E-01   0.96596E-02   0.96552E-02
 3659.74   0.10256E-01   0.96194E-02   0.96163E-02
 3673.35   0.10212E-01   0.95797E-02   0.95778E-02
 3686.95   0.10169E-01   0.95398E-02   0.95391E-02
 3700.56   0.10127E-01   0.95019E-02   0.95024E-02
 3714.16   0.10084E-01   0.94622E-02   0.94639E-02
 3727.77   0.10041E-01   0.94228E-02   0.94256E-02
 3741.37   0.99975E-02   0.93835E-02   0.93875E-02
 3754.98   0.99546E-02   0.93444E-02   0.93495E-02
 3768.58   0.99121E-02   0.93056E-02   0.93119E-02
 3782.19   0.98700E-02   0.92674E-02   0.92748E-02
 3795.79   0.98285E-02   0.92297E-02   0.92382E-02
 3809.40   0.97875E-02   0.91924E-02   0.92021E-02
 3823.00   0.97466E-02   0.91554E-02   0.91661E-02
 3836.61   0.97058E-02   0.91184E-02   0.91302E-02
 3850.21   0.96649E-02   0.90815E-02   0.90943E-02
 3863.82   0.96240E-02   0.90444E-02   0.90583E-02
 3877.42   0.95830E-02   0.90074E-02   0.90223E-02
 3891.03   0.95421E-02   0.89704E-02   0.89864E-02
 3904.63   0.95016E-02   0.89338E-02   0.89508E-02
 3918.24   0.94613E-02   0.88975E-02   0.89155E-02
 3931.84   0.94217E-02   0.88619E-02   0.88809E-02
 3945.45   0.93835E-02   0.88275E-02   0.88476E-02
 3959.05   0.93444E-02   0.87924E-02   0.88134E-02
 3972.66   0.93056E-02   0.87575E-02   0.87795E-02
 3986.26   0.92667E-02   0.87226E-02   0.87456E-02
 3999.87   0.92277E-02   0.86877E-02   0.87116E-02
 4013.47   0.91886E-02   0.86526E-02   0.86774E-02
 4027.08   0.91494E-02   0.86175E-02   0.86433E-02
 4040.68   0.91099E-02   0.85821E-02   0.86088E-02
 4054.29   0.90706E-02   0.85470E-02   0.85745E-02
 4067.89   0.90369E-02   0.85170E-02   0.85455E-02
 4081.50   0.89989E-02   0.84831E-02   0.85124E-02
 4095.10   0.89616E-02   0.84499E-02   0.84801E-02
 4108.71   0.89246E-02   0.84169E-02   0.84480E-02
 4122.31   0.88876E-02   0.83841E-02   0.84160E-02
 4135.92   0.88505E-02   0.83510E-02   0.83838E-02
 4149.52   0.88131E-02   0.83178E-02   0.83514E-02
 4163.13   0.87750E-02   0.82838E-02   0.83183E-02
 4176.73   0.87364E-02   0.82495E-02   0.82847E-02
 4190.34   0.87063E-02   0.82232E-02   0.82592E-02
 4203.94   0.86688E-02   0.81899E-02   0.82268E-02
 4217.55   0.86327E-02   0.81579E-02   0.81956E-02
 4231.15   0.85971E-02   0.81265E-02   0.81649E-02
 4244.76   0.85619E-02   0.80954E-02   0.81346E-02
 4258.36   0.85268E-02   0.80644E-02   0.81044E-02
 4271.97   0.84915E-02   0.80333E-02   0.80740E-02
 4285.57   0.84555E-02   0.80016E-02   0.80430E-02
 4299.18   0.84190E-02   0.79693E-02   0.80114E-02
 4312.78   0.83906E-02   0.79447E-02   0.79876E-02
 4326.39   0.83536E-02   0.79120E-02   0.79556E-02
 4339.99   0.83183E-02   0.78810E-02   0.79253E-02
 4353.60   0.82838E-02   0.78507E-02   0.78957E-02
 4367.20   0.82498E-02   0.78209E-02   0.78665E-02
 4380.81   0.82162E-02   0.77915E-02   0.78378E-02
 4394.41   0.81828E-02   0.77623E-02   0.78092E-02
 4408.02   0.81493E-02   0.77329E-02   0.77806E-02
 4421.62   0.81145E-02   0.77024E-02   0.77507E-02
 4435.23   0.80887E-02   0.76805E-02   0.77294E-02
 4448.83   0.80516E-02   0.76478E-02   0.76974E-02
 4462.44   0.80177E-02   0.76182E-02   0.76683E-02
 4476.04   0.79842E-02   0.75890E-02   0.76397E-02
 4489.65   0.79512E-02   0.75602E-02   0.76115E-02
 4503.25   0.79186E-02   0.75318E-02   0.75837E-02
 4516.86   0.78865E-02   0.75039E-02   0.75564E-02
 4530.46   0.78547E-02   0.74763E-02   0.75294E-02
 4544.07   0.78230E-02   0.74488E-02   0.75024E-02
 4557.67   0.77908E-02   0.74208E-02   0.74750E-02
 4571.28   0.77613E-02   0.73955E-02   0.74503E-02
 4584.88   0.77293E-02   0.73678E-02   0.74231E-02
 4598.49   0.76975E-02   0.73402E-02   0.73960E-02
 4612.09   0.76658E-02   0.73127E-02   0.73690E-02
 4625.70   0.76342E-02   0.72854E-02   0.73422E-02
 4639.30   0.76029E-02   0.72583E-02   0.73157E-02
 4652.91   0.75720E-02   0.72317E-02   0.72895E-02
 4666.51   0.75416E-02   0.72055E-02   0.72637E-02
 4680.12   0.75115E-02   0.71796E-02   0.72383E-02
 4693.72   0.74814E-02   0.71538E-02   0.72130E-02
 4707.33   0.74519E-02   0.71284E-02   0.71881E-02
 4720.93   0.74221E-02   0.71028E-02   0.71630E-02
 4734.54   0.73921E-02   0.70771E-02   0.71377E-02
 4748.14   0.73621E-02   0.70512E-02   0.71123E-02
 4761.75   0.73319E-02   0.70253E-02   0.70868E-02
 4775.35   0.73019E-02   0.69995E-02   0.70614E-02
 4788.96   0.72721E-02   0.69739E-02   0.70362E-02
 4802.56   0.72425E-02   0.69486E-02   0.70113E-02
 4816.17   0.72130E-02   0.69234E-02   0.69865E-02
 4829.77   0.71862E-02   0.69006E-02   0.69641E-02
 4843.38   0.71571E-02   0.68757E-02   0.69396E-02
 4856.98   0.71287E-02   0.68516E-02   0.69158E-02
 4870.59   0.71004E-02   0.68274E-02   0.68921E-02
 4884.19   0.70720E-02   0.68032E-02   0.68682E-02
 4897.80   0.70434E-02   0.67789E-02   0.68442E-02
 4911.40   0.70147E-02   0.67544E-02   0.68201E-02
 4925.01   0.69860E-02   0.67298E-02   0.67958E-02
 4938.61   0.69571E-02   0.67052E-02   0.67715E-02
 4952.22   0.69269E-02   0.66792E-02   0.67459E-02
 4965.82   0.69058E-02   0.66621E-02   0.67291E-02
 4979.43   0.68761E-02   0.66366E-02   0.67039E-02
 4993.03   0.68487E-02   0.66133E-02   0.66809E-02
 5006.64   0.68217E-02   0.65905E-02   0.66584E-02
 5020.24   0.67948E-02   0.65677E-02   0.66359E-02
 5033.85   0.67678E-02   0.65449E-02   0.66134E-02
 5047.45   0.67407E-02   0.65219E-02   0.65907E-02
 5061.06   0.67133E-02   0.64987E-02   0.65677E-02
 5074.66   0.66855E-02   0.64750E-02   0.65443E-02
 5088.27   0.66552E-02   0.64490E-02   0.65185E-02
 5101.87   0.66400E-02   0.64376E-02   0.65074E-02
 5115.48   0.66087E-02   0.64106E-02   0.64806E-02
 5129.08   0.65817E-02   0.63877E-02   0.64579E-02
 5142.69   0.65556E-02   0.63657E-02   0.64361E-02
 5156.29   0.65298E-02   0.63440E-02   0.64147E-02
 5169.90   0.65043E-02   0.63226E-02   0.63934E-02
 5183.50   0.64788E-02   0.63011E-02   0.63722E-02
 5197.11   0.64530E-02   0.62794E-02   0.63507E-02
 5210.71   0.64268E-02   0.62573E-02   0.63288E-02
 5224.32   0.63988E-02   0.62334E-02   0.63050E-02
 5237.92   0.63692E-02   0.62080E-02   0.62798E-02
 5251.53   0.63541E-02   0.61967E-02   0.62687E-02
 5265.13   0.63275E-02   0.61742E-02   0.62463E-02
 5278.74   0.63019E-02   0.61526E-02   0.62250E-02
 5292.34   0.62769E-02   0.61317E-02   0.62042E-02
 5305.95   0.62524E-02   0.61111E-02   0.61838E-02
 5319.55   0.62281E-02   0.60908E-02   0.61636E-02
 5333.16   0.62039E-02   0.60707E-02   0.61436E-02
 5346.76   0.61796E-02   0.60503E-02   0.61234E-02
 5360.37   0.61545E-02   0.60292E-02   0.61024E-02
 5373.97   0.61286E-02   0.60074E-02   0.60807E-02
 5387.58   0.61108E-02   0.59934E-02   0.60668E-02
 5401.18   0.60850E-02   0.59716E-02   0.60451E-02
 5414.79   0.60602E-02   0.59508E-02   0.60244E-02
 5428.39   0.60359E-02   0.59304E-02   0.60041E-02
 5442.00   0.60120E-02   0.59105E-02   0.59842E-02
 5455.60   0.59885E-02   0.58909E-02   0.59647E-02
 5469.21   0.59653E-02   0.58716E-02   0.59456E-02
 5482.81   0.59424E-02   0.58526E-02   0.59266E-02
 5496.42   0.59195E-02   0.58336E-02   0.59077E-02
 5510.02   0.58957E-02   0.58137E-02   0.58879E-02
 5523.63   0.58772E-02   0.57990E-02   0.58733E-02
 5537.23   0.58527E-02   0.57784E-02   0.58527E-02
 5550.84   0.58294E-02   0.57589E-02   0.58333E-02
 5564.44   0.58062E-02   0.57396E-02   0.58139E-02
 5578.05   0.57831E-02   0.57203E-02   0.57947E-02
 5591.65   0.57602E-02   0.57013E-02   0.57757E-02
 5605.26   0.57376E-02   0.56825E-02   0.57569E-02
 5618.86   0.57153E-02   0.56641E-02   0.57385E-02
 5632.47   0.56934E-02   0.56460E-02   0.57204E-02
 5646.07   0.56718E-02   0.56282E-02   0.57026E-02
 5659.68   0.56503E-02   0.56104E-02   0.56848E-02
 5673.28   0.56293E-02   0.55931E-02   0.56676E-02
 5686.89   0.56078E-02   0.55754E-02   0.56499E-02
 5700.49   0.55862E-02   0.55576E-02   0.56320E-02
 5714.10   0.55645E-02   0.55396E-02   0.56140E-02
 5727.70   0.55426E-02   0.55215E-02   0.55958E-02
 5741.31   0.55208E-02   0.55033E-02   0.55777E-02
 5754.91   0.54991E-02   0.54853E-02   0.55596E-02
 5768.52   0.54776E-02   0.54675E-02   0.55417E-02
 5782.12   0.54564E-02   0.54500E-02   0.55242E-02
 5795.73   0.54354E-02   0.54327E-02   0.55068E-02
 5809.33   0.54153E-02   0.54163E-02   0.54904E-02
 5822.94   0.53953E-02   0.53998E-02   0.54739E-02
 5836.54   0.53750E-02   0.53832E-02   0.54572E-02
 5850.15   0.53547E-02   0.53666E-02   0.54405E-02
 5863.75   0.53344E-02   0.53498E-02   0.54237E-02
 5877.36   0.53139E-02   0.53329E-02   0.54067E-02
 5890.96   0.52932E-02   0.53159E-02   0.53896E-02
 5904.57   0.52725E-02   0.52987E-02   0.53723E-02
 5918.17   0.52517E-02   0.52814E-02   0.53549E-02
 5931.78   0.52309E-02   0.52642E-02   0.53376E-02
 5945.38   0.52096E-02   0.52464E-02   0.53197E-02
 5958.99   0.51900E-02   0.52304E-02   0.53035E-02
 5972.59   0.51736E-02   0.52175E-02   0.52906E-02
 5986.20   0.51538E-02   0.52011E-02   0.52741E-02
 5999.80   0.51345E-02   0.51853E-02   0.52582E-02
 6013.41   0.51153E-02   0.51696E-02   0.52424E-02
 6027.01   0.50961E-02   0.51539E-02   0.52266E-02
 6040.62   0.50768E-02   0.51380E-02   0.52105E-02
 6054.22   0.50572E-02   0.51219E-02   0.51942E-02
 6067.83   0.50374E-02   0.51055E-02   0.51777E-02
 6081.43   0.50172E-02   0.50887E-02   0.51607E-02
 6095.04   0.49956E-02   0.50704E-02   0.51423E-02
 6108.64   0.49756E-02   0.50537E-02   0.51255E-02
 6122.25   0.49639E-02   0.50455E-02   0.51172E-02
 6135.85   0.49439E-02   0.50290E-02   0.51005E-02
 6149.46   0.49251E-02   0.50135E-02   0.50848E-02
 6163.06   0.49068E-02   0.49985E-02   0.50696E-02
 6176.67   0.48886E-02   0.49836E-02   0.50546E-02
 6190.27   0.48705E-02   0.49688E-02   0.50397E-02
 6203.88   0.48523E-02   0.49539E-02   0.50246E-02
 6217.48   0.48338E-02   0.49387E-02   0.50091E-02
 6231.09   0.48148E-02   0.49229E-02   0.49932E-02
 6244.69   0.47943E-02   0.49056E-02   0.49756E-02
 6258.30   0.47746E-02   0.48891E-02   0.49589E-02
 6271.90   0.47653E-02   0.48832E-02   0.49530E-02
 6285.51   0.47452E-02   0.48662E-02   0.49358E-02
 6299.11   0.47266E-02   0.48509E-02   0.49202E-02
 6312.72   0.47087E-02   0.48361E-02   0.49052E-02
 6326.32   0.46912E-02   0.48218E-02   0.48907E-02
 6339.93   0.46739E-02   0.48077E-02   0.48764E-02
 6353.53   0.46569E-02   0.47938E-02   0.48623E-02
 6367.14   0.46397E-02   0.47798E-02   0.48480E-02
 6380.74   0.46223E-02   0.47655E-02   0.48335E-02
 6394.35   0.46041E-02   0.47503E-02   0.48181E-02
 6407.95   0.45857E-02   0.47350E-02   0.48025E-02
 6421.56   0.45765E-02   0.47291E-02   0.47965E-02
 6435.16   0.45565E-02   0.47120E-02   0.47792E-02
 6448.77   0.45384E-02   0.46970E-02   0.47639E-02
 6462.37   0.45209E-02   0.46825E-02   0.47491E-02
 6475.98   0.45038E-02   0.46683E-02   0.47347E-02
 6489.58   0.44871E-02   0.46546E-02   0.47207E-02
 6503.19   0.44707E-02   0.46412E-02   0.47071E-02
 6516.79   0.44545E-02   0.46280E-02   0.46936E-02
 6530.40   0.44385E-02   0.46149E-02   0.46803E-02
 6544.00   0.44222E-02   0.46016E-02   0.46668E-02
 6557.61   0.44048E-02   0.45871E-02   0.46520E-02
 6571.21   0.43863E-02   0.45713E-02   0.46359E-02
 6584.82   0.43765E-02   0.45647E-02   0.46291E-02
 6598.42   0.43596E-02   0.45506E-02   0.46147E-02
 6612.03   0.43429E-02   0.45368E-02   0.46006E-02
 6625.63   0.43264E-02   0.45232E-02   0.45866E-02
 6639.24   0.43101E-02   0.45096E-02   0.45729E-02
 6652.84   0.42940E-02   0.44964E-02   0.45593E-02
 6666.45   0.42783E-02   0.44835E-02   0.45461E-02
 6680.05   0.42629E-02   0.44709E-02   0.45332E-02
 6693.66   0.42477E-02   0.44585E-02   0.45206E-02
 6707.26   0.42327E-02   0.44462E-02   0.45080E-02
 6720.87   0.42175E-02   0.44338E-02   0.44952E-02
 6734.47   0.42037E-02   0.44228E-02   0.44840E-02
 6748.08   0.41884E-02   0.44103E-02   0.44712E-02
 6761.68   0.41732E-02   0.43977E-02   0.44583E-02
 6775.29   0.41579E-02   0.43851E-02   0.44453E-02
 6788.89   0.41424E-02   0.43723E-02   0.44322E-02
 6802.50   0.41269E-02   0.43594E-02   0.44191E-02
 6816.10   0.41116E-02   0.43467E-02   0.44060E-02
 6829.71   0.40964E-02   0.43341E-02   0.43931E-02
 6843.31   0.40815E-02   0.43218E-02   0.43805E-02
 6856.92   0.40669E-02   0.43098E-02   0.43681E-02
 6870.52   0.40525E-02   0.42980E-02   0.43561E-02
 6884.13   0.40387E-02   0.42869E-02   0.43446E-02
 6897.73   0.40247E-02   0.42754E-02   0.43328E-02
 6911.34   0.40108E-02   0.42640E-02   0.43211E-02
 6924.94   0.39967E-02   0.42526E-02   0.43093E-02
 6938.55   0.39826E-02   0.42409E-02   0.42973E-02
 6952.15   0.39683E-02   0.42291E-02   0.42851E-02
 6965.76   0.39538E-02   0.42170E-02   0.42728E-02
 6979.36   0.39392E-02   0.42049E-02   0.42603E-02
 6992.97   0.39246E-02   0.41927E-02   0.42477E-02
 7006.57   0.39101E-02   0.41806E-02   0.42352E-02
 7020.18   0.38956E-02   0.41685E-02   0.42228E-02
 7033.78   0.38808E-02   0.41560E-02   0.42099E-02
 7047.39   0.38680E-02   0.41457E-02   0.41993E-02
 7060.99   0.38566E-02   0.41368E-02   0.41901E-02
 7074.60   0.38430E-02   0.41255E-02   0.41784E-02
 7088.20   0.38298E-02   0.41147E-02   0.41672E-02
 7101.81   0.38166E-02   0.41039E-02   0.41561E-02
 7115.41   0.38034E-02   0.40929E-02   0.41448E-02
 7129.02   0.37900E-02   0.40818E-02   0.41333E-02
 7142.62   0.37763E-02   0.40705E-02   0.41216E-02
 7156.23   0.37625E-02   0.40589E-02   0.41096E-02
 7169.83   0.37485E-02   0.40471E-02   0.40974E-02
 7183.44   0.37342E-02   0.40349E-02   0.40848E-02
 7197.04   0.37183E-02   0.40209E-02   0.40705E-02
 7210.65   0.37056E-02   0.40105E-02   0.40596E-02
 7224.25   0.36989E-02   0.40064E-02   0.40553E-02
 7237.86   0.36850E-02   0.39946E-02   0.40431E-02
 7251.46   0.36720E-02   0.39838E-02   0.40320E-02
 7265.07   0.36595E-02   0.39735E-02   0.40212E-02
 7278.67   0.36471E-02   0.39632E-02   0.40106E-02
 7292.28   0.36347E-02   0.39530E-02   0.40000E-02
 7305.88   0.36222E-02   0.39426E-02   0.39892E-02
 7319.49   0.36095E-02   0.39319E-02   0.39781E-02
 7333.09   0.35964E-02   0.39208E-02   0.39666E-02
 7346.70   0.35828E-02   0.39091E-02   0.39545E-02
 7360.30   0.35671E-02   0.38952E-02   0.39402E-02
 7373.91   0.35541E-02   0.38841E-02   0.39287E-02
 7387.51   0.35509E-02   0.38837E-02   0.39280E-02
 7401.12   0.35365E-02   0.38711E-02   0.39150E-02
 7414.72   0.35236E-02   0.38601E-02   0.39035E-02
 7428.33   0.35113E-02   0.38497E-02   0.38928E-02
 7441.93   0.34994E-02   0.38398E-02   0.38824E-02
 7455.54   0.34877E-02   0.38301E-02   0.38723E-02
 7469.14   0.34761E-02   0.38204E-02   0.38623E-02
 7482.75   0.34645E-02   0.38107E-02   0.38521E-02
 7496.35   0.34526E-02   0.38007E-02   0.38418E-02
 7509.96   0.34403E-02   0.37902E-02   0.38308E-02
 7523.56   0.34267E-02   0.37782E-02   0.38184E-02
 7537.17   0.34139E-02   0.37672E-02   0.38070E-02
 7550.77   0.34115E-02   0.37675E-02   0.38070E-02
 7564.38   0.33968E-02   0.37543E-02   0.37933E-02
 7577.98   0.33841E-02   0.37432E-02   0.37818E-02
 7591.59   0.33719E-02   0.37327E-02   0.37709E-02
 7605.19   0.33602E-02   0.37228E-02   0.37605E-02
 7618.80   0.33489E-02   0.37131E-02   0.37505E-02
 7632.40   0.33378E-02   0.37038E-02   0.37407E-02
 7646.01   0.33269E-02   0.36947E-02   0.37312E-02
 7659.61   0.33161E-02   0.36856E-02   0.37217E-02
 7673.22   0.33052E-02   0.36764E-02   0.37121E-02
 7686.82   0.32938E-02   0.36666E-02   0.37018E-02
 7700.43   0.32793E-02   0.36534E-02   0.36882E-02
 7714.03   0.32795E-02   0.36564E-02   0.36909E-02
 7727.64   0.32645E-02   0.36427E-02   0.36767E-02
 7741.24   0.32525E-02   0.36321E-02   0.36657E-02
 7754.85   0.32409E-02   0.36220E-02   0.36552E-02
 7768.45   0.32296E-02   0.36121E-02   0.36448E-02
 7782.06   0.32184E-02   0.36025E-02   0.36348E-02
 7795.66   0.32075E-02   0.35931E-02   0.36250E-02
 7809.27   0.31969E-02   0.35840E-02   0.36155E-02
 7822.87   0.31866E-02   0.35752E-02   0.36062E-02
 7836.48   0.31765E-02   0.35667E-02   0.35972E-02
 7850.08   0.31665E-02   0.35582E-02   0.35883E-02
 7863.69   0.31562E-02   0.35494E-02   0.35791E-02
 7877.29   0.31456E-02   0.35402E-02   0.35694E-02
 7890.90   0.31381E-02   0.35345E-02   0.35634E-02
 7904.50   0.31275E-02   0.35253E-02   0.35537E-02
 7918.11   0.31170E-02   0.35162E-02   0.35442E-02
 7931.71   0.31065E-02   0.35070E-02   0.35345E-02
 7945.32   0.30959E-02   0.34977E-02   0.35248E-02
 7958.92   0.30854E-02   0.34885E-02   0.35151E-02
 7972.53   0.30750E-02   0.34793E-02   0.35056E-02
 7986.13   0.30647E-02   0.34704E-02   0.34962E-02
 7999.74   0.30548E-02   0.34617E-02   0.34871E-02
 8013.34   0.30451E-02   0.34534E-02   0.34783E-02
 8026.95   0.30357E-02   0.34453E-02   0.34698E-02
 8040.55   0.30264E-02   0.34374E-02   0.34614E-02
 8054.16   0.30172E-02   0.34295E-02   0.34531E-02
 8067.76   0.30082E-02   0.34218E-02   0.34450E-02
 8081.37   0.29990E-02   0.34139E-02   0.34366E-02
 8094.97   0.29897E-02   0.34058E-02   0.34281E-02
 8108.58   0.29802E-02   0.33975E-02   0.34194E-02
 8122.18   0.29705E-02   0.33890E-02   0.34104E-02
 8135.79   0.29607E-02   0.33803E-02   0.34013E-02
 8149.39   0.29508E-02   0.33715E-02   0.33920E-02
 8163.00   0.29410E-02   0.33627E-02   0.33828E-02
 8176.60   0.29312E-02   0.33541E-02   0.33737E-02
 8190.21   0.29217E-02   0.33456E-02   0.33648E-02
 8203.81   0.29122E-02   0.33372E-02   0.33560E-02
 8217.42   0.29021E-02   0.33280E-02   0.33463E-02
 8231.02   0.28968E-02   0.33244E-02   0.33422E-02
 8244.63   0.28872E-02   0.33157E-02   0.33331E-02
 8258.23   0.28785E-02   0.33081E-02   0.33251E-02
 8271.84   0.28700E-02   0.33006E-02   0.33172E-02
 8285.44   0.28614E-02   0.32931E-02   0.33092E-02
 8299.05   0.28526E-02   0.32853E-02   0.33010E-02
 8312.65   0.28437E-02   0.32774E-02   0.32926E-02
 8326.26   0.28345E-02   0.32692E-02   0.32839E-02
 8339.86   0.28253E-02   0.32608E-02   0.32751E-02
 8353.47   0.28159E-02   0.32522E-02   0.32661E-02
 8367.07   0.28064E-02   0.32435E-02   0.32569E-02
 8380.68   0.27965E-02   0.32343E-02   0.32473E-02
 8394.28   0.27827E-02   0.32206E-02   0.32331E-02
 8407.89   0.27863E-02   0.32270E-02   0.32391E-02
 8421.49   0.27748E-02   0.32159E-02   0.32275E-02
 8435.10   0.27660E-02   0.32079E-02   0.32191E-02
 8448.70   0.27578E-02   0.32005E-02   0.32113E-02
 8462.31   0.27497E-02   0.31934E-02   0.32037E-02
 8475.91   0.27418E-02   0.31863E-02   0.31961E-02
 8489.52   0.27337E-02   0.31790E-02   0.31885E-02
 8503.12   0.27255E-02   0.31716E-02   0.31806E-02
 8516.73   0.27170E-02   0.31639E-02   0.31724E-02
 8530.33   0.27083E-02   0.31558E-02   0.31639E-02
 8543.94   0.26992E-02   0.31473E-02   0.31549E-02
 8557.54   0.26892E-02   0.31378E-02   0.31450E-02
 8571.15   0.26739E-02   0.31219E-02   0.31286E-02
 8584.75   0.26852E-02   0.31371E-02   0.31435E-02
 8598.36   0.26706E-02   0.31222E-02   0.31280E-02
 8611.96   0.26614E-02   0.31133E-02   0.31188E-02
 8625.57   0.26531E-02   0.31056E-02   0.31106E-02
 8639.17   0.26452E-02   0.30984E-02   0.31030E-02
 8652.78   0.26377E-02   0.30916E-02   0.30957E-02
 8666.38   0.26303E-02   0.30848E-02   0.30885E-02
 8679.99   0.26228E-02   0.30781E-02   0.30813E-02
 8693.59   0.26153E-02   0.30711E-02   0.30739E-02
 8707.20   0.26075E-02   0.30639E-02   0.30663E-02
 8720.80   0.25994E-02   0.30562E-02   0.30581E-02
 8734.41   0.25904E-02   0.30476E-02   0.30490E-02
 8748.01   0.25778E-02   0.30346E-02   0.30356E-02
 8761.62   0.25704E-02   0.30278E-02   0.30283E-02
 8775.22   0.25739E-02   0.30337E-02   0.30339E-02
 8788.83   0.25642E-02   0.30241E-02   0.30238E-02
 8802.43   0.25558E-02   0.30160E-02   0.30153E-02
 8816.04   0.25480E-02   0.30086E-02   0.30074E-02
 8829.64   0.25405E-02   0.30015E-02   0.29999E-02
 8843.25   0.25333E-02   0.29948E-02   0.29927E-02
 8856.85   0.25264E-02   0.29883E-02   0.29858E-02
 8870.46   0.25195E-02   0.29820E-02   0.29790E-02
 8884.06   0.25127E-02   0.29756E-02   0.29722E-02
 8897.67   0.25057E-02   0.29690E-02   0.29651E-02
 8911.27   0.24982E-02   0.29618E-02   0.29576E-02
 8924.88   0.24893E-02   0.29529E-02   0.29482E-02
 8938.48   0.24816E-02   0.29454E-02   0.29403E-02
 8952.09   0.24832E-02   0.29490E-02   0.29434E-02
 8965.69   0.24736E-02   0.29392E-02   0.29332E-02
 8979.30   0.24655E-02   0.29312E-02   0.29248E-02
 8992.90   0.24578E-02   0.29236E-02   0.29168E-02
 9006.51   0.24503E-02   0.29164E-02   0.29091E-02
 9020.11   0.24432E-02   0.29095E-02   0.29017E-02
 9033.72   0.24363E-02   0.29028E-02   0.28947E-02
 9047.32   0.24297E-02   0.28965E-02   0.28879E-02
 9060.93   0.24233E-02   0.28904E-02   0.28813E-02
 9074.53   0.24170E-02   0.28844E-02   0.28749E-02
 9088.14   0.24107E-02   0.28784E-02   0.28685E-02
 9101.74   0.24042E-02   0.28720E-02   0.28617E-02
 9115.35   0.23956E-02   0.28633E-02   0.28526E-02
 9128.95   0.23968E-02   0.28661E-02   0.28549E-02
 9142.56   0.23878E-02   0.28568E-02   0.28451E-02
 9156.16   0.23806E-02   0.28496E-02   0.28376E-02
 9169.77   0.23736E-02   0.28427E-02   0.28302E-02
 9183.37   0.23667E-02   0.28357E-02   0.28228E-02
 9196.98   0.23597E-02   0.28288E-02   0.28155E-02
 9210.58   0.23529E-02   0.28220E-02   0.28083E-02
 9224.19   0.23463E-02   0.28154E-02   0.28013E-02
 9237.79   0.23399E-02   0.28091E-02   0.27945E-02
 9251.40   0.23338E-02   0.28030E-02   0.27880E-02
 9265.00   0.23278E-02   0.27972E-02   0.27817E-02
 9278.61   0.23221E-02   0.27916E-02   0.27757E-02
 9292.21   0.23165E-02   0.27861E-02   0.27698E-02
 9305.82   0.23106E-02   0.27803E-02   0.27636E-02
 9319.42   0.23058E-02   0.27757E-02   0.27586E-02
 9333.03   0.23000E-02   0.27700E-02   0.27524E-02
 9346.63   0.22942E-02   0.27642E-02   0.27462E-02
 9360.24   0.22882E-02   0.27581E-02   0.27397E-02
 9373.84   0.22820E-02   0.27519E-02   0.27331E-02
 9387.45   0.22757E-02   0.27454E-02   0.27262E-02
 9401.05   0.22694E-02   0.27389E-02   0.27193E-02
 9414.66   0.22630E-02   0.27324E-02   0.27124E-02
 9428.26   0.22568E-02   0.27260E-02   0.27056E-02
 9441.87   0.22507E-02   0.27198E-02   0.26989E-02
 9455.47   0.22449E-02   0.27138E-02   0.26925E-02
 9469.08   0.22392E-02   0.27080E-02   0.26864E-02
 9482.68   0.22337E-02   0.27023E-02   0.26803E-02
 9496.29   0.22291E-02   0.26979E-02   0.26754E-02
 9509.89   0.22241E-02   0.26928E-02   0.26699E-02
 9523.50   0.22189E-02   0.26876E-02   0.26643E-02
 9537.10   0.22138E-02   0.26824E-02   0.26587E-02
 9550.71   0.22086E-02   0.26771E-02   0.26529E-02
 9564.31   0.22033E-02   0.26715E-02   0.26470E-02
 9577.92   0.21977E-02   0.26657E-02   0.26408E-02
 9591.52   0.21920E-02   0.26597E-02   0.26344E-02
 9605.13   0.21861E-02   0.26535E-02   0.26278E-02
 9618.73   0.21802E-02   0.26472E-02   0.26211E-02
 9632.34   0.21742E-02   0.26408E-02   0.26143E-02
 9645.94   0.21682E-02   0.26344E-02   0.26076E-02
 9659.55   0.21621E-02   0.26279E-02   0.26007E-02
 9673.15   0.21551E-02   0.26202E-02   0.25925E-02
 9686.76   0.21520E-02   0.26172E-02   0.25892E-02
 9700.36   0.21500E-02   0.26156E-02   0.25871E-02
 9713.97   0.21444E-02   0.26096E-02   0.25807E-02
 9727.57   0.21394E-02   0.26043E-02   0.25751E-02
 9741.18   0.21347E-02   0.25993E-02   0.25697E-02
 9754.78   0.21299E-02   0.25943E-02   0.25642E-02
 9768.39   0.21251E-02   0.25892E-02   0.25587E-02
 9781.99   0.21201E-02   0.25838E-02   0.25530E-02
 9795.60   0.21149E-02   0.25782E-02   0.25470E-02
 9809.20   0.21095E-02   0.25723E-02   0.25407E-02
 9822.81   0.21039E-02   0.25661E-02   0.25341E-02
 9836.41   0.20980E-02   0.25596E-02   0.25272E-02
 9850.02   0.20916E-02   0.25524E-02   0.25197E-02
 9863.62   0.20828E-02   0.25423E-02   0.25093E-02
 9877.23   0.20802E-02   0.25398E-02   0.25063E-02
 9890.83   0.20830E-02   0.25437E-02   0.25098E-02
 9904.44   0.20763E-02   0.25362E-02   0.25019E-02
 9918.04   0.20711E-02   0.25303E-02   0.24957E-02
 9931.65   0.20663E-02   0.25251E-02   0.24901E-02
 9945.25   0.20619E-02   0.25202E-02   0.24848E-02
 9958.86   0.20575E-02   0.25154E-02   0.24797E-02
 9972.46   0.20532E-02   0.25106E-02   0.24745E-02
 9986.07   0.20487E-02   0.25057E-02   0.24692E-02
 9999.67   0.20441E-02   0.25005E-02   0.24636E-02
