   13.60   0.32812E-01   0.32890E-01   0.16419E-01
   27.21   0.39444E-01   0.39257E-01   0.30631E-01
   40.81   0.34263E-01   0.34125E-01   0.29348E-01
   54.42   0.29136E-01   0.29005E-01   0.26037E-01
   68.02   0.24610E-01   0.24590E-01   0.22607E-01
   81.63   0.20724E-01   0.20837E-01   0.19452E-01
   95.23   0.17726E-01   0.17704E-01   0.16704E-01
  108.84   0.15160E-01   0.15142E-01   0.14392E-01
  122.44   0.12981E-01   0.13057E-01   0.12486E-01
  136.05   0.11419E-01   0.11372E-01   0.10924E-01
  149.65   0.99145E-02   0.99941E-02   0.96373E-02
  163.26   0.88984E-02   0.88623E-02   0.85732E-02
  176.86   0.78476E-02   0.79197E-02   0.76823E-02
  190.47   0.71564E-02   0.71299E-02   0.69324E-02
  204.07   0.63972E-02   0.64591E-02   0.62939E-02
  217.68   0.58964E-02   0.58901E-02   0.57490E-02
  231.28   0.53651E-02   0.53986E-02   0.52794E-02
  244.89   0.49458E-02   0.49769E-02   0.48727E-02
  258.49   0.46114E-02   0.46068E-02   0.45174E-02
  272.10   0.42273E-02   0.42833E-02   0.42048E-02
  285.70   0.39994E-02   0.39955E-02   0.39262E-02
  299.31   0.37099E-02   0.37369E-02   0.36766E-02
  312.91   0.34639E-02   0.35054E-02   0.34510E-02
  326.52   0.32986E-02   0.32933E-02   0.32451E-02
  340.12   0.30587E-02   0.30996E-02   0.30568E-02
  353.73   0.28905E-02   0.29227E-02   0.28834E-02
  367.33   0.27582E-02   0.27584E-02   0.27234E-02
  380.94   0.25653E-02   0.26075E-02   0.25760E-02
  394.54   0.24374E-02   0.24688E-02   0.24395E-02
  408.15   0.23369E-02   0.23391E-02   0.23127E-02
  421.75   0.21835E-02   0.22202E-02   0.21962E-02
  435.36   0.20745E-02   0.21104E-02   0.20878E-02
  448.96   0.20036E-02   0.20074E-02   0.19867E-02
  462.57   0.18865E-02   0.19125E-02   0.18936E-02
  476.17   0.17835E-02   0.18245E-02   0.18067E-02
  489.78   0.17311E-02   0.17422E-02   0.17255E-02
  503.38   0.16528E-02   0.16653E-02   0.16500E-02
  516.99   0.15547E-02   0.15938E-02   0.15794E-02
  530.59   0.15019E-02   0.15273E-02   0.15134E-02
  544.20   0.14591E-02   0.14645E-02   0.14517E-02
  557.80   0.13809E-02   0.14056E-02   0.13937E-02
  571.41   0.13144E-02   0.13510E-02   0.13394E-02
  585.01   0.12849E-02   0.12996E-02   0.12885E-02
  598.62   0.12426E-02   0.12510E-02   0.12407E-02
  612.22   0.11755E-02   0.12054E-02   0.11956E-02
  625.83   0.11307E-02   0.11627E-02   0.11531E-02
  639.43   0.11108E-02   0.11223E-02   0.11131E-02
  653.04   0.10723E-02   0.10838E-02   0.10751E-02
  666.64   0.10167E-02   0.10475E-02   0.10392E-02
  680.25   0.98342E-03   0.10134E-02   0.10051E-02
  693.85   0.96898E-03   0.98066E-03   0.97259E-03
  707.46   0.93758E-03   0.94930E-03   0.94168E-03
  721.06   0.89083E-03   0.91954E-03   0.91214E-03
  734.67   0.86172E-03   0.89144E-03   0.88402E-03
  748.27   0.85091E-03   0.86431E-03   0.85704E-03
  761.88   0.82837E-03   0.83819E-03   0.83127E-03
  775.48   0.78895E-03   0.81329E-03   0.80657E-03
  789.09   0.75965E-03   0.78974E-03   0.78299E-03
  802.69   0.74970E-03   0.76701E-03   0.76031E-03
  816.30   0.73654E-03   0.74506E-03   0.73860E-03
  829.90   0.70585E-03   0.72404E-03   0.71780E-03
  843.51   0.67517E-03   0.70411E-03   0.69787E-03
  857.11   0.66213E-03   0.68499E-03   0.67871E-03
  870.72   0.65617E-03   0.66648E-03   0.66032E-03
  884.32   0.63719E-03   0.64864E-03   0.64269E-03
  897.93   0.60820E-03   0.63164E-03   0.62578E-03
  911.53   0.58883E-03   0.61543E-03   0.60951E-03
  925.14   0.58365E-03   0.59978E-03   0.59386E-03
  938.74   0.57638E-03   0.58459E-03   0.57882E-03
  952.35   0.55557E-03   0.56998E-03   0.56436E-03
  965.95   0.53161E-03   0.55607E-03   0.55046E-03
  979.56   0.51958E-03   0.54275E-03   0.53707E-03
  993.16   0.51714E-03   0.52982E-03   0.52417E-03
 1006.77   0.50897E-03   0.51724E-03   0.51173E-03
 1020.37   0.48939E-03   0.50520E-03   0.49980E-03
 1033.98   0.46979E-03   0.49370E-03   0.48828E-03
 1047.58   0.46151E-03   0.48266E-03   0.47717E-03
 1061.19   0.46034E-03   0.47190E-03   0.46645E-03
 1074.79   0.45310E-03   0.46141E-03   0.45607E-03
 1088.40   0.43604E-03   0.45140E-03   0.44614E-03
 1102.00   0.41919E-03   0.44180E-03   0.43651E-03
 1115.61   0.41222E-03   0.43256E-03   0.42721E-03
 1129.21   0.41189E-03   0.42353E-03   0.41820E-03
 1142.82   0.40700E-03   0.41478E-03   0.40954E-03
 1156.42   0.39290E-03   0.40624E-03   0.40108E-03
 1170.03   0.37746E-03   0.39808E-03   0.39291E-03
 1183.63   0.36996E-03   0.39023E-03   0.38500E-03
 1197.24   0.36973E-03   0.38255E-03   0.37732E-03
 1210.84   0.36757E-03   0.37506E-03   0.36989E-03
 1224.45   0.35712E-03   0.36773E-03   0.36264E-03
 1238.05   0.34279E-03   0.36068E-03   0.35560E-03
 1251.66   0.33355E-03   0.35389E-03   0.34877E-03
 1265.26   0.33215E-03   0.34729E-03   0.34213E-03
 1278.87   0.33235E-03   0.34080E-03   0.33568E-03
 1292.47   0.32644E-03   0.33443E-03   0.32938E-03
 1306.08   0.31435E-03   0.32826E-03   0.32326E-03
 1319.68   0.30331E-03   0.32233E-03   0.31730E-03
 1333.29   0.29912E-03   0.31658E-03   0.31151E-03
 1346.89   0.29993E-03   0.31095E-03   0.30587E-03
 1360.50   0.29857E-03   0.30540E-03   0.30038E-03
 1374.10   0.29066E-03   0.29998E-03   0.29502E-03
 1387.71   0.27940E-03   0.29475E-03   0.28980E-03
 1401.31   0.27159E-03   0.28970E-03   0.28472E-03
 1414.92   0.27013E-03   0.28479E-03   0.27978E-03
 1428.52   0.27127E-03   0.27996E-03   0.27497E-03
 1442.13   0.26874E-03   0.27521E-03   0.27027E-03
 1455.73   0.26045E-03   0.27058E-03   0.26570E-03
 1469.34   0.25059E-03   0.26611E-03   0.26123E-03
 1482.94   0.24484E-03   0.26178E-03   0.25686E-03
 1496.55   0.24458E-03   0.25759E-03   0.25264E-03
 1510.15   0.24574E-03   0.25343E-03   0.24850E-03
 1523.76   0.24305E-03   0.24934E-03   0.24447E-03
 1537.36   0.23539E-03   0.24536E-03   0.24053E-03
 1550.97   0.22678E-03   0.24152E-03   0.23668E-03
 1564.57   0.22202E-03   0.23778E-03   0.23291E-03
 1578.18   0.22215E-03   0.23417E-03   0.22929E-03
 1591.78   0.22351E-03   0.23057E-03   0.22572E-03
 1605.39   0.22148E-03   0.22704E-03   0.22223E-03
 1618.99   0.21488E-03   0.22360E-03   0.21883E-03
 1632.60   0.20703E-03   0.22026E-03   0.21550E-03
 1646.20   0.20235E-03   0.21707E-03   0.21228E-03
 1659.81   0.20210E-03   0.21390E-03   0.20910E-03
 1673.41   0.20363E-03   0.21078E-03   0.20600E-03
 1687.02   0.20273E-03   0.20772E-03   0.20297E-03
 1700.62   0.19756E-03   0.20472E-03   0.20002E-03
 1714.23   0.19035E-03   0.20181E-03   0.19712E-03
 1727.83   0.18515E-03   0.19902E-03   0.19432E-03
 1741.44   0.18400E-03   0.19626E-03   0.19154E-03
 1755.04   0.18550E-03   0.19355E-03   0.18883E-03
 1768.65   0.18596E-03   0.19087E-03   0.18619E-03
 1782.25   0.18274E-03   0.18823E-03   0.18360E-03
 1795.86   0.17657E-03   0.18567E-03   0.18106E-03
 1809.46   0.17078E-03   0.18320E-03   0.17858E-03
 1823.07   0.16824E-03   0.18078E-03   0.17614E-03
 1836.67   0.16903E-03   0.17839E-03   0.17375E-03
 1850.28   0.17054E-03   0.17603E-03   0.17141E-03
 1863.88   0.16958E-03   0.17369E-03   0.16911E-03
 1877.49   0.16519E-03   0.17141E-03   0.16687E-03
 1891.09   0.15935E-03   0.16919E-03   0.16466E-03
 1904.70   0.15517E-03   0.16703E-03   0.16250E-03
 1918.30   0.15430E-03   0.16492E-03   0.16037E-03
 1931.91   0.15574E-03   0.16282E-03   0.15828E-03
 1945.51   0.15666E-03   0.16074E-03   0.15623E-03
 1959.12   0.15472E-03   0.15869E-03   0.15422E-03
 1972.72   0.15000E-03   0.15669E-03   0.15225E-03
 1986.33   0.14479E-03   0.15475E-03   0.15031E-03
 1999.93   0.14171E-03   0.15286E-03   0.14841E-03
 2013.54   0.14165E-03   0.15100E-03   0.14654E-03
 2027.14   0.14319E-03   0.14915E-03   0.14471E-03
 2040.75   0.14375E-03   0.14731E-03   0.14290E-03
 2054.35   0.14154E-03   0.14549E-03   0.14112E-03
 2067.96   0.13706E-03   0.14375E-03   0.13940E-03
 2081.56   0.13249E-03   0.14204E-03   0.13770E-03
 2095.17   0.13005E-03   0.14037E-03   0.13602E-03
 2108.77   0.13031E-03   0.13873E-03   0.13438E-03
 2122.38   0.13189E-03   0.13710E-03   0.13276E-03
 2135.98   0.13247E-03   0.13547E-03   0.13116E-03
 2149.59   0.13055E-03   0.13390E-03   0.12962E-03
 2163.19   0.12649E-03   0.13232E-03   0.12808E-03
 2176.80   0.12231E-03   0.13081E-03   0.12657E-03
 2190.40   0.12000E-03   0.12933E-03   0.12509E-03
 2204.01   0.12015E-03   0.12788E-03   0.12363E-03
 2217.61   0.12167E-03   0.12644E-03   0.12220E-03
 2231.22   0.12249E-03   0.12499E-03   0.12078E-03
 2244.82   0.12112E-03   0.12359E-03   0.11942E-03
 2258.43   0.11760E-03   0.12220E-03   0.11806E-03
 2272.03   0.11361E-03   0.12085E-03   0.11672E-03
 2285.64   0.11102E-03   0.11953E-03   0.11541E-03
 2299.24   0.11071E-03   0.11825E-03   0.11412E-03
 2312.85   0.11202E-03   0.11697E-03   0.11285E-03
 2326.45   0.11318E-03   0.11568E-03   0.11158E-03
 2340.06   0.11263E-03   0.11444E-03   0.11038E-03
 2353.66   0.10992E-03   0.11320E-03   0.10917E-03
 2367.27   0.10620E-03   0.11199E-03   0.10798E-03
 2380.87   0.10323E-03   0.11082E-03   0.10681E-03
 2394.48   0.10221E-03   0.10967E-03   0.10566E-03
 2408.08   0.10306E-03   0.10854E-03   0.10453E-03
 2421.69   0.10451E-03   0.10740E-03   0.10342E-03
 2435.29   0.10491E-03   0.10629E-03   0.10233E-03
 2448.90   0.10332E-03   0.10518E-03   0.10125E-03
 2462.50   0.10017E-03   0.10409E-03   0.10019E-03
 2476.11   0.96907E-04   0.10303E-03   0.99143E-04
 2489.71   0.94981E-04   0.10200E-03   0.98115E-04
 2503.32   0.94962E-04   0.10099E-03   0.97104E-04
 2516.92   0.96238E-04   0.99983E-04   0.96109E-04
 2530.53   0.97403E-04   0.98979E-04   0.95130E-04
 2544.13   0.97124E-04   0.97982E-04   0.94163E-04
 2557.74   0.95021E-04   0.96998E-04   0.93209E-04
 2571.34   0.91901E-04   0.96036E-04   0.92268E-04
 2584.95   0.89178E-04   0.95100E-04   0.91340E-04
 2598.55   0.87963E-04   0.94183E-04   0.90426E-04
 2612.16   0.88437E-04   0.93279E-04   0.89526E-04
 2625.76   0.89784E-04   0.92382E-04   0.88644E-04
 2639.37   0.90662E-04   0.91483E-04   0.87771E-04
 2652.97   0.90029E-04   0.90591E-04   0.86909E-04
 2666.58   0.87803E-04   0.89713E-04   0.86058E-04
 2680.18   0.84889E-04   0.88854E-04   0.85217E-04
 2693.79   0.82574E-04   0.88015E-04   0.84386E-04
 2707.39   0.81737E-04   0.87186E-04   0.83561E-04
 2721.00   0.82423E-04   0.86392E-04   0.82773E-04
 2734.60   0.83752E-04   0.85577E-04   0.81975E-04
 2748.21   0.84532E-04   0.84768E-04   0.81192E-04
 2761.81   0.83876E-04   0.83967E-04   0.80420E-04
 2775.42   0.81775E-04   0.83177E-04   0.79657E-04
 2789.02   0.79085E-04   0.82405E-04   0.78903E-04
 2802.63   0.76962E-04   0.81647E-04   0.78154E-04
 2816.23   0.76199E-04   0.80904E-04   0.77417E-04
 2829.84   0.76833E-04   0.80188E-04   0.76709E-04
 2843.44   0.78087E-04   0.79456E-04   0.75993E-04
 2857.05   0.78886E-04   0.78727E-04   0.75289E-04
 2870.65   0.78393E-04   0.78005E-04   0.74596E-04
 2884.26   0.76533E-04   0.77294E-04   0.73911E-04
 2897.86   0.74021E-04   0.76597E-04   0.73233E-04
 2911.47   0.71901E-04   0.75907E-04   0.72554E-04
 2925.07   0.71012E-04   0.75270E-04   0.71922E-04
 2938.68   0.71413E-04   0.74601E-04   0.71261E-04
 2952.28   0.72586E-04   0.73941E-04   0.70616E-04
 2965.89   0.73552E-04   0.73285E-04   0.69982E-04
 2979.49   0.73454E-04   0.72633E-04   0.69358E-04
 2993.10   0.72039E-04   0.71990E-04   0.68742E-04
 3006.70   0.69797E-04   0.71360E-04   0.68132E-04
 3020.31   0.67649E-04   0.70740E-04   0.67525E-04
 3033.91   0.66455E-04   0.70155E-04   0.66947E-04
 3047.52   0.66498E-04   0.69556E-04   0.66355E-04
 3061.12   0.67481E-04   0.68962E-04   0.65774E-04
 3074.73   0.68605E-04   0.68369E-04   0.65201E-04
 3088.33   0.68994E-04   0.67779E-04   0.64637E-04
 3101.94   0.68169E-04   0.67197E-04   0.64081E-04
 3115.54   0.66319E-04   0.66625E-04   0.63533E-04
 3129.15   0.64171E-04   0.66063E-04   0.62987E-04
 3142.75   0.62593E-04   0.65526E-04   0.62460E-04
 3156.36   0.62100E-04   0.64987E-04   0.61929E-04
 3169.96   0.62688E-04   0.64452E-04   0.61404E-04
 3183.57   0.63812E-04   0.63918E-04   0.60886E-04
 3197.17   0.64655E-04   0.63384E-04   0.60375E-04
 3210.78   0.64542E-04   0.62854E-04   0.59871E-04
 3224.38   0.63301E-04   0.62333E-04   0.59375E-04
 3237.99   0.61352E-04   0.61824E-04   0.58886E-04
 3251.59   0.59464E-04   0.61327E-04   0.58403E-04
 3265.20   0.58334E-04   0.60840E-04   0.57924E-04
 3278.80   0.58277E-04   0.60358E-04   0.57450E-04
 3292.41   0.59091E-04   0.59876E-04   0.56981E-04
 3306.01   0.60160E-04   0.59394E-04   0.56517E-04
 3319.62   0.60739E-04   0.58912E-04   0.56059E-04
 3333.22   0.60327E-04   0.58435E-04   0.55606E-04
 3346.83   0.58934E-04   0.57967E-04   0.55162E-04
 3360.43   0.57061E-04   0.57512E-04   0.54724E-04
 3374.04   0.55424E-04   0.57065E-04   0.54289E-04
 3387.64   0.54599E-04   0.56626E-04   0.53859E-04
 3401.25   0.54769E-04   0.56191E-04   0.53433E-04
 3414.85   0.55662E-04   0.55756E-04   0.53011E-04
 3428.46   0.56667E-04   0.55318E-04   0.52592E-04
 3442.06   0.57118E-04   0.54881E-04   0.52177E-04
 3455.67   0.56610E-04   0.54442E-04   0.51763E-04
 3469.27   0.55245E-04   0.54034E-04   0.51376E-04
 3482.88   0.53475E-04   0.53614E-04   0.50974E-04
 3496.48   0.51986E-04   0.53209E-04   0.50580E-04
 3510.09   0.51276E-04   0.52811E-04   0.50191E-04
 3523.69   0.51488E-04   0.52416E-04   0.49806E-04
 3537.30   0.52355E-04   0.52021E-04   0.49423E-04
 3550.90   0.53316E-04   0.51622E-04   0.49043E-04
 3564.51   0.53759E-04   0.51220E-04   0.48663E-04
 3578.11   0.53312E-04   0.50815E-04   0.48282E-04
 3591.72   0.52076E-04   0.50453E-04   0.47940E-04
 3605.32   0.50426E-04   0.50071E-04   0.47575E-04
 3618.93   0.48997E-04   0.49700E-04   0.47217E-04
 3632.53   0.48265E-04   0.49338E-04   0.46864E-04
 3646.14   0.48394E-04   0.48979E-04   0.46514E-04
 3659.74   0.49179E-04   0.48619E-04   0.46167E-04
 3673.35   0.50130E-04   0.48256E-04   0.45820E-04
 3686.95   0.50668E-04   0.47881E-04   0.45467E-04
 3700.56   0.50464E-04   0.47554E-04   0.45162E-04
 3714.16   0.49399E-04   0.47188E-04   0.44818E-04
 3727.77   0.47879E-04   0.46838E-04   0.44485E-04
 3741.37   0.46443E-04   0.46498E-04   0.44159E-04
 3754.98   0.45572E-04   0.46166E-04   0.43837E-04
 3768.58   0.45500E-04   0.45839E-04   0.43519E-04
 3782.19   0.46123E-04   0.45512E-04   0.43203E-04
 3795.79   0.47051E-04   0.45182E-04   0.42889E-04
 3809.40   0.47754E-04   0.44846E-04   0.42572E-04
 3823.00   0.47832E-04   0.44537E-04   0.42284E-04
 3836.61   0.47087E-04   0.44206E-04   0.41975E-04
 3850.21   0.45763E-04   0.43885E-04   0.41672E-04
 3863.82   0.44320E-04   0.43571E-04   0.41374E-04
 3877.42   0.43248E-04   0.43266E-04   0.41079E-04
 3891.03   0.42867E-04   0.42966E-04   0.40789E-04
 3904.63   0.43210E-04   0.42669E-04   0.40502E-04
 3918.24   0.44022E-04   0.42371E-04   0.40217E-04
 3931.84   0.44847E-04   0.42066E-04   0.39930E-04
 3945.45   0.45247E-04   0.41779E-04   0.39663E-04
 3959.05   0.44910E-04   0.41479E-04   0.39383E-04
 3972.66   0.43890E-04   0.41183E-04   0.39107E-04
 3986.26   0.42519E-04   0.40894E-04   0.38834E-04
 3999.87   0.41261E-04   0.40612E-04   0.38565E-04
 4013.47   0.40513E-04   0.40336E-04   0.38299E-04
 4027.08   0.40461E-04   0.40065E-04   0.38037E-04
 4040.68   0.41018E-04   0.39795E-04   0.37778E-04
 4054.29   0.41861E-04   0.39523E-04   0.37520E-04
 4067.89   0.42553E-04   0.39254E-04   0.37269E-04
 4081.50   0.42703E-04   0.38982E-04   0.37016E-04
 4095.10   0.42158E-04   0.38712E-04   0.36765E-04
 4108.71   0.41054E-04   0.38445E-04   0.36516E-04
 4122.31   0.39756E-04   0.38183E-04   0.36269E-04
 4135.92   0.38691E-04   0.37927E-04   0.36025E-04
 4149.52   0.38178E-04   0.37677E-04   0.35783E-04
 4163.13   0.38319E-04   0.37429E-04   0.35546E-04
 4176.73   0.38974E-04   0.37184E-04   0.35312E-04
 4190.34   0.39803E-04   0.36938E-04   0.35080E-04
 4203.94   0.40396E-04   0.36691E-04   0.34850E-04
 4217.55   0.40434E-04   0.36444E-04   0.34622E-04
 4231.15   0.39822E-04   0.36198E-04   0.34395E-04
 4244.76   0.38735E-04   0.35955E-04   0.34169E-04
 4258.36   0.37528E-04   0.35717E-04   0.33945E-04
 4271.97   0.36588E-04   0.35483E-04   0.33722E-04
 4285.57   0.36187E-04   0.35253E-04   0.33501E-04
 4299.18   0.36394E-04   0.35027E-04   0.33285E-04
 4312.78   0.37060E-04   0.34809E-04   0.33078E-04
 4326.39   0.37845E-04   0.34581E-04   0.32864E-04
 4339.99   0.38385E-04   0.34354E-04   0.32655E-04
 4353.60   0.38390E-04   0.34128E-04   0.32447E-04
 4367.20   0.37786E-04   0.33904E-04   0.32241E-04
 4380.81   0.36739E-04   0.33682E-04   0.32035E-04
 4394.41   0.35581E-04   0.33463E-04   0.31830E-04
 4408.02   0.34669E-04   0.33248E-04   0.31626E-04
 4421.62   0.34253E-04   0.33031E-04   0.31418E-04
 4435.23   0.34451E-04   0.32856E-04   0.31251E-04
 4448.83   0.35035E-04   0.32632E-04   0.31040E-04
 4462.44   0.35784E-04   0.32423E-04   0.30844E-04
 4476.04   0.36335E-04   0.32215E-04   0.30652E-04
 4489.65   0.36408E-04   0.32008E-04   0.30462E-04
 4503.25   0.35908E-04   0.31802E-04   0.30274E-04
 4516.86   0.34961E-04   0.31598E-04   0.30086E-04
 4530.46   0.33859E-04   0.31397E-04   0.29898E-04
 4544.07   0.32933E-04   0.31197E-04   0.29709E-04
 4557.67   0.32444E-04   0.30999E-04   0.29520E-04
 4571.28   0.32523E-04   0.30832E-04   0.29361E-04
 4584.88   0.33018E-04   0.30635E-04   0.29174E-04
 4598.49   0.33729E-04   0.30442E-04   0.28994E-04
 4612.09   0.34332E-04   0.30250E-04   0.28817E-04
 4625.70   0.34541E-04   0.30059E-04   0.28642E-04
 4639.30   0.34218E-04   0.29870E-04   0.28470E-04
 4652.91   0.33424E-04   0.29683E-04   0.28298E-04
 4666.51   0.32395E-04   0.29498E-04   0.28126E-04
 4680.12   0.31437E-04   0.29312E-04   0.27951E-04
 4693.72   0.30816E-04   0.29119E-04   0.27768E-04
 4707.33   0.30738E-04   0.28975E-04   0.27631E-04
 4720.93   0.31095E-04   0.28796E-04   0.27461E-04
 4734.54   0.31751E-04   0.28618E-04   0.27295E-04
 4748.14   0.32427E-04   0.28441E-04   0.27132E-04
 4761.75   0.32830E-04   0.28265E-04   0.26971E-04
 4775.35   0.32764E-04   0.28090E-04   0.26812E-04
 4788.96   0.32204E-04   0.27918E-04   0.26655E-04
 4802.56   0.31302E-04   0.27747E-04   0.26498E-04
 4816.17   0.30324E-04   0.27575E-04   0.26338E-04
 4829.77   0.29583E-04   0.27433E-04   0.26204E-04
 4843.38   0.29218E-04   0.27261E-04   0.26042E-04
 4856.98   0.29330E-04   0.27098E-04   0.25887E-04
 4870.59   0.29823E-04   0.26935E-04   0.25734E-04
 4884.19   0.30480E-04   0.26772E-04   0.25583E-04
 4897.80   0.31029E-04   0.26609E-04   0.25434E-04
 4911.40   0.31227E-04   0.26448E-04   0.25287E-04
 4925.01   0.30956E-04   0.26288E-04   0.25142E-04
 4938.61   0.30265E-04   0.26130E-04   0.24999E-04
 4952.22   0.29348E-04   0.25975E-04   0.24856E-04
 4965.82   0.28478E-04   0.25829E-04   0.24720E-04
 4979.43   0.27881E-04   0.25678E-04   0.24578E-04
 4993.03   0.27707E-04   0.25529E-04   0.24437E-04
 5006.64   0.27963E-04   0.25381E-04   0.24297E-04
 5020.24   0.28522E-04   0.25232E-04   0.24158E-04
 5033.85   0.29159E-04   0.25082E-04   0.24020E-04
 5047.45   0.29617E-04   0.24932E-04   0.23883E-04
 5061.06   0.29695E-04   0.24783E-04   0.23749E-04
 5074.66   0.29321E-04   0.24636E-04   0.23616E-04
 5088.27   0.28582E-04   0.24492E-04   0.23486E-04
 5101.87   0.27681E-04   0.24352E-04   0.23356E-04
 5115.48   0.26868E-04   0.24214E-04   0.23228E-04
 5129.08   0.26353E-04   0.24078E-04   0.23100E-04
 5142.69   0.26248E-04   0.23943E-04   0.22973E-04
 5156.29   0.26539E-04   0.23807E-04   0.22845E-04
 5169.90   0.27092E-04   0.23671E-04   0.22718E-04
 5183.50   0.27691E-04   0.23533E-04   0.22591E-04
 5197.11   0.28102E-04   0.23395E-04   0.22466E-04
 5210.71   0.28149E-04   0.23257E-04   0.22342E-04
 5224.32   0.27777E-04   0.23120E-04   0.22218E-04
 5237.92   0.27080E-04   0.22988E-04   0.22099E-04
 5251.53   0.26252E-04   0.22864E-04   0.21984E-04
 5265.13   0.25511E-04   0.22737E-04   0.21866E-04
 5278.74   0.25054E-04   0.22612E-04   0.21749E-04
 5292.34   0.24976E-04   0.22488E-04   0.21633E-04
 5305.95   0.25264E-04   0.22364E-04   0.21516E-04
 5319.55   0.25791E-04   0.22239E-04   0.21400E-04
 5333.16   0.26358E-04   0.22112E-04   0.21284E-04
 5346.76   0.26749E-04   0.21983E-04   0.21167E-04
 5360.37   0.26797E-04   0.21853E-04   0.21050E-04
 5373.97   0.26457E-04   0.21728E-04   0.20937E-04
 5387.58   0.25818E-04   0.21619E-04   0.20840E-04
 5401.18   0.25019E-04   0.21496E-04   0.20727E-04
 5414.79   0.24297E-04   0.21378E-04   0.20617E-04
 5428.39   0.23833E-04   0.21263E-04   0.20510E-04
 5442.00   0.23726E-04   0.21149E-04   0.20403E-04
 5455.60   0.23976E-04   0.21035E-04   0.20297E-04
 5469.21   0.24476E-04   0.20920E-04   0.20190E-04
 5482.81   0.25048E-04   0.20803E-04   0.20083E-04
 5496.42   0.25484E-04   0.20683E-04   0.19974E-04
 5510.02   0.25604E-04   0.20554E-04   0.19857E-04
 5523.63   0.25415E-04   0.20480E-04   0.19795E-04
 5537.23   0.24819E-04   0.20348E-04   0.19675E-04
 5550.84   0.24058E-04   0.20233E-04   0.19570E-04
 5564.44   0.23314E-04   0.20123E-04   0.19468E-04
 5578.05   0.22771E-04   0.20016E-04   0.19369E-04
 5591.65   0.22548E-04   0.19911E-04   0.19270E-04
 5605.26   0.22672E-04   0.19807E-04   0.19172E-04
 5618.86   0.23076E-04   0.19701E-04   0.19074E-04
 5632.47   0.23610E-04   0.19594E-04   0.18976E-04
 5646.07   0.24084E-04   0.19482E-04   0.18875E-04
 5659.68   0.24324E-04   0.19370E-04   0.18773E-04
 5673.28   0.24264E-04   0.19288E-04   0.18702E-04
 5686.89   0.23823E-04   0.19174E-04   0.18599E-04
 5700.49   0.23155E-04   0.19066E-04   0.18502E-04
 5714.10   0.22427E-04   0.18963E-04   0.18407E-04
 5727.70   0.21820E-04   0.18863E-04   0.18314E-04
 5741.31   0.21474E-04   0.18765E-04   0.18223E-04
 5754.91   0.21454E-04   0.18668E-04   0.18133E-04
 5768.52   0.21734E-04   0.18572E-04   0.18043E-04
 5782.12   0.22207E-04   0.18474E-04   0.17953E-04
 5795.73   0.22708E-04   0.18372E-04   0.17859E-04
 5809.33   0.23060E-04   0.18266E-04   0.17764E-04
 5822.94   0.23167E-04   0.18189E-04   0.17696E-04
 5836.54   0.22906E-04   0.18085E-04   0.17604E-04
 5850.15   0.22364E-04   0.17986E-04   0.17514E-04
 5863.75   0.21671E-04   0.17889E-04   0.17426E-04
 5877.36   0.20999E-04   0.17794E-04   0.17339E-04
 5890.96   0.20506E-04   0.17702E-04   0.17253E-04
 5904.57   0.20297E-04   0.17613E-04   0.17169E-04
 5918.17   0.20398E-04   0.17524E-04   0.17086E-04
 5931.78   0.20756E-04   0.17435E-04   0.17004E-04
 5945.38   0.21247E-04   0.17344E-04   0.16921E-04
 5958.99   0.21705E-04   0.17249E-04   0.16834E-04
 5972.59   0.21999E-04   0.17169E-04   0.16764E-04
 5986.20   0.21984E-04   0.17077E-04   0.16681E-04
 5999.80   0.21659E-04   0.16985E-04   0.16599E-04
 6013.41   0.21095E-04   0.16894E-04   0.16517E-04
 6027.01   0.20432E-04   0.16805E-04   0.16436E-04
 6040.62   0.19831E-04   0.16718E-04   0.16356E-04
 6054.22   0.19429E-04   0.16633E-04   0.16277E-04
 6067.83   0.19306E-04   0.16550E-04   0.16199E-04
 6081.43   0.19469E-04   0.16468E-04   0.16123E-04
 6095.04   0.19853E-04   0.16387E-04   0.16047E-04
 6108.64   0.20331E-04   0.16304E-04   0.15972E-04
 6122.25   0.20754E-04   0.16222E-04   0.15899E-04
 6135.85   0.20976E-04   0.16139E-04   0.15824E-04
 6149.46   0.20912E-04   0.16055E-04   0.15750E-04
 6163.06   0.20560E-04   0.15971E-04   0.15675E-04
 6176.67   0.19997E-04   0.15887E-04   0.15600E-04
 6190.27   0.19361E-04   0.15805E-04   0.15525E-04
 6203.88   0.18801E-04   0.15725E-04   0.15450E-04
 6217.48   0.18440E-04   0.15646E-04   0.15377E-04
 6231.09   0.18347E-04   0.15569E-04   0.15305E-04
 6244.69   0.18521E-04   0.15492E-04   0.15233E-04
 6258.30   0.18900E-04   0.15418E-04   0.15165E-04
 6271.90   0.19363E-04   0.15343E-04   0.15097E-04
 6285.51   0.19763E-04   0.15267E-04   0.15028E-04
 6299.11   0.19973E-04   0.15190E-04   0.14960E-04
 6312.72   0.19911E-04   0.15113E-04   0.14891E-04
 6326.32   0.19575E-04   0.15036E-04   0.14823E-04
 6339.93   0.19038E-04   0.14959E-04   0.14754E-04
 6353.53   0.18427E-04   0.14883E-04   0.14685E-04
 6367.14   0.17881E-04   0.14808E-04   0.14616E-04
 6380.74   0.17517E-04   0.14735E-04   0.14547E-04
 6394.35   0.17402E-04   0.14661E-04   0.14478E-04
 6407.95   0.17545E-04   0.14591E-04   0.14413E-04
 6421.56   0.17899E-04   0.14531E-04   0.14358E-04
 6435.16   0.18327E-04   0.14457E-04   0.14290E-04
 6448.77   0.18720E-04   0.14385E-04   0.14226E-04
 6462.37   0.18947E-04   0.14315E-04   0.14162E-04
 6475.98   0.18926E-04   0.14244E-04   0.14100E-04
 6489.58   0.18644E-04   0.14173E-04   0.14037E-04
 6503.19   0.18157E-04   0.14103E-04   0.13973E-04
 6516.79   0.17578E-04   0.14032E-04   0.13910E-04
 6530.40   0.17035E-04   0.13963E-04   0.13845E-04
 6544.00   0.16644E-04   0.13892E-04   0.13780E-04
 6557.61   0.16472E-04   0.13816E-04   0.13708E-04
 6571.21   0.16553E-04   0.13748E-04   0.13644E-04
 6584.82   0.16872E-04   0.13707E-04   0.13608E-04
 6598.42   0.17274E-04   0.13639E-04   0.13544E-04
 6612.03   0.17675E-04   0.13572E-04   0.13484E-04
 6625.63   0.17951E-04   0.13506E-04   0.13425E-04
 6639.24   0.18011E-04   0.13441E-04   0.13367E-04
 6652.84   0.17819E-04   0.13375E-04   0.13309E-04
 6666.45   0.17409E-04   0.13311E-04   0.13251E-04
 6680.05   0.16873E-04   0.13246E-04   0.13192E-04
 6693.66   0.16328E-04   0.13181E-04   0.13133E-04
 6707.26   0.15889E-04   0.13113E-04   0.13070E-04
 6720.87   0.15647E-04   0.13050E-04   0.13010E-04
 6734.47   0.15671E-04   0.13016E-04   0.12980E-04
 6748.08   0.15864E-04   0.12945E-04   0.12913E-04
 6761.68   0.16215E-04   0.12881E-04   0.12854E-04
 6775.29   0.16614E-04   0.12819E-04   0.12797E-04
 6788.89   0.16944E-04   0.12757E-04   0.12741E-04
 6802.50   0.17102E-04   0.12696E-04   0.12687E-04
 6816.10   0.17030E-04   0.12636E-04   0.12633E-04
 6829.71   0.16730E-04   0.12576E-04   0.12580E-04
 6843.31   0.16264E-04   0.12516E-04   0.12526E-04
 6856.92   0.15733E-04   0.12456E-04   0.12472E-04
 6870.52   0.15246E-04   0.12393E-04   0.12412E-04
 6884.13   0.14907E-04   0.12331E-04   0.12354E-04
 6897.73   0.14809E-04   0.12299E-04   0.12326E-04
 6911.34   0.14890E-04   0.12237E-04   0.12267E-04
 6924.94   0.15155E-04   0.12178E-04   0.12212E-04
 6938.55   0.15523E-04   0.12120E-04   0.12158E-04
 6952.15   0.15889E-04   0.12062E-04   0.12106E-04
 6965.76   0.16148E-04   0.12005E-04   0.12055E-04
 6979.36   0.16216E-04   0.11949E-04   0.12004E-04
 6992.97   0.16062E-04   0.11893E-04   0.11955E-04
 7006.57   0.15709E-04   0.11838E-04   0.11906E-04
 7020.18   0.15231E-04   0.11783E-04   0.11856E-04
 7033.78   0.14727E-04   0.11726E-04   0.11803E-04
 7047.39   0.14302E-04   0.11668E-04   0.11749E-04
 7060.99   0.14064E-04   0.11633E-04   0.11717E-04
 7074.60   0.14005E-04   0.11578E-04   0.11665E-04
 7088.20   0.14145E-04   0.11524E-04   0.11614E-04
 7101.81   0.14439E-04   0.11470E-04   0.11564E-04
 7115.41   0.14804E-04   0.11417E-04   0.11515E-04
 7129.02   0.15141E-04   0.11363E-04   0.11466E-04
 7142.62   0.15353E-04   0.11310E-04   0.11418E-04
 7156.23   0.15374E-04   0.11257E-04   0.11371E-04
 7169.83   0.15184E-04   0.11206E-04   0.11326E-04
 7183.44   0.14818E-04   0.11155E-04   0.11280E-04
 7197.04   0.14352E-04   0.11105E-04   0.11235E-04
 7210.65   0.13881E-04   0.11054E-04   0.11187E-04
 7224.25   0.13511E-04   0.11011E-04   0.11148E-04
 7237.86   0.13293E-04   0.10963E-04   0.11102E-04
 7251.46   0.13268E-04   0.10914E-04   0.11056E-04
 7265.07   0.13426E-04   0.10865E-04   0.11010E-04
 7278.67   0.13720E-04   0.10816E-04   0.10964E-04
 7292.28   0.14070E-04   0.10766E-04   0.10918E-04
 7305.88   0.14383E-04   0.10716E-04   0.10873E-04
 7319.49   0.14570E-04   0.10666E-04   0.10828E-04
 7333.09   0.14574E-04   0.10617E-04   0.10784E-04
 7346.70   0.14379E-04   0.10569E-04   0.10741E-04
 7360.30   0.14022E-04   0.10522E-04   0.10699E-04
 7373.91   0.13575E-04   0.10477E-04   0.10658E-04
 7387.51   0.13128E-04   0.10432E-04   0.10617E-04
 7401.12   0.12769E-04   0.10388E-04   0.10576E-04
 7414.72   0.12562E-04   0.10345E-04   0.10534E-04
 7428.33   0.12536E-04   0.10301E-04   0.10493E-04
 7441.93   0.12683E-04   0.10256E-04   0.10451E-04
 7455.54   0.12959E-04   0.10211E-04   0.10408E-04
 7469.14   0.13292E-04   0.10164E-04   0.10365E-04
 7482.75   0.13594E-04   0.10118E-04   0.10323E-04
 7496.35   0.13781E-04   0.10071E-04   0.10280E-04
 7509.96   0.13797E-04   0.10024E-04   0.10238E-04
 7523.56   0.13624E-04   0.99778E-05   0.10196E-04
 7537.17   0.13296E-04   0.99360E-05   0.10159E-04
 7550.77   0.12878E-04   0.98980E-05   0.10125E-04
 7564.38   0.12442E-04   0.98545E-05   0.10084E-04
 7577.98   0.12080E-04   0.98135E-05   0.10046E-04
 7591.59   0.11855E-04   0.97732E-05   0.10008E-04
 7605.19   0.11800E-04   0.97330E-05   0.99695E-05
 7618.80   0.11911E-04   0.96923E-05   0.99309E-05
 7632.40   0.12155E-04   0.96508E-05   0.98918E-05
 7646.01   0.12467E-04   0.96083E-05   0.98522E-05
 7659.61   0.12767E-04   0.95649E-05   0.98121E-05
 7673.22   0.12975E-04   0.95206E-05   0.97717E-05
 7686.82   0.13029E-04   0.94750E-05   0.97302E-05
 7700.43   0.12893E-04   0.94208E-05   0.96797E-05
 7714.03   0.12660E-04   0.94146E-05   0.96785E-05
 7727.64   0.12256E-04   0.93622E-05   0.96292E-05
 7741.24   0.11834E-04   0.93208E-05   0.95906E-05
 7754.85   0.11462E-04   0.92821E-05   0.95542E-05
 7768.45   0.11205E-04   0.92446E-05   0.95185E-05
 7782.06   0.11101E-04   0.92076E-05   0.94832E-05
 7795.66   0.11159E-04   0.91705E-05   0.94478E-05
 7809.27   0.11356E-04   0.91328E-05   0.94120E-05
 7822.87   0.11641E-04   0.90940E-05   0.93755E-05
 7836.48   0.11942E-04   0.90539E-05   0.93382E-05
 7850.08   0.12181E-04   0.90120E-05   0.92995E-05
 7863.69   0.12289E-04   0.89655E-05   0.92564E-05
 7877.29   0.12243E-04   0.89263E-05   0.92210E-05
 7890.90   0.12068E-04   0.89122E-05   0.92112E-05
 7904.50   0.11723E-04   0.88667E-05   0.91687E-05
 7918.11   0.11323E-04   0.88272E-05   0.91319E-05
 7931.71   0.10939E-04   0.87902E-05   0.90970E-05
 7945.32   0.10637E-04   0.87548E-05   0.90633E-05
 7958.92   0.10466E-04   0.87204E-05   0.90303E-05
 7972.53   0.10449E-04   0.86863E-05   0.89975E-05
 7986.13   0.10577E-04   0.86521E-05   0.89647E-05
 7999.74   0.10816E-04   0.86170E-05   0.89314E-05
 8013.34   0.11105E-04   0.85806E-05   0.88972E-05
 8026.95   0.11373E-04   0.85416E-05   0.88608E-05
 8040.55   0.11542E-04   0.84933E-05   0.88151E-05
 8054.16   0.11585E-04   0.84546E-05   0.87795E-05
 8067.76   0.11514E-04   0.84486E-05   0.87779E-05
 8081.37   0.11251E-04   0.84074E-05   0.87397E-05
 8094.97   0.10896E-04   0.83699E-05   0.87046E-05
 8108.58   0.10513E-04   0.83343E-05   0.86712E-05
 8122.18   0.10171E-04   0.83004E-05   0.86388E-05
 8135.79   0.99277E-05   0.82677E-05   0.86074E-05
 8149.39   0.98189E-05   0.82359E-05   0.85767E-05
 8163.00   0.98550E-05   0.82045E-05   0.85464E-05
 8176.60   0.10019E-04   0.81729E-05   0.85160E-05
 8190.21   0.10270E-04   0.81403E-05   0.84851E-05
 8203.81   0.10547E-04   0.81056E-05   0.84523E-05
 8217.42   0.10769E-04   0.80596E-05   0.84082E-05
 8231.02   0.10959E-04   0.80632E-05   0.84162E-05
 8244.63   0.10942E-04   0.80170E-05   0.83724E-05
 8258.23   0.10787E-04   0.79802E-05   0.83382E-05
 8271.84   0.10509E-04   0.79451E-05   0.83056E-05
 8285.44   0.10156E-04   0.79112E-05   0.82737E-05
 8299.05   0.97932E-05   0.78784E-05   0.82426E-05
 8312.65   0.94832E-05   0.78469E-05   0.82124E-05
 8326.26   0.92758E-05   0.78166E-05   0.81829E-05
 8339.86   0.91999E-05   0.77871E-05   0.81542E-05
 8353.47   0.92596E-05   0.77581E-05   0.81260E-05
 8367.07   0.94345E-05   0.77291E-05   0.80980E-05
 8380.68   0.96819E-05   0.76992E-05   0.80695E-05
 8394.28   0.99381E-05   0.76636E-05   0.80353E-05
 8407.89   0.10175E-04   0.76487E-05   0.80234E-05
 8421.49   0.10285E-04   0.76140E-05   0.79909E-05
 8435.10   0.10263E-04   0.75818E-05   0.79612E-05
 8448.70   0.10101E-04   0.75498E-05   0.79316E-05
 8462.31   0.98257E-05   0.75181E-05   0.79020E-05
 8475.91   0.94853E-05   0.74870E-05   0.78725E-05
 8489.52   0.91408E-05   0.74566E-05   0.78434E-05
 8503.12   0.88504E-05   0.74272E-05   0.78148E-05
 8516.73   0.86592E-05   0.73988E-05   0.77869E-05
 8530.33   0.85927E-05   0.73712E-05   0.77598E-05
 8543.94   0.86536E-05   0.73444E-05   0.77334E-05
 8557.54   0.88221E-05   0.73178E-05   0.77076E-05
 8571.15   0.90585E-05   0.72910E-05   0.76819E-05
 8584.75   0.93105E-05   0.72650E-05   0.76574E-05
 8598.36   0.95172E-05   0.72375E-05   0.76317E-05
 8611.96   0.96289E-05   0.72096E-05   0.76059E-05
 8625.57   0.96134E-05   0.71812E-05   0.75797E-05
 8639.17   0.94657E-05   0.71525E-05   0.75530E-05
 8652.78   0.92092E-05   0.71236E-05   0.75258E-05
 8666.38   0.88894E-05   0.70949E-05   0.74985E-05
 8679.99   0.85622E-05   0.70666E-05   0.74711E-05
 8693.59   0.82824E-05   0.70389E-05   0.74440E-05
 8707.20   0.80933E-05   0.70120E-05   0.74173E-05
 8720.80   0.80201E-05   0.69857E-05   0.73912E-05
 8734.41   0.80676E-05   0.69600E-05   0.73657E-05
 8748.01   0.82190E-05   0.69340E-05   0.73401E-05
 8761.62   0.84446E-05   0.69116E-05   0.73186E-05
 8775.22   0.86895E-05   0.68874E-05   0.72955E-05
 8788.83   0.89004E-05   0.68621E-05   0.72717E-05
 8802.43   0.90288E-05   0.68367E-05   0.72480E-05
 8816.04   0.90408E-05   0.68109E-05   0.72241E-05
 8829.64   0.89267E-05   0.67848E-05   0.71998E-05
 8843.25   0.87033E-05   0.67585E-05   0.71750E-05
 8856.85   0.84095E-05   0.67320E-05   0.71497E-05
 8870.46   0.80964E-05   0.67056E-05   0.71240E-05
 8884.06   0.78162E-05   0.66793E-05   0.70982E-05
 8897.67   0.76122E-05   0.66534E-05   0.70723E-05
 8911.27   0.75121E-05   0.66275E-05   0.70463E-05
 8924.88   0.75236E-05   0.66002E-05   0.70187E-05
 8938.48   0.76466E-05   0.65799E-05   0.69988E-05
 8952.09   0.78531E-05   0.65656E-05   0.69854E-05
 8965.69   0.80793E-05   0.65391E-05   0.69595E-05
 8979.30   0.82926E-05   0.65150E-05   0.69364E-05
 8992.90   0.84420E-05   0.64913E-05   0.69141E-05
 9006.51   0.84899E-05   0.64677E-05   0.68921E-05
 9020.11   0.84192E-05   0.64439E-05   0.68698E-05
 9033.72   0.82374E-05   0.64199E-05   0.68472E-05
 9047.32   0.79743E-05   0.63956E-05   0.68240E-05
 9060.93   0.76745E-05   0.63712E-05   0.68002E-05
 9074.53   0.73874E-05   0.63465E-05   0.67758E-05
 9088.14   0.71571E-05   0.63213E-05   0.67505E-05
 9101.74   0.70144E-05   0.62946E-05   0.67233E-05
 9115.35   0.69632E-05   0.62559E-05   0.66831E-05
 9128.95   0.70878E-05   0.62818E-05   0.67122E-05
 9142.56   0.72239E-05   0.62425E-05   0.66717E-05
 9156.16   0.74266E-05   0.62172E-05   0.66465E-05
 9169.77   0.76388E-05   0.61940E-05   0.66239E-05
 9183.37   0.78120E-05   0.61717E-05   0.66024E-05
 9196.98   0.79051E-05   0.61497E-05   0.65816E-05
 9210.58   0.78921E-05   0.61279E-05   0.65611E-05
 9224.19   0.77688E-05   0.61061E-05   0.65404E-05
 9237.79   0.75530E-05   0.60841E-05   0.65194E-05
 9251.40   0.72802E-05   0.60618E-05   0.64977E-05
 9265.00   0.69949E-05   0.60390E-05   0.64750E-05
 9278.61   0.67413E-05   0.60150E-05   0.64508E-05
 9292.21   0.65526E-05   0.59870E-05   0.64219E-05
 9305.82   0.64654E-05   0.59671E-05   0.64017E-05
 9319.42   0.65077E-05   0.59744E-05   0.64105E-05
 9333.03   0.66006E-05   0.59437E-05   0.63786E-05
 9346.63   0.67691E-05   0.59198E-05   0.63543E-05
 9360.24   0.69721E-05   0.58976E-05   0.63321E-05
 9373.84   0.71660E-05   0.58762E-05   0.63112E-05
 9387.45   0.73080E-05   0.58555E-05   0.62911E-05
 9401.05   0.73643E-05   0.58351E-05   0.62717E-05
 9414.66   0.73176E-05   0.58150E-05   0.62525E-05
 9428.26   0.71711E-05   0.57950E-05   0.62333E-05
 9441.87   0.69476E-05   0.57749E-05   0.62138E-05
 9455.47   0.66835E-05   0.57543E-05   0.61935E-05
 9469.08   0.64205E-05   0.57324E-05   0.61713E-05
 9482.68   0.61939E-05   0.57049E-05   0.61429E-05
 9496.29   0.60489E-05   0.56854E-05   0.61228E-05
 9509.89   0.60212E-05   0.56917E-05   0.61304E-05
 9523.50   0.60531E-05   0.56661E-05   0.61036E-05
 9537.10   0.61703E-05   0.56440E-05   0.60808E-05
 9550.71   0.63453E-05   0.56230E-05   0.60593E-05
 9564.31   0.65424E-05   0.56026E-05   0.60388E-05
 9577.92   0.67210E-05   0.55826E-05   0.60191E-05
 9591.52   0.68426E-05   0.55632E-05   0.60002E-05
 9605.13   0.68786E-05   0.55442E-05   0.59818E-05
 9618.73   0.68165E-05   0.55256E-05   0.59639E-05
 9632.34   0.66632E-05   0.55072E-05   0.59462E-05
 9645.94   0.64425E-05   0.54888E-05   0.59282E-05
 9659.55   0.61897E-05   0.54698E-05   0.59092E-05
 9673.15   0.59410E-05   0.54469E-05   0.58856E-05
 9686.76   0.57408E-05   0.54276E-05   0.58657E-05
 9700.36   0.56314E-05   0.54272E-05   0.58659E-05
 9713.97   0.55862E-05   0.54063E-05   0.58439E-05
 9727.57   0.56294E-05   0.53868E-05   0.58235E-05
 9741.18   0.57476E-05   0.53675E-05   0.58034E-05
 9754.78   0.59163E-05   0.53484E-05   0.57837E-05
 9768.39   0.61021E-05   0.53294E-05   0.57645E-05
 9781.99   0.62676E-05   0.53106E-05   0.57457E-05
 9795.60   0.63772E-05   0.52922E-05   0.57277E-05
 9809.20   0.64053E-05   0.52743E-05   0.57102E-05
 9822.81   0.63412E-05   0.52570E-05   0.56934E-05
 9836.41   0.61921E-05   0.52401E-05   0.56769E-05
 9850.02   0.59806E-05   0.52236E-05   0.56605E-05
 9863.62   0.57394E-05   0.52064E-05   0.56432E-05
 9877.23   0.55058E-05   0.51888E-05   0.56251E-05
 9890.83   0.53215E-05   0.51789E-05   0.56151E-05
 9904.44   0.51965E-05   0.51623E-05   0.55976E-05
 9918.04   0.51518E-05   0.51458E-05   0.55800E-05
 9931.65   0.51883E-05   0.51290E-05   0.55621E-05
 9945.25   0.52953E-05   0.51117E-05   0.55440E-05
 9958.86   0.54511E-05   0.50942E-05   0.55258E-05
 9972.46   0.56252E-05   0.50765E-05   0.55076E-05
 9986.07   0.57831E-05   0.50588E-05   0.54897E-05
 9999.67   0.58915E-05   0.50414E-05   0.54722E-05
