  299.31   0.19932E+01   0.20256E+01   0.20458E+01
  312.91   0.18972E+01   0.19286E+01   0.19470E+01
  326.52   0.18068E+01   0.18372E+01   0.18540E+01
  340.12   0.17211E+01   0.17504E+01   0.17656E+01
  353.73   0.16398E+01   0.16681E+01   0.16819E+01
  367.33   0.15629E+01   0.15902E+01   0.16026E+01
  380.94   0.14898E+01   0.15161E+01   0.15273E+01
  394.54   0.14209E+01   0.14462E+01   0.14563E+01
  408.15   0.13561E+01   0.13806E+01   0.13895E+01
  421.75   0.12944E+01   0.13180E+01   0.13259E+01
  435.36   0.12366E+01   0.12593E+01   0.12662E+01
  448.96   0.11821E+01   0.12040E+01   0.12100E+01
  462.57   0.11303E+01   0.11513E+01   0.11566E+01
  476.17   0.10814E+01   0.11017E+01   0.11062E+01
  489.78   0.10351E+01   0.10547E+01   0.10584E+01
  503.38   0.99114E+00   0.10100E+01   0.10130E+01
  516.99   0.94952E+00   0.96763E+00   0.97007E+00
  530.59   0.90998E+00   0.92741E+00   0.92927E+00
  544.20   0.87244E+00   0.88921E+00   0.89053E+00
  557.80   0.83689E+00   0.85301E+00   0.85383E+00
  571.41   0.80319E+00   0.81869E+00   0.81905E+00
  585.01   0.77116E+00   0.78607E+00   0.78599E+00
  598.62   0.74078E+00   0.75511E+00   0.75464E+00
  612.22   0.71198E+00   0.72575E+00   0.72490E+00
  625.83   0.68466E+00   0.69790E+00   0.69671E+00
  639.43   0.65853E+00   0.67124E+00   0.66973E+00
  653.04   0.63372E+00   0.64592E+00   0.64413E+00
  666.64   0.61011E+00   0.62183E+00   0.61976E+00
  680.25   0.58750E+00   0.59875E+00   0.59643E+00
  693.85   0.56608E+00   0.57688E+00   0.57433E+00
  707.46   0.54557E+00   0.55592E+00   0.55317E+00
  721.06   0.52603E+00   0.53595E+00   0.53299E+00
  734.67   0.50730E+00   0.51681E+00   0.51368E+00
  748.27   0.48950E+00   0.49861E+00   0.49532E+00
  761.88   0.47247E+00   0.48119E+00   0.47775E+00
  775.48   0.45621E+00   0.46456E+00   0.46098E+00
  789.09   0.44064E+00   0.44862E+00   0.44492E+00
  802.69   0.42581E+00   0.43344E+00   0.42963E+00
  816.30   0.41160E+00   0.41889E+00   0.41498E+00
  829.90   0.39799E+00   0.40496E+00   0.40095E+00
  843.51   0.38495E+00   0.39159E+00   0.38751E+00
  857.11   0.37248E+00   0.37882E+00   0.37466E+00
  870.72   0.36052E+00   0.36656E+00   0.36233E+00
  884.32   0.34903E+00   0.35478E+00   0.35050E+00
  897.93   0.33800E+00   0.34347E+00   0.33914E+00
  911.53   0.32742E+00   0.33262E+00   0.32825E+00
  925.14   0.31727E+00   0.32221E+00   0.31780E+00
  938.74   0.30751E+00   0.31220E+00   0.30776E+00
  952.35   0.29813E+00   0.30257E+00   0.29811E+00
  965.95   0.28912E+00   0.29331E+00   0.28883E+00
  979.56   0.28045E+00   0.28442E+00   0.27993E+00
  993.16   0.27213E+00   0.27588E+00   0.27137E+00
 1006.77   0.26413E+00   0.26766E+00   0.26315E+00
 1020.37   0.25642E+00   0.25974E+00   0.25522E+00
 1033.98   0.24900E+00   0.25212E+00   0.24761E+00
 1047.58   0.24187E+00   0.24479E+00   0.24028E+00
 1061.19   0.23500E+00   0.23773E+00   0.23323E+00
 1074.79   0.22840E+00   0.23094E+00   0.22645E+00
 1088.40   0.22198E+00   0.22435E+00   0.21987E+00
 1102.00   0.21582E+00   0.21801E+00   0.21356E+00
 1115.61   0.20988E+00   0.21190E+00   0.20746E+00
 1129.21   0.20415E+00   0.20601E+00   0.20159E+00
 1142.82   0.19859E+00   0.20030E+00   0.19590E+00
 1156.42   0.19326E+00   0.19482E+00   0.19045E+00
 1170.03   0.18810E+00   0.18951E+00   0.18517E+00
 1183.63   0.18311E+00   0.18438E+00   0.18006E+00
 1197.24   0.17830E+00   0.17943E+00   0.17514E+00
 1210.84   0.17363E+00   0.17463E+00   0.17037E+00
 1224.45   0.16914E+00   0.17001E+00   0.16579E+00
 1238.05   0.16480E+00   0.16554E+00   0.16135E+00
 1251.66   0.16059E+00   0.16121E+00   0.15706E+00
 1265.26   0.15652E+00   0.15703E+00   0.15291E+00
 1278.87   0.15258E+00   0.15297E+00   0.14889E+00
 1292.47   0.14878E+00   0.14906E+00   0.14502E+00
 1306.08   0.14510E+00   0.14527E+00   0.14127E+00
 1319.68   0.14153E+00   0.14160E+00   0.13763E+00
 1333.29   0.13807E+00   0.13804E+00   0.13412E+00
 1346.89   0.13472E+00   0.13459E+00   0.13071E+00
 1360.50   0.13148E+00   0.13126E+00   0.12741E+00
 1374.10   0.12833E+00   0.12803E+00   0.12422E+00
 1387.71   0.12529E+00   0.12489E+00   0.12113E+00
 1401.31   0.12233E+00   0.12185E+00   0.11813E+00
 1414.92   0.11946E+00   0.11890E+00   0.11522E+00
 1428.52   0.11667E+00   0.11603E+00   0.11240E+00
 1442.13   0.11397E+00   0.11326E+00   0.10966E+00
 1455.73   0.11135E+00   0.11056E+00   0.10701E+00
 1469.34   0.10881E+00   0.10795E+00   0.10444E+00
 1482.94   0.10634E+00   0.10541E+00   0.10195E+00
 1496.55   0.10394E+00   0.10295E+00   0.99525E-01
 1510.15   0.10161E+00   0.10056E+00   0.97176E-01
 1523.76   0.99353E-01   0.98233E-01   0.94896E-01
 1537.36   0.97157E-01   0.95978E-01   0.92683E-01
 1550.97   0.95025E-01   0.93789E-01   0.90536E-01
 1564.57   0.92952E-01   0.91661E-01   0.88451E-01
 1578.18   0.90933E-01   0.89589E-01   0.86421E-01
 1591.78   0.88973E-01   0.87578E-01   0.84452E-01
 1605.39   0.87067E-01   0.85622E-01   0.82539E-01
 1618.99   0.85214E-01   0.83722E-01   0.80680E-01
 1632.60   0.83412E-01   0.81875E-01   0.78874E-01
 1646.20   0.81653E-01   0.80072E-01   0.77113E-01
 1659.81   0.79947E-01   0.78324E-01   0.75406E-01
 1673.41   0.78285E-01   0.76621E-01   0.73744E-01
 1687.02   0.76666E-01   0.74963E-01   0.72127E-01
 1700.62   0.75090E-01   0.73350E-01   0.70554E-01
 1714.23   0.73557E-01   0.71781E-01   0.69025E-01
 1727.83   0.72058E-01   0.70248E-01   0.67532E-01
 1741.44   0.70603E-01   0.68760E-01   0.66084E-01
 1755.04   0.69184E-01   0.67309E-01   0.64673E-01
 1768.65   0.67801E-01   0.65896E-01   0.63299E-01
 1782.25   0.66453E-01   0.64520E-01   0.61961E-01
 1795.86   0.65141E-01   0.63180E-01   0.60660E-01
 1809.46   0.63858E-01   0.61872E-01   0.59389E-01
 1823.07   0.62611E-01   0.60599E-01   0.58154E-01
 1836.67   0.61395E-01   0.59359E-01   0.56951E-01
 1850.28   0.60208E-01   0.58150E-01   0.55779E-01
 1863.88   0.59051E-01   0.56970E-01   0.54636E-01
 1877.49   0.57922E-01   0.55821E-01   0.53523E-01
 1891.09   0.56819E-01   0.54699E-01   0.52437E-01
 1904.70   0.55745E-01   0.53606E-01   0.51380E-01
 1918.30   0.54696E-01   0.52540E-01   0.50348E-01
 1931.91   0.53672E-01   0.51500E-01   0.49343E-01
 1945.51   0.52672E-01   0.50484E-01   0.48362E-01
 1959.12   0.51695E-01   0.49493E-01   0.47405E-01
 1972.72   0.50742E-01   0.48526E-01   0.46471E-01
 1986.33   0.49810E-01   0.47582E-01   0.45561E-01
 1999.93   0.48901E-01   0.46660E-01   0.44672E-01
 2013.54   0.48012E-01   0.45761E-01   0.43805E-01
 2027.14   0.47144E-01   0.44882E-01   0.42959E-01
 2040.75   0.46295E-01   0.44024E-01   0.42132E-01
 2054.35   0.45465E-01   0.43186E-01   0.41326E-01
 2067.96   0.44655E-01   0.42367E-01   0.40538E-01
 2081.56   0.43862E-01   0.41567E-01   0.39769E-01
 2095.17   0.43087E-01   0.40786E-01   0.39018E-01
 2108.77   0.42330E-01   0.40022E-01   0.38285E-01
 2122.38   0.41589E-01   0.39277E-01   0.37569E-01
 2135.98   0.40865E-01   0.38548E-01   0.36869E-01
 2149.59   0.40156E-01   0.37835E-01   0.36186E-01
 2163.19   0.39463E-01   0.37139E-01   0.35518E-01
 2176.80   0.38785E-01   0.36458E-01   0.34865E-01
 2190.40   0.38122E-01   0.35793E-01   0.34228E-01
 2204.01   0.37473E-01   0.35142E-01   0.33605E-01
 2217.61   0.36838E-01   0.34506E-01   0.32996E-01
 2231.22   0.36216E-01   0.33884E-01   0.32400E-01
 2244.82   0.35608E-01   0.33275E-01   0.31819E-01
 2258.43   0.35012E-01   0.32680E-01   0.31250E-01
 2272.03   0.34429E-01   0.32098E-01   0.30693E-01
 2285.64   0.33857E-01   0.31528E-01   0.30149E-01
 2299.24   0.33298E-01   0.30971E-01   0.29617E-01
 2312.85   0.32750E-01   0.30425E-01   0.29096E-01
 2326.45   0.32212E-01   0.29890E-01   0.28586E-01
 2340.06   0.31688E-01   0.29369E-01   0.28088E-01
 2353.66   0.31172E-01   0.28857E-01   0.27600E-01
 2367.27   0.30668E-01   0.28356E-01   0.27123E-01
 2380.87   0.30173E-01   0.27866E-01   0.26656E-01
 2394.48   0.29688E-01   0.27386E-01   0.26199E-01
 2408.08   0.29213E-01   0.26915E-01   0.25751E-01
 2421.69   0.28746E-01   0.26455E-01   0.25313E-01
 2435.29   0.28291E-01   0.26005E-01   0.24885E-01
 2448.90   0.27843E-01   0.25563E-01   0.24465E-01
 2462.50   0.27404E-01   0.25130E-01   0.24054E-01
 2476.11   0.26973E-01   0.24707E-01   0.23651E-01
 2489.71   0.26551E-01   0.24292E-01   0.23257E-01
 2503.32   0.26137E-01   0.23885E-01   0.22871E-01
 2516.92   0.25730E-01   0.23486E-01   0.22492E-01
 2530.53   0.25334E-01   0.23097E-01   0.22123E-01
 2544.13   0.24943E-01   0.22714E-01   0.21760E-01
 2557.74   0.24559E-01   0.22339E-01   0.21405E-01
 2571.34   0.24183E-01   0.21972E-01   0.21056E-01
 2584.95   0.23814E-01   0.21612E-01   0.20715E-01
 2598.55   0.23452E-01   0.21259E-01   0.20381E-01
 2612.16   0.23096E-01   0.20913E-01   0.20053E-01
 2625.76   0.22748E-01   0.20574E-01   0.19732E-01
 2639.37   0.22406E-01   0.20241E-01   0.19417E-01
 2652.97   0.22069E-01   0.19915E-01   0.19108E-01
 2666.58   0.21739E-01   0.19595E-01   0.18806E-01
 2680.18   0.21415E-01   0.19281E-01   0.18509E-01
 2693.79   0.21097E-01   0.18973E-01   0.18218E-01
 2707.39   0.20784E-01   0.18672E-01   0.17933E-01
 2721.00   0.20477E-01   0.18376E-01   0.17653E-01
 2734.60   0.20176E-01   0.18085E-01   0.17379E-01
 2748.21   0.19880E-01   0.17800E-01   0.17110E-01
 2761.81   0.19589E-01   0.17521E-01   0.16846E-01
 2775.42   0.19302E-01   0.17246E-01   0.16587E-01
 2789.02   0.19021E-01   0.16977E-01   0.16332E-01
 2802.63   0.18745E-01   0.16712E-01   0.16083E-01
 2816.23   0.18474E-01   0.16453E-01   0.15839E-01
 2829.84   0.18208E-01   0.16199E-01   0.15599E-01
 2843.44   0.17946E-01   0.15950E-01   0.15363E-01
 2857.05   0.17689E-01   0.15704E-01   0.15132E-01
 2870.65   0.17436E-01   0.15464E-01   0.14905E-01
 2884.26   0.17187E-01   0.15227E-01   0.14683E-01
 2897.86   0.16942E-01   0.14995E-01   0.14464E-01
 2911.47   0.16701E-01   0.14767E-01   0.14249E-01
 2925.07   0.16466E-01   0.14545E-01   0.14040E-01
 2938.68   0.16234E-01   0.14325E-01   0.13833E-01
 2952.28   0.16005E-01   0.14109E-01   0.13630E-01
 2965.89   0.15781E-01   0.13898E-01   0.13431E-01
 2979.49   0.15560E-01   0.13690E-01   0.13235E-01
 2993.10   0.15342E-01   0.13486E-01   0.13043E-01
 3006.70   0.15128E-01   0.13285E-01   0.12853E-01
 3020.31   0.14917E-01   0.13087E-01   0.12668E-01
 3033.91   0.14712E-01   0.12895E-01   0.12487E-01
 3047.52   0.14508E-01   0.12704E-01   0.12308E-01
 3061.12   0.14308E-01   0.12518E-01   0.12132E-01
 3074.73   0.14111E-01   0.12334E-01   0.11960E-01
 3088.33   0.13918E-01   0.12154E-01   0.11790E-01
 3101.94   0.13727E-01   0.11977E-01   0.11623E-01
 3115.54   0.13539E-01   0.11802E-01   0.11459E-01
 3129.15   0.13353E-01   0.11630E-01   0.11297E-01
 3142.75   0.13173E-01   0.11464E-01   0.11141E-01
 3156.36   0.12994E-01   0.11298E-01   0.10985E-01
 3169.96   0.12818E-01   0.11136E-01   0.10833E-01
 3183.57   0.12644E-01   0.10976E-01   0.10683E-01
 3197.17   0.12474E-01   0.10819E-01   0.10535E-01
 3210.78   0.12306E-01   0.10665E-01   0.10390E-01
 3224.38   0.12140E-01   0.10513E-01   0.10247E-01
 3237.99   0.11976E-01   0.10363E-01   0.10106E-01
 3251.59   0.11818E-01   0.10218E-01   0.99706E-02
 3265.20   0.11660E-01   0.10073E-01   0.98346E-02
 3278.80   0.11504E-01   0.99315E-02   0.97011E-02
 3292.41   0.11351E-01   0.97921E-02   0.95701E-02
 3306.01   0.11200E-01   0.96551E-02   0.94414E-02
 3319.62   0.11052E-01   0.95204E-02   0.93149E-02
 3333.22   0.10905E-01   0.93879E-02   0.91904E-02
 3346.83   0.10761E-01   0.92572E-02   0.90675E-02
 3360.43   0.10620E-01   0.91303E-02   0.89483E-02
 3374.04   0.10480E-01   0.90038E-02   0.88294E-02
 3387.64   0.10342E-01   0.88795E-02   0.87125E-02
 3401.25   0.10206E-01   0.87573E-02   0.85977E-02
 3414.85   0.10072E-01   0.86372E-02   0.84848E-02
 3428.46   0.99409E-02   0.85192E-02   0.83739E-02
 3442.06   0.98113E-02   0.84032E-02   0.82648E-02
 3455.67   0.96834E-02   0.82889E-02   0.81574E-02
 3469.27   0.95583E-02   0.81772E-02   0.80524E-02
 3482.88   0.94339E-02   0.80664E-02   0.79482E-02
 3496.48   0.93114E-02   0.79574E-02   0.78457E-02
 3510.09   0.91906E-02   0.78501E-02   0.77447E-02
 3523.69   0.90716E-02   0.77445E-02   0.76454E-02
 3537.30   0.89543E-02   0.76406E-02   0.75477E-02
 3550.90   0.88389E-02   0.75385E-02   0.74516E-02
 3564.51   0.87252E-02   0.74381E-02   0.73571E-02
 3578.11   0.86132E-02   0.73393E-02   0.72642E-02
 3591.72   0.85029E-02   0.72423E-02   0.71728E-02
 3605.32   0.83940E-02   0.71465E-02   0.70827E-02
 3618.93   0.82865E-02   0.70522E-02   0.69939E-02
 3632.53   0.81804E-02   0.69592E-02   0.69063E-02
 3646.14   0.80757E-02   0.68677E-02   0.68200E-02
 3659.74   0.79725E-02   0.67775E-02   0.67351E-02
 3673.35   0.78708E-02   0.66888E-02   0.66515E-02
 3686.95   0.77705E-02   0.66014E-02   0.65691E-02
 3700.56   0.76726E-02   0.65163E-02   0.64888E-02
 3714.16   0.75752E-02   0.64317E-02   0.64091E-02
 3727.77   0.74793E-02   0.63486E-02   0.63307E-02
 3741.37   0.73847E-02   0.62667E-02   0.62535E-02
 3754.98   0.72913E-02   0.61859E-02   0.61773E-02
 3768.58   0.71990E-02   0.61063E-02   0.61021E-02
 3782.19   0.71080E-02   0.60278E-02   0.60280E-02
 3795.79   0.70180E-02   0.59504E-02   0.59549E-02
 3809.40   0.69294E-02   0.58743E-02   0.58830E-02
 3823.00   0.68435E-02   0.58006E-02   0.58134E-02
 3836.61   0.67574E-02   0.57267E-02   0.57436E-02
 3850.21   0.66727E-02   0.56543E-02   0.56751E-02
 3863.82   0.65891E-02   0.55829E-02   0.56077E-02
 3877.42   0.65067E-02   0.55126E-02   0.55411E-02
 3891.03   0.64252E-02   0.54432E-02   0.54755E-02
 3904.63   0.63446E-02   0.53747E-02   0.54106E-02
 3918.24   0.62648E-02   0.53069E-02   0.53464E-02
 3931.84   0.61858E-02   0.52399E-02   0.52829E-02
 3945.45   0.61109E-02   0.51765E-02   0.52229E-02
 3959.05   0.60344E-02   0.51118E-02   0.51616E-02
 3972.66   0.59593E-02   0.50484E-02   0.51015E-02
 3986.26   0.58853E-02   0.49860E-02   0.50423E-02
 3999.87   0.58123E-02   0.49246E-02   0.49840E-02
 4013.47   0.57402E-02   0.48640E-02   0.49265E-02
 4027.08   0.56688E-02   0.48041E-02   0.48696E-02
 4040.68   0.55980E-02   0.47447E-02   0.48132E-02
 4054.29   0.55275E-02   0.46857E-02   0.47570E-02
 4067.89   0.54618E-02   0.46308E-02   0.47050E-02
 4081.50   0.53937E-02   0.45739E-02   0.46509E-02
 4095.10   0.53269E-02   0.45182E-02   0.45978E-02
 4108.71   0.52611E-02   0.44635E-02   0.45457E-02
 4122.31   0.51963E-02   0.44096E-02   0.44944E-02
 4135.92   0.51323E-02   0.43565E-02   0.44439E-02
 4149.52   0.50691E-02   0.43041E-02   0.43939E-02
 4163.13   0.50064E-02   0.42522E-02   0.43444E-02
 4176.73   0.49441E-02   0.42006E-02   0.42951E-02
 4190.34   0.48854E-02   0.41522E-02   0.42491E-02
 4203.94   0.48248E-02   0.41022E-02   0.42013E-02
 4217.55   0.47653E-02   0.40532E-02   0.41544E-02
 4231.15   0.47067E-02   0.40050E-02   0.41083E-02
 4244.76   0.46489E-02   0.39575E-02   0.40630E-02
 4258.36   0.45920E-02   0.39109E-02   0.40183E-02
 4271.97   0.45359E-02   0.38649E-02   0.39743E-02
 4285.57   0.44804E-02   0.38195E-02   0.39308E-02
 4299.18   0.44248E-02   0.37740E-02   0.38872E-02
 4312.78   0.43725E-02   0.37314E-02   0.38464E-02
 4326.39   0.43186E-02   0.36875E-02   0.38043E-02
 4339.99   0.42657E-02   0.36443E-02   0.37628E-02
 4353.60   0.42134E-02   0.36018E-02   0.37220E-02
 4367.20   0.41618E-02   0.35599E-02   0.36817E-02
 4380.81   0.41110E-02   0.35187E-02   0.36421E-02
 4394.41   0.40609E-02   0.34781E-02   0.36031E-02
 4408.02   0.40116E-02   0.34382E-02   0.35646E-02
 4421.62   0.39628E-02   0.33987E-02   0.35267E-02
 4435.23   0.39152E-02   0.33604E-02   0.34897E-02
 4448.83   0.38674E-02   0.33218E-02   0.34525E-02
 4462.44   0.38203E-02   0.32839E-02   0.34159E-02
 4476.04   0.37738E-02   0.32464E-02   0.33797E-02
 4489.65   0.37278E-02   0.32094E-02   0.33440E-02
 4503.25   0.36823E-02   0.31729E-02   0.33087E-02
 4516.86   0.36375E-02   0.31369E-02   0.32739E-02
 4530.46   0.35933E-02   0.31015E-02   0.32396E-02
 4544.07   0.35497E-02   0.30667E-02   0.32058E-02
 4557.67   0.35068E-02   0.30324E-02   0.31726E-02
 4571.28   0.34646E-02   0.29986E-02   0.31399E-02
 4584.88   0.34227E-02   0.29652E-02   0.31075E-02
 4598.49   0.33813E-02   0.29322E-02   0.30754E-02
 4612.09   0.33403E-02   0.28996E-02   0.30437E-02
 4625.70   0.32998E-02   0.28673E-02   0.30123E-02
 4639.30   0.32597E-02   0.28355E-02   0.29813E-02
 4652.91   0.32201E-02   0.28040E-02   0.29506E-02
 4666.51   0.31810E-02   0.27730E-02   0.29204E-02
 4680.12   0.31423E-02   0.27423E-02   0.28905E-02
 4693.72   0.31043E-02   0.27123E-02   0.28612E-02
 4707.33   0.30675E-02   0.26832E-02   0.28327E-02
 4720.93   0.30304E-02   0.26539E-02   0.28042E-02
 4734.54   0.29939E-02   0.26251E-02   0.27760E-02
 4748.14   0.29578E-02   0.25966E-02   0.27481E-02
 4761.75   0.29221E-02   0.25685E-02   0.27205E-02
 4775.35   0.28867E-02   0.25406E-02   0.26932E-02
 4788.96   0.28517E-02   0.25130E-02   0.26661E-02
 4802.56   0.28170E-02   0.24857E-02   0.26393E-02
 4816.17   0.27824E-02   0.24585E-02   0.26125E-02
 4829.77   0.27512E-02   0.24342E-02   0.25888E-02
 4843.38   0.27170E-02   0.24072E-02   0.25621E-02
 4856.98   0.26841E-02   0.23815E-02   0.25368E-02
 4870.59   0.26518E-02   0.23562E-02   0.25119E-02
 4884.19   0.26200E-02   0.23313E-02   0.24873E-02
 4897.80   0.25884E-02   0.23067E-02   0.24630E-02
 4911.40   0.25572E-02   0.22823E-02   0.24388E-02
 4925.01   0.25263E-02   0.22581E-02   0.24149E-02
 4938.61   0.24956E-02   0.22341E-02   0.23911E-02
 4952.22   0.24646E-02   0.22097E-02   0.23669E-02
 4965.82   0.24378E-02   0.21893E-02   0.23469E-02
 4979.43   0.24073E-02   0.21653E-02   0.23230E-02
 4993.03   0.23781E-02   0.21426E-02   0.23004E-02
 5006.64   0.23495E-02   0.21203E-02   0.22782E-02
 5020.24   0.23213E-02   0.20984E-02   0.22564E-02
 5033.85   0.22935E-02   0.20768E-02   0.22349E-02
 5047.45   0.22659E-02   0.20554E-02   0.22136E-02
 5061.06   0.22387E-02   0.20342E-02   0.21925E-02
 5074.66   0.22116E-02   0.20132E-02   0.21714E-02
 5088.27   0.21842E-02   0.19918E-02   0.21500E-02
 5101.87   0.21609E-02   0.19743E-02   0.21327E-02
 5115.48   0.21335E-02   0.19528E-02   0.21110E-02
 5129.08   0.21076E-02   0.19326E-02   0.20908E-02
 5142.69   0.20822E-02   0.19129E-02   0.20710E-02
 5156.29   0.20571E-02   0.18935E-02   0.20516E-02
 5169.90   0.20325E-02   0.18745E-02   0.20324E-02
 5183.50   0.20081E-02   0.18557E-02   0.20135E-02
 5197.11   0.19841E-02   0.18371E-02   0.19948E-02
 5210.71   0.19603E-02   0.18187E-02   0.19762E-02
 5224.32   0.19364E-02   0.18002E-02   0.19575E-02
 5237.92   0.19125E-02   0.17815E-02   0.19386E-02
 5251.53   0.18912E-02   0.17655E-02   0.19226E-02
 5265.13   0.18683E-02   0.17477E-02   0.19045E-02
 5278.74   0.18457E-02   0.17302E-02   0.18868E-02
 5292.34   0.18235E-02   0.17131E-02   0.18694E-02
 5305.95   0.18016E-02   0.16962E-02   0.18522E-02
 5319.55   0.17800E-02   0.16795E-02   0.18353E-02
 5333.16   0.17587E-02   0.16632E-02   0.18187E-02
 5346.76   0.17377E-02   0.16470E-02   0.18022E-02
 5360.37   0.17169E-02   0.16309E-02   0.17859E-02
 5373.97   0.16962E-02   0.16150E-02   0.17696E-02
 5387.58   0.16767E-02   0.16000E-02   0.17544E-02
 5401.18   0.16564E-02   0.15844E-02   0.17384E-02
 5414.79   0.16365E-02   0.15690E-02   0.17226E-02
 5428.39   0.16168E-02   0.15538E-02   0.17070E-02
 5442.00   0.15974E-02   0.15388E-02   0.16916E-02
 5455.60   0.15782E-02   0.15240E-02   0.16764E-02
 5469.21   0.15593E-02   0.15095E-02   0.16615E-02
 5482.81   0.15406E-02   0.14951E-02   0.16467E-02
 5496.42   0.15223E-02   0.14810E-02   0.16322E-02
 5510.02   0.15040E-02   0.14670E-02   0.16178E-02
 5523.63   0.14866E-02   0.14535E-02   0.16038E-02
 5537.23   0.14687E-02   0.14398E-02   0.15897E-02
 5550.84   0.14511E-02   0.14263E-02   0.15757E-02
 5564.44   0.14338E-02   0.14129E-02   0.15618E-02
 5578.05   0.14166E-02   0.13996E-02   0.15480E-02
 5591.65   0.13996E-02   0.13865E-02   0.15344E-02
 5605.26   0.13828E-02   0.13735E-02   0.15209E-02
 5618.86   0.13662E-02   0.13607E-02   0.15076E-02
 5632.47   0.13499E-02   0.13481E-02   0.14945E-02
 5646.07   0.13337E-02   0.13357E-02   0.14815E-02
 5659.68   0.13179E-02   0.13235E-02   0.14688E-02
 5673.28   0.13025E-02   0.13115E-02   0.14563E-02
 5686.89   0.12869E-02   0.12996E-02   0.14438E-02
 5700.49   0.12716E-02   0.12878E-02   0.14315E-02
 5714.10   0.12565E-02   0.12761E-02   0.14192E-02
 5727.70   0.12415E-02   0.12645E-02   0.14071E-02
 5741.31   0.12266E-02   0.12530E-02   0.13950E-02
 5754.91   0.12119E-02   0.12416E-02   0.13830E-02
 5768.52   0.11974E-02   0.12303E-02   0.13711E-02
 5782.12   0.11830E-02   0.12192E-02   0.13593E-02
 5795.73   0.11688E-02   0.12081E-02   0.13476E-02
 5809.33   0.11549E-02   0.11974E-02   0.13363E-02
 5822.94   0.11417E-02   0.11872E-02   0.13255E-02
 5836.54   0.11280E-02   0.11767E-02   0.13143E-02
 5850.15   0.11146E-02   0.11663E-02   0.13034E-02
 5863.75   0.11014E-02   0.11561E-02   0.12925E-02
 5877.36   0.10883E-02   0.11459E-02   0.12817E-02
 5890.96   0.10753E-02   0.11358E-02   0.12710E-02
 5904.57   0.10625E-02   0.11258E-02   0.12603E-02
 5918.17   0.10498E-02   0.11159E-02   0.12497E-02
 5931.78   0.10372E-02   0.11060E-02   0.12391E-02
 5945.38   0.10245E-02   0.10960E-02   0.12284E-02
 5958.99   0.10122E-02   0.10864E-02   0.12181E-02
 5972.59   0.10011E-02   0.10781E-02   0.12092E-02
 5986.20   0.98911E-03   0.10686E-02   0.11991E-02
 5999.80   0.97735E-03   0.10595E-02   0.11892E-02
 6013.41   0.96577E-03   0.10505E-02   0.11795E-02
 6027.01   0.95434E-03   0.10415E-02   0.11699E-02
 6040.62   0.94304E-03   0.10327E-02   0.11604E-02
 6054.22   0.93184E-03   0.10240E-02   0.11509E-02
 6067.83   0.92073E-03   0.10152E-02   0.11415E-02
 6081.43   0.90970E-03   0.10065E-02   0.11320E-02
 6095.04   0.89858E-03   0.99755E-03   0.11223E-02
 6108.64   0.88770E-03   0.98886E-03   0.11128E-02
 6122.25   0.87827E-03   0.98204E-03   0.11055E-02
 6135.85   0.86767E-03   0.97356E-03   0.10962E-02
 6149.46   0.85733E-03   0.96538E-03   0.10873E-02
 6163.06   0.84718E-03   0.95737E-03   0.10786E-02
 6176.67   0.83717E-03   0.94950E-03   0.10700E-02
 6190.27   0.82729E-03   0.94173E-03   0.10615E-02
 6203.88   0.81753E-03   0.93404E-03   0.10530E-02
 6217.48   0.80785E-03   0.92640E-03   0.10447E-02
 6231.09   0.79824E-03   0.91875E-03   0.10363E-02
 6244.69   0.78858E-03   0.91096E-03   0.10277E-02
 6258.30   0.77909E-03   0.90327E-03   0.10192E-02
 6271.90   0.77084E-03   0.89731E-03   0.10127E-02
 6285.51   0.76150E-03   0.88970E-03   0.10042E-02
 6299.11   0.75242E-03   0.88238E-03   0.99616E-03
 6312.72   0.74349E-03   0.87523E-03   0.98824E-03
 6326.32   0.73471E-03   0.86821E-03   0.98046E-03
 6339.93   0.72606E-03   0.86132E-03   0.97280E-03
 6353.53   0.71752E-03   0.85453E-03   0.96526E-03
 6367.14   0.70909E-03   0.84781E-03   0.95779E-03
 6380.74   0.70073E-03   0.84114E-03   0.95035E-03
 6394.35   0.69239E-03   0.83444E-03   0.94288E-03
 6407.95   0.68416E-03   0.82775E-03   0.93541E-03
 6421.56   0.67687E-03   0.82228E-03   0.92930E-03
 6435.16   0.66863E-03   0.81549E-03   0.92169E-03
 6448.77   0.66067E-03   0.80900E-03   0.91440E-03
 6462.37   0.65285E-03   0.80262E-03   0.90724E-03
 6475.98   0.64514E-03   0.79635E-03   0.90018E-03
 6489.58   0.63755E-03   0.79018E-03   0.89323E-03
 6503.19   0.63006E-03   0.78411E-03   0.88639E-03
 6516.79   0.62267E-03   0.77814E-03   0.87966E-03
 6530.40   0.61538E-03   0.77226E-03   0.87301E-03
 6544.00   0.60815E-03   0.76644E-03   0.86642E-03
 6557.61   0.60089E-03   0.76059E-03   0.85978E-03
 6571.21   0.59368E-03   0.75464E-03   0.85303E-03
 6584.82   0.58735E-03   0.74958E-03   0.84727E-03
 6598.42   0.58040E-03   0.74389E-03   0.84080E-03
 6612.03   0.57356E-03   0.73826E-03   0.83438E-03
 6625.63   0.56681E-03   0.73268E-03   0.82802E-03
 6639.24   0.56014E-03   0.72716E-03   0.82171E-03
 6652.84   0.55357E-03   0.72171E-03   0.81548E-03
 6666.45   0.54709E-03   0.71635E-03   0.80934E-03
 6680.05   0.54069E-03   0.71108E-03   0.80329E-03
 6693.66   0.53437E-03   0.70589E-03   0.79734E-03
 6707.26   0.52811E-03   0.70079E-03   0.79146E-03
 6720.87   0.52195E-03   0.69575E-03   0.78565E-03
 6734.47   0.51621E-03   0.69084E-03   0.77999E-03
 6748.08   0.51010E-03   0.68588E-03   0.77426E-03
 6761.68   0.50414E-03   0.68096E-03   0.76857E-03
 6775.29   0.49824E-03   0.67606E-03   0.76289E-03
 6788.89   0.49242E-03   0.67118E-03   0.75723E-03
 6802.50   0.48666E-03   0.66632E-03   0.75160E-03
 6816.10   0.48097E-03   0.66151E-03   0.74601E-03
 6829.71   0.47535E-03   0.65675E-03   0.74047E-03
 6843.31   0.46980E-03   0.65206E-03   0.73500E-03
 6856.92   0.46431E-03   0.64744E-03   0.72961E-03
 6870.52   0.45885E-03   0.64287E-03   0.72428E-03
 6884.13   0.45353E-03   0.63849E-03   0.71914E-03
 6897.73   0.44858E-03   0.63419E-03   0.71409E-03
 6911.34   0.44333E-03   0.62982E-03   0.70896E-03
 6924.94   0.43818E-03   0.62551E-03   0.70389E-03
 6938.55   0.43309E-03   0.62122E-03   0.69885E-03
 6952.15   0.42806E-03   0.61695E-03   0.69382E-03
 6965.76   0.42308E-03   0.61269E-03   0.68880E-03
 6979.36   0.41816E-03   0.60845E-03   0.68378E-03
 6992.97   0.41328E-03   0.60422E-03   0.67879E-03
 7006.57   0.40846E-03   0.60003E-03   0.67383E-03
 7020.18   0.40369E-03   0.59586E-03   0.66890E-03
 7033.78   0.39890E-03   0.59164E-03   0.66389E-03
 7047.39   0.39429E-03   0.58777E-03   0.65928E-03
 7060.99   0.39010E-03   0.58431E-03   0.65514E-03
 7074.60   0.38555E-03   0.58036E-03   0.65043E-03
 7088.20   0.38109E-03   0.57654E-03   0.64586E-03
 7101.81   0.37669E-03   0.57276E-03   0.64134E-03
 7115.41   0.37234E-03   0.56902E-03   0.63686E-03
 7129.02   0.36803E-03   0.56529E-03   0.63238E-03
 7142.62   0.36377E-03   0.56156E-03   0.62791E-03
 7156.23   0.35955E-03   0.55783E-03   0.62343E-03
 7169.83   0.35537E-03   0.55409E-03   0.61895E-03
 7183.44   0.35121E-03   0.55033E-03   0.61443E-03
 7197.04   0.34700E-03   0.54637E-03   0.60969E-03
 7210.65   0.34299E-03   0.54284E-03   0.60543E-03
 7224.25   0.33949E-03   0.54030E-03   0.60226E-03
 7237.86   0.33550E-03   0.53666E-03   0.59788E-03
 7251.46   0.33162E-03   0.53321E-03   0.59369E-03
 7265.07   0.32781E-03   0.52984E-03   0.58959E-03
 7278.67   0.32404E-03   0.52652E-03   0.58556E-03
 7292.28   0.32031E-03   0.52324E-03   0.58156E-03
 7305.88   0.31662E-03   0.51997E-03   0.57757E-03
 7319.49   0.31297E-03   0.51670E-03   0.57358E-03
 7333.09   0.30934E-03   0.51341E-03   0.56957E-03
 7346.70   0.30573E-03   0.51008E-03   0.56551E-03
 7360.30   0.30208E-03   0.50651E-03   0.56120E-03
 7373.91   0.29859E-03   0.50327E-03   0.55723E-03
 7387.51   0.29562E-03   0.50135E-03   0.55472E-03
 7401.12   0.29212E-03   0.49797E-03   0.55060E-03
 7414.72   0.28873E-03   0.49481E-03   0.54673E-03
 7428.33   0.28541E-03   0.49176E-03   0.54297E-03
 7441.93   0.28213E-03   0.48877E-03   0.53929E-03
 7455.54   0.27890E-03   0.48585E-03   0.53567E-03
 7469.14   0.27570E-03   0.48296E-03   0.53210E-03
 7482.75   0.27254E-03   0.48010E-03   0.52854E-03
 7496.35   0.26940E-03   0.47723E-03   0.52498E-03
 7509.96   0.26628E-03   0.47433E-03   0.52139E-03
 7523.56   0.26313E-03   0.47130E-03   0.51765E-03
 7537.17   0.26009E-03   0.46837E-03   0.51404E-03
 7550.77   0.25756E-03   0.46673E-03   0.51181E-03
 7564.38   0.25446E-03   0.46358E-03   0.50795E-03
 7577.98   0.25150E-03   0.46071E-03   0.50439E-03
 7591.59   0.24860E-03   0.45793E-03   0.50093E-03
 7605.19   0.24575E-03   0.45521E-03   0.49754E-03
 7618.80   0.24293E-03   0.45256E-03   0.49422E-03
 7632.40   0.24015E-03   0.44996E-03   0.49095E-03
 7646.01   0.23741E-03   0.44741E-03   0.48774E-03
 7659.61   0.23469E-03   0.44489E-03   0.48456E-03
 7673.22   0.23199E-03   0.44238E-03   0.48139E-03
 7686.82   0.22929E-03   0.43983E-03   0.47818E-03
 7700.43   0.22644E-03   0.43700E-03   0.47466E-03
 7714.03   0.22459E-03   0.43580E-03   0.47292E-03
 7727.64   0.22175E-03   0.43284E-03   0.46928E-03
 7741.24   0.21915E-03   0.43028E-03   0.46606E-03
 7754.85   0.21662E-03   0.42778E-03   0.46291E-03
 7768.45   0.21413E-03   0.42532E-03   0.45980E-03
 7782.06   0.21167E-03   0.42290E-03   0.45674E-03
 7795.66   0.20925E-03   0.42053E-03   0.45373E-03
 7809.27   0.20686E-03   0.41820E-03   0.45077E-03
 7822.87   0.20450E-03   0.41593E-03   0.44786E-03
 7836.48   0.20216E-03   0.41369E-03   0.44500E-03
 7850.08   0.19984E-03   0.41148E-03   0.44217E-03
 7863.69   0.19750E-03   0.40927E-03   0.43933E-03
 7877.29   0.19523E-03   0.40703E-03   0.43647E-03
 7890.90   0.19330E-03   0.40515E-03   0.43401E-03
 7904.50   0.19102E-03   0.40294E-03   0.43117E-03
 7918.11   0.18881E-03   0.40075E-03   0.42837E-03
 7931.71   0.18664E-03   0.39857E-03   0.42558E-03
 7945.32   0.18449E-03   0.39640E-03   0.42279E-03
 7958.92   0.18238E-03   0.39424E-03   0.42003E-03
 7972.53   0.18029E-03   0.39210E-03   0.41729E-03
 7986.13   0.17824E-03   0.39000E-03   0.41459E-03
 7999.74   0.17620E-03   0.38794E-03   0.41194E-03
 8013.34   0.17419E-03   0.38593E-03   0.40933E-03
 8026.95   0.17219E-03   0.38396E-03   0.40677E-03
 8040.55   0.17015E-03   0.38202E-03   0.40424E-03
 8054.16   0.16820E-03   0.38010E-03   0.40174E-03
 8067.76   0.16654E-03   0.37824E-03   0.39931E-03
 8081.37   0.16461E-03   0.37634E-03   0.39684E-03
 8094.97   0.16273E-03   0.37445E-03   0.39436E-03
 8108.58   0.16087E-03   0.37254E-03   0.39188E-03
 8122.18   0.15903E-03   0.37063E-03   0.38940E-03
 8135.79   0.15721E-03   0.36871E-03   0.38691E-03
 8149.39   0.15541E-03   0.36679E-03   0.38443E-03
 8163.00   0.15364E-03   0.36489E-03   0.38196E-03
 8176.60   0.15189E-03   0.36301E-03   0.37952E-03
 8190.21   0.15016E-03   0.36116E-03   0.37711E-03
 8203.81   0.14844E-03   0.35934E-03   0.37473E-03
 8217.42   0.14665E-03   0.35745E-03   0.37229E-03
 8231.02   0.14534E-03   0.35613E-03   0.37046E-03
 8244.63   0.14359E-03   0.35430E-03   0.36807E-03
 8258.23   0.14195E-03   0.35260E-03   0.36582E-03
 8271.84   0.14034E-03   0.35092E-03   0.36361E-03
 8285.44   0.13875E-03   0.34925E-03   0.36139E-03
 8299.05   0.13717E-03   0.34757E-03   0.35918E-03
 8312.65   0.13562E-03   0.34587E-03   0.35695E-03
 8326.26   0.13408E-03   0.34417E-03   0.35472E-03
 8339.86   0.13256E-03   0.34246E-03   0.35248E-03
 8353.47   0.13105E-03   0.34074E-03   0.35024E-03
 8367.07   0.12956E-03   0.33902E-03   0.34800E-03
 8380.68   0.12808E-03   0.33728E-03   0.34574E-03
 8394.28   0.12650E-03   0.33517E-03   0.34312E-03
 8407.89   0.12546E-03   0.33488E-03   0.34233E-03
 8421.49   0.12395E-03   0.33294E-03   0.33988E-03
 8435.10   0.12255E-03   0.33135E-03   0.33778E-03
 8448.70   0.12118E-03   0.32982E-03   0.33575E-03
 8462.31   0.11982E-03   0.32832E-03   0.33375E-03
 8475.91   0.11849E-03   0.32683E-03   0.33176E-03
 8489.52   0.11716E-03   0.32534E-03   0.32978E-03
 8503.12   0.11586E-03   0.32384E-03   0.32778E-03
 8516.73   0.11456E-03   0.32232E-03   0.32577E-03
 8530.33   0.11328E-03   0.32078E-03   0.32375E-03
 8543.94   0.11200E-03   0.31920E-03   0.32169E-03
 8557.54   0.11073E-03   0.31755E-03   0.31957E-03
 8571.15   0.10936E-03   0.31540E-03   0.31695E-03
 8584.75   0.10861E-03   0.31606E-03   0.31710E-03
 8598.36   0.10726E-03   0.31384E-03   0.31443E-03
 8611.96   0.10606E-03   0.31229E-03   0.31241E-03
 8625.57   0.10489E-03   0.31085E-03   0.31050E-03
 8639.17   0.10374E-03   0.30946E-03   0.30866E-03
 8652.78   0.10262E-03   0.30811E-03   0.30685E-03
 8666.38   0.10150E-03   0.30678E-03   0.30506E-03
 8679.99   0.10040E-03   0.30546E-03   0.30328E-03
 8693.59   0.99312E-04   0.30412E-03   0.30149E-03
 8707.20   0.98233E-04   0.30277E-03   0.29968E-03
 8720.80   0.97160E-04   0.30137E-03   0.29785E-03
 8734.41   0.96085E-04   0.29990E-03   0.29593E-03
 8748.01   0.94949E-04   0.29807E-03   0.29368E-03
 8761.62   0.93960E-04   0.29680E-03   0.29197E-03
 8775.22   0.93209E-04   0.29667E-03   0.29138E-03
 8788.83   0.92177E-04   0.29514E-03   0.28942E-03
 8802.43   0.91190E-04   0.29376E-03   0.28762E-03
 8816.04   0.90227E-04   0.29245E-03   0.28588E-03
 8829.64   0.89284E-04   0.29118E-03   0.28420E-03
 8843.25   0.88358E-04   0.28996E-03   0.28255E-03
 8856.85   0.87446E-04   0.28876E-03   0.28093E-03
 8870.46   0.86547E-04   0.28757E-03   0.27933E-03
 8884.06   0.85658E-04   0.28638E-03   0.27772E-03
 8897.67   0.84776E-04   0.28518E-03   0.27611E-03
 8911.27   0.83896E-04   0.28392E-03   0.27445E-03
 8924.88   0.82989E-04   0.28251E-03   0.27265E-03
 8938.48   0.82156E-04   0.28126E-03   0.27100E-03
 8952.09   0.81575E-04   0.28109E-03   0.27038E-03
 8965.69   0.80690E-04   0.27959E-03   0.26851E-03
 8979.30   0.79867E-04   0.27829E-03   0.26683E-03
 8992.90   0.79070E-04   0.27705E-03   0.26520E-03
 9006.51   0.78293E-04   0.27585E-03   0.26362E-03
 9020.11   0.77533E-04   0.27469E-03   0.26207E-03
 9033.72   0.76790E-04   0.27356E-03   0.26056E-03
 9047.32   0.76062E-04   0.27246E-03   0.25909E-03
 9060.93   0.75347E-04   0.27138E-03   0.25763E-03
 9074.53   0.74644E-04   0.27032E-03   0.25619E-03
 9088.14   0.73948E-04   0.26925E-03   0.25475E-03
 9101.74   0.73249E-04   0.26815E-03   0.25328E-03
 9115.35   0.72473E-04   0.26679E-03   0.25157E-03
 9128.95   0.72186E-04   0.26680E-03   0.25117E-03
 9142.56   0.71404E-04   0.26532E-03   0.24934E-03
 9156.16   0.70742E-04   0.26415E-03   0.24783E-03
 9169.77   0.70106E-04   0.26302E-03   0.24635E-03
 9183.37   0.69486E-04   0.26191E-03   0.24489E-03
 9196.98   0.68882E-04   0.26081E-03   0.24345E-03
 9210.58   0.68292E-04   0.25973E-03   0.24203E-03
 9224.19   0.67718E-04   0.25867E-03   0.24064E-03
 9237.79   0.67160E-04   0.25765E-03   0.23927E-03
 9251.40   0.66616E-04   0.25665E-03   0.23794E-03
 9265.00   0.66086E-04   0.25568E-03   0.23663E-03
 9278.61   0.65565E-04   0.25473E-03   0.23534E-03
 9292.21   0.65045E-04   0.25377E-03   0.23404E-03
 9305.82   0.64549E-04   0.25279E-03   0.23273E-03
 9319.42   0.64169E-04   0.25203E-03   0.23165E-03
 9333.03   0.63668E-04   0.25104E-03   0.23034E-03
 9346.63   0.63195E-04   0.25007E-03   0.22904E-03
 9360.24   0.62735E-04   0.24908E-03   0.22774E-03
 9373.84   0.62286E-04   0.24809E-03   0.22644E-03
 9387.45   0.61848E-04   0.24709E-03   0.22513E-03
 9401.05   0.61421E-04   0.24609E-03   0.22384E-03
 9414.66   0.61008E-04   0.24510E-03   0.22255E-03
 9428.26   0.60608E-04   0.24413E-03   0.22128E-03
 9441.87   0.60223E-04   0.24319E-03   0.22004E-03
 9455.47   0.59852E-04   0.24227E-03   0.21882E-03
 9469.08   0.59494E-04   0.24138E-03   0.21763E-03
 9482.68   0.59142E-04   0.24050E-03   0.21646E-03
 9496.29   0.58821E-04   0.23968E-03   0.21533E-03
 9509.89   0.58544E-04   0.23883E-03   0.21421E-03
 9523.50   0.58230E-04   0.23798E-03   0.21307E-03
 9537.10   0.57931E-04   0.23713E-03   0.21193E-03
 9550.71   0.57641E-04   0.23627E-03   0.21079E-03
 9564.31   0.57359E-04   0.23539E-03   0.20963E-03
 9577.92   0.57085E-04   0.23449E-03   0.20846E-03
 9591.52   0.56818E-04   0.23358E-03   0.20728E-03
 9605.13   0.56561E-04   0.23266E-03   0.20611E-03
 9618.73   0.56315E-04   0.23174E-03   0.20493E-03
 9632.34   0.56079E-04   0.23083E-03   0.20377E-03
 9645.94   0.55856E-04   0.22994E-03   0.20262E-03
 9659.55   0.55644E-04   0.22904E-03   0.20147E-03
 9673.15   0.55429E-04   0.22811E-03   0.20029E-03
 9686.76   0.55287E-04   0.22745E-03   0.19936E-03
 9700.36   0.55175E-04   0.22681E-03   0.19845E-03
 9713.97   0.55013E-04   0.22598E-03   0.19737E-03
 9727.57   0.54872E-04   0.22519E-03   0.19633E-03
 9741.18   0.54744E-04   0.22441E-03   0.19530E-03
 9754.78   0.54624E-04   0.22363E-03   0.19427E-03
 9768.39   0.54512E-04   0.22283E-03   0.19323E-03
 9781.99   0.54407E-04   0.22202E-03   0.19218E-03
 9795.60   0.54307E-04   0.22118E-03   0.19112E-03
 9809.20   0.54214E-04   0.22033E-03   0.19005E-03
 9822.81   0.54127E-04   0.21947E-03   0.18897E-03
 9836.41   0.54047E-04   0.21859E-03   0.18788E-03
 9850.02   0.53969E-04   0.21768E-03   0.18677E-03
 9863.62   0.53862E-04   0.21661E-03   0.18552E-03
 9877.23   0.53886E-04   0.21605E-03   0.18471E-03
 9890.83   0.54009E-04   0.21585E-03   0.18420E-03
 9904.44   0.53970E-04   0.21494E-03   0.18311E-03
 9918.04   0.53970E-04   0.21415E-03   0.18211E-03
 9931.65   0.53990E-04   0.21341E-03   0.18116E-03
 9945.25   0.54025E-04   0.21268E-03   0.18022E-03
 9958.86   0.54070E-04   0.21196E-03   0.17929E-03
 9972.46   0.54124E-04   0.21123E-03   0.17835E-03
 9986.07   0.54183E-04   0.21049E-03   0.17741E-03
 9999.67   0.54247E-04   0.20973E-03   0.17645E-03
