 1401.31   0.10729E+00   0.10583E+00   0.10282E+00
 1414.92   0.10636E+00   0.10485E+00   0.10187E+00
 1428.52   0.10544E+00   0.10388E+00   0.10093E+00
 1442.13   0.10453E+00   0.10293E+00   0.10000E+00
 1455.73   0.10364E+00   0.10198E+00   0.99085E-01
 1469.34   0.10275E+00   0.10105E+00   0.98180E-01
 1482.94   0.10187E+00   0.10013E+00   0.97285E-01
 1496.55   0.10100E+00   0.99220E-01   0.96401E-01
 1510.15   0.10015E+00   0.98321E-01   0.95529E-01
 1523.76   0.99303E-01   0.97433E-01   0.94667E-01
 1537.36   0.98467E-01   0.96555E-01   0.93816E-01
 1550.97   0.97640E-01   0.95688E-01   0.92975E-01
 1564.57   0.96823E-01   0.94831E-01   0.92143E-01
 1578.18   0.96016E-01   0.93983E-01   0.91322E-01
 1591.78   0.95217E-01   0.93146E-01   0.90510E-01
 1605.39   0.94428E-01   0.92318E-01   0.89707E-01
 1618.99   0.93647E-01   0.91499E-01   0.88914E-01
 1632.60   0.92874E-01   0.90689E-01   0.88129E-01
 1646.20   0.92110E-01   0.89888E-01   0.87354E-01
 1659.81   0.91354E-01   0.89097E-01   0.86587E-01
 1673.41   0.90606E-01   0.88314E-01   0.85829E-01
 1687.02   0.89867E-01   0.87540E-01   0.85080E-01
 1700.62   0.89136E-01   0.86775E-01   0.84339E-01
 1714.23   0.88413E-01   0.86019E-01   0.83607E-01
 1727.83   0.87698E-01   0.85271E-01   0.82884E-01
 1741.44   0.86991E-01   0.84532E-01   0.82169E-01
 1755.04   0.86292E-01   0.83801E-01   0.81462E-01
 1768.65   0.85601E-01   0.83079E-01   0.80764E-01
 1782.25   0.84917E-01   0.82365E-01   0.80073E-01
 1795.86   0.84240E-01   0.81658E-01   0.79390E-01
 1809.46   0.83571E-01   0.80960E-01   0.78715E-01
 1823.07   0.82909E-01   0.80269E-01   0.78047E-01
 1836.67   0.82253E-01   0.79585E-01   0.77387E-01
 1850.28   0.81605E-01   0.78909E-01   0.76734E-01
 1863.88   0.80963E-01   0.78240E-01   0.76088E-01
 1877.49   0.80327E-01   0.77578E-01   0.75448E-01
 1891.09   0.79700E-01   0.76925E-01   0.74818E-01
 1904.70   0.79077E-01   0.76277E-01   0.74192E-01
 1918.30   0.78462E-01   0.75637E-01   0.73574E-01
 1931.91   0.77853E-01   0.75003E-01   0.72963E-01
 1945.51   0.77251E-01   0.74377E-01   0.72359E-01
 1959.12   0.76654E-01   0.73758E-01   0.71761E-01
 1972.72   0.76066E-01   0.73147E-01   0.71172E-01
 1986.33   0.75481E-01   0.72540E-01   0.70586E-01
 1999.93   0.74903E-01   0.71940E-01   0.70008E-01
 2013.54   0.74331E-01   0.71347E-01   0.69436E-01
 2027.14   0.73765E-01   0.70760E-01   0.68870E-01
 2040.75   0.73205E-01   0.70179E-01   0.68311E-01
 2054.35   0.72649E-01   0.69604E-01   0.67756E-01
 2067.96   0.72101E-01   0.69037E-01   0.67210E-01
 2081.56   0.71557E-01   0.68474E-01   0.66667E-01
 2095.17   0.71018E-01   0.67917E-01   0.66131E-01
 2108.77   0.70484E-01   0.67365E-01   0.65600E-01
 2122.38   0.69956E-01   0.66820E-01   0.65075E-01
 2135.98   0.69433E-01   0.66280E-01   0.64555E-01
 2149.59   0.68916E-01   0.65747E-01   0.64042E-01
 2163.19   0.68404E-01   0.65218E-01   0.63533E-01
 2176.80   0.67896E-01   0.64695E-01   0.63030E-01
 2190.40   0.67394E-01   0.64178E-01   0.62532E-01
 2204.01   0.66896E-01   0.63665E-01   0.62039E-01
 2217.61   0.66403E-01   0.63158E-01   0.61551E-01
 2231.22   0.65915E-01   0.62657E-01   0.61069E-01
 2244.82   0.65433E-01   0.62162E-01   0.60593E-01
 2258.43   0.64955E-01   0.61671E-01   0.60121E-01
 2272.03   0.64481E-01   0.61185E-01   0.59653E-01
 2285.64   0.64012E-01   0.60703E-01   0.59190E-01
 2299.24   0.63546E-01   0.60226E-01   0.58732E-01
 2312.85   0.63085E-01   0.59753E-01   0.58278E-01
 2326.45   0.62627E-01   0.59285E-01   0.57828E-01
 2340.06   0.62178E-01   0.58825E-01   0.57386E-01
 2353.66   0.61730E-01   0.58368E-01   0.56947E-01
 2367.27   0.61287E-01   0.57915E-01   0.56512E-01
 2380.87   0.60847E-01   0.57466E-01   0.56081E-01
 2394.48   0.60411E-01   0.57021E-01   0.55654E-01
 2408.08   0.59979E-01   0.56580E-01   0.55230E-01
 2421.69   0.59550E-01   0.56143E-01   0.54811E-01
 2435.29   0.59130E-01   0.55716E-01   0.54401E-01
 2448.90   0.58710E-01   0.55289E-01   0.53991E-01
 2462.50   0.58295E-01   0.54867E-01   0.53586E-01
 2476.11   0.57884E-01   0.54449E-01   0.53185E-01
 2489.71   0.57476E-01   0.54034E-01   0.52787E-01
 2503.32   0.57070E-01   0.53623E-01   0.52393E-01
 2516.92   0.56663E-01   0.53211E-01   0.51997E-01
 2530.53   0.56275E-01   0.52817E-01   0.51620E-01
 2544.13   0.55880E-01   0.52418E-01   0.51237E-01
 2557.74   0.55490E-01   0.52023E-01   0.50859E-01
 2571.34   0.55104E-01   0.51633E-01   0.50484E-01
 2584.95   0.54721E-01   0.51246E-01   0.50114E-01
 2598.55   0.54341E-01   0.50863E-01   0.49746E-01
 2612.16   0.53962E-01   0.50480E-01   0.49380E-01
 2625.76   0.53594E-01   0.50110E-01   0.49025E-01
 2639.37   0.53223E-01   0.49736E-01   0.48666E-01
 2652.97   0.52855E-01   0.49367E-01   0.48312E-01
 2666.58   0.52492E-01   0.49001E-01   0.47962E-01
 2680.18   0.52132E-01   0.48640E-01   0.47616E-01
 2693.79   0.51775E-01   0.48282E-01   0.47273E-01
 2707.39   0.51420E-01   0.47926E-01   0.46932E-01
 2721.00   0.51073E-01   0.47578E-01   0.46599E-01
 2734.60   0.50724E-01   0.47229E-01   0.46265E-01
 2748.21   0.50378E-01   0.46883E-01   0.45933E-01
 2761.81   0.50036E-01   0.46541E-01   0.45606E-01
 2775.42   0.49696E-01   0.46202E-01   0.45281E-01
 2789.02   0.49361E-01   0.45867E-01   0.44961E-01
 2802.63   0.49028E-01   0.45535E-01   0.44643E-01
 2816.23   0.48698E-01   0.45207E-01   0.44328E-01
 2829.84   0.48372E-01   0.44882E-01   0.44018E-01
 2843.44   0.48047E-01   0.44559E-01   0.43709E-01
 2857.05   0.47724E-01   0.44238E-01   0.43402E-01
 2870.65   0.47403E-01   0.43921E-01   0.43098E-01
 2884.26   0.47086E-01   0.43606E-01   0.42796E-01
 2897.86   0.46771E-01   0.43294E-01   0.42498E-01
 2911.47   0.46460E-01   0.42986E-01   0.42203E-01
 2925.07   0.46152E-01   0.42682E-01   0.41912E-01
 2938.68   0.45846E-01   0.42379E-01   0.41623E-01
 2952.28   0.45543E-01   0.42080E-01   0.41336E-01
 2965.89   0.45241E-01   0.41782E-01   0.41052E-01
 2979.49   0.44941E-01   0.41487E-01   0.40769E-01
 2993.10   0.44644E-01   0.41194E-01   0.40489E-01
 3006.70   0.44349E-01   0.40904E-01   0.40212E-01
 3020.31   0.44057E-01   0.40617E-01   0.39937E-01
 3033.91   0.43770E-01   0.40336E-01   0.39668E-01
 3047.52   0.43483E-01   0.40055E-01   0.39399E-01
 3061.12   0.43199E-01   0.39776E-01   0.39133E-01
 3074.73   0.42917E-01   0.39500E-01   0.38869E-01
 3088.33   0.42636E-01   0.39226E-01   0.38607E-01
 3101.94   0.42357E-01   0.38954E-01   0.38346E-01
 3115.54   0.42080E-01   0.38683E-01   0.38087E-01
 3129.15   0.41803E-01   0.38413E-01   0.37829E-01
 3142.75   0.41539E-01   0.38155E-01   0.37583E-01
 3156.36   0.41268E-01   0.37892E-01   0.37331E-01
 3169.96   0.41001E-01   0.37633E-01   0.37083E-01
 3183.57   0.40737E-01   0.37376E-01   0.36837E-01
 3197.17   0.40474E-01   0.37121E-01   0.36594E-01
 3210.78   0.40212E-01   0.36867E-01   0.36351E-01
 3224.38   0.39951E-01   0.36614E-01   0.36109E-01
 3237.99   0.39689E-01   0.36361E-01   0.35867E-01
 3251.59   0.39444E-01   0.36124E-01   0.35641E-01
 3265.20   0.39189E-01   0.35878E-01   0.35405E-01
 3278.80   0.38937E-01   0.35635E-01   0.35173E-01
 3292.41   0.38688E-01   0.35396E-01   0.34944E-01
 3306.01   0.38442E-01   0.35158E-01   0.34717E-01
 3319.62   0.38197E-01   0.34923E-01   0.34492E-01
 3333.22   0.37952E-01   0.34688E-01   0.34268E-01
 3346.83   0.37707E-01   0.34453E-01   0.34043E-01
 3360.43   0.37477E-01   0.34232E-01   0.33832E-01
 3374.04   0.37236E-01   0.34001E-01   0.33611E-01
 3387.64   0.36998E-01   0.33774E-01   0.33393E-01
 3401.25   0.36763E-01   0.33550E-01   0.33179E-01
 3414.85   0.36531E-01   0.33328E-01   0.32967E-01
 3428.46   0.36300E-01   0.33108E-01   0.32757E-01
 3442.06   0.36072E-01   0.32890E-01   0.32548E-01
 3455.67   0.35842E-01   0.32672E-01   0.32339E-01
 3469.27   0.35624E-01   0.32465E-01   0.32141E-01
 3482.88   0.35397E-01   0.32249E-01   0.31935E-01
 3496.48   0.35173E-01   0.32037E-01   0.31732E-01
 3510.09   0.34951E-01   0.31827E-01   0.31531E-01
 3523.69   0.34731E-01   0.31619E-01   0.31332E-01
 3537.30   0.34514E-01   0.31413E-01   0.31135E-01
 3550.90   0.34298E-01   0.31209E-01   0.30940E-01
 3564.51   0.34084E-01   0.31008E-01   0.30747E-01
 3578.11   0.33871E-01   0.30806E-01   0.30554E-01
 3591.72   0.33663E-01   0.30611E-01   0.30367E-01
 3605.32   0.33453E-01   0.30413E-01   0.30178E-01
 3618.93   0.33244E-01   0.30217E-01   0.29991E-01
 3632.53   0.33037E-01   0.30022E-01   0.29804E-01
 3646.14   0.32831E-01   0.29829E-01   0.29619E-01
 3659.74   0.32626E-01   0.29638E-01   0.29436E-01
 3673.35   0.32424E-01   0.29449E-01   0.29256E-01
 3686.95   0.32224E-01   0.29262E-01   0.29077E-01
 3700.56   0.32026E-01   0.29078E-01   0.28900E-01
 3714.16   0.31829E-01   0.28894E-01   0.28724E-01
 3727.77   0.31633E-01   0.28711E-01   0.28549E-01
 3741.37   0.31438E-01   0.28530E-01   0.28375E-01
 3754.98   0.31243E-01   0.28349E-01   0.28202E-01
 3768.58   0.31050E-01   0.28169E-01   0.28030E-01
 3782.19   0.30858E-01   0.27991E-01   0.27859E-01
 3795.79   0.30667E-01   0.27815E-01   0.27690E-01
 3809.40   0.30479E-01   0.27641E-01   0.27523E-01
 3823.00   0.30295E-01   0.27471E-01   0.27360E-01
 3836.61   0.30109E-01   0.27299E-01   0.27196E-01
 3850.21   0.29925E-01   0.27130E-01   0.27034E-01
 3863.82   0.29743E-01   0.26962E-01   0.26872E-01
 3877.42   0.29561E-01   0.26794E-01   0.26712E-01
 3891.03   0.29379E-01   0.26627E-01   0.26552E-01
 3904.63   0.29198E-01   0.26461E-01   0.26392E-01
 3918.24   0.29017E-01   0.26295E-01   0.26233E-01
 3931.84   0.28838E-01   0.26131E-01   0.26076E-01
 3945.45   0.28671E-01   0.25978E-01   0.25929E-01
 3959.05   0.28495E-01   0.25818E-01   0.25775E-01
 3972.66   0.28322E-01   0.25660E-01   0.25624E-01
 3986.26   0.28151E-01   0.25504E-01   0.25474E-01
 3999.87   0.27981E-01   0.25348E-01   0.25325E-01
 4013.47   0.27810E-01   0.25193E-01   0.25176E-01
 4027.08   0.27641E-01   0.25039E-01   0.25028E-01
 4040.68   0.27469E-01   0.24884E-01   0.24879E-01
 4054.29   0.27297E-01   0.24727E-01   0.24728E-01
 4067.89   0.27146E-01   0.24591E-01   0.24597E-01
 4081.50   0.26979E-01   0.24440E-01   0.24452E-01
 4095.10   0.26816E-01   0.24292E-01   0.24310E-01
 4108.71   0.26655E-01   0.24146E-01   0.24170E-01
 4122.31   0.26494E-01   0.24002E-01   0.24031E-01
 4135.92   0.26335E-01   0.23858E-01   0.23893E-01
 4149.52   0.26176E-01   0.23715E-01   0.23756E-01
 4163.13   0.26016E-01   0.23571E-01   0.23617E-01
 4176.73   0.25854E-01   0.23425E-01   0.23477E-01
 4190.34   0.25712E-01   0.23299E-01   0.23356E-01
 4203.94   0.25554E-01   0.23157E-01   0.23219E-01
 4217.55   0.25399E-01   0.23018E-01   0.23086E-01
 4231.15   0.25247E-01   0.22882E-01   0.22954E-01
 4244.76   0.25096E-01   0.22747E-01   0.22824E-01
 4258.36   0.24946E-01   0.22613E-01   0.22696E-01
 4271.97   0.24797E-01   0.22481E-01   0.22568E-01
 4285.57   0.24648E-01   0.22348E-01   0.22440E-01
 4299.18   0.24499E-01   0.22215E-01   0.22312E-01
 4312.78   0.24362E-01   0.22094E-01   0.22196E-01
 4326.39   0.24213E-01   0.21961E-01   0.22068E-01
 4339.99   0.24067E-01   0.21832E-01   0.21943E-01
 4353.60   0.23922E-01   0.21703E-01   0.21819E-01
 4367.20   0.23779E-01   0.21577E-01   0.21697E-01
 4380.81   0.23637E-01   0.21451E-01   0.21576E-01
 4394.41   0.23497E-01   0.21328E-01   0.21457E-01
 4408.02   0.23358E-01   0.21205E-01   0.21339E-01
 4421.62   0.23219E-01   0.21083E-01   0.21220E-01
 4435.23   0.23088E-01   0.20968E-01   0.21110E-01
 4448.83   0.22948E-01   0.20844E-01   0.20991E-01
 4462.44   0.22810E-01   0.20724E-01   0.20874E-01
 4476.04   0.22674E-01   0.20604E-01   0.20758E-01
 4489.65   0.22538E-01   0.20485E-01   0.20644E-01
 4503.25   0.22404E-01   0.20367E-01   0.20530E-01
 4516.86   0.22271E-01   0.20251E-01   0.20417E-01
 4530.46   0.22139E-01   0.20136E-01   0.20306E-01
 4544.07   0.22009E-01   0.20022E-01   0.20196E-01
 4557.67   0.21879E-01   0.19910E-01   0.20087E-01
 4571.28   0.21752E-01   0.19798E-01   0.19980E-01
 4584.88   0.21624E-01   0.19687E-01   0.19872E-01
 4598.49   0.21496E-01   0.19576E-01   0.19765E-01
 4612.09   0.21369E-01   0.19466E-01   0.19658E-01
 4625.70   0.21242E-01   0.19355E-01   0.19551E-01
 4639.30   0.21116E-01   0.19246E-01   0.19445E-01
 4652.91   0.20990E-01   0.19137E-01   0.19340E-01
 4666.51   0.20866E-01   0.19030E-01   0.19236E-01
 4680.12   0.20743E-01   0.18924E-01   0.19132E-01
 4693.72   0.20622E-01   0.18819E-01   0.19031E-01
 4707.33   0.20503E-01   0.18717E-01   0.18932E-01
 4720.93   0.20383E-01   0.18614E-01   0.18832E-01
 4734.54   0.20264E-01   0.18511E-01   0.18733E-01
 4748.14   0.20145E-01   0.18409E-01   0.18634E-01
 4761.75   0.20026E-01   0.18307E-01   0.18534E-01
 4775.35   0.19908E-01   0.18205E-01   0.18436E-01
 4788.96   0.19789E-01   0.18104E-01   0.18337E-01
 4802.56   0.19672E-01   0.18003E-01   0.18239E-01
 4816.17   0.19552E-01   0.17901E-01   0.18140E-01
 4829.77   0.19451E-01   0.17815E-01   0.18056E-01
 4843.38   0.19332E-01   0.17713E-01   0.17957E-01
 4856.98   0.19219E-01   0.17616E-01   0.17863E-01
 4870.59   0.19107E-01   0.17521E-01   0.17771E-01
 4884.19   0.18996E-01   0.17426E-01   0.17679E-01
 4897.80   0.18885E-01   0.17332E-01   0.17587E-01
 4911.40   0.18774E-01   0.17238E-01   0.17495E-01
 4925.01   0.18663E-01   0.17143E-01   0.17403E-01
 4938.61   0.18551E-01   0.17048E-01   0.17311E-01
 4952.22   0.18435E-01   0.16949E-01   0.17214E-01
 4965.82   0.18349E-01   0.16878E-01   0.17145E-01
 4979.43   0.18234E-01   0.16780E-01   0.17049E-01
 4993.03   0.18126E-01   0.16689E-01   0.16960E-01
 5006.64   0.18020E-01   0.16600E-01   0.16873E-01
 5020.24   0.17916E-01   0.16512E-01   0.16787E-01
 5033.85   0.17812E-01   0.16424E-01   0.16702E-01
 5047.45   0.17709E-01   0.16337E-01   0.16617E-01
 5061.06   0.17605E-01   0.16250E-01   0.16532E-01
 5074.66   0.17501E-01   0.16162E-01   0.16446E-01
 5088.27   0.17391E-01   0.16069E-01   0.16354E-01
 5101.87   0.17316E-01   0.16009E-01   0.16297E-01
 5115.48   0.17203E-01   0.15913E-01   0.16202E-01
 5129.08   0.17100E-01   0.15827E-01   0.16118E-01
 5142.69   0.17000E-01   0.15743E-01   0.16036E-01
 5156.29   0.16901E-01   0.15660E-01   0.15955E-01
 5169.90   0.16804E-01   0.15579E-01   0.15875E-01
 5183.50   0.16707E-01   0.15498E-01   0.15796E-01
 5197.11   0.16610E-01   0.15417E-01   0.15717E-01
 5210.71   0.16513E-01   0.15337E-01   0.15638E-01
 5224.32   0.16414E-01   0.15253E-01   0.15556E-01
 5237.92   0.16310E-01   0.15166E-01   0.15470E-01
 5251.53   0.16234E-01   0.15105E-01   0.15411E-01
 5265.13   0.16137E-01   0.15024E-01   0.15331E-01
 5278.74   0.16042E-01   0.14945E-01   0.15253E-01
 5292.34   0.15948E-01   0.14867E-01   0.15177E-01
 5305.95   0.15856E-01   0.14790E-01   0.15102E-01
 5319.55   0.15764E-01   0.14715E-01   0.15027E-01
 5333.16   0.15674E-01   0.14640E-01   0.14954E-01
 5346.76   0.15584E-01   0.14565E-01   0.14881E-01
 5360.37   0.15494E-01   0.14491E-01   0.14807E-01
 5373.97   0.15402E-01   0.14415E-01   0.14733E-01
 5387.58   0.15322E-01   0.14350E-01   0.14669E-01
 5401.18   0.15231E-01   0.14275E-01   0.14595E-01
 5414.79   0.15142E-01   0.14201E-01   0.14522E-01
 5428.39   0.15053E-01   0.14128E-01   0.14450E-01
 5442.00   0.14966E-01   0.14056E-01   0.14379E-01
 5455.60   0.14879E-01   0.13984E-01   0.14308E-01
 5469.21   0.14793E-01   0.13914E-01   0.14239E-01
 5482.81   0.14708E-01   0.13844E-01   0.14170E-01
 5496.42   0.14624E-01   0.13776E-01   0.14102E-01
 5510.02   0.14541E-01   0.13707E-01   0.14035E-01
 5523.63   0.14460E-01   0.13642E-01   0.13970E-01
 5537.23   0.14377E-01   0.13573E-01   0.13903E-01
 5550.84   0.14294E-01   0.13506E-01   0.13836E-01
 5564.44   0.14212E-01   0.13438E-01   0.13769E-01
 5578.05   0.14129E-01   0.13371E-01   0.13702E-01
 5591.65   0.14047E-01   0.13303E-01   0.13635E-01
 5605.26   0.13965E-01   0.13237E-01   0.13569E-01
 5618.86   0.13884E-01   0.13171E-01   0.13504E-01
 5632.47   0.13805E-01   0.13106E-01   0.13439E-01
 5646.07   0.13726E-01   0.13042E-01   0.13376E-01
 5659.68   0.13648E-01   0.12979E-01   0.13314E-01
 5673.28   0.13572E-01   0.12916E-01   0.13252E-01
 5686.89   0.13495E-01   0.12854E-01   0.13190E-01
 5700.49   0.13418E-01   0.12792E-01   0.13128E-01
 5714.10   0.13341E-01   0.12730E-01   0.13066E-01
 5727.70   0.13265E-01   0.12667E-01   0.13004E-01
 5741.31   0.13188E-01   0.12605E-01   0.12942E-01
 5754.91   0.13111E-01   0.12543E-01   0.12881E-01
 5768.52   0.13035E-01   0.12481E-01   0.12819E-01
 5782.12   0.12960E-01   0.12420E-01   0.12758E-01
 5795.73   0.12884E-01   0.12358E-01   0.12697E-01
 5809.33   0.12811E-01   0.12300E-01   0.12638E-01
 5822.94   0.12743E-01   0.12245E-01   0.12584E-01
 5836.54   0.12670E-01   0.12186E-01   0.12525E-01
 5850.15   0.12598E-01   0.12128E-01   0.12468E-01
 5863.75   0.12527E-01   0.12071E-01   0.12410E-01
 5877.36   0.12456E-01   0.12014E-01   0.12353E-01
 5890.96   0.12385E-01   0.11956E-01   0.12296E-01
 5904.57   0.12313E-01   0.11898E-01   0.12238E-01
 5918.17   0.12242E-01   0.11840E-01   0.12180E-01
 5931.78   0.12170E-01   0.11782E-01   0.12122E-01
 5945.38   0.12096E-01   0.11722E-01   0.12062E-01
 5958.99   0.12025E-01   0.11665E-01   0.12005E-01
 5972.59   0.11969E-01   0.11622E-01   0.11962E-01
 5986.20   0.11899E-01   0.11565E-01   0.11905E-01
 5999.80   0.11832E-01   0.11511E-01   0.11851E-01
 6013.41   0.11765E-01   0.11458E-01   0.11797E-01
 6027.01   0.11699E-01   0.11405E-01   0.11744E-01
 6040.62   0.11633E-01   0.11352E-01   0.11691E-01
 6054.22   0.11566E-01   0.11299E-01   0.11638E-01
 6067.83   0.11500E-01   0.11245E-01   0.11584E-01
 6081.43   0.11432E-01   0.11191E-01   0.11529E-01
 6095.04   0.11362E-01   0.11133E-01   0.11471E-01
 6108.64   0.11293E-01   0.11077E-01   0.11415E-01
 6122.25   0.11247E-01   0.11043E-01   0.11381E-01
 6135.85   0.11180E-01   0.10989E-01   0.11326E-01
 6149.46   0.11115E-01   0.10937E-01   0.11274E-01
 6163.06   0.11052E-01   0.10887E-01   0.11224E-01
 6176.67   0.10990E-01   0.10837E-01   0.11174E-01
 6190.27   0.10929E-01   0.10788E-01   0.11124E-01
 6203.88   0.10867E-01   0.10739E-01   0.11075E-01
 6217.48   0.10806E-01   0.10690E-01   0.11026E-01
 6231.09   0.10744E-01   0.10640E-01   0.10975E-01
 6244.69   0.10679E-01   0.10588E-01   0.10922E-01
 6258.30   0.10615E-01   0.10536E-01   0.10870E-01
 6271.90   0.10571E-01   0.10505E-01   0.10838E-01
 6285.51   0.10507E-01   0.10453E-01   0.10786E-01
 6299.11   0.10446E-01   0.10403E-01   0.10736E-01
 6312.72   0.10386E-01   0.10355E-01   0.10687E-01
 6326.32   0.10327E-01   0.10308E-01   0.10640E-01
 6339.93   0.10269E-01   0.10262E-01   0.10593E-01
 6353.53   0.10212E-01   0.10217E-01   0.10547E-01
 6367.14   0.10155E-01   0.10172E-01   0.10501E-01
 6380.74   0.10099E-01   0.10126E-01   0.10455E-01
 6394.35   0.10041E-01   0.10080E-01   0.10409E-01
 6407.95   0.99826E-02   0.10033E-01   0.10361E-01
 6421.56   0.99384E-02   0.10001E-01   0.10328E-01
 6435.16   0.98782E-02   0.99520E-02   0.10279E-01
 6448.77   0.98209E-02   0.99060E-02   0.10232E-01
 6462.37   0.97644E-02   0.98607E-02   0.10186E-01
 6475.98   0.97087E-02   0.98161E-02   0.10140E-01
 6489.58   0.96537E-02   0.97722E-02   0.10096E-01
 6503.19   0.95995E-02   0.97292E-02   0.10052E-01
 6516.79   0.95462E-02   0.96868E-02   0.10009E-01
 6530.40   0.94934E-02   0.96450E-02   0.99660E-02
 6544.00   0.94409E-02   0.96034E-02   0.99237E-02
 6557.61   0.93877E-02   0.95609E-02   0.98803E-02
 6571.21   0.93326E-02   0.95164E-02   0.98349E-02
 6584.82   0.92879E-02   0.94827E-02   0.98006E-02
 6598.42   0.92354E-02   0.94407E-02   0.97577E-02
 6612.03   0.91831E-02   0.93989E-02   0.97150E-02
 6625.63   0.91309E-02   0.93572E-02   0.96724E-02
 6639.24   0.90791E-02   0.93157E-02   0.96300E-02
 6652.84   0.90277E-02   0.92746E-02   0.95880E-02
 6666.45   0.89769E-02   0.92342E-02   0.95465E-02
 6680.05   0.89269E-02   0.91944E-02   0.95058E-02
 6693.66   0.88776E-02   0.91553E-02   0.94658E-02
 6707.26   0.88289E-02   0.91168E-02   0.94263E-02
 6720.87   0.87808E-02   0.90787E-02   0.93873E-02
 6734.47   0.87336E-02   0.90415E-02   0.93491E-02
 6748.08   0.86858E-02   0.90036E-02   0.93103E-02
 6761.68   0.86381E-02   0.89657E-02   0.92714E-02
 6775.29   0.85902E-02   0.89276E-02   0.92323E-02
 6788.89   0.85422E-02   0.88893E-02   0.91929E-02
 6802.50   0.84942E-02   0.88509E-02   0.91534E-02
 6816.10   0.84463E-02   0.88125E-02   0.91139E-02
 6829.71   0.83986E-02   0.87744E-02   0.90747E-02
 6843.31   0.83515E-02   0.87367E-02   0.90359E-02
 6856.92   0.83049E-02   0.86995E-02   0.89976E-02
 6870.52   0.82586E-02   0.86626E-02   0.89595E-02
 6884.13   0.82147E-02   0.86280E-02   0.89239E-02
 6897.73   0.81717E-02   0.85942E-02   0.88891E-02
 6911.34   0.81271E-02   0.85588E-02   0.88526E-02
 6924.94   0.80831E-02   0.85239E-02   0.88165E-02
 6938.55   0.80391E-02   0.84890E-02   0.87805E-02
 6952.15   0.79951E-02   0.84539E-02   0.87442E-02
 6965.76   0.79508E-02   0.84185E-02   0.87077E-02
 6979.36   0.79065E-02   0.83829E-02   0.86708E-02
 6992.97   0.78621E-02   0.83471E-02   0.86339E-02
 7006.57   0.78177E-02   0.83113E-02   0.85968E-02
 7020.18   0.77732E-02   0.82754E-02   0.85597E-02
 7033.78   0.77273E-02   0.82379E-02   0.85208E-02
 7047.39   0.76862E-02   0.82054E-02   0.84872E-02
 7060.99   0.76517E-02   0.81797E-02   0.84605E-02
 7074.60   0.76090E-02   0.81454E-02   0.84248E-02
 7088.20   0.75677E-02   0.81125E-02   0.83907E-02
 7101.81   0.75270E-02   0.80801E-02   0.83571E-02
 7115.41   0.74865E-02   0.80478E-02   0.83235E-02
 7129.02   0.74460E-02   0.80154E-02   0.82899E-02
 7142.62   0.74052E-02   0.79827E-02   0.82559E-02
 7156.23   0.73642E-02   0.79496E-02   0.82215E-02
 7169.83   0.73229E-02   0.79160E-02   0.81866E-02
 7183.44   0.72808E-02   0.78816E-02   0.81508E-02
 7197.04   0.72353E-02   0.78434E-02   0.81110E-02
 7210.65   0.71955E-02   0.78114E-02   0.80776E-02
 7224.25   0.71705E-02   0.77952E-02   0.80607E-02
 7237.86   0.71291E-02   0.77612E-02   0.80252E-02
 7251.46   0.70899E-02   0.77295E-02   0.79922E-02
 7265.07   0.70516E-02   0.76988E-02   0.79602E-02
 7278.67   0.70140E-02   0.76687E-02   0.79287E-02
 7292.28   0.69767E-02   0.76388E-02   0.78975E-02
 7305.88   0.69395E-02   0.76089E-02   0.78662E-02
 7319.49   0.69020E-02   0.75787E-02   0.78347E-02
 7333.09   0.68642E-02   0.75480E-02   0.78025E-02
 7346.70   0.68254E-02   0.75161E-02   0.77692E-02
 7360.30   0.67833E-02   0.74804E-02   0.77319E-02
 7373.91   0.67449E-02   0.74489E-02   0.76989E-02
 7387.51   0.67251E-02   0.74378E-02   0.76871E-02
 7401.12   0.66850E-02   0.74041E-02   0.76517E-02
 7414.72   0.66475E-02   0.73733E-02   0.76195E-02
 7428.33   0.66113E-02   0.73437E-02   0.75885E-02
 7441.93   0.65758E-02   0.73150E-02   0.75583E-02
 7455.54   0.65410E-02   0.72869E-02   0.75288E-02
 7469.14   0.65067E-02   0.72592E-02   0.74997E-02
 7482.75   0.64725E-02   0.72316E-02   0.74707E-02
 7496.35   0.64382E-02   0.72038E-02   0.74414E-02
 7509.96   0.64034E-02   0.71753E-02   0.74115E-02
 7523.56   0.63668E-02   0.71447E-02   0.73793E-02
 7537.17   0.63312E-02   0.71151E-02   0.73481E-02
 7550.77   0.63117E-02   0.71038E-02   0.73359E-02
 7564.38   0.62734E-02   0.70710E-02   0.73015E-02
 7577.98   0.62382E-02   0.70415E-02   0.72705E-02
 7591.59   0.62039E-02   0.70131E-02   0.72406E-02
 7605.19   0.61703E-02   0.69854E-02   0.72114E-02
 7618.80   0.61374E-02   0.69584E-02   0.71828E-02
 7632.40   0.61051E-02   0.69320E-02   0.71550E-02
 7646.01   0.60734E-02   0.69062E-02   0.71276E-02
 7659.61   0.60420E-02   0.68806E-02   0.71006E-02
 7673.22   0.60107E-02   0.68551E-02   0.70736E-02
 7686.82   0.59791E-02   0.68290E-02   0.70461E-02
 7700.43   0.59440E-02   0.67989E-02   0.70143E-02
 7714.03   0.59268E-02   0.67895E-02   0.70039E-02
 7727.64   0.58908E-02   0.67581E-02   0.69708E-02
 7741.24   0.58586E-02   0.67311E-02   0.69422E-02
 7754.85   0.58269E-02   0.67046E-02   0.69141E-02
 7768.45   0.57956E-02   0.66783E-02   0.68863E-02
 7782.06   0.57645E-02   0.66524E-02   0.68588E-02
 7795.66   0.57339E-02   0.66269E-02   0.68318E-02
 7809.27   0.57039E-02   0.66019E-02   0.68053E-02
 7822.87   0.56744E-02   0.65775E-02   0.67793E-02
 7836.48   0.56454E-02   0.65536E-02   0.67539E-02
 7850.08   0.56168E-02   0.65301E-02   0.67289E-02
 7863.69   0.55883E-02   0.65065E-02   0.67038E-02
 7877.29   0.55594E-02   0.64825E-02   0.66782E-02
 7890.90   0.55340E-02   0.64623E-02   0.66567E-02
 7904.50   0.55054E-02   0.64385E-02   0.66313E-02
 7918.11   0.54770E-02   0.64147E-02   0.66060E-02
 7931.71   0.54485E-02   0.63907E-02   0.65804E-02
 7945.32   0.54199E-02   0.63666E-02   0.65547E-02
 7958.92   0.53914E-02   0.63424E-02   0.65289E-02
 7972.53   0.53630E-02   0.63183E-02   0.65033E-02
 7986.13   0.53350E-02   0.62946E-02   0.64780E-02
 7999.74   0.53074E-02   0.62713E-02   0.64531E-02
 8013.34   0.52803E-02   0.62485E-02   0.64287E-02
 8026.95   0.52536E-02   0.62262E-02   0.64049E-02
 8040.55   0.52272E-02   0.62041E-02   0.63812E-02
 8054.16   0.52020E-02   0.61832E-02   0.63588E-02
 8067.76   0.51769E-02   0.61623E-02   0.63365E-02
 8081.37   0.51514E-02   0.61409E-02   0.63135E-02
 8094.97   0.51259E-02   0.61195E-02   0.62905E-02
 8108.58   0.51002E-02   0.60978E-02   0.62672E-02
 8122.18   0.50744E-02   0.60757E-02   0.62437E-02
 8135.79   0.50484E-02   0.60534E-02   0.62198E-02
 8149.39   0.50223E-02   0.60310E-02   0.61957E-02
 8163.00   0.49963E-02   0.60085E-02   0.61716E-02
 8176.60   0.49704E-02   0.59861E-02   0.61476E-02
 8190.21   0.49447E-02   0.59638E-02   0.61238E-02
 8203.81   0.49192E-02   0.59416E-02   0.61000E-02
 8217.42   0.48914E-02   0.59169E-02   0.60736E-02
 8231.02   0.48771E-02   0.59078E-02   0.60633E-02
 8244.63   0.48504E-02   0.58840E-02   0.60379E-02
 8258.23   0.48265E-02   0.58636E-02   0.60158E-02
 8271.84   0.48031E-02   0.58436E-02   0.59943E-02
 8285.44   0.47799E-02   0.58237E-02   0.59729E-02
 8299.05   0.47566E-02   0.58037E-02   0.59513E-02
 8312.65   0.47332E-02   0.57834E-02   0.59294E-02
 8326.26   0.47095E-02   0.57628E-02   0.59072E-02
 8339.86   0.46857E-02   0.57418E-02   0.58846E-02
 8353.47   0.46617E-02   0.57205E-02   0.58617E-02
 8367.07   0.46374E-02   0.56988E-02   0.58385E-02
 8380.68   0.46124E-02   0.56762E-02   0.58142E-02
 8394.28   0.45813E-02   0.56458E-02   0.57820E-02
 8407.89   0.45804E-02   0.56528E-02   0.57881E-02
 8421.49   0.45521E-02   0.56258E-02   0.57593E-02
 8435.10   0.45290E-02   0.56052E-02   0.57371E-02
 8448.70   0.45071E-02   0.55859E-02   0.57163E-02
 8462.31   0.44857E-02   0.55672E-02   0.56961E-02
 8475.91   0.44646E-02   0.55488E-02   0.56760E-02
 8489.52   0.44434E-02   0.55302E-02   0.56560E-02
 8503.12   0.44222E-02   0.55115E-02   0.56357E-02
 8516.73   0.44008E-02   0.54924E-02   0.56150E-02
 8530.33   0.43790E-02   0.54727E-02   0.55938E-02
 8543.94   0.43566E-02   0.54524E-02   0.55718E-02
 8557.54   0.43331E-02   0.54303E-02   0.55482E-02
 8571.15   0.43013E-02   0.53979E-02   0.55139E-02
 8584.75   0.43113E-02   0.54180E-02   0.55332E-02
 8598.36   0.42799E-02   0.53859E-02   0.54992E-02
 8611.96   0.42573E-02   0.53647E-02   0.54765E-02
 8625.57   0.42363E-02   0.53456E-02   0.54558E-02
 8639.17   0.42162E-02   0.53274E-02   0.54360E-02
 8652.78   0.41966E-02   0.53098E-02   0.54169E-02
 8666.38   0.41773E-02   0.52925E-02   0.53981E-02
 8679.99   0.41582E-02   0.52754E-02   0.53794E-02
 8693.59   0.41391E-02   0.52581E-02   0.53607E-02
 8707.20   0.41197E-02   0.52405E-02   0.53415E-02
 8720.80   0.40999E-02   0.52222E-02   0.53217E-02
 8734.41   0.40790E-02   0.52025E-02   0.53003E-02
 8748.01   0.40532E-02   0.51764E-02   0.52726E-02
 8761.62   0.40342E-02   0.51588E-02   0.52535E-02
 8775.22   0.40313E-02   0.51620E-02   0.52554E-02
 8788.83   0.40094E-02   0.51407E-02   0.52325E-02
 8802.43   0.39894E-02   0.51217E-02   0.52120E-02
 8816.04   0.39703E-02   0.51037E-02   0.51924E-02
 8829.64   0.39517E-02   0.50864E-02   0.51736E-02
 8843.25   0.39337E-02   0.50697E-02   0.51554E-02
 8856.85   0.39160E-02   0.50534E-02   0.51376E-02
 8870.46   0.38987E-02   0.50374E-02   0.51201E-02
 8884.06   0.38815E-02   0.50216E-02   0.51027E-02
 8897.67   0.38642E-02   0.50054E-02   0.50851E-02
 8911.27   0.38464E-02   0.49887E-02   0.50668E-02
 8924.88   0.38268E-02   0.49695E-02   0.50461E-02
 8938.48   0.38086E-02   0.49520E-02   0.50272E-02
 8952.09   0.38030E-02   0.49508E-02   0.50246E-02
 8965.69   0.37825E-02   0.49303E-02   0.50026E-02
 8979.30   0.37641E-02   0.49122E-02   0.49830E-02
 8992.90   0.37462E-02   0.48948E-02   0.49641E-02
 9006.51   0.37287E-02   0.48779E-02   0.49456E-02
 9020.11   0.37116E-02   0.48614E-02   0.49277E-02
 9033.72   0.36949E-02   0.48454E-02   0.49102E-02
 9047.32   0.36787E-02   0.48299E-02   0.48932E-02
 9060.93   0.36629E-02   0.48148E-02   0.48766E-02
 9074.53   0.36473E-02   0.48001E-02   0.48604E-02
 9088.14   0.36319E-02   0.47854E-02   0.48442E-02
 9101.74   0.36162E-02   0.47703E-02   0.48277E-02
 9115.35   0.35984E-02   0.47522E-02   0.48082E-02
 9128.95   0.35922E-02   0.47496E-02   0.48042E-02
 9142.56   0.35736E-02   0.47304E-02   0.47835E-02
 9156.16   0.35574E-02   0.47144E-02   0.47660E-02
 9169.77   0.35415E-02   0.46986E-02   0.47487E-02
 9183.37   0.35256E-02   0.46827E-02   0.47315E-02
 9196.98   0.35097E-02   0.46669E-02   0.47142E-02
 9210.58   0.34941E-02   0.46513E-02   0.46971E-02
 9224.19   0.34787E-02   0.46359E-02   0.46803E-02
 9237.79   0.34636E-02   0.46209E-02   0.46639E-02
 9251.40   0.34490E-02   0.46064E-02   0.46479E-02
 9265.00   0.34347E-02   0.45923E-02   0.46323E-02
 9278.61   0.34207E-02   0.45785E-02   0.46172E-02
 9292.21   0.34070E-02   0.45649E-02   0.46022E-02
 9305.82   0.33932E-02   0.45514E-02   0.45872E-02
 9319.42   0.33808E-02   0.45395E-02   0.45739E-02
 9333.03   0.33671E-02   0.45258E-02   0.45588E-02
 9346.63   0.33534E-02   0.45121E-02   0.45437E-02
 9360.24   0.33396E-02   0.44981E-02   0.45284E-02
 9373.84   0.33256E-02   0.44839E-02   0.45127E-02
 9387.45   0.33115E-02   0.44694E-02   0.44968E-02
 9401.05   0.32973E-02   0.44547E-02   0.44807E-02
 9414.66   0.32832E-02   0.44400E-02   0.44647E-02
 9428.26   0.32692E-02   0.44255E-02   0.44487E-02
 9441.87   0.32555E-02   0.44112E-02   0.44330E-02
 9455.47   0.32420E-02   0.43972E-02   0.44177E-02
 9469.08   0.32289E-02   0.43836E-02   0.44027E-02
 9482.68   0.32157E-02   0.43698E-02   0.43875E-02
 9496.29   0.32045E-02   0.43587E-02   0.43751E-02
 9509.89   0.31932E-02   0.43474E-02   0.43625E-02
 9523.50   0.31808E-02   0.43346E-02   0.43483E-02
 9537.10   0.31688E-02   0.43221E-02   0.43345E-02
 9550.71   0.31567E-02   0.43096E-02   0.43206E-02
 9564.31   0.31445E-02   0.42968E-02   0.43064E-02
 9577.92   0.31321E-02   0.42837E-02   0.42920E-02
 9591.52   0.31196E-02   0.42702E-02   0.42772E-02
 9605.13   0.31068E-02   0.42565E-02   0.42622E-02
 9618.73   0.30940E-02   0.42426E-02   0.42470E-02
 9632.34   0.30812E-02   0.42287E-02   0.42316E-02
 9645.94   0.30684E-02   0.42146E-02   0.42163E-02
 9659.55   0.30554E-02   0.42003E-02   0.42006E-02
 9673.15   0.30409E-02   0.41838E-02   0.41828E-02
 9686.76   0.30322E-02   0.41751E-02   0.41728E-02
 9700.36   0.30257E-02   0.41697E-02   0.41662E-02
 9713.97   0.30134E-02   0.41561E-02   0.41512E-02
 9727.57   0.30022E-02   0.41439E-02   0.41377E-02
 9741.18   0.29914E-02   0.41321E-02   0.41246E-02
 9754.78   0.29807E-02   0.41204E-02   0.41116E-02
 9768.39   0.29699E-02   0.41085E-02   0.40985E-02
 9781.99   0.29589E-02   0.40965E-02   0.40852E-02
 9795.60   0.29478E-02   0.40841E-02   0.40715E-02
 9809.20   0.29364E-02   0.40712E-02   0.40574E-02
 9822.81   0.29247E-02   0.40580E-02   0.40429E-02
 9836.41   0.29128E-02   0.40442E-02   0.40279E-02
 9850.02   0.29001E-02   0.40295E-02   0.40119E-02
 9863.62   0.28844E-02   0.40104E-02   0.39916E-02
 9877.23   0.28767E-02   0.40024E-02   0.39824E-02
 9890.83   0.28768E-02   0.40052E-02   0.39838E-02
 9904.44   0.28638E-02   0.39898E-02   0.39672E-02
 9918.04   0.28529E-02   0.39770E-02   0.39532E-02
 9931.65   0.28427E-02   0.39653E-02   0.39402E-02
 9945.25   0.28329E-02   0.39540E-02   0.39278E-02
 9958.86   0.28233E-02   0.39430E-02   0.39156E-02
 9972.46   0.28138E-02   0.39321E-02   0.39034E-02
 9986.07   0.28042E-02   0.39210E-02   0.38911E-02
 9999.67   0.27944E-02   0.39095E-02   0.38784E-02
