 9836.41   0.88916E-02   0.91149E-02   0.92073E-02
 9850.02   0.88684E-02   0.90919E-02   0.91841E-02
 9863.62   0.88407E-02   0.90643E-02   0.91562E-02
 9877.23   0.88300E-02   0.90540E-02   0.91458E-02
 9890.83   0.88257E-02   0.90503E-02   0.91420E-02
 9904.44   0.88036E-02   0.90284E-02   0.91200E-02
 9918.04   0.87847E-02   0.90098E-02   0.91011E-02
 9931.65   0.87668E-02   0.89921E-02   0.90832E-02
 9945.25   0.87489E-02   0.89746E-02   0.90655E-02
 9958.86   0.87308E-02   0.89567E-02   0.90475E-02
 9972.46   0.87120E-02   0.89382E-02   0.90288E-02
 9986.07   0.86924E-02   0.89188E-02   0.90092E-02
 9999.67   0.86719E-02   0.88984E-02   0.89886E-02
