 7496.35   0.12507E-01   0.12555E-01   0.12702E-01
 7509.96   0.12469E-01   0.12518E-01   0.12665E-01
 7523.56   0.12427E-01   0.12477E-01   0.12624E-01
 7537.17   0.12388E-01   0.12438E-01   0.12585E-01
 7550.77   0.12385E-01   0.12437E-01   0.12584E-01
 7564.38   0.12339E-01   0.12391E-01   0.12538E-01
 7577.98   0.12299E-01   0.12352E-01   0.12499E-01
 7591.59   0.12261E-01   0.12315E-01   0.12462E-01
 7605.19   0.12225E-01   0.12280E-01   0.12426E-01
 7618.80   0.12190E-01   0.12246E-01   0.12392E-01
 7632.40   0.12156E-01   0.12212E-01   0.12359E-01
 7646.01   0.12123E-01   0.12180E-01   0.12326E-01
 7659.61   0.12090E-01   0.12148E-01   0.12294E-01
 7673.22   0.12056E-01   0.12115E-01   0.12261E-01
 7686.82   0.12021E-01   0.12080E-01   0.12226E-01
 7700.43   0.11976E-01   0.12036E-01   0.12182E-01
 7714.03   0.11981E-01   0.12042E-01   0.12188E-01
 7727.64   0.11932E-01   0.11994E-01   0.12140E-01
 7741.24   0.11895E-01   0.11957E-01   0.12103E-01
 7754.85   0.11859E-01   0.11922E-01   0.12067E-01
 7768.45   0.11823E-01   0.11887E-01   0.12032E-01
 7782.06   0.11788E-01   0.11852E-01   0.11998E-01
 7795.66   0.11754E-01   0.11819E-01   0.11964E-01
 7809.27   0.11720E-01   0.11787E-01   0.11932E-01
 7822.87   0.11688E-01   0.11755E-01   0.11900E-01
 7836.48   0.11657E-01   0.11724E-01   0.11869E-01
 7850.08   0.11625E-01   0.11694E-01   0.11839E-01
 7863.69   0.11593E-01   0.11663E-01   0.11807E-01
 7877.29   0.11560E-01   0.11630E-01   0.11774E-01
 7890.90   0.11538E-01   0.11608E-01   0.11753E-01
 7904.50   0.11504E-01   0.11576E-01   0.11720E-01
 7918.11   0.11471E-01   0.11543E-01   0.11688E-01
 7931.71   0.11438E-01   0.11511E-01   0.11655E-01
 7945.32   0.11404E-01   0.11478E-01   0.11622E-01
 7958.92   0.11370E-01   0.11445E-01   0.11589E-01
 7972.53   0.11337E-01   0.11412E-01   0.11556E-01
 7986.13   0.11304E-01   0.11380E-01   0.11524E-01
 7999.74   0.11272E-01   0.11349E-01   0.11493E-01
 8013.34   0.11242E-01   0.11319E-01   0.11462E-01
 8026.95   0.11211E-01   0.11290E-01   0.11433E-01
 8040.55   0.11182E-01   0.11261E-01   0.11404E-01
 8054.16   0.11153E-01   0.11232E-01   0.11375E-01
 8067.76   0.11125E-01   0.11205E-01   0.11348E-01
 8081.37   0.11095E-01   0.11176E-01   0.11319E-01
 8094.97   0.11065E-01   0.11147E-01   0.11290E-01
 8108.58   0.11035E-01   0.11117E-01   0.11260E-01
 8122.18   0.11003E-01   0.11087E-01   0.11229E-01
 8135.79   0.10972E-01   0.11055E-01   0.11198E-01
 8149.39   0.10939E-01   0.11024E-01   0.11166E-01
 8163.00   0.10907E-01   0.10993E-01   0.11135E-01
 8176.60   0.10876E-01   0.10962E-01   0.11103E-01
 8190.21   0.10844E-01   0.10931E-01   0.11073E-01
 8203.81   0.10813E-01   0.10901E-01   0.11042E-01
 8217.42   0.10779E-01   0.10868E-01   0.11009E-01
 8231.02   0.10765E-01   0.10854E-01   0.10996E-01
 8244.63   0.10733E-01   0.10822E-01   0.10964E-01
 8258.23   0.10704E-01   0.10795E-01   0.10936E-01
 8271.84   0.10676E-01   0.10767E-01   0.10908E-01
 8285.44   0.10648E-01   0.10740E-01   0.10881E-01
 8299.05   0.10619E-01   0.10712E-01   0.10853E-01
 8312.65   0.10590E-01   0.10683E-01   0.10824E-01
 8326.26   0.10560E-01   0.10654E-01   0.10794E-01
 8339.86   0.10529E-01   0.10623E-01   0.10764E-01
 8353.47   0.10497E-01   0.10593E-01   0.10733E-01
 8367.07   0.10466E-01   0.10562E-01   0.10701E-01
 8380.68   0.10432E-01   0.10529E-01   0.10669E-01
 8394.28   0.10387E-01   0.10484E-01   0.10623E-01
 8407.89   0.10402E-01   0.10500E-01   0.10639E-01
 8421.49   0.10362E-01   0.10460E-01   0.10600E-01
 8435.10   0.10332E-01   0.10431E-01   0.10571E-01
 8448.70   0.10304E-01   0.10404E-01   0.10544E-01
 8462.31   0.10277E-01   0.10378E-01   0.10517E-01
 8475.91   0.10251E-01   0.10352E-01   0.10491E-01
 8489.52   0.10224E-01   0.10326E-01   0.10465E-01
 8503.12   0.10196E-01   0.10299E-01   0.10437E-01
 8516.73   0.10167E-01   0.10271E-01   0.10409E-01
 8530.33   0.10137E-01   0.10242E-01   0.10380E-01
 8543.94   0.10106E-01   0.10211E-01   0.10349E-01
 8557.54   0.10072E-01   0.10178E-01   0.10315E-01
 8571.15   0.10019E-01   0.10125E-01   0.10262E-01
 8584.75   0.10063E-01   0.10170E-01   0.10308E-01
 8598.36   0.10010E-01   0.10118E-01   0.10255E-01
 8611.96   0.99780E-02   0.10086E-01   0.10224E-01
 8625.57   0.99495E-02   0.10059E-01   0.10196E-01
 8639.17   0.99227E-02   0.10032E-01   0.10169E-01
 8652.78   0.98968E-02   0.10007E-01   0.10144E-01
 8666.38   0.98712E-02   0.99823E-02   0.10119E-01
 8679.99   0.98457E-02   0.99574E-02   0.10094E-01
 8693.59   0.98196E-02   0.99320E-02   0.10068E-01
 8707.20   0.97926E-02   0.99057E-02   0.10042E-01
 8720.80   0.97641E-02   0.98778E-02   0.10014E-01
 8734.41   0.97326E-02   0.98468E-02   0.99826E-02
 8748.01   0.96882E-02   0.98028E-02   0.99382E-02
 8761.62   0.96625E-02   0.97778E-02   0.99130E-02
 8775.22   0.96767E-02   0.97932E-02   0.99288E-02
 8788.83   0.96422E-02   0.97593E-02   0.98946E-02
 8802.43   0.96125E-02   0.97302E-02   0.98653E-02
 8816.04   0.95849E-02   0.97032E-02   0.98381E-02
 8829.64   0.95586E-02   0.96775E-02   0.98123E-02
 8843.25   0.95334E-02   0.96530E-02   0.97875E-02
 8856.85   0.95089E-02   0.96291E-02   0.97635E-02
 8870.46   0.94847E-02   0.96056E-02   0.97398E-02
 8884.06   0.94603E-02   0.95819E-02   0.97160E-02
 8897.67   0.94352E-02   0.95575E-02   0.96914E-02
 8911.27   0.94084E-02   0.95312E-02   0.96650E-02
 8924.88   0.93761E-02   0.94994E-02   0.96329E-02
 8938.48   0.93486E-02   0.94725E-02   0.96058E-02
 8952.09   0.93564E-02   0.94816E-02   0.96151E-02
 8965.69   0.93212E-02   0.94468E-02   0.95800E-02
 8979.30   0.92918E-02   0.94178E-02   0.95508E-02
 8992.90   0.92639E-02   0.93906E-02   0.95233E-02
 9006.51   0.92371E-02   0.93644E-02   0.94969E-02
 9020.11   0.92113E-02   0.93392E-02   0.94716E-02
 9033.72   0.91865E-02   0.93150E-02   0.94472E-02
 9047.32   0.91626E-02   0.92917E-02   0.94237E-02
 9060.93   0.91393E-02   0.92691E-02   0.94009E-02
 9074.53   0.91164E-02   0.92468E-02   0.93785E-02
 9088.14   0.90933E-02   0.92244E-02   0.93559E-02
 9101.74   0.90690E-02   0.92007E-02   0.93320E-02
 9115.35   0.90365E-02   0.91686E-02   0.92996E-02
 9128.95   0.90453E-02   0.91787E-02   0.93101E-02
 9142.56   0.90098E-02   0.91436E-02   0.92745E-02
 9156.16   0.89830E-02   0.91173E-02   0.92481E-02
 9169.77   0.89569E-02   0.90918E-02   0.92224E-02
 9183.37   0.89311E-02   0.90665E-02   0.91968E-02
 9196.98   0.89054E-02   0.90414E-02   0.91715E-02
 9210.58   0.88801E-02   0.90167E-02   0.91466E-02
 9224.19   0.88556E-02   0.89927E-02   0.91224E-02
 9237.79   0.88318E-02   0.89695E-02   0.90990E-02
 9251.40   0.88088E-02   0.89472E-02   0.90766E-02
 9265.00   0.87867E-02   0.89257E-02   0.90549E-02
 9278.61   0.87651E-02   0.89047E-02   0.90337E-02
 9292.21   0.87434E-02   0.88838E-02   0.90126E-02
 9305.82   0.87211E-02   0.88620E-02   0.89907E-02
 9319.42   0.87046E-02   0.88462E-02   0.89747E-02
 9333.03   0.86820E-02   0.88242E-02   0.89526E-02
 9346.63   0.86595E-02   0.88023E-02   0.89304E-02
 9360.24   0.86364E-02   0.87797E-02   0.89077E-02
 9373.84   0.86127E-02   0.87566E-02   0.88844E-02
 9387.45   0.85886E-02   0.87331E-02   0.88606E-02
 9401.05   0.85643E-02   0.87093E-02   0.88367E-02
 9414.66   0.85402E-02   0.86857E-02   0.88128E-02
 9428.26   0.85164E-02   0.86625E-02   0.87894E-02
 9441.87   0.84932E-02   0.86399E-02   0.87666E-02
 9455.47   0.84708E-02   0.86180E-02   0.87445E-02
 9469.08   0.84490E-02   0.85969E-02   0.87233E-02
 9482.68   0.84276E-02   0.85761E-02   0.87023E-02
 9496.29   0.84093E-02   0.85585E-02   0.86845E-02
 9509.89   0.83902E-02   0.85398E-02   0.86657E-02
 9523.50   0.83698E-02   0.85201E-02   0.86458E-02
 9537.10   0.83495E-02   0.85004E-02   0.86259E-02
 9550.71   0.83288E-02   0.84803E-02   0.86056E-02
 9564.31   0.83075E-02   0.84595E-02   0.85847E-02
 9577.92   0.82854E-02   0.84380E-02   0.85630E-02
 9591.52   0.82627E-02   0.84159E-02   0.85406E-02
 9605.13   0.82395E-02   0.83932E-02   0.85177E-02
 9618.73   0.82161E-02   0.83703E-02   0.84946E-02
 9632.34   0.81926E-02   0.83474E-02   0.84714E-02
 9645.94   0.81693E-02   0.83245E-02   0.84483E-02
 9659.55   0.81457E-02   0.83015E-02   0.84251E-02
 9673.15   0.81191E-02   0.82754E-02   0.83987E-02
 9686.76   0.81055E-02   0.82625E-02   0.83857E-02
 9700.36   0.80950E-02   0.82525E-02   0.83757E-02
 9713.97   0.80730E-02   0.82312E-02   0.83541E-02
 9727.57   0.80531E-02   0.82118E-02   0.83346E-02
 9741.18   0.80337E-02   0.81930E-02   0.83156E-02
 9754.78   0.80142E-02   0.81741E-02   0.82965E-02
 9768.39   0.79942E-02   0.81547E-02   0.82769E-02
 9781.99   0.79736E-02   0.81347E-02   0.82567E-02
 9795.60   0.79523E-02   0.81138E-02   0.82356E-02
 9809.20   0.79301E-02   0.80922E-02   0.82137E-02
 9822.81   0.79072E-02   0.80697E-02   0.81911E-02
 9836.41   0.78835E-02   0.80464E-02   0.81675E-02
 9850.02   0.78581E-02   0.80215E-02   0.81422E-02
 9863.62   0.78249E-02   0.79886E-02   0.81090E-02
 9877.23   0.78131E-02   0.79775E-02   0.80978E-02
 9890.83   0.78185E-02   0.79838E-02   0.81043E-02
 9904.44   0.77923E-02   0.79581E-02   0.80783E-02
 9918.04   0.77710E-02   0.79373E-02   0.80573E-02
 9931.65   0.77514E-02   0.79183E-02   0.80381E-02
 9945.25   0.77326E-02   0.79001E-02   0.80197E-02
 9958.86   0.77141E-02   0.78821E-02   0.80015E-02
 9972.46   0.76954E-02   0.78640E-02   0.79832E-02
 9986.07   0.76763E-02   0.78454E-02   0.79644E-02
 9999.67   0.76563E-02   0.78259E-02   0.79447E-02
