   54.42   0.18870E+00   0.18796E+00   0.12331E+00
   68.02   0.17038E+00   0.16972E+00   0.11834E+00
   81.63   0.15355E+00   0.15295E+00   0.11139E+00
   95.23   0.13831E+00   0.13778E+00   0.10366E+00
  108.84   0.12464E+00   0.12416E+00   0.95836E-01
  122.44   0.11276E+00   0.11233E+00   0.88507E-01
  136.05   0.10252E+00   0.10212E+00   0.81849E-01
  149.65   0.93592E-01   0.93232E-01   0.75807E-01
  163.26   0.85773E-01   0.85445E-01   0.70336E-01
  176.86   0.78839E-01   0.78541E-01   0.65347E-01
  190.47   0.72729E-01   0.72457E-01   0.60853E-01
  204.07   0.67321E-01   0.67073E-01   0.56802E-01
  217.68   0.62534E-01   0.62306E-01   0.53159E-01
  231.28   0.58261E-01   0.58053E-01   0.49862E-01
  244.89   0.54433E-01   0.54243E-01   0.46872E-01
  258.49   0.50959E-01   0.50784E-01   0.44126E-01
  272.10   0.47828E-01   0.47667E-01   0.41628E-01
  285.70   0.44980E-01   0.44832E-01   0.39334E-01
  299.31   0.42375E-01   0.42239E-01   0.37218E-01
  312.91   0.40039E-01   0.39914E-01   0.35310E-01
  326.52   0.37882E-01   0.37767E-01   0.33534E-01
  340.12   0.35911E-01   0.35805E-01   0.31901E-01
  353.73   0.34089E-01   0.33992E-01   0.30383E-01
  367.33   0.32399E-01   0.32310E-01   0.28967E-01
  380.94   0.30848E-01   0.30767E-01   0.27662E-01
  394.54   0.29402E-01   0.29329E-01   0.26440E-01
  408.15   0.28054E-01   0.27988E-01   0.25294E-01
  421.75   0.26819E-01   0.26759E-01   0.24241E-01
  435.36   0.25657E-01   0.25603E-01   0.23247E-01
  448.96   0.24576E-01   0.24527E-01   0.22318E-01
  462.57   0.23566E-01   0.23523E-01   0.21447E-01
  476.17   0.22613E-01   0.22575E-01   0.20623E-01
  489.78   0.21721E-01   0.21688E-01   0.19849E-01
  503.38   0.20884E-01   0.20856E-01   0.19121E-01
  516.99   0.20093E-01   0.20069E-01   0.18431E-01
  530.59   0.19345E-01   0.19325E-01   0.17776E-01
  544.20   0.18648E-01   0.18632E-01   0.17165E-01
  557.80   0.17987E-01   0.17974E-01   0.16584E-01
  571.41   0.17359E-01   0.17349E-01   0.16030E-01
  585.01   0.16769E-01   0.16764E-01   0.15510E-01
  598.62   0.16205E-01   0.16203E-01   0.15011E-01
  612.22   0.15672E-01   0.15673E-01   0.14538E-01
  625.83   0.15157E-01   0.15161E-01   0.14080E-01
  639.43   0.14683E-01   0.14689E-01   0.13658E-01
  653.04   0.14223E-01   0.14231E-01   0.13247E-01
  666.64   0.13786E-01   0.13797E-01   0.12857E-01
  680.25   0.13373E-01   0.13386E-01   0.12487E-01
  693.85   0.12973E-01   0.12988E-01   0.12128E-01
  707.46   0.12593E-01   0.12610E-01   0.11787E-01
  721.06   0.12231E-01   0.12250E-01   0.11462E-01
  734.67   0.11886E-01   0.11907E-01   0.11151E-01
  748.27   0.11554E-01   0.11576E-01   0.10851E-01
  761.88   0.11235E-01   0.11260E-01   0.10563E-01
  775.48   0.10930E-01   0.10956E-01   0.10288E-01
  789.09   0.10639E-01   0.10667E-01   0.10024E-01
  802.69   0.10359E-01   0.10388E-01   0.97693E-02
  816.30   0.10089E-01   0.10119E-01   0.95241E-02
  829.90   0.98289E-02   0.98608E-02   0.92879E-02
  843.51   0.95817E-02   0.96148E-02   0.90628E-02
  857.11   0.93430E-02   0.93773E-02   0.88453E-02
  870.72   0.91130E-02   0.91485E-02   0.86354E-02
  884.32   0.88906E-02   0.89271E-02   0.84321E-02
  897.93   0.86792E-02   0.87168E-02   0.82389E-02
  911.53   0.84726E-02   0.85112E-02   0.80498E-02
  925.14   0.82744E-02   0.83141E-02   0.78682E-02
  938.74   0.80827E-02   0.81233E-02   0.76923E-02
  952.35   0.78945E-02   0.79361E-02   0.75195E-02
  965.95   0.77195E-02   0.77619E-02   0.73588E-02
  979.56   0.75468E-02   0.75900E-02   0.71999E-02
  993.16   0.73804E-02   0.74244E-02   0.70466E-02
 1006.77   0.72188E-02   0.72635E-02   0.68976E-02
 1020.37   0.70644E-02   0.71099E-02   0.67553E-02
 1033.98   0.69128E-02   0.69590E-02   0.66154E-02
 1047.58   0.67667E-02   0.68136E-02   0.64804E-02
 1061.19   0.66256E-02   0.66732E-02   0.63500E-02
 1074.79   0.64883E-02   0.65365E-02   0.62230E-02
 1088.40   0.63566E-02   0.64054E-02   0.61010E-02
 1102.00   0.62275E-02   0.62769E-02   0.59814E-02
 1115.61   0.61025E-02   0.61524E-02   0.58653E-02
 1129.21   0.59815E-02   0.60319E-02   0.57530E-02
 1142.82   0.58643E-02   0.59152E-02   0.56442E-02
 1156.42   0.57504E-02   0.58017E-02   0.55383E-02
 1170.03   0.56395E-02   0.56912E-02   0.54350E-02
 1183.63   0.55316E-02   0.55838E-02   0.53346E-02
 1197.24   0.54269E-02   0.54795E-02   0.52371E-02
 1210.84   0.53258E-02   0.53789E-02   0.51429E-02
 1224.45   0.52272E-02   0.52807E-02   0.50510E-02
 1238.05   0.51313E-02   0.51852E-02   0.49615E-02
 1251.66   0.50377E-02   0.50919E-02   0.48740E-02
 1265.26   0.49463E-02   0.50009E-02   0.47887E-02
 1278.87   0.48588E-02   0.49138E-02   0.47069E-02
 1292.47   0.47726E-02   0.48278E-02   0.46261E-02
 1306.08   0.46888E-02   0.47444E-02   0.45478E-02
 1319.68   0.46071E-02   0.46630E-02   0.44712E-02
 1333.29   0.45270E-02   0.45832E-02   0.43962E-02
 1346.89   0.44508E-02   0.45074E-02   0.43249E-02
 1360.50   0.43743E-02   0.44312E-02   0.42531E-02
 1374.10   0.43006E-02   0.43578E-02   0.41839E-02
 1387.71   0.42288E-02   0.42863E-02   0.41166E-02
 1401.31   0.41586E-02   0.42164E-02   0.40507E-02
 1414.92   0.40894E-02   0.41474E-02   0.39856E-02
 1428.52   0.40240E-02   0.40823E-02   0.39241E-02
 1442.13   0.39587E-02   0.40173E-02   0.38627E-02
 1455.73   0.38953E-02   0.39540E-02   0.38029E-02
 1469.34   0.38334E-02   0.38924E-02   0.37447E-02
 1482.94   0.37726E-02   0.38318E-02   0.36874E-02
 1496.55   0.37142E-02   0.37736E-02   0.36324E-02
 1510.15   0.36560E-02   0.37157E-02   0.35775E-02
 1523.76   0.35994E-02   0.36593E-02   0.35241E-02
 1537.36   0.35442E-02   0.36043E-02   0.34720E-02
 1550.97   0.34904E-02   0.35506E-02   0.34211E-02
 1564.57   0.34376E-02   0.34980E-02   0.33712E-02
 1578.18   0.33864E-02   0.34469E-02   0.33228E-02
 1591.78   0.33359E-02   0.33966E-02   0.32751E-02
 1605.39   0.32865E-02   0.33473E-02   0.32283E-02
 1618.99   0.32382E-02   0.32992E-02   0.31826E-02
 1632.60   0.31911E-02   0.32522E-02   0.31380E-02
 1646.20   0.31452E-02   0.32064E-02   0.30944E-02
 1659.81   0.31001E-02   0.31615E-02   0.30517E-02
 1673.41   0.30559E-02   0.31174E-02   0.30098E-02
 1687.02   0.30126E-02   0.30741E-02   0.29687E-02
 1700.62   0.29701E-02   0.30317E-02   0.29283E-02
 1714.23   0.29284E-02   0.29901E-02   0.28887E-02
 1727.83   0.28882E-02   0.29500E-02   0.28505E-02
 1741.44   0.28484E-02   0.29103E-02   0.28127E-02
 1755.04   0.28095E-02   0.28714E-02   0.27756E-02
 1768.65   0.27712E-02   0.28332E-02   0.27392E-02
 1782.25   0.27337E-02   0.27957E-02   0.27034E-02
 1795.86   0.26965E-02   0.27585E-02   0.26680E-02
 1809.46   0.26613E-02   0.27234E-02   0.26344E-02
 1823.07   0.26259E-02   0.26880E-02   0.26007E-02
 1836.67   0.25914E-02   0.26536E-02   0.25678E-02
 1850.28   0.25576E-02   0.26197E-02   0.25355E-02
 1863.88   0.25243E-02   0.25864E-02   0.25037E-02
 1877.49   0.24912E-02   0.25534E-02   0.24721E-02
 1891.09   0.24601E-02   0.25223E-02   0.24424E-02
 1904.70   0.24285E-02   0.24906E-02   0.24121E-02
 1918.30   0.23977E-02   0.24598E-02   0.23827E-02
 1931.91   0.23676E-02   0.24297E-02   0.23538E-02
 1945.51   0.23380E-02   0.24001E-02   0.23255E-02
 1959.12   0.23087E-02   0.23708E-02   0.22974E-02
 1972.72   0.22810E-02   0.23431E-02   0.22709E-02
 1986.33   0.22525E-02   0.23145E-02   0.22435E-02
 1999.93   0.22248E-02   0.22868E-02   0.22169E-02
 2013.54   0.21977E-02   0.22597E-02   0.21910E-02
 2027.14   0.21712E-02   0.22331E-02   0.21655E-02
 2040.75   0.21452E-02   0.22070E-02   0.21405E-02
 2054.35   0.21193E-02   0.21811E-02   0.21156E-02
 2067.96   0.20946E-02   0.21564E-02   0.20919E-02
 2081.56   0.20698E-02   0.21315E-02   0.20680E-02
 2095.17   0.20454E-02   0.21070E-02   0.20446E-02
 2108.77   0.20215E-02   0.20831E-02   0.20216E-02
 2122.38   0.19981E-02   0.20596E-02   0.19990E-02
 2135.98   0.19751E-02   0.20365E-02   0.19769E-02
 2149.59   0.19526E-02   0.20140E-02   0.19552E-02
 2163.19   0.19304E-02   0.19916E-02   0.19337E-02
 2176.80   0.19084E-02   0.19696E-02   0.19126E-02
 2190.40   0.18868E-02   0.19479E-02   0.18917E-02
 2204.01   0.18656E-02   0.19266E-02   0.18712E-02
 2217.61   0.18447E-02   0.19057E-02   0.18511E-02
 2231.22   0.18243E-02   0.18852E-02   0.18314E-02
 2244.82   0.18042E-02   0.18650E-02   0.18120E-02
 2258.43   0.17844E-02   0.18452E-02   0.17929E-02
 2272.03   0.17649E-02   0.18256E-02   0.17740E-02
 2285.64   0.17457E-02   0.18062E-02   0.17554E-02
 2299.24   0.17267E-02   0.17872E-02   0.17370E-02
 2312.85   0.17080E-02   0.17684E-02   0.17190E-02
 2326.45   0.16896E-02   0.17499E-02   0.17011E-02
 2340.06   0.16720E-02   0.17322E-02   0.16840E-02
 2353.66   0.16543E-02   0.17144E-02   0.16669E-02
 2367.27   0.16369E-02   0.16969E-02   0.16500E-02
 2380.87   0.16197E-02   0.16796E-02   0.16333E-02
 2394.48   0.16027E-02   0.16625E-02   0.16169E-02
 2408.08   0.15859E-02   0.16456E-02   0.16006E-02
 2421.69   0.15694E-02   0.16290E-02   0.15846E-02
 2435.29   0.15536E-02   0.16132E-02   0.15692E-02
 2448.90   0.15377E-02   0.15972E-02   0.15538E-02
 2462.50   0.15221E-02   0.15814E-02   0.15386E-02
 2476.11   0.15067E-02   0.15659E-02   0.15236E-02
 2489.71   0.14915E-02   0.15506E-02   0.15088E-02
 2503.32   0.14764E-02   0.15354E-02   0.14941E-02
 2516.92   0.14614E-02   0.15204E-02   0.14796E-02
 2530.53   0.14474E-02   0.15062E-02   0.14659E-02
 2544.13   0.14330E-02   0.14917E-02   0.14519E-02
 2557.74   0.14189E-02   0.14774E-02   0.14381E-02
 2571.34   0.14050E-02   0.14635E-02   0.14246E-02
 2584.95   0.13914E-02   0.14497E-02   0.14112E-02
 2598.55   0.13778E-02   0.14360E-02   0.13980E-02
 2612.16   0.13643E-02   0.14223E-02   0.13848E-02
 2625.76   0.13517E-02   0.14096E-02   0.13725E-02
 2639.37   0.13386E-02   0.13964E-02   0.13597E-02
 2652.97   0.13258E-02   0.13835E-02   0.13472E-02
 2666.58   0.13132E-02   0.13708E-02   0.13349E-02
 2680.18   0.13009E-02   0.13583E-02   0.13228E-02
 2693.79   0.12887E-02   0.13460E-02   0.13109E-02
 2707.39   0.12766E-02   0.13337E-02   0.12990E-02
 2721.00   0.12650E-02   0.13220E-02   0.12877E-02
 2734.60   0.12532E-02   0.13101E-02   0.12761E-02
 2748.21   0.12416E-02   0.12983E-02   0.12647E-02
 2761.81   0.12302E-02   0.12867E-02   0.12535E-02
 2775.42   0.12190E-02   0.12753E-02   0.12424E-02
 2789.02   0.12079E-02   0.12641E-02   0.12315E-02
 2802.63   0.11970E-02   0.12531E-02   0.12208E-02
 2816.23   0.11862E-02   0.12421E-02   0.12102E-02
 2829.84   0.11757E-02   0.12315E-02   0.11999E-02
 2843.44   0.11652E-02   0.12208E-02   0.11895E-02
 2857.05   0.11548E-02   0.12103E-02   0.11793E-02
 2870.65   0.11445E-02   0.11998E-02   0.11692E-02
 2884.26   0.11344E-02   0.11895E-02   0.11592E-02
 2897.86   0.11244E-02   0.11794E-02   0.11494E-02
 2911.47   0.11146E-02   0.11695E-02   0.11397E-02
 2925.07   0.11050E-02   0.11597E-02   0.11302E-02
 2938.68   0.10954E-02   0.11500E-02   0.11208E-02
 2952.28   0.10860E-02   0.11404E-02   0.11115E-02
 2965.89   0.10767E-02   0.11309E-02   0.11023E-02
 2979.49   0.10674E-02   0.11215E-02   0.10931E-02
 2993.10   0.10583E-02   0.11122E-02   0.10841E-02
 3006.70   0.10492E-02   0.11030E-02   0.10752E-02
 3020.31   0.10403E-02   0.10940E-02   0.10664E-02
 3033.91   0.10317E-02   0.10852E-02   0.10579E-02
 3047.52   0.10231E-02   0.10764E-02   0.10493E-02
 3061.12   0.10146E-02   0.10678E-02   0.10409E-02
 3074.73   0.10062E-02   0.10592E-02   0.10326E-02
 3088.33   0.99780E-03   0.10507E-02   0.10243E-02
 3101.94   0.98951E-03   0.10423E-02   0.10161E-02
 3115.54   0.98127E-03   0.10339E-02   0.10079E-02
 3129.15   0.97307E-03   0.10255E-02   0.99978E-03
 3142.75   0.96550E-03   0.10178E-02   0.99229E-03
 3156.36   0.95761E-03   0.10098E-02   0.98446E-03
 3169.96   0.94988E-03   0.10019E-02   0.97678E-03
 3183.57   0.94225E-03   0.99410E-03   0.96921E-03
 3197.17   0.93471E-03   0.98640E-03   0.96171E-03
 3210.78   0.92722E-03   0.97875E-03   0.95426E-03
 3224.38   0.91975E-03   0.97111E-03   0.94682E-03
 3237.99   0.91222E-03   0.96341E-03   0.93933E-03
 3251.59   0.90551E-03   0.95657E-03   0.93266E-03
 3265.20   0.89827E-03   0.94917E-03   0.92545E-03
 3278.80   0.89121E-03   0.94195E-03   0.91842E-03
 3292.41   0.88426E-03   0.93485E-03   0.91150E-03
 3306.01   0.87741E-03   0.92784E-03   0.90467E-03
 3319.62   0.87062E-03   0.92090E-03   0.89791E-03
 3333.22   0.86386E-03   0.91399E-03   0.89117E-03
 3346.83   0.85706E-03   0.90703E-03   0.88439E-03
 3360.43   0.85089E-03   0.90073E-03   0.87824E-03
 3374.04   0.84426E-03   0.89393E-03   0.87161E-03
 3387.64   0.83778E-03   0.88729E-03   0.86514E-03
 3401.25   0.83141E-03   0.88077E-03   0.85877E-03
 3414.85   0.82515E-03   0.87435E-03   0.85251E-03
 3428.46   0.81898E-03   0.86801E-03   0.84633E-03
 3442.06   0.81288E-03   0.86174E-03   0.84021E-03
 3455.67   0.80675E-03   0.85544E-03   0.83406E-03
 3469.27   0.80106E-03   0.84960E-03   0.82837E-03
 3482.88   0.79503E-03   0.84339E-03   0.82231E-03
 3496.48   0.78913E-03   0.83731E-03   0.81637E-03
 3510.09   0.78329E-03   0.83131E-03   0.81051E-03
 3523.69   0.77754E-03   0.82539E-03   0.80473E-03
 3537.30   0.77188E-03   0.81955E-03   0.79903E-03
 3550.90   0.76630E-03   0.81381E-03   0.79342E-03
 3564.51   0.76079E-03   0.80813E-03   0.78788E-03
 3578.11   0.75529E-03   0.80246E-03   0.78234E-03
 3591.72   0.74999E-03   0.79699E-03   0.77700E-03
 3605.32   0.74462E-03   0.79145E-03   0.77159E-03
 3618.93   0.73930E-03   0.78596E-03   0.76622E-03
 3632.53   0.73402E-03   0.78050E-03   0.76089E-03
 3646.14   0.72880E-03   0.77510E-03   0.75562E-03
 3659.74   0.72366E-03   0.76978E-03   0.75042E-03
 3673.35   0.71859E-03   0.76453E-03   0.74529E-03
 3686.95   0.71359E-03   0.75935E-03   0.74023E-03
 3700.56   0.70868E-03   0.75426E-03   0.73525E-03
 3714.16   0.70381E-03   0.74920E-03   0.73031E-03
 3727.77   0.69897E-03   0.74418E-03   0.72540E-03
 3741.37   0.69417E-03   0.73919E-03   0.72052E-03
 3754.98   0.68939E-03   0.73422E-03   0.71566E-03
 3768.58   0.68464E-03   0.72929E-03   0.71084E-03
 3782.19   0.67994E-03   0.72441E-03   0.70606E-03
 3795.79   0.67529E-03   0.71957E-03   0.70133E-03
 3809.40   0.67072E-03   0.71482E-03   0.69669E-03
 3823.00   0.66633E-03   0.71026E-03   0.69223E-03
 3836.61   0.66185E-03   0.70560E-03   0.68768E-03
 3850.21   0.65745E-03   0.70102E-03   0.68320E-03
 3863.82   0.65308E-03   0.69648E-03   0.67875E-03
 3877.42   0.64874E-03   0.69195E-03   0.67433E-03
 3891.03   0.64442E-03   0.68745E-03   0.66992E-03
 3904.63   0.64011E-03   0.68296E-03   0.66553E-03
 3918.24   0.63581E-03   0.67847E-03   0.66113E-03
 3931.84   0.63153E-03   0.67400E-03   0.65676E-03
 3945.45   0.62774E-03   0.67005E-03   0.65289E-03
 3959.05   0.62362E-03   0.66573E-03   0.64867E-03
 3972.66   0.61959E-03   0.66152E-03   0.64455E-03
 3986.26   0.61561E-03   0.65736E-03   0.64047E-03
 3999.87   0.61167E-03   0.65323E-03   0.63643E-03
 4013.47   0.60774E-03   0.64912E-03   0.63241E-03
 4027.08   0.60382E-03   0.64501E-03   0.62838E-03
 4040.68   0.59985E-03   0.64085E-03   0.62431E-03
 4054.29   0.59581E-03   0.63662E-03   0.62017E-03
 4067.89   0.59253E-03   0.63319E-03   0.61682E-03
 4081.50   0.58870E-03   0.62918E-03   0.61288E-03
 4095.10   0.58497E-03   0.62527E-03   0.60906E-03
 4108.71   0.58131E-03   0.62143E-03   0.60530E-03
 4122.31   0.57769E-03   0.61764E-03   0.60159E-03
 4135.92   0.57411E-03   0.61388E-03   0.59791E-03
 4149.52   0.57053E-03   0.61014E-03   0.59424E-03
 4163.13   0.56693E-03   0.60635E-03   0.59054E-03
 4176.73   0.56326E-03   0.60249E-03   0.58676E-03
 4190.34   0.56023E-03   0.59931E-03   0.58364E-03
 4203.94   0.55668E-03   0.59558E-03   0.57999E-03
 4217.55   0.55324E-03   0.59195E-03   0.57643E-03
 4231.15   0.54985E-03   0.58839E-03   0.57294E-03
 4244.76   0.54652E-03   0.58488E-03   0.56950E-03
 4258.36   0.54324E-03   0.58142E-03   0.56611E-03
 4271.97   0.53999E-03   0.57799E-03   0.56276E-03
 4285.57   0.53674E-03   0.57457E-03   0.55940E-03
 4299.18   0.53347E-03   0.57112E-03   0.55602E-03
 4312.78   0.53055E-03   0.56804E-03   0.55300E-03
 4326.39   0.52730E-03   0.56461E-03   0.54964E-03
 4339.99   0.52412E-03   0.56126E-03   0.54636E-03
 4353.60   0.52097E-03   0.55795E-03   0.54311E-03
 4367.20   0.51787E-03   0.55468E-03   0.53991E-03
 4380.81   0.51482E-03   0.55146E-03   0.53675E-03
 4394.41   0.51181E-03   0.54828E-03   0.53364E-03
 4408.02   0.50885E-03   0.54515E-03   0.53057E-03
 4421.62   0.50590E-03   0.54203E-03   0.52751E-03
 4435.23   0.50308E-03   0.53906E-03   0.52460E-03
 4448.83   0.50014E-03   0.53594E-03   0.52154E-03
 4462.44   0.49724E-03   0.53287E-03   0.51854E-03
 4476.04   0.49436E-03   0.52982E-03   0.51554E-03
 4489.65   0.49150E-03   0.52678E-03   0.51257E-03
 4503.25   0.48867E-03   0.52378E-03   0.50962E-03
 4516.86   0.48587E-03   0.52080E-03   0.50670E-03
 4530.46   0.48312E-03   0.51788E-03   0.50383E-03
 4544.07   0.48041E-03   0.51499E-03   0.50100E-03
 4557.67   0.47774E-03   0.51215E-03   0.49822E-03
 4571.28   0.47508E-03   0.50933E-03   0.49545E-03
 4584.88   0.47245E-03   0.50653E-03   0.49271E-03
 4598.49   0.46983E-03   0.50373E-03   0.48997E-03
 4612.09   0.46721E-03   0.50095E-03   0.48723E-03
 4625.70   0.46460E-03   0.49816E-03   0.48450E-03
 4639.30   0.46200E-03   0.49539E-03   0.48179E-03
 4652.91   0.45942E-03   0.49264E-03   0.47909E-03
 4666.51   0.45686E-03   0.48991E-03   0.47642E-03
 4680.12   0.45433E-03   0.48721E-03   0.47376E-03
 4693.72   0.45186E-03   0.48457E-03   0.47118E-03
 4707.33   0.44951E-03   0.48206E-03   0.46871E-03
 4720.93   0.44709E-03   0.47947E-03   0.46617E-03
 4734.54   0.44470E-03   0.47691E-03   0.46366E-03
 4748.14   0.44232E-03   0.47435E-03   0.46115E-03
 4761.75   0.43994E-03   0.47180E-03   0.45865E-03
 4775.35   0.43756E-03   0.46925E-03   0.45615E-03
 4788.96   0.43519E-03   0.46670E-03   0.45365E-03
 4802.56   0.43282E-03   0.46415E-03   0.45114E-03
 4816.17   0.43038E-03   0.46152E-03   0.44857E-03
 4829.77   0.42859E-03   0.45959E-03   0.44667E-03
 4843.38   0.42613E-03   0.45694E-03   0.44408E-03
 4856.98   0.42388E-03   0.45452E-03   0.44170E-03
 4870.59   0.42168E-03   0.45214E-03   0.43937E-03
 4884.19   0.41950E-03   0.44979E-03   0.43706E-03
 4897.80   0.41733E-03   0.44745E-03   0.43477E-03
 4911.40   0.41516E-03   0.44511E-03   0.43247E-03
 4925.01   0.41298E-03   0.44276E-03   0.43017E-03
 4938.61   0.41078E-03   0.44038E-03   0.42784E-03
 4952.22   0.40841E-03   0.43783E-03   0.42533E-03
 4965.82   0.40700E-03   0.43630E-03   0.42383E-03
 4979.43   0.40465E-03   0.43376E-03   0.42134E-03
 4993.03   0.40254E-03   0.43148E-03   0.41910E-03
 5006.64   0.40048E-03   0.42925E-03   0.41692E-03
 5020.24   0.39847E-03   0.42707E-03   0.41478E-03
 5033.85   0.39648E-03   0.42491E-03   0.41266E-03
 5047.45   0.39450E-03   0.42276E-03   0.41055E-03
 5061.06   0.39252E-03   0.42061E-03   0.40844E-03
 5074.66   0.39051E-03   0.41843E-03   0.40631E-03
 5088.27   0.38836E-03   0.41609E-03   0.40401E-03
 5101.87   0.38713E-03   0.41474E-03   0.40268E-03
 5115.48   0.38489E-03   0.41231E-03   0.40030E-03
 5129.08   0.38292E-03   0.41016E-03   0.39819E-03
 5142.69   0.38100E-03   0.40806E-03   0.39614E-03
 5156.29   0.37911E-03   0.40601E-03   0.39413E-03
 5169.90   0.37727E-03   0.40400E-03   0.39215E-03
 5183.50   0.37544E-03   0.40201E-03   0.39020E-03
 5197.11   0.37363E-03   0.40003E-03   0.38826E-03
 5210.71   0.37182E-03   0.39805E-03   0.38632E-03
 5224.32   0.36994E-03   0.39601E-03   0.38432E-03
 5237.92   0.36795E-03   0.39384E-03   0.38219E-03
 5251.53   0.36661E-03   0.39237E-03   0.38075E-03
 5265.13   0.36478E-03   0.39037E-03   0.37879E-03
 5278.74   0.36299E-03   0.38841E-03   0.37687E-03
 5292.34   0.36123E-03   0.38648E-03   0.37498E-03
 5305.95   0.35949E-03   0.38459E-03   0.37312E-03
 5319.55   0.35779E-03   0.38272E-03   0.37129E-03
 5333.16   0.35611E-03   0.38088E-03   0.36948E-03
 5346.76   0.35445E-03   0.37906E-03   0.36770E-03
 5360.37   0.35280E-03   0.37725E-03   0.36592E-03
 5373.97   0.35113E-03   0.37540E-03   0.36412E-03
 5387.58   0.34963E-03   0.37376E-03   0.36250E-03
 5401.18   0.34798E-03   0.37194E-03   0.36072E-03
 5414.79   0.34634E-03   0.37014E-03   0.35895E-03
 5428.39   0.34471E-03   0.36834E-03   0.35719E-03
 5442.00   0.34309E-03   0.36656E-03   0.35544E-03
 5455.60   0.34149E-03   0.36479E-03   0.35371E-03
 5469.21   0.33990E-03   0.36305E-03   0.35200E-03
 5482.81   0.33835E-03   0.36133E-03   0.35032E-03
 5496.42   0.33682E-03   0.35965E-03   0.34867E-03
 5510.02   0.33531E-03   0.35799E-03   0.34704E-03
 5523.63   0.33382E-03   0.35634E-03   0.34543E-03
 5537.23   0.33233E-03   0.35470E-03   0.34382E-03
 5550.84   0.33085E-03   0.35306E-03   0.34221E-03
 5564.44   0.32936E-03   0.35141E-03   0.34060E-03
 5578.05   0.32786E-03   0.34976E-03   0.33898E-03
 5591.65   0.32637E-03   0.34811E-03   0.33736E-03
 5605.26   0.32488E-03   0.34646E-03   0.33575E-03
 5618.86   0.32341E-03   0.34483E-03   0.33415E-03
 5632.47   0.32195E-03   0.34322E-03   0.33257E-03
 5646.07   0.32051E-03   0.34163E-03   0.33101E-03
 5659.68   0.31914E-03   0.34009E-03   0.32951E-03
 5673.28   0.31780E-03   0.33860E-03   0.32805E-03
 5686.89   0.31642E-03   0.33707E-03   0.32654E-03
 5700.49   0.31506E-03   0.33555E-03   0.32506E-03
 5714.10   0.31371E-03   0.33404E-03   0.32358E-03
 5727.70   0.31235E-03   0.33252E-03   0.32209E-03
 5741.31   0.31098E-03   0.33100E-03   0.32060E-03
 5754.91   0.30961E-03   0.32947E-03   0.31911E-03
 5768.52   0.30824E-03   0.32794E-03   0.31761E-03
 5782.12   0.30687E-03   0.32641E-03   0.31611E-03
 5795.73   0.30548E-03   0.32485E-03   0.31459E-03
 5809.33   0.30417E-03   0.32339E-03   0.31316E-03
 5822.94   0.30310E-03   0.32218E-03   0.31197E-03
 5836.54   0.30178E-03   0.32071E-03   0.31053E-03
 5850.15   0.30051E-03   0.31929E-03   0.30914E-03
 5863.75   0.29927E-03   0.31789E-03   0.30776E-03
 5877.36   0.29802E-03   0.31649E-03   0.30640E-03
 5890.96   0.29677E-03   0.31509E-03   0.30503E-03
 5904.57   0.29552E-03   0.31368E-03   0.30365E-03
 5918.17   0.29425E-03   0.31226E-03   0.30225E-03
 5931.78   0.29297E-03   0.31081E-03   0.30084E-03
 5945.38   0.29159E-03   0.30927E-03   0.29933E-03
 5958.99   0.29029E-03   0.30780E-03   0.29790E-03
 5972.59   0.28955E-03   0.30694E-03   0.29705E-03
 5986.20   0.28829E-03   0.30551E-03   0.29565E-03
 5999.80   0.28709E-03   0.30416E-03   0.29433E-03
 6013.41   0.28593E-03   0.30284E-03   0.29304E-03
 6027.01   0.28479E-03   0.30154E-03   0.29177E-03
 6040.62   0.28365E-03   0.30025E-03   0.29051E-03
 6054.22   0.28251E-03   0.29896E-03   0.28924E-03
 6067.83   0.28136E-03   0.29765E-03   0.28796E-03
 6081.43   0.28018E-03   0.29631E-03   0.28666E-03
 6095.04   0.27890E-03   0.29486E-03   0.28524E-03
 6108.64   0.27763E-03   0.29343E-03   0.28384E-03
 6122.25   0.27706E-03   0.29274E-03   0.28316E-03
 6135.85   0.27585E-03   0.29137E-03   0.28183E-03
 6149.46   0.27471E-03   0.29008E-03   0.28056E-03
 6163.06   0.27361E-03   0.28883E-03   0.27934E-03
 6176.67   0.27253E-03   0.28760E-03   0.27814E-03
 6190.27   0.27147E-03   0.28639E-03   0.27696E-03
 6203.88   0.27042E-03   0.28519E-03   0.27579E-03
 6217.48   0.26938E-03   0.28400E-03   0.27462E-03
 6231.09   0.26831E-03   0.28279E-03   0.27344E-03
 6244.69   0.26719E-03   0.28151E-03   0.27219E-03
 6258.30   0.26604E-03   0.28021E-03   0.27092E-03
 6271.90   0.26542E-03   0.27946E-03   0.27019E-03
 6285.51   0.26429E-03   0.27818E-03   0.26893E-03
 6299.11   0.26322E-03   0.27696E-03   0.26774E-03
 6312.72   0.26217E-03   0.27576E-03   0.26657E-03
 6326.32   0.26115E-03   0.27458E-03   0.26543E-03
 6339.93   0.26015E-03   0.27344E-03   0.26430E-03
 6353.53   0.25916E-03   0.27231E-03   0.26320E-03
 6367.14   0.25820E-03   0.27120E-03   0.26212E-03
 6380.74   0.25724E-03   0.27009E-03   0.26104E-03
 6394.35   0.25627E-03   0.26898E-03   0.25995E-03
 6407.95   0.25527E-03   0.26784E-03   0.25884E-03
 6421.56   0.25453E-03   0.26696E-03   0.25798E-03
 6435.16   0.25351E-03   0.26580E-03   0.25684E-03
 6448.77   0.25253E-03   0.26467E-03   0.25575E-03
 6462.37   0.25155E-03   0.26355E-03   0.25465E-03
 6475.98   0.25057E-03   0.26244E-03   0.25357E-03
 6489.58   0.24961E-03   0.26134E-03   0.25250E-03
 6503.19   0.24867E-03   0.26025E-03   0.25144E-03
 6516.79   0.24774E-03   0.25919E-03   0.25041E-03
 6530.40   0.24684E-03   0.25815E-03   0.24939E-03
 6544.00   0.24595E-03   0.25713E-03   0.24839E-03
 6557.61   0.24507E-03   0.25611E-03   0.24740E-03
 6571.21   0.24416E-03   0.25507E-03   0.24638E-03
 6584.82   0.24334E-03   0.25412E-03   0.24546E-03
 6598.42   0.24246E-03   0.25311E-03   0.24447E-03
 6612.03   0.24157E-03   0.25209E-03   0.24348E-03
 6625.63   0.24068E-03   0.25106E-03   0.24248E-03
 6639.24   0.23978E-03   0.25003E-03   0.24147E-03
 6652.84   0.23889E-03   0.24900E-03   0.24047E-03
 6666.45   0.23800E-03   0.24797E-03   0.23947E-03
 6680.05   0.23712E-03   0.24697E-03   0.23849E-03
 6693.66   0.23627E-03   0.24598E-03   0.23752E-03
 6707.26   0.23542E-03   0.24500E-03   0.23658E-03
 6720.87   0.23462E-03   0.24407E-03   0.23567E-03
 6734.47   0.23383E-03   0.24315E-03   0.23477E-03
 6748.08   0.23301E-03   0.24221E-03   0.23385E-03
 6761.68   0.23221E-03   0.24127E-03   0.23294E-03
 6775.29   0.23140E-03   0.24034E-03   0.23203E-03
 6788.89   0.23059E-03   0.23940E-03   0.23112E-03
 6802.50   0.22976E-03   0.23844E-03   0.23019E-03
 6816.10   0.22893E-03   0.23748E-03   0.22925E-03
 6829.71   0.22809E-03   0.23652E-03   0.22832E-03
 6843.31   0.22725E-03   0.23556E-03   0.22738E-03
 6856.92   0.22642E-03   0.23460E-03   0.22645E-03
 6870.52   0.22556E-03   0.23362E-03   0.22549E-03
 6884.13   0.22482E-03   0.23275E-03   0.22465E-03
 6897.73   0.22420E-03   0.23202E-03   0.22394E-03
 6911.34   0.22341E-03   0.23110E-03   0.22304E-03
 6924.94   0.22265E-03   0.23022E-03   0.22218E-03
 6938.55   0.22190E-03   0.22935E-03   0.22134E-03
 6952.15   0.22116E-03   0.22848E-03   0.22049E-03
 6965.76   0.22041E-03   0.22760E-03   0.21964E-03
 6979.36   0.21964E-03   0.22672E-03   0.21878E-03
 6992.97   0.21887E-03   0.22582E-03   0.21791E-03
 7006.57   0.21809E-03   0.22491E-03   0.21702E-03
 7020.18   0.21728E-03   0.22398E-03   0.21612E-03
 7033.78   0.21638E-03   0.22294E-03   0.21512E-03
 7047.39   0.21564E-03   0.22209E-03   0.21428E-03
 7060.99   0.21531E-03   0.22164E-03   0.21385E-03
 7074.60   0.21452E-03   0.22073E-03   0.21296E-03
 7088.20   0.21380E-03   0.21988E-03   0.21213E-03
 7101.81   0.21309E-03   0.21905E-03   0.21133E-03
 7115.41   0.21240E-03   0.21824E-03   0.21055E-03
 7129.02   0.21172E-03   0.21743E-03   0.20976E-03
 7142.62   0.21103E-03   0.21662E-03   0.20897E-03
 7156.23   0.21032E-03   0.21580E-03   0.20817E-03
 7169.83   0.20960E-03   0.21495E-03   0.20735E-03
 7183.44   0.20884E-03   0.21407E-03   0.20650E-03
 7197.04   0.20794E-03   0.21304E-03   0.20550E-03
 7210.65   0.20718E-03   0.21217E-03   0.20465E-03
 7224.25   0.20707E-03   0.21195E-03   0.20443E-03
 7237.86   0.20628E-03   0.21104E-03   0.20355E-03
 7251.46   0.20557E-03   0.21021E-03   0.20275E-03
 7265.07   0.20489E-03   0.20941E-03   0.20197E-03
 7278.67   0.20424E-03   0.20864E-03   0.20122E-03
 7292.28   0.20360E-03   0.20788E-03   0.20049E-03
 7305.88   0.20297E-03   0.20712E-03   0.19976E-03
 7319.49   0.20233E-03   0.20637E-03   0.19903E-03
 7333.09   0.20169E-03   0.20560E-03   0.19828E-03
 7346.70   0.20101E-03   0.20481E-03   0.19751E-03
 7360.30   0.20023E-03   0.20391E-03   0.19664E-03
 7373.91   0.19951E-03   0.20306E-03   0.19582E-03
 7387.51   0.19939E-03   0.20283E-03   0.19560E-03
 7401.12   0.19864E-03   0.20196E-03   0.19475E-03
 7414.72   0.19795E-03   0.20116E-03   0.19398E-03
 7428.33   0.19730E-03   0.20038E-03   0.19323E-03
 7441.93   0.19666E-03   0.19963E-03   0.19250E-03
 7455.54   0.19605E-03   0.19890E-03   0.19179E-03
 7469.14   0.19545E-03   0.19819E-03   0.19110E-03
 7482.75   0.19486E-03   0.19748E-03   0.19042E-03
 7496.35   0.19428E-03   0.19678E-03   0.18974E-03
 7509.96   0.19369E-03   0.19608E-03   0.18906E-03
 7523.56   0.19305E-03   0.19533E-03   0.18834E-03
 7537.17   0.19241E-03   0.19458E-03   0.18760E-03
 7550.77   0.19214E-03   0.19420E-03   0.18723E-03
 7564.38   0.19146E-03   0.19340E-03   0.18647E-03
 7577.98   0.19082E-03   0.19266E-03   0.18574E-03
 7591.59   0.19020E-03   0.19192E-03   0.18503E-03
 7605.19   0.18958E-03   0.19120E-03   0.18433E-03
 7618.80   0.18898E-03   0.19048E-03   0.18365E-03
 7632.40   0.18839E-03   0.18979E-03   0.18297E-03
 7646.01   0.18782E-03   0.18911E-03   0.18232E-03
 7659.61   0.18727E-03   0.18845E-03   0.18167E-03
 7673.22   0.18673E-03   0.18779E-03   0.18104E-03
 7686.82   0.18619E-03   0.18715E-03   0.18042E-03
 7700.43   0.18562E-03   0.18647E-03   0.17977E-03
 7714.03   0.18521E-03   0.18596E-03   0.17927E-03
 7727.64   0.18463E-03   0.18527E-03   0.17861E-03
 7741.24   0.18408E-03   0.18461E-03   0.17797E-03
 7754.85   0.18352E-03   0.18394E-03   0.17732E-03
 7768.45   0.18295E-03   0.18327E-03   0.17667E-03
 7782.06   0.18238E-03   0.18259E-03   0.17602E-03
 7795.66   0.18181E-03   0.18192E-03   0.17537E-03
 7809.27   0.18125E-03   0.18125E-03   0.17473E-03
 7822.87   0.18070E-03   0.18060E-03   0.17410E-03
 7836.48   0.18017E-03   0.17996E-03   0.17348E-03
 7850.08   0.17965E-03   0.17934E-03   0.17288E-03
 7863.69   0.17915E-03   0.17873E-03   0.17230E-03
 7877.29   0.17866E-03   0.17815E-03   0.17173E-03
 7890.90   0.17817E-03   0.17755E-03   0.17115E-03
 7904.50   0.17767E-03   0.17696E-03   0.17058E-03
 7918.11   0.17718E-03   0.17636E-03   0.17001E-03
 7931.71   0.17667E-03   0.17575E-03   0.16942E-03
 7945.32   0.17616E-03   0.17514E-03   0.16883E-03
 7958.92   0.17563E-03   0.17451E-03   0.16823E-03
 7972.53   0.17510E-03   0.17388E-03   0.16762E-03
 7986.13   0.17456E-03   0.17325E-03   0.16701E-03
 7999.74   0.17403E-03   0.17262E-03   0.16640E-03
 8013.34   0.17350E-03   0.17200E-03   0.16580E-03
 8026.95   0.17298E-03   0.17138E-03   0.16521E-03
 8040.55   0.17243E-03   0.17073E-03   0.16458E-03
 8054.16   0.17203E-03   0.17023E-03   0.16410E-03
 8067.76   0.17165E-03   0.16975E-03   0.16364E-03
 8081.37   0.17117E-03   0.16917E-03   0.16308E-03
 8094.97   0.17071E-03   0.16861E-03   0.16254E-03
 8108.58   0.17025E-03   0.16805E-03   0.16201E-03
 8122.18   0.16979E-03   0.16749E-03   0.16147E-03
 8135.79   0.16931E-03   0.16692E-03   0.16091E-03
 8149.39   0.16882E-03   0.16633E-03   0.16035E-03
 8163.00   0.16833E-03   0.16574E-03   0.15978E-03
 8176.60   0.16782E-03   0.16514E-03   0.15920E-03
 8190.21   0.16730E-03   0.16452E-03   0.15861E-03
 8203.81   0.16676E-03   0.16389E-03   0.15800E-03
 8217.42   0.16601E-03   0.16305E-03   0.15719E-03
 8231.02   0.16631E-03   0.16324E-03   0.15738E-03
 8244.63   0.16561E-03   0.16245E-03   0.15662E-03
 8258.23   0.16512E-03   0.16187E-03   0.15606E-03
 8271.84   0.16467E-03   0.16133E-03   0.15554E-03
 8285.44   0.16424E-03   0.16080E-03   0.15503E-03
 8299.05   0.16381E-03   0.16028E-03   0.15453E-03
 8312.65   0.16337E-03   0.15975E-03   0.15403E-03
 8326.26   0.16293E-03   0.15922E-03   0.15352E-03
 8339.86   0.16248E-03   0.15868E-03   0.15299E-03
 8353.47   0.16200E-03   0.15811E-03   0.15245E-03
 8367.07   0.16151E-03   0.15753E-03   0.15189E-03
 8380.68   0.16096E-03   0.15689E-03   0.15128E-03
 8394.28   0.16000E-03   0.15585E-03   0.15028E-03
 8407.89   0.16074E-03   0.15648E-03   0.15088E-03
 8421.49   0.15997E-03   0.15563E-03   0.15007E-03
 8435.10   0.15947E-03   0.15503E-03   0.14950E-03
 8448.70   0.15901E-03   0.15449E-03   0.14898E-03
 8462.31   0.15859E-03   0.15397E-03   0.14848E-03
 8475.91   0.15818E-03   0.15348E-03   0.14800E-03
 8489.52   0.15778E-03   0.15298E-03   0.14753E-03
 8503.12   0.15738E-03   0.15250E-03   0.14706E-03
 8516.73   0.15697E-03   0.15200E-03   0.14659E-03
 8530.33   0.15655E-03   0.15149E-03   0.14610E-03
 8543.94   0.15611E-03   0.15096E-03   0.14559E-03
 8557.54   0.15561E-03   0.15037E-03   0.14503E-03
 8571.15   0.15476E-03   0.14945E-03   0.14415E-03
 8584.75   0.15553E-03   0.15010E-03   0.14478E-03
 8598.36   0.15471E-03   0.14921E-03   0.14391E-03
 8611.96   0.15420E-03   0.14861E-03   0.14335E-03
 8625.57   0.15374E-03   0.14807E-03   0.14283E-03
 8639.17   0.15331E-03   0.14756E-03   0.14234E-03
 8652.78   0.15290E-03   0.14707E-03   0.14187E-03
 8666.38   0.15251E-03   0.14659E-03   0.14141E-03
 8679.99   0.15213E-03   0.14613E-03   0.14097E-03
 8693.59   0.15176E-03   0.14567E-03   0.14053E-03
 8707.20   0.15138E-03   0.14521E-03   0.14009E-03
 8720.80   0.15099E-03   0.14475E-03   0.13965E-03
 8734.41   0.15057E-03   0.14425E-03   0.13917E-03
 8748.01   0.15001E-03   0.14361E-03   0.13856E-03
 8761.62   0.14957E-03   0.14309E-03   0.13806E-03
 8775.22   0.14969E-03   0.14311E-03   0.13808E-03
 8788.83   0.14921E-03   0.14255E-03   0.13755E-03
 8802.43   0.14877E-03   0.14204E-03   0.13706E-03
 8816.04   0.14835E-03   0.14154E-03   0.13658E-03
 8829.64   0.14794E-03   0.14105E-03   0.13611E-03
 8843.25   0.14755E-03   0.14058E-03   0.13566E-03
 8856.85   0.14717E-03   0.14012E-03   0.13522E-03
 8870.46   0.14681E-03   0.13968E-03   0.13480E-03
 8884.06   0.14646E-03   0.13925E-03   0.13439E-03
 8897.67   0.14611E-03   0.13882E-03   0.13398E-03
 8911.27   0.14576E-03   0.13839E-03   0.13358E-03
 8924.88   0.14539E-03   0.13794E-03   0.13315E-03
 8938.48   0.14500E-03   0.13748E-03   0.13270E-03
 8952.09   0.14487E-03   0.13725E-03   0.13249E-03
 8965.69   0.14446E-03   0.13677E-03   0.13203E-03
 8979.30   0.14407E-03   0.13631E-03   0.13159E-03
 8992.90   0.14368E-03   0.13585E-03   0.13115E-03
 9006.51   0.14330E-03   0.13539E-03   0.13071E-03
 9020.11   0.14291E-03   0.13493E-03   0.13027E-03
 9033.72   0.14252E-03   0.13447E-03   0.12984E-03
 9047.32   0.14215E-03   0.13403E-03   0.12942E-03
 9060.93   0.14179E-03   0.13360E-03   0.12901E-03
 9074.53   0.14145E-03   0.13318E-03   0.12861E-03
 9088.14   0.14112E-03   0.13278E-03   0.12822E-03
 9101.74   0.14079E-03   0.13238E-03   0.12785E-03
 9115.35   0.14048E-03   0.13199E-03   0.12748E-03
 9128.95   0.14018E-03   0.13162E-03   0.12712E-03
 9142.56   0.13985E-03   0.13123E-03   0.12675E-03
 9156.16   0.13953E-03   0.13083E-03   0.12637E-03
 9169.77   0.13919E-03   0.13043E-03   0.12599E-03
 9183.37   0.13885E-03   0.13002E-03   0.12559E-03
 9196.98   0.13849E-03   0.12959E-03   0.12519E-03
 9210.58   0.13813E-03   0.12916E-03   0.12478E-03
 9224.19   0.13776E-03   0.12873E-03   0.12437E-03
 9237.79   0.13740E-03   0.12830E-03   0.12396E-03
 9251.40   0.13704E-03   0.12788E-03   0.12356E-03
 9265.00   0.13670E-03   0.12746E-03   0.12316E-03
 9278.61   0.13636E-03   0.12706E-03   0.12278E-03
 9292.21   0.13603E-03   0.12666E-03   0.12240E-03
 9305.82   0.13576E-03   0.12633E-03   0.12209E-03
 9319.42   0.13549E-03   0.12599E-03   0.12176E-03
 9333.03   0.13518E-03   0.12561E-03   0.12140E-03
 9346.63   0.13488E-03   0.12524E-03   0.12105E-03
 9360.24   0.13457E-03   0.12487E-03   0.12071E-03
 9373.84   0.13426E-03   0.12450E-03   0.12035E-03
 9387.45   0.13394E-03   0.12412E-03   0.11999E-03
 9401.05   0.13361E-03   0.12372E-03   0.11961E-03
 9414.66   0.13327E-03   0.12332E-03   0.11923E-03
 9428.26   0.13292E-03   0.12291E-03   0.11884E-03
 9441.87   0.13256E-03   0.12249E-03   0.11845E-03
 9455.47   0.13220E-03   0.12208E-03   0.11805E-03
 9469.08   0.13183E-03   0.12165E-03   0.11765E-03
 9482.68   0.13140E-03   0.12118E-03   0.11719E-03
 9496.29   0.13120E-03   0.12091E-03   0.11694E-03
 9509.89   0.13111E-03   0.12075E-03   0.11679E-03
 9523.50   0.13075E-03   0.12033E-03   0.11640E-03
 9537.10   0.13045E-03   0.11997E-03   0.11605E-03
 9550.71   0.13016E-03   0.11962E-03   0.11572E-03
 9564.31   0.12987E-03   0.11928E-03   0.11539E-03
 9577.92   0.12958E-03   0.11893E-03   0.11506E-03
 9591.52   0.12928E-03   0.11857E-03   0.11473E-03
 9605.13   0.12897E-03   0.11820E-03   0.11438E-03
 9618.73   0.12864E-03   0.11783E-03   0.11402E-03
 9632.34   0.12830E-03   0.11743E-03   0.11365E-03
 9645.94   0.12794E-03   0.11702E-03   0.11326E-03
 9659.55   0.12755E-03   0.11658E-03   0.11284E-03
 9673.15   0.12699E-03   0.11600E-03   0.11228E-03
 9686.76   0.12682E-03   0.11576E-03   0.11206E-03
 9700.36   0.12701E-03   0.11585E-03   0.11215E-03
 9713.97   0.12660E-03   0.11540E-03   0.11172E-03
 9727.57   0.12627E-03   0.11502E-03   0.11136E-03
 9741.18   0.12597E-03   0.11467E-03   0.11103E-03
 9754.78   0.12569E-03   0.11433E-03   0.11071E-03
 9768.39   0.12542E-03   0.11401E-03   0.11040E-03
 9781.99   0.12514E-03   0.11368E-03   0.11010E-03
 9795.60   0.12486E-03   0.11335E-03   0.10978E-03
 9809.20   0.12457E-03   0.11301E-03   0.10946E-03
 9822.81   0.12426E-03   0.11266E-03   0.10913E-03
 9836.41   0.12393E-03   0.11228E-03   0.10877E-03
 9850.02   0.12355E-03   0.11186E-03   0.10837E-03
 9863.62   0.12297E-03   0.11126E-03   0.10780E-03
 9877.23   0.12276E-03   0.11099E-03   0.10755E-03
 9890.83   0.12312E-03   0.11125E-03   0.10780E-03
 9904.44   0.12267E-03   0.11076E-03   0.10734E-03
 9918.04   0.12231E-03   0.11037E-03   0.10696E-03
 9931.65   0.12200E-03   0.11001E-03   0.10662E-03
 9945.25   0.12170E-03   0.10967E-03   0.10630E-03
 9958.86   0.12143E-03   0.10935E-03   0.10600E-03
 9972.46   0.12116E-03   0.10904E-03   0.10571E-03
 9986.07   0.12091E-03   0.10873E-03   0.10542E-03
 9999.67   0.12065E-03   0.10843E-03   0.10513E-03
