   81.63   0.20430E+00   0.20415E+00   0.19587E+00
   95.23   0.18793E+00   0.18787E+00   0.18112E+00
  108.84   0.17306E+00   0.17308E+00   0.16752E+00
  122.44   0.15975E+00   0.15984E+00   0.15522E+00
  136.05   0.14783E+00   0.14798E+00   0.14410E+00
  149.65   0.13713E+00   0.13733E+00   0.13405E+00
  163.26   0.12735E+00   0.12759E+00   0.12481E+00
  176.86   0.11847E+00   0.11876E+00   0.11638E+00
  190.47   0.11035E+00   0.11067E+00   0.10862E+00
  204.07   0.10302E+00   0.10336E+00   0.10160E+00
  217.68   0.96350E-01   0.96723E-01   0.95195E-01
  231.28   0.90329E-01   0.90724E-01   0.89394E-01
  244.89   0.84862E-01   0.85276E-01   0.84114E-01
  258.49   0.79885E-01   0.80316E-01   0.79297E-01
  272.10   0.75317E-01   0.75763E-01   0.74867E-01
  285.70   0.71138E-01   0.71598E-01   0.70806E-01
  299.31   0.67270E-01   0.67741E-01   0.67040E-01
  312.91   0.63695E-01   0.64176E-01   0.63553E-01
  326.52   0.60397E-01   0.60887E-01   0.60332E-01
  340.12   0.57336E-01   0.57833E-01   0.57338E-01
  353.73   0.54506E-01   0.55010E-01   0.54566E-01
  367.33   0.51894E-01   0.52403E-01   0.52004E-01
  380.94   0.49455E-01   0.49968E-01   0.49609E-01
  394.54   0.47193E-01   0.47710E-01   0.47386E-01
  408.15   0.45106E-01   0.45627E-01   0.45332E-01
  421.75   0.43120E-01   0.43643E-01   0.43375E-01
  435.36   0.41276E-01   0.41801E-01   0.41557E-01
  448.96   0.39562E-01   0.40089E-01   0.39866E-01
  462.57   0.37923E-01   0.38451E-01   0.38246E-01
  476.17   0.36395E-01   0.36923E-01   0.36735E-01
  489.78   0.34961E-01   0.35489E-01   0.35315E-01
  503.38   0.33600E-01   0.34128E-01   0.33967E-01
  516.99   0.32326E-01   0.32853E-01   0.32703E-01
  530.59   0.31121E-01   0.31647E-01   0.31507E-01
  544.20   0.29983E-01   0.30509E-01   0.30377E-01
  557.80   0.28911E-01   0.29435E-01   0.29312E-01
  571.41   0.27896E-01   0.28420E-01   0.28303E-01
  585.01   0.26933E-01   0.27454E-01   0.27344E-01
  598.62   0.26019E-01   0.26539E-01   0.26434E-01
  612.22   0.25154E-01   0.25672E-01   0.25571E-01
  625.83   0.24334E-01   0.24850E-01   0.24753E-01
  639.43   0.23544E-01   0.24058E-01   0.23965E-01
  653.04   0.22796E-01   0.23308E-01   0.23218E-01
  666.64   0.22085E-01   0.22594E-01   0.22507E-01
  680.25   0.21402E-01   0.21908E-01   0.21824E-01
  693.85   0.20756E-01   0.21260E-01   0.21178E-01
  707.46   0.20136E-01   0.20638E-01   0.20557E-01
  721.06   0.19546E-01   0.20045E-01   0.19966E-01
  734.67   0.18979E-01   0.19475E-01   0.19397E-01
  748.27   0.18440E-01   0.18934E-01   0.18857E-01
  761.88   0.17923E-01   0.18414E-01   0.18338E-01
  775.48   0.17429E-01   0.17916E-01   0.17841E-01
  789.09   0.16953E-01   0.17437E-01   0.17362E-01
  802.69   0.16500E-01   0.16981E-01   0.16906E-01
  816.30   0.16063E-01   0.16541E-01   0.16467E-01
  829.90   0.15644E-01   0.16119E-01   0.16044E-01
  843.51   0.15240E-01   0.15711E-01   0.15637E-01
  857.11   0.14853E-01   0.15321E-01   0.15247E-01
  870.72   0.14480E-01   0.14945E-01   0.14871E-01
  884.32   0.14121E-01   0.14583E-01   0.14509E-01
  897.93   0.13775E-01   0.14233E-01   0.14159E-01
  911.53   0.13441E-01   0.13896E-01   0.13822E-01
  925.14   0.13120E-01   0.13572E-01   0.13498E-01
  938.74   0.12812E-01   0.13260E-01   0.13185E-01
  952.35   0.12513E-01   0.12959E-01   0.12883E-01
  965.95   0.12225E-01   0.12667E-01   0.12591E-01
  979.56   0.11947E-01   0.12385E-01   0.12309E-01
  993.16   0.11679E-01   0.12114E-01   0.12037E-01
 1006.77   0.11421E-01   0.11853E-01   0.11776E-01
 1020.37   0.11169E-01   0.11598E-01   0.11520E-01
 1033.98   0.10928E-01   0.11353E-01   0.11274E-01
 1047.58   0.10693E-01   0.11115E-01   0.11036E-01
 1061.19   0.10467E-01   0.10886E-01   0.10806E-01
 1074.79   0.10249E-01   0.10664E-01   0.10584E-01
 1088.40   0.10035E-01   0.10447E-01   0.10366E-01
 1102.00   0.98286E-02   0.10237E-01   0.10156E-01
 1115.61   0.96287E-02   0.10034E-01   0.99526E-02
 1129.21   0.94353E-02   0.98375E-02   0.97553E-02
 1142.82   0.92460E-02   0.96449E-02   0.95622E-02
 1156.42   0.90650E-02   0.94606E-02   0.93774E-02
 1170.03   0.88884E-02   0.92807E-02   0.91970E-02
 1183.63   0.87168E-02   0.91058E-02   0.90215E-02
 1197.24   0.85503E-02   0.89361E-02   0.88512E-02
 1210.84   0.83879E-02   0.87704E-02   0.86851E-02
 1224.45   0.82314E-02   0.86106E-02   0.85248E-02
 1238.05   0.80791E-02   0.84551E-02   0.83688E-02
 1251.66   0.79309E-02   0.83037E-02   0.82169E-02
 1265.26   0.77867E-02   0.81563E-02   0.80690E-02
 1278.87   0.76463E-02   0.80127E-02   0.79249E-02
 1292.47   0.75101E-02   0.78732E-02   0.77850E-02
 1306.08   0.73777E-02   0.77376E-02   0.76489E-02
 1319.68   0.72488E-02   0.76055E-02   0.75163E-02
 1333.29   0.71231E-02   0.74766E-02   0.73870E-02
 1346.89   0.70005E-02   0.73508E-02   0.72608E-02
 1360.50   0.68811E-02   0.72282E-02   0.71379E-02
 1374.10   0.67649E-02   0.71089E-02   0.70181E-02
 1387.71   0.66518E-02   0.69926E-02   0.69014E-02
 1401.31   0.65415E-02   0.68792E-02   0.67877E-02
 1414.92   0.64339E-02   0.67685E-02   0.66765E-02
 1428.52   0.63286E-02   0.66601E-02   0.65678E-02
 1442.13   0.62262E-02   0.65545E-02   0.64619E-02
 1455.73   0.61263E-02   0.64515E-02   0.63586E-02
 1469.34   0.60290E-02   0.63512E-02   0.62579E-02
 1482.94   0.59344E-02   0.62535E-02   0.61599E-02
 1496.55   0.58410E-02   0.61570E-02   0.60632E-02
 1510.15   0.57505E-02   0.60635E-02   0.59694E-02
 1523.76   0.56620E-02   0.59720E-02   0.58776E-02
 1537.36   0.55757E-02   0.58826E-02   0.57880E-02
 1550.97   0.54915E-02   0.57954E-02   0.57006E-02
 1564.57   0.54096E-02   0.57106E-02   0.56155E-02
 1578.18   0.53284E-02   0.56264E-02   0.55310E-02
 1591.78   0.52498E-02   0.55448E-02   0.54493E-02
 1605.39   0.51728E-02   0.54649E-02   0.53691E-02
 1618.99   0.50975E-02   0.53867E-02   0.52907E-02
 1632.60   0.50241E-02   0.53103E-02   0.52142E-02
 1646.20   0.49516E-02   0.52349E-02   0.51386E-02
 1659.81   0.48815E-02   0.51619E-02   0.50655E-02
 1673.41   0.48126E-02   0.50903E-02   0.49937E-02
 1687.02   0.47452E-02   0.50199E-02   0.49232E-02
 1700.62   0.46792E-02   0.49511E-02   0.48542E-02
 1714.23   0.46146E-02   0.48837E-02   0.47867E-02
 1727.83   0.45511E-02   0.48173E-02   0.47203E-02
 1741.44   0.44893E-02   0.47527E-02   0.46555E-02
 1755.04   0.44287E-02   0.46894E-02   0.45921E-02
 1768.65   0.43694E-02   0.46273E-02   0.45299E-02
 1782.25   0.43112E-02   0.45663E-02   0.44689E-02
 1795.86   0.42542E-02   0.45066E-02   0.44091E-02
 1809.46   0.41983E-02   0.44479E-02   0.43504E-02
 1823.07   0.41437E-02   0.43905E-02   0.42929E-02
 1836.67   0.40902E-02   0.43343E-02   0.42367E-02
 1850.28   0.40377E-02   0.42791E-02   0.41815E-02
 1863.88   0.39862E-02   0.42250E-02   0.41273E-02
 1877.49   0.39358E-02   0.41718E-02   0.40741E-02
 1891.09   0.38862E-02   0.41196E-02   0.40219E-02
 1904.70   0.38377E-02   0.40684E-02   0.39707E-02
 1918.30   0.37901E-02   0.40182E-02   0.39205E-02
 1931.91   0.37435E-02   0.39689E-02   0.38712E-02
 1945.51   0.36977E-02   0.39205E-02   0.38229E-02
 1959.12   0.36528E-02   0.38730E-02   0.37754E-02
 1972.72   0.36085E-02   0.38261E-02   0.37286E-02
 1986.33   0.35653E-02   0.37803E-02   0.36828E-02
 1999.93   0.35228E-02   0.37352E-02   0.36378E-02
 2013.54   0.34810E-02   0.36909E-02   0.35935E-02
 2027.14   0.34401E-02   0.36474E-02   0.35501E-02
 2040.75   0.34000E-02   0.36047E-02   0.35075E-02
 2054.35   0.33606E-02   0.35628E-02   0.34657E-02
 2067.96   0.33216E-02   0.35213E-02   0.34243E-02
 2081.56   0.32835E-02   0.34808E-02   0.33838E-02
 2095.17   0.32461E-02   0.34408E-02   0.33441E-02
 2108.77   0.32094E-02   0.34016E-02   0.33049E-02
 2122.38   0.31733E-02   0.33631E-02   0.32665E-02
 2135.98   0.31379E-02   0.33253E-02   0.32288E-02
 2149.59   0.31029E-02   0.32878E-02   0.31915E-02
 2163.19   0.30687E-02   0.32512E-02   0.31551E-02
 2176.80   0.30351E-02   0.32152E-02   0.31192E-02
 2190.40   0.30020E-02   0.31797E-02   0.30839E-02
 2204.01   0.29695E-02   0.31448E-02   0.30491E-02
 2217.61   0.29376E-02   0.31105E-02   0.30150E-02
 2231.22   0.29062E-02   0.30768E-02   0.29814E-02
 2244.82   0.28752E-02   0.30435E-02   0.29483E-02
 2258.43   0.28449E-02   0.30108E-02   0.29157E-02
 2272.03   0.28150E-02   0.29786E-02   0.28837E-02
 2285.64   0.27856E-02   0.29469E-02   0.28522E-02
 2299.24   0.27567E-02   0.29157E-02   0.28212E-02
 2312.85   0.27282E-02   0.28850E-02   0.27907E-02
 2326.45   0.27003E-02   0.28548E-02   0.27607E-02
 2340.06   0.26727E-02   0.28249E-02   0.27310E-02
 2353.66   0.26456E-02   0.27956E-02   0.27019E-02
 2367.27   0.26189E-02   0.27667E-02   0.26732E-02
 2380.87   0.25927E-02   0.27382E-02   0.26450E-02
 2394.48   0.25668E-02   0.27102E-02   0.26172E-02
 2408.08   0.25414E-02   0.26826E-02   0.25898E-02
 2421.69   0.25164E-02   0.26554E-02   0.25628E-02
 2435.29   0.24917E-02   0.26286E-02   0.25362E-02
 2448.90   0.24675E-02   0.26022E-02   0.25101E-02
 2462.50   0.24436E-02   0.25762E-02   0.24843E-02
 2476.11   0.24201E-02   0.25505E-02   0.24589E-02
 2489.71   0.23970E-02   0.25253E-02   0.24339E-02
 2503.32   0.23742E-02   0.25003E-02   0.24092E-02
 2516.92   0.23517E-02   0.24758E-02   0.23849E-02
 2530.53   0.23296E-02   0.24516E-02   0.23610E-02
 2544.13   0.23078E-02   0.24278E-02   0.23374E-02
 2557.74   0.22864E-02   0.24043E-02   0.23142E-02
 2571.34   0.22653E-02   0.23811E-02   0.22913E-02
 2584.95   0.22444E-02   0.23582E-02   0.22687E-02
 2598.55   0.22239E-02   0.23357E-02   0.22464E-02
 2612.16   0.22037E-02   0.23134E-02   0.22244E-02
 2625.76   0.21838E-02   0.22915E-02   0.22028E-02
 2639.37   0.21642E-02   0.22699E-02   0.21815E-02
 2652.97   0.21448E-02   0.22486E-02   0.21604E-02
 2666.58   0.21257E-02   0.22275E-02   0.21397E-02
 2680.18   0.21069E-02   0.22068E-02   0.21192E-02
 2693.79   0.20884E-02   0.21863E-02   0.20990E-02
 2707.39   0.20700E-02   0.21660E-02   0.20790E-02
 2721.00   0.20521E-02   0.21462E-02   0.20595E-02
 2734.60   0.20343E-02   0.21265E-02   0.20401E-02
 2748.21   0.20168E-02   0.21071E-02   0.20210E-02
 2761.81   0.19995E-02   0.20879E-02   0.20021E-02
 2775.42   0.19825E-02   0.20690E-02   0.19835E-02
 2789.02   0.19657E-02   0.20503E-02   0.19652E-02
 2802.63   0.19491E-02   0.20318E-02   0.19470E-02
 2816.23   0.19327E-02   0.20136E-02   0.19291E-02
 2829.84   0.19167E-02   0.19958E-02   0.19116E-02
 2843.44   0.19007E-02   0.19780E-02   0.18941E-02
 2857.05   0.18851E-02   0.19605E-02   0.18769E-02
 2870.65   0.18696E-02   0.19432E-02   0.18600E-02
 2884.26   0.18543E-02   0.19262E-02   0.18433E-02
 2897.86   0.18392E-02   0.19093E-02   0.18267E-02
 2911.47   0.18243E-02   0.18926E-02   0.18104E-02
 2925.07   0.18098E-02   0.18764E-02   0.17945E-02
 2938.68   0.17952E-02   0.18601E-02   0.17785E-02
 2952.28   0.17809E-02   0.18440E-02   0.17628E-02
 2965.89   0.17668E-02   0.18282E-02   0.17473E-02
 2979.49   0.17529E-02   0.18126E-02   0.17320E-02
 2993.10   0.17392E-02   0.17972E-02   0.17169E-02
 3006.70   0.17256E-02   0.17819E-02   0.17020E-02
 3020.31   0.17121E-02   0.17668E-02   0.16872E-02
 3033.91   0.16990E-02   0.17520E-02   0.16728E-02
 3047.52   0.16859E-02   0.17373E-02   0.16584E-02
 3061.12   0.16730E-02   0.17227E-02   0.16441E-02
 3074.73   0.16603E-02   0.17083E-02   0.16301E-02
 3088.33   0.16477E-02   0.16941E-02   0.16163E-02
 3101.94   0.16353E-02   0.16801E-02   0.16026E-02
 3115.54   0.16230E-02   0.16663E-02   0.15891E-02
 3129.15   0.16109E-02   0.16526E-02   0.15757E-02
 3142.75   0.15990E-02   0.16391E-02   0.15626E-02
 3156.36   0.15871E-02   0.16257E-02   0.15495E-02
 3169.96   0.15754E-02   0.16124E-02   0.15366E-02
 3183.57   0.15639E-02   0.15993E-02   0.15239E-02
 3197.17   0.15524E-02   0.15864E-02   0.15113E-02
 3210.78   0.15412E-02   0.15736E-02   0.14989E-02
 3224.38   0.15301E-02   0.15610E-02   0.14866E-02
 3237.99   0.15191E-02   0.15485E-02   0.14745E-02
 3251.59   0.15082E-02   0.15362E-02   0.14625E-02
 3265.20   0.14975E-02   0.15240E-02   0.14507E-02
 3278.80   0.14869E-02   0.15119E-02   0.14389E-02
 3292.41   0.14764E-02   0.15000E-02   0.14274E-02
 3306.01   0.14660E-02   0.14881E-02   0.14159E-02
 3319.62   0.14558E-02   0.14764E-02   0.14045E-02
 3333.22   0.14456E-02   0.14648E-02   0.13933E-02
 3346.83   0.14356E-02   0.14534E-02   0.13823E-02
 3360.43   0.14258E-02   0.14422E-02   0.13714E-02
 3374.04   0.14160E-02   0.14310E-02   0.13606E-02
 3387.64   0.14064E-02   0.14200E-02   0.13499E-02
 3401.25   0.13968E-02   0.14091E-02   0.13393E-02
 3414.85   0.13873E-02   0.13983E-02   0.13289E-02
 3428.46   0.13780E-02   0.13875E-02   0.13185E-02
 3442.06   0.13687E-02   0.13769E-02   0.13082E-02
 3455.67   0.13594E-02   0.13663E-02   0.12980E-02
 3469.27   0.13507E-02   0.13562E-02   0.12883E-02
 3482.88   0.13417E-02   0.13459E-02   0.12783E-02
 3496.48   0.13328E-02   0.13357E-02   0.12685E-02
 3510.09   0.13241E-02   0.13257E-02   0.12589E-02
 3523.69   0.13155E-02   0.13158E-02   0.12493E-02
 3537.30   0.13069E-02   0.13060E-02   0.12398E-02
 3550.90   0.12984E-02   0.12962E-02   0.12304E-02
 3564.51   0.12899E-02   0.12865E-02   0.12211E-02
 3578.11   0.12814E-02   0.12767E-02   0.12117E-02
 3591.72   0.12737E-02   0.12677E-02   0.12030E-02
 3605.32   0.12655E-02   0.12583E-02   0.11940E-02
 3618.93   0.12575E-02   0.12491E-02   0.11851E-02
 3632.53   0.12495E-02   0.12399E-02   0.11763E-02
 3646.14   0.12417E-02   0.12309E-02   0.11677E-02
 3659.74   0.12339E-02   0.12219E-02   0.11591E-02
 3673.35   0.12262E-02   0.12130E-02   0.11505E-02
 3686.95   0.12184E-02   0.12040E-02   0.11419E-02
 3700.56   0.12114E-02   0.11958E-02   0.11340E-02
 3714.16   0.12037E-02   0.11870E-02   0.11256E-02
 3727.77   0.11963E-02   0.11785E-02   0.11174E-02
 3741.37   0.11890E-02   0.11700E-02   0.11093E-02
 3754.98   0.11818E-02   0.11617E-02   0.11013E-02
 3768.58   0.11746E-02   0.11534E-02   0.10934E-02
 3782.19   0.11676E-02   0.11452E-02   0.10856E-02
 3795.79   0.11605E-02   0.11371E-02   0.10779E-02
 3809.40   0.11535E-02   0.11290E-02   0.10701E-02
 3823.00   0.11469E-02   0.11213E-02   0.10627E-02
 3836.61   0.11400E-02   0.11133E-02   0.10552E-02
 3850.21   0.11332E-02   0.11055E-02   0.10477E-02
 3863.82   0.11265E-02   0.10977E-02   0.10403E-02
 3877.42   0.11199E-02   0.10901E-02   0.10330E-02
 3891.03   0.11134E-02   0.10825E-02   0.10257E-02
 3904.63   0.11069E-02   0.10750E-02   0.10186E-02
 3918.24   0.11005E-02   0.10676E-02   0.10115E-02
 3931.84   0.10941E-02   0.10602E-02   0.10045E-02
 3945.45   0.10880E-02   0.10530E-02   0.99769E-03
 3959.05   0.10817E-02   0.10458E-02   0.99080E-03
 3972.66   0.10755E-02   0.10386E-02   0.98396E-03
 3986.26   0.10694E-02   0.10315E-02   0.97719E-03
 3999.87   0.10633E-02   0.10244E-02   0.97049E-03
 4013.47   0.10573E-02   0.10174E-02   0.96387E-03
 4027.08   0.10514E-02   0.10105E-02   0.95733E-03
 4040.68   0.10455E-02   0.10037E-02   0.95086E-03
 4054.29   0.10397E-02   0.99697E-03   0.94447E-03
 4067.89   0.10340E-02   0.99030E-03   0.93814E-03
 4081.50   0.10282E-02   0.98367E-03   0.93186E-03
 4095.10   0.10226E-02   0.97708E-03   0.92562E-03
 4108.71   0.10169E-02   0.97053E-03   0.91942E-03
 4122.31   0.10113E-02   0.96403E-03   0.91327E-03
 4135.92   0.10058E-02   0.95759E-03   0.90717E-03
 4149.52   0.10003E-02   0.95121E-03   0.90115E-03
 4163.13   0.99485E-03   0.94490E-03   0.89518E-03
 4176.73   0.98951E-03   0.93869E-03   0.88932E-03
 4190.34   0.98425E-03   0.93257E-03   0.88354E-03
 4203.94   0.97900E-03   0.92646E-03   0.87777E-03
 4217.55   0.97380E-03   0.92041E-03   0.87206E-03
 4231.15   0.96862E-03   0.91439E-03   0.86639E-03
 4244.76   0.96347E-03   0.90841E-03   0.86075E-03
 4258.36   0.95834E-03   0.90246E-03   0.85514E-03
 4271.97   0.95325E-03   0.89655E-03   0.84958E-03
 4285.57   0.94818E-03   0.89068E-03   0.84404E-03
 4299.18   0.94319E-03   0.88489E-03   0.83860E-03
 4312.78   0.93850E-03   0.87939E-03   0.83342E-03
 4326.39   0.93357E-03   0.87368E-03   0.82805E-03
 4339.99   0.92874E-03   0.86808E-03   0.82278E-03
 4353.60   0.92397E-03   0.86253E-03   0.81757E-03
 4367.20   0.91924E-03   0.85703E-03   0.81240E-03
 4380.81   0.91452E-03   0.85155E-03   0.80726E-03
 4394.41   0.90981E-03   0.84609E-03   0.80214E-03
 4408.02   0.90510E-03   0.84065E-03   0.79703E-03
 4421.62   0.90030E-03   0.83513E-03   0.79185E-03
 4435.23   0.89649E-03   0.83054E-03   0.78756E-03
 4448.83   0.89158E-03   0.82493E-03   0.78230E-03
 4462.44   0.88704E-03   0.81968E-03   0.77738E-03
 4476.04   0.88259E-03   0.81453E-03   0.77256E-03
 4489.65   0.87820E-03   0.80944E-03   0.76779E-03
 4503.25   0.87384E-03   0.80439E-03   0.76306E-03
 4516.86   0.86951E-03   0.79936E-03   0.75837E-03
 4530.46   0.86517E-03   0.79435E-03   0.75368E-03
 4544.07   0.86079E-03   0.78931E-03   0.74897E-03
 4557.67   0.85640E-03   0.78427E-03   0.74426E-03
 4571.28   0.85271E-03   0.77988E-03   0.74016E-03
 4584.88   0.84836E-03   0.77490E-03   0.73551E-03
 4598.49   0.84416E-03   0.77006E-03   0.73100E-03
 4612.09   0.84004E-03   0.76530E-03   0.72656E-03
 4625.70   0.83597E-03   0.76061E-03   0.72218E-03
 4639.30   0.83195E-03   0.75596E-03   0.71785E-03
 4652.91   0.82795E-03   0.75135E-03   0.71356E-03
 4666.51   0.82396E-03   0.74675E-03   0.70927E-03
 4680.12   0.81989E-03   0.74210E-03   0.70494E-03
 4693.72   0.81564E-03   0.73729E-03   0.70046E-03
 4707.33   0.81237E-03   0.73337E-03   0.69683E-03
 4720.93   0.80840E-03   0.72883E-03   0.69261E-03
 4734.54   0.80450E-03   0.72437E-03   0.68846E-03
 4748.14   0.80066E-03   0.71996E-03   0.68436E-03
 4761.75   0.79686E-03   0.71562E-03   0.68032E-03
 4775.35   0.79312E-03   0.71132E-03   0.67634E-03
 4788.96   0.78942E-03   0.70708E-03   0.67240E-03
 4802.56   0.78574E-03   0.70286E-03   0.66848E-03
 4816.17   0.78201E-03   0.69860E-03   0.66453E-03
 4829.77   0.77872E-03   0.69475E-03   0.66098E-03
 4843.38   0.77494E-03   0.69048E-03   0.65701E-03
 4856.98   0.77129E-03   0.68632E-03   0.65316E-03
 4870.59   0.76767E-03   0.68221E-03   0.64934E-03
 4884.19   0.76408E-03   0.67813E-03   0.64557E-03
 4897.80   0.76052E-03   0.67409E-03   0.64183E-03
 4911.40   0.75702E-03   0.67010E-03   0.63814E-03
 4925.01   0.75355E-03   0.66616E-03   0.63450E-03
 4938.61   0.75013E-03   0.66227E-03   0.63090E-03
 4952.22   0.74673E-03   0.65841E-03   0.62733E-03
 4965.82   0.74341E-03   0.65462E-03   0.62383E-03
 4979.43   0.74004E-03   0.65080E-03   0.62031E-03
 4993.03   0.73668E-03   0.64700E-03   0.61680E-03
 5006.64   0.73332E-03   0.64322E-03   0.61330E-03
 5020.24   0.72997E-03   0.63944E-03   0.60982E-03
 5033.85   0.72663E-03   0.63569E-03   0.60636E-03
 5047.45   0.72333E-03   0.63198E-03   0.60293E-03
 5061.06   0.72005E-03   0.62830E-03   0.59954E-03
 5074.66   0.71682E-03   0.62467E-03   0.59620E-03
 5088.27   0.71363E-03   0.62108E-03   0.59289E-03
 5101.87   0.71052E-03   0.61758E-03   0.58967E-03
 5115.48   0.70738E-03   0.61405E-03   0.58642E-03
 5129.08   0.70426E-03   0.61055E-03   0.58321E-03
 5142.69   0.70115E-03   0.60707E-03   0.58000E-03
 5156.29   0.69804E-03   0.60360E-03   0.57681E-03
 5169.90   0.69492E-03   0.60013E-03   0.57362E-03
 5183.50   0.69181E-03   0.59667E-03   0.57044E-03
 5197.11   0.68871E-03   0.59323E-03   0.56728E-03
 5210.71   0.68562E-03   0.58982E-03   0.56414E-03
 5224.32   0.68252E-03   0.58641E-03   0.56100E-03
 5237.92   0.67954E-03   0.58309E-03   0.55796E-03
 5251.53   0.67679E-03   0.57999E-03   0.55512E-03
 5265.13   0.67384E-03   0.57673E-03   0.55213E-03
 5278.74   0.67092E-03   0.57351E-03   0.54917E-03
 5292.34   0.66803E-03   0.57030E-03   0.54624E-03
 5305.95   0.66513E-03   0.56711E-03   0.54331E-03
 5319.55   0.66222E-03   0.56392E-03   0.54038E-03
 5333.16   0.65930E-03   0.56072E-03   0.53746E-03
 5346.76   0.65637E-03   0.55753E-03   0.53453E-03
 5360.37   0.65340E-03   0.55431E-03   0.53157E-03
 5373.97   0.65052E-03   0.55117E-03   0.52869E-03
 5387.58   0.64816E-03   0.54848E-03   0.52626E-03
 5401.18   0.64526E-03   0.54534E-03   0.52338E-03
 5414.79   0.64247E-03   0.54231E-03   0.52060E-03
 5428.39   0.63974E-03   0.53933E-03   0.51788E-03
 5442.00   0.63702E-03   0.53638E-03   0.51518E-03
 5455.60   0.63432E-03   0.53343E-03   0.51249E-03
 5469.21   0.63160E-03   0.53050E-03   0.50980E-03
 5482.81   0.62887E-03   0.52755E-03   0.50711E-03
 5496.42   0.62609E-03   0.52457E-03   0.50438E-03
 5510.02   0.62306E-03   0.52139E-03   0.50146E-03
 5523.63   0.62156E-03   0.51950E-03   0.49979E-03
 5537.23   0.61841E-03   0.51623E-03   0.49679E-03
 5550.84   0.61569E-03   0.51333E-03   0.49414E-03
 5564.44   0.61305E-03   0.51051E-03   0.49156E-03
 5578.05   0.61046E-03   0.50774E-03   0.48904E-03
 5591.65   0.60791E-03   0.50501E-03   0.48654E-03
 5605.26   0.60537E-03   0.50230E-03   0.48407E-03
 5618.86   0.60284E-03   0.49959E-03   0.48161E-03
 5632.47   0.60028E-03   0.49688E-03   0.47913E-03
 5646.07   0.59765E-03   0.49411E-03   0.47660E-03
 5659.68   0.59500E-03   0.49133E-03   0.47407E-03
 5673.28   0.59315E-03   0.48922E-03   0.47218E-03
 5686.89   0.59044E-03   0.48641E-03   0.46960E-03
 5700.49   0.58787E-03   0.48372E-03   0.46716E-03
 5714.10   0.58537E-03   0.48110E-03   0.46476E-03
 5727.70   0.58291E-03   0.47851E-03   0.46241E-03
 5741.31   0.58048E-03   0.47597E-03   0.46010E-03
 5754.91   0.57809E-03   0.47345E-03   0.45781E-03
 5768.52   0.57571E-03   0.47096E-03   0.45555E-03
 5782.12   0.57333E-03   0.46847E-03   0.45328E-03
 5795.73   0.57088E-03   0.46593E-03   0.45097E-03
 5809.33   0.56834E-03   0.46333E-03   0.44860E-03
 5822.94   0.56649E-03   0.46129E-03   0.44677E-03
 5836.54   0.56403E-03   0.45877E-03   0.44447E-03
 5850.15   0.56162E-03   0.45629E-03   0.44222E-03
 5863.75   0.55924E-03   0.45385E-03   0.44000E-03
 5877.36   0.55689E-03   0.45143E-03   0.43780E-03
 5890.96   0.55457E-03   0.44905E-03   0.43564E-03
 5904.57   0.55229E-03   0.44670E-03   0.43351E-03
 5918.17   0.55004E-03   0.44439E-03   0.43141E-03
 5931.78   0.54780E-03   0.44209E-03   0.42933E-03
 5945.38   0.54556E-03   0.43980E-03   0.42725E-03
 5958.99   0.54324E-03   0.43745E-03   0.42511E-03
 5972.59   0.54124E-03   0.43537E-03   0.42324E-03
 5986.20   0.53900E-03   0.43309E-03   0.42117E-03
 5999.80   0.53675E-03   0.43082E-03   0.41911E-03
 6013.41   0.53451E-03   0.42856E-03   0.41706E-03
 6027.01   0.53227E-03   0.42631E-03   0.41502E-03
 6040.62   0.53004E-03   0.42408E-03   0.41299E-03
 6054.22   0.52784E-03   0.42187E-03   0.41099E-03
 6067.83   0.52568E-03   0.41970E-03   0.40902E-03
 6081.43   0.52354E-03   0.41756E-03   0.40708E-03
 6095.04   0.52144E-03   0.41545E-03   0.40517E-03
 6108.64   0.51935E-03   0.41336E-03   0.40328E-03
 6122.25   0.51727E-03   0.41128E-03   0.40140E-03
 6135.85   0.51519E-03   0.40921E-03   0.39953E-03
 6149.46   0.51310E-03   0.40713E-03   0.39765E-03
 6163.06   0.51100E-03   0.40505E-03   0.39576E-03
 6176.67   0.50888E-03   0.40297E-03   0.39388E-03
 6190.27   0.50676E-03   0.40089E-03   0.39199E-03
 6203.88   0.50465E-03   0.39882E-03   0.39011E-03
 6217.48   0.50254E-03   0.39676E-03   0.38825E-03
 6231.09   0.50046E-03   0.39473E-03   0.38641E-03
 6244.69   0.49838E-03   0.39271E-03   0.38458E-03
 6258.30   0.49642E-03   0.39079E-03   0.38284E-03
 6271.90   0.49452E-03   0.38891E-03   0.38115E-03
 6285.51   0.49252E-03   0.38697E-03   0.37940E-03
 6299.11   0.49055E-03   0.38506E-03   0.37767E-03
 6312.72   0.48858E-03   0.38315E-03   0.37594E-03
 6326.32   0.48660E-03   0.38123E-03   0.37421E-03
 6339.93   0.48460E-03   0.37932E-03   0.37247E-03
 6353.53   0.48259E-03   0.37739E-03   0.37073E-03
 6367.14   0.48056E-03   0.37546E-03   0.36898E-03
 6380.74   0.47853E-03   0.37354E-03   0.36724E-03
 6394.35   0.47647E-03   0.37159E-03   0.36547E-03
 6407.95   0.47454E-03   0.36975E-03   0.36381E-03
 6421.56   0.47303E-03   0.36824E-03   0.36247E-03
 6435.16   0.47096E-03   0.36631E-03   0.36071E-03
 6448.77   0.46903E-03   0.36449E-03   0.35907E-03
 6462.37   0.46715E-03   0.36271E-03   0.35746E-03
 6475.98   0.46528E-03   0.36095E-03   0.35586E-03
 6489.58   0.46341E-03   0.35919E-03   0.35427E-03
 6503.19   0.46152E-03   0.35742E-03   0.35268E-03
 6516.79   0.45962E-03   0.35564E-03   0.35107E-03
 6530.40   0.45768E-03   0.35385E-03   0.34944E-03
 6544.00   0.45570E-03   0.35202E-03   0.34778E-03
 6557.61   0.45350E-03   0.35003E-03   0.34596E-03
 6571.21   0.45151E-03   0.34821E-03   0.34430E-03
 6584.82   0.45051E-03   0.34716E-03   0.34341E-03
 6598.42   0.44856E-03   0.34537E-03   0.34179E-03
 6612.03   0.44670E-03   0.34367E-03   0.34024E-03
 6625.63   0.44489E-03   0.34201E-03   0.33874E-03
 6639.24   0.44311E-03   0.34037E-03   0.33726E-03
 6652.84   0.44133E-03   0.33874E-03   0.33579E-03
 6666.45   0.43955E-03   0.33712E-03   0.33432E-03
 6680.05   0.43775E-03   0.33548E-03   0.33284E-03
 6693.66   0.43592E-03   0.33382E-03   0.33134E-03
 6707.26   0.43398E-03   0.33209E-03   0.32976E-03
 6720.87   0.43211E-03   0.33042E-03   0.32824E-03
 6734.47   0.43118E-03   0.32946E-03   0.32743E-03
 6748.08   0.42908E-03   0.32763E-03   0.32575E-03
 6761.68   0.42722E-03   0.32597E-03   0.32424E-03
 6775.29   0.42543E-03   0.32437E-03   0.32279E-03
 6788.89   0.42368E-03   0.32281E-03   0.32138E-03
 6802.50   0.42196E-03   0.32128E-03   0.31999E-03
 6816.10   0.42026E-03   0.31977E-03   0.31863E-03
 6829.71   0.41858E-03   0.31827E-03   0.31728E-03
 6843.31   0.41689E-03   0.31677E-03   0.31592E-03
 6856.92   0.41516E-03   0.31525E-03   0.31454E-03
 6870.52   0.41332E-03   0.31365E-03   0.31308E-03
 6884.13   0.41148E-03   0.31205E-03   0.31162E-03
 6897.73   0.41048E-03   0.31109E-03   0.31081E-03
 6911.34   0.40863E-03   0.30949E-03   0.30935E-03
 6924.94   0.40686E-03   0.30796E-03   0.30795E-03
 6938.55   0.40513E-03   0.30646E-03   0.30659E-03
 6952.15   0.40343E-03   0.30499E-03   0.30526E-03
 6965.76   0.40177E-03   0.30355E-03   0.30395E-03
 6979.36   0.40013E-03   0.30214E-03   0.30267E-03
 6992.97   0.39851E-03   0.30074E-03   0.30141E-03
 7006.57   0.39691E-03   0.29936E-03   0.30016E-03
 7020.18   0.39531E-03   0.29798E-03   0.29891E-03
 7033.78   0.39363E-03   0.29655E-03   0.29762E-03
 7047.39   0.39189E-03   0.29508E-03   0.29627E-03
 7060.99   0.39071E-03   0.29403E-03   0.29535E-03
 7074.60   0.38904E-03   0.29262E-03   0.29407E-03
 7088.20   0.38738E-03   0.29122E-03   0.29280E-03
 7101.81   0.38573E-03   0.28983E-03   0.29153E-03
 7115.41   0.38410E-03   0.28845E-03   0.29028E-03
 7129.02   0.38247E-03   0.28709E-03   0.28904E-03
 7142.62   0.38088E-03   0.28575E-03   0.28783E-03
 7156.23   0.37930E-03   0.28444E-03   0.28663E-03
 7169.83   0.37776E-03   0.28315E-03   0.28546E-03
 7183.44   0.37624E-03   0.28188E-03   0.28431E-03
 7197.04   0.37472E-03   0.28061E-03   0.28317E-03
 7210.65   0.37317E-03   0.27932E-03   0.28200E-03
 7224.25   0.37175E-03   0.27814E-03   0.28093E-03
 7237.86   0.37023E-03   0.27689E-03   0.27979E-03
 7251.46   0.36869E-03   0.27562E-03   0.27865E-03
 7265.07   0.36714E-03   0.27435E-03   0.27749E-03
 7278.67   0.36558E-03   0.27308E-03   0.27633E-03
 7292.28   0.36402E-03   0.27180E-03   0.27517E-03
 7305.88   0.36246E-03   0.27054E-03   0.27401E-03
 7319.49   0.36092E-03   0.26929E-03   0.27287E-03
 7333.09   0.35940E-03   0.26805E-03   0.27175E-03
 7346.70   0.35790E-03   0.26684E-03   0.27065E-03
 7360.30   0.35642E-03   0.26565E-03   0.26957E-03
 7373.91   0.35502E-03   0.26452E-03   0.26854E-03
 7387.51   0.35359E-03   0.26336E-03   0.26750E-03
 7401.12   0.35215E-03   0.26221E-03   0.26645E-03
 7414.72   0.35071E-03   0.26106E-03   0.26541E-03
 7428.33   0.34927E-03   0.25991E-03   0.26436E-03
 7441.93   0.34780E-03   0.25874E-03   0.26330E-03
 7455.54   0.34632E-03   0.25757E-03   0.26223E-03
 7469.14   0.34483E-03   0.25639E-03   0.26115E-03
 7482.75   0.34333E-03   0.25521E-03   0.26007E-03
 7496.35   0.34183E-03   0.25403E-03   0.25899E-03
 7509.96   0.34033E-03   0.25286E-03   0.25792E-03
 7523.56   0.33881E-03   0.25168E-03   0.25683E-03
 7537.17   0.33746E-03   0.25062E-03   0.25587E-03
 7550.77   0.33630E-03   0.24971E-03   0.25506E-03
 7564.38   0.33483E-03   0.24856E-03   0.25401E-03
 7577.98   0.33343E-03   0.24748E-03   0.25302E-03
 7591.59   0.33205E-03   0.24641E-03   0.25205E-03
 7605.19   0.33068E-03   0.24535E-03   0.25108E-03
 7618.80   0.32929E-03   0.24429E-03   0.25011E-03
 7632.40   0.32789E-03   0.24321E-03   0.24912E-03
 7646.01   0.32646E-03   0.24212E-03   0.24813E-03
 7659.61   0.32502E-03   0.24102E-03   0.24711E-03
 7673.22   0.32355E-03   0.23991E-03   0.24609E-03
 7686.82   0.32204E-03   0.23876E-03   0.24503E-03
 7700.43   0.32019E-03   0.23736E-03   0.24371E-03
 7714.03   0.32014E-03   0.23731E-03   0.24377E-03
 7727.64   0.31831E-03   0.23593E-03   0.24247E-03
 7741.24   0.31687E-03   0.23485E-03   0.24148E-03
 7754.85   0.31551E-03   0.23383E-03   0.24054E-03
 7768.45   0.31418E-03   0.23284E-03   0.23963E-03
 7782.06   0.31286E-03   0.23185E-03   0.23873E-03
 7795.66   0.31155E-03   0.23087E-03   0.23783E-03
 7809.27   0.31022E-03   0.22989E-03   0.23693E-03
 7822.87   0.30887E-03   0.22889E-03   0.23601E-03
 7836.48   0.30749E-03   0.22787E-03   0.23507E-03
 7850.08   0.30607E-03   0.22682E-03   0.23409E-03
 7863.69   0.30449E-03   0.22566E-03   0.23301E-03
 7877.29   0.30313E-03   0.22466E-03   0.23209E-03
 7890.90   0.30265E-03   0.22432E-03   0.23184E-03
 7904.50   0.30108E-03   0.22317E-03   0.23076E-03
 7918.11   0.29968E-03   0.22215E-03   0.22982E-03
 7931.71   0.29835E-03   0.22118E-03   0.22892E-03
 7945.32   0.29705E-03   0.22024E-03   0.22805E-03
 7958.92   0.29578E-03   0.21932E-03   0.22721E-03
 7972.53   0.29452E-03   0.21841E-03   0.22638E-03
 7986.13   0.29326E-03   0.21751E-03   0.22554E-03
 7999.74   0.29200E-03   0.21660E-03   0.22471E-03
 8013.34   0.29070E-03   0.21567E-03   0.22385E-03
 8026.95   0.28934E-03   0.21470E-03   0.22294E-03
 8040.55   0.28770E-03   0.21352E-03   0.22182E-03
 8054.16   0.28632E-03   0.21254E-03   0.22090E-03
 8067.76   0.28600E-03   0.21234E-03   0.22080E-03
 8081.37   0.28456E-03   0.21132E-03   0.21984E-03
 8094.97   0.28322E-03   0.21037E-03   0.21895E-03
 8108.58   0.28192E-03   0.20945E-03   0.21810E-03
 8122.18   0.28065E-03   0.20856E-03   0.21727E-03
 8135.79   0.27940E-03   0.20769E-03   0.21646E-03
 8149.39   0.27819E-03   0.20684E-03   0.21568E-03
 8163.00   0.27698E-03   0.20600E-03   0.21490E-03
 8176.60   0.27579E-03   0.20517E-03   0.21414E-03
 8190.21   0.27458E-03   0.20433E-03   0.21336E-03
 8203.81   0.27332E-03   0.20346E-03   0.21255E-03
 8217.42   0.27178E-03   0.20238E-03   0.21152E-03
 8231.02   0.27155E-03   0.20228E-03   0.21151E-03
 8244.63   0.27001E-03   0.20120E-03   0.21048E-03
 8258.23   0.26870E-03   0.20030E-03   0.20963E-03
 8271.84   0.26743E-03   0.19943E-03   0.20881E-03
 8285.44   0.26618E-03   0.19857E-03   0.20800E-03
 8299.05   0.26494E-03   0.19772E-03   0.20721E-03
 8312.65   0.26372E-03   0.19689E-03   0.20644E-03
 8326.26   0.26253E-03   0.19608E-03   0.20569E-03
 8339.86   0.26136E-03   0.19529E-03   0.20495E-03
 8353.47   0.26021E-03   0.19452E-03   0.20423E-03
 8367.07   0.25907E-03   0.19376E-03   0.20352E-03
 8380.68   0.25793E-03   0.19299E-03   0.20281E-03
 8394.28   0.25668E-03   0.19215E-03   0.20202E-03
 8407.89   0.25585E-03   0.19163E-03   0.20156E-03
 8421.49   0.25463E-03   0.19081E-03   0.20079E-03
 8435.10   0.25345E-03   0.19003E-03   0.20005E-03
 8448.70   0.25227E-03   0.18924E-03   0.19931E-03
 8462.31   0.25109E-03   0.18845E-03   0.19857E-03
 8475.91   0.24990E-03   0.18766E-03   0.19783E-03
 8489.52   0.24871E-03   0.18688E-03   0.19709E-03
 8503.12   0.24754E-03   0.18611E-03   0.19636E-03
 8516.73   0.24639E-03   0.18535E-03   0.19565E-03
 8530.33   0.24526E-03   0.18461E-03   0.19495E-03
 8543.94   0.24415E-03   0.18389E-03   0.19428E-03
 8557.54   0.24306E-03   0.18318E-03   0.19362E-03
 8571.15   0.24199E-03   0.18249E-03   0.19297E-03
 8584.75   0.24092E-03   0.18180E-03   0.19233E-03
 8598.36   0.23986E-03   0.18112E-03   0.19169E-03
 8611.96   0.23879E-03   0.18043E-03   0.19104E-03
 8625.57   0.23770E-03   0.17973E-03   0.19038E-03
 8639.17   0.23660E-03   0.17902E-03   0.18972E-03
 8652.78   0.23548E-03   0.17831E-03   0.18904E-03
 8666.38   0.23436E-03   0.17758E-03   0.18835E-03
 8679.99   0.23323E-03   0.17685E-03   0.18766E-03
 8693.59   0.23210E-03   0.17613E-03   0.18697E-03
 8707.20   0.23098E-03   0.17541E-03   0.18629E-03
 8720.80   0.22987E-03   0.17471E-03   0.18562E-03
 8734.41   0.22877E-03   0.17401E-03   0.18496E-03
 8748.01   0.22765E-03   0.17329E-03   0.18427E-03
 8761.62   0.22672E-03   0.17272E-03   0.18374E-03
 8775.22   0.22576E-03   0.17213E-03   0.18319E-03
 8788.83   0.22472E-03   0.17148E-03   0.18258E-03
 8802.43   0.22370E-03   0.17085E-03   0.18198E-03
 8816.04   0.22268E-03   0.17021E-03   0.18138E-03
 8829.64   0.22164E-03   0.16957E-03   0.18077E-03
 8843.25   0.22059E-03   0.16892E-03   0.18014E-03
 8856.85   0.21953E-03   0.16825E-03   0.17951E-03
 8870.46   0.21846E-03   0.16758E-03   0.17887E-03
 8884.06   0.21737E-03   0.16690E-03   0.17821E-03
 8897.67   0.21628E-03   0.16621E-03   0.17755E-03
 8911.27   0.21517E-03   0.16552E-03   0.17688E-03
 8924.88   0.21400E-03   0.16477E-03   0.17616E-03
 8938.48   0.21308E-03   0.16423E-03   0.17565E-03
 8952.09   0.21246E-03   0.16391E-03   0.17538E-03
 8965.69   0.21134E-03   0.16320E-03   0.17469E-03
 8979.30   0.21032E-03   0.16258E-03   0.17409E-03
 8992.90   0.20933E-03   0.16198E-03   0.17352E-03
 9006.51   0.20836E-03   0.16139E-03   0.17296E-03
 9020.11   0.20739E-03   0.16081E-03   0.17240E-03
 9033.72   0.20640E-03   0.16021E-03   0.17183E-03
 9047.32   0.20541E-03   0.15961E-03   0.17125E-03
 9060.93   0.20439E-03   0.15899E-03   0.17066E-03
 9074.53   0.20336E-03   0.15836E-03   0.17004E-03
 9088.14   0.20229E-03   0.15770E-03   0.16940E-03
 9101.74   0.20116E-03   0.15700E-03   0.16871E-03
 9115.35   0.19962E-03   0.15597E-03   0.16767E-03
 9128.95   0.20027E-03   0.15666E-03   0.16847E-03
 9142.56   0.19871E-03   0.15561E-03   0.16741E-03
 9156.16   0.19763E-03   0.15494E-03   0.16676E-03
 9169.77   0.19663E-03   0.15434E-03   0.16617E-03
 9183.37   0.19567E-03   0.15377E-03   0.16562E-03
 9196.98   0.19473E-03   0.15322E-03   0.16509E-03
 9210.58   0.19381E-03   0.15268E-03   0.16457E-03
 9224.19   0.19289E-03   0.15214E-03   0.16404E-03
 9237.79   0.19196E-03   0.15159E-03   0.16352E-03
 9251.40   0.19101E-03   0.15103E-03   0.16297E-03
 9265.00   0.19004E-03   0.15045E-03   0.16241E-03
 9278.61   0.18903E-03   0.14984E-03   0.16181E-03
 9292.21   0.18788E-03   0.14912E-03   0.16109E-03
 9305.82   0.18695E-03   0.14858E-03   0.16056E-03
 9319.42   0.18688E-03   0.14871E-03   0.16076E-03
 9333.03   0.18564E-03   0.14792E-03   0.15997E-03
 9346.63   0.18461E-03   0.14730E-03   0.15935E-03
 9360.24   0.18364E-03   0.14672E-03   0.15878E-03
 9373.84   0.18270E-03   0.14617E-03   0.15824E-03
 9387.45   0.18179E-03   0.14564E-03   0.15772E-03
 9401.05   0.18091E-03   0.14513E-03   0.15722E-03
 9414.66   0.18003E-03   0.14463E-03   0.15674E-03
 9428.26   0.17916E-03   0.14414E-03   0.15625E-03
 9441.87   0.17828E-03   0.14363E-03   0.15576E-03
 9455.47   0.17739E-03   0.14312E-03   0.15526E-03
 9469.08   0.17645E-03   0.14257E-03   0.15472E-03
 9482.68   0.17536E-03   0.14189E-03   0.15403E-03
 9496.29   0.17445E-03   0.14137E-03   0.15351E-03
 9509.89   0.17427E-03   0.14143E-03   0.15363E-03
 9523.50   0.17321E-03   0.14078E-03   0.15298E-03
 9537.10   0.17225E-03   0.14021E-03   0.15240E-03
 9550.71   0.17132E-03   0.13966E-03   0.15186E-03
 9564.31   0.17041E-03   0.13914E-03   0.15134E-03
 9577.92   0.16953E-03   0.13863E-03   0.15084E-03
 9591.52   0.16866E-03   0.13814E-03   0.15035E-03
 9605.13   0.16782E-03   0.13766E-03   0.14988E-03
 9618.73   0.16699E-03   0.13720E-03   0.14942E-03
 9632.34   0.16617E-03   0.13674E-03   0.14897E-03
 9645.94   0.16535E-03   0.13629E-03   0.14852E-03
 9659.55   0.16451E-03   0.13582E-03   0.14806E-03
 9673.15   0.16358E-03   0.13527E-03   0.14751E-03
 9686.76   0.16270E-03   0.13477E-03   0.14700E-03
 9700.36   0.16228E-03   0.13464E-03   0.14691E-03
 9713.97   0.16138E-03   0.13412E-03   0.14638E-03
 9727.57   0.16050E-03   0.13361E-03   0.14588E-03
 9741.18   0.15964E-03   0.13312E-03   0.14538E-03
 9754.78   0.15877E-03   0.13263E-03   0.14488E-03
 9768.39   0.15792E-03   0.13214E-03   0.14439E-03
 9781.99   0.15708E-03   0.13166E-03   0.14392E-03
 9795.60   0.15625E-03   0.13120E-03   0.14345E-03
 9809.20   0.15545E-03   0.13076E-03   0.14301E-03
 9822.81   0.15466E-03   0.13032E-03   0.14257E-03
 9836.41   0.15388E-03   0.12990E-03   0.14216E-03
 9850.02   0.15312E-03   0.12949E-03   0.14174E-03
 9863.62   0.15235E-03   0.12907E-03   0.14133E-03
 9877.23   0.15155E-03   0.12863E-03   0.14088E-03
 9890.83   0.15089E-03   0.12831E-03   0.14056E-03
 9904.44   0.15011E-03   0.12788E-03   0.14014E-03
 9918.04   0.14933E-03   0.12746E-03   0.13971E-03
 9931.65   0.14854E-03   0.12702E-03   0.13927E-03
 9945.25   0.14774E-03   0.12658E-03   0.13882E-03
 9958.86   0.14694E-03   0.12613E-03   0.13836E-03
 9972.46   0.14614E-03   0.12568E-03   0.13790E-03
 9986.07   0.14534E-03   0.12523E-03   0.13745E-03
 9999.67   0.14455E-03   0.12479E-03   0.13700E-03
