  394.54   0.28481E+01   0.28913E+01   0.29320E+01
  408.15   0.27621E+01   0.28045E+01   0.28432E+01
  421.75   0.26784E+01   0.27199E+01   0.27567E+01
  435.36   0.25968E+01   0.26374E+01   0.26724E+01
  448.96   0.25177E+01   0.25573E+01   0.25905E+01
  462.57   0.24406E+01   0.24794E+01   0.25109E+01
  476.17   0.23655E+01   0.24033E+01   0.24332E+01
  489.78   0.22925E+01   0.23294E+01   0.23577E+01
  503.38   0.22218E+01   0.22578E+01   0.22845E+01
  516.99   0.21532E+01   0.21884E+01   0.22135E+01
  530.59   0.20869E+01   0.21211E+01   0.21448E+01
  544.20   0.20230E+01   0.20564E+01   0.20786E+01
  557.80   0.19612E+01   0.19937E+01   0.20146E+01
  571.41   0.19013E+01   0.19329E+01   0.19525E+01
  585.01   0.18435E+01   0.18743E+01   0.18927E+01
  598.62   0.17874E+01   0.18173E+01   0.18345E+01
  612.22   0.17332E+01   0.17623E+01   0.17784E+01
  625.83   0.16807E+01   0.17090E+01   0.17240E+01
  639.43   0.16304E+01   0.16580E+01   0.16719E+01
  653.04   0.15817E+01   0.16085E+01   0.16214E+01
  666.64   0.15348E+01   0.15608E+01   0.15727E+01
  680.25   0.14897E+01   0.15150E+01   0.15260E+01
  693.85   0.14456E+01   0.14702E+01   0.14803E+01
  707.46   0.14033E+01   0.14271E+01   0.14364E+01
  721.06   0.13624E+01   0.13855E+01   0.13940E+01
  734.67   0.13230E+01   0.13454E+01   0.13531E+01
  748.27   0.12847E+01   0.13064E+01   0.13135E+01
  761.88   0.12479E+01   0.12689E+01   0.12753E+01
  775.48   0.12124E+01   0.12328E+01   0.12384E+01
  789.09   0.11781E+01   0.11979E+01   0.12029E+01
  802.69   0.11449E+01   0.11641E+01   0.11685E+01
  816.30   0.11129E+01   0.11314E+01   0.11353E+01
  829.90   0.10820E+01   0.10999E+01   0.11032E+01
  843.51   0.10520E+01   0.10694E+01   0.10722E+01
  857.11   0.10231E+01   0.10399E+01   0.10422E+01
  870.72   0.99510E+00   0.10113E+01   0.10131E+01
  884.32   0.96804E+00   0.98372E+00   0.98509E+00
  897.93   0.94194E+00   0.95708E+00   0.95802E+00
  911.53   0.91669E+00   0.93131E+00   0.93185E+00
  925.14   0.89226E+00   0.90638E+00   0.90653E+00
  938.74   0.86862E+00   0.88223E+00   0.88202E+00
  952.35   0.84571E+00   0.85884E+00   0.85828E+00
  965.95   0.82366E+00   0.83632E+00   0.83543E+00
  979.56   0.80225E+00   0.81444E+00   0.81324E+00
  993.16   0.78150E+00   0.79324E+00   0.79174E+00
 1006.77   0.76137E+00   0.77267E+00   0.77090E+00
 1020.37   0.74199E+00   0.75285E+00   0.75082E+00
 1033.98   0.72315E+00   0.73360E+00   0.73131E+00
 1047.58   0.70494E+00   0.71497E+00   0.71245E+00
 1061.19   0.68728E+00   0.69692E+00   0.69417E+00
 1074.79   0.67009E+00   0.67933E+00   0.67637E+00
 1088.40   0.65364E+00   0.66250E+00   0.65934E+00
 1102.00   0.63758E+00   0.64606E+00   0.64272E+00
 1115.61   0.62202E+00   0.63014E+00   0.62661E+00
 1129.21   0.60691E+00   0.61468E+00   0.61099E+00
 1142.82   0.59235E+00   0.59976E+00   0.59592E+00
 1156.42   0.57807E+00   0.58514E+00   0.58115E+00
 1170.03   0.56427E+00   0.57102E+00   0.56689E+00
 1183.63   0.55090E+00   0.55733E+00   0.55307E+00
 1197.24   0.53793E+00   0.54404E+00   0.53966E+00
 1210.84   0.52538E+00   0.53119E+00   0.52670E+00
 1224.45   0.51314E+00   0.51864E+00   0.51405E+00
 1238.05   0.50127E+00   0.50648E+00   0.50179E+00
 1251.66   0.48976E+00   0.49468E+00   0.48990E+00
 1265.26   0.47858E+00   0.48323E+00   0.47837E+00
 1278.87   0.46773E+00   0.47211E+00   0.46717E+00
 1292.47   0.45717E+00   0.46128E+00   0.45627E+00
 1306.08   0.44690E+00   0.45075E+00   0.44568E+00
 1319.68   0.43692E+00   0.44052E+00   0.43539E+00
 1333.29   0.42723E+00   0.43059E+00   0.42540E+00
 1346.89   0.41781E+00   0.42093E+00   0.41569E+00
 1360.50   0.40866E+00   0.41154E+00   0.40626E+00
 1374.10   0.39975E+00   0.40241E+00   0.39709E+00
 1387.71   0.39108E+00   0.39352E+00   0.38816E+00
 1401.31   0.38265E+00   0.38488E+00   0.37949E+00
 1414.92   0.37446E+00   0.37647E+00   0.37106E+00
 1428.52   0.36650E+00   0.36831E+00   0.36287E+00
 1442.13   0.35874E+00   0.36035E+00   0.35490E+00
 1455.73   0.35119E+00   0.35260E+00   0.34713E+00
 1469.34   0.34382E+00   0.34505E+00   0.33956E+00
 1482.94   0.33664E+00   0.33769E+00   0.33219E+00
 1496.55   0.32969E+00   0.33056E+00   0.32506E+00
 1510.15   0.32290E+00   0.32358E+00   0.31808E+00
 1523.76   0.31628E+00   0.31680E+00   0.31130E+00
 1537.36   0.30983E+00   0.31019E+00   0.30469E+00
 1550.97   0.30354E+00   0.30374E+00   0.29824E+00
 1564.57   0.29741E+00   0.29744E+00   0.29195E+00
 1578.18   0.29148E+00   0.29136E+00   0.28588E+00
 1591.78   0.28566E+00   0.28539E+00   0.27992E+00
 1605.39   0.28000E+00   0.27959E+00   0.27413E+00
 1618.99   0.27448E+00   0.27392E+00   0.26848E+00
 1632.60   0.26908E+00   0.26839E+00   0.26296E+00
 1646.20   0.26386E+00   0.26304E+00   0.25763E+00
 1659.81   0.25871E+00   0.25775E+00   0.25237E+00
 1673.41   0.25370E+00   0.25262E+00   0.24726E+00
 1687.02   0.24882E+00   0.24762E+00   0.24228E+00
 1700.62   0.24406E+00   0.24274E+00   0.23743E+00
 1714.23   0.23940E+00   0.23797E+00   0.23268E+00
 1727.83   0.23489E+00   0.23334E+00   0.22809E+00
 1741.44   0.23045E+00   0.22879E+00   0.22356E+00
 1755.04   0.22613E+00   0.22436E+00   0.21916E+00
 1768.65   0.22191E+00   0.22004E+00   0.21487E+00
 1782.25   0.21779E+00   0.21582E+00   0.21068E+00
 1795.86   0.21376E+00   0.21170E+00   0.20659E+00
 1809.46   0.20985E+00   0.20769E+00   0.20262E+00
 1823.07   0.20600E+00   0.20375E+00   0.19871E+00
 1836.67   0.20224E+00   0.19990E+00   0.19490E+00
 1850.28   0.19857E+00   0.19615E+00   0.19118E+00
 1863.88   0.19499E+00   0.19248E+00   0.18755E+00
 1877.49   0.19149E+00   0.18890E+00   0.18401E+00
 1891.09   0.18807E+00   0.18541E+00   0.18055E+00
 1904.70   0.18473E+00   0.18198E+00   0.17717E+00
 1918.30   0.18145E+00   0.17863E+00   0.17386E+00
 1931.91   0.17825E+00   0.17536E+00   0.17062E+00
 1945.51   0.17512E+00   0.17216E+00   0.16747E+00
 1959.12   0.17206E+00   0.16904E+00   0.16438E+00
 1972.72   0.16907E+00   0.16598E+00   0.16137E+00
 1986.33   0.16615E+00   0.16300E+00   0.15842E+00
 1999.93   0.16329E+00   0.16008E+00   0.15554E+00
 2013.54   0.16049E+00   0.15722E+00   0.15272E+00
 2027.14   0.15774E+00   0.15442E+00   0.14997E+00
 2040.75   0.15506E+00   0.15168E+00   0.14727E+00
 2054.35   0.15243E+00   0.14900E+00   0.14463E+00
 2067.96   0.14987E+00   0.14638E+00   0.14206E+00
 2081.56   0.14735E+00   0.14382E+00   0.13954E+00
 2095.17   0.14489E+00   0.14131E+00   0.13707E+00
 2108.77   0.14248E+00   0.13885E+00   0.13466E+00
 2122.38   0.14011E+00   0.13644E+00   0.13229E+00
 2135.98   0.13779E+00   0.13408E+00   0.12997E+00
 2149.59   0.13554E+00   0.13180E+00   0.12773E+00
 2163.19   0.13332E+00   0.12953E+00   0.12551E+00
 2176.80   0.13115E+00   0.12732E+00   0.12334E+00
 2190.40   0.12902E+00   0.12516E+00   0.12122E+00
 2204.01   0.12693E+00   0.12304E+00   0.11915E+00
 2217.61   0.12489E+00   0.12096E+00   0.11711E+00
 2231.22   0.12286E+00   0.11890E+00   0.11509E+00
 2244.82   0.12093E+00   0.11695E+00   0.11318E+00
 2258.43   0.11900E+00   0.11499E+00   0.11126E+00
 2272.03   0.11712E+00   0.11308E+00   0.10940E+00
 2285.64   0.11527E+00   0.11121E+00   0.10757E+00
 2299.24   0.11346E+00   0.10937E+00   0.10577E+00
 2312.85   0.11168E+00   0.10757E+00   0.10401E+00
 2326.45   0.10992E+00   0.10579E+00   0.10227E+00
 2340.06   0.10824E+00   0.10408E+00   0.10061E+00
 2353.66   0.10655E+00   0.10238E+00   0.98952E-01
 2367.27   0.10491E+00   0.10072E+00   0.97331E-01
 2380.87   0.10330E+00   0.99092E-01   0.95744E-01
 2394.48   0.10172E+00   0.97497E-01   0.94189E-01
 2408.08   0.10017E+00   0.95930E-01   0.92663E-01
 2421.69   0.98627E-01   0.94378E-01   0.91152E-01
 2435.29   0.97159E-01   0.92896E-01   0.89710E-01
 2448.90   0.95689E-01   0.91415E-01   0.88269E-01
 2462.50   0.94249E-01   0.89964E-01   0.86858E-01
 2476.11   0.92837E-01   0.88542E-01   0.85476E-01
 2489.71   0.91453E-01   0.87150E-01   0.84123E-01
 2503.32   0.90094E-01   0.85783E-01   0.82796E-01
 2516.92   0.88754E-01   0.84437E-01   0.81488E-01
 2530.53   0.87454E-01   0.83130E-01   0.80220E-01
 2544.13   0.86165E-01   0.81836E-01   0.78964E-01
 2557.74   0.84899E-01   0.80566E-01   0.77733E-01
 2571.34   0.83657E-01   0.79321E-01   0.76525E-01
 2584.95   0.82438E-01   0.78099E-01   0.75341E-01
 2598.55   0.81243E-01   0.76902E-01   0.74181E-01
 2612.16   0.80069E-01   0.75727E-01   0.73043E-01
 2625.76   0.78918E-01   0.74575E-01   0.71928E-01
 2639.37   0.77785E-01   0.73442E-01   0.70832E-01
 2652.97   0.76670E-01   0.72329E-01   0.69754E-01
 2666.58   0.75574E-01   0.71235E-01   0.68696E-01
 2680.18   0.74497E-01   0.70161E-01   0.67658E-01
 2693.79   0.73440E-01   0.69106E-01   0.66639E-01
 2707.39   0.72402E-01   0.68072E-01   0.65639E-01
 2721.00   0.71386E-01   0.67060E-01   0.64662E-01
 2734.60   0.70384E-01   0.66063E-01   0.63700E-01
 2748.21   0.69400E-01   0.65084E-01   0.62755E-01
 2761.81   0.68431E-01   0.64121E-01   0.61826E-01
 2775.42   0.67477E-01   0.63174E-01   0.60912E-01
 2789.02   0.66539E-01   0.62243E-01   0.60015E-01
 2802.63   0.65615E-01   0.61328E-01   0.59133E-01
 2816.23   0.64707E-01   0.60428E-01   0.58266E-01
 2829.84   0.63827E-01   0.59556E-01   0.57426E-01
 2843.44   0.62953E-01   0.58691E-01   0.56593E-01
 2857.05   0.62094E-01   0.57842E-01   0.55775E-01
 2870.65   0.61248E-01   0.57007E-01   0.54972E-01
 2884.26   0.60415E-01   0.56185E-01   0.54181E-01
 2897.86   0.59594E-01   0.55375E-01   0.53402E-01
 2911.47   0.58782E-01   0.54575E-01   0.52633E-01
 2925.07   0.58008E-01   0.53812E-01   0.51900E-01
 2938.68   0.57222E-01   0.53040E-01   0.51157E-01
 2952.28   0.56456E-01   0.52286E-01   0.50434E-01
 2965.89   0.55703E-01   0.51546E-01   0.49723E-01
 2979.49   0.54962E-01   0.50819E-01   0.49025E-01
 2993.10   0.54232E-01   0.50103E-01   0.48338E-01
 3006.70   0.53511E-01   0.49396E-01   0.47660E-01
 3020.31   0.52786E-01   0.48687E-01   0.46980E-01
 3033.91   0.52118E-01   0.48032E-01   0.46352E-01
 3047.52   0.51428E-01   0.47358E-01   0.45706E-01
 3061.12   0.50752E-01   0.46699E-01   0.45074E-01
 3074.73   0.50089E-01   0.46052E-01   0.44454E-01
 3088.33   0.49437E-01   0.45416E-01   0.43845E-01
 3101.94   0.48795E-01   0.44790E-01   0.43246E-01
 3115.54   0.48161E-01   0.44173E-01   0.42655E-01
 3129.15   0.47531E-01   0.43561E-01   0.42069E-01
 3142.75   0.46933E-01   0.42979E-01   0.41512E-01
 3156.36   0.46324E-01   0.42389E-01   0.40948E-01
 3169.96   0.45728E-01   0.41810E-01   0.40395E-01
 3183.57   0.45142E-01   0.41243E-01   0.39852E-01
 3197.17   0.44566E-01   0.40685E-01   0.39319E-01
 3210.78   0.43999E-01   0.40137E-01   0.38795E-01
 3224.38   0.43440E-01   0.39597E-01   0.38279E-01
 3237.99   0.42885E-01   0.39062E-01   0.37768E-01
 3251.59   0.42352E-01   0.38547E-01   0.37277E-01
 3265.20   0.41815E-01   0.38030E-01   0.36782E-01
 3278.80   0.41287E-01   0.37521E-01   0.36297E-01
 3292.41   0.40767E-01   0.37021E-01   0.35820E-01
 3306.01   0.40255E-01   0.36530E-01   0.35351E-01
 3319.62   0.39752E-01   0.36047E-01   0.34891E-01
 3333.22   0.39257E-01   0.35573E-01   0.34438E-01
 3346.83   0.38768E-01   0.35104E-01   0.33991E-01
 3360.43   0.38291E-01   0.34647E-01   0.33556E-01
 3374.04   0.37815E-01   0.34193E-01   0.33123E-01
 3387.64   0.37347E-01   0.33746E-01   0.32696E-01
 3401.25   0.36885E-01   0.33305E-01   0.32276E-01
 3414.85   0.36429E-01   0.32871E-01   0.31863E-01
 3428.46   0.35981E-01   0.32444E-01   0.31456E-01
 3442.06   0.35540E-01   0.32025E-01   0.31057E-01
 3455.67   0.35106E-01   0.31612E-01   0.30664E-01
 3469.27   0.34679E-01   0.31207E-01   0.30278E-01
 3482.88   0.34257E-01   0.30807E-01   0.29897E-01
 3496.48   0.33841E-01   0.30413E-01   0.29522E-01
 3510.09   0.33430E-01   0.30024E-01   0.29152E-01
 3523.69   0.33024E-01   0.29640E-01   0.28787E-01
 3537.30   0.32623E-01   0.29262E-01   0.28427E-01
 3550.90   0.32228E-01   0.28889E-01   0.28073E-01
 3564.51   0.31839E-01   0.28523E-01   0.27724E-01
 3578.11   0.31457E-01   0.28163E-01   0.27382E-01
 3591.72   0.31082E-01   0.27810E-01   0.27047E-01
 3605.32   0.30711E-01   0.27461E-01   0.26715E-01
 3618.93   0.30344E-01   0.27117E-01   0.26388E-01
 3632.53   0.29982E-01   0.26778E-01   0.26066E-01
 3646.14   0.29624E-01   0.26443E-01   0.25748E-01
 3659.74   0.29271E-01   0.26112E-01   0.25433E-01
 3673.35   0.28921E-01   0.25786E-01   0.25123E-01
 3686.95   0.28574E-01   0.25462E-01   0.24816E-01
 3700.56   0.28248E-01   0.25158E-01   0.24526E-01
 3714.16   0.27910E-01   0.24844E-01   0.24228E-01
 3727.77   0.27582E-01   0.24538E-01   0.23938E-01
 3741.37   0.27258E-01   0.24237E-01   0.23652E-01
 3754.98   0.26938E-01   0.23940E-01   0.23370E-01
 3768.58   0.26622E-01   0.23647E-01   0.23092E-01
 3782.19   0.26309E-01   0.23358E-01   0.22817E-01
 3795.79   0.25999E-01   0.23071E-01   0.22545E-01
 3809.40   0.25692E-01   0.22788E-01   0.22276E-01
 3823.00   0.25404E-01   0.22521E-01   0.22023E-01
 3836.61   0.25105E-01   0.22245E-01   0.21761E-01
 3850.21   0.24813E-01   0.21976E-01   0.21506E-01
 3863.82   0.24525E-01   0.21712E-01   0.21255E-01
 3877.42   0.24242E-01   0.21452E-01   0.21008E-01
 3891.03   0.23962E-01   0.21195E-01   0.20764E-01
 3904.63   0.23684E-01   0.20940E-01   0.20522E-01
 3918.24   0.23409E-01   0.20688E-01   0.20283E-01
 3931.84   0.23133E-01   0.20436E-01   0.20044E-01
 3945.45   0.22881E-01   0.20205E-01   0.19825E-01
 3959.05   0.22615E-01   0.19962E-01   0.19594E-01
 3972.66   0.22354E-01   0.19725E-01   0.19369E-01
 3986.26   0.22098E-01   0.19492E-01   0.19148E-01
 3999.87   0.21846E-01   0.19263E-01   0.18930E-01
 4013.47   0.21597E-01   0.19037E-01   0.18716E-01
 4027.08   0.21351E-01   0.18813E-01   0.18504E-01
 4040.68   0.21107E-01   0.18592E-01   0.18293E-01
 4054.29   0.20862E-01   0.18370E-01   0.18083E-01
 4067.89   0.20636E-01   0.18166E-01   0.17889E-01
 4081.50   0.20399E-01   0.17952E-01   0.17686E-01
 4095.10   0.20167E-01   0.17742E-01   0.17487E-01
 4108.71   0.19938E-01   0.17536E-01   0.17291E-01
 4122.31   0.19712E-01   0.17333E-01   0.17099E-01
 4135.92   0.19490E-01   0.17133E-01   0.16909E-01
 4149.52   0.19271E-01   0.16937E-01   0.16722E-01
 4163.13   0.19054E-01   0.16742E-01   0.16538E-01
 4176.73   0.18838E-01   0.16549E-01   0.16354E-01
 4190.34   0.18632E-01   0.16364E-01   0.16179E-01
 4203.94   0.18422E-01   0.16176E-01   0.16000E-01
 4217.55   0.18214E-01   0.15991E-01   0.15824E-01
 4231.15   0.18009E-01   0.15808E-01   0.15651E-01
 4244.76   0.17807E-01   0.15628E-01   0.15480E-01
 4258.36   0.17608E-01   0.15451E-01   0.15311E-01
 4271.97   0.17412E-01   0.15276E-01   0.15146E-01
 4285.57   0.17219E-01   0.15105E-01   0.14982E-01
 4299.18   0.17027E-01   0.14935E-01   0.14821E-01
 4312.78   0.16840E-01   0.14769E-01   0.14664E-01
 4326.39   0.16653E-01   0.14603E-01   0.14506E-01
 4339.99   0.16468E-01   0.14440E-01   0.14351E-01
 4353.60   0.16285E-01   0.14278E-01   0.14197E-01
 4367.20   0.16103E-01   0.14118E-01   0.14045E-01
 4380.81   0.15924E-01   0.13961E-01   0.13895E-01
 4394.41   0.15748E-01   0.13805E-01   0.13747E-01
 4408.02   0.15574E-01   0.13652E-01   0.13602E-01
 4421.62   0.15402E-01   0.13502E-01   0.13458E-01
 4435.23   0.15234E-01   0.13354E-01   0.13318E-01
 4448.83   0.15067E-01   0.13208E-01   0.13179E-01
 4462.44   0.14901E-01   0.13063E-01   0.13041E-01
 4476.04   0.14738E-01   0.12920E-01   0.12905E-01
 4489.65   0.14576E-01   0.12778E-01   0.12770E-01
 4503.25   0.14415E-01   0.12638E-01   0.12637E-01
 4516.86   0.14256E-01   0.12500E-01   0.12505E-01
 4530.46   0.14099E-01   0.12363E-01   0.12374E-01
 4544.07   0.13943E-01   0.12228E-01   0.12245E-01
 4557.67   0.13791E-01   0.12096E-01   0.12119E-01
 4571.28   0.13643E-01   0.11967E-01   0.11997E-01
 4584.88   0.13494E-01   0.11838E-01   0.11874E-01
 4598.49   0.13347E-01   0.11711E-01   0.11753E-01
 4612.09   0.13202E-01   0.11586E-01   0.11633E-01
 4625.70   0.13058E-01   0.11461E-01   0.11515E-01
 4639.30   0.12916E-01   0.11338E-01   0.11397E-01
 4652.91   0.12774E-01   0.11216E-01   0.11281E-01
 4666.51   0.12634E-01   0.11096E-01   0.11165E-01
 4680.12   0.12494E-01   0.10975E-01   0.11050E-01
 4693.72   0.12356E-01   0.10857E-01   0.10937E-01
 4707.33   0.12230E-01   0.10748E-01   0.10834E-01
 4720.93   0.12096E-01   0.10634E-01   0.10724E-01
 4734.54   0.11965E-01   0.10522E-01   0.10617E-01
 4748.14   0.11836E-01   0.10411E-01   0.10511E-01
 4761.75   0.11708E-01   0.10302E-01   0.10407E-01
 4775.35   0.11581E-01   0.10194E-01   0.10304E-01
 4788.96   0.11456E-01   0.10087E-01   0.10201E-01
 4802.56   0.11330E-01   0.99801E-02   0.10099E-01
 4816.17   0.11204E-01   0.98722E-02   0.99950E-02
 4829.77   0.11100E-01   0.97846E-02   0.99119E-02
 4843.38   0.10971E-01   0.96745E-02   0.98059E-02
 4856.98   0.10851E-01   0.95728E-02   0.97084E-02
 4870.59   0.10734E-01   0.94735E-02   0.96131E-02
 4884.19   0.10618E-01   0.93757E-02   0.95194E-02
 4897.80   0.10505E-01   0.92794E-02   0.94269E-02
 4911.40   0.10392E-01   0.91841E-02   0.93355E-02
 4925.01   0.10280E-01   0.90897E-02   0.92448E-02
 4938.61   0.10169E-01   0.89957E-02   0.91545E-02
 4952.22   0.10055E-01   0.88998E-02   0.90620E-02
 4965.82   0.99618E-02   0.88222E-02   0.89883E-02
 4979.43   0.98478E-02   0.87259E-02   0.88953E-02
 4993.03   0.97406E-02   0.86357E-02   0.88084E-02
 5006.64   0.96354E-02   0.85473E-02   0.87233E-02
 5020.24   0.95318E-02   0.84605E-02   0.86397E-02
 5033.85   0.94299E-02   0.83751E-02   0.85574E-02
 5047.45   0.93292E-02   0.82909E-02   0.84763E-02
 5061.06   0.92297E-02   0.82076E-02   0.83961E-02
 5074.66   0.91308E-02   0.81250E-02   0.83165E-02
 5088.27   0.90311E-02   0.80416E-02   0.82358E-02
 5101.87   0.89451E-02   0.79707E-02   0.81681E-02
 5115.48   0.88440E-02   0.78860E-02   0.80860E-02
 5129.08   0.87482E-02   0.78061E-02   0.80087E-02
 5142.69   0.86539E-02   0.77276E-02   0.79328E-02
 5156.29   0.85609E-02   0.76502E-02   0.78580E-02
 5169.90   0.84693E-02   0.75741E-02   0.77844E-02
 5183.50   0.83790E-02   0.74992E-02   0.77119E-02
 5197.11   0.82899E-02   0.74254E-02   0.76405E-02
 5210.71   0.82019E-02   0.73526E-02   0.75700E-02
 5224.32   0.81144E-02   0.72802E-02   0.74998E-02
 5237.92   0.80264E-02   0.72073E-02   0.74291E-02
 5251.53   0.79449E-02   0.71403E-02   0.73643E-02
 5265.13   0.78598E-02   0.70699E-02   0.72961E-02
 5278.74   0.77755E-02   0.70004E-02   0.72285E-02
 5292.34   0.76922E-02   0.69316E-02   0.71617E-02
 5305.95   0.76098E-02   0.68637E-02   0.70957E-02
 5319.55   0.75285E-02   0.67968E-02   0.70306E-02
 5333.16   0.74484E-02   0.67308E-02   0.69665E-02
 5346.76   0.73694E-02   0.66660E-02   0.69034E-02
 5360.37   0.72914E-02   0.66020E-02   0.68412E-02
 5373.97   0.72143E-02   0.65388E-02   0.67797E-02
 5387.58   0.71387E-02   0.64768E-02   0.67193E-02
 5401.18   0.70631E-02   0.64149E-02   0.66590E-02
 5414.79   0.69882E-02   0.63536E-02   0.65992E-02
 5428.39   0.69138E-02   0.62927E-02   0.65397E-02
 5442.00   0.68400E-02   0.62323E-02   0.64808E-02
 5455.60   0.67670E-02   0.61726E-02   0.64223E-02
 5469.21   0.66947E-02   0.61135E-02   0.63645E-02
 5482.81   0.66233E-02   0.60552E-02   0.63075E-02
 5496.42   0.65529E-02   0.59978E-02   0.62514E-02
 5510.02   0.64832E-02   0.59411E-02   0.61959E-02
 5523.63   0.64167E-02   0.58868E-02   0.61427E-02
 5537.23   0.63483E-02   0.58314E-02   0.60884E-02
 5550.84   0.62814E-02   0.57770E-02   0.60351E-02
 5564.44   0.62151E-02   0.57232E-02   0.59823E-02
 5578.05   0.61493E-02   0.56697E-02   0.59298E-02
 5591.65   0.60840E-02   0.56166E-02   0.58776E-02
 5605.26   0.60192E-02   0.55639E-02   0.58258E-02
 5618.86   0.59549E-02   0.55117E-02   0.57744E-02
 5632.47   0.58912E-02   0.54600E-02   0.57235E-02
 5646.07   0.58279E-02   0.54087E-02   0.56729E-02
 5659.68   0.57664E-02   0.53589E-02   0.56239E-02
 5673.28   0.57084E-02   0.53122E-02   0.55780E-02
 5686.89   0.56472E-02   0.52627E-02   0.55291E-02
 5700.49   0.55875E-02   0.52145E-02   0.54816E-02
 5714.10   0.55287E-02   0.51671E-02   0.54347E-02
 5727.70   0.54704E-02   0.51200E-02   0.53883E-02
 5741.31   0.54126E-02   0.50734E-02   0.53421E-02
 5754.91   0.53551E-02   0.50269E-02   0.52961E-02
 5768.52   0.52980E-02   0.49808E-02   0.52504E-02
 5782.12   0.52411E-02   0.49348E-02   0.52047E-02
 5795.73   0.51839E-02   0.48885E-02   0.51587E-02
 5809.33   0.51283E-02   0.48436E-02   0.51142E-02
 5822.94   0.50794E-02   0.48049E-02   0.50761E-02
 5836.54   0.50245E-02   0.47606E-02   0.50319E-02
 5850.15   0.49711E-02   0.47177E-02   0.49893E-02
 5863.75   0.49187E-02   0.46756E-02   0.49474E-02
 5877.36   0.48669E-02   0.46340E-02   0.49061E-02
 5890.96   0.48157E-02   0.45929E-02   0.48651E-02
 5904.57   0.47648E-02   0.45520E-02   0.48244E-02
 5918.17   0.47142E-02   0.45113E-02   0.47837E-02
 5931.78   0.46636E-02   0.44705E-02   0.47430E-02
 5945.38   0.46122E-02   0.44288E-02   0.47012E-02
 5958.99   0.45617E-02   0.43880E-02   0.46603E-02
 5972.59   0.45203E-02   0.43562E-02   0.46289E-02
 5986.20   0.44711E-02   0.43164E-02   0.45890E-02
 5999.80   0.44234E-02   0.42780E-02   0.45505E-02
 6013.41   0.43765E-02   0.42405E-02   0.45128E-02
 6027.01   0.43303E-02   0.42035E-02   0.44758E-02
 6040.62   0.42848E-02   0.41671E-02   0.44393E-02
 6054.22   0.42397E-02   0.41311E-02   0.44031E-02
 6067.83   0.41949E-02   0.40952E-02   0.43671E-02
 6081.43   0.41503E-02   0.40594E-02   0.43310E-02
 6095.04   0.41049E-02   0.40227E-02   0.42940E-02
 6108.64   0.40598E-02   0.39862E-02   0.42570E-02
 6122.25   0.40230E-02   0.39582E-02   0.42292E-02
 6135.85   0.39791E-02   0.39227E-02   0.41933E-02
 6149.46   0.39364E-02   0.38884E-02   0.41586E-02
 6163.06   0.38944E-02   0.38548E-02   0.41246E-02
 6176.67   0.38531E-02   0.38217E-02   0.40912E-02
 6190.27   0.38125E-02   0.37892E-02   0.40583E-02
 6203.88   0.37724E-02   0.37572E-02   0.40259E-02
 6217.48   0.37327E-02   0.37256E-02   0.39939E-02
 6231.09   0.36933E-02   0.36942E-02   0.39620E-02
 6244.69   0.36538E-02   0.36625E-02   0.39298E-02
 6258.30   0.36144E-02   0.36307E-02   0.38975E-02
 6271.90   0.35799E-02   0.36041E-02   0.38707E-02
 6285.51   0.35411E-02   0.35728E-02   0.38388E-02
 6299.11   0.35032E-02   0.35423E-02   0.38077E-02
 6312.72   0.34657E-02   0.35123E-02   0.37770E-02
 6326.32   0.34288E-02   0.34826E-02   0.37468E-02
 6339.93   0.33923E-02   0.34535E-02   0.37170E-02
 6353.53   0.33564E-02   0.34248E-02   0.36877E-02
 6367.14   0.33211E-02   0.33966E-02   0.36589E-02
 6380.74   0.32861E-02   0.33688E-02   0.36304E-02
 6394.35   0.32515E-02   0.33412E-02   0.36022E-02
 6407.95   0.32171E-02   0.33137E-02   0.35740E-02
 6421.56   0.31848E-02   0.32881E-02   0.35479E-02
 6435.16   0.31508E-02   0.32609E-02   0.35199E-02
 6448.77   0.31173E-02   0.32341E-02   0.34923E-02
 6462.37   0.30841E-02   0.32074E-02   0.34649E-02
 6475.98   0.30513E-02   0.31810E-02   0.34377E-02
 6489.58   0.30187E-02   0.31548E-02   0.34107E-02
 6503.19   0.29865E-02   0.31290E-02   0.33841E-02
 6516.79   0.29548E-02   0.31036E-02   0.33578E-02
 6530.40   0.29235E-02   0.30786E-02   0.33320E-02
 6544.00   0.28927E-02   0.30540E-02   0.33066E-02
 6557.61   0.28621E-02   0.30297E-02   0.32816E-02
 6571.21   0.28320E-02   0.30057E-02   0.32567E-02
 6584.82   0.28030E-02   0.29822E-02   0.32324E-02
 6598.42   0.27734E-02   0.29587E-02   0.32080E-02
 6612.03   0.27442E-02   0.29352E-02   0.31836E-02
 6625.63   0.27151E-02   0.29119E-02   0.31594E-02
 6639.24   0.26862E-02   0.28886E-02   0.31352E-02
 6652.84   0.26576E-02   0.28655E-02   0.31111E-02
 6666.45   0.26292E-02   0.28426E-02   0.30872E-02
 6680.05   0.26011E-02   0.28199E-02   0.30636E-02
 6693.66   0.25734E-02   0.27976E-02   0.30403E-02
 6707.26   0.25459E-02   0.27755E-02   0.30172E-02
 6720.87   0.25192E-02   0.27543E-02   0.29951E-02
 6734.47   0.24938E-02   0.27337E-02   0.29736E-02
 6748.08   0.24672E-02   0.27124E-02   0.29513E-02
 6761.68   0.24412E-02   0.26916E-02   0.29295E-02
 6775.29   0.24155E-02   0.26710E-02   0.29079E-02
 6788.89   0.23900E-02   0.26505E-02   0.28863E-02
 6802.50   0.23647E-02   0.26300E-02   0.28649E-02
 6816.10   0.23395E-02   0.26096E-02   0.28434E-02
 6829.71   0.23145E-02   0.25893E-02   0.28220E-02
 6843.31   0.22897E-02   0.25691E-02   0.28007E-02
 6856.92   0.22650E-02   0.25490E-02   0.27794E-02
 6870.52   0.22402E-02   0.25287E-02   0.27580E-02
 6884.13   0.22166E-02   0.25098E-02   0.27380E-02
 6897.73   0.21955E-02   0.24932E-02   0.27205E-02
 6911.34   0.21717E-02   0.24738E-02   0.27000E-02
 6924.94   0.21487E-02   0.24552E-02   0.26803E-02
 6938.55   0.21260E-02   0.24369E-02   0.26609E-02
 6952.15   0.21036E-02   0.24188E-02   0.26417E-02
 6965.76   0.20814E-02   0.24008E-02   0.26226E-02
 6979.36   0.20593E-02   0.23828E-02   0.26035E-02
 6992.97   0.20374E-02   0.23649E-02   0.25844E-02
 7006.57   0.20155E-02   0.23469E-02   0.25652E-02
 7020.18   0.19936E-02   0.23288E-02   0.25459E-02
 7033.78   0.19712E-02   0.23099E-02   0.25257E-02
 7047.39   0.19500E-02   0.22926E-02   0.25072E-02
 7060.99   0.19329E-02   0.22800E-02   0.24939E-02
 7074.60   0.19116E-02   0.22624E-02   0.24749E-02
 7088.20   0.18912E-02   0.22455E-02   0.24569E-02
 7101.81   0.18711E-02   0.22292E-02   0.24393E-02
 7115.41   0.18514E-02   0.22131E-02   0.24221E-02
 7129.02   0.18318E-02   0.21971E-02   0.24050E-02
 7142.62   0.18125E-02   0.21813E-02   0.23880E-02
 7156.23   0.17933E-02   0.21655E-02   0.23710E-02
 7169.83   0.17741E-02   0.21497E-02   0.23539E-02
 7183.44   0.17549E-02   0.21336E-02   0.23365E-02
 7197.04   0.17350E-02   0.21165E-02   0.23180E-02
 7210.65   0.17161E-02   0.21005E-02   0.23008E-02
 7224.25   0.17017E-02   0.20907E-02   0.22903E-02
 7237.86   0.16828E-02   0.20746E-02   0.22728E-02
 7251.46   0.16646E-02   0.20594E-02   0.22563E-02
 7265.07   0.16468E-02   0.20446E-02   0.22402E-02
 7278.67   0.16293E-02   0.20301E-02   0.22245E-02
 7292.28   0.16121E-02   0.20159E-02   0.22091E-02
 7305.88   0.15951E-02   0.20019E-02   0.21938E-02
 7319.49   0.15782E-02   0.19880E-02   0.21787E-02
 7333.09   0.15615E-02   0.19741E-02   0.21635E-02
 7346.70   0.15448E-02   0.19601E-02   0.21483E-02
 7360.30   0.15277E-02   0.19453E-02   0.21322E-02
 7373.91   0.15111E-02   0.19310E-02   0.21166E-02
 7387.51   0.14980E-02   0.19220E-02   0.21066E-02
 7401.12   0.14813E-02   0.19075E-02   0.20908E-02
 7414.72   0.14653E-02   0.18938E-02   0.20758E-02
 7428.33   0.14495E-02   0.18804E-02   0.20611E-02
 7441.93   0.14340E-02   0.18673E-02   0.20467E-02
 7455.54   0.14187E-02   0.18544E-02   0.20325E-02
 7469.14   0.14037E-02   0.18418E-02   0.20187E-02
 7482.75   0.13889E-02   0.18294E-02   0.20050E-02
 7496.35   0.13742E-02   0.18172E-02   0.19915E-02
 7509.96   0.13597E-02   0.18050E-02   0.19780E-02
 7523.56   0.13451E-02   0.17926E-02   0.19644E-02
 7537.17   0.13307E-02   0.17802E-02   0.19506E-02
 7550.77   0.13183E-02   0.17708E-02   0.19402E-02
 7564.38   0.13038E-02   0.17581E-02   0.19262E-02
 7577.98   0.12898E-02   0.17460E-02   0.19127E-02
 7591.59   0.12759E-02   0.17340E-02   0.18995E-02
 7605.19   0.12622E-02   0.17222E-02   0.18863E-02
 7618.80   0.12487E-02   0.17105E-02   0.18733E-02
 7632.40   0.12354E-02   0.16990E-02   0.18606E-02
 7646.01   0.12222E-02   0.16878E-02   0.18481E-02
 7659.61   0.12093E-02   0.16768E-02   0.18357E-02
 7673.22   0.11965E-02   0.16659E-02   0.18236E-02
 7686.82   0.11839E-02   0.16552E-02   0.18117E-02
 7700.43   0.11711E-02   0.16444E-02   0.17996E-02
 7714.03   0.11601E-02   0.16348E-02   0.17888E-02
 7727.64   0.11474E-02   0.16240E-02   0.17767E-02
 7741.24   0.11352E-02   0.16135E-02   0.17649E-02
 7754.85   0.11231E-02   0.16029E-02   0.17531E-02
 7768.45   0.11111E-02   0.15924E-02   0.17413E-02
 7782.06   0.10992E-02   0.15820E-02   0.17295E-02
 7795.66   0.10875E-02   0.15716E-02   0.17178E-02
 7809.27   0.10758E-02   0.15613E-02   0.17062E-02
 7822.87   0.10643E-02   0.15512E-02   0.16949E-02
 7836.48   0.10530E-02   0.15413E-02   0.16837E-02
 7850.08   0.10418E-02   0.15316E-02   0.16727E-02
 7863.69   0.10307E-02   0.15220E-02   0.16619E-02
 7877.29   0.10200E-02   0.15128E-02   0.16513E-02
 7890.90   0.10098E-02   0.15035E-02   0.16408E-02
 7904.50   0.99907E-03   0.14943E-02   0.16303E-02
 7918.11   0.98854E-03   0.14851E-02   0.16199E-02
 7931.71   0.97811E-03   0.14759E-02   0.16094E-02
 7945.32   0.96774E-03   0.14667E-02   0.15990E-02
 7958.92   0.95745E-03   0.14575E-02   0.15884E-02
 7972.53   0.94723E-03   0.14482E-02   0.15779E-02
 7986.13   0.93709E-03   0.14390E-02   0.15675E-02
 7999.74   0.92705E-03   0.14299E-02   0.15571E-02
 8013.34   0.91711E-03   0.14209E-02   0.15468E-02
 8026.95   0.90726E-03   0.14120E-02   0.15366E-02
 8040.55   0.89725E-03   0.14030E-02   0.15263E-02
 8054.16   0.88804E-03   0.13951E-02   0.15171E-02
 8067.76   0.87961E-03   0.13874E-02   0.15083E-02
 8081.37   0.87023E-03   0.13790E-02   0.14987E-02
 8094.97   0.86107E-03   0.13709E-02   0.14893E-02
 8108.58   0.85203E-03   0.13628E-02   0.14799E-02
 8122.18   0.84307E-03   0.13547E-02   0.14706E-02
 8135.79   0.83417E-03   0.13466E-02   0.14613E-02
 8149.39   0.82533E-03   0.13384E-02   0.14519E-02
 8163.00   0.81653E-03   0.13302E-02   0.14424E-02
 8176.60   0.80779E-03   0.13220E-02   0.14330E-02
 8190.21   0.79909E-03   0.13138E-02   0.14235E-02
 8203.81   0.79036E-03   0.13055E-02   0.14139E-02
 8217.42   0.78098E-03   0.12960E-02   0.14030E-02
 8231.02   0.77609E-03   0.12940E-02   0.14003E-02
 8244.63   0.76666E-03   0.12843E-02   0.13891E-02
 8258.23   0.75839E-03   0.12765E-02   0.13801E-02
 8271.84   0.75038E-03   0.12690E-02   0.13714E-02
 8285.44   0.74252E-03   0.12618E-02   0.13630E-02
 8299.05   0.73476E-03   0.12546E-02   0.13546E-02
 8312.65   0.72707E-03   0.12475E-02   0.13462E-02
 8326.26   0.71944E-03   0.12403E-02   0.13379E-02
 8339.86   0.71185E-03   0.12331E-02   0.13294E-02
 8353.47   0.70428E-03   0.12258E-02   0.13209E-02
 8367.07   0.69671E-03   0.12184E-02   0.13123E-02
 8380.68   0.68906E-03   0.12106E-02   0.13033E-02
 8394.28   0.68036E-03   0.12007E-02   0.12919E-02
 8407.89   0.67716E-03   0.12020E-02   0.12927E-02
 8421.49   0.66872E-03   0.11924E-02   0.12816E-02
 8435.10   0.66144E-03   0.11850E-02   0.12731E-02
 8448.70   0.65441E-03   0.11782E-02   0.12650E-02
 8462.31   0.64753E-03   0.11715E-02   0.12572E-02
 8475.91   0.64078E-03   0.11651E-02   0.12496E-02
 8489.52   0.63412E-03   0.11587E-02   0.12420E-02
 8503.12   0.62754E-03   0.11524E-02   0.12345E-02
 8516.73   0.62101E-03   0.11461E-02   0.12270E-02
 8530.33   0.61451E-03   0.11397E-02   0.12195E-02
 8543.94   0.60800E-03   0.11331E-02   0.12118E-02
 8557.54   0.60141E-03   0.11263E-02   0.12037E-02
 8571.15   0.59403E-03   0.11175E-02   0.11936E-02
 8584.75   0.59155E-03   0.11199E-02   0.11954E-02
 8598.36   0.58387E-03   0.11102E-02   0.11843E-02
 8611.96   0.57748E-03   0.11033E-02   0.11763E-02
 8625.57   0.57133E-03   0.10970E-02   0.11688E-02
 8639.17   0.56532E-03   0.10908E-02   0.11615E-02
 8652.78   0.55942E-03   0.10849E-02   0.11544E-02
 8666.38   0.55363E-03   0.10791E-02   0.11475E-02
 8679.99   0.54792E-03   0.10734E-02   0.11407E-02
 8693.59   0.54230E-03   0.10678E-02   0.11339E-02
 8707.20   0.53672E-03   0.10622E-02   0.11272E-02
 8720.80   0.53117E-03   0.10566E-02   0.11205E-02
 8734.41   0.52559E-03   0.10507E-02   0.11135E-02
 8748.01   0.51969E-03   0.10440E-02   0.11057E-02
 8761.62   0.51425E-03   0.10381E-02   0.10987E-02
 8775.22   0.51040E-03   0.10361E-02   0.10957E-02
 8788.83   0.50486E-03   0.10299E-02   0.10884E-02
 8802.43   0.49953E-03   0.10241E-02   0.10815E-02
 8816.04   0.49430E-03   0.10185E-02   0.10748E-02
 8829.64   0.48917E-03   0.10130E-02   0.10682E-02
 8843.25   0.48412E-03   0.10076E-02   0.10617E-02
 8856.85   0.47916E-03   0.10024E-02   0.10554E-02
 8870.46   0.47428E-03   0.99727E-03   0.10492E-02
 8884.06   0.46947E-03   0.99225E-03   0.10431E-02
 8897.67   0.46473E-03   0.98730E-03   0.10371E-02
 8911.27   0.46001E-03   0.98235E-03   0.10311E-02
 8924.88   0.45524E-03   0.97722E-03   0.10249E-02
 8938.48   0.45060E-03   0.97206E-03   0.10187E-02
 8952.09   0.44687E-03   0.96890E-03   0.10146E-02
 8965.69   0.44214E-03   0.96355E-03   0.10082E-02
 8979.30   0.43759E-03   0.95846E-03   0.10020E-02
 8992.90   0.43311E-03   0.95341E-03   0.99594E-03
 9006.51   0.42868E-03   0.94840E-03   0.98989E-03
 9020.11   0.42431E-03   0.94344E-03   0.98390E-03
 9033.72   0.42000E-03   0.93857E-03   0.97800E-03
 9047.32   0.41576E-03   0.93380E-03   0.97220E-03
 9060.93   0.41160E-03   0.92914E-03   0.96653E-03
 9074.53   0.40750E-03   0.92460E-03   0.96098E-03
 9088.14   0.40346E-03   0.92016E-03   0.95554E-03
 9101.74   0.39947E-03   0.91580E-03   0.95017E-03
 9115.35   0.39536E-03   0.91141E-03   0.94477E-03
 9128.95   0.39198E-03   0.90689E-03   0.93932E-03
 9142.56   0.38813E-03   0.90308E-03   0.93452E-03
 9156.16   0.38429E-03   0.89875E-03   0.92919E-03
 9169.77   0.38051E-03   0.89439E-03   0.92385E-03
 9183.37   0.37675E-03   0.88999E-03   0.91847E-03
 9196.98   0.37303E-03   0.88555E-03   0.91306E-03
 9210.58   0.36934E-03   0.88111E-03   0.90765E-03
 9224.19   0.36568E-03   0.87669E-03   0.90226E-03
 9237.79   0.36208E-03   0.87232E-03   0.89692E-03
 9251.40   0.35853E-03   0.86802E-03   0.89167E-03
 9265.00   0.35504E-03   0.86382E-03   0.88652E-03
 9278.61   0.35160E-03   0.85973E-03   0.88147E-03
 9292.21   0.34818E-03   0.85571E-03   0.87651E-03
 9305.82   0.34496E-03   0.85199E-03   0.87186E-03
 9319.42   0.34199E-03   0.84820E-03   0.86717E-03
 9333.03   0.33869E-03   0.84435E-03   0.86238E-03
 9346.63   0.33550E-03   0.84055E-03   0.85765E-03
 9360.24   0.33235E-03   0.83673E-03   0.85291E-03
 9373.84   0.32923E-03   0.83288E-03   0.84815E-03
 9387.45   0.32613E-03   0.82898E-03   0.84333E-03
 9401.05   0.32305E-03   0.82504E-03   0.83848E-03
 9414.66   0.31999E-03   0.82106E-03   0.83360E-03
 9428.26   0.31696E-03   0.81707E-03   0.82871E-03
 9441.87   0.31396E-03   0.81309E-03   0.82384E-03
 9455.47   0.31099E-03   0.80914E-03   0.81900E-03
 9469.08   0.30805E-03   0.80520E-03   0.81417E-03
 9482.68   0.30504E-03   0.80111E-03   0.80918E-03
 9496.29   0.30244E-03   0.79802E-03   0.80522E-03
 9509.89   0.30018E-03   0.79539E-03   0.80175E-03
 9523.50   0.29737E-03   0.79161E-03   0.79709E-03
 9537.10   0.29470E-03   0.78810E-03   0.79271E-03
 9550.71   0.29209E-03   0.78467E-03   0.78843E-03
 9564.31   0.28952E-03   0.78127E-03   0.78416E-03
 9577.92   0.28697E-03   0.77784E-03   0.77988E-03
 9591.52   0.28444E-03   0.77436E-03   0.77556E-03
 9605.13   0.28193E-03   0.77084E-03   0.77119E-03
 9618.73   0.27942E-03   0.76725E-03   0.76677E-03
 9632.34   0.27692E-03   0.76361E-03   0.76230E-03
 9645.94   0.27444E-03   0.75990E-03   0.75777E-03
 9659.55   0.27193E-03   0.75607E-03   0.75312E-03
 9673.15   0.26923E-03   0.75160E-03   0.74784E-03
 9686.76   0.26715E-03   0.74897E-03   0.74439E-03
 9700.36   0.26570E-03   0.74801E-03   0.74260E-03
 9713.97   0.26328E-03   0.74415E-03   0.73794E-03
 9727.57   0.26103E-03   0.74077E-03   0.73376E-03
 9741.18   0.25887E-03   0.73757E-03   0.72976E-03
 9754.78   0.25677E-03   0.73447E-03   0.72586E-03
 9768.39   0.25470E-03   0.73140E-03   0.72200E-03
 9781.99   0.25266E-03   0.72834E-03   0.71814E-03
 9795.60   0.25064E-03   0.72524E-03   0.71427E-03
 9809.20   0.24862E-03   0.72208E-03   0.71033E-03
 9822.81   0.24661E-03   0.71884E-03   0.70633E-03
 9836.41   0.24458E-03   0.71548E-03   0.70221E-03
 9850.02   0.24251E-03   0.71189E-03   0.69787E-03
 9863.62   0.24020E-03   0.70742E-03   0.69269E-03
 9877.23   0.23849E-03   0.70487E-03   0.68937E-03
 9890.83   0.23774E-03   0.70529E-03   0.68894E-03
 9904.44   0.23565E-03   0.70133E-03   0.68427E-03
 9918.04   0.23377E-03   0.69801E-03   0.68022E-03
 9931.65   0.23200E-03   0.69493E-03   0.67641E-03
 9945.25   0.23029E-03   0.69199E-03   0.67274E-03
 9958.86   0.22863E-03   0.68915E-03   0.66917E-03
 9972.46   0.22701E-03   0.68638E-03   0.66566E-03
 9986.07   0.22542E-03   0.68363E-03   0.66219E-03
 9999.67   0.22386E-03   0.68086E-03   0.65871E-03
