  693.85   0.40110E-01   0.41699E-01   0.42215E-01
  707.46   0.39497E-01   0.41088E-01   0.41600E-01
  721.06   0.38904E-01   0.40497E-01   0.41005E-01
  734.67   0.38310E-01   0.39905E-01   0.40408E-01
  748.27   0.37747E-01   0.39344E-01   0.39842E-01
  761.88   0.37188E-01   0.38787E-01   0.39280E-01
  775.48   0.36645E-01   0.38245E-01   0.38734E-01
  789.09   0.36106E-01   0.37707E-01   0.38191E-01
  802.69   0.35591E-01   0.37193E-01   0.37672E-01
  816.30   0.35082E-01   0.36686E-01   0.37159E-01
  829.90   0.34581E-01   0.36186E-01   0.36654E-01
  843.51   0.34088E-01   0.35693E-01   0.36156E-01
  857.11   0.33611E-01   0.35217E-01   0.35675E-01
  870.72   0.33144E-01   0.34749E-01   0.35202E-01
  884.32   0.32683E-01   0.34288E-01   0.34735E-01
  897.93   0.32229E-01   0.33834E-01   0.34276E-01
  911.53   0.31785E-01   0.33389E-01   0.33826E-01
  925.14   0.31353E-01   0.32957E-01   0.33388E-01
  938.74   0.30930E-01   0.32534E-01   0.32959E-01
  952.35   0.30516E-01   0.32119E-01   0.32539E-01
  965.95   0.30104E-01   0.31706E-01   0.32120E-01
  979.56   0.29704E-01   0.31305E-01   0.31713E-01
  993.16   0.29314E-01   0.30914E-01   0.31317E-01
 1006.77   0.28937E-01   0.30535E-01   0.30933E-01
 1020.37   0.28554E-01   0.30151E-01   0.30543E-01
 1033.98   0.28186E-01   0.29782E-01   0.30168E-01
 1047.58   0.27824E-01   0.29418E-01   0.29799E-01
 1061.19   0.27470E-01   0.29062E-01   0.29438E-01
 1074.79   0.27130E-01   0.28721E-01   0.29091E-01
 1088.40   0.26778E-01   0.28366E-01   0.28730E-01
 1102.00   0.26442E-01   0.28028E-01   0.28387E-01
 1115.61   0.26111E-01   0.27695E-01   0.28049E-01
 1129.21   0.25788E-01   0.27370E-01   0.27718E-01
 1142.82   0.25463E-01   0.27041E-01   0.27383E-01
 1156.42   0.25157E-01   0.26733E-01   0.27070E-01
 1170.03   0.24851E-01   0.26425E-01   0.26757E-01
 1183.63   0.24550E-01   0.26122E-01   0.26448E-01
 1197.24   0.24255E-01   0.25823E-01   0.26144E-01
 1210.84   0.23962E-01   0.25527E-01   0.25843E-01
 1224.45   0.23680E-01   0.25242E-01   0.25553E-01
 1238.05   0.23402E-01   0.24962E-01   0.25267E-01
 1251.66   0.23128E-01   0.24685E-01   0.24984E-01
 1265.26   0.22858E-01   0.24411E-01   0.24706E-01
 1278.87   0.22592E-01   0.24142E-01   0.24431E-01
 1292.47   0.22331E-01   0.23878E-01   0.24162E-01
 1306.08   0.22076E-01   0.23619E-01   0.23898E-01
 1319.68   0.21825E-01   0.23365E-01   0.23639E-01
 1333.29   0.21578E-01   0.23114E-01   0.23383E-01
 1346.89   0.21333E-01   0.22866E-01   0.23129E-01
 1360.50   0.21093E-01   0.22622E-01   0.22880E-01
 1374.10   0.20857E-01   0.22382E-01   0.22636E-01
 1387.71   0.20626E-01   0.22147E-01   0.22396E-01
 1401.31   0.20400E-01   0.21917E-01   0.22161E-01
 1414.92   0.20177E-01   0.21691E-01   0.21930E-01
 1428.52   0.19954E-01   0.21464E-01   0.21698E-01
 1442.13   0.19737E-01   0.21243E-01   0.21472E-01
 1455.73   0.19524E-01   0.21026E-01   0.21250E-01
 1469.34   0.19315E-01   0.20813E-01   0.21033E-01
 1482.94   0.19113E-01   0.20607E-01   0.20822E-01
 1496.55   0.18905E-01   0.20394E-01   0.20605E-01
 1510.15   0.18707E-01   0.20192E-01   0.20398E-01
 1523.76   0.18511E-01   0.19991E-01   0.20192E-01
 1537.36   0.18317E-01   0.19793E-01   0.19990E-01
 1550.97   0.18128E-01   0.19599E-01   0.19792E-01
 1564.57   0.17944E-01   0.19412E-01   0.19600E-01
 1578.18   0.17755E-01   0.19217E-01   0.19400E-01
 1591.78   0.17574E-01   0.19032E-01   0.19211E-01
 1605.39   0.17395E-01   0.18848E-01   0.19023E-01
 1618.99   0.17218E-01   0.18667E-01   0.18837E-01
 1632.60   0.17045E-01   0.18489E-01   0.18655E-01
 1646.20   0.16871E-01   0.18310E-01   0.18472E-01
 1659.81   0.16705E-01   0.18139E-01   0.18297E-01
 1673.41   0.16540E-01   0.17970E-01   0.18123E-01
 1687.02   0.16377E-01   0.17802E-01   0.17951E-01
 1700.62   0.16216E-01   0.17636E-01   0.17781E-01
 1714.23   0.16058E-01   0.17473E-01   0.17614E-01
 1727.83   0.15900E-01   0.17310E-01   0.17448E-01
 1741.44   0.15747E-01   0.17153E-01   0.17286E-01
 1755.04   0.15597E-01   0.16997E-01   0.17126E-01
 1768.65   0.15448E-01   0.16843E-01   0.16969E-01
 1782.25   0.15301E-01   0.16691E-01   0.16813E-01
 1795.86   0.15156E-01   0.16541E-01   0.16659E-01
 1809.46   0.15013E-01   0.16393E-01   0.16507E-01
 1823.07   0.14872E-01   0.16247E-01   0.16357E-01
 1836.67   0.14734E-01   0.16103E-01   0.16210E-01
 1850.28   0.14597E-01   0.15962E-01   0.16065E-01
 1863.88   0.14463E-01   0.15822E-01   0.15921E-01
 1877.49   0.14330E-01   0.15684E-01   0.15780E-01
 1891.09   0.14198E-01   0.15547E-01   0.15639E-01
 1904.70   0.14069E-01   0.15412E-01   0.15500E-01
 1918.30   0.13941E-01   0.15279E-01   0.15364E-01
 1931.91   0.13815E-01   0.15148E-01   0.15229E-01
 1945.51   0.13692E-01   0.15019E-01   0.15097E-01
 1959.12   0.13570E-01   0.14892E-01   0.14967E-01
 1972.72   0.13447E-01   0.14764E-01   0.14835E-01
 1986.33   0.13330E-01   0.14641E-01   0.14709E-01
 1999.93   0.13212E-01   0.14518E-01   0.14582E-01
 2013.54   0.13096E-01   0.14396E-01   0.14458E-01
 2027.14   0.12983E-01   0.14277E-01   0.14335E-01
 2040.75   0.12871E-01   0.14160E-01   0.14215E-01
 2054.35   0.12762E-01   0.14046E-01   0.14098E-01
 2067.96   0.12649E-01   0.13927E-01   0.13976E-01
 2081.56   0.12542E-01   0.13814E-01   0.13860E-01
 2095.17   0.12435E-01   0.13702E-01   0.13745E-01
 2108.77   0.12330E-01   0.13591E-01   0.13631E-01
 2122.38   0.12226E-01   0.13481E-01   0.13518E-01
 2135.98   0.12124E-01   0.13374E-01   0.13408E-01
 2149.59   0.12021E-01   0.13265E-01   0.13296E-01
 2163.19   0.11922E-01   0.13161E-01   0.13189E-01
 2176.80   0.11824E-01   0.13057E-01   0.13082E-01
 2190.40   0.11726E-01   0.12954E-01   0.12976E-01
 2204.01   0.11630E-01   0.12852E-01   0.12871E-01
 2217.61   0.11535E-01   0.12751E-01   0.12768E-01
 2231.22   0.11442E-01   0.12652E-01   0.12666E-01
 2244.82   0.11348E-01   0.12553E-01   0.12564E-01
 2258.43   0.11257E-01   0.12456E-01   0.12465E-01
 2272.03   0.11167E-01   0.12360E-01   0.12366E-01
 2285.64   0.11079E-01   0.12266E-01   0.12269E-01
 2299.24   0.10991E-01   0.12172E-01   0.12173E-01
 2312.85   0.10904E-01   0.12080E-01   0.12077E-01
 2326.45   0.10818E-01   0.11988E-01   0.11984E-01
 2340.06   0.10733E-01   0.11897E-01   0.11890E-01
 2353.66   0.10650E-01   0.11808E-01   0.11799E-01
 2367.27   0.10567E-01   0.11720E-01   0.11708E-01
 2380.87   0.10486E-01   0.11633E-01   0.11619E-01
 2394.48   0.10406E-01   0.11547E-01   0.11530E-01
 2408.08   0.10326E-01   0.11461E-01   0.11442E-01
 2421.69   0.10247E-01   0.11377E-01   0.11355E-01
 2435.29   0.10170E-01   0.11293E-01   0.11269E-01
 2448.90   0.10093E-01   0.11211E-01   0.11185E-01
 2462.50   0.10017E-01   0.11129E-01   0.11101E-01
 2476.11   0.99426E-02   0.11049E-01   0.11018E-01
 2489.71   0.98687E-02   0.10969E-01   0.10936E-01
 2503.32   0.97957E-02   0.10890E-01   0.10855E-01
 2516.92   0.97233E-02   0.10812E-01   0.10775E-01
 2530.53   0.96517E-02   0.10734E-01   0.10695E-01
 2544.13   0.95811E-02   0.10658E-01   0.10616E-01
 2557.74   0.95113E-02   0.10582E-01   0.10538E-01
 2571.34   0.94424E-02   0.10507E-01   0.10462E-01
 2584.95   0.93744E-02   0.10433E-01   0.10386E-01
 2598.55   0.93073E-02   0.10360E-01   0.10311E-01
 2612.16   0.92411E-02   0.10288E-01   0.10237E-01
 2625.76   0.91747E-02   0.10216E-01   0.10162E-01
 2639.37   0.91098E-02   0.10145E-01   0.10090E-01
 2652.97   0.90456E-02   0.10075E-01   0.10018E-01
 2666.58   0.89821E-02   0.10006E-01   0.99464E-02
 2680.18   0.89194E-02   0.99372E-02   0.98760E-02
 2693.79   0.88575E-02   0.98694E-02   0.98063E-02
 2707.39   0.87967E-02   0.98028E-02   0.97379E-02
 2721.00   0.87352E-02   0.97353E-02   0.96686E-02
 2734.60   0.86755E-02   0.96698E-02   0.96013E-02
 2748.21   0.86163E-02   0.96047E-02   0.95344E-02
 2761.81   0.85577E-02   0.95402E-02   0.94682E-02
 2775.42   0.84997E-02   0.94763E-02   0.94026E-02
 2789.02   0.84424E-02   0.94131E-02   0.93377E-02
 2802.63   0.83858E-02   0.93506E-02   0.92736E-02
 2816.23   0.83299E-02   0.92889E-02   0.92102E-02
 2829.84   0.82741E-02   0.92271E-02   0.91468E-02
 2843.44   0.82193E-02   0.91665E-02   0.90845E-02
 2857.05   0.81651E-02   0.91063E-02   0.90228E-02
 2870.65   0.81114E-02   0.90468E-02   0.89617E-02
 2884.26   0.80583E-02   0.89878E-02   0.89012E-02
 2897.86   0.80058E-02   0.89294E-02   0.88413E-02
 2911.47   0.79539E-02   0.88717E-02   0.87820E-02
 2925.07   0.79023E-02   0.88142E-02   0.87230E-02
 2938.68   0.78516E-02   0.87576E-02   0.86650E-02
 2952.28   0.78014E-02   0.87015E-02   0.86075E-02
 2965.89   0.77516E-02   0.86459E-02   0.85505E-02
 2979.49   0.77025E-02   0.85909E-02   0.84940E-02
 2993.10   0.76538E-02   0.85364E-02   0.84381E-02
 3006.70   0.76057E-02   0.84824E-02   0.83828E-02
 3020.31   0.75581E-02   0.84289E-02   0.83280E-02
 3033.91   0.75109E-02   0.83760E-02   0.82737E-02
 3047.52   0.74643E-02   0.83235E-02   0.82200E-02
 3061.12   0.74182E-02   0.82716E-02   0.81667E-02
 3074.73   0.73726E-02   0.82202E-02   0.81140E-02
 3088.33   0.73274E-02   0.81692E-02   0.80618E-02
 3101.94   0.72827E-02   0.81187E-02   0.80100E-02
 3115.54   0.72385E-02   0.80686E-02   0.79588E-02
 3129.15   0.71947E-02   0.80190E-02   0.79080E-02
 3142.75   0.71514E-02   0.79699E-02   0.78577E-02
 3156.36   0.71085E-02   0.79213E-02   0.78079E-02
 3169.96   0.70661E-02   0.78730E-02   0.77585E-02
 3183.57   0.70241E-02   0.78252E-02   0.77095E-02
 3197.17   0.69824E-02   0.77778E-02   0.76610E-02
 3210.78   0.69412E-02   0.77308E-02   0.76129E-02
 3224.38   0.69004E-02   0.76842E-02   0.75653E-02
 3237.99   0.68600E-02   0.76381E-02   0.75180E-02
 3251.59   0.68202E-02   0.75925E-02   0.74714E-02
 3265.20   0.67806E-02   0.75472E-02   0.74251E-02
 3278.80   0.67415E-02   0.75023E-02   0.73792E-02
 3292.41   0.67027E-02   0.74578E-02   0.73337E-02
 3306.01   0.66643E-02   0.74137E-02   0.72886E-02
 3319.62   0.66263E-02   0.73699E-02   0.72439E-02
 3333.22   0.65886E-02   0.73265E-02   0.71995E-02
 3346.83   0.65512E-02   0.72834E-02   0.71555E-02
 3360.43   0.65147E-02   0.72412E-02   0.71124E-02
 3374.04   0.64781E-02   0.71990E-02   0.70692E-02
 3387.64   0.64419E-02   0.71571E-02   0.70264E-02
 3401.25   0.64062E-02   0.71157E-02   0.69842E-02
 3414.85   0.63708E-02   0.70747E-02   0.69422E-02
 3428.46   0.63357E-02   0.70339E-02   0.69006E-02
 3442.06   0.63009E-02   0.69934E-02   0.68593E-02
 3455.67   0.62661E-02   0.69529E-02   0.68180E-02
 3469.27   0.62329E-02   0.69143E-02   0.67785E-02
 3482.88   0.61988E-02   0.68745E-02   0.67380E-02
 3496.48   0.61653E-02   0.68354E-02   0.66981E-02
 3510.09   0.61322E-02   0.67967E-02   0.66586E-02
 3523.69   0.60994E-02   0.67583E-02   0.66195E-02
 3537.30   0.60670E-02   0.67203E-02   0.65807E-02
 3550.90   0.60348E-02   0.66825E-02   0.65423E-02
 3564.51   0.60028E-02   0.66449E-02   0.65039E-02
 3578.11   0.59706E-02   0.66071E-02   0.64654E-02
 3591.72   0.59404E-02   0.65714E-02   0.64291E-02
 3605.32   0.59092E-02   0.65347E-02   0.63917E-02
 3618.93   0.58784E-02   0.64983E-02   0.63547E-02
 3632.53   0.58480E-02   0.64624E-02   0.63181E-02
 3646.14   0.58179E-02   0.64268E-02   0.62818E-02
 3659.74   0.57881E-02   0.63915E-02   0.62459E-02
 3673.35   0.57585E-02   0.63564E-02   0.62102E-02
 3686.95   0.57290E-02   0.63214E-02   0.61746E-02
 3700.56   0.57007E-02   0.62877E-02   0.61403E-02
 3714.16   0.56717E-02   0.62532E-02   0.61053E-02
 3727.77   0.56431E-02   0.62191E-02   0.60706E-02
 3741.37   0.56147E-02   0.61853E-02   0.60363E-02
 3754.98   0.55867E-02   0.61518E-02   0.60023E-02
 3768.58   0.55590E-02   0.61187E-02   0.59686E-02
 3782.19   0.55316E-02   0.60859E-02   0.59353E-02
 3795.79   0.55044E-02   0.60533E-02   0.59022E-02
 3809.40   0.54775E-02   0.60210E-02   0.58694E-02
 3823.00   0.54510E-02   0.59892E-02   0.58371E-02
 3836.61   0.54245E-02   0.59573E-02   0.58048E-02
 3850.21   0.53982E-02   0.59256E-02   0.57727E-02
 3863.82   0.53721E-02   0.58942E-02   0.57408E-02
 3877.42   0.53463E-02   0.58629E-02   0.57091E-02
 3891.03   0.53206E-02   0.58320E-02   0.56778E-02
 3904.63   0.52953E-02   0.58013E-02   0.56467E-02
 3918.24   0.52703E-02   0.57710E-02   0.56159E-02
 3931.84   0.52455E-02   0.57409E-02   0.55855E-02
 3945.45   0.52209E-02   0.57111E-02   0.55553E-02
 3959.05   0.51966E-02   0.56815E-02   0.55253E-02
 3972.66   0.51724E-02   0.56520E-02   0.54955E-02
 3986.26   0.51483E-02   0.56227E-02   0.54658E-02
 3999.87   0.51244E-02   0.55935E-02   0.54363E-02
 4013.47   0.51007E-02   0.55645E-02   0.54070E-02
 4027.08   0.50771E-02   0.55358E-02   0.53779E-02
 4040.68   0.50538E-02   0.55072E-02   0.53491E-02
 4054.29   0.50308E-02   0.54790E-02   0.53206E-02
 4067.89   0.50084E-02   0.54515E-02   0.52928E-02
 4081.50   0.49859E-02   0.54237E-02   0.52647E-02
 4095.10   0.49635E-02   0.53963E-02   0.52370E-02
 4108.71   0.49413E-02   0.53689E-02   0.52094E-02
 4122.31   0.49193E-02   0.53417E-02   0.51819E-02
 4135.92   0.48973E-02   0.53146E-02   0.51546E-02
 4149.52   0.48755E-02   0.52876E-02   0.51274E-02
 4163.13   0.48537E-02   0.52607E-02   0.51002E-02
 4176.73   0.48320E-02   0.52340E-02   0.50733E-02
 4190.34   0.48121E-02   0.52090E-02   0.50481E-02
 4203.94   0.47909E-02   0.51828E-02   0.50217E-02
 4217.55   0.47702E-02   0.51570E-02   0.49957E-02
 4231.15   0.47497E-02   0.51315E-02   0.49700E-02
 4244.76   0.47294E-02   0.51061E-02   0.49445E-02
 4258.36   0.47091E-02   0.50808E-02   0.49191E-02
 4271.97   0.46889E-02   0.50556E-02   0.48937E-02
 4285.57   0.46686E-02   0.50303E-02   0.48683E-02
 4299.18   0.46485E-02   0.50051E-02   0.48430E-02
 4312.78   0.46306E-02   0.49824E-02   0.48201E-02
 4326.39   0.46105E-02   0.49573E-02   0.47949E-02
 4339.99   0.45911E-02   0.49329E-02   0.47704E-02
 4353.60   0.45719E-02   0.49089E-02   0.47462E-02
 4367.20   0.45531E-02   0.48850E-02   0.47223E-02
 4380.81   0.45343E-02   0.48614E-02   0.46986E-02
 4394.41   0.45157E-02   0.48379E-02   0.46750E-02
 4408.02   0.44970E-02   0.48143E-02   0.46514E-02
 4421.62   0.44780E-02   0.47903E-02   0.46273E-02
 4435.23   0.44629E-02   0.47706E-02   0.46075E-02
 4448.83   0.44431E-02   0.47458E-02   0.45827E-02
 4462.44   0.44248E-02   0.47227E-02   0.45595E-02
 4476.04   0.44068E-02   0.46999E-02   0.45367E-02
 4489.65   0.43891E-02   0.46774E-02   0.45142E-02
 4503.25   0.43716E-02   0.46551E-02   0.44919E-02
 4516.86   0.43544E-02   0.46331E-02   0.44698E-02
 4530.46   0.43372E-02   0.46111E-02   0.44479E-02
 4544.07   0.43200E-02   0.45892E-02   0.44260E-02
 4557.67   0.43027E-02   0.45671E-02   0.44039E-02
 4571.28   0.42873E-02   0.45470E-02   0.43838E-02
 4584.88   0.42701E-02   0.45251E-02   0.43619E-02
 4598.49   0.42533E-02   0.45036E-02   0.43405E-02
 4612.09   0.42367E-02   0.44823E-02   0.43192E-02
 4625.70   0.42203E-02   0.44612E-02   0.42981E-02
 4639.30   0.42041E-02   0.44403E-02   0.42773E-02
 4652.91   0.41881E-02   0.44197E-02   0.42567E-02
 4666.51   0.41723E-02   0.43992E-02   0.42363E-02
 4680.12   0.41565E-02   0.43789E-02   0.42161E-02
 4693.72   0.41405E-02   0.43582E-02   0.41955E-02
 4707.33   0.41258E-02   0.43390E-02   0.41763E-02
 4720.93   0.41103E-02   0.43189E-02   0.41563E-02
 4734.54   0.40948E-02   0.42988E-02   0.41363E-02
 4748.14   0.40794E-02   0.42789E-02   0.41165E-02
 4761.75   0.40641E-02   0.42590E-02   0.40968E-02
 4775.35   0.40490E-02   0.42394E-02   0.40772E-02
 4788.96   0.40341E-02   0.42200E-02   0.40579E-02
 4802.56   0.40194E-02   0.42007E-02   0.40389E-02
 4816.17   0.40049E-02   0.41817E-02   0.40200E-02
 4829.77   0.39905E-02   0.41629E-02   0.40013E-02
 4843.38   0.39762E-02   0.41442E-02   0.39827E-02
 4856.98   0.39620E-02   0.41255E-02   0.39641E-02
 4870.59   0.39478E-02   0.41068E-02   0.39456E-02
 4884.19   0.39335E-02   0.40882E-02   0.39272E-02
 4897.80   0.39194E-02   0.40696E-02   0.39087E-02
 4911.40   0.39052E-02   0.40511E-02   0.38904E-02
 4925.01   0.38912E-02   0.40327E-02   0.38722E-02
 4938.61   0.38773E-02   0.40144E-02   0.38541E-02
 4952.22   0.38634E-02   0.39961E-02   0.38360E-02
 4965.82   0.38509E-02   0.39794E-02   0.38194E-02
 4979.43   0.38373E-02   0.39614E-02   0.38017E-02
 4993.03   0.38241E-02   0.39439E-02   0.37843E-02
 5006.64   0.38110E-02   0.39265E-02   0.37671E-02
 5020.24   0.37979E-02   0.39091E-02   0.37500E-02
 5033.85   0.37848E-02   0.38917E-02   0.37328E-02
 5047.45   0.37716E-02   0.38743E-02   0.37156E-02
 5061.06   0.37585E-02   0.38569E-02   0.36985E-02
 5074.66   0.37453E-02   0.38396E-02   0.36813E-02
 5088.27   0.37317E-02   0.38217E-02   0.36637E-02
 5101.87   0.37221E-02   0.38079E-02   0.36501E-02
 5115.48   0.37084E-02   0.37900E-02   0.36325E-02
 5129.08   0.36959E-02   0.37733E-02   0.36161E-02
 5142.69   0.36836E-02   0.37569E-02   0.35999E-02
 5156.29   0.36715E-02   0.37407E-02   0.35839E-02
 5169.90   0.36594E-02   0.37244E-02   0.35679E-02
 5183.50   0.36473E-02   0.37082E-02   0.35520E-02
 5197.11   0.36351E-02   0.36919E-02   0.35360E-02
 5210.71   0.36227E-02   0.36755E-02   0.35198E-02
 5224.32   0.36098E-02   0.36585E-02   0.35032E-02
 5237.92   0.35967E-02   0.36413E-02   0.34864E-02
 5251.53   0.35886E-02   0.36292E-02   0.34743E-02
 5265.13   0.35765E-02   0.36130E-02   0.34585E-02
 5278.74   0.35648E-02   0.35974E-02   0.34432E-02
 5292.34   0.35534E-02   0.35820E-02   0.34281E-02
 5305.95   0.35421E-02   0.35667E-02   0.34131E-02
 5319.55   0.35309E-02   0.35516E-02   0.33983E-02
 5333.16   0.35197E-02   0.35364E-02   0.33834E-02
 5346.76   0.35084E-02   0.35211E-02   0.33685E-02
 5360.37   0.34967E-02   0.35055E-02   0.33532E-02
 5373.97   0.34849E-02   0.34898E-02   0.33378E-02
 5387.58   0.34770E-02   0.34780E-02   0.33262E-02
 5401.18   0.34652E-02   0.34623E-02   0.33109E-02
 5414.79   0.34540E-02   0.34472E-02   0.32962E-02
 5428.39   0.34431E-02   0.34325E-02   0.32818E-02
 5442.00   0.34324E-02   0.34179E-02   0.32676E-02
 5455.60   0.34219E-02   0.34036E-02   0.32536E-02
 5469.21   0.34115E-02   0.33894E-02   0.32398E-02
 5482.81   0.34011E-02   0.33752E-02   0.32260E-02
 5496.42   0.33907E-02   0.33610E-02   0.32121E-02
 5510.02   0.33794E-02   0.33459E-02   0.31974E-02
 5523.63   0.33729E-02   0.33357E-02   0.31873E-02
 5537.23   0.33610E-02   0.33201E-02   0.31722E-02
 5550.84   0.33504E-02   0.33057E-02   0.31582E-02
 5564.44   0.33400E-02   0.32917E-02   0.31445E-02
 5578.05   0.33298E-02   0.32777E-02   0.31310E-02
 5591.65   0.33197E-02   0.32640E-02   0.31177E-02
 5605.26   0.33098E-02   0.32505E-02   0.31045E-02
 5618.86   0.33001E-02   0.32371E-02   0.30916E-02
 5632.47   0.32905E-02   0.32239E-02   0.30787E-02
 5646.07   0.32809E-02   0.32107E-02   0.30659E-02
 5659.68   0.32711E-02   0.31973E-02   0.30529E-02
 5673.28   0.32627E-02   0.31852E-02   0.30412E-02
 5686.89   0.32530E-02   0.31719E-02   0.30283E-02
 5700.49   0.32433E-02   0.31587E-02   0.30155E-02
 5714.10   0.32337E-02   0.31455E-02   0.30027E-02
 5727.70   0.32241E-02   0.31324E-02   0.29900E-02
 5741.31   0.32146E-02   0.31194E-02   0.29774E-02
 5754.91   0.32052E-02   0.31066E-02   0.29650E-02
 5768.52   0.31960E-02   0.30939E-02   0.29528E-02
 5782.12   0.31870E-02   0.30814E-02   0.29407E-02
 5795.73   0.31781E-02   0.30690E-02   0.29287E-02
 5809.33   0.31693E-02   0.30567E-02   0.29169E-02
 5822.94   0.31606E-02   0.30446E-02   0.29052E-02
 5836.54   0.31518E-02   0.30324E-02   0.28934E-02
 5850.15   0.31430E-02   0.30202E-02   0.28816E-02
 5863.75   0.31341E-02   0.30079E-02   0.28698E-02
 5877.36   0.31252E-02   0.29956E-02   0.28579E-02
 5890.96   0.31162E-02   0.29833E-02   0.28461E-02
 5904.57   0.31073E-02   0.29711E-02   0.28343E-02
 5918.17   0.30985E-02   0.29590E-02   0.28226E-02
 5931.78   0.30898E-02   0.29470E-02   0.28111E-02
 5945.38   0.30811E-02   0.29351E-02   0.27996E-02
 5958.99   0.30731E-02   0.29237E-02   0.27887E-02
 5972.59   0.30651E-02   0.29125E-02   0.27779E-02
 5986.20   0.30569E-02   0.29010E-02   0.27668E-02
 5999.80   0.30487E-02   0.28896E-02   0.27559E-02
 6013.41   0.30405E-02   0.28782E-02   0.27449E-02
 6027.01   0.30322E-02   0.28667E-02   0.27339E-02
 6040.62   0.30239E-02   0.28552E-02   0.27228E-02
 6054.22   0.30155E-02   0.28436E-02   0.27118E-02
 6067.83   0.30070E-02   0.28320E-02   0.27007E-02
 6081.43   0.29986E-02   0.28204E-02   0.26895E-02
 6095.04   0.29897E-02   0.28085E-02   0.26781E-02
 6108.64   0.29818E-02   0.27975E-02   0.26676E-02
 6122.25   0.29758E-02   0.27883E-02   0.26588E-02
 6135.85   0.29677E-02   0.27771E-02   0.26481E-02
 6149.46   0.29599E-02   0.27663E-02   0.26377E-02
 6163.06   0.29523E-02   0.27555E-02   0.26275E-02
 6176.67   0.29446E-02   0.27449E-02   0.26173E-02
 6190.27   0.29369E-02   0.27341E-02   0.26070E-02
 6203.88   0.29291E-02   0.27233E-02   0.25967E-02
 6217.48   0.29212E-02   0.27124E-02   0.25863E-02
 6231.09   0.29130E-02   0.27013E-02   0.25757E-02
 6244.69   0.29043E-02   0.26897E-02   0.25646E-02
 6258.30   0.28963E-02   0.26788E-02   0.25542E-02
 6271.90   0.28923E-02   0.26716E-02   0.25474E-02
 6285.51   0.28840E-02   0.26604E-02   0.25368E-02
 6299.11   0.28763E-02   0.26499E-02   0.25267E-02
 6312.72   0.28690E-02   0.26397E-02   0.25170E-02
 6326.32   0.28618E-02   0.26296E-02   0.25074E-02
 6339.93   0.28546E-02   0.26195E-02   0.24978E-02
 6353.53   0.28474E-02   0.26095E-02   0.24883E-02
 6367.14   0.28401E-02   0.25994E-02   0.24787E-02
 6380.74   0.28326E-02   0.25891E-02   0.24689E-02
 6394.35   0.28246E-02   0.25783E-02   0.24587E-02
 6407.95   0.28168E-02   0.25678E-02   0.24487E-02
 6421.56   0.28142E-02   0.25621E-02   0.24433E-02
 6435.16   0.28053E-02   0.25506E-02   0.24324E-02
 6448.77   0.27976E-02   0.25402E-02   0.24226E-02
 6462.37   0.27903E-02   0.25303E-02   0.24131E-02
 6475.98   0.27833E-02   0.25205E-02   0.24039E-02
 6489.58   0.27765E-02   0.25110E-02   0.23949E-02
 6503.19   0.27697E-02   0.25015E-02   0.23859E-02
 6516.79   0.27630E-02   0.24921E-02   0.23770E-02
 6530.40   0.27562E-02   0.24827E-02   0.23681E-02
 6544.00   0.27492E-02   0.24731E-02   0.23590E-02
 6557.61   0.27410E-02   0.24624E-02   0.23489E-02
 6571.21   0.27325E-02   0.24515E-02   0.23386E-02
 6584.82   0.27308E-02   0.24467E-02   0.23341E-02
 6598.42   0.27233E-02   0.24367E-02   0.23247E-02
 6612.03   0.27162E-02   0.24271E-02   0.23156E-02
 6625.63   0.27092E-02   0.24176E-02   0.23067E-02
 6639.24   0.27025E-02   0.24084E-02   0.22979E-02
 6652.84   0.26959E-02   0.23993E-02   0.22894E-02
 6666.45   0.26894E-02   0.23903E-02   0.22809E-02
 6680.05   0.26831E-02   0.23815E-02   0.22726E-02
 6693.66   0.26768E-02   0.23727E-02   0.22644E-02
 6707.26   0.26703E-02   0.23638E-02   0.22560E-02
 6720.87   0.26636E-02   0.23547E-02   0.22474E-02
 6734.47   0.26594E-02   0.23478E-02   0.22409E-02
 6748.08   0.26524E-02   0.23384E-02   0.22321E-02
 6761.68   0.26457E-02   0.23294E-02   0.22237E-02
 6775.29   0.26390E-02   0.23204E-02   0.22152E-02
 6788.89   0.26324E-02   0.23115E-02   0.22068E-02
 6802.50   0.26259E-02   0.23026E-02   0.21985E-02
 6816.10   0.26195E-02   0.22939E-02   0.21904E-02
 6829.71   0.26133E-02   0.22854E-02   0.21823E-02
 6843.31   0.26072E-02   0.22770E-02   0.21744E-02
 6856.92   0.26012E-02   0.22687E-02   0.21667E-02
 6870.52   0.25953E-02   0.22605E-02   0.21590E-02
 6884.13   0.25892E-02   0.22522E-02   0.21512E-02
 6897.73   0.25838E-02   0.22444E-02   0.21440E-02
 6911.34   0.25778E-02   0.22362E-02   0.21363E-02
 6924.94   0.25718E-02   0.22280E-02   0.21286E-02
 6938.55   0.25657E-02   0.22196E-02   0.21208E-02
 6952.15   0.25595E-02   0.22113E-02   0.21130E-02
 6965.76   0.25532E-02   0.22029E-02   0.21052E-02
 6979.36   0.25470E-02   0.21945E-02   0.20974E-02
 6992.97   0.25408E-02   0.21863E-02   0.20897E-02
 7006.57   0.25348E-02   0.21782E-02   0.20821E-02
 7020.18   0.25289E-02   0.21702E-02   0.20746E-02
 7033.78   0.25231E-02   0.21623E-02   0.20673E-02
 7047.39   0.25178E-02   0.21548E-02   0.20603E-02
 7060.99   0.25123E-02   0.21472E-02   0.20533E-02
 7074.60   0.25068E-02   0.21396E-02   0.20461E-02
 7088.20   0.25012E-02   0.21320E-02   0.20391E-02
 7101.81   0.24956E-02   0.21243E-02   0.20319E-02
 7115.41   0.24898E-02   0.21165E-02   0.20247E-02
 7129.02   0.24839E-02   0.21087E-02   0.20174E-02
 7142.62   0.24780E-02   0.21008E-02   0.20100E-02
 7156.23   0.24720E-02   0.20929E-02   0.20027E-02
 7169.83   0.24659E-02   0.20849E-02   0.19953E-02
 7183.44   0.24599E-02   0.20770E-02   0.19880E-02
 7197.04   0.24535E-02   0.20688E-02   0.19803E-02
 7210.65   0.24485E-02   0.20618E-02   0.19738E-02
 7224.25   0.24446E-02   0.20558E-02   0.19683E-02
 7237.86   0.24390E-02   0.20483E-02   0.19614E-02
 7251.46   0.24336E-02   0.20411E-02   0.19547E-02
 7265.07   0.24283E-02   0.20339E-02   0.19480E-02
 7278.67   0.24230E-02   0.20267E-02   0.19413E-02
 7292.28   0.24176E-02   0.20195E-02   0.19346E-02
 7305.88   0.24120E-02   0.20121E-02   0.19278E-02
 7319.49   0.24063E-02   0.20047E-02   0.19209E-02
 7333.09   0.24004E-02   0.19971E-02   0.19139E-02
 7346.70   0.23943E-02   0.19893E-02   0.19067E-02
 7360.30   0.23873E-02   0.19809E-02   0.18988E-02
 7373.91   0.23820E-02   0.19738E-02   0.18924E-02
 7387.51   0.23806E-02   0.19701E-02   0.18890E-02
 7401.12   0.23744E-02   0.19623E-02   0.18818E-02
 7414.72   0.23689E-02   0.19552E-02   0.18752E-02
 7428.33   0.23637E-02   0.19483E-02   0.18688E-02
 7441.93   0.23586E-02   0.19415E-02   0.18626E-02
 7455.54   0.23535E-02   0.19347E-02   0.18564E-02
 7469.14   0.23484E-02   0.19280E-02   0.18501E-02
 7482.75   0.23431E-02   0.19211E-02   0.18438E-02
 7496.35   0.23376E-02   0.19141E-02   0.18373E-02
 7509.96   0.23319E-02   0.19068E-02   0.18306E-02
 7523.56   0.23252E-02   0.18988E-02   0.18232E-02
 7537.17   0.23196E-02   0.18918E-02   0.18167E-02
 7550.77   0.23201E-02   0.18897E-02   0.18149E-02
 7564.38   0.23129E-02   0.18814E-02   0.18072E-02
 7577.98   0.23071E-02   0.18742E-02   0.18006E-02
 7591.59   0.23018E-02   0.18673E-02   0.17943E-02
 7605.19   0.22966E-02   0.18607E-02   0.17883E-02
 7618.80   0.22917E-02   0.18543E-02   0.17823E-02
 7632.40   0.22868E-02   0.18479E-02   0.17765E-02
 7646.01   0.22819E-02   0.18416E-02   0.17707E-02
 7659.61   0.22770E-02   0.18352E-02   0.17648E-02
 7673.22   0.22718E-02   0.18286E-02   0.17588E-02
 7686.82   0.22661E-02   0.18217E-02   0.17524E-02
 7700.43   0.22576E-02   0.18125E-02   0.17438E-02
 7714.03   0.22628E-02   0.18143E-02   0.17458E-02
 7727.64   0.22540E-02   0.18049E-02   0.17371E-02
 7741.24   0.22480E-02   0.17978E-02   0.17305E-02
 7754.85   0.22425E-02   0.17910E-02   0.17243E-02
 7768.45   0.22372E-02   0.17845E-02   0.17184E-02
 7782.06   0.22321E-02   0.17782E-02   0.17125E-02
 7795.66   0.22272E-02   0.17720E-02   0.17069E-02
 7809.27   0.22225E-02   0.17659E-02   0.17013E-02
 7822.87   0.22178E-02   0.17599E-02   0.16959E-02
 7836.48   0.22132E-02   0.17540E-02   0.16905E-02
 7850.08   0.22084E-02   0.17480E-02   0.16850E-02
 7863.69   0.22030E-02   0.17415E-02   0.16790E-02
 7877.29   0.21976E-02   0.17350E-02   0.16731E-02
 7890.90   0.21964E-02   0.17319E-02   0.16704E-02
 7904.50   0.21907E-02   0.17252E-02   0.16642E-02
 7918.11   0.21854E-02   0.17188E-02   0.16584E-02
 7931.71   0.21801E-02   0.17125E-02   0.16526E-02
 7945.32   0.21750E-02   0.17063E-02   0.16469E-02
 7958.92   0.21700E-02   0.17002E-02   0.16414E-02
 7972.53   0.21650E-02   0.16942E-02   0.16359E-02
 7986.13   0.21603E-02   0.16884E-02   0.16306E-02
 7999.74   0.21557E-02   0.16827E-02   0.16254E-02
 8013.34   0.21512E-02   0.16771E-02   0.16203E-02
 8026.95   0.21468E-02   0.16715E-02   0.16153E-02
 8040.55   0.21422E-02   0.16658E-02   0.16101E-02
 8054.16   0.21371E-02   0.16598E-02   0.16046E-02
 8067.76   0.21341E-02   0.16554E-02   0.16007E-02
 8081.37   0.21294E-02   0.16497E-02   0.15955E-02
 8094.97   0.21246E-02   0.16440E-02   0.15903E-02
 8108.58   0.21197E-02   0.16382E-02   0.15850E-02
 8122.18   0.21148E-02   0.16324E-02   0.15797E-02
 8135.79   0.21098E-02   0.16266E-02   0.15744E-02
 8149.39   0.21049E-02   0.16208E-02   0.15691E-02
 8163.00   0.21001E-02   0.16151E-02   0.15640E-02
 8176.60   0.20955E-02   0.16096E-02   0.15589E-02
 8190.21   0.20909E-02   0.16041E-02   0.15540E-02
 8203.81   0.20866E-02   0.15988E-02   0.15492E-02
 8217.42   0.20823E-02   0.15936E-02   0.15445E-02
 8231.02   0.20782E-02   0.15886E-02   0.15399E-02
 8244.63   0.20740E-02   0.15834E-02   0.15353E-02
 8258.23   0.20697E-02   0.15783E-02   0.15306E-02
 8271.84   0.20654E-02   0.15731E-02   0.15259E-02
 8285.44   0.20609E-02   0.15678E-02   0.15212E-02
 8299.05   0.20563E-02   0.15624E-02   0.15163E-02
 8312.65   0.20516E-02   0.15570E-02   0.15113E-02
 8326.26   0.20468E-02   0.15515E-02   0.15063E-02
 8339.86   0.20419E-02   0.15460E-02   0.15013E-02
 8353.47   0.20371E-02   0.15405E-02   0.14964E-02
 8367.07   0.20323E-02   0.15351E-02   0.14915E-02
 8380.68   0.20275E-02   0.15297E-02   0.14866E-02
 8394.28   0.20217E-02   0.15235E-02   0.14809E-02
 8407.89   0.20210E-02   0.15212E-02   0.14790E-02
 8421.49   0.20160E-02   0.15157E-02   0.14739E-02
 8435.10   0.20117E-02   0.15107E-02   0.14695E-02
 8448.70   0.20076E-02   0.15058E-02   0.14651E-02
 8462.31   0.20034E-02   0.15010E-02   0.14607E-02
 8475.91   0.19991E-02   0.14960E-02   0.14563E-02
 8489.52   0.19947E-02   0.14910E-02   0.14517E-02
 8503.12   0.19901E-02   0.14859E-02   0.14471E-02
 8516.73   0.19854E-02   0.14807E-02   0.14424E-02
 8530.33   0.19806E-02   0.14754E-02   0.14376E-02
 8543.94   0.19756E-02   0.14701E-02   0.14327E-02
 8557.54   0.19703E-02   0.14645E-02   0.14276E-02
 8571.15   0.19624E-02   0.14569E-02   0.14206E-02
 8584.75   0.19676E-02   0.14591E-02   0.14231E-02
 8598.36   0.19602E-02   0.14521E-02   0.14166E-02
 8611.96   0.19555E-02   0.14469E-02   0.14119E-02
 8625.57   0.19512E-02   0.14421E-02   0.14076E-02
 8639.17   0.19470E-02   0.14375E-02   0.14034E-02
 8652.78   0.19430E-02   0.14329E-02   0.13993E-02
 8666.38   0.19389E-02   0.14283E-02   0.13952E-02
 8679.99   0.19347E-02   0.14237E-02   0.13910E-02
 8693.59   0.19303E-02   0.14189E-02   0.13867E-02
 8707.20   0.19257E-02   0.14140E-02   0.13823E-02
 8720.80   0.19209E-02   0.14089E-02   0.13777E-02
 8734.41   0.19155E-02   0.14034E-02   0.13727E-02
 8748.01   0.19078E-02   0.13963E-02   0.13660E-02
 8761.62   0.19042E-02   0.13922E-02   0.13624E-02
 8775.22   0.19067E-02   0.13925E-02   0.13631E-02
 8788.83   0.19011E-02   0.13870E-02   0.13580E-02
 8802.43   0.18964E-02   0.13821E-02   0.13536E-02
 8816.04   0.18921E-02   0.13774E-02   0.13494E-02
 8829.64   0.18880E-02   0.13730E-02   0.13454E-02
 8843.25   0.18840E-02   0.13686E-02   0.13415E-02
 8856.85   0.18800E-02   0.13643E-02   0.13377E-02
 8870.46   0.18760E-02   0.13600E-02   0.13338E-02
 8884.06   0.18718E-02   0.13556E-02   0.13298E-02
 8897.67   0.18674E-02   0.13510E-02   0.13257E-02
 8911.27   0.18626E-02   0.13461E-02   0.13213E-02
 8924.88   0.18565E-02   0.13403E-02   0.13160E-02
 8938.48   0.18521E-02   0.13358E-02   0.13119E-02
 8952.09   0.18551E-02   0.13366E-02   0.13130E-02
 8965.69   0.18486E-02   0.13306E-02   0.13075E-02
 8979.30   0.18435E-02   0.13256E-02   0.13029E-02
 8992.90   0.18388E-02   0.13209E-02   0.12987E-02
 9006.51   0.18344E-02   0.13164E-02   0.12947E-02
 9020.11   0.18302E-02   0.13121E-02   0.12908E-02
 9033.72   0.18262E-02   0.13079E-02   0.12871E-02
 9047.32   0.18223E-02   0.13038E-02   0.12834E-02
 9060.93   0.18184E-02   0.12998E-02   0.12798E-02
 9074.53   0.18145E-02   0.12957E-02   0.12762E-02
 9088.14   0.18104E-02   0.12915E-02   0.12724E-02
 9101.74   0.18058E-02   0.12870E-02   0.12683E-02
 9115.35   0.17984E-02   0.12805E-02   0.12623E-02
 9128.95   0.18047E-02   0.12838E-02   0.12659E-02
 9142.56   0.17968E-02   0.12769E-02   0.12595E-02
 9156.16   0.17917E-02   0.12721E-02   0.12551E-02
 9169.77   0.17869E-02   0.12676E-02   0.12510E-02
 9183.37   0.17824E-02   0.12631E-02   0.12470E-02
 9196.98   0.17779E-02   0.12588E-02   0.12431E-02
 9210.58   0.17736E-02   0.12546E-02   0.12393E-02
 9224.19   0.17695E-02   0.12505E-02   0.12357E-02
 9237.79   0.17656E-02   0.12466E-02   0.12322E-02
 9251.40   0.17617E-02   0.12428E-02   0.12287E-02
 9265.00   0.17580E-02   0.12390E-02   0.12254E-02
 9278.61   0.17542E-02   0.12352E-02   0.12220E-02
 9292.21   0.17501E-02   0.12312E-02   0.12184E-02
 9305.82   0.17459E-02   0.12272E-02   0.12148E-02
 9319.42   0.17446E-02   0.12251E-02   0.12131E-02
 9333.03   0.17400E-02   0.12208E-02   0.12093E-02
 9346.63   0.17357E-02   0.12167E-02   0.12056E-02
 9360.24   0.17313E-02   0.12127E-02   0.12019E-02
 9373.84   0.17270E-02   0.12085E-02   0.11982E-02
 9387.45   0.17226E-02   0.12044E-02   0.11945E-02
 9401.05   0.17183E-02   0.12004E-02   0.11909E-02
 9414.66   0.17140E-02   0.11964E-02   0.11873E-02
 9428.26   0.17099E-02   0.11925E-02   0.11838E-02
 9441.87   0.17060E-02   0.11888E-02   0.11804E-02
 9455.47   0.17022E-02   0.11851E-02   0.11772E-02
 9469.08   0.16985E-02   0.11816E-02   0.11740E-02
 9482.68   0.16949E-02   0.11781E-02   0.11710E-02
 9496.29   0.16912E-02   0.11746E-02   0.11678E-02
 9509.89   0.16878E-02   0.11713E-02   0.11649E-02
 9523.50   0.16842E-02   0.11678E-02   0.11618E-02
 9537.10   0.16804E-02   0.11642E-02   0.11587E-02
 9550.71   0.16765E-02   0.11606E-02   0.11554E-02
 9564.31   0.16724E-02   0.11569E-02   0.11521E-02
 9577.92   0.16682E-02   0.11531E-02   0.11487E-02
 9591.52   0.16640E-02   0.11492E-02   0.11452E-02
 9605.13   0.16597E-02   0.11454E-02   0.11417E-02
 9618.73   0.16554E-02   0.11415E-02   0.11383E-02
 9632.34   0.16512E-02   0.11378E-02   0.11349E-02
 9645.94   0.16472E-02   0.11341E-02   0.11316E-02
 9659.55   0.16432E-02   0.11305E-02   0.11284E-02
 9673.15   0.16391E-02   0.11268E-02   0.11251E-02
 9686.76   0.16363E-02   0.11241E-02   0.11227E-02
 9700.36   0.16330E-02   0.11210E-02   0.11200E-02
 9713.97   0.16294E-02   0.11177E-02   0.11170E-02
 9727.57   0.16258E-02   0.11144E-02   0.11141E-02
 9741.18   0.16222E-02   0.11111E-02   0.11112E-02
 9754.78   0.16184E-02   0.11078E-02   0.11082E-02
 9768.39   0.16146E-02   0.11043E-02   0.11052E-02
 9781.99   0.16105E-02   0.11008E-02   0.11020E-02
 9795.60   0.16064E-02   0.10972E-02   0.10988E-02
 9809.20   0.16021E-02   0.10935E-02   0.10954E-02
 9822.81   0.15978E-02   0.10898E-02   0.10921E-02
 9836.41   0.15934E-02   0.10860E-02   0.10887E-02
 9850.02   0.15888E-02   0.10822E-02   0.10852E-02
 9863.62   0.15833E-02   0.10777E-02   0.10811E-02
 9877.23   0.15811E-02   0.10755E-02   0.10792E-02
 9890.83   0.15803E-02   0.10743E-02   0.10783E-02
 9904.44   0.15759E-02   0.10706E-02   0.10750E-02
 9918.04   0.15721E-02   0.10673E-02   0.10721E-02
 9931.65   0.15685E-02   0.10642E-02   0.10693E-02
 9945.25   0.15649E-02   0.10611E-02   0.10666E-02
 9958.86   0.15613E-02   0.10580E-02   0.10638E-02
 9972.46   0.15576E-02   0.10548E-02   0.10610E-02
 9986.07   0.15538E-02   0.10515E-02   0.10581E-02
 9999.67   0.15497E-02   0.10482E-02   0.10550E-02
