 8992.90   0.40839E-02   0.40080E-02   0.40568E-02
 9006.51   0.40760E-02   0.40006E-02   0.40494E-02
 9020.11   0.40683E-02   0.39933E-02   0.40422E-02
 9033.72   0.40609E-02   0.39863E-02   0.40352E-02
 9047.32   0.40537E-02   0.39796E-02   0.40286E-02
 9060.93   0.40470E-02   0.39734E-02   0.40223E-02
 9074.53   0.40406E-02   0.39674E-02   0.40164E-02
 9088.14   0.40345E-02   0.39617E-02   0.40107E-02
 9101.74   0.40284E-02   0.39561E-02   0.40051E-02
 9115.35   0.40217E-02   0.39498E-02   0.39988E-02
 9128.95   0.40187E-02   0.39471E-02   0.39963E-02
 9142.56   0.40115E-02   0.39404E-02   0.39896E-02
 9156.16   0.40048E-02   0.39342E-02   0.39834E-02
 9169.77   0.39979E-02   0.39278E-02   0.39769E-02
 9183.37   0.39907E-02   0.39210E-02   0.39702E-02
 9196.98   0.39833E-02   0.39141E-02   0.39633E-02
 9210.58   0.39758E-02   0.39071E-02   0.39563E-02
 9224.19   0.39683E-02   0.39000E-02   0.39492E-02
 9237.79   0.39610E-02   0.38932E-02   0.39424E-02
 9251.40   0.39540E-02   0.38865E-02   0.39358E-02
 9265.00   0.39472E-02   0.38803E-02   0.39295E-02
 9278.61   0.39409E-02   0.38744E-02   0.39236E-02
 9292.21   0.39348E-02   0.38687E-02   0.39180E-02
 9305.82   0.39296E-02   0.38640E-02   0.39133E-02
 9319.42   0.39238E-02   0.38586E-02   0.39080E-02
 9333.03   0.39181E-02   0.38533E-02   0.39027E-02
 9346.63   0.39123E-02   0.38480E-02   0.38974E-02
 9360.24   0.39063E-02   0.38424E-02   0.38918E-02
 9373.84   0.38999E-02   0.38364E-02   0.38859E-02
 9387.45   0.38932E-02   0.38301E-02   0.38796E-02
 9401.05   0.38861E-02   0.38236E-02   0.38730E-02
 9414.66   0.38789E-02   0.38167E-02   0.38662E-02
 9428.26   0.38714E-02   0.38098E-02   0.38593E-02
 9441.87   0.38640E-02   0.38028E-02   0.38523E-02
 9455.47   0.38567E-02   0.37959E-02   0.38454E-02
 9469.08   0.38493E-02   0.37890E-02   0.38385E-02
 9482.68   0.38411E-02   0.37813E-02   0.38308E-02
 9496.29   0.38376E-02   0.37782E-02   0.38277E-02
 9509.89   0.38352E-02   0.37762E-02   0.38258E-02
 9523.50   0.38285E-02   0.37699E-02   0.38195E-02
 9537.10   0.38226E-02   0.37644E-02   0.38141E-02
 9550.71   0.38169E-02   0.37592E-02   0.38088E-02
 9564.31   0.38112E-02   0.37539E-02   0.38035E-02
 9577.92   0.38052E-02   0.37483E-02   0.37980E-02
 9591.52   0.37988E-02   0.37424E-02   0.37921E-02
 9605.13   0.37921E-02   0.37361E-02   0.37858E-02
 9618.73   0.37850E-02   0.37294E-02   0.37791E-02
 9632.34   0.37775E-02   0.37224E-02   0.37721E-02
 9645.94   0.37696E-02   0.37150E-02   0.37647E-02
 9659.55   0.37610E-02   0.37069E-02   0.37565E-02
 9673.15   0.37487E-02   0.36951E-02   0.37446E-02
 9686.76   0.37464E-02   0.36932E-02   0.37428E-02
 9700.36   0.37514E-02   0.36984E-02   0.37482E-02
 9713.97   0.37427E-02   0.36902E-02   0.37400E-02
 9727.57   0.37361E-02   0.36840E-02   0.37338E-02
 9741.18   0.37302E-02   0.36786E-02   0.37283E-02
 9754.78   0.37245E-02   0.36734E-02   0.37232E-02
 9768.39   0.37190E-02   0.36683E-02   0.37181E-02
 9781.99   0.37133E-02   0.36630E-02   0.37128E-02
 9795.60   0.37074E-02   0.36575E-02   0.37073E-02
 9809.20   0.37010E-02   0.36515E-02   0.37014E-02
 9822.81   0.36941E-02   0.36451E-02   0.36949E-02
 9836.41   0.36864E-02   0.36379E-02   0.36876E-02
 9850.02   0.36774E-02   0.36293E-02   0.36791E-02
 9863.62   0.36629E-02   0.36154E-02   0.36650E-02
 9877.23   0.36599E-02   0.36127E-02   0.36624E-02
 9890.83   0.36716E-02   0.36247E-02   0.36746E-02
 9904.44   0.36610E-02   0.36145E-02   0.36644E-02
 9918.04   0.36532E-02   0.36072E-02   0.36571E-02
 9931.65   0.36466E-02   0.36010E-02   0.36509E-02
 9945.25   0.36405E-02   0.35954E-02   0.36453E-02
 9958.86   0.36349E-02   0.35903E-02   0.36401E-02
 9972.46   0.36295E-02   0.35853E-02   0.36352E-02
 9986.07   0.36242E-02   0.35804E-02   0.36302E-02
 9999.67   0.36186E-02   0.35752E-02   0.36251E-02
