 3659.74   0.63764E-01   0.63129E-01   0.62103E-01
 3673.35   0.63383E-01   0.62756E-01   0.61740E-01
 3686.95   0.62996E-01   0.62377E-01   0.61369E-01
 3700.56   0.62657E-01   0.62047E-01   0.61046E-01
 3714.16   0.62276E-01   0.61674E-01   0.60682E-01
 3727.77   0.61909E-01   0.61314E-01   0.60330E-01
 3741.37   0.61546E-01   0.60960E-01   0.59984E-01
 3754.98   0.61187E-01   0.60608E-01   0.59640E-01
 3768.58   0.60830E-01   0.60259E-01   0.59299E-01
 3782.19   0.60475E-01   0.59911E-01   0.58959E-01
 3795.79   0.60118E-01   0.59563E-01   0.58618E-01
 3809.40   0.59760E-01   0.59212E-01   0.58275E-01
 3823.00   0.59437E-01   0.58896E-01   0.57967E-01
 3836.61   0.59084E-01   0.58550E-01   0.57629E-01
 3850.21   0.58739E-01   0.58213E-01   0.57298E-01
 3863.82   0.58399E-01   0.57879E-01   0.56972E-01
 3877.42   0.58062E-01   0.57550E-01   0.56650E-01
 3891.03   0.57729E-01   0.57223E-01   0.56331E-01
 3904.63   0.57397E-01   0.56898E-01   0.56013E-01
 3918.24   0.57065E-01   0.56573E-01   0.55695E-01
 3931.84   0.56727E-01   0.56242E-01   0.55371E-01
 3945.45   0.56424E-01   0.55946E-01   0.55082E-01
 3959.05   0.56096E-01   0.55624E-01   0.54767E-01
 3972.66   0.55772E-01   0.55307E-01   0.54456E-01
 3986.26   0.55452E-01   0.54993E-01   0.54150E-01
 3999.87   0.55136E-01   0.54683E-01   0.53846E-01
 4013.47   0.54823E-01   0.54376E-01   0.53546E-01
 4027.08   0.54513E-01   0.54072E-01   0.53249E-01
 4040.68   0.54204E-01   0.53770E-01   0.52953E-01
 4054.29   0.53893E-01   0.53464E-01   0.52654E-01
 4067.89   0.53601E-01   0.53178E-01   0.52374E-01
 4081.50   0.53296E-01   0.52879E-01   0.52081E-01
 4095.10   0.52993E-01   0.52582E-01   0.51791E-01
 4108.71   0.52693E-01   0.52287E-01   0.51502E-01
 4122.31   0.52395E-01   0.51995E-01   0.51216E-01
 4135.92   0.52100E-01   0.51706E-01   0.50933E-01
 4149.52   0.51809E-01   0.51420E-01   0.50653E-01
 4163.13   0.51521E-01   0.51137E-01   0.50377E-01
 4176.73   0.51235E-01   0.50856E-01   0.50101E-01
 4190.34   0.50952E-01   0.50579E-01   0.49830E-01
 4203.94   0.50669E-01   0.50301E-01   0.49558E-01
 4217.55   0.50387E-01   0.50024E-01   0.49287E-01
 4231.15   0.50106E-01   0.49748E-01   0.49017E-01
 4244.76   0.49826E-01   0.49473E-01   0.48747E-01
 4258.36   0.49548E-01   0.49199E-01   0.48480E-01
 4271.97   0.49273E-01   0.48929E-01   0.48215E-01
 4285.57   0.49000E-01   0.48661E-01   0.47953E-01
 4299.18   0.48729E-01   0.48395E-01   0.47692E-01
 4312.78   0.48467E-01   0.48137E-01   0.47440E-01
 4326.39   0.48202E-01   0.47877E-01   0.47184E-01
 4339.99   0.47939E-01   0.47618E-01   0.46931E-01
 4353.60   0.47677E-01   0.47360E-01   0.46679E-01
 4367.20   0.47416E-01   0.47103E-01   0.46427E-01
 4380.81   0.47155E-01   0.46846E-01   0.46175E-01
 4394.41   0.46895E-01   0.46590E-01   0.45925E-01
 4408.02   0.46636E-01   0.46336E-01   0.45675E-01
 4421.62   0.46377E-01   0.46081E-01   0.45425E-01
 4435.23   0.46149E-01   0.45856E-01   0.45206E-01
 4448.83   0.45888E-01   0.45599E-01   0.44954E-01
 4462.44   0.45640E-01   0.45355E-01   0.44714E-01
 4476.04   0.45394E-01   0.45113E-01   0.44478E-01
 4489.65   0.45151E-01   0.44873E-01   0.44242E-01
 4503.25   0.44907E-01   0.44633E-01   0.44007E-01
 4516.86   0.44664E-01   0.44393E-01   0.43772E-01
 4530.46   0.44421E-01   0.44153E-01   0.43537E-01
 4544.07   0.44176E-01   0.43912E-01   0.43301E-01
 4557.67   0.43935E-01   0.43674E-01   0.43068E-01
 4571.28   0.43722E-01   0.43465E-01   0.42863E-01
 4584.88   0.43482E-01   0.43228E-01   0.42630E-01
 4598.49   0.43249E-01   0.42998E-01   0.42405E-01
 4612.09   0.43019E-01   0.42772E-01   0.42183E-01
 4625.70   0.42792E-01   0.42547E-01   0.41963E-01
 4639.30   0.42565E-01   0.42324E-01   0.41744E-01
 4652.91   0.42339E-01   0.42100E-01   0.41525E-01
 4666.51   0.42111E-01   0.41875E-01   0.41305E-01
 4680.12   0.41879E-01   0.41646E-01   0.41080E-01
 4693.72   0.41641E-01   0.41411E-01   0.40849E-01
 4707.33   0.41460E-01   0.41232E-01   0.40674E-01
 4720.93   0.41235E-01   0.41010E-01   0.40456E-01
 4734.54   0.41016E-01   0.40793E-01   0.40244E-01
 4748.14   0.40801E-01   0.40581E-01   0.40036E-01
 4761.75   0.40588E-01   0.40370E-01   0.39830E-01
 4775.35   0.40377E-01   0.40162E-01   0.39625E-01
 4788.96   0.40167E-01   0.39954E-01   0.39421E-01
 4802.56   0.39955E-01   0.39745E-01   0.39216E-01
 4816.17   0.39736E-01   0.39527E-01   0.39003E-01
 4829.77   0.39577E-01   0.39370E-01   0.38849E-01
 4843.38   0.39346E-01   0.39142E-01   0.38625E-01
 4856.98   0.39136E-01   0.38934E-01   0.38421E-01
 4870.59   0.38931E-01   0.38731E-01   0.38222E-01
 4884.19   0.38728E-01   0.38530E-01   0.38025E-01
 4897.80   0.38528E-01   0.38332E-01   0.37831E-01
 4911.40   0.38331E-01   0.38136E-01   0.37639E-01
 4925.01   0.38135E-01   0.37942E-01   0.37448E-01
 4938.61   0.37939E-01   0.37749E-01   0.37258E-01
 4952.22   0.37738E-01   0.37549E-01   0.37063E-01
 4965.82   0.37571E-01   0.37384E-01   0.36901E-01
 4979.43   0.37368E-01   0.37183E-01   0.36703E-01
 4993.03   0.37173E-01   0.36989E-01   0.36514E-01
 5006.64   0.36981E-01   0.36798E-01   0.36326E-01
 5020.24   0.36790E-01   0.36609E-01   0.36141E-01
 5033.85   0.36601E-01   0.36422E-01   0.35957E-01
 5047.45   0.36415E-01   0.36237E-01   0.35776E-01
 5061.06   0.36232E-01   0.36055E-01   0.35597E-01
 5074.66   0.36050E-01   0.35874E-01   0.35420E-01
 5088.27   0.35868E-01   0.35694E-01   0.35243E-01
 5101.87   0.35696E-01   0.35523E-01   0.35075E-01
 5115.48   0.35514E-01   0.35342E-01   0.34898E-01
 5129.08   0.35335E-01   0.35164E-01   0.34723E-01
 5142.69   0.35155E-01   0.34986E-01   0.34548E-01
 5156.29   0.34977E-01   0.34808E-01   0.34374E-01
 5169.90   0.34799E-01   0.34632E-01   0.34201E-01
 5183.50   0.34623E-01   0.34457E-01   0.34029E-01
 5197.11   0.34449E-01   0.34284E-01   0.33859E-01
 5210.71   0.34278E-01   0.34113E-01   0.33692E-01
 5224.32   0.34108E-01   0.33944E-01   0.33526E-01
 5237.92   0.33941E-01   0.33778E-01   0.33363E-01
 5251.53   0.33775E-01   0.33613E-01   0.33200E-01
 5265.13   0.33609E-01   0.33447E-01   0.33038E-01
 5278.74   0.33443E-01   0.33282E-01   0.32876E-01
 5292.34   0.33277E-01   0.33117E-01   0.32714E-01
 5305.95   0.33111E-01   0.32951E-01   0.32551E-01
 5319.55   0.32945E-01   0.32786E-01   0.32389E-01
 5333.16   0.32780E-01   0.32622E-01   0.32228E-01
 5346.76   0.32617E-01   0.32459E-01   0.32068E-01
 5360.37   0.32455E-01   0.32297E-01   0.31909E-01
 5373.97   0.32297E-01   0.32140E-01   0.31755E-01
 5387.58   0.32147E-01   0.31990E-01   0.31608E-01
 5401.18   0.31989E-01   0.31833E-01   0.31454E-01
 5414.79   0.31835E-01   0.31679E-01   0.31302E-01
 5428.39   0.31681E-01   0.31525E-01   0.31151E-01
 5442.00   0.31527E-01   0.31371E-01   0.31000E-01
 5455.60   0.31373E-01   0.31217E-01   0.30849E-01
 5469.21   0.31218E-01   0.31063E-01   0.30698E-01
 5482.81   0.31063E-01   0.30908E-01   0.30546E-01
 5496.42   0.30908E-01   0.30754E-01   0.30394E-01
 5510.02   0.30747E-01   0.30592E-01   0.30236E-01
 5523.63   0.30640E-01   0.30485E-01   0.30130E-01
 5537.23   0.30474E-01   0.30319E-01   0.29967E-01
 5550.84   0.30326E-01   0.30171E-01   0.29822E-01
 5564.44   0.30181E-01   0.30026E-01   0.29679E-01
 5578.05   0.30037E-01   0.29882E-01   0.29539E-01
 5591.65   0.29894E-01   0.29739E-01   0.29398E-01
 5605.26   0.29751E-01   0.29596E-01   0.29258E-01
 5618.86   0.29608E-01   0.29452E-01   0.29116E-01
 5632.47   0.29463E-01   0.29307E-01   0.28974E-01
 5646.07   0.29315E-01   0.29159E-01   0.28828E-01
 5659.68   0.29170E-01   0.29014E-01   0.28686E-01
 5673.28   0.29064E-01   0.28907E-01   0.28581E-01
 5686.89   0.28914E-01   0.28757E-01   0.28434E-01
 5700.49   0.28774E-01   0.28617E-01   0.28296E-01
 5714.10   0.28637E-01   0.28480E-01   0.28161E-01
 5727.70   0.28503E-01   0.28345E-01   0.28029E-01
 5741.31   0.28370E-01   0.28212E-01   0.27898E-01
 5754.91   0.28237E-01   0.28079E-01   0.27767E-01
 5768.52   0.28104E-01   0.27945E-01   0.27636E-01
 5782.12   0.27969E-01   0.27810E-01   0.27503E-01
 5795.73   0.27829E-01   0.27669E-01   0.27364E-01
 5809.33   0.27688E-01   0.27527E-01   0.27226E-01
 5822.94   0.27596E-01   0.27435E-01   0.27135E-01
 5836.54   0.27457E-01   0.27296E-01   0.26998E-01
 5850.15   0.27325E-01   0.27163E-01   0.26868E-01
 5863.75   0.27196E-01   0.27033E-01   0.26740E-01
 5877.36   0.27070E-01   0.26906E-01   0.26615E-01
 5890.96   0.26945E-01   0.26780E-01   0.26492E-01
 5904.57   0.26821E-01   0.26656E-01   0.26370E-01
 5918.17   0.26698E-01   0.26532E-01   0.26248E-01
 5931.78   0.26574E-01   0.26408E-01   0.26126E-01
 5945.38   0.26445E-01   0.26277E-01   0.25998E-01
 5958.99   0.26311E-01   0.26143E-01   0.25866E-01
 5972.59   0.26223E-01   0.26054E-01   0.25779E-01
 5986.20   0.26096E-01   0.25926E-01   0.25653E-01
 5999.80   0.25972E-01   0.25801E-01   0.25530E-01
 6013.41   0.25850E-01   0.25678E-01   0.25410E-01
 6027.01   0.25730E-01   0.25558E-01   0.25291E-01
 6040.62   0.25612E-01   0.25439E-01   0.25174E-01
 6054.22   0.25496E-01   0.25322E-01   0.25059E-01
 6067.83   0.25381E-01   0.25206E-01   0.24945E-01
 6081.43   0.25267E-01   0.25091E-01   0.24832E-01
 6095.04   0.25151E-01   0.24974E-01   0.24718E-01
 6108.64   0.25032E-01   0.24853E-01   0.24599E-01
 6122.25   0.24935E-01   0.24756E-01   0.24504E-01
 6135.85   0.24820E-01   0.24639E-01   0.24389E-01
 6149.46   0.24705E-01   0.24524E-01   0.24275E-01
 6163.06   0.24591E-01   0.24408E-01   0.24162E-01
 6176.67   0.24478E-01   0.24294E-01   0.24050E-01
 6190.27   0.24366E-01   0.24181E-01   0.23939E-01
 6203.88   0.24255E-01   0.24069E-01   0.23829E-01
 6217.48   0.24147E-01   0.23960E-01   0.23721E-01
 6231.09   0.24040E-01   0.23852E-01   0.23615E-01
 6244.69   0.23934E-01   0.23745E-01   0.23510E-01
 6258.30   0.23829E-01   0.23638E-01   0.23405E-01
 6271.90   0.23726E-01   0.23534E-01   0.23304E-01
 6285.51   0.23622E-01   0.23428E-01   0.23200E-01
 6299.11   0.23517E-01   0.23322E-01   0.23095E-01
 6312.72   0.23412E-01   0.23216E-01   0.22991E-01
 6326.32   0.23306E-01   0.23109E-01   0.22886E-01
 6339.93   0.23200E-01   0.23002E-01   0.22781E-01
 6353.53   0.23095E-01   0.22896E-01   0.22676E-01
 6367.14   0.22991E-01   0.22790E-01   0.22573E-01
 6380.74   0.22889E-01   0.22687E-01   0.22471E-01
 6394.35   0.22788E-01   0.22584E-01   0.22370E-01
 6407.95   0.22691E-01   0.22486E-01   0.22273E-01
 6421.56   0.22595E-01   0.22388E-01   0.22178E-01
 6435.16   0.22497E-01   0.22289E-01   0.22080E-01
 6448.77   0.22400E-01   0.22191E-01   0.21984E-01
 6462.37   0.22303E-01   0.22092E-01   0.21887E-01
 6475.98   0.22206E-01   0.21994E-01   0.21790E-01
 6489.58   0.22108E-01   0.21894E-01   0.21693E-01
 6503.19   0.22010E-01   0.21794E-01   0.21594E-01
 6516.79   0.21911E-01   0.21694E-01   0.21496E-01
 6530.40   0.21813E-01   0.21595E-01   0.21398E-01
 6544.00   0.21715E-01   0.21495E-01   0.21300E-01
 6557.61   0.21613E-01   0.21392E-01   0.21200E-01
 6571.21   0.21522E-01   0.21300E-01   0.21109E-01
 6584.82   0.21445E-01   0.21221E-01   0.21031E-01
 6598.42   0.21351E-01   0.21126E-01   0.20938E-01
 6612.03   0.21260E-01   0.21033E-01   0.20847E-01
 6625.63   0.21170E-01   0.20942E-01   0.20757E-01
 6639.24   0.21080E-01   0.20850E-01   0.20667E-01
 6652.84   0.20990E-01   0.20758E-01   0.20577E-01
 6666.45   0.20898E-01   0.20665E-01   0.20485E-01
 6680.05   0.20806E-01   0.20571E-01   0.20393E-01
 6693.66   0.20713E-01   0.20477E-01   0.20300E-01
 6707.26   0.20617E-01   0.20379E-01   0.20204E-01
 6720.87   0.20528E-01   0.20288E-01   0.20115E-01
 6734.47   0.20472E-01   0.20230E-01   0.20058E-01
 6748.08   0.20372E-01   0.20129E-01   0.19958E-01
 6761.68   0.20282E-01   0.20038E-01   0.19869E-01
 6775.29   0.20196E-01   0.19950E-01   0.19783E-01
 6788.89   0.20112E-01   0.19864E-01   0.19699E-01
 6802.50   0.20028E-01   0.19779E-01   0.19615E-01
 6816.10   0.19945E-01   0.19694E-01   0.19531E-01
 6829.71   0.19860E-01   0.19608E-01   0.19447E-01
 6843.31   0.19775E-01   0.19520E-01   0.19361E-01
 6856.92   0.19687E-01   0.19431E-01   0.19273E-01
 6870.52   0.19592E-01   0.19335E-01   0.19179E-01
 6884.13   0.19505E-01   0.19246E-01   0.19091E-01
 6897.73   0.19462E-01   0.19201E-01   0.19048E-01
 6911.34   0.19370E-01   0.19107E-01   0.18955E-01
 6924.94   0.19284E-01   0.19020E-01   0.18870E-01
 6938.55   0.19203E-01   0.18936E-01   0.18788E-01
 6952.15   0.19123E-01   0.18855E-01   0.18707E-01
 6965.76   0.19044E-01   0.18775E-01   0.18629E-01
 6979.36   0.18966E-01   0.18695E-01   0.18551E-01
 6992.97   0.18888E-01   0.18616E-01   0.18473E-01
 7006.57   0.18810E-01   0.18535E-01   0.18394E-01
 7020.18   0.18729E-01   0.18453E-01   0.18313E-01
 7033.78   0.18640E-01   0.18362E-01   0.18223E-01
 7047.39   0.18554E-01   0.18274E-01   0.18137E-01
 7060.99   0.18518E-01   0.18236E-01   0.18100E-01
 7074.60   0.18432E-01   0.18149E-01   0.18015E-01
 7088.20   0.18352E-01   0.18067E-01   0.17934E-01
 7101.81   0.18274E-01   0.17987E-01   0.17855E-01
 7115.41   0.18197E-01   0.17909E-01   0.17779E-01
 7129.02   0.18123E-01   0.17833E-01   0.17704E-01
 7142.62   0.18049E-01   0.17758E-01   0.17630E-01
 7156.23   0.17977E-01   0.17683E-01   0.17557E-01
 7169.83   0.17905E-01   0.17609E-01   0.17485E-01
 7183.44   0.17832E-01   0.17535E-01   0.17411E-01
 7197.04   0.17753E-01   0.17455E-01   0.17333E-01
 7210.65   0.17674E-01   0.17373E-01   0.17253E-01
 7224.25   0.17630E-01   0.17327E-01   0.17208E-01
 7237.86   0.17553E-01   0.17249E-01   0.17131E-01
 7251.46   0.17478E-01   0.17172E-01   0.17056E-01
 7265.07   0.17405E-01   0.17097E-01   0.16982E-01
 7278.67   0.17332E-01   0.17023E-01   0.16909E-01
 7292.28   0.17260E-01   0.16949E-01   0.16837E-01
 7305.88   0.17190E-01   0.16877E-01   0.16766E-01
 7319.49   0.17122E-01   0.16807E-01   0.16697E-01
 7333.09   0.17054E-01   0.16738E-01   0.16629E-01
 7346.70   0.16987E-01   0.16669E-01   0.16562E-01
 7360.30   0.16920E-01   0.16600E-01   0.16494E-01
 7373.91   0.16850E-01   0.16529E-01   0.16424E-01
 7387.51   0.16794E-01   0.16470E-01   0.16367E-01
 7401.12   0.16726E-01   0.16400E-01   0.16298E-01
 7414.72   0.16658E-01   0.16331E-01   0.16230E-01
 7428.33   0.16590E-01   0.16261E-01   0.16161E-01
 7441.93   0.16522E-01   0.16191E-01   0.16093E-01
 7455.54   0.16454E-01   0.16121E-01   0.16024E-01
 7469.14   0.16386E-01   0.16052E-01   0.15957E-01
 7482.75   0.16320E-01   0.15984E-01   0.15890E-01
 7496.35   0.16255E-01   0.15918E-01   0.15824E-01
 7509.96   0.16191E-01   0.15852E-01   0.15760E-01
 7523.56   0.16129E-01   0.15788E-01   0.15697E-01
 7537.17   0.16068E-01   0.15725E-01   0.15636E-01
 7550.77   0.16007E-01   0.15663E-01   0.15574E-01
 7564.38   0.15946E-01   0.15600E-01   0.15513E-01
 7577.98   0.15885E-01   0.15537E-01   0.15451E-01
 7591.59   0.15823E-01   0.15473E-01   0.15388E-01
 7605.19   0.15760E-01   0.15409E-01   0.15325E-01
 7618.80   0.15697E-01   0.15344E-01   0.15262E-01
 7632.40   0.15633E-01   0.15279E-01   0.15198E-01
 7646.01   0.15570E-01   0.15213E-01   0.15134E-01
 7659.61   0.15507E-01   0.15149E-01   0.15070E-01
 7673.22   0.15444E-01   0.15085E-01   0.15007E-01
 7686.82   0.15382E-01   0.15021E-01   0.14945E-01
 7700.43   0.15318E-01   0.14955E-01   0.14880E-01
 7714.03   0.15277E-01   0.14912E-01   0.14839E-01
 7727.64   0.15213E-01   0.14847E-01   0.14774E-01
 7741.24   0.15156E-01   0.14787E-01   0.14716E-01
 7754.85   0.15099E-01   0.14729E-01   0.14658E-01
 7768.45   0.15041E-01   0.14670E-01   0.14601E-01
 7782.06   0.14984E-01   0.14611E-01   0.14542E-01
 7795.66   0.14925E-01   0.14551E-01   0.14483E-01
 7809.27   0.14866E-01   0.14490E-01   0.14424E-01
 7822.87   0.14807E-01   0.14428E-01   0.14364E-01
 7836.48   0.14746E-01   0.14367E-01   0.14303E-01
 7850.08   0.14685E-01   0.14304E-01   0.14242E-01
 7863.69   0.14622E-01   0.14239E-01   0.14178E-01
 7877.29   0.14569E-01   0.14184E-01   0.14124E-01
 7890.90   0.14535E-01   0.14148E-01   0.14089E-01
 7904.50   0.14473E-01   0.14085E-01   0.14027E-01
 7918.11   0.14417E-01   0.14027E-01   0.13971E-01
 7931.71   0.14363E-01   0.13972E-01   0.13916E-01
 7945.32   0.14310E-01   0.13917E-01   0.13862E-01
 7958.92   0.14256E-01   0.13862E-01   0.13808E-01
 7972.53   0.14203E-01   0.13807E-01   0.13754E-01
 7986.13   0.14148E-01   0.13751E-01   0.13699E-01
 7999.74   0.14093E-01   0.13693E-01   0.13643E-01
 8013.34   0.14036E-01   0.13635E-01   0.13586E-01
 8026.95   0.13976E-01   0.13574E-01   0.13526E-01
 8040.55   0.13905E-01   0.13502E-01   0.13455E-01
 8054.16   0.13854E-01   0.13449E-01   0.13403E-01
 8067.76   0.13840E-01   0.13433E-01   0.13388E-01
 8081.37   0.13780E-01   0.13372E-01   0.13328E-01
 8094.97   0.13726E-01   0.13316E-01   0.13273E-01
 8108.58   0.13674E-01   0.13262E-01   0.13221E-01
 8122.18   0.13624E-01   0.13210E-01   0.13170E-01
 8135.79   0.13574E-01   0.13159E-01   0.13119E-01
 8149.39   0.13524E-01   0.13108E-01   0.13069E-01
 8163.00   0.13474E-01   0.13056E-01   0.13019E-01
 8176.60   0.13423E-01   0.13004E-01   0.12967E-01
 8190.21   0.13370E-01   0.12950E-01   0.12914E-01
 8203.81   0.13314E-01   0.12892E-01   0.12857E-01
 8217.42   0.13235E-01   0.12812E-01   0.12779E-01
 8231.02   0.13272E-01   0.12845E-01   0.12812E-01
 8244.63   0.13189E-01   0.12761E-01   0.12730E-01
 8258.23   0.13132E-01   0.12703E-01   0.12673E-01
 8271.84   0.13079E-01   0.12649E-01   0.12620E-01
 8285.44   0.13029E-01   0.12598E-01   0.12570E-01
 8299.05   0.12980E-01   0.12548E-01   0.12520E-01
 8312.65   0.12933E-01   0.12499E-01   0.12473E-01
 8326.26   0.12886E-01   0.12451E-01   0.12426E-01
 8339.86   0.12840E-01   0.12403E-01   0.12379E-01
 8353.47   0.12793E-01   0.12355E-01   0.12332E-01
 8367.07   0.12746E-01   0.12306E-01   0.12284E-01
 8380.68   0.12695E-01   0.12254E-01   0.12233E-01
 8394.28   0.12623E-01   0.12182E-01   0.12162E-01
 8407.89   0.12643E-01   0.12198E-01   0.12179E-01
 8421.49   0.12575E-01   0.12129E-01   0.12111E-01
 8435.10   0.12522E-01   0.12076E-01   0.12059E-01
 8448.70   0.12473E-01   0.12025E-01   0.12008E-01
 8462.31   0.12424E-01   0.11975E-01   0.11960E-01
 8475.91   0.12377E-01   0.11927E-01   0.11912E-01
 8489.52   0.12331E-01   0.11879E-01   0.11866E-01
 8503.12   0.12286E-01   0.11833E-01   0.11821E-01
 8516.73   0.12242E-01   0.11788E-01   0.11777E-01
 8530.33   0.12199E-01   0.11744E-01   0.11733E-01
 8543.94   0.12156E-01   0.11699E-01   0.11690E-01
 8557.54   0.12112E-01   0.11654E-01   0.11646E-01
 8571.15   0.12060E-01   0.11601E-01   0.11593E-01
 8584.75   0.12049E-01   0.11587E-01   0.11581E-01
 8598.36   0.11994E-01   0.11532E-01   0.11526E-01
 8611.96   0.11948E-01   0.11484E-01   0.11479E-01
 8625.57   0.11902E-01   0.11437E-01   0.11433E-01
 8639.17   0.11856E-01   0.11391E-01   0.11388E-01
 8652.78   0.11811E-01   0.11344E-01   0.11342E-01
 8666.38   0.11767E-01   0.11299E-01   0.11297E-01
 8679.99   0.11723E-01   0.11254E-01   0.11254E-01
 8693.59   0.11680E-01   0.11210E-01   0.11211E-01
 8707.20   0.11639E-01   0.11167E-01   0.11169E-01
 8720.80   0.11598E-01   0.11126E-01   0.11128E-01
 8734.41   0.11559E-01   0.11085E-01   0.11088E-01
 8748.01   0.11518E-01   0.11043E-01   0.11048E-01
 8761.62   0.11477E-01   0.11001E-01   0.11006E-01
 8775.22   0.11443E-01   0.10965E-01   0.10971E-01
 8788.83   0.11403E-01   0.10924E-01   0.10931E-01
 8802.43   0.11362E-01   0.10882E-01   0.10890E-01
 8816.04   0.11321E-01   0.10840E-01   0.10849E-01
 8829.64   0.11279E-01   0.10797E-01   0.10807E-01
 8843.25   0.11237E-01   0.10754E-01   0.10764E-01
 8856.85   0.11195E-01   0.10711E-01   0.10722E-01
 8870.46   0.11153E-01   0.10668E-01   0.10680E-01
 8884.06   0.11112E-01   0.10626E-01   0.10639E-01
 8897.67   0.11072E-01   0.10585E-01   0.10599E-01
 8911.27   0.11033E-01   0.10545E-01   0.10560E-01
 8924.88   0.10994E-01   0.10505E-01   0.10521E-01
 8938.48   0.10959E-01   0.10469E-01   0.10486E-01
 8952.09   0.10923E-01   0.10432E-01   0.10450E-01
 8965.69   0.10886E-01   0.10394E-01   0.10413E-01
 8979.30   0.10850E-01   0.10356E-01   0.10376E-01
 8992.90   0.10813E-01   0.10318E-01   0.10339E-01
 9006.51   0.10775E-01   0.10280E-01   0.10301E-01
 9020.11   0.10737E-01   0.10240E-01   0.10262E-01
 9033.72   0.10698E-01   0.10201E-01   0.10223E-01
 9047.32   0.10658E-01   0.10160E-01   0.10184E-01
 9060.93   0.10618E-01   0.10120E-01   0.10144E-01
 9074.53   0.10578E-01   0.10079E-01   0.10104E-01
 9088.14   0.10539E-01   0.10039E-01   0.10065E-01
 9101.74   0.10499E-01   0.99978E-02   0.10025E-01
 9115.35   0.10452E-01   0.99507E-02   0.99785E-02
 9128.95   0.10450E-01   0.99464E-02   0.99751E-02
 9142.56   0.10402E-01   0.98982E-02   0.99277E-02
 9156.16   0.10366E-01   0.98607E-02   0.98910E-02
 9169.77   0.10331E-01   0.98249E-02   0.98560E-02
 9183.37   0.10296E-01   0.97895E-02   0.98215E-02
 9196.98   0.10262E-01   0.97540E-02   0.97868E-02
 9210.58   0.10227E-01   0.97180E-02   0.97516E-02
 9224.19   0.10191E-01   0.96814E-02   0.97158E-02
 9237.79   0.10154E-01   0.96439E-02   0.96792E-02
 9251.40   0.10116E-01   0.96057E-02   0.96417E-02
 9265.00   0.10078E-01   0.95667E-02   0.96035E-02
 9278.61   0.10038E-01   0.95265E-02   0.95641E-02
 9292.21   0.99944E-02   0.94824E-02   0.95208E-02
 9305.82   0.99639E-02   0.94510E-02   0.94901E-02
 9319.42   0.99604E-02   0.94452E-02   0.94852E-02
 9333.03   0.99141E-02   0.93989E-02   0.94397E-02
 9346.63   0.98773E-02   0.93615E-02   0.94031E-02
 9360.24   0.98431E-02   0.93267E-02   0.93690E-02
 9373.84   0.98102E-02   0.92930E-02   0.93361E-02
 9387.45   0.97778E-02   0.92599E-02   0.93038E-02
 9401.05   0.97454E-02   0.92268E-02   0.92715E-02
 9414.66   0.97125E-02   0.91933E-02   0.92388E-02
 9428.26   0.96789E-02   0.91591E-02   0.92053E-02
 9441.87   0.96443E-02   0.91239E-02   0.91709E-02
 9455.47   0.96081E-02   0.90872E-02   0.91350E-02
 9469.08   0.95692E-02   0.90481E-02   0.90965E-02
 9482.68   0.95207E-02   0.89998E-02   0.90490E-02
 9496.29   0.94916E-02   0.89700E-02   0.90199E-02
 9509.89   0.95003E-02   0.89759E-02   0.90268E-02
 9523.50   0.94556E-02   0.89313E-02   0.89829E-02
 9537.10   0.94188E-02   0.88943E-02   0.89466E-02
 9550.71   0.93849E-02   0.88599E-02   0.89130E-02
 9564.31   0.93526E-02   0.88272E-02   0.88809E-02
 9577.92   0.93214E-02   0.87955E-02   0.88500E-02
 9591.52   0.92909E-02   0.87644E-02   0.88197E-02
 9605.13   0.92606E-02   0.87335E-02   0.87896E-02
 9618.73   0.92301E-02   0.87025E-02   0.87592E-02
 9632.34   0.91987E-02   0.86707E-02   0.87282E-02
 9645.94   0.91660E-02   0.86375E-02   0.86957E-02
 9659.55   0.91302E-02   0.86015E-02   0.86605E-02
 9673.15   0.90827E-02   0.85546E-02   0.86141E-02
 9686.76   0.90530E-02   0.85244E-02   0.85846E-02
 9700.36   0.90651E-02   0.85337E-02   0.85950E-02
 9713.97   0.90235E-02   0.84923E-02   0.85542E-02
 9727.57   0.89878E-02   0.84565E-02   0.85191E-02
 9741.18   0.89543E-02   0.84229E-02   0.84861E-02
 9754.78   0.89223E-02   0.83906E-02   0.84546E-02
 9768.39   0.88916E-02   0.83596E-02   0.84242E-02
 9781.99   0.88619E-02   0.83296E-02   0.83949E-02
 9795.60   0.88330E-02   0.83003E-02   0.83664E-02
 9809.20   0.88046E-02   0.82715E-02   0.83383E-02
 9822.81   0.87762E-02   0.82428E-02   0.83102E-02
 9836.41   0.87472E-02   0.82134E-02   0.82816E-02
 9850.02   0.87164E-02   0.81824E-02   0.82513E-02
 9863.62   0.86782E-02   0.81445E-02   0.82139E-02
 9877.23   0.86475E-02   0.81136E-02   0.81837E-02
 9890.83   0.86499E-02   0.81139E-02   0.81850E-02
 9904.44   0.86135E-02   0.80777E-02   0.81494E-02
 9918.04   0.85806E-02   0.80448E-02   0.81171E-02
 9931.65   0.85487E-02   0.80128E-02   0.80858E-02
 9945.25   0.85175E-02   0.79816E-02   0.80552E-02
 9958.86   0.84871E-02   0.79512E-02   0.80254E-02
 9972.46   0.84577E-02   0.79216E-02   0.79965E-02
 9986.07   0.84291E-02   0.78929E-02   0.79685E-02
 9999.67   0.84015E-02   0.78651E-02   0.79414E-02
