 1142.82   0.24084E-01   0.26261E-01   0.26845E-01
 1156.42   0.23851E-01   0.26016E-01   0.26586E-01
 1170.03   0.23623E-01   0.25774E-01   0.26330E-01
 1183.63   0.23397E-01   0.25537E-01   0.26079E-01
 1197.24   0.23176E-01   0.25302E-01   0.25831E-01
 1210.84   0.22957E-01   0.25071E-01   0.25586E-01
 1224.45   0.22742E-01   0.24844E-01   0.25345E-01
 1238.05   0.22530E-01   0.24619E-01   0.25108E-01
 1251.66   0.22321E-01   0.24397E-01   0.24874E-01
 1265.26   0.22114E-01   0.24179E-01   0.24642E-01
 1278.87   0.21911E-01   0.23962E-01   0.24414E-01
 1292.47   0.21711E-01   0.23750E-01   0.24189E-01
 1306.08   0.21513E-01   0.23539E-01   0.23967E-01
 1319.68   0.21318E-01   0.23332E-01   0.23748E-01
 1333.29   0.21126E-01   0.23127E-01   0.23531E-01
 1346.89   0.20937E-01   0.22925E-01   0.23318E-01
 1360.50   0.20750E-01   0.22726E-01   0.23108E-01
 1374.10   0.20567E-01   0.22530E-01   0.22901E-01
 1387.71   0.20386E-01   0.22336E-01   0.22696E-01
 1401.31   0.20207E-01   0.22145E-01   0.22495E-01
 1414.92   0.20031E-01   0.21957E-01   0.22295E-01
 1428.52   0.19857E-01   0.21771E-01   0.22099E-01
 1442.13   0.19686E-01   0.21587E-01   0.21905E-01
 1455.73   0.19517E-01   0.21405E-01   0.21713E-01
 1469.34   0.19350E-01   0.21226E-01   0.21524E-01
 1482.94   0.19186E-01   0.21049E-01   0.21337E-01
 1496.55   0.19023E-01   0.20874E-01   0.21153E-01
 1510.15   0.18863E-01   0.20701E-01   0.20971E-01
 1523.76   0.18705E-01   0.20530E-01   0.20791E-01
 1537.36   0.18549E-01   0.20362E-01   0.20613E-01
 1550.97   0.18395E-01   0.20196E-01   0.20438E-01
 1564.57   0.18244E-01   0.20032E-01   0.20265E-01
 1578.18   0.18094E-01   0.19870E-01   0.20094E-01
 1591.78   0.17947E-01   0.19710E-01   0.19926E-01
 1605.39   0.17801E-01   0.19551E-01   0.19759E-01
 1618.99   0.17657E-01   0.19395E-01   0.19595E-01
 1632.60   0.17515E-01   0.19241E-01   0.19432E-01
 1646.20   0.17375E-01   0.19089E-01   0.19272E-01
 1659.81   0.17237E-01   0.18938E-01   0.19113E-01
 1673.41   0.17100E-01   0.18789E-01   0.18957E-01
 1687.02   0.16966E-01   0.18642E-01   0.18802E-01
 1700.62   0.16833E-01   0.18496E-01   0.18649E-01
 1714.23   0.16701E-01   0.18353E-01   0.18498E-01
 1727.83   0.16572E-01   0.18211E-01   0.18349E-01
 1741.44   0.16444E-01   0.18071E-01   0.18201E-01
 1755.04   0.16317E-01   0.17932E-01   0.18056E-01
 1768.65   0.16193E-01   0.17795E-01   0.17912E-01
 1782.25   0.16070E-01   0.17660E-01   0.17769E-01
 1795.86   0.15948E-01   0.17526E-01   0.17629E-01
 1809.46   0.15828E-01   0.17394E-01   0.17490E-01
 1823.07   0.15709E-01   0.17263E-01   0.17353E-01
 1836.67   0.15592E-01   0.17134E-01   0.17217E-01
 1850.28   0.15477E-01   0.17006E-01   0.17083E-01
 1863.88   0.15362E-01   0.16879E-01   0.16950E-01
 1877.49   0.15249E-01   0.16754E-01   0.16819E-01
 1891.09   0.15138E-01   0.16631E-01   0.16689E-01
 1904.70   0.15028E-01   0.16508E-01   0.16561E-01
 1918.30   0.14919E-01   0.16387E-01   0.16434E-01
 1931.91   0.14811E-01   0.16268E-01   0.16309E-01
 1945.51   0.14705E-01   0.16149E-01   0.16185E-01
 1959.12   0.14600E-01   0.16033E-01   0.16062E-01
 1972.72   0.14496E-01   0.15917E-01   0.15941E-01
 1986.33   0.14394E-01   0.15803E-01   0.15821E-01
 1999.93   0.14293E-01   0.15690E-01   0.15703E-01
 2013.54   0.14192E-01   0.15578E-01   0.15586E-01
 2027.14   0.14094E-01   0.15467E-01   0.15470E-01
 2040.75   0.13996E-01   0.15357E-01   0.15355E-01
 2054.35   0.13899E-01   0.15249E-01   0.15242E-01
 2067.96   0.13804E-01   0.15142E-01   0.15130E-01
 2081.56   0.13710E-01   0.15036E-01   0.15019E-01
 2095.17   0.13616E-01   0.14931E-01   0.14909E-01
 2108.77   0.13524E-01   0.14827E-01   0.14801E-01
 2122.38   0.13433E-01   0.14724E-01   0.14693E-01
 2135.98   0.13343E-01   0.14622E-01   0.14586E-01
 2149.59   0.13254E-01   0.14522E-01   0.14482E-01
 2163.19   0.13166E-01   0.14422E-01   0.14378E-01
 2176.80   0.13079E-01   0.14323E-01   0.14275E-01
 2190.40   0.12993E-01   0.14226E-01   0.14173E-01
 2204.01   0.12908E-01   0.14129E-01   0.14072E-01
 2217.61   0.12824E-01   0.14033E-01   0.13972E-01
 2231.22   0.12740E-01   0.13938E-01   0.13873E-01
 2244.82   0.12659E-01   0.13846E-01   0.13776E-01
 2258.43   0.12577E-01   0.13753E-01   0.13679E-01
 2272.03   0.12497E-01   0.13661E-01   0.13584E-01
 2285.64   0.12417E-01   0.13570E-01   0.13489E-01
 2299.24   0.12339E-01   0.13480E-01   0.13396E-01
 2312.85   0.12261E-01   0.13391E-01   0.13303E-01
 2326.45   0.12183E-01   0.13301E-01   0.13209E-01
 2340.06   0.12108E-01   0.13216E-01   0.13120E-01
 2353.66   0.12033E-01   0.13129E-01   0.13030E-01
 2367.27   0.11958E-01   0.13043E-01   0.12941E-01
 2380.87   0.11884E-01   0.12958E-01   0.12853E-01
 2394.48   0.11811E-01   0.12874E-01   0.12765E-01
 2408.08   0.11739E-01   0.12791E-01   0.12679E-01
 2421.69   0.11668E-01   0.12708E-01   0.12593E-01
 2435.29   0.11598E-01   0.12627E-01   0.12509E-01
 2448.90   0.11528E-01   0.12546E-01   0.12425E-01
 2462.50   0.11459E-01   0.12466E-01   0.12341E-01
 2476.11   0.11390E-01   0.12387E-01   0.12259E-01
 2489.71   0.11323E-01   0.12308E-01   0.12178E-01
 2503.32   0.11256E-01   0.12230E-01   0.12097E-01
 2516.92   0.11190E-01   0.12153E-01   0.12017E-01
 2530.53   0.11125E-01   0.12077E-01   0.11939E-01
 2544.13   0.11060E-01   0.12002E-01   0.11860E-01
 2557.74   0.10995E-01   0.11927E-01   0.11782E-01
 2571.34   0.10932E-01   0.11852E-01   0.11705E-01
 2584.95   0.10869E-01   0.11778E-01   0.11629E-01
 2598.55   0.10807E-01   0.11706E-01   0.11554E-01
 2612.16   0.10745E-01   0.11633E-01   0.11479E-01
 2625.76   0.10684E-01   0.11562E-01   0.11405E-01
 2639.37   0.10624E-01   0.11491E-01   0.11332E-01
 2652.97   0.10564E-01   0.11421E-01   0.11259E-01
 2666.58   0.10505E-01   0.11351E-01   0.11187E-01
 2680.18   0.10447E-01   0.11282E-01   0.11116E-01
 2693.79   0.10388E-01   0.11213E-01   0.11045E-01
 2707.39   0.10331E-01   0.11145E-01   0.10975E-01
 2721.00   0.10275E-01   0.11079E-01   0.10906E-01
 2734.60   0.10219E-01   0.11012E-01   0.10837E-01
 2748.21   0.10163E-01   0.10946E-01   0.10769E-01
 2761.81   0.10108E-01   0.10881E-01   0.10702E-01
 2775.42   0.10053E-01   0.10816E-01   0.10635E-01
 2789.02   0.99993E-02   0.10751E-01   0.10569E-01
 2802.63   0.99454E-02   0.10687E-01   0.10503E-01
 2816.23   0.98923E-02   0.10624E-01   0.10438E-01
 2829.84   0.98407E-02   0.10562E-01   0.10374E-01
 2843.44   0.97887E-02   0.10500E-01   0.10310E-01
 2857.05   0.97374E-02   0.10439E-01   0.10247E-01
 2870.65   0.96865E-02   0.10378E-01   0.10184E-01
 2884.26   0.96360E-02   0.10317E-01   0.10122E-01
 2897.86   0.95858E-02   0.10257E-01   0.10060E-01
 2911.47   0.95353E-02   0.10196E-01   0.99980E-02
 2925.07   0.94886E-02   0.10140E-01   0.99400E-02
 2938.68   0.94392E-02   0.10080E-01   0.98790E-02
 2952.28   0.93910E-02   0.10022E-01   0.98194E-02
 2965.89   0.93434E-02   0.99647E-02   0.97605E-02
 2979.49   0.92963E-02   0.99078E-02   0.97022E-02
 2993.10   0.92497E-02   0.98513E-02   0.96443E-02
 3006.70   0.92032E-02   0.97950E-02   0.95867E-02
 3020.31   0.91566E-02   0.97386E-02   0.95291E-02
 3033.91   0.91129E-02   0.96854E-02   0.94745E-02
 3047.52   0.90673E-02   0.96300E-02   0.94179E-02
 3061.12   0.90225E-02   0.95755E-02   0.93622E-02
 3074.73   0.89782E-02   0.95216E-02   0.93071E-02
 3088.33   0.89345E-02   0.94683E-02   0.92526E-02
 3101.94   0.88912E-02   0.94155E-02   0.91987E-02
 3115.54   0.88483E-02   0.93630E-02   0.91451E-02
 3129.15   0.88051E-02   0.93103E-02   0.90913E-02
 3142.75   0.87642E-02   0.92600E-02   0.90399E-02
 3156.36   0.87220E-02   0.92084E-02   0.89873E-02
 3169.96   0.86803E-02   0.91573E-02   0.89352E-02
 3183.57   0.86390E-02   0.91066E-02   0.88836E-02
 3197.17   0.85982E-02   0.90565E-02   0.88326E-02
 3210.78   0.85580E-02   0.90069E-02   0.87821E-02
 3224.38   0.85181E-02   0.89578E-02   0.87321E-02
 3237.99   0.84785E-02   0.89090E-02   0.86824E-02
 3251.59   0.84397E-02   0.88610E-02   0.86336E-02
 3265.20   0.84007E-02   0.88128E-02   0.85846E-02
 3278.80   0.83620E-02   0.87650E-02   0.85360E-02
 3292.41   0.83235E-02   0.87174E-02   0.84877E-02
 3306.01   0.82854E-02   0.86702E-02   0.84398E-02
 3319.62   0.82477E-02   0.86235E-02   0.83923E-02
 3333.22   0.82105E-02   0.85772E-02   0.83454E-02
 3346.83   0.81737E-02   0.85315E-02   0.82991E-02
 3360.43   0.81373E-02   0.84862E-02   0.82531E-02
 3374.04   0.81012E-02   0.84411E-02   0.82074E-02
 3387.64   0.80652E-02   0.83963E-02   0.81620E-02
 3401.25   0.80295E-02   0.83517E-02   0.81169E-02
 3414.85   0.79939E-02   0.83073E-02   0.80720E-02
 3428.46   0.79586E-02   0.82632E-02   0.80273E-02
 3442.06   0.79235E-02   0.82194E-02   0.79831E-02
 3455.67   0.78885E-02   0.81757E-02   0.79389E-02
 3469.27   0.78556E-02   0.81342E-02   0.78969E-02
 3482.88   0.78215E-02   0.80914E-02   0.78537E-02
 3496.48   0.77880E-02   0.80493E-02   0.78112E-02
 3510.09   0.77548E-02   0.80075E-02   0.77690E-02
 3523.69   0.77217E-02   0.79659E-02   0.77270E-02
 3537.30   0.76887E-02   0.79244E-02   0.76852E-02
 3550.90   0.76559E-02   0.78831E-02   0.76435E-02
 3564.51   0.76229E-02   0.78417E-02   0.76019E-02
 3578.11   0.75898E-02   0.78000E-02   0.75600E-02
 3591.72   0.75605E-02   0.77625E-02   0.75221E-02
 3605.32   0.75288E-02   0.77224E-02   0.74818E-02
 3618.93   0.74976E-02   0.76830E-02   0.74421E-02
 3632.53   0.74668E-02   0.76439E-02   0.74028E-02
 3646.14   0.74362E-02   0.76050E-02   0.73637E-02
 3659.74   0.74056E-02   0.75662E-02   0.73247E-02
 3673.35   0.73749E-02   0.75273E-02   0.72857E-02
 3686.95   0.73431E-02   0.74873E-02   0.72457E-02
 3700.56   0.73174E-02   0.74536E-02   0.72117E-02
 3714.16   0.72864E-02   0.74145E-02   0.71725E-02
 3727.77   0.72568E-02   0.73768E-02   0.71348E-02
 3741.37   0.72277E-02   0.73397E-02   0.70976E-02
 3754.98   0.71990E-02   0.73030E-02   0.70609E-02
 3768.58   0.71705E-02   0.72666E-02   0.70244E-02
 3782.19   0.71421E-02   0.72303E-02   0.69881E-02
 3795.79   0.71136E-02   0.71939E-02   0.69517E-02
 3809.40   0.70847E-02   0.71571E-02   0.69150E-02
 3823.00   0.70597E-02   0.71243E-02   0.68821E-02
 3836.61   0.70313E-02   0.70882E-02   0.68460E-02
 3850.21   0.70036E-02   0.70527E-02   0.68106E-02
 3863.82   0.69763E-02   0.70177E-02   0.67757E-02
 3877.42   0.69495E-02   0.69832E-02   0.67413E-02
 3891.03   0.69229E-02   0.69490E-02   0.67072E-02
 3904.63   0.68966E-02   0.69151E-02   0.66733E-02
 3918.24   0.68702E-02   0.68811E-02   0.66395E-02
 3931.84   0.68432E-02   0.68466E-02   0.66052E-02
 3945.45   0.68194E-02   0.68152E-02   0.65739E-02
 3959.05   0.67933E-02   0.67816E-02   0.65405E-02
 3972.66   0.67674E-02   0.67483E-02   0.65074E-02
 3986.26   0.67418E-02   0.67153E-02   0.64746E-02
 3999.87   0.67165E-02   0.66826E-02   0.64421E-02
 4013.47   0.66916E-02   0.66504E-02   0.64101E-02
 4027.08   0.66670E-02   0.66184E-02   0.63784E-02
 4040.68   0.66426E-02   0.65868E-02   0.63470E-02
 4054.29   0.66181E-02   0.65550E-02   0.63155E-02
 4067.89   0.65946E-02   0.65243E-02   0.62850E-02
 4081.50   0.65706E-02   0.64931E-02   0.62541E-02
 4095.10   0.65465E-02   0.64619E-02   0.62232E-02
 4108.71   0.65226E-02   0.64309E-02   0.61925E-02
 4122.31   0.64988E-02   0.64000E-02   0.61620E-02
 4135.92   0.64753E-02   0.63694E-02   0.61317E-02
 4149.52   0.64520E-02   0.63391E-02   0.61018E-02
 4163.13   0.64291E-02   0.63092E-02   0.60722E-02
 4176.73   0.64065E-02   0.62797E-02   0.60431E-02
 4190.34   0.63841E-02   0.62503E-02   0.60141E-02
 4203.94   0.63618E-02   0.62211E-02   0.59852E-02
 4217.55   0.63395E-02   0.61920E-02   0.59565E-02
 4231.15   0.63172E-02   0.61629E-02   0.59278E-02
 4244.76   0.62949E-02   0.61338E-02   0.58992E-02
 4258.36   0.62727E-02   0.61048E-02   0.58707E-02
 4271.97   0.62506E-02   0.60760E-02   0.58423E-02
 4285.57   0.62286E-02   0.60474E-02   0.58141E-02
 4299.18   0.62072E-02   0.60193E-02   0.57865E-02
 4312.78   0.61869E-02   0.59924E-02   0.57600E-02
 4326.39   0.61656E-02   0.59645E-02   0.57326E-02
 4339.99   0.61447E-02   0.59370E-02   0.57056E-02
 4353.60   0.61239E-02   0.59097E-02   0.56788E-02
 4367.20   0.61032E-02   0.58825E-02   0.56521E-02
 4380.81   0.60824E-02   0.58553E-02   0.56254E-02
 4394.41   0.60616E-02   0.58280E-02   0.55987E-02
 4408.02   0.60407E-02   0.58007E-02   0.55720E-02
 4421.62   0.60191E-02   0.57728E-02   0.55447E-02
 4435.23   0.60040E-02   0.57512E-02   0.55234E-02
 4448.83   0.59815E-02   0.57225E-02   0.54954E-02
 4462.44   0.59614E-02   0.56962E-02   0.54697E-02
 4476.04   0.59418E-02   0.56704E-02   0.54444E-02
 4489.65   0.59224E-02   0.56448E-02   0.54194E-02
 4503.25   0.59031E-02   0.56193E-02   0.53945E-02
 4516.86   0.58837E-02   0.55938E-02   0.53696E-02
 4530.46   0.58642E-02   0.55682E-02   0.53446E-02
 4544.07   0.58442E-02   0.55422E-02   0.53193E-02
 4557.67   0.58242E-02   0.55162E-02   0.52939E-02
 4571.28   0.58092E-02   0.54950E-02   0.52733E-02
 4584.88   0.57892E-02   0.54691E-02   0.52481E-02
 4598.49   0.57703E-02   0.54443E-02   0.52238E-02
 4612.09   0.57517E-02   0.54198E-02   0.52001E-02
 4625.70   0.57335E-02   0.53957E-02   0.51766E-02
 4639.30   0.57154E-02   0.53718E-02   0.51533E-02
 4652.91   0.56973E-02   0.53479E-02   0.51301E-02
 4666.51   0.56791E-02   0.53239E-02   0.51068E-02
 4680.12   0.56601E-02   0.52992E-02   0.50829E-02
 4693.72   0.56395E-02   0.52732E-02   0.50576E-02
 4707.33   0.56272E-02   0.52548E-02   0.50397E-02
 4720.93   0.56087E-02   0.52307E-02   0.50164E-02
 4734.54   0.55907E-02   0.52072E-02   0.49936E-02
 4748.14   0.55731E-02   0.51840E-02   0.49711E-02
 4761.75   0.55558E-02   0.51612E-02   0.49490E-02
 4775.35   0.55387E-02   0.51386E-02   0.49272E-02
 4788.96   0.55218E-02   0.51162E-02   0.49055E-02
 4802.56   0.55049E-02   0.50938E-02   0.48839E-02
 4816.17   0.54873E-02   0.50708E-02   0.48617E-02
 4829.77   0.54742E-02   0.50521E-02   0.48436E-02
 4843.38   0.54558E-02   0.50285E-02   0.48208E-02
 4856.98   0.54387E-02   0.50061E-02   0.47991E-02
 4870.59   0.54218E-02   0.49839E-02   0.47778E-02
 4884.19   0.54050E-02   0.49619E-02   0.47566E-02
 4897.80   0.53885E-02   0.49402E-02   0.47356E-02
 4911.40   0.53723E-02   0.49188E-02   0.47150E-02
 4925.01   0.53563E-02   0.48976E-02   0.46946E-02
 4938.61   0.53405E-02   0.48767E-02   0.46745E-02
 4952.22   0.53246E-02   0.48557E-02   0.46543E-02
 4965.82   0.53098E-02   0.48358E-02   0.46351E-02
 4979.43   0.52939E-02   0.48148E-02   0.46150E-02
 4993.03   0.52781E-02   0.47941E-02   0.45950E-02
 5006.64   0.52623E-02   0.47733E-02   0.45751E-02
 5020.24   0.52464E-02   0.47526E-02   0.45552E-02
 5033.85   0.52307E-02   0.47319E-02   0.45354E-02
 5047.45   0.52151E-02   0.47115E-02   0.45158E-02
 5061.06   0.51997E-02   0.46913E-02   0.44964E-02
 5074.66   0.51846E-02   0.46714E-02   0.44773E-02
 5088.27   0.51697E-02   0.46517E-02   0.44585E-02
 5101.87   0.51551E-02   0.46323E-02   0.44399E-02
 5115.48   0.51404E-02   0.46129E-02   0.44214E-02
 5129.08   0.51258E-02   0.45936E-02   0.44029E-02
 5142.69   0.51111E-02   0.45742E-02   0.43844E-02
 5156.29   0.50963E-02   0.45548E-02   0.43658E-02
 5169.90   0.50814E-02   0.45354E-02   0.43473E-02
 5183.50   0.50665E-02   0.45159E-02   0.43287E-02
 5197.11   0.50516E-02   0.44966E-02   0.43102E-02
 5210.71   0.50369E-02   0.44774E-02   0.42919E-02
 5224.32   0.50220E-02   0.44581E-02   0.42736E-02
 5237.92   0.50079E-02   0.44396E-02   0.42559E-02
 5251.53   0.49952E-02   0.44223E-02   0.42394E-02
 5265.13   0.49812E-02   0.44039E-02   0.42219E-02
 5278.74   0.49673E-02   0.43857E-02   0.42046E-02
 5292.34   0.49535E-02   0.43676E-02   0.41874E-02
 5305.95   0.49396E-02   0.43494E-02   0.41701E-02
 5319.55   0.49256E-02   0.43311E-02   0.41527E-02
 5333.16   0.49114E-02   0.43128E-02   0.41353E-02
 5346.76   0.48971E-02   0.42944E-02   0.41178E-02
 5360.37   0.48824E-02   0.42756E-02   0.41000E-02
 5373.97   0.48684E-02   0.42576E-02   0.40829E-02
 5387.58   0.48582E-02   0.42429E-02   0.40690E-02
 5401.18   0.48439E-02   0.42246E-02   0.40516E-02
 5414.79   0.48304E-02   0.42072E-02   0.40351E-02
 5428.39   0.48172E-02   0.41900E-02   0.40188E-02
 5442.00   0.48042E-02   0.41729E-02   0.40027E-02
 5455.60   0.47911E-02   0.41559E-02   0.39866E-02
 5469.21   0.47778E-02   0.41388E-02   0.39704E-02
 5482.81   0.47644E-02   0.41215E-02   0.39540E-02
 5496.42   0.47505E-02   0.41039E-02   0.39374E-02
 5510.02   0.47345E-02   0.40845E-02   0.39190E-02
 5523.63   0.47310E-02   0.40759E-02   0.39110E-02
 5537.23   0.47139E-02   0.40557E-02   0.38919E-02
 5550.84   0.47003E-02   0.40385E-02   0.38756E-02
 5564.44   0.46873E-02   0.40218E-02   0.38599E-02
 5578.05   0.46747E-02   0.40056E-02   0.38446E-02
 5591.65   0.46623E-02   0.39895E-02   0.38294E-02
 5605.26   0.46499E-02   0.39735E-02   0.38144E-02
 5618.86   0.46375E-02   0.39575E-02   0.37993E-02
 5632.47   0.46248E-02   0.39413E-02   0.37841E-02
 5646.07   0.46114E-02   0.39246E-02   0.37683E-02
 5659.68   0.45979E-02   0.39077E-02   0.37525E-02
 5673.28   0.45910E-02   0.38966E-02   0.37421E-02
 5686.89   0.45768E-02   0.38792E-02   0.37258E-02
 5700.49   0.45638E-02   0.38630E-02   0.37105E-02
 5714.10   0.45512E-02   0.38471E-02   0.36956E-02
 5727.70   0.45390E-02   0.38316E-02   0.36810E-02
 5741.31   0.45270E-02   0.38163E-02   0.36667E-02
 5754.91   0.45152E-02   0.38012E-02   0.36525E-02
 5768.52   0.45034E-02   0.37862E-02   0.36385E-02
 5782.12   0.44916E-02   0.37712E-02   0.36244E-02
 5795.73   0.44791E-02   0.37556E-02   0.36098E-02
 5809.33   0.44659E-02   0.37395E-02   0.35947E-02
 5822.94   0.44584E-02   0.37282E-02   0.35842E-02
 5836.54   0.44457E-02   0.37126E-02   0.35695E-02
 5850.15   0.44335E-02   0.36974E-02   0.35553E-02
 5863.75   0.44214E-02   0.36823E-02   0.35412E-02
 5877.36   0.44095E-02   0.36674E-02   0.35273E-02
 5890.96   0.43978E-02   0.36528E-02   0.35137E-02
 5904.57   0.43863E-02   0.36384E-02   0.35002E-02
 5918.17   0.43751E-02   0.36243E-02   0.34870E-02
 5931.78   0.43640E-02   0.36102E-02   0.34739E-02
 5945.38   0.43527E-02   0.35961E-02   0.34608E-02
 5958.99   0.43408E-02   0.35814E-02   0.34471E-02
 5972.59   0.43315E-02   0.35690E-02   0.34356E-02
 5986.20   0.43201E-02   0.35549E-02   0.34224E-02
 5999.80   0.43087E-02   0.35408E-02   0.34092E-02
 6013.41   0.42971E-02   0.35266E-02   0.33960E-02
 6027.01   0.42856E-02   0.35125E-02   0.33829E-02
 6040.62   0.42742E-02   0.34985E-02   0.33699E-02
 6054.22   0.42629E-02   0.34846E-02   0.33570E-02
 6067.83   0.42519E-02   0.34710E-02   0.33443E-02
 6081.43   0.42411E-02   0.34576E-02   0.33319E-02
 6095.04   0.42305E-02   0.34444E-02   0.33197E-02
 6108.64   0.42200E-02   0.34314E-02   0.33076E-02
 6122.25   0.42096E-02   0.34184E-02   0.32955E-02
 6135.85   0.41991E-02   0.34054E-02   0.32835E-02
 6149.46   0.41885E-02   0.33923E-02   0.32714E-02
 6163.06   0.41777E-02   0.33792E-02   0.32592E-02
 6176.67   0.41668E-02   0.33659E-02   0.32469E-02
 6190.27   0.41557E-02   0.33526E-02   0.32346E-02
 6203.88   0.41447E-02   0.33394E-02   0.32223E-02
 6217.48   0.41337E-02   0.33262E-02   0.32100E-02
 6231.09   0.41228E-02   0.33131E-02   0.31980E-02
 6244.69   0.41119E-02   0.33001E-02   0.31859E-02
 6258.30   0.41020E-02   0.32879E-02   0.31746E-02
 6271.90   0.40928E-02   0.32763E-02   0.31639E-02
 6285.51   0.40825E-02   0.32638E-02   0.31524E-02
 6299.11   0.40724E-02   0.32515E-02   0.31411E-02
 6312.72   0.40623E-02   0.32393E-02   0.31298E-02
 6326.32   0.40520E-02   0.32270E-02   0.31184E-02
 6339.93   0.40416E-02   0.32146E-02   0.31070E-02
 6353.53   0.40311E-02   0.32021E-02   0.30954E-02
 6367.14   0.40203E-02   0.31895E-02   0.30838E-02
 6380.74   0.40095E-02   0.31768E-02   0.30721E-02
 6394.35   0.39982E-02   0.31639E-02   0.30602E-02
 6407.95   0.39881E-02   0.31519E-02   0.30491E-02
 6421.56   0.39820E-02   0.31431E-02   0.30411E-02
 6435.16   0.39705E-02   0.31301E-02   0.30291E-02
 6448.77   0.39603E-02   0.31181E-02   0.30181E-02
 6462.37   0.39505E-02   0.31065E-02   0.30074E-02
 6475.98   0.39408E-02   0.30950E-02   0.29968E-02
 6489.58   0.39311E-02   0.30835E-02   0.29862E-02
 6503.19   0.39212E-02   0.30719E-02   0.29756E-02
 6516.79   0.39111E-02   0.30601E-02   0.29648E-02
 6530.40   0.39007E-02   0.30482E-02   0.29538E-02
 6544.00   0.38898E-02   0.30359E-02   0.29425E-02
 6557.61   0.38768E-02   0.30220E-02   0.29296E-02
 6571.21   0.38654E-02   0.30095E-02   0.29180E-02
 6584.82   0.38636E-02   0.30044E-02   0.29137E-02
 6598.42   0.38527E-02   0.29922E-02   0.29025E-02
 6612.03   0.38426E-02   0.29808E-02   0.28920E-02
 6625.63   0.38330E-02   0.29696E-02   0.28818E-02
 6639.24   0.38235E-02   0.29587E-02   0.28718E-02
 6652.84   0.38142E-02   0.29479E-02   0.28619E-02
 6666.45   0.38048E-02   0.29371E-02   0.28520E-02
 6680.05   0.37952E-02   0.29261E-02   0.28419E-02
 6693.66   0.37852E-02   0.29149E-02   0.28317E-02
 6707.26   0.37744E-02   0.29031E-02   0.28208E-02
 6720.87   0.37639E-02   0.28916E-02   0.28102E-02
 6734.47   0.37618E-02   0.28865E-02   0.28059E-02
 6748.08   0.37494E-02   0.28736E-02   0.27939E-02
 6761.68   0.37389E-02   0.28621E-02   0.27834E-02
 6775.29   0.37290E-02   0.28512E-02   0.27734E-02
 6788.89   0.37194E-02   0.28405E-02   0.27636E-02
 6802.50   0.37101E-02   0.28300E-02   0.27541E-02
 6816.10   0.37009E-02   0.28198E-02   0.27447E-02
 6829.71   0.36919E-02   0.28096E-02   0.27355E-02
 6843.31   0.36828E-02   0.27994E-02   0.27262E-02
 6856.92   0.36735E-02   0.27891E-02   0.27167E-02
 6870.52   0.36632E-02   0.27780E-02   0.27066E-02
 6884.13   0.36526E-02   0.27668E-02   0.26963E-02
 6897.73   0.36492E-02   0.27611E-02   0.26914E-02
 6911.34   0.36386E-02   0.27499E-02   0.26811E-02
 6924.94   0.36286E-02   0.27392E-02   0.26714E-02
 6938.55   0.36189E-02   0.27288E-02   0.26618E-02
 6952.15   0.36094E-02   0.27185E-02   0.26524E-02
 6965.76   0.36001E-02   0.27084E-02   0.26433E-02
 6979.36   0.35910E-02   0.26986E-02   0.26343E-02
 6992.97   0.35822E-02   0.26889E-02   0.26255E-02
 7006.57   0.35735E-02   0.26794E-02   0.26169E-02
 7020.18   0.35648E-02   0.26699E-02   0.26082E-02
 7033.78   0.35556E-02   0.26601E-02   0.25993E-02
 7047.39   0.35457E-02   0.26498E-02   0.25899E-02
 7060.99   0.35399E-02   0.26425E-02   0.25835E-02
 7074.60   0.35306E-02   0.26327E-02   0.25745E-02
 7088.20   0.35214E-02   0.26229E-02   0.25656E-02
 7101.81   0.35120E-02   0.26131E-02   0.25567E-02
 7115.41   0.35027E-02   0.26034E-02   0.25478E-02
 7129.02   0.34935E-02   0.25937E-02   0.25390E-02
 7142.62   0.34843E-02   0.25841E-02   0.25303E-02
 7156.23   0.34755E-02   0.25748E-02   0.25218E-02
 7169.83   0.34668E-02   0.25656E-02   0.25135E-02
 7183.44   0.34583E-02   0.25566E-02   0.25054E-02
 7197.04   0.34500E-02   0.25478E-02   0.24974E-02
 7210.65   0.34415E-02   0.25389E-02   0.24893E-02
 7224.25   0.34335E-02   0.25303E-02   0.24816E-02
 7237.86   0.34251E-02   0.25215E-02   0.24736E-02
 7251.46   0.34165E-02   0.25126E-02   0.24655E-02
 7265.07   0.34078E-02   0.25035E-02   0.24574E-02
 7278.67   0.33989E-02   0.24944E-02   0.24491E-02
 7292.28   0.33898E-02   0.24852E-02   0.24408E-02
 7305.88   0.33808E-02   0.24761E-02   0.24324E-02
 7319.49   0.33718E-02   0.24670E-02   0.24242E-02
 7333.09   0.33629E-02   0.24580E-02   0.24160E-02
 7346.70   0.33541E-02   0.24491E-02   0.24080E-02
 7360.30   0.33454E-02   0.24403E-02   0.24000E-02
 7373.91   0.33378E-02   0.24323E-02   0.23928E-02
 7387.51   0.33302E-02   0.24244E-02   0.23857E-02
 7401.12   0.33219E-02   0.24160E-02   0.23781E-02
 7414.72   0.33138E-02   0.24077E-02   0.23707E-02
 7428.33   0.33056E-02   0.23994E-02   0.23632E-02
 7441.93   0.32973E-02   0.23910E-02   0.23556E-02
 7455.54   0.32887E-02   0.23825E-02   0.23479E-02
 7469.14   0.32800E-02   0.23739E-02   0.23401E-02
 7482.75   0.32711E-02   0.23652E-02   0.23323E-02
 7496.35   0.32621E-02   0.23565E-02   0.23243E-02
 7509.96   0.32529E-02   0.23477E-02   0.23163E-02
 7523.56   0.32434E-02   0.23386E-02   0.23080E-02
 7537.17   0.32356E-02   0.23308E-02   0.23010E-02
 7550.77   0.32311E-02   0.23254E-02   0.22964E-02
 7564.38   0.32217E-02   0.23165E-02   0.22883E-02
 7577.98   0.32134E-02   0.23084E-02   0.22810E-02
 7591.59   0.32054E-02   0.23005E-02   0.22739E-02
 7605.19   0.31974E-02   0.22927E-02   0.22669E-02
 7618.80   0.31894E-02   0.22849E-02   0.22599E-02
 7632.40   0.31812E-02   0.22770E-02   0.22527E-02
 7646.01   0.31728E-02   0.22690E-02   0.22455E-02
 7659.61   0.31641E-02   0.22607E-02   0.22380E-02
 7673.22   0.31551E-02   0.22523E-02   0.22304E-02
 7686.82   0.31454E-02   0.22434E-02   0.22223E-02
 7700.43   0.31316E-02   0.22317E-02   0.22113E-02
 7714.03   0.31388E-02   0.22349E-02   0.22152E-02
 7727.64   0.31251E-02   0.22232E-02   0.22043E-02
 7741.24   0.31159E-02   0.22148E-02   0.21966E-02
 7754.85   0.31075E-02   0.22069E-02   0.21896E-02
 7768.45   0.30995E-02   0.21994E-02   0.21828E-02
 7782.06   0.30917E-02   0.21920E-02   0.21761E-02
 7795.66   0.30839E-02   0.21847E-02   0.21696E-02
 7809.27   0.30760E-02   0.21773E-02   0.21630E-02
 7822.87   0.30680E-02   0.21699E-02   0.21562E-02
 7836.48   0.30596E-02   0.21622E-02   0.21493E-02
 7850.08   0.30507E-02   0.21542E-02   0.21420E-02
 7863.69   0.30402E-02   0.21450E-02   0.21336E-02
 7877.29   0.30315E-02   0.21372E-02   0.21265E-02
 7890.90   0.30324E-02   0.21361E-02   0.21262E-02
 7904.50   0.30216E-02   0.21269E-02   0.21176E-02
 7918.11   0.30126E-02   0.21188E-02   0.21104E-02
 7931.71   0.30041E-02   0.21113E-02   0.21035E-02
 7945.32   0.29960E-02   0.21040E-02   0.20969E-02
 7958.92   0.29882E-02   0.20969E-02   0.20905E-02
 7972.53   0.29805E-02   0.20899E-02   0.20843E-02
 7986.13   0.29729E-02   0.20830E-02   0.20782E-02
 7999.74   0.29653E-02   0.20761E-02   0.20720E-02
 8013.34   0.29574E-02   0.20691E-02   0.20656E-02
 8026.95   0.29489E-02   0.20617E-02   0.20589E-02
 8040.55   0.29380E-02   0.20526E-02   0.20505E-02
 8054.16   0.29287E-02   0.20446E-02   0.20433E-02
 8067.76   0.29297E-02   0.20438E-02   0.20432E-02
 8081.37   0.29202E-02   0.20358E-02   0.20358E-02
 8094.97   0.29115E-02   0.20283E-02   0.20290E-02
 8108.58   0.29030E-02   0.20210E-02   0.20224E-02
 8122.18   0.28948E-02   0.20139E-02   0.20160E-02
 8135.79   0.28869E-02   0.20071E-02   0.20098E-02
 8149.39   0.28792E-02   0.20004E-02   0.20038E-02
 8163.00   0.28716E-02   0.19938E-02   0.19979E-02
 8176.60   0.28642E-02   0.19874E-02   0.19922E-02
 8190.21   0.28568E-02   0.19809E-02   0.19864E-02
 8203.81   0.28491E-02   0.19743E-02   0.19805E-02
 8217.42   0.28395E-02   0.19664E-02   0.19732E-02
 8231.02   0.28386E-02   0.19645E-02   0.19720E-02
 8244.63   0.28288E-02   0.19565E-02   0.19647E-02
 8258.23   0.28205E-02   0.19495E-02   0.19583E-02
 8271.84   0.28122E-02   0.19427E-02   0.19521E-02
 8285.44   0.28040E-02   0.19358E-02   0.19459E-02
 8299.05   0.27959E-02   0.19290E-02   0.19398E-02
 8312.65   0.27878E-02   0.19224E-02   0.19338E-02
 8326.26   0.27800E-02   0.19158E-02   0.19279E-02
 8339.86   0.27723E-02   0.19094E-02   0.19221E-02
 8353.47   0.27649E-02   0.19032E-02   0.19166E-02
 8367.07   0.27576E-02   0.18972E-02   0.19111E-02
 8380.68   0.27505E-02   0.18912E-02   0.19058E-02
 8394.28   0.27432E-02   0.18851E-02   0.19004E-02
 8407.89   0.27368E-02   0.18798E-02   0.18956E-02
 8421.49   0.27295E-02   0.18737E-02   0.18902E-02
 8435.10   0.27221E-02   0.18676E-02   0.18848E-02
 8448.70   0.27145E-02   0.18615E-02   0.18792E-02
 8462.31   0.27068E-02   0.18552E-02   0.18736E-02
 8475.91   0.26989E-02   0.18489E-02   0.18678E-02
 8489.52   0.26910E-02   0.18425E-02   0.18621E-02
 8503.12   0.26830E-02   0.18362E-02   0.18563E-02
 8516.73   0.26752E-02   0.18299E-02   0.18507E-02
 8530.33   0.26675E-02   0.18237E-02   0.18451E-02
 8543.94   0.26600E-02   0.18177E-02   0.18397E-02
 8557.54   0.26526E-02   0.18119E-02   0.18345E-02
 8571.15   0.26451E-02   0.18059E-02   0.18291E-02
 8584.75   0.26393E-02   0.18012E-02   0.18249E-02
 8598.36   0.26321E-02   0.17954E-02   0.18198E-02
 8611.96   0.26251E-02   0.17899E-02   0.18148E-02
 8625.57   0.26181E-02   0.17843E-02   0.18099E-02
 8639.17   0.26109E-02   0.17787E-02   0.18048E-02
 8652.78   0.26035E-02   0.17729E-02   0.17996E-02
 8666.38   0.25960E-02   0.17670E-02   0.17943E-02
 8679.99   0.25882E-02   0.17610E-02   0.17889E-02
 8693.59   0.25804E-02   0.17550E-02   0.17834E-02
 8707.20   0.25724E-02   0.17489E-02   0.17779E-02
 8720.80   0.25645E-02   0.17429E-02   0.17724E-02
 8734.41   0.25565E-02   0.17368E-02   0.17669E-02
 8748.01   0.25474E-02   0.17300E-02   0.17606E-02
 8761.62   0.25419E-02   0.17257E-02   0.17569E-02
 8775.22   0.25376E-02   0.17221E-02   0.17539E-02
 8788.83   0.25301E-02   0.17165E-02   0.17488E-02
 8802.43   0.25231E-02   0.17111E-02   0.17440E-02
 8816.04   0.25162E-02   0.17059E-02   0.17393E-02
 8829.64   0.25093E-02   0.17007E-02   0.17346E-02
 8843.25   0.25022E-02   0.16953E-02   0.17298E-02
 8856.85   0.24950E-02   0.16899E-02   0.17250E-02
 8870.46   0.24875E-02   0.16843E-02   0.17199E-02
 8884.06   0.24798E-02   0.16786E-02   0.17147E-02
 8897.67   0.24718E-02   0.16727E-02   0.17094E-02
 8911.27   0.24634E-02   0.16666E-02   0.17038E-02
 8924.88   0.24538E-02   0.16596E-02   0.16973E-02
 8938.48   0.24476E-02   0.16550E-02   0.16931E-02
 8952.09   0.24474E-02   0.16545E-02   0.16933E-02
 8965.69   0.24380E-02   0.16478E-02   0.16870E-02
 8979.30   0.24304E-02   0.16422E-02   0.16819E-02
 8992.90   0.24232E-02   0.16370E-02   0.16772E-02
 9006.51   0.24163E-02   0.16320E-02   0.16727E-02
 9020.11   0.24096E-02   0.16270E-02   0.16683E-02
 9033.72   0.24028E-02   0.16221E-02   0.16639E-02
 9047.32   0.23958E-02   0.16171E-02   0.16594E-02
 9060.93   0.23887E-02   0.16120E-02   0.16548E-02
 9074.53   0.23812E-02   0.16067E-02   0.16499E-02
 9088.14   0.23733E-02   0.16011E-02   0.16448E-02
 9101.74   0.23645E-02   0.15948E-02   0.16390E-02
 9115.35   0.23499E-02   0.15847E-02   0.16292E-02
 9128.95   0.23644E-02   0.15943E-02   0.16397E-02
 9142.56   0.23493E-02   0.15839E-02   0.16296E-02
 9156.16   0.23405E-02   0.15777E-02   0.16239E-02
 9169.77   0.23327E-02   0.15723E-02   0.16189E-02
 9183.37   0.23254E-02   0.15672E-02   0.16143E-02
 9196.98   0.23184E-02   0.15623E-02   0.16099E-02
 9210.58   0.23117E-02   0.15576E-02   0.16056E-02
 9224.19   0.23050E-02   0.15530E-02   0.16015E-02
 9237.79   0.22984E-02   0.15484E-02   0.15973E-02
 9251.40   0.22916E-02   0.15437E-02   0.15931E-02
 9265.00   0.22846E-02   0.15389E-02   0.15887E-02
 9278.61   0.22771E-02   0.15337E-02   0.15840E-02
 9292.21   0.22681E-02   0.15275E-02   0.15782E-02
 9305.82   0.22608E-02   0.15225E-02   0.15737E-02
 9319.42   0.22635E-02   0.15244E-02   0.15762E-02
 9333.03   0.22531E-02   0.15173E-02   0.15695E-02
 9346.63   0.22449E-02   0.15117E-02   0.15643E-02
 9360.24   0.22371E-02   0.15065E-02   0.15595E-02
 9373.84   0.22298E-02   0.15015E-02   0.15549E-02
 9387.45   0.22226E-02   0.14967E-02   0.15506E-02
 9401.05   0.22158E-02   0.14921E-02   0.15464E-02
 9414.66   0.22091E-02   0.14877E-02   0.15424E-02
 9428.26   0.22026E-02   0.14833E-02   0.15385E-02
 9441.87   0.21961E-02   0.14791E-02   0.15346E-02
 9455.47   0.21896E-02   0.14747E-02   0.15307E-02
 9469.08   0.21827E-02   0.14702E-02   0.15265E-02
 9482.68   0.21746E-02   0.14648E-02   0.15215E-02
 9496.29   0.21672E-02   0.14599E-02   0.15171E-02
 9509.89   0.21667E-02   0.14597E-02   0.15174E-02
 9523.50   0.21585E-02   0.14543E-02   0.15124E-02
 9537.10   0.21510E-02   0.14494E-02   0.15078E-02
 9550.71   0.21436E-02   0.14445E-02   0.15033E-02
 9564.31   0.21362E-02   0.14397E-02   0.14990E-02
 9577.92   0.21290E-02   0.14351E-02   0.14947E-02
 9591.52   0.21220E-02   0.14305E-02   0.14905E-02
 9605.13   0.21152E-02   0.14261E-02   0.14865E-02
 9618.73   0.21086E-02   0.14219E-02   0.14826E-02
 9632.34   0.21022E-02   0.14178E-02   0.14789E-02
 9645.94   0.20959E-02   0.14138E-02   0.14753E-02
 9659.55   0.20897E-02   0.14098E-02   0.14717E-02
 9673.15   0.20831E-02   0.14056E-02   0.14679E-02
 9686.76   0.20762E-02   0.14012E-02   0.14639E-02
 9700.36   0.20720E-02   0.13987E-02   0.14618E-02
 9713.97   0.20653E-02   0.13945E-02   0.14579E-02
 9727.57   0.20585E-02   0.13902E-02   0.14540E-02
 9741.18   0.20517E-02   0.13859E-02   0.14500E-02
 9754.78   0.20447E-02   0.13815E-02   0.14460E-02
 9768.39   0.20376E-02   0.13771E-02   0.14419E-02
 9781.99   0.20306E-02   0.13727E-02   0.14378E-02
 9795.60   0.20236E-02   0.13683E-02   0.14338E-02
 9809.20   0.20168E-02   0.13641E-02   0.14299E-02
 9822.81   0.20102E-02   0.13600E-02   0.14262E-02
 9836.41   0.20038E-02   0.13560E-02   0.14226E-02
 9850.02   0.19975E-02   0.13522E-02   0.14191E-02
 9863.62   0.19914E-02   0.13485E-02   0.14157E-02
 9877.23   0.19856E-02   0.13450E-02   0.14126E-02
 9890.83   0.19796E-02   0.13413E-02   0.14093E-02
 9904.44   0.19736E-02   0.13377E-02   0.14060E-02
 9918.04   0.19675E-02   0.13340E-02   0.14026E-02
 9931.65   0.19612E-02   0.13302E-02   0.13992E-02
 9945.25   0.19547E-02   0.13263E-02   0.13956E-02
 9958.86   0.19481E-02   0.13223E-02   0.13919E-02
 9972.46   0.19413E-02   0.13182E-02   0.13881E-02
 9986.07   0.19344E-02   0.13141E-02   0.13842E-02
 9999.67   0.19275E-02   0.13099E-02   0.13803E-02
