  258.49   0.68474E+00   0.68851E+00   0.62151E+00
  272.10   0.68866E+00   0.69269E+00   0.62830E+00
  285.70   0.69033E+00   0.69461E+00   0.63281E+00
  299.31   0.68989E+00   0.69441E+00   0.63518E+00
  312.91   0.68861E+00   0.69336E+00   0.63656E+00
  326.52   0.68573E+00   0.69070E+00   0.63626E+00
  340.12   0.68188E+00   0.68707E+00   0.63490E+00
  353.73   0.67688E+00   0.68227E+00   0.63229E+00
  367.33   0.67118E+00   0.67675E+00   0.62886E+00
  380.94   0.66475E+00   0.67050E+00   0.62462E+00
  394.54   0.65747E+00   0.66340E+00   0.61943E+00
  408.15   0.64966E+00   0.65574E+00   0.61362E+00
  421.75   0.64145E+00   0.64769E+00   0.60732E+00
  435.36   0.63274E+00   0.63911E+00   0.60042E+00
  448.96   0.62369E+00   0.63020E+00   0.59310E+00
  462.57   0.61471E+00   0.62135E+00   0.58576E+00
  476.17   0.60540E+00   0.61216E+00   0.57801E+00
  489.78   0.59575E+00   0.60261E+00   0.56985E+00
  503.38   0.58648E+00   0.59345E+00   0.56197E+00
  516.99   0.57690E+00   0.58396E+00   0.55372E+00
  530.59   0.56713E+00   0.57427E+00   0.54522E+00
  544.20   0.55755E+00   0.56477E+00   0.53684E+00
  557.80   0.54785E+00   0.55514E+00   0.52828E+00
  571.41   0.53819E+00   0.54555E+00   0.51971E+00
  585.01   0.52872E+00   0.53614E+00   0.51127E+00
  598.62   0.51912E+00   0.52659E+00   0.50265E+00
  612.22   0.50974E+00   0.51726E+00   0.49420E+00
  625.83   0.50040E+00   0.50796E+00   0.48574E+00
  639.43   0.49136E+00   0.49897E+00   0.47754E+00
  653.04   0.48229E+00   0.48992E+00   0.46926E+00
  666.64   0.47338E+00   0.48105E+00   0.46110E+00
  680.25   0.46465E+00   0.47235E+00   0.45309E+00
  693.85   0.45594E+00   0.46365E+00   0.44506E+00
  707.46   0.44737E+00   0.45509E+00   0.43713E+00
  721.06   0.43896E+00   0.44670E+00   0.42934E+00
  734.67   0.43074E+00   0.43849E+00   0.42169E+00
  748.27   0.42264E+00   0.43040E+00   0.41415E+00
  761.88   0.41467E+00   0.42242E+00   0.40670E+00
  775.48   0.40685E+00   0.41461E+00   0.39938E+00
  789.09   0.39925E+00   0.40701E+00   0.39225E+00
  802.69   0.39178E+00   0.39953E+00   0.38523E+00
  816.30   0.38443E+00   0.39217E+00   0.37830E+00
  829.90   0.37720E+00   0.38492E+00   0.37147E+00
  843.51   0.37020E+00   0.37791E+00   0.36485E+00
  857.11   0.36328E+00   0.37097E+00   0.35830E+00
  870.72   0.35651E+00   0.36418E+00   0.35187E+00
  884.32   0.34983E+00   0.35748E+00   0.34552E+00
  897.93   0.34340E+00   0.35103E+00   0.33940E+00
  911.53   0.33698E+00   0.34458E+00   0.33327E+00
  925.14   0.33075E+00   0.33832E+00   0.32732E+00
  938.74   0.32464E+00   0.33219E+00   0.32148E+00
  952.35   0.31859E+00   0.32610E+00   0.31568E+00
  965.95   0.31285E+00   0.32033E+00   0.31018E+00
  979.56   0.30712E+00   0.31457E+00   0.30468E+00
  993.16   0.30154E+00   0.30896E+00   0.29931E+00
 1006.77   0.29606E+00   0.30344E+00   0.29403E+00
 1020.37   0.29076E+00   0.29810E+00   0.28892E+00
 1033.98   0.28549E+00   0.29278E+00   0.28383E+00
 1047.58   0.28035E+00   0.28760E+00   0.27886E+00
 1061.19   0.27533E+00   0.28255E+00   0.27401E+00
 1074.79   0.27039E+00   0.27756E+00   0.26922E+00
 1088.40   0.26562E+00   0.27275E+00   0.26460E+00
 1102.00   0.26090E+00   0.26798E+00   0.26001E+00
 1115.61   0.25628E+00   0.26331E+00   0.25552E+00
 1129.21   0.25177E+00   0.25876E+00   0.25113E+00
 1142.82   0.24738E+00   0.25432E+00   0.24685E+00
 1156.42   0.24306E+00   0.24996E+00   0.24265E+00
 1170.03   0.23884E+00   0.24568E+00   0.23852E+00
 1183.63   0.23469E+00   0.24149E+00   0.23448E+00
 1197.24   0.23065E+00   0.23740E+00   0.23052E+00
 1210.84   0.22671E+00   0.23340E+00   0.22666E+00
 1224.45   0.22284E+00   0.22949E+00   0.22288E+00
 1238.05   0.21905E+00   0.22564E+00   0.21916E+00
 1251.66   0.21532E+00   0.22187E+00   0.21550E+00
 1265.26   0.21167E+00   0.21816E+00   0.21191E+00
 1278.87   0.20814E+00   0.21458E+00   0.20844E+00
 1292.47   0.20464E+00   0.21103E+00   0.20500E+00
 1306.08   0.20123E+00   0.20757E+00   0.20165E+00
 1319.68   0.19788E+00   0.20416E+00   0.19834E+00
 1333.29   0.19459E+00   0.20081E+00   0.19510E+00
 1346.89   0.19144E+00   0.19761E+00   0.19198E+00
 1360.50   0.18826E+00   0.19438E+00   0.18885E+00
 1374.10   0.18519E+00   0.19125E+00   0.18581E+00
 1387.71   0.18218E+00   0.18819E+00   0.18283E+00
 1401.31   0.17923E+00   0.18518E+00   0.17991E+00
 1414.92   0.17627E+00   0.18216E+00   0.17698E+00
 1428.52   0.17352E+00   0.17936E+00   0.17425E+00
 1442.13   0.17074E+00   0.17653E+00   0.17149E+00
 1455.73   0.16803E+00   0.17376E+00   0.16880E+00
 1469.34   0.16537E+00   0.17104E+00   0.16616E+00
 1482.94   0.16274E+00   0.16836E+00   0.16354E+00
 1496.55   0.16022E+00   0.16579E+00   0.16104E+00
 1510.15   0.15770E+00   0.16321E+00   0.15852E+00
 1523.76   0.15524E+00   0.16069E+00   0.15607E+00
 1537.36   0.15283E+00   0.15823E+00   0.15367E+00
 1550.97   0.15047E+00   0.15581E+00   0.15131E+00
 1564.57   0.14814E+00   0.15343E+00   0.14899E+00
 1578.18   0.14590E+00   0.15113E+00   0.14675E+00
 1591.78   0.14366E+00   0.14884E+00   0.14451E+00
 1605.39   0.14148E+00   0.14660E+00   0.14233E+00
 1618.99   0.13934E+00   0.14441E+00   0.14019E+00
 1632.60   0.13725E+00   0.14226E+00   0.13809E+00
 1646.20   0.13520E+00   0.14016E+00   0.13604E+00
 1659.81   0.13319E+00   0.13809E+00   0.13402E+00
 1673.41   0.13121E+00   0.13605E+00   0.13203E+00
 1687.02   0.12926E+00   0.13406E+00   0.13008E+00
 1700.62   0.12736E+00   0.13210E+00   0.12816E+00
 1714.23   0.12549E+00   0.13018E+00   0.12629E+00
 1727.83   0.12366E+00   0.12830E+00   0.12445E+00
 1741.44   0.12187E+00   0.12645E+00   0.12264E+00
 1755.04   0.12011E+00   0.12463E+00   0.12087E+00
 1768.65   0.11837E+00   0.12284E+00   0.11912E+00
 1782.25   0.11667E+00   0.12108E+00   0.11740E+00
 1795.86   0.11499E+00   0.11936E+00   0.11571E+00
 1809.46   0.11337E+00   0.11768E+00   0.11407E+00
 1823.07   0.11176E+00   0.11602E+00   0.11245E+00
 1836.67   0.11019E+00   0.11439E+00   0.11086E+00
 1850.28   0.10864E+00   0.11279E+00   0.10929E+00
 1863.88   0.10711E+00   0.11122E+00   0.10775E+00
 1877.49   0.10561E+00   0.10966E+00   0.10622E+00
 1891.09   0.10417E+00   0.10817E+00   0.10476E+00
 1904.70   0.10272E+00   0.10667E+00   0.10330E+00
 1918.30   0.10131E+00   0.10521E+00   0.10187E+00
 1931.91   0.99924E-01   0.10377E+00   0.10047E+00
 1945.51   0.98560E-01   0.10236E+00   0.99081E-01
 1959.12   0.97212E-01   0.10096E+00   0.97713E-01
 1972.72   0.95935E-01   0.99635E-01   0.96415E-01
 1986.33   0.94619E-01   0.98268E-01   0.95078E-01
 1999.93   0.93347E-01   0.96948E-01   0.93785E-01
 2013.54   0.92102E-01   0.95653E-01   0.92519E-01
 2027.14   0.90878E-01   0.94381E-01   0.91273E-01
 2040.75   0.89672E-01   0.93126E-01   0.90045E-01
 2054.35   0.88469E-01   0.91874E-01   0.88820E-01
 2067.96   0.87336E-01   0.90694E-01   0.87665E-01
 2081.56   0.86186E-01   0.89497E-01   0.86492E-01
 2095.17   0.85061E-01   0.88324E-01   0.85345E-01
 2108.77   0.83959E-01   0.87175E-01   0.84220E-01
 2122.38   0.82875E-01   0.86045E-01   0.83114E-01
 2135.98   0.81806E-01   0.84929E-01   0.82021E-01
 2149.59   0.80776E-01   0.83853E-01   0.80968E-01
 2163.19   0.79735E-01   0.82766E-01   0.79905E-01
 2176.80   0.78718E-01   0.81703E-01   0.78865E-01
 2190.40   0.77720E-01   0.80660E-01   0.77844E-01
 2204.01   0.76741E-01   0.79636E-01   0.76841E-01
 2217.61   0.75780E-01   0.78630E-01   0.75857E-01
 2231.22   0.74832E-01   0.77638E-01   0.74886E-01
 2244.82   0.73907E-01   0.76669E-01   0.73939E-01
 2258.43   0.72989E-01   0.75707E-01   0.72997E-01
 2272.03   0.72085E-01   0.74759E-01   0.72070E-01
 2285.64   0.71195E-01   0.73827E-01   0.71157E-01
 2299.24   0.70322E-01   0.72910E-01   0.70261E-01
 2312.85   0.69464E-01   0.72010E-01   0.69381E-01
 2326.45   0.68622E-01   0.71125E-01   0.68515E-01
 2340.06   0.67793E-01   0.70255E-01   0.67664E-01
 2353.66   0.66976E-01   0.69396E-01   0.66824E-01
 2367.27   0.66170E-01   0.68549E-01   0.65995E-01
 2380.87   0.65376E-01   0.67713E-01   0.65178E-01
 2394.48   0.64594E-01   0.66891E-01   0.64374E-01
 2408.08   0.63826E-01   0.66082E-01   0.63583E-01
 2421.69   0.63074E-01   0.65289E-01   0.62809E-01
 2435.29   0.62334E-01   0.64510E-01   0.62047E-01
 2448.90   0.61604E-01   0.63741E-01   0.61295E-01
 2462.50   0.60885E-01   0.62982E-01   0.60554E-01
 2476.11   0.60176E-01   0.62233E-01   0.59822E-01
 2489.71   0.59475E-01   0.61494E-01   0.59100E-01
 2503.32   0.58785E-01   0.60765E-01   0.58388E-01
 2516.92   0.58101E-01   0.60043E-01   0.57682E-01
 2530.53   0.57450E-01   0.59354E-01   0.57010E-01
 2544.13   0.56795E-01   0.58661E-01   0.56333E-01
 2557.74   0.56150E-01   0.57980E-01   0.55668E-01
 2571.34   0.55515E-01   0.57307E-01   0.55011E-01
 2584.95   0.54887E-01   0.56643E-01   0.54363E-01
 2598.55   0.54266E-01   0.55985E-01   0.53721E-01
 2612.16   0.53649E-01   0.55332E-01   0.53084E-01
 2625.76   0.53068E-01   0.54715E-01   0.52482E-01
 2639.37   0.52475E-01   0.54087E-01   0.51868E-01
 2652.97   0.51894E-01   0.53471E-01   0.51267E-01
 2666.58   0.51323E-01   0.52864E-01   0.50676E-01
 2680.18   0.50759E-01   0.52266E-01   0.50093E-01
 2693.79   0.50202E-01   0.51674E-01   0.49515E-01
 2707.39   0.49643E-01   0.51081E-01   0.48938E-01
 2721.00   0.49127E-01   0.50532E-01   0.48402E-01
 2734.60   0.48586E-01   0.49957E-01   0.47842E-01
 2748.21   0.48060E-01   0.49398E-01   0.47297E-01
 2761.81   0.47544E-01   0.48849E-01   0.46762E-01
 2775.42   0.47037E-01   0.48309E-01   0.46236E-01
 2789.02   0.46536E-01   0.47776E-01   0.45717E-01
 2802.63   0.46040E-01   0.47247E-01   0.45202E-01
 2816.23   0.45537E-01   0.46712E-01   0.44681E-01
 2829.84   0.45080E-01   0.46224E-01   0.44206E-01
 2843.44   0.44603E-01   0.45715E-01   0.43711E-01
 2857.05   0.44134E-01   0.45216E-01   0.43225E-01
 2870.65   0.43674E-01   0.44724E-01   0.42747E-01
 2884.26   0.43221E-01   0.44241E-01   0.42277E-01
 2897.86   0.42774E-01   0.43764E-01   0.41813E-01
 2911.47   0.42332E-01   0.43292E-01   0.41354E-01
 2925.07   0.41906E-01   0.42836E-01   0.40911E-01
 2938.68   0.41473E-01   0.42374E-01   0.40462E-01
 2952.28   0.41048E-01   0.41920E-01   0.40021E-01
 2965.89   0.40629E-01   0.41472E-01   0.39585E-01
 2979.49   0.40216E-01   0.41030E-01   0.39157E-01
 2993.10   0.39810E-01   0.40596E-01   0.38735E-01
 3006.70   0.39411E-01   0.40169E-01   0.38320E-01
 3020.31   0.39017E-01   0.39747E-01   0.37910E-01
 3033.91   0.38630E-01   0.39332E-01   0.37508E-01
 3047.52   0.38246E-01   0.38920E-01   0.37108E-01
 3061.12   0.37866E-01   0.38513E-01   0.36713E-01
 3074.73   0.37490E-01   0.38111E-01   0.36323E-01
 3088.33   0.37120E-01   0.37714E-01   0.35938E-01
 3101.94   0.36754E-01   0.37322E-01   0.35558E-01
 3115.54   0.36395E-01   0.36937E-01   0.35185E-01
 3129.15   0.36042E-01   0.36558E-01   0.34818E-01
 3142.75   0.35694E-01   0.36184E-01   0.34456E-01
 3156.36   0.35350E-01   0.35814E-01   0.34098E-01
 3169.96   0.35009E-01   0.35449E-01   0.33744E-01
 3183.57   0.34673E-01   0.35087E-01   0.33393E-01
 3197.17   0.34339E-01   0.34729E-01   0.33047E-01
 3210.78   0.34010E-01   0.34375E-01   0.32705E-01
 3224.38   0.33685E-01   0.34026E-01   0.32367E-01
 3237.99   0.33365E-01   0.33682E-01   0.32034E-01
 3251.59   0.33055E-01   0.33348E-01   0.31711E-01
 3265.20   0.32744E-01   0.33014E-01   0.31388E-01
 3278.80   0.32437E-01   0.32684E-01   0.31070E-01
 3292.41   0.32135E-01   0.32358E-01   0.30755E-01
 3306.01   0.31834E-01   0.32036E-01   0.30443E-01
 3319.62   0.31537E-01   0.31716E-01   0.30134E-01
 3333.22   0.31242E-01   0.31398E-01   0.29828E-01
 3346.83   0.30951E-01   0.31085E-01   0.29525E-01
 3360.43   0.30676E-01   0.30789E-01   0.29239E-01
 3374.04   0.30392E-01   0.30483E-01   0.28944E-01
 3387.64   0.30115E-01   0.30184E-01   0.28656E-01
 3401.25   0.29841E-01   0.29889E-01   0.28372E-01
 3414.85   0.29571E-01   0.29598E-01   0.28091E-01
 3428.46   0.29303E-01   0.29309E-01   0.27812E-01
 3442.06   0.29037E-01   0.29022E-01   0.27536E-01
 3455.67   0.28768E-01   0.28733E-01   0.27258E-01
 3469.27   0.28531E-01   0.28476E-01   0.27009E-01
 3482.88   0.28267E-01   0.28192E-01   0.26737E-01
 3496.48   0.28014E-01   0.27919E-01   0.26474E-01
 3510.09   0.27765E-01   0.27651E-01   0.26216E-01
 3523.69   0.27520E-01   0.27387E-01   0.25962E-01
 3537.30   0.27279E-01   0.27126E-01   0.25711E-01
 3550.90   0.27039E-01   0.26867E-01   0.25462E-01
 3564.51   0.26799E-01   0.26609E-01   0.25214E-01
 3578.11   0.26555E-01   0.26347E-01   0.24962E-01
 3591.72   0.26342E-01   0.26115E-01   0.24739E-01
 3605.32   0.26110E-01   0.25865E-01   0.24499E-01
 3618.93   0.25882E-01   0.25620E-01   0.24264E-01
 3632.53   0.25659E-01   0.25378E-01   0.24032E-01
 3646.14   0.25438E-01   0.25141E-01   0.23804E-01
 3659.74   0.25221E-01   0.24906E-01   0.23579E-01
 3673.35   0.25006E-01   0.24674E-01   0.23356E-01
 3686.95   0.24789E-01   0.24440E-01   0.23132E-01
 3700.56   0.24591E-01   0.24225E-01   0.22926E-01
 3714.16   0.24378E-01   0.23996E-01   0.22706E-01
 3727.77   0.24170E-01   0.23771E-01   0.22491E-01
 3741.37   0.23965E-01   0.23551E-01   0.22280E-01
 3754.98   0.23763E-01   0.23333E-01   0.22071E-01
 3768.58   0.23565E-01   0.23118E-01   0.21866E-01
 3782.19   0.23369E-01   0.22907E-01   0.21664E-01
 3795.79   0.23175E-01   0.22698E-01   0.21464E-01
 3809.40   0.22982E-01   0.22490E-01   0.21265E-01
 3823.00   0.22797E-01   0.22289E-01   0.21073E-01
 3836.61   0.22608E-01   0.22086E-01   0.20879E-01
 3850.21   0.22421E-01   0.21884E-01   0.20686E-01
 3863.82   0.22236E-01   0.21685E-01   0.20496E-01
 3877.42   0.22054E-01   0.21488E-01   0.20308E-01
 3891.03   0.21873E-01   0.21294E-01   0.20122E-01
 3904.63   0.21696E-01   0.21102E-01   0.19939E-01
 3918.24   0.21521E-01   0.20913E-01   0.19759E-01
 3931.84   0.21348E-01   0.20727E-01   0.19581E-01
 3945.45   0.21177E-01   0.20543E-01   0.19406E-01
 3959.05   0.21008E-01   0.20360E-01   0.19232E-01
 3972.66   0.20840E-01   0.20179E-01   0.19059E-01
 3986.26   0.20673E-01   0.19999E-01   0.18887E-01
 3999.87   0.20507E-01   0.19820E-01   0.18717E-01
 4013.47   0.20343E-01   0.19644E-01   0.18549E-01
 4027.08   0.20181E-01   0.19469E-01   0.18383E-01
 4040.68   0.20021E-01   0.19297E-01   0.18220E-01
 4054.29   0.19864E-01   0.19128E-01   0.18059E-01
 4067.89   0.19711E-01   0.18963E-01   0.17901E-01
 4081.50   0.19557E-01   0.18797E-01   0.17744E-01
 4095.10   0.19405E-01   0.18633E-01   0.17588E-01
 4108.71   0.19254E-01   0.18471E-01   0.17434E-01
 4122.31   0.19104E-01   0.18309E-01   0.17280E-01
 4135.92   0.18954E-01   0.18149E-01   0.17128E-01
 4149.52   0.18806E-01   0.17990E-01   0.16977E-01
 4163.13   0.18659E-01   0.17832E-01   0.16827E-01
 4176.73   0.18515E-01   0.17677E-01   0.16680E-01
 4190.34   0.18379E-01   0.17531E-01   0.16541E-01
 4203.94   0.18238E-01   0.17379E-01   0.16398E-01
 4217.55   0.18099E-01   0.17230E-01   0.16256E-01
 4231.15   0.17962E-01   0.17083E-01   0.16117E-01
 4244.76   0.17826E-01   0.16937E-01   0.15979E-01
 4258.36   0.17691E-01   0.16791E-01   0.15841E-01
 4271.97   0.17556E-01   0.16647E-01   0.15704E-01
 4285.57   0.17421E-01   0.16503E-01   0.15568E-01
 4299.18   0.17278E-01   0.16351E-01   0.15425E-01
 4312.78   0.17169E-01   0.16232E-01   0.15312E-01
 4326.39   0.17037E-01   0.16091E-01   0.15178E-01
 4339.99   0.16909E-01   0.15954E-01   0.15049E-01
 4353.60   0.16784E-01   0.15820E-01   0.14922E-01
 4367.20   0.16660E-01   0.15687E-01   0.14796E-01
 4380.81   0.16537E-01   0.15555E-01   0.14672E-01
 4394.41   0.16414E-01   0.15425E-01   0.14549E-01
 4408.02   0.16292E-01   0.15294E-01   0.14426E-01
 4421.62   0.16167E-01   0.15161E-01   0.14300E-01
 4435.23   0.16073E-01   0.15057E-01   0.14202E-01
 4448.83   0.15941E-01   0.14919E-01   0.14071E-01
 4462.44   0.15822E-01   0.14792E-01   0.13952E-01
 4476.04   0.15706E-01   0.14669E-01   0.13836E-01
 4489.65   0.15592E-01   0.14547E-01   0.13721E-01
 4503.25   0.15480E-01   0.14427E-01   0.13608E-01
 4516.86   0.15368E-01   0.14309E-01   0.13497E-01
 4530.46   0.15258E-01   0.14191E-01   0.13386E-01
 4544.07   0.15147E-01   0.14073E-01   0.13275E-01
 4557.67   0.15035E-01   0.13954E-01   0.13163E-01
 4571.28   0.14938E-01   0.13850E-01   0.13065E-01
 4584.88   0.14827E-01   0.13733E-01   0.12955E-01
 4598.49   0.14720E-01   0.13619E-01   0.12848E-01
 4612.09   0.14614E-01   0.13507E-01   0.12743E-01
 4625.70   0.14510E-01   0.13397E-01   0.12639E-01
 4639.30   0.14408E-01   0.13288E-01   0.12537E-01
 4652.91   0.14306E-01   0.13181E-01   0.12436E-01
 4666.51   0.14206E-01   0.13074E-01   0.12336E-01
 4680.12   0.14105E-01   0.12968E-01   0.12236E-01
 4693.72   0.14002E-01   0.12860E-01   0.12135E-01
 4707.33   0.13913E-01   0.12764E-01   0.12045E-01
 4720.93   0.13814E-01   0.12660E-01   0.11947E-01
 4734.54   0.13717E-01   0.12557E-01   0.11851E-01
 4748.14   0.13620E-01   0.12455E-01   0.11756E-01
 4761.75   0.13525E-01   0.12355E-01   0.11662E-01
 4775.35   0.13431E-01   0.12256E-01   0.11569E-01
 4788.96   0.13338E-01   0.12158E-01   0.11477E-01
 4802.56   0.13247E-01   0.12062E-01   0.11387E-01
 4816.17   0.13156E-01   0.11966E-01   0.11298E-01
 4829.77   0.13068E-01   0.11874E-01   0.11211E-01
 4843.38   0.12978E-01   0.11779E-01   0.11123E-01
 4856.98   0.12889E-01   0.11686E-01   0.11035E-01
 4870.59   0.12800E-01   0.11593E-01   0.10949E-01
 4884.19   0.12712E-01   0.11501E-01   0.10862E-01
 4897.80   0.12625E-01   0.11409E-01   0.10777E-01
 4911.40   0.12538E-01   0.11319E-01   0.10692E-01
 4925.01   0.12453E-01   0.11229E-01   0.10609E-01
 4938.61   0.12369E-01   0.11141E-01   0.10527E-01
 4952.22   0.12285E-01   0.11054E-01   0.10446E-01
 4965.82   0.12204E-01   0.10969E-01   0.10366E-01
 4979.43   0.12122E-01   0.10884E-01   0.10287E-01
 4993.03   0.12042E-01   0.10800E-01   0.10208E-01
 5006.64   0.11961E-01   0.10716E-01   0.10130E-01
 5020.24   0.11881E-01   0.10632E-01   0.10052E-01
 5033.85   0.11800E-01   0.10549E-01   0.99746E-02
 5047.45   0.11721E-01   0.10467E-01   0.98976E-02
 5061.06   0.11642E-01   0.10385E-01   0.98213E-02
 5074.66   0.11563E-01   0.10304E-01   0.97458E-02
 5088.27   0.11485E-01   0.10223E-01   0.96703E-02
 5101.87   0.11416E-01   0.10150E-01   0.96029E-02
 5115.48   0.11338E-01   0.10070E-01   0.95283E-02
 5129.08   0.11264E-01   0.99930E-02   0.94567E-02
 5142.69   0.11190E-01   0.99168E-02   0.93859E-02
 5156.29   0.11117E-01   0.98411E-02   0.93155E-02
 5169.90   0.11043E-01   0.97658E-02   0.92455E-02
 5183.50   0.10970E-01   0.96906E-02   0.91757E-02
 5197.11   0.10897E-01   0.96158E-02   0.91061E-02
 5210.71   0.10825E-01   0.95412E-02   0.90367E-02
 5224.32   0.10751E-01   0.94657E-02   0.89666E-02
 5237.92   0.10678E-01   0.93919E-02   0.88981E-02
 5251.53   0.10618E-01   0.93289E-02   0.88397E-02
 5265.13   0.10548E-01   0.92573E-02   0.87733E-02
 5278.74   0.10480E-01   0.91874E-02   0.87085E-02
 5292.34   0.10413E-01   0.91185E-02   0.86445E-02
 5305.95   0.10346E-01   0.90501E-02   0.85811E-02
 5319.55   0.10279E-01   0.89820E-02   0.85180E-02
 5333.16   0.10212E-01   0.89141E-02   0.84550E-02
 5346.76   0.10145E-01   0.88461E-02   0.83920E-02
 5360.37   0.10077E-01   0.87772E-02   0.83282E-02
 5373.97   0.10010E-01   0.87095E-02   0.82653E-02
 5387.58   0.99572E-02   0.86542E-02   0.82144E-02
 5401.18   0.98897E-02   0.85864E-02   0.81515E-02
 5414.79   0.98255E-02   0.85215E-02   0.80914E-02
 5428.39   0.97627E-02   0.84579E-02   0.80326E-02
 5442.00   0.97009E-02   0.83953E-02   0.79747E-02
 5455.60   0.96396E-02   0.83334E-02   0.79174E-02
 5469.21   0.95786E-02   0.82718E-02   0.78605E-02
 5482.81   0.95176E-02   0.82104E-02   0.78037E-02
 5496.42   0.94560E-02   0.81486E-02   0.77465E-02
 5510.02   0.93905E-02   0.80836E-02   0.76863E-02
 5523.63   0.93521E-02   0.80418E-02   0.76482E-02
 5537.23   0.92826E-02   0.79737E-02   0.75851E-02
 5550.84   0.92218E-02   0.79131E-02   0.75291E-02
 5564.44   0.91627E-02   0.78541E-02   0.74745E-02
 5578.05   0.91046E-02   0.77961E-02   0.74210E-02
 5591.65   0.90475E-02   0.77391E-02   0.73683E-02
 5605.26   0.89912E-02   0.76828E-02   0.73164E-02
 5618.86   0.89353E-02   0.76270E-02   0.72649E-02
 5632.47   0.88795E-02   0.75715E-02   0.72137E-02
 5646.07   0.88231E-02   0.75156E-02   0.71621E-02
 5659.68   0.87661E-02   0.74593E-02   0.71101E-02
 5673.28   0.87205E-02   0.74126E-02   0.70673E-02
 5686.89   0.86630E-02   0.73561E-02   0.70152E-02
 5700.49   0.86076E-02   0.73016E-02   0.69648E-02
 5714.10   0.85530E-02   0.72478E-02   0.69153E-02
 5727.70   0.84992E-02   0.71948E-02   0.68664E-02
 5741.31   0.84462E-02   0.71426E-02   0.68183E-02
 5754.91   0.83941E-02   0.70912E-02   0.67709E-02
 5768.52   0.83425E-02   0.70405E-02   0.67242E-02
 5782.12   0.82915E-02   0.69902E-02   0.66780E-02
 5795.73   0.82403E-02   0.69400E-02   0.66317E-02
 5809.33   0.81881E-02   0.68891E-02   0.65848E-02
 5822.94   0.81425E-02   0.68438E-02   0.65433E-02
 5836.54   0.80916E-02   0.67941E-02   0.64975E-02
 5850.15   0.80411E-02   0.67449E-02   0.64523E-02
 5863.75   0.79909E-02   0.66961E-02   0.64073E-02
 5877.36   0.79410E-02   0.66477E-02   0.63628E-02
 5890.96   0.78917E-02   0.65998E-02   0.63187E-02
 5904.57   0.78431E-02   0.65526E-02   0.62753E-02
 5918.17   0.77952E-02   0.65061E-02   0.62325E-02
 5931.78   0.77479E-02   0.64602E-02   0.61904E-02
 5945.38   0.77012E-02   0.64149E-02   0.61488E-02
 5958.99   0.76544E-02   0.63697E-02   0.61072E-02
 5972.59   0.76093E-02   0.63260E-02   0.60671E-02
 5986.20   0.75632E-02   0.62816E-02   0.60263E-02
 5999.80   0.75172E-02   0.62373E-02   0.59856E-02
 6013.41   0.74712E-02   0.61931E-02   0.59450E-02
 6027.01   0.74252E-02   0.61490E-02   0.59045E-02
 6040.62   0.73793E-02   0.61052E-02   0.58643E-02
 6054.22   0.73339E-02   0.60618E-02   0.58244E-02
 6067.83   0.72889E-02   0.60189E-02   0.57850E-02
 6081.43   0.72445E-02   0.59765E-02   0.57461E-02
 6095.04   0.72005E-02   0.59346E-02   0.57076E-02
 6108.64   0.71581E-02   0.58940E-02   0.56704E-02
 6122.25   0.71161E-02   0.58541E-02   0.56337E-02
 6135.85   0.70737E-02   0.58136E-02   0.55967E-02
 6149.46   0.70314E-02   0.57736E-02   0.55599E-02
 6163.06   0.69893E-02   0.57336E-02   0.55233E-02
 6176.67   0.69470E-02   0.56937E-02   0.54867E-02
 6190.27   0.69047E-02   0.56538E-02   0.54501E-02
 6203.88   0.68624E-02   0.56141E-02   0.54136E-02
 6217.48   0.68202E-02   0.55745E-02   0.53772E-02
 6231.09   0.67782E-02   0.55351E-02   0.53411E-02
 6244.69   0.67359E-02   0.54956E-02   0.53048E-02
 6258.30   0.66960E-02   0.54581E-02   0.52704E-02
 6271.90   0.66603E-02   0.54242E-02   0.52395E-02
 6285.51   0.66197E-02   0.53863E-02   0.52047E-02
 6299.11   0.65803E-02   0.53495E-02   0.51710E-02
 6312.72   0.65413E-02   0.53131E-02   0.51377E-02
 6326.32   0.65025E-02   0.52770E-02   0.51046E-02
 6339.93   0.64637E-02   0.52409E-02   0.50715E-02
 6353.53   0.64247E-02   0.52048E-02   0.50384E-02
 6367.14   0.63856E-02   0.51686E-02   0.50053E-02
 6380.74   0.63462E-02   0.51324E-02   0.49720E-02
 6394.35   0.63062E-02   0.50956E-02   0.49382E-02
 6407.95   0.62680E-02   0.50605E-02   0.49060E-02
 6421.56   0.62398E-02   0.50335E-02   0.48817E-02
 6435.16   0.61988E-02   0.49962E-02   0.48474E-02
 6448.77   0.61612E-02   0.49617E-02   0.48158E-02
 6462.37   0.61245E-02   0.49281E-02   0.47850E-02
 6475.98   0.60884E-02   0.48950E-02   0.47547E-02
 6489.58   0.60526E-02   0.48623E-02   0.47247E-02
 6503.19   0.60168E-02   0.48296E-02   0.46948E-02
 6516.79   0.59810E-02   0.47969E-02   0.46649E-02
 6530.40   0.59448E-02   0.47641E-02   0.46348E-02
 6544.00   0.59080E-02   0.47308E-02   0.46042E-02
 6557.61   0.58680E-02   0.46951E-02   0.45713E-02
 6571.21   0.58301E-02   0.46611E-02   0.45400E-02
 6584.82   0.58088E-02   0.46404E-02   0.45217E-02
 6598.42   0.57720E-02   0.46075E-02   0.44914E-02
 6612.03   0.57370E-02   0.45760E-02   0.44625E-02
 6625.63   0.57027E-02   0.45452E-02   0.44343E-02
 6639.24   0.56691E-02   0.45149E-02   0.44066E-02
 6652.84   0.56359E-02   0.44851E-02   0.43793E-02
 6666.45   0.56029E-02   0.44555E-02   0.43522E-02
 6680.05   0.55699E-02   0.44259E-02   0.43252E-02
 6693.66   0.55366E-02   0.43963E-02   0.42980E-02
 6707.26   0.55023E-02   0.43658E-02   0.42700E-02
 6720.87   0.54683E-02   0.43357E-02   0.42424E-02
 6734.47   0.54467E-02   0.43155E-02   0.42244E-02
 6748.08   0.54101E-02   0.42834E-02   0.41948E-02
 6761.68   0.53765E-02   0.42538E-02   0.41676E-02
 6775.29   0.53438E-02   0.42249E-02   0.41411E-02
 6788.89   0.53117E-02   0.41967E-02   0.41152E-02
 6802.50   0.52802E-02   0.41689E-02   0.40898E-02
 6816.10   0.52492E-02   0.41416E-02   0.40648E-02
 6829.71   0.52186E-02   0.41146E-02   0.40401E-02
 6843.31   0.51882E-02   0.40879E-02   0.40156E-02
 6856.92   0.51576E-02   0.40612E-02   0.39911E-02
 6870.52   0.51262E-02   0.40338E-02   0.39660E-02
 6884.13   0.50945E-02   0.40062E-02   0.39406E-02
 6897.73   0.50714E-02   0.39854E-02   0.39220E-02
 6911.34   0.50398E-02   0.39581E-02   0.38968E-02
 6924.94   0.50091E-02   0.39315E-02   0.38724E-02
 6938.55   0.49787E-02   0.39052E-02   0.38483E-02
 6952.15   0.49487E-02   0.38792E-02   0.38245E-02
 6965.76   0.49191E-02   0.38537E-02   0.38010E-02
 6979.36   0.48900E-02   0.38285E-02   0.37779E-02
 6992.97   0.48613E-02   0.38038E-02   0.37553E-02
 7006.57   0.48330E-02   0.37794E-02   0.37329E-02
 7020.18   0.48049E-02   0.37552E-02   0.37108E-02
 7033.78   0.47767E-02   0.37310E-02   0.36886E-02
 7047.39   0.47478E-02   0.37063E-02   0.36660E-02
 7060.99   0.47232E-02   0.36850E-02   0.36466E-02
 7074.60   0.46951E-02   0.36610E-02   0.36246E-02
 7088.20   0.46671E-02   0.36372E-02   0.36027E-02
 7101.81   0.46391E-02   0.36134E-02   0.35809E-02
 7115.41   0.46112E-02   0.35897E-02   0.35591E-02
 7129.02   0.45834E-02   0.35662E-02   0.35375E-02
 7142.62   0.45560E-02   0.35430E-02   0.35162E-02
 7156.23   0.45289E-02   0.35201E-02   0.34951E-02
 7169.83   0.45022E-02   0.34975E-02   0.34745E-02
 7183.44   0.44759E-02   0.34754E-02   0.34541E-02
 7197.04   0.44498E-02   0.34534E-02   0.34341E-02
 7210.65   0.44242E-02   0.34319E-02   0.34143E-02
 7224.25   0.43992E-02   0.34108E-02   0.33950E-02
 7237.86   0.43736E-02   0.33894E-02   0.33754E-02
 7251.46   0.43481E-02   0.33680E-02   0.33558E-02
 7265.07   0.43225E-02   0.33466E-02   0.33361E-02
 7278.67   0.42967E-02   0.33252E-02   0.33164E-02
 7292.28   0.42710E-02   0.33038E-02   0.32967E-02
 7305.88   0.42452E-02   0.32824E-02   0.32770E-02
 7319.49   0.42196E-02   0.32612E-02   0.32575E-02
 7333.09   0.41942E-02   0.32402E-02   0.32381E-02
 7346.70   0.41690E-02   0.32194E-02   0.32190E-02
 7360.30   0.41438E-02   0.31987E-02   0.31999E-02
 7373.91   0.41204E-02   0.31794E-02   0.31823E-02
 7387.51   0.40981E-02   0.31608E-02   0.31653E-02
 7401.12   0.40740E-02   0.31411E-02   0.31471E-02
 7414.72   0.40503E-02   0.31216E-02   0.31293E-02
 7428.33   0.40267E-02   0.31023E-02   0.31115E-02
 7441.93   0.40031E-02   0.30830E-02   0.30938E-02
 7455.54   0.39794E-02   0.30637E-02   0.30760E-02
 7469.14   0.39555E-02   0.30443E-02   0.30581E-02
 7482.75   0.39316E-02   0.30248E-02   0.30401E-02
 7496.35   0.39076E-02   0.30054E-02   0.30221E-02
 7509.96   0.38835E-02   0.29859E-02   0.30041E-02
 7523.56   0.38589E-02   0.29660E-02   0.29857E-02
 7537.17   0.38366E-02   0.29480E-02   0.29692E-02
 7550.77   0.38194E-02   0.29339E-02   0.29565E-02
 7564.38   0.37951E-02   0.29144E-02   0.29384E-02
 7577.98   0.37725E-02   0.28962E-02   0.29216E-02
 7591.59   0.37504E-02   0.28785E-02   0.29053E-02
 7605.19   0.37285E-02   0.28609E-02   0.28892E-02
 7618.80   0.37067E-02   0.28435E-02   0.28731E-02
 7632.40   0.36848E-02   0.28260E-02   0.28569E-02
 7646.01   0.36628E-02   0.28084E-02   0.28407E-02
 7659.61   0.36406E-02   0.27908E-02   0.28244E-02
 7673.22   0.36181E-02   0.27729E-02   0.28078E-02
 7686.82   0.35949E-02   0.27545E-02   0.27907E-02
 7700.43   0.35676E-02   0.27330E-02   0.27704E-02
 7714.03   0.35646E-02   0.27303E-02   0.27692E-02
 7727.64   0.35362E-02   0.27080E-02   0.27480E-02
 7741.24   0.35138E-02   0.26904E-02   0.27316E-02
 7754.85   0.34925E-02   0.26736E-02   0.27161E-02
 7768.45   0.34718E-02   0.26573E-02   0.27011E-02
 7782.06   0.34514E-02   0.26413E-02   0.26863E-02
 7795.66   0.34312E-02   0.26255E-02   0.26716E-02
 7809.27   0.34110E-02   0.26097E-02   0.26570E-02
 7822.87   0.33908E-02   0.25939E-02   0.26424E-02
 7836.48   0.33703E-02   0.25779E-02   0.26275E-02
 7850.08   0.33493E-02   0.25615E-02   0.26123E-02
 7863.69   0.33268E-02   0.25440E-02   0.25959E-02
 7877.29   0.33062E-02   0.25281E-02   0.25810E-02
 7890.90   0.32961E-02   0.25203E-02   0.25745E-02
 7904.50   0.32733E-02   0.25026E-02   0.25579E-02
 7918.11   0.32525E-02   0.24865E-02   0.25429E-02
 7931.71   0.32325E-02   0.24711E-02   0.25285E-02
 7945.32   0.32130E-02   0.24561E-02   0.25146E-02
 7958.92   0.31939E-02   0.24414E-02   0.25009E-02
 7972.53   0.31750E-02   0.24269E-02   0.24875E-02
 7986.13   0.31563E-02   0.24126E-02   0.24742E-02
 7999.74   0.31377E-02   0.23983E-02   0.24610E-02
 8013.34   0.31189E-02   0.23840E-02   0.24476E-02
 8026.95   0.30996E-02   0.23692E-02   0.24339E-02
 8040.55   0.30781E-02   0.23528E-02   0.24183E-02
 8054.16   0.30583E-02   0.23377E-02   0.24041E-02
 8067.76   0.30487E-02   0.23306E-02   0.23983E-02
 8081.37   0.30287E-02   0.23154E-02   0.23840E-02
 8094.97   0.30096E-02   0.23009E-02   0.23704E-02
 8108.58   0.29909E-02   0.22867E-02   0.23571E-02
 8122.18   0.29725E-02   0.22728E-02   0.23441E-02
 8135.79   0.29545E-02   0.22592E-02   0.23314E-02
 8149.39   0.29367E-02   0.22459E-02   0.23190E-02
 8163.00   0.29193E-02   0.22328E-02   0.23068E-02
 8176.60   0.29020E-02   0.22199E-02   0.22947E-02
 8190.21   0.28848E-02   0.22070E-02   0.22827E-02
 8203.81   0.28673E-02   0.21939E-02   0.22705E-02
 8217.42   0.28480E-02   0.21794E-02   0.22568E-02
 8231.02   0.28385E-02   0.21726E-02   0.22511E-02
 8244.63   0.28187E-02   0.21578E-02   0.22370E-02
 8258.23   0.28010E-02   0.21445E-02   0.22245E-02
 8271.84   0.27835E-02   0.21315E-02   0.22123E-02
 8285.44   0.27661E-02   0.21186E-02   0.22001E-02
 8299.05   0.27489E-02   0.21058E-02   0.21881E-02
 8312.65   0.27319E-02   0.20932E-02   0.21763E-02
 8326.26   0.27152E-02   0.20809E-02   0.21647E-02
 8339.86   0.26987E-02   0.20687E-02   0.21533E-02
 8353.47   0.26824E-02   0.20568E-02   0.21421E-02
 8367.07   0.26664E-02   0.20451E-02   0.21312E-02
 8380.68   0.26505E-02   0.20335E-02   0.21203E-02
 8394.28   0.26340E-02   0.20215E-02   0.21091E-02
 8407.89   0.26207E-02   0.20116E-02   0.20998E-02
 8421.49   0.26045E-02   0.19998E-02   0.20887E-02
 8435.10   0.25886E-02   0.19882E-02   0.20779E-02
 8448.70   0.25728E-02   0.19767E-02   0.20670E-02
 8462.31   0.25569E-02   0.19651E-02   0.20561E-02
 8475.91   0.25410E-02   0.19535E-02   0.20451E-02
 8489.52   0.25251E-02   0.19419E-02   0.20342E-02
 8503.12   0.25093E-02   0.19304E-02   0.20233E-02
 8516.73   0.24937E-02   0.19191E-02   0.20126E-02
 8530.33   0.24782E-02   0.19080E-02   0.20021E-02
 8543.94   0.24630E-02   0.18970E-02   0.19918E-02
 8557.54   0.24480E-02   0.18863E-02   0.19816E-02
 8571.15   0.24327E-02   0.18755E-02   0.19714E-02
 8584.75   0.24202E-02   0.18661E-02   0.19626E-02
 8598.36   0.24052E-02   0.18555E-02   0.19526E-02
 8611.96   0.23907E-02   0.18452E-02   0.19429E-02
 8625.57   0.23763E-02   0.18349E-02   0.19332E-02
 8639.17   0.23618E-02   0.18246E-02   0.19235E-02
 8652.78   0.23473E-02   0.18142E-02   0.19136E-02
 8666.38   0.23326E-02   0.18037E-02   0.19037E-02
 8679.99   0.23180E-02   0.17932E-02   0.18937E-02
 8693.59   0.23033E-02   0.17827E-02   0.18837E-02
 8707.20   0.22887E-02   0.17723E-02   0.18737E-02
 8720.80   0.22741E-02   0.17619E-02   0.18639E-02
 8734.41   0.22596E-02   0.17516E-02   0.18540E-02
 8748.01   0.22443E-02   0.17409E-02   0.18437E-02
 8761.62   0.22318E-02   0.17322E-02   0.18356E-02
 8775.22   0.22206E-02   0.17242E-02   0.18281E-02
 8788.83   0.22067E-02   0.17145E-02   0.18189E-02
 8802.43   0.21932E-02   0.17050E-02   0.18099E-02
 8816.04   0.21799E-02   0.16957E-02   0.18011E-02
 8829.64   0.21666E-02   0.16864E-02   0.17922E-02
 8843.25   0.21533E-02   0.16771E-02   0.17833E-02
 8856.85   0.21398E-02   0.16677E-02   0.17743E-02
 8870.46   0.21263E-02   0.16582E-02   0.17652E-02
 8884.06   0.21127E-02   0.16486E-02   0.17561E-02
 8897.67   0.20990E-02   0.16390E-02   0.17468E-02
 8911.27   0.20851E-02   0.16292E-02   0.17373E-02
 8924.88   0.20704E-02   0.16188E-02   0.17272E-02
 8938.48   0.20582E-02   0.16105E-02   0.17193E-02
 8952.09   0.20507E-02   0.16057E-02   0.17152E-02
 8965.69   0.20363E-02   0.15955E-02   0.17053E-02
 8979.30   0.20232E-02   0.15864E-02   0.16966E-02
 8992.90   0.20106E-02   0.15778E-02   0.16883E-02
 9006.51   0.19982E-02   0.15693E-02   0.16801E-02
 9020.11   0.19860E-02   0.15609E-02   0.16721E-02
 9033.72   0.19737E-02   0.15525E-02   0.16640E-02
 9047.32   0.19614E-02   0.15440E-02   0.16559E-02
 9060.93   0.19490E-02   0.15355E-02   0.16477E-02
 9074.53   0.19365E-02   0.15268E-02   0.16393E-02
 9088.14   0.19237E-02   0.15179E-02   0.16306E-02
 9101.74   0.19103E-02   0.15085E-02   0.16214E-02
 9115.35   0.18933E-02   0.14961E-02   0.16090E-02
 9128.95   0.18974E-02   0.15013E-02   0.16155E-02
 9142.56   0.18790E-02   0.14877E-02   0.16018E-02
 9156.16   0.18659E-02   0.14786E-02   0.15928E-02
 9169.77   0.18536E-02   0.14702E-02   0.15847E-02
 9183.37   0.18418E-02   0.14621E-02   0.15769E-02
 9196.98   0.18302E-02   0.14543E-02   0.15693E-02
 9210.58   0.18188E-02   0.14466E-02   0.15619E-02
 9224.19   0.18076E-02   0.14390E-02   0.15545E-02
 9237.79   0.17963E-02   0.14314E-02   0.15472E-02
 9251.40   0.17850E-02   0.14238E-02   0.15398E-02
 9265.00   0.17735E-02   0.14160E-02   0.15322E-02
 9278.61   0.17618E-02   0.14079E-02   0.15243E-02
 9292.21   0.17490E-02   0.13989E-02   0.15154E-02
 9305.82   0.17378E-02   0.13913E-02   0.15080E-02
 9319.42   0.17341E-02   0.13903E-02   0.15077E-02
 9333.03   0.17203E-02   0.13804E-02   0.14978E-02
 9346.63   0.17084E-02   0.13722E-02   0.14897E-02
 9360.24   0.16970E-02   0.13644E-02   0.14821E-02
 9373.84   0.16859E-02   0.13569E-02   0.14747E-02
 9387.45   0.16750E-02   0.13496E-02   0.14676E-02
 9401.05   0.16644E-02   0.13425E-02   0.14607E-02
 9414.66   0.16539E-02   0.13356E-02   0.14539E-02
 9428.26   0.16435E-02   0.13287E-02   0.14472E-02
 9441.87   0.16332E-02   0.13219E-02   0.14405E-02
 9455.47   0.16228E-02   0.13150E-02   0.14338E-02
 9469.08   0.16122E-02   0.13079E-02   0.14268E-02
 9482.68   0.16005E-02   0.12998E-02   0.14187E-02
 9496.29   0.15900E-02   0.12927E-02   0.14117E-02
 9509.89   0.15851E-02   0.12906E-02   0.14102E-02
 9523.50   0.15736E-02   0.12826E-02   0.14022E-02
 9537.10   0.15628E-02   0.12753E-02   0.13949E-02
 9550.71   0.15523E-02   0.12682E-02   0.13879E-02
 9564.31   0.15420E-02   0.12613E-02   0.13810E-02
 9577.92   0.15318E-02   0.12545E-02   0.13743E-02
 9591.52   0.15218E-02   0.12478E-02   0.13677E-02
 9605.13   0.15120E-02   0.12414E-02   0.13614E-02
 9618.73   0.15023E-02   0.12351E-02   0.13551E-02
 9632.34   0.14928E-02   0.12289E-02   0.13490E-02
 9645.94   0.14833E-02   0.12227E-02   0.13430E-02
 9659.55   0.14738E-02   0.12165E-02   0.13368E-02
 9673.15   0.14637E-02   0.12098E-02   0.13302E-02
 9686.76   0.14541E-02   0.12034E-02   0.13238E-02
 9700.36   0.14476E-02   0.11997E-02   0.13204E-02
 9713.97   0.14378E-02   0.11932E-02   0.13139E-02
 9727.57   0.14282E-02   0.11868E-02   0.13075E-02
 9741.18   0.14186E-02   0.11804E-02   0.13012E-02
 9754.78   0.14091E-02   0.11741E-02   0.12949E-02
 9768.39   0.13997E-02   0.11679E-02   0.12886E-02
 9781.99   0.13903E-02   0.11617E-02   0.12824E-02
 9795.60   0.13811E-02   0.11556E-02   0.12763E-02
 9809.20   0.13720E-02   0.11497E-02   0.12704E-02
 9822.81   0.13631E-02   0.11439E-02   0.12646E-02
 9836.41   0.13543E-02   0.11382E-02   0.12590E-02
 9850.02   0.13455E-02   0.11327E-02   0.12535E-02
 9863.62   0.13366E-02   0.11271E-02   0.12480E-02
 9877.23   0.13282E-02   0.11216E-02   0.12424E-02
 9890.83   0.13209E-02   0.11167E-02   0.12376E-02
 9904.44   0.13122E-02   0.11112E-02   0.12321E-02
 9918.04   0.13037E-02   0.11057E-02   0.12266E-02
 9931.65   0.12951E-02   0.11002E-02   0.12210E-02
 9945.25   0.12865E-02   0.10946E-02   0.12154E-02
 9958.86   0.12779E-02   0.10889E-02   0.12097E-02
 9972.46   0.12692E-02   0.10832E-02   0.12039E-02
 9986.07   0.12606E-02   0.10776E-02   0.11982E-02
 9999.67   0.12521E-02   0.10720E-02   0.11925E-02
