   13.60   0.24270E+02   0.24409E+02   0.29983E+02
   27.21   0.10758E+02   0.10807E+02   0.13480E+02
   40.81   0.43363E+01   0.43559E+01   0.55099E+01
   54.42   0.18803E+01   0.18894E+01   0.24255E+01
   68.02   0.87857E+00   0.88326E+00   0.11506E+01
   81.63   0.44155E+00   0.44422E+00   0.58618E+00
   95.23   0.23505E+00   0.23664E+00   0.31458E+00
  108.84   0.13186E+00   0.13282E+00   0.17563E+00
  122.44   0.79071E-01   0.79668E-01   0.10240E+00
  136.05   0.52029E-01   0.52389E-01   0.63345E-01
  149.65   0.38444E-01   0.38663E-01   0.42576E-01
  163.26   0.32086E-01   0.32212E-01   0.31869E-01
  176.86   0.29552E-01   0.29624E-01   0.26718E-01
  190.47   0.29029E-01   0.29069E-01   0.24655E-01
  204.07   0.29461E-01   0.29483E-01   0.24232E-01
  217.68   0.30307E-01   0.30323E-01   0.24657E-01
  231.28   0.31260E-01   0.31273E-01   0.25461E-01
  244.89   0.32171E-01   0.32190E-01   0.26400E-01
  258.49   0.32960E-01   0.32987E-01   0.27324E-01
  272.10   0.33598E-01   0.33634E-01   0.28164E-01
  285.70   0.34055E-01   0.34105E-01   0.28868E-01
  299.31   0.34343E-01   0.34404E-01   0.29420E-01
  312.91   0.34509E-01   0.34583E-01   0.29854E-01
  326.52   0.34527E-01   0.34617E-01   0.30144E-01
  340.12   0.34443E-01   0.34544E-01   0.30320E-01
  353.73   0.34250E-01   0.34363E-01   0.30380E-01
  367.33   0.33974E-01   0.34102E-01   0.30347E-01
  380.94   0.33633E-01   0.33772E-01   0.30233E-01
  394.54   0.33221E-01   0.33370E-01   0.30037E-01
  408.15   0.32755E-01   0.32916E-01   0.29777E-01
  421.75   0.32258E-01   0.32428E-01   0.29470E-01
  435.36   0.31721E-01   0.31899E-01   0.29112E-01
  448.96   0.31155E-01   0.31343E-01   0.28715E-01
  462.57   0.30588E-01   0.30784E-01   0.28304E-01
  476.17   0.30003E-01   0.30204E-01   0.27863E-01
  489.78   0.29399E-01   0.29606E-01   0.27395E-01
  503.38   0.28811E-01   0.29026E-01   0.26935E-01
  516.99   0.28213E-01   0.28433E-01   0.26455E-01
  530.59   0.27611E-01   0.27834E-01   0.25961E-01
  544.20   0.27018E-01   0.27247E-01   0.25473E-01
  557.80   0.26425E-01   0.26659E-01   0.24978E-01
  571.41   0.25842E-01   0.26078E-01   0.24483E-01
  585.01   0.25271E-01   0.25511E-01   0.23997E-01
  598.62   0.24698E-01   0.24943E-01   0.23505E-01
  612.22   0.24142E-01   0.24391E-01   0.23023E-01
  625.83   0.23595E-01   0.23845E-01   0.22544E-01
  639.43   0.23067E-01   0.23319E-01   0.22080E-01
  653.04   0.22540E-01   0.22796E-01   0.21615E-01
  666.64   0.22027E-01   0.22286E-01   0.21160E-01
  680.25   0.21530E-01   0.21789E-01   0.20715E-01
  693.85   0.21037E-01   0.21297E-01   0.20271E-01
  707.46   0.20554E-01   0.20817E-01   0.19837E-01
  721.06   0.20083E-01   0.20349E-01   0.19412E-01
  734.67   0.19628E-01   0.19893E-01   0.18996E-01
  748.27   0.19182E-01   0.19447E-01   0.18589E-01
  761.88   0.18744E-01   0.19011E-01   0.18189E-01
  775.48   0.18318E-01   0.18587E-01   0.17799E-01
  789.09   0.17907E-01   0.18176E-01   0.17420E-01
  802.69   0.17506E-01   0.17775E-01   0.17049E-01
  816.30   0.17113E-01   0.17382E-01   0.16685E-01
  829.90   0.16728E-01   0.16999E-01   0.16329E-01
  843.51   0.16358E-01   0.16630E-01   0.15985E-01
  857.11   0.15996E-01   0.16267E-01   0.15647E-01
  870.72   0.15644E-01   0.15914E-01   0.15317E-01
  884.32   0.15298E-01   0.15569E-01   0.14993E-01
  897.93   0.14966E-01   0.15237E-01   0.14682E-01
  911.53   0.14638E-01   0.14909E-01   0.14373E-01
  925.14   0.14322E-01   0.14591E-01   0.14075E-01
  938.74   0.14014E-01   0.14282E-01   0.13783E-01
  952.35   0.13709E-01   0.13978E-01   0.13496E-01
  965.95   0.13421E-01   0.13689E-01   0.13223E-01
  979.56   0.13136E-01   0.13404E-01   0.12953E-01
  993.16   0.12860E-01   0.13126E-01   0.12690E-01
 1006.77   0.12590E-01   0.12855E-01   0.12432E-01
 1020.37   0.12329E-01   0.12594E-01   0.12184E-01
 1033.98   0.12071E-01   0.12335E-01   0.11938E-01
 1047.58   0.11821E-01   0.12084E-01   0.11699E-01
 1061.19   0.11579E-01   0.11840E-01   0.11466E-01
 1074.79   0.11341E-01   0.11601E-01   0.11238E-01
 1088.40   0.11112E-01   0.11371E-01   0.11018E-01
 1102.00   0.10885E-01   0.11144E-01   0.10800E-01
 1115.61   0.10665E-01   0.10922E-01   0.10589E-01
 1129.21   0.10452E-01   0.10707E-01   0.10383E-01
 1142.82   0.10245E-01   0.10498E-01   0.10182E-01
 1156.42   0.10042E-01   0.10293E-01   0.99856E-02
 1170.03   0.98433E-02   0.10094E-01   0.97937E-02
 1183.63   0.96497E-02   0.98986E-02   0.96062E-02
 1197.24   0.94621E-02   0.97087E-02   0.94235E-02
 1210.84   0.92801E-02   0.95241E-02   0.92458E-02
 1224.45   0.91019E-02   0.93437E-02   0.90720E-02
 1238.05   0.89271E-02   0.91673E-02   0.89020E-02
 1251.66   0.87560E-02   0.89947E-02   0.87356E-02
 1265.26   0.85893E-02   0.88260E-02   0.85728E-02
 1278.87   0.84290E-02   0.86631E-02   0.84154E-02
 1292.47   0.82713E-02   0.85027E-02   0.82605E-02
 1306.08   0.81170E-02   0.83464E-02   0.81094E-02
 1319.68   0.79655E-02   0.81935E-02   0.79615E-02
 1333.29   0.78172E-02   0.80436E-02   0.78164E-02
 1346.89   0.76758E-02   0.79001E-02   0.76775E-02
 1360.50   0.75347E-02   0.77565E-02   0.75384E-02
 1374.10   0.73982E-02   0.76177E-02   0.74039E-02
 1387.71   0.72643E-02   0.74821E-02   0.72725E-02
 1401.31   0.71327E-02   0.73493E-02   0.71436E-02
 1414.92   0.70019E-02   0.72170E-02   0.70152E-02
 1428.52   0.68805E-02   0.70937E-02   0.68956E-02
 1442.13   0.67588E-02   0.69697E-02   0.67751E-02
 1455.73   0.66401E-02   0.68489E-02   0.66577E-02
 1469.34   0.65235E-02   0.67307E-02   0.65429E-02
 1482.94   0.64084E-02   0.66143E-02   0.64297E-02
 1496.55   0.62981E-02   0.65026E-02   0.63211E-02
 1510.15   0.61886E-02   0.63912E-02   0.62126E-02
 1523.76   0.60824E-02   0.62827E-02   0.61070E-02
 1537.36   0.59787E-02   0.61768E-02   0.60039E-02
 1550.97   0.58769E-02   0.60732E-02   0.59030E-02
 1564.57   0.57764E-02   0.59712E-02   0.58037E-02
 1578.18   0.56796E-02   0.58728E-02   0.57078E-02
 1591.78   0.55840E-02   0.57754E-02   0.56128E-02
 1605.39   0.54911E-02   0.56801E-02   0.55199E-02
 1618.99   0.54004E-02   0.55870E-02   0.54291E-02
 1632.60   0.53115E-02   0.54961E-02   0.53404E-02
 1646.20   0.52244E-02   0.54073E-02   0.52537E-02
 1659.81   0.51387E-02   0.53200E-02   0.51685E-02
 1673.41   0.50549E-02   0.52343E-02   0.50849E-02
 1687.02   0.49732E-02   0.51504E-02   0.50030E-02
 1700.62   0.48935E-02   0.50683E-02   0.49228E-02
 1714.23   0.48155E-02   0.49880E-02   0.48444E-02
 1727.83   0.47390E-02   0.49095E-02   0.47677E-02
 1741.44   0.46636E-02   0.48326E-02   0.46925E-02
 1755.04   0.45898E-02   0.47570E-02   0.46186E-02
 1768.65   0.45176E-02   0.46828E-02   0.45461E-02
 1782.25   0.44471E-02   0.46100E-02   0.44749E-02
 1795.86   0.43780E-02   0.45386E-02   0.44051E-02
 1809.46   0.43109E-02   0.44694E-02   0.43375E-02
 1823.07   0.42444E-02   0.44011E-02   0.42707E-02
 1836.67   0.41790E-02   0.43343E-02   0.42053E-02
 1850.28   0.41150E-02   0.42686E-02   0.41410E-02
 1863.88   0.40524E-02   0.42040E-02   0.40779E-02
 1877.49   0.39909E-02   0.41404E-02   0.40156E-02
 1891.09   0.39321E-02   0.40795E-02   0.39560E-02
 1904.70   0.38730E-02   0.40186E-02   0.38964E-02
 1918.30   0.38152E-02   0.39592E-02   0.38383E-02
 1931.91   0.37583E-02   0.39009E-02   0.37812E-02
 1945.51   0.37026E-02   0.38435E-02   0.37251E-02
 1959.12   0.36479E-02   0.37870E-02   0.36697E-02
 1972.72   0.35962E-02   0.37333E-02   0.36172E-02
 1986.33   0.35432E-02   0.36783E-02   0.35633E-02
 1999.93   0.34918E-02   0.36251E-02   0.35112E-02
 2013.54   0.34413E-02   0.35731E-02   0.34603E-02
 2027.14   0.33916E-02   0.35220E-02   0.34102E-02
 2040.75   0.33428E-02   0.34716E-02   0.33610E-02
 2054.35   0.32946E-02   0.34216E-02   0.33120E-02
 2067.96   0.32492E-02   0.33743E-02   0.32657E-02
 2081.56   0.32034E-02   0.33265E-02   0.32189E-02
 2095.17   0.31585E-02   0.32798E-02   0.31731E-02
 2108.77   0.31143E-02   0.32340E-02   0.31282E-02
 2122.38   0.30707E-02   0.31891E-02   0.30842E-02
 2135.98   0.30279E-02   0.31448E-02   0.30408E-02
 2149.59   0.29868E-02   0.31021E-02   0.29990E-02
 2163.19   0.29457E-02   0.30590E-02   0.29569E-02
 2176.80   0.29056E-02   0.30170E-02   0.29157E-02
 2190.40   0.28662E-02   0.29758E-02   0.28754E-02
 2204.01   0.28274E-02   0.29354E-02   0.28358E-02
 2217.61   0.27891E-02   0.28957E-02   0.27970E-02
 2231.22   0.27515E-02   0.28567E-02   0.27588E-02
 2244.82   0.27149E-02   0.28186E-02   0.27215E-02
 2258.43   0.26789E-02   0.27809E-02   0.26845E-02
 2272.03   0.26436E-02   0.27437E-02   0.26481E-02
 2285.64   0.26089E-02   0.27072E-02   0.26124E-02
 2299.24   0.25747E-02   0.26714E-02   0.25773E-02
 2312.85   0.25410E-02   0.26362E-02   0.25429E-02
 2326.45   0.25078E-02   0.26017E-02   0.25091E-02
 2340.06   0.24752E-02   0.25678E-02   0.24759E-02
 2353.66   0.24433E-02   0.25344E-02   0.24432E-02
 2367.27   0.24121E-02   0.25015E-02   0.24110E-02
 2380.87   0.23814E-02   0.24691E-02   0.23793E-02
 2394.48   0.23511E-02   0.24372E-02   0.23481E-02
 2408.08   0.23212E-02   0.24059E-02   0.23174E-02
 2421.69   0.22918E-02   0.23752E-02   0.22874E-02
 2435.29   0.22628E-02   0.23451E-02   0.22580E-02
 2448.90   0.22344E-02   0.23154E-02   0.22289E-02
 2462.50   0.22065E-02   0.22862E-02   0.22004E-02
 2476.11   0.21792E-02   0.22573E-02   0.21722E-02
 2489.71   0.21522E-02   0.22289E-02   0.21444E-02
 2503.32   0.21257E-02   0.22009E-02   0.21170E-02
 2516.92   0.20992E-02   0.21732E-02   0.20899E-02
 2530.53   0.20739E-02   0.21468E-02   0.20641E-02
 2544.13   0.20484E-02   0.21203E-02   0.20382E-02
 2557.74   0.20235E-02   0.20942E-02   0.20127E-02
 2571.34   0.19991E-02   0.20685E-02   0.19875E-02
 2584.95   0.19751E-02   0.20431E-02   0.19628E-02
 2598.55   0.19515E-02   0.20181E-02   0.19383E-02
 2612.16   0.19280E-02   0.19932E-02   0.19140E-02
 2625.76   0.19056E-02   0.19697E-02   0.18910E-02
 2639.37   0.18828E-02   0.19458E-02   0.18677E-02
 2652.97   0.18605E-02   0.19224E-02   0.18448E-02
 2666.58   0.18385E-02   0.18994E-02   0.18223E-02
 2680.18   0.18171E-02   0.18767E-02   0.18002E-02
 2693.79   0.17960E-02   0.18542E-02   0.17783E-02
 2707.39   0.17750E-02   0.18318E-02   0.17564E-02
 2721.00   0.17554E-02   0.18110E-02   0.17361E-02
 2734.60   0.17350E-02   0.17893E-02   0.17149E-02
 2748.21   0.17150E-02   0.17682E-02   0.16943E-02
 2761.81   0.16953E-02   0.17475E-02   0.16741E-02
 2775.42   0.16759E-02   0.17271E-02   0.16542E-02
 2789.02   0.16570E-02   0.17070E-02   0.16347E-02
 2802.63   0.16384E-02   0.16872E-02   0.16153E-02
 2816.23   0.16197E-02   0.16671E-02   0.15957E-02
 2829.84   0.16026E-02   0.16487E-02   0.15778E-02
 2843.44   0.15847E-02   0.16296E-02   0.15592E-02
 2857.05   0.15670E-02   0.16109E-02   0.15410E-02
 2870.65   0.15496E-02   0.15925E-02   0.15230E-02
 2884.26   0.15325E-02   0.15744E-02   0.15054E-02
 2897.86   0.15157E-02   0.15565E-02   0.14880E-02
 2911.47   0.14992E-02   0.15389E-02   0.14709E-02
 2925.07   0.14834E-02   0.15218E-02   0.14543E-02
 2938.68   0.14673E-02   0.15046E-02   0.14375E-02
 2952.28   0.14516E-02   0.14877E-02   0.14210E-02
 2965.89   0.14359E-02   0.14710E-02   0.14048E-02
 2979.49   0.14204E-02   0.14545E-02   0.13888E-02
 2993.10   0.14052E-02   0.14384E-02   0.13731E-02
 3006.70   0.13902E-02   0.14225E-02   0.13577E-02
 3020.31   0.13754E-02   0.14068E-02   0.13425E-02
 3033.91   0.13611E-02   0.13914E-02   0.13275E-02
 3047.52   0.13469E-02   0.13762E-02   0.13127E-02
 3061.12   0.13329E-02   0.13611E-02   0.12980E-02
 3074.73   0.13190E-02   0.13462E-02   0.12836E-02
 3088.33   0.13052E-02   0.13315E-02   0.12693E-02
 3101.94   0.12916E-02   0.13170E-02   0.12553E-02
 3115.54   0.12781E-02   0.13028E-02   0.12415E-02
 3129.15   0.12649E-02   0.12888E-02   0.12279E-02
 3142.75   0.12520E-02   0.12750E-02   0.12145E-02
 3156.36   0.12393E-02   0.12614E-02   0.12013E-02
 3169.96   0.12269E-02   0.12480E-02   0.11883E-02
 3183.57   0.12145E-02   0.12346E-02   0.11754E-02
 3197.17   0.12022E-02   0.12215E-02   0.11626E-02
 3210.78   0.11900E-02   0.12085E-02   0.11500E-02
 3224.38   0.11779E-02   0.11956E-02   0.11376E-02
 3237.99   0.11660E-02   0.11830E-02   0.11254E-02
 3251.59   0.11545E-02   0.11708E-02   0.11135E-02
 3265.20   0.11431E-02   0.11585E-02   0.11017E-02
 3278.80   0.11319E-02   0.11465E-02   0.10900E-02
 3292.41   0.11209E-02   0.11345E-02   0.10784E-02
 3306.01   0.11100E-02   0.11227E-02   0.10670E-02
 3319.62   0.10991E-02   0.11110E-02   0.10557E-02
 3333.22   0.10883E-02   0.10994E-02   0.10445E-02
 3346.83   0.10775E-02   0.10880E-02   0.10335E-02
 3360.43   0.10673E-02   0.10772E-02   0.10230E-02
 3374.04   0.10568E-02   0.10660E-02   0.10122E-02
 3387.64   0.10467E-02   0.10551E-02   0.10017E-02
 3401.25   0.10367E-02   0.10444E-02   0.99135E-03
 3414.85   0.10270E-02   0.10338E-02   0.98111E-03
 3428.46   0.10173E-02   0.10233E-02   0.97097E-03
 3442.06   0.10076E-02   0.10128E-02   0.96091E-03
 3455.67   0.99784E-03   0.10023E-02   0.95079E-03
 3469.27   0.98908E-03   0.99295E-03   0.94174E-03
 3482.88   0.97940E-03   0.98268E-03   0.93184E-03
 3496.48   0.97010E-03   0.97278E-03   0.92230E-03
 3510.09   0.96102E-03   0.96306E-03   0.91294E-03
 3523.69   0.95215E-03   0.95349E-03   0.90372E-03
 3537.30   0.94344E-03   0.94403E-03   0.89462E-03
 3550.90   0.93483E-03   0.93466E-03   0.88560E-03
 3564.51   0.92621E-03   0.92532E-03   0.87661E-03
 3578.11   0.91742E-03   0.91586E-03   0.86752E-03
 3591.72   0.90960E-03   0.90745E-03   0.85942E-03
 3605.32   0.90111E-03   0.89842E-03   0.85074E-03
 3618.93   0.89279E-03   0.88957E-03   0.84224E-03
 3632.53   0.88465E-03   0.88087E-03   0.83388E-03
 3646.14   0.87670E-03   0.87230E-03   0.82565E-03
 3659.74   0.86892E-03   0.86385E-03   0.81753E-03
 3673.35   0.86125E-03   0.85548E-03   0.80949E-03
 3686.95   0.85354E-03   0.84708E-03   0.80143E-03
 3700.56   0.84643E-03   0.83932E-03   0.79399E-03
 3714.16   0.83876E-03   0.83107E-03   0.78607E-03
 3727.77   0.83124E-03   0.82302E-03   0.77836E-03
 3741.37   0.82379E-03   0.81509E-03   0.77075E-03
 3754.98   0.81647E-03   0.80727E-03   0.76326E-03
 3768.58   0.80931E-03   0.79958E-03   0.75589E-03
 3782.19   0.80230E-03   0.79199E-03   0.74862E-03
 3795.79   0.79544E-03   0.78450E-03   0.74145E-03
 3809.40   0.78863E-03   0.77706E-03   0.73432E-03
 3823.00   0.78205E-03   0.76986E-03   0.72744E-03
 3836.61   0.77534E-03   0.76258E-03   0.72047E-03
 3850.21   0.76864E-03   0.75538E-03   0.71358E-03
 3863.82   0.76197E-03   0.74825E-03   0.70677E-03
 3877.42   0.75536E-03   0.74121E-03   0.70004E-03
 3891.03   0.74886E-03   0.73427E-03   0.69341E-03
 3904.63   0.74251E-03   0.72743E-03   0.68688E-03
 3918.24   0.73630E-03   0.72069E-03   0.68044E-03
 3931.84   0.73021E-03   0.71404E-03   0.67409E-03
 3945.45   0.72422E-03   0.70748E-03   0.66783E-03
 3959.05   0.71826E-03   0.70096E-03   0.66162E-03
 3972.66   0.71230E-03   0.69450E-03   0.65546E-03
 3986.26   0.70634E-03   0.68810E-03   0.64935E-03
 3999.87   0.70039E-03   0.68175E-03   0.64330E-03
 4013.47   0.69449E-03   0.67547E-03   0.63732E-03
 4027.08   0.68869E-03   0.66927E-03   0.63141E-03
 4040.68   0.68299E-03   0.66315E-03   0.62558E-03
 4054.29   0.67746E-03   0.65714E-03   0.61986E-03
 4067.89   0.67206E-03   0.65125E-03   0.61426E-03
 4081.50   0.66669E-03   0.64537E-03   0.60867E-03
 4095.10   0.66136E-03   0.63956E-03   0.60314E-03
 4108.71   0.65603E-03   0.63379E-03   0.59766E-03
 4122.31   0.65070E-03   0.62807E-03   0.59222E-03
 4135.92   0.64535E-03   0.62239E-03   0.58682E-03
 4149.52   0.64004E-03   0.61676E-03   0.58147E-03
 4163.13   0.63477E-03   0.61117E-03   0.57616E-03
 4176.73   0.62963E-03   0.60567E-03   0.57095E-03
 4190.34   0.62484E-03   0.60049E-03   0.56603E-03
 4203.94   0.61989E-03   0.59512E-03   0.56093E-03
 4217.55   0.61506E-03   0.58985E-03   0.55594E-03
 4231.15   0.61027E-03   0.58465E-03   0.55100E-03
 4244.76   0.60550E-03   0.57948E-03   0.54611E-03
 4258.36   0.60071E-03   0.57436E-03   0.54126E-03
 4271.97   0.59590E-03   0.56926E-03   0.53643E-03
 4285.57   0.59108E-03   0.56418E-03   0.53161E-03
 4299.18   0.58599E-03   0.55884E-03   0.52657E-03
 4312.78   0.58208E-03   0.55461E-03   0.52256E-03
 4326.39   0.57742E-03   0.54963E-03   0.51785E-03
 4339.99   0.57295E-03   0.54481E-03   0.51329E-03
 4353.60   0.56860E-03   0.54008E-03   0.50882E-03
 4367.20   0.56430E-03   0.53541E-03   0.50440E-03
 4380.81   0.56001E-03   0.53078E-03   0.50003E-03
 4394.41   0.55571E-03   0.52618E-03   0.49568E-03
 4408.02   0.55138E-03   0.52159E-03   0.49135E-03
 4421.62   0.54694E-03   0.51693E-03   0.48695E-03
 4435.23   0.54352E-03   0.51324E-03   0.48347E-03
 4448.83   0.53886E-03   0.50839E-03   0.47889E-03
 4462.44   0.53467E-03   0.50396E-03   0.47471E-03
 4476.04   0.53062E-03   0.49962E-03   0.47062E-03
 4489.65   0.52667E-03   0.49535E-03   0.46660E-03
 4503.25   0.52278E-03   0.49115E-03   0.46264E-03
 4516.86   0.51894E-03   0.48699E-03   0.45872E-03
 4530.46   0.51509E-03   0.48286E-03   0.45483E-03
 4544.07   0.51119E-03   0.47872E-03   0.45094E-03
 4557.67   0.50724E-03   0.47458E-03   0.44703E-03
 4571.28   0.50379E-03   0.47091E-03   0.44359E-03
 4584.88   0.49986E-03   0.46682E-03   0.43974E-03
 4598.49   0.49607E-03   0.46284E-03   0.43600E-03
 4612.09   0.49237E-03   0.45893E-03   0.43231E-03
 4625.70   0.48877E-03   0.45507E-03   0.42869E-03
 4639.30   0.48524E-03   0.45127E-03   0.42512E-03
 4652.91   0.48176E-03   0.44752E-03   0.42159E-03
 4666.51   0.47830E-03   0.44380E-03   0.41811E-03
 4680.12   0.47481E-03   0.44009E-03   0.41462E-03
 4693.72   0.47120E-03   0.43631E-03   0.41108E-03
 4707.33   0.46803E-03   0.43296E-03   0.40793E-03
 4720.93   0.46454E-03   0.42933E-03   0.40453E-03
 4734.54   0.46109E-03   0.42575E-03   0.40117E-03
 4748.14   0.45770E-03   0.42221E-03   0.39785E-03
 4761.75   0.45438E-03   0.41871E-03   0.39457E-03
 4775.35   0.45114E-03   0.41526E-03   0.39134E-03
 4788.96   0.44798E-03   0.41186E-03   0.38815E-03
 4802.56   0.44486E-03   0.40850E-03   0.38501E-03
 4816.17   0.44175E-03   0.40518E-03   0.38190E-03
 4829.77   0.43872E-03   0.40195E-03   0.37888E-03
 4843.38   0.43559E-03   0.39866E-03   0.37581E-03
 4856.98   0.43247E-03   0.39542E-03   0.37277E-03
 4870.59   0.42935E-03   0.39219E-03   0.36975E-03
 4884.19   0.42626E-03   0.38898E-03   0.36676E-03
 4897.80   0.42321E-03   0.38580E-03   0.36379E-03
 4911.40   0.42022E-03   0.38266E-03   0.36085E-03
 4925.01   0.41730E-03   0.37956E-03   0.35796E-03
 4938.61   0.41444E-03   0.37651E-03   0.35510E-03
 4952.22   0.41162E-03   0.37348E-03   0.35228E-03
 4965.82   0.40885E-03   0.37054E-03   0.34953E-03
 4979.43   0.40605E-03   0.36758E-03   0.34678E-03
 4993.03   0.40324E-03   0.36466E-03   0.34405E-03
 5006.64   0.40042E-03   0.36175E-03   0.34134E-03
 5020.24   0.39760E-03   0.35885E-03   0.33864E-03
 5033.85   0.39478E-03   0.35597E-03   0.33595E-03
 5047.45   0.39200E-03   0.35311E-03   0.33329E-03
 5061.06   0.38926E-03   0.35027E-03   0.33065E-03
 5074.66   0.38658E-03   0.34747E-03   0.32803E-03
 5088.27   0.38391E-03   0.34466E-03   0.32542E-03
 5101.87   0.38156E-03   0.34215E-03   0.32309E-03
 5115.48   0.37892E-03   0.33938E-03   0.32051E-03
 5129.08   0.37637E-03   0.33671E-03   0.31803E-03
 5142.69   0.37382E-03   0.33408E-03   0.31558E-03
 5156.29   0.37126E-03   0.33146E-03   0.31315E-03
 5169.90   0.36869E-03   0.32886E-03   0.31073E-03
 5183.50   0.36612E-03   0.32627E-03   0.30832E-03
 5197.11   0.36357E-03   0.32368E-03   0.30592E-03
 5210.71   0.36105E-03   0.32111E-03   0.30353E-03
 5224.32   0.35852E-03   0.31851E-03   0.30111E-03
 5237.92   0.35606E-03   0.31596E-03   0.29874E-03
 5251.53   0.35402E-03   0.31378E-03   0.29672E-03
 5265.13   0.35166E-03   0.31131E-03   0.29444E-03
 5278.74   0.34934E-03   0.30890E-03   0.29220E-03
 5292.34   0.34703E-03   0.30653E-03   0.29000E-03
 5305.95   0.34471E-03   0.30417E-03   0.28781E-03
 5319.55   0.34239E-03   0.30182E-03   0.28564E-03
 5333.16   0.34005E-03   0.29949E-03   0.28347E-03
 5346.76   0.33772E-03   0.29714E-03   0.28130E-03
 5360.37   0.33536E-03   0.29478E-03   0.27911E-03
 5373.97   0.33306E-03   0.29245E-03   0.27695E-03
 5387.58   0.33127E-03   0.29054E-03   0.27519E-03
 5401.18   0.32900E-03   0.28821E-03   0.27303E-03
 5414.79   0.32685E-03   0.28598E-03   0.27097E-03
 5428.39   0.32475E-03   0.28379E-03   0.26894E-03
 5442.00   0.32266E-03   0.28164E-03   0.26695E-03
 5455.60   0.32057E-03   0.27951E-03   0.26499E-03
 5469.21   0.31847E-03   0.27740E-03   0.26303E-03
 5482.81   0.31635E-03   0.27529E-03   0.26108E-03
 5496.42   0.31421E-03   0.27317E-03   0.25912E-03
 5510.02   0.31196E-03   0.27094E-03   0.25706E-03
 5523.63   0.31061E-03   0.26950E-03   0.25574E-03
 5537.23   0.30827E-03   0.26717E-03   0.25358E-03
 5550.84   0.30622E-03   0.26509E-03   0.25166E-03
 5564.44   0.30425E-03   0.26307E-03   0.24979E-03
 5578.05   0.30232E-03   0.26108E-03   0.24796E-03
 5591.65   0.30041E-03   0.25913E-03   0.24616E-03
 5605.26   0.29850E-03   0.25720E-03   0.24438E-03
 5618.86   0.29659E-03   0.25529E-03   0.24262E-03
 5632.47   0.29467E-03   0.25339E-03   0.24086E-03
 5646.07   0.29272E-03   0.25147E-03   0.23910E-03
 5659.68   0.29074E-03   0.24955E-03   0.23732E-03
 5673.28   0.28915E-03   0.24794E-03   0.23585E-03
 5686.89   0.28719E-03   0.24601E-03   0.23407E-03
 5700.49   0.28532E-03   0.24415E-03   0.23235E-03
 5714.10   0.28349E-03   0.24231E-03   0.23066E-03
 5727.70   0.28170E-03   0.24050E-03   0.22899E-03
 5741.31   0.27995E-03   0.23872E-03   0.22735E-03
 5754.91   0.27821E-03   0.23696E-03   0.22573E-03
 5768.52   0.27648E-03   0.23522E-03   0.22413E-03
 5782.12   0.27475E-03   0.23351E-03   0.22255E-03
 5795.73   0.27299E-03   0.23179E-03   0.22097E-03
 5809.33   0.27120E-03   0.23005E-03   0.21938E-03
 5822.94   0.26962E-03   0.22850E-03   0.21795E-03
 5836.54   0.26788E-03   0.22681E-03   0.21639E-03
 5850.15   0.26616E-03   0.22513E-03   0.21485E-03
 5863.75   0.26447E-03   0.22347E-03   0.21332E-03
 5877.36   0.26282E-03   0.22181E-03   0.21180E-03
 5890.96   0.26119E-03   0.22018E-03   0.21030E-03
 5904.57   0.25959E-03   0.21857E-03   0.20882E-03
 5918.17   0.25800E-03   0.21699E-03   0.20736E-03
 5931.78   0.25642E-03   0.21542E-03   0.20593E-03
 5945.38   0.25484E-03   0.21388E-03   0.20451E-03
 5958.99   0.25324E-03   0.21234E-03   0.20310E-03
 5972.59   0.25169E-03   0.21085E-03   0.20173E-03
 5986.20   0.25010E-03   0.20933E-03   0.20034E-03
 5999.80   0.24852E-03   0.20783E-03   0.19896E-03
 6013.41   0.24695E-03   0.20632E-03   0.19758E-03
 6027.01   0.24540E-03   0.20482E-03   0.19620E-03
 6040.62   0.24388E-03   0.20333E-03   0.19483E-03
 6054.22   0.24238E-03   0.20185E-03   0.19348E-03
 6067.83   0.24090E-03   0.20039E-03   0.19214E-03
 6081.43   0.23943E-03   0.19895E-03   0.19082E-03
 6095.04   0.23797E-03   0.19753E-03   0.18951E-03
 6108.64   0.23654E-03   0.19615E-03   0.18824E-03
 6122.25   0.23512E-03   0.19479E-03   0.18700E-03
 6135.85   0.23366E-03   0.19341E-03   0.18574E-03
 6149.46   0.23221E-03   0.19205E-03   0.18449E-03
 6163.06   0.23076E-03   0.19069E-03   0.18325E-03
 6176.67   0.22932E-03   0.18934E-03   0.18201E-03
 6190.27   0.22789E-03   0.18799E-03   0.18077E-03
 6203.88   0.22648E-03   0.18664E-03   0.17953E-03
 6217.48   0.22508E-03   0.18529E-03   0.17830E-03
 6231.09   0.22370E-03   0.18396E-03   0.17707E-03
 6244.69   0.22231E-03   0.18262E-03   0.17584E-03
 6258.30   0.22098E-03   0.18134E-03   0.17468E-03
 6271.90   0.21978E-03   0.18019E-03   0.17363E-03
 6285.51   0.21840E-03   0.17891E-03   0.17245E-03
 6299.11   0.21705E-03   0.17766E-03   0.17131E-03
 6312.72   0.21571E-03   0.17643E-03   0.17018E-03
 6326.32   0.21436E-03   0.17520E-03   0.16906E-03
 6339.93   0.21303E-03   0.17398E-03   0.16794E-03
 6353.53   0.21170E-03   0.17275E-03   0.16682E-03
 6367.14   0.21039E-03   0.17153E-03   0.16570E-03
 6380.74   0.20908E-03   0.17030E-03   0.16458E-03
 6394.35   0.20776E-03   0.16906E-03   0.16344E-03
 6407.95   0.20651E-03   0.16787E-03   0.16235E-03
 6421.56   0.20558E-03   0.16695E-03   0.16152E-03
 6435.16   0.20422E-03   0.16570E-03   0.16037E-03
 6448.77   0.20296E-03   0.16453E-03   0.15930E-03
 6462.37   0.20172E-03   0.16339E-03   0.15826E-03
 6475.98   0.20049E-03   0.16227E-03   0.15723E-03
 6489.58   0.19926E-03   0.16116E-03   0.15622E-03
 6503.19   0.19804E-03   0.16006E-03   0.15521E-03
 6516.79   0.19681E-03   0.15896E-03   0.15420E-03
 6530.40   0.19560E-03   0.15785E-03   0.15319E-03
 6544.00   0.19437E-03   0.15672E-03   0.15216E-03
 6557.61   0.19305E-03   0.15552E-03   0.15105E-03
 6571.21   0.19181E-03   0.15437E-03   0.15000E-03
 6584.82   0.19111E-03   0.15367E-03   0.14937E-03
 6598.42   0.18990E-03   0.15256E-03   0.14835E-03
 6612.03   0.18873E-03   0.15149E-03   0.14738E-03
 6625.63   0.18758E-03   0.15045E-03   0.14643E-03
 6639.24   0.18644E-03   0.14943E-03   0.14549E-03
 6652.84   0.18530E-03   0.14843E-03   0.14457E-03
 6666.45   0.18416E-03   0.14743E-03   0.14366E-03
 6680.05   0.18302E-03   0.14643E-03   0.14275E-03
 6693.66   0.18188E-03   0.14543E-03   0.14183E-03
 6707.26   0.18072E-03   0.14440E-03   0.14089E-03
 6720.87   0.17959E-03   0.14339E-03   0.13996E-03
 6734.47   0.17887E-03   0.14270E-03   0.13935E-03
 6748.08   0.17767E-03   0.14162E-03   0.13836E-03
 6761.68   0.17657E-03   0.14063E-03   0.13744E-03
 6775.29   0.17550E-03   0.13966E-03   0.13655E-03
 6788.89   0.17444E-03   0.13870E-03   0.13568E-03
 6802.50   0.17338E-03   0.13777E-03   0.13483E-03
 6816.10   0.17233E-03   0.13685E-03   0.13399E-03
 6829.71   0.17129E-03   0.13594E-03   0.13316E-03
 6843.31   0.17024E-03   0.13504E-03   0.13234E-03
 6856.92   0.16920E-03   0.13414E-03   0.13151E-03
 6870.52   0.16813E-03   0.13322E-03   0.13067E-03
 6884.13   0.16707E-03   0.13229E-03   0.12982E-03
 6897.73   0.16629E-03   0.13159E-03   0.12919E-03
 6911.34   0.16525E-03   0.13067E-03   0.12834E-03
 6924.94   0.16425E-03   0.12978E-03   0.12752E-03
 6938.55   0.16325E-03   0.12889E-03   0.12671E-03
 6952.15   0.16227E-03   0.12802E-03   0.12591E-03
 6965.76   0.16129E-03   0.12716E-03   0.12513E-03
 6979.36   0.16031E-03   0.12632E-03   0.12435E-03
 6992.97   0.15934E-03   0.12549E-03   0.12359E-03
 7006.57   0.15837E-03   0.12467E-03   0.12284E-03
 7020.18   0.15740E-03   0.12386E-03   0.12210E-03
 7033.78   0.15643E-03   0.12304E-03   0.12136E-03
 7047.39   0.15545E-03   0.12221E-03   0.12060E-03
 7060.99   0.15462E-03   0.12150E-03   0.11995E-03
 7074.60   0.15369E-03   0.12069E-03   0.11921E-03
 7088.20   0.15277E-03   0.11989E-03   0.11847E-03
 7101.81   0.15187E-03   0.11909E-03   0.11774E-03
 7115.41   0.15097E-03   0.11830E-03   0.11701E-03
 7129.02   0.15008E-03   0.11751E-03   0.11629E-03
 7142.62   0.14919E-03   0.11673E-03   0.11558E-03
 7156.23   0.14830E-03   0.11596E-03   0.11487E-03
 7169.83   0.14742E-03   0.11521E-03   0.11418E-03
 7183.44   0.14654E-03   0.11446E-03   0.11350E-03
 7197.04   0.14566E-03   0.11373E-03   0.11283E-03
 7210.65   0.14480E-03   0.11301E-03   0.11217E-03
 7224.25   0.14395E-03   0.11230E-03   0.11152E-03
 7237.86   0.14310E-03   0.11158E-03   0.11086E-03
 7251.46   0.14225E-03   0.11087E-03   0.11021E-03
 7265.07   0.14141E-03   0.11015E-03   0.10955E-03
 7278.67   0.14058E-03   0.10943E-03   0.10889E-03
 7292.28   0.13975E-03   0.10871E-03   0.10823E-03
 7305.88   0.13891E-03   0.10800E-03   0.10757E-03
 7319.49   0.13808E-03   0.10729E-03   0.10692E-03
 7333.09   0.13725E-03   0.10659E-03   0.10628E-03
 7346.70   0.13641E-03   0.10589E-03   0.10564E-03
 7360.30   0.13557E-03   0.10520E-03   0.10500E-03
 7373.91   0.13478E-03   0.10455E-03   0.10441E-03
 7387.51   0.13402E-03   0.10393E-03   0.10384E-03
 7401.12   0.13321E-03   0.10327E-03   0.10323E-03
 7414.72   0.13241E-03   0.10262E-03   0.10264E-03
 7428.33   0.13163E-03   0.10197E-03   0.10205E-03
 7441.93   0.13086E-03   0.10133E-03   0.10145E-03
 7455.54   0.13010E-03   0.10068E-03   0.10086E-03
 7469.14   0.12934E-03   0.10003E-03   0.10026E-03
 7482.75   0.12858E-03   0.99383E-04   0.99664E-04
 7496.35   0.12781E-03   0.98733E-04   0.99065E-04
 7509.96   0.12704E-03   0.98083E-04   0.98465E-04
 7523.56   0.12624E-03   0.97421E-04   0.97853E-04
 7537.17   0.12550E-03   0.96819E-04   0.97301E-04
 7550.77   0.12492E-03   0.96344E-04   0.96874E-04
 7564.38   0.12410E-03   0.95693E-04   0.96272E-04
 7577.98   0.12333E-03   0.95086E-04   0.95714E-04
 7591.59   0.12258E-03   0.94494E-04   0.95169E-04
 7605.19   0.12184E-03   0.93909E-04   0.94631E-04
 7618.80   0.12111E-03   0.93326E-04   0.94095E-04
 7632.40   0.12038E-03   0.92743E-04   0.93558E-04
 7646.01   0.11966E-03   0.92157E-04   0.93018E-04
 7659.61   0.11894E-03   0.91568E-04   0.92474E-04
 7673.22   0.11821E-03   0.90972E-04   0.91922E-04
 7686.82   0.11746E-03   0.90361E-04   0.91355E-04
 7700.43   0.11657E-03   0.89646E-04   0.90682E-04
 7714.03   0.11647E-03   0.89547E-04   0.90633E-04
 7727.64   0.11552E-03   0.88805E-04   0.89932E-04
 7741.24   0.11477E-03   0.88219E-04   0.89387E-04
 7754.85   0.11405E-03   0.87661E-04   0.88872E-04
 7768.45   0.11335E-03   0.87119E-04   0.88371E-04
 7782.06   0.11265E-03   0.86585E-04   0.87879E-04
 7795.66   0.11198E-03   0.86057E-04   0.87392E-04
 7809.27   0.11131E-03   0.85532E-04   0.86907E-04
 7822.87   0.11064E-03   0.85004E-04   0.86419E-04
 7836.48   0.10998E-03   0.84472E-04   0.85926E-04
 7850.08   0.10931E-03   0.83928E-04   0.85421E-04
 7863.69   0.10858E-03   0.83347E-04   0.84877E-04
 7877.29   0.10792E-03   0.82815E-04   0.84383E-04
 7890.90   0.10759E-03   0.82551E-04   0.84162E-04
 7904.50   0.10684E-03   0.81963E-04   0.83610E-04
 7918.11   0.10615E-03   0.81430E-04   0.83114E-04
 7931.71   0.10548E-03   0.80917E-04   0.82637E-04
 7945.32   0.10481E-03   0.80417E-04   0.82174E-04
 7958.92   0.10416E-03   0.79928E-04   0.81720E-04
 7972.53   0.10351E-03   0.79447E-04   0.81275E-04
 7986.13   0.10288E-03   0.78971E-04   0.80834E-04
 7999.74   0.10226E-03   0.78496E-04   0.80394E-04
 8013.34   0.10164E-03   0.78019E-04   0.79951E-04
 8026.95   0.10101E-03   0.77530E-04   0.79495E-04
 8040.55   0.10031E-03   0.76984E-04   0.78980E-04
 8054.16   0.99678E-04   0.76482E-04   0.78510E-04
 8067.76   0.99374E-04   0.76244E-04   0.78313E-04
 8081.37   0.98725E-04   0.75739E-04   0.77838E-04
 8094.97   0.98099E-04   0.75257E-04   0.77387E-04
 8108.58   0.97480E-04   0.74786E-04   0.76948E-04
 8122.18   0.96865E-04   0.74325E-04   0.76518E-04
 8135.79   0.96257E-04   0.73874E-04   0.76097E-04
 8149.39   0.95657E-04   0.73431E-04   0.75685E-04
 8163.00   0.95068E-04   0.72996E-04   0.75280E-04
 8176.60   0.94489E-04   0.72566E-04   0.74880E-04
 8190.21   0.93918E-04   0.72138E-04   0.74482E-04
 8203.81   0.93348E-04   0.71706E-04   0.74079E-04
 8217.42   0.92723E-04   0.71226E-04   0.73625E-04
 8231.02   0.92424E-04   0.70996E-04   0.73432E-04
 8244.63   0.91791E-04   0.70504E-04   0.72965E-04
 8258.23   0.91225E-04   0.70066E-04   0.72553E-04
 8271.84   0.90664E-04   0.69634E-04   0.72149E-04
 8285.44   0.90101E-04   0.69207E-04   0.71747E-04
 8299.05   0.89535E-04   0.68783E-04   0.71350E-04
 8312.65   0.88969E-04   0.68366E-04   0.70958E-04
 8326.26   0.88405E-04   0.67955E-04   0.70574E-04
 8339.86   0.87848E-04   0.67553E-04   0.70197E-04
 8353.47   0.87298E-04   0.67158E-04   0.69828E-04
 8367.07   0.86758E-04   0.66769E-04   0.69465E-04
 8380.68   0.86227E-04   0.66384E-04   0.69105E-04
 8394.28   0.85683E-04   0.65988E-04   0.68734E-04
 8407.89   0.85249E-04   0.65658E-04   0.68428E-04
 8421.49   0.84727E-04   0.65267E-04   0.68061E-04
 8435.10   0.84222E-04   0.64885E-04   0.67702E-04
 8448.70   0.83718E-04   0.64502E-04   0.67343E-04
 8462.31   0.83210E-04   0.64119E-04   0.66981E-04
 8475.91   0.82698E-04   0.63735E-04   0.66619E-04
 8489.52   0.82181E-04   0.63352E-04   0.66258E-04
 8503.12   0.81661E-04   0.62972E-04   0.65899E-04
 8516.73   0.81140E-04   0.62597E-04   0.65546E-04
 8530.33   0.80623E-04   0.62228E-04   0.65198E-04
 8543.94   0.80111E-04   0.61866E-04   0.64857E-04
 8557.54   0.79605E-04   0.61510E-04   0.64522E-04
 8571.15   0.79093E-04   0.61152E-04   0.64186E-04
 8584.75   0.78679E-04   0.60841E-04   0.63894E-04
 8598.36   0.78188E-04   0.60491E-04   0.63564E-04
 8611.96   0.77721E-04   0.60150E-04   0.63244E-04
 8625.57   0.77260E-04   0.59810E-04   0.62923E-04
 8639.17   0.76799E-04   0.59468E-04   0.62601E-04
 8652.78   0.76336E-04   0.59125E-04   0.62275E-04
 8666.38   0.75867E-04   0.58779E-04   0.61948E-04
 8679.99   0.75391E-04   0.58432E-04   0.61618E-04
 8693.59   0.74909E-04   0.58086E-04   0.61289E-04
 8707.20   0.74422E-04   0.57741E-04   0.60961E-04
 8720.80   0.73933E-04   0.57399E-04   0.60636E-04
 8734.41   0.73439E-04   0.57059E-04   0.60312E-04
 8748.01   0.72921E-04   0.56703E-04   0.59971E-04
 8761.62   0.72494E-04   0.56416E-04   0.59703E-04
 8775.22   0.72114E-04   0.56151E-04   0.59457E-04
 8788.83   0.71651E-04   0.55830E-04   0.59151E-04
 8802.43   0.71207E-04   0.55519E-04   0.58856E-04
 8816.04   0.70774E-04   0.55211E-04   0.58565E-04
 8829.64   0.70346E-04   0.54905E-04   0.58273E-04
 8843.25   0.69918E-04   0.54596E-04   0.57980E-04
 8856.85   0.69487E-04   0.54285E-04   0.57683E-04
 8870.46   0.69051E-04   0.53972E-04   0.57384E-04
 8884.06   0.68607E-04   0.53656E-04   0.57081E-04
 8897.67   0.68155E-04   0.53338E-04   0.56775E-04
 8911.27   0.67691E-04   0.53016E-04   0.56465E-04
 8924.88   0.67197E-04   0.52673E-04   0.56132E-04
 8938.48   0.66783E-04   0.52399E-04   0.55873E-04
 8952.09   0.66519E-04   0.52238E-04   0.55734E-04
 8965.69   0.66032E-04   0.51903E-04   0.55408E-04
 8979.30   0.65594E-04   0.51605E-04   0.55122E-04
 8992.90   0.65175E-04   0.51319E-04   0.54848E-04
 9006.51   0.64770E-04   0.51039E-04   0.54580E-04
 9020.11   0.64373E-04   0.50762E-04   0.54315E-04
 9033.72   0.63982E-04   0.50485E-04   0.54050E-04
 9047.32   0.63590E-04   0.50206E-04   0.53782E-04
 9060.93   0.63195E-04   0.49925E-04   0.53511E-04
 9074.53   0.62792E-04   0.49639E-04   0.53235E-04
 9088.14   0.62378E-04   0.49346E-04   0.52951E-04
 9101.74   0.61940E-04   0.49037E-04   0.52649E-04
 9115.35   0.61378E-04   0.48630E-04   0.52241E-04
 9128.95   0.61500E-04   0.48796E-04   0.52451E-04
 9142.56   0.60886E-04   0.48350E-04   0.52001E-04
 9156.16   0.60445E-04   0.48050E-04   0.51707E-04
 9169.77   0.60033E-04   0.47773E-04   0.51439E-04
 9183.37   0.59639E-04   0.47508E-04   0.51182E-04
 9196.98   0.59258E-04   0.47250E-04   0.50933E-04
 9210.58   0.58888E-04   0.46998E-04   0.50689E-04
 9224.19   0.58527E-04   0.46747E-04   0.50448E-04
 9237.79   0.58170E-04   0.46498E-04   0.50206E-04
 9251.40   0.57815E-04   0.46246E-04   0.49963E-04
 9265.00   0.57455E-04   0.45990E-04   0.49714E-04
 9278.61   0.57083E-04   0.45724E-04   0.49454E-04
 9292.21   0.56675E-04   0.45431E-04   0.49164E-04
 9305.82   0.56314E-04   0.45180E-04   0.48920E-04
 9319.42   0.56193E-04   0.45143E-04   0.48907E-04
 9333.03   0.55740E-04   0.44820E-04   0.48584E-04
 9346.63   0.55345E-04   0.44549E-04   0.48317E-04
 9360.24   0.54965E-04   0.44294E-04   0.48067E-04
 9373.84   0.54596E-04   0.44047E-04   0.47826E-04
 9387.45   0.54238E-04   0.43808E-04   0.47592E-04
 9401.05   0.53890E-04   0.43575E-04   0.47364E-04
 9414.66   0.53552E-04   0.43346E-04   0.47142E-04
 9428.26   0.53222E-04   0.43120E-04   0.46922E-04
 9441.87   0.52898E-04   0.42896E-04   0.46703E-04
 9455.47   0.52573E-04   0.42669E-04   0.46481E-04
 9469.08   0.52241E-04   0.42434E-04   0.46251E-04
 9482.68   0.51875E-04   0.42170E-04   0.45988E-04
 9496.29   0.51543E-04   0.41937E-04   0.45758E-04
 9509.89   0.51386E-04   0.41865E-04   0.45705E-04
 9523.50   0.51012E-04   0.41604E-04   0.45444E-04
 9537.10   0.50658E-04   0.41364E-04   0.45206E-04
 9550.71   0.50308E-04   0.41131E-04   0.44975E-04
 9564.31   0.49962E-04   0.40903E-04   0.44750E-04
 9577.92   0.49621E-04   0.40680E-04   0.44530E-04
 9591.52   0.49286E-04   0.40463E-04   0.44315E-04
 9605.13   0.48961E-04   0.40251E-04   0.44106E-04
 9618.73   0.48644E-04   0.40043E-04   0.43902E-04
 9632.34   0.48335E-04   0.39839E-04   0.43701E-04
 9645.94   0.48032E-04   0.39637E-04   0.43502E-04
 9659.55   0.47730E-04   0.39434E-04   0.43302E-04
 9673.15   0.47411E-04   0.39215E-04   0.43084E-04
 9686.76   0.47108E-04   0.39003E-04   0.42874E-04
 9700.36   0.46903E-04   0.38881E-04   0.42761E-04
 9713.97   0.46587E-04   0.38667E-04   0.42548E-04
 9727.57   0.46274E-04   0.38458E-04   0.42340E-04
 9741.18   0.45959E-04   0.38250E-04   0.42132E-04
 9754.78   0.45641E-04   0.38043E-04   0.41926E-04
 9768.39   0.45322E-04   0.37838E-04   0.41720E-04
 9781.99   0.45006E-04   0.37635E-04   0.41518E-04
 9795.60   0.44693E-04   0.37436E-04   0.41319E-04
 9809.20   0.44388E-04   0.37242E-04   0.41126E-04
 9822.81   0.44090E-04   0.37052E-04   0.40937E-04
 9836.41   0.43800E-04   0.36867E-04   0.40752E-04
 9850.02   0.43516E-04   0.36685E-04   0.40571E-04
 9863.62   0.43230E-04   0.36503E-04   0.40390E-04
 9877.23   0.42961E-04   0.36321E-04   0.40209E-04
 9890.83   0.42729E-04   0.36161E-04   0.40051E-04
 9904.44   0.42454E-04   0.35981E-04   0.39871E-04
 9918.04   0.42179E-04   0.35801E-04   0.39691E-04
 9931.65   0.41900E-04   0.35619E-04   0.39508E-04
 9945.25   0.41617E-04   0.35435E-04   0.39323E-04
 9958.86   0.41330E-04   0.35250E-04   0.39137E-04
 9972.46   0.41040E-04   0.35064E-04   0.38949E-04
 9986.07   0.40748E-04   0.34880E-04   0.38762E-04
 9999.67   0.40458E-04   0.34697E-04   0.38577E-04
