   81.63   0.15492E+00   0.15376E+00   0.12874E+00
   95.23   0.14362E+00   0.14258E+00   0.12151E+00
  108.84   0.13307E+00   0.13213E+00   0.11425E+00
  122.44   0.12322E+00   0.12238E+00   0.10709E+00
  136.05   0.11414E+00   0.11339E+00   0.10022E+00
  149.65   0.10584E+00   0.10516E+00   0.93758E-01
  163.26   0.98427E-01   0.97820E-01   0.87870E-01
  176.86   0.91741E-01   0.91195E-01   0.82462E-01
  190.47   0.85757E-01   0.85265E-01   0.77554E-01
  204.07   0.80287E-01   0.79845E-01   0.73006E-01
  217.68   0.75313E-01   0.74915E-01   0.68824E-01
  231.28   0.70751E-01   0.70394E-01   0.64948E-01
  244.89   0.66581E-01   0.66262E-01   0.61376E-01
  258.49   0.62763E-01   0.62478E-01   0.58079E-01
  272.10   0.59293E-01   0.59039E-01   0.55064E-01
  285.70   0.56099E-01   0.55873E-01   0.52272E-01
  299.31   0.53176E-01   0.52976E-01   0.49703E-01
  312.91   0.50485E-01   0.50309E-01   0.47326E-01
  326.52   0.47981E-01   0.47827E-01   0.45102E-01
  340.12   0.45668E-01   0.45534E-01   0.43040E-01
  353.73   0.43514E-01   0.43400E-01   0.41113E-01
  367.33   0.41497E-01   0.41401E-01   0.39299E-01
  380.94   0.39642E-01   0.39562E-01   0.37627E-01
  394.54   0.37907E-01   0.37842E-01   0.36057E-01
  408.15   0.36267E-01   0.36216E-01   0.34568E-01
  421.75   0.34776E-01   0.34738E-01   0.33213E-01
  435.36   0.33361E-01   0.33336E-01   0.31922E-01
  448.96   0.32024E-01   0.32011E-01   0.30699E-01
  462.57   0.30786E-01   0.30784E-01   0.29565E-01
  476.17   0.29608E-01   0.29616E-01   0.28482E-01
  489.78   0.28499E-01   0.28517E-01   0.27460E-01
  503.38   0.27454E-01   0.27481E-01   0.26496E-01
  516.99   0.26462E-01   0.26497E-01   0.25578E-01
  530.59   0.25527E-01   0.25570E-01   0.24712E-01
  544.20   0.24646E-01   0.24697E-01   0.23894E-01
  557.80   0.23809E-01   0.23867E-01   0.23116E-01
  571.41   0.23014E-01   0.23079E-01   0.22376E-01
  585.01   0.22265E-01   0.22337E-01   0.21677E-01
  598.62   0.21552E-01   0.21630E-01   0.21010E-01
  612.22   0.20872E-01   0.20956E-01   0.20374E-01
  625.83   0.20216E-01   0.20305E-01   0.19759E-01
  639.43   0.19608E-01   0.19702E-01   0.19189E-01
  653.04   0.19019E-01   0.19119E-01   0.18636E-01
  666.64   0.18456E-01   0.18561E-01   0.18106E-01
  680.25   0.17924E-01   0.18033E-01   0.17605E-01
  693.85   0.17406E-01   0.17519E-01   0.17116E-01
  707.46   0.16915E-01   0.17033E-01   0.16653E-01
  721.06   0.16446E-01   0.16568E-01   0.16209E-01
  734.67   0.15999E-01   0.16125E-01   0.15786E-01
  748.27   0.15566E-01   0.15696E-01   0.15376E-01
  761.88   0.15153E-01   0.15286E-01   0.14985E-01
  775.48   0.14758E-01   0.14894E-01   0.14609E-01
  789.09   0.14379E-01   0.14518E-01   0.14249E-01
  802.69   0.14013E-01   0.14155E-01   0.13900E-01
  816.30   0.13660E-01   0.13805E-01   0.13565E-01
  829.90   0.13322E-01   0.13470E-01   0.13242E-01
  843.51   0.12996E-01   0.13147E-01   0.12932E-01
  857.11   0.12683E-01   0.12836E-01   0.12632E-01
  870.72   0.12380E-01   0.12536E-01   0.12342E-01
  884.32   0.12087E-01   0.12246E-01   0.12063E-01
  897.93   0.11808E-01   0.11968E-01   0.11795E-01
  911.53   0.11537E-01   0.11699E-01   0.11535E-01
  925.14   0.11275E-01   0.11440E-01   0.11285E-01
  938.74   0.11022E-01   0.11189E-01   0.11042E-01
  952.35   0.10776E-01   0.10945E-01   0.10805E-01
  965.95   0.10544E-01   0.10714E-01   0.10582E-01
  979.56   0.10316E-01   0.10488E-01   0.10363E-01
  993.16   0.10096E-01   0.10269E-01   0.10150E-01
 1006.77   0.98810E-02   0.10056E-01   0.99432E-02
 1020.37   0.96766E-02   0.98532E-02   0.97461E-02
 1033.98   0.94756E-02   0.96536E-02   0.95520E-02
 1047.58   0.92817E-02   0.94610E-02   0.93647E-02
 1061.19   0.90937E-02   0.92743E-02   0.91829E-02
 1074.79   0.89095E-02   0.90913E-02   0.90045E-02
 1088.40   0.87351E-02   0.89180E-02   0.88357E-02
 1102.00   0.85631E-02   0.87471E-02   0.86690E-02
 1115.61   0.83967E-02   0.85818E-02   0.85077E-02
 1129.21   0.82355E-02   0.84216E-02   0.83513E-02
 1142.82   0.80800E-02   0.82670E-02   0.82002E-02
 1156.42   0.79270E-02   0.81150E-02   0.80516E-02
 1170.03   0.77787E-02   0.79675E-02   0.79074E-02
 1183.63   0.76349E-02   0.78244E-02   0.77674E-02
 1197.24   0.74954E-02   0.76857E-02   0.76315E-02
 1210.84   0.73598E-02   0.75509E-02   0.74995E-02
 1224.45   0.72276E-02   0.74193E-02   0.73706E-02
 1238.05   0.70986E-02   0.72910E-02   0.72447E-02
 1251.66   0.69729E-02   0.71659E-02   0.71220E-02
 1265.26   0.68507E-02   0.70442E-02   0.70026E-02
 1278.87   0.67323E-02   0.69263E-02   0.68868E-02
 1292.47   0.66167E-02   0.68112E-02   0.67737E-02
 1306.08   0.65039E-02   0.66989E-02   0.66632E-02
 1319.68   0.63937E-02   0.65891E-02   0.65553E-02
 1333.29   0.62861E-02   0.64819E-02   0.64498E-02
 1346.89   0.61827E-02   0.63789E-02   0.63484E-02
 1360.50   0.60805E-02   0.62770E-02   0.62481E-02
 1374.10   0.59814E-02   0.61782E-02   0.61508E-02
 1387.71   0.58845E-02   0.60817E-02   0.60556E-02
 1401.31   0.57897E-02   0.59870E-02   0.59623E-02
 1414.92   0.56965E-02   0.58941E-02   0.58706E-02
 1428.52   0.56078E-02   0.58057E-02   0.57834E-02
 1442.13   0.55198E-02   0.57179E-02   0.56967E-02
 1455.73   0.54341E-02   0.56323E-02   0.56122E-02
 1469.34   0.53502E-02   0.55485E-02   0.55294E-02
 1482.94   0.52673E-02   0.54657E-02   0.54476E-02
 1496.55   0.51886E-02   0.53872E-02   0.53700E-02
 1510.15   0.51098E-02   0.53084E-02   0.52920E-02
 1523.76   0.50331E-02   0.52318E-02   0.52162E-02
 1537.36   0.49584E-02   0.51571E-02   0.51422E-02
 1550.97   0.48852E-02   0.50839E-02   0.50698E-02
 1564.57   0.48128E-02   0.50115E-02   0.49981E-02
 1578.18   0.47439E-02   0.49426E-02   0.49298E-02
 1591.78   0.46752E-02   0.48738E-02   0.48616E-02
 1605.39   0.46081E-02   0.48066E-02   0.47950E-02
 1618.99   0.45426E-02   0.47411E-02   0.47300E-02
 1632.60   0.44785E-02   0.46769E-02   0.46663E-02
 1646.20   0.44161E-02   0.46144E-02   0.46043E-02
 1659.81   0.43545E-02   0.45527E-02   0.45429E-02
 1673.41   0.42941E-02   0.44921E-02   0.44828E-02
 1687.02   0.42350E-02   0.44328E-02   0.44239E-02
 1700.62   0.41772E-02   0.43749E-02   0.43663E-02
 1714.23   0.41207E-02   0.43182E-02   0.43099E-02
 1727.83   0.40654E-02   0.42626E-02   0.42547E-02
 1741.44   0.40111E-02   0.42081E-02   0.42005E-02
 1755.04   0.39577E-02   0.41546E-02   0.41472E-02
 1768.65   0.39053E-02   0.41019E-02   0.40947E-02
 1782.25   0.38539E-02   0.40502E-02   0.40433E-02
 1795.86   0.38035E-02   0.39996E-02   0.39928E-02
 1809.46   0.37546E-02   0.39504E-02   0.39439E-02
 1823.07   0.37064E-02   0.39019E-02   0.38955E-02
 1836.67   0.36591E-02   0.38543E-02   0.38481E-02
 1850.28   0.36125E-02   0.38074E-02   0.38013E-02
 1863.88   0.35667E-02   0.37613E-02   0.37554E-02
 1877.49   0.35216E-02   0.37158E-02   0.37099E-02
 1891.09   0.34785E-02   0.36724E-02   0.36666E-02
 1904.70   0.34352E-02   0.36288E-02   0.36231E-02
 1918.30   0.33930E-02   0.35862E-02   0.35806E-02
 1931.91   0.33516E-02   0.35444E-02   0.35389E-02
 1945.51   0.33108E-02   0.35032E-02   0.34977E-02
 1959.12   0.32704E-02   0.34624E-02   0.34570E-02
 1972.72   0.32323E-02   0.34240E-02   0.34185E-02
 1986.33   0.31930E-02   0.33842E-02   0.33788E-02
 1999.93   0.31550E-02   0.33459E-02   0.33404E-02
 2013.54   0.31178E-02   0.33083E-02   0.33028E-02
 2027.14   0.30813E-02   0.32713E-02   0.32659E-02
 2040.75   0.30453E-02   0.32348E-02   0.32293E-02
 2054.35   0.30092E-02   0.31982E-02   0.31927E-02
 2067.96   0.29755E-02   0.31642E-02   0.31587E-02
 2081.56   0.29412E-02   0.31294E-02   0.31238E-02
 2095.17   0.29076E-02   0.30953E-02   0.30897E-02
 2108.77   0.28747E-02   0.30619E-02   0.30563E-02
 2122.38   0.28423E-02   0.30291E-02   0.30234E-02
 2135.98   0.28104E-02   0.29966E-02   0.29909E-02
 2149.59   0.27796E-02   0.29654E-02   0.29596E-02
 2163.19   0.27485E-02   0.29338E-02   0.29279E-02
 2176.80   0.27181E-02   0.29029E-02   0.28969E-02
 2190.40   0.26883E-02   0.28725E-02   0.28664E-02
 2204.01   0.26590E-02   0.28427E-02   0.28365E-02
 2217.61   0.26302E-02   0.28135E-02   0.28072E-02
 2231.22   0.26019E-02   0.27846E-02   0.27782E-02
 2244.82   0.25742E-02   0.27564E-02   0.27499E-02
 2258.43   0.25467E-02   0.27284E-02   0.27218E-02
 2272.03   0.25196E-02   0.27008E-02   0.26940E-02
 2285.64   0.24929E-02   0.26735E-02   0.26667E-02
 2299.24   0.24667E-02   0.26468E-02   0.26398E-02
 2312.85   0.24410E-02   0.26205E-02   0.26134E-02
 2326.45   0.24157E-02   0.25947E-02   0.25875E-02
 2340.06   0.23908E-02   0.25692E-02   0.25619E-02
 2353.66   0.23663E-02   0.25441E-02   0.25367E-02
 2367.27   0.23421E-02   0.25193E-02   0.25118E-02
 2380.87   0.23181E-02   0.24949E-02   0.24872E-02
 2394.48   0.22946E-02   0.24707E-02   0.24629E-02
 2408.08   0.22714E-02   0.24469E-02   0.24390E-02
 2421.69   0.22487E-02   0.24237E-02   0.24156E-02
 2435.29   0.22264E-02   0.24009E-02   0.23926E-02
 2448.90   0.22044E-02   0.23782E-02   0.23699E-02
 2462.50   0.21827E-02   0.23559E-02   0.23474E-02
 2476.11   0.21612E-02   0.23339E-02   0.23252E-02
 2489.71   0.21400E-02   0.23121E-02   0.23033E-02
 2503.32   0.21190E-02   0.22905E-02   0.22816E-02
 2516.92   0.20985E-02   0.22694E-02   0.22603E-02
 2530.53   0.20787E-02   0.22490E-02   0.22397E-02
 2544.13   0.20587E-02   0.22285E-02   0.22191E-02
 2557.74   0.20392E-02   0.22083E-02   0.21988E-02
 2571.34   0.20199E-02   0.21884E-02   0.21787E-02
 2584.95   0.20008E-02   0.21687E-02   0.21589E-02
 2598.55   0.19818E-02   0.21491E-02   0.21392E-02
 2612.16   0.19629E-02   0.21296E-02   0.21194E-02
 2625.76   0.19454E-02   0.21115E-02   0.21012E-02
 2639.37   0.19272E-02   0.20927E-02   0.20823E-02
 2652.97   0.19094E-02   0.20743E-02   0.20637E-02
 2666.58   0.18920E-02   0.20562E-02   0.20455E-02
 2680.18   0.18747E-02   0.20384E-02   0.20275E-02
 2693.79   0.18577E-02   0.20207E-02   0.20097E-02
 2707.39   0.18405E-02   0.20029E-02   0.19917E-02
 2721.00   0.18247E-02   0.19866E-02   0.19752E-02
 2734.60   0.18081E-02   0.19693E-02   0.19578E-02
 2748.21   0.17919E-02   0.19524E-02   0.19408E-02
 2761.81   0.17760E-02   0.19359E-02   0.19241E-02
 2775.42   0.17603E-02   0.19196E-02   0.19077E-02
 2789.02   0.17449E-02   0.19035E-02   0.18915E-02
 2802.63   0.17296E-02   0.18876E-02   0.18754E-02
 2816.23   0.17144E-02   0.18718E-02   0.18594E-02
 2829.84   0.17000E-02   0.18567E-02   0.18442E-02
 2843.44   0.16852E-02   0.18413E-02   0.18286E-02
 2857.05   0.16707E-02   0.18261E-02   0.18133E-02
 2870.65   0.16564E-02   0.18112E-02   0.17982E-02
 2884.26   0.16423E-02   0.17964E-02   0.17833E-02
 2897.86   0.16284E-02   0.17819E-02   0.17687E-02
 2911.47   0.16148E-02   0.17676E-02   0.17542E-02
 2925.07   0.16014E-02   0.17536E-02   0.17400E-02
 2938.68   0.15880E-02   0.17395E-02   0.17259E-02
 2952.28   0.15748E-02   0.17257E-02   0.17118E-02
 2965.89   0.15617E-02   0.17119E-02   0.16979E-02
 2979.49   0.15487E-02   0.16983E-02   0.16842E-02
 2993.10   0.15360E-02   0.16849E-02   0.16707E-02
 3006.70   0.15235E-02   0.16718E-02   0.16574E-02
 3020.31   0.15112E-02   0.16588E-02   0.16443E-02
 3033.91   0.14990E-02   0.16460E-02   0.16313E-02
 3047.52   0.14870E-02   0.16333E-02   0.16185E-02
 3061.12   0.14751E-02   0.16207E-02   0.16058E-02
 3074.73   0.14633E-02   0.16083E-02   0.15932E-02
 3088.33   0.14516E-02   0.15959E-02   0.15807E-02
 3101.94   0.14400E-02   0.15837E-02   0.15683E-02
 3115.54   0.14286E-02   0.15716E-02   0.15561E-02
 3129.15   0.14174E-02   0.15597E-02   0.15441E-02
 3142.75   0.14065E-02   0.15482E-02   0.15325E-02
 3156.36   0.13956E-02   0.15366E-02   0.15208E-02
 3169.96   0.13849E-02   0.15252E-02   0.15092E-02
 3183.57   0.13742E-02   0.15139E-02   0.14978E-02
 3197.17   0.13636E-02   0.15027E-02   0.14864E-02
 3210.78   0.13532E-02   0.14915E-02   0.14751E-02
 3224.38   0.13427E-02   0.14804E-02   0.14639E-02
 3237.99   0.13324E-02   0.14694E-02   0.14528E-02
 3251.59   0.13228E-02   0.14592E-02   0.14424E-02
 3265.20   0.13128E-02   0.14485E-02   0.14316E-02
 3278.80   0.13030E-02   0.14380E-02   0.14211E-02
 3292.41   0.12934E-02   0.14277E-02   0.14106E-02
 3306.01   0.12838E-02   0.14175E-02   0.14003E-02
 3319.62   0.12743E-02   0.14073E-02   0.13900E-02
 3333.22   0.12648E-02   0.13971E-02   0.13797E-02
 3346.83   0.12553E-02   0.13870E-02   0.13694E-02
 3360.43   0.12468E-02   0.13778E-02   0.13601E-02
 3374.04   0.12375E-02   0.13679E-02   0.13501E-02
 3387.64   0.12286E-02   0.13582E-02   0.13403E-02
 3401.25   0.12197E-02   0.13487E-02   0.13307E-02
 3414.85   0.12110E-02   0.13394E-02   0.13213E-02
 3428.46   0.12024E-02   0.13301E-02   0.13119E-02
 3442.06   0.11939E-02   0.13208E-02   0.13025E-02
 3455.67   0.11851E-02   0.13114E-02   0.12930E-02
 3469.27   0.11776E-02   0.13032E-02   0.12847E-02
 3482.88   0.11690E-02   0.12939E-02   0.12753E-02
 3496.48   0.11607E-02   0.12850E-02   0.12663E-02
 3510.09   0.11526E-02   0.12762E-02   0.12574E-02
 3523.69   0.11446E-02   0.12676E-02   0.12487E-02
 3537.30   0.11368E-02   0.12591E-02   0.12400E-02
 3550.90   0.11290E-02   0.12506E-02   0.12315E-02
 3564.51   0.11213E-02   0.12422E-02   0.12230E-02
 3578.11   0.11133E-02   0.12336E-02   0.12143E-02
 3591.72   0.11063E-02   0.12259E-02   0.12065E-02
 3605.32   0.10988E-02   0.12177E-02   0.11982E-02
 3618.93   0.10913E-02   0.12096E-02   0.11900E-02
 3632.53   0.10840E-02   0.12015E-02   0.11819E-02
 3646.14   0.10767E-02   0.11936E-02   0.11739E-02
 3659.74   0.10696E-02   0.11858E-02   0.11660E-02
 3673.35   0.10626E-02   0.11781E-02   0.11582E-02
 3686.95   0.10556E-02   0.11705E-02   0.11505E-02
 3700.56   0.10488E-02   0.11631E-02   0.11430E-02
 3714.16   0.10420E-02   0.11555E-02   0.11353E-02
 3727.77   0.10352E-02   0.11481E-02   0.11278E-02
 3741.37   0.10284E-02   0.11406E-02   0.11203E-02
 3754.98   0.10218E-02   0.11333E-02   0.11129E-02
 3768.58   0.10152E-02   0.11260E-02   0.11055E-02
 3782.19   0.10087E-02   0.11188E-02   0.10983E-02
 3795.79   0.10023E-02   0.11118E-02   0.10911E-02
 3809.40   0.99597E-03   0.11048E-02   0.10841E-02
 3823.00   0.98973E-03   0.10979E-02   0.10771E-02
 3836.61   0.98356E-03   0.10911E-02   0.10702E-02
 3850.21   0.97742E-03   0.10843E-02   0.10633E-02
 3863.82   0.97131E-03   0.10775E-02   0.10565E-02
 3877.42   0.96524E-03   0.10707E-02   0.10497E-02
 3891.03   0.95922E-03   0.10640E-02   0.10429E-02
 3904.63   0.95327E-03   0.10574E-02   0.10362E-02
 3918.24   0.94738E-03   0.10508E-02   0.10296E-02
 3931.84   0.94160E-03   0.10444E-02   0.10231E-02
 3945.45   0.93604E-03   0.10382E-02   0.10168E-02
 3959.05   0.93040E-03   0.10319E-02   0.10104E-02
 3972.66   0.92482E-03   0.10256E-02   0.10041E-02
 3986.26   0.91928E-03   0.10194E-02   0.99785E-03
 3999.87   0.91377E-03   0.10132E-02   0.99161E-03
 4013.47   0.90828E-03   0.10071E-02   0.98539E-03
 4027.08   0.90282E-03   0.10010E-02   0.97920E-03
 4040.68   0.89735E-03   0.99480E-03   0.97300E-03
 4054.29   0.89192E-03   0.98869E-03   0.96684E-03
 4067.89   0.88714E-03   0.98330E-03   0.96138E-03
 4081.50   0.88191E-03   0.97740E-03   0.95544E-03
 4095.10   0.87680E-03   0.97163E-03   0.94962E-03
 4108.71   0.87175E-03   0.96593E-03   0.94386E-03
 4122.31   0.86674E-03   0.96026E-03   0.93815E-03
 4135.92   0.86175E-03   0.95461E-03   0.93245E-03
 4149.52   0.85676E-03   0.94895E-03   0.92675E-03
 4163.13   0.85172E-03   0.94324E-03   0.92099E-03
 4176.73   0.84666E-03   0.93750E-03   0.91521E-03
 4190.34   0.84249E-03   0.93274E-03   0.91039E-03
 4203.94   0.83759E-03   0.92718E-03   0.90480E-03
 4217.55   0.83286E-03   0.92179E-03   0.89937E-03
 4231.15   0.82822E-03   0.91650E-03   0.89403E-03
 4244.76   0.82364E-03   0.91127E-03   0.88877E-03
 4258.36   0.81910E-03   0.90608E-03   0.88354E-03
 4271.97   0.81457E-03   0.90091E-03   0.87832E-03
 4285.57   0.81001E-03   0.89569E-03   0.87307E-03
 4299.18   0.80541E-03   0.89043E-03   0.86779E-03
 4312.78   0.80161E-03   0.88605E-03   0.86335E-03
 4326.39   0.79702E-03   0.88079E-03   0.85806E-03
 4339.99   0.79262E-03   0.87574E-03   0.85298E-03
 4353.60   0.78831E-03   0.87078E-03   0.84800E-03
 4367.20   0.78407E-03   0.86591E-03   0.84309E-03
 4380.81   0.77990E-03   0.86110E-03   0.83826E-03
 4394.41   0.77578E-03   0.85634E-03   0.83347E-03
 4408.02   0.77167E-03   0.85159E-03   0.82869E-03
 4421.62   0.76747E-03   0.84675E-03   0.82383E-03
 4435.23   0.76408E-03   0.84279E-03   0.81982E-03
 4448.83   0.75973E-03   0.83778E-03   0.81479E-03
 4462.44   0.75567E-03   0.83307E-03   0.81007E-03
 4476.04   0.75167E-03   0.82844E-03   0.80541E-03
 4489.65   0.74773E-03   0.82386E-03   0.80082E-03
 4503.25   0.74385E-03   0.81935E-03   0.79629E-03
 4516.86   0.74003E-03   0.81491E-03   0.79182E-03
 4530.46   0.73627E-03   0.81053E-03   0.78742E-03
 4544.07   0.73254E-03   0.80618E-03   0.78305E-03
 4557.67   0.72879E-03   0.80181E-03   0.77866E-03
 4571.28   0.72528E-03   0.79769E-03   0.77452E-03
 4584.88   0.72159E-03   0.79338E-03   0.77019E-03
 4598.49   0.71793E-03   0.78910E-03   0.76590E-03
 4612.09   0.71429E-03   0.78483E-03   0.76162E-03
 4625.70   0.71068E-03   0.78060E-03   0.75738E-03
 4639.30   0.70711E-03   0.77641E-03   0.75318E-03
 4652.91   0.70360E-03   0.77228E-03   0.74904E-03
 4666.51   0.70014E-03   0.76822E-03   0.74496E-03
 4680.12   0.69674E-03   0.76421E-03   0.74093E-03
 4693.72   0.69338E-03   0.76024E-03   0.73695E-03
 4707.33   0.69005E-03   0.75630E-03   0.73301E-03
 4720.93   0.68673E-03   0.75238E-03   0.72907E-03
 4734.54   0.68341E-03   0.74846E-03   0.72515E-03
 4748.14   0.68010E-03   0.74454E-03   0.72122E-03
 4761.75   0.67680E-03   0.74063E-03   0.71731E-03
 4775.35   0.67351E-03   0.73673E-03   0.71341E-03
 4788.96   0.67026E-03   0.73288E-03   0.70955E-03
 4802.56   0.66705E-03   0.72906E-03   0.70573E-03
 4816.17   0.66384E-03   0.72525E-03   0.70192E-03
 4829.77   0.66096E-03   0.72179E-03   0.69846E-03
 4843.38   0.65782E-03   0.71805E-03   0.69471E-03
 4856.98   0.65477E-03   0.71441E-03   0.69107E-03
 4870.59   0.65176E-03   0.71080E-03   0.68746E-03
 4884.19   0.64874E-03   0.70720E-03   0.68386E-03
 4897.80   0.64573E-03   0.70359E-03   0.68026E-03
 4911.40   0.64272E-03   0.69998E-03   0.67665E-03
 4925.01   0.63971E-03   0.69638E-03   0.67305E-03
 4938.61   0.63670E-03   0.69277E-03   0.66945E-03
 4952.22   0.63355E-03   0.68902E-03   0.66571E-03
 4965.82   0.63135E-03   0.68628E-03   0.66296E-03
 4979.43   0.62828E-03   0.68261E-03   0.65930E-03
 4993.03   0.62544E-03   0.67919E-03   0.65588E-03
 5006.64   0.62266E-03   0.67583E-03   0.65253E-03
 5020.24   0.61991E-03   0.67250E-03   0.64921E-03
 5033.85   0.61717E-03   0.66918E-03   0.64590E-03
 5047.45   0.61442E-03   0.66585E-03   0.64258E-03
 5061.06   0.61166E-03   0.66251E-03   0.63925E-03
 5074.66   0.60886E-03   0.65913E-03   0.63588E-03
 5088.27   0.60585E-03   0.65551E-03   0.63229E-03
 5101.87   0.60427E-03   0.65345E-03   0.63020E-03
 5115.48   0.60117E-03   0.64974E-03   0.62652E-03
 5129.08   0.59849E-03   0.64647E-03   0.62327E-03
 5142.69   0.59589E-03   0.64331E-03   0.62012E-03
 5156.29   0.59335E-03   0.64020E-03   0.61703E-03
 5169.90   0.59084E-03   0.63712E-03   0.61396E-03
 5183.50   0.58834E-03   0.63406E-03   0.61091E-03
 5197.11   0.58583E-03   0.63099E-03   0.60786E-03
 5210.71   0.58329E-03   0.62788E-03   0.60477E-03
 5224.32   0.58060E-03   0.62460E-03   0.60152E-03
 5237.92   0.57776E-03   0.62118E-03   0.59813E-03
 5251.53   0.57625E-03   0.61918E-03   0.59611E-03
 5265.13   0.57370E-03   0.61606E-03   0.59302E-03
 5278.74   0.57126E-03   0.61305E-03   0.59003E-03
 5292.34   0.56887E-03   0.61011E-03   0.58711E-03
 5305.95   0.56653E-03   0.60722E-03   0.58424E-03
 5319.55   0.56423E-03   0.60436E-03   0.58141E-03
 5333.16   0.56195E-03   0.60153E-03   0.57860E-03
 5346.76   0.55966E-03   0.59870E-03   0.57579E-03
 5360.37   0.55733E-03   0.59581E-03   0.57292E-03
 5373.97   0.55492E-03   0.59285E-03   0.57000E-03
 5387.58   0.55322E-03   0.59063E-03   0.56778E-03
 5401.18   0.55083E-03   0.58769E-03   0.56487E-03
 5414.79   0.54855E-03   0.58486E-03   0.56207E-03
 5428.39   0.54630E-03   0.58206E-03   0.55930E-03
 5442.00   0.54410E-03   0.57932E-03   0.55659E-03
 5455.60   0.54194E-03   0.57662E-03   0.55391E-03
 5469.21   0.53981E-03   0.57396E-03   0.55128E-03
 5482.81   0.53772E-03   0.57133E-03   0.54868E-03
 5496.42   0.53565E-03   0.56872E-03   0.54610E-03
 5510.02   0.53352E-03   0.56605E-03   0.54346E-03
 5523.63   0.53179E-03   0.56381E-03   0.54124E-03
 5537.23   0.52961E-03   0.56109E-03   0.53855E-03
 5550.84   0.52752E-03   0.55848E-03   0.53597E-03
 5564.44   0.52545E-03   0.55587E-03   0.53340E-03
 5578.05   0.52339E-03   0.55328E-03   0.53084E-03
 5591.65   0.52135E-03   0.55071E-03   0.52830E-03
 5605.26   0.51934E-03   0.54817E-03   0.52580E-03
 5618.86   0.51737E-03   0.54568E-03   0.52334E-03
 5632.47   0.51543E-03   0.54322E-03   0.52092E-03
 5646.07   0.51353E-03   0.54080E-03   0.51853E-03
 5659.68   0.51165E-03   0.53840E-03   0.51616E-03
 5673.28   0.50980E-03   0.53604E-03   0.51383E-03
 5686.89   0.50794E-03   0.53366E-03   0.51149E-03
 5700.49   0.50607E-03   0.53128E-03   0.50914E-03
 5714.10   0.50419E-03   0.52888E-03   0.50678E-03
 5727.70   0.50230E-03   0.52648E-03   0.50442E-03
 5741.31   0.50041E-03   0.52408E-03   0.50206E-03
 5754.91   0.49854E-03   0.52170E-03   0.49972E-03
 5768.52   0.49669E-03   0.51934E-03   0.49740E-03
 5782.12   0.49487E-03   0.51701E-03   0.49511E-03
 5795.73   0.49307E-03   0.51470E-03   0.49284E-03
 5809.33   0.49136E-03   0.51250E-03   0.49067E-03
 5822.94   0.48968E-03   0.51032E-03   0.48853E-03
 5836.54   0.48796E-03   0.50810E-03   0.48635E-03
 5850.15   0.48626E-03   0.50590E-03   0.48419E-03
 5863.75   0.48455E-03   0.50369E-03   0.48202E-03
 5877.36   0.48283E-03   0.50147E-03   0.47985E-03
 5890.96   0.48110E-03   0.49925E-03   0.47766E-03
 5904.57   0.47936E-03   0.49701E-03   0.47547E-03
 5918.17   0.47762E-03   0.49478E-03   0.47329E-03
 5931.78   0.47588E-03   0.49254E-03   0.47110E-03
 5945.38   0.47408E-03   0.49025E-03   0.46886E-03
 5958.99   0.47245E-03   0.48813E-03   0.46678E-03
 5972.59   0.47117E-03   0.48637E-03   0.46505E-03
 5986.20   0.46952E-03   0.48424E-03   0.46296E-03
 5999.80   0.46793E-03   0.48217E-03   0.46094E-03
 6013.41   0.46636E-03   0.48012E-03   0.45893E-03
 6027.01   0.46480E-03   0.47808E-03   0.45693E-03
 6040.62   0.46322E-03   0.47602E-03   0.45492E-03
 6054.22   0.46163E-03   0.47395E-03   0.45290E-03
 6067.83   0.46001E-03   0.47186E-03   0.45086E-03
 6081.43   0.45836E-03   0.46973E-03   0.44878E-03
 6095.04   0.45657E-03   0.46746E-03   0.44657E-03
 6108.64   0.45493E-03   0.46534E-03   0.44451E-03
 6122.25   0.45411E-03   0.46407E-03   0.44325E-03
 6135.85   0.45248E-03   0.46197E-03   0.44121E-03
 6149.46   0.45096E-03   0.45999E-03   0.43927E-03
 6163.06   0.44949E-03   0.45805E-03   0.43738E-03
 6176.67   0.44804E-03   0.45614E-03   0.43552E-03
 6190.27   0.44660E-03   0.45424E-03   0.43367E-03
 6203.88   0.44516E-03   0.45234E-03   0.43182E-03
 6217.48   0.44369E-03   0.45041E-03   0.42994E-03
 6231.09   0.44218E-03   0.44844E-03   0.42803E-03
 6244.69   0.44053E-03   0.44633E-03   0.42598E-03
 6258.30   0.43894E-03   0.44429E-03   0.42400E-03
 6271.90   0.43833E-03   0.44324E-03   0.42296E-03
 6285.51   0.43672E-03   0.44117E-03   0.42095E-03
 6299.11   0.43524E-03   0.43925E-03   0.41909E-03
 6312.72   0.43383E-03   0.43739E-03   0.41728E-03
 6326.32   0.43246E-03   0.43557E-03   0.41551E-03
 6339.93   0.43112E-03   0.43378E-03   0.41378E-03
 6353.53   0.42979E-03   0.43201E-03   0.41206E-03
 6367.14   0.42846E-03   0.43025E-03   0.41035E-03
 6380.74   0.42712E-03   0.42846E-03   0.40862E-03
 6394.35   0.42569E-03   0.42660E-03   0.40682E-03
 6407.95   0.42426E-03   0.42473E-03   0.40501E-03
 6421.56   0.42364E-03   0.42368E-03   0.40398E-03
 6435.16   0.42206E-03   0.42167E-03   0.40203E-03
 6448.77   0.42065E-03   0.41983E-03   0.40026E-03
 6462.37   0.41929E-03   0.41804E-03   0.39853E-03
 6475.98   0.41797E-03   0.41629E-03   0.39683E-03
 6489.58   0.41668E-03   0.41457E-03   0.39517E-03
 6503.19   0.41542E-03   0.41289E-03   0.39355E-03
 6516.79   0.41419E-03   0.41124E-03   0.39195E-03
 6530.40   0.41297E-03   0.40960E-03   0.39037E-03
 6544.00   0.41174E-03   0.40795E-03   0.38877E-03
 6557.61   0.41042E-03   0.40621E-03   0.38710E-03
 6571.21   0.40898E-03   0.40437E-03   0.38532E-03
 6584.82   0.40830E-03   0.40326E-03   0.38424E-03
 6598.42   0.40701E-03   0.40156E-03   0.38260E-03
 6612.03   0.40574E-03   0.39988E-03   0.38099E-03
 6625.63   0.40448E-03   0.39822E-03   0.37938E-03
 6639.24   0.40324E-03   0.39657E-03   0.37779E-03
 6652.84   0.40202E-03   0.39494E-03   0.37623E-03
 6666.45   0.40083E-03   0.39335E-03   0.37469E-03
 6680.05   0.39967E-03   0.39178E-03   0.37319E-03
 6693.66   0.39853E-03   0.39025E-03   0.37171E-03
 6707.26   0.39741E-03   0.38873E-03   0.37025E-03
 6720.87   0.39628E-03   0.38720E-03   0.36878E-03
 6734.47   0.39525E-03   0.38577E-03   0.36741E-03
 6748.08   0.39412E-03   0.38425E-03   0.36595E-03
 6761.68   0.39299E-03   0.38273E-03   0.36448E-03
 6775.29   0.39184E-03   0.38120E-03   0.36301E-03
 6788.89   0.39069E-03   0.37965E-03   0.36153E-03
 6802.50   0.38953E-03   0.37810E-03   0.36004E-03
 6816.10   0.38837E-03   0.37657E-03   0.35857E-03
 6829.71   0.38723E-03   0.37504E-03   0.35711E-03
 6843.31   0.38611E-03   0.37355E-03   0.35567E-03
 6856.92   0.38502E-03   0.37208E-03   0.35427E-03
 6870.52   0.38395E-03   0.37063E-03   0.35288E-03
 6884.13   0.38296E-03   0.36925E-03   0.35156E-03
 6897.73   0.38193E-03   0.36785E-03   0.35022E-03
 6911.34   0.38091E-03   0.36645E-03   0.34888E-03
 6924.94   0.37988E-03   0.36506E-03   0.34754E-03
 6938.55   0.37885E-03   0.36365E-03   0.34620E-03
 6952.15   0.37779E-03   0.36223E-03   0.34484E-03
 6965.76   0.37672E-03   0.36079E-03   0.34346E-03
 6979.36   0.37564E-03   0.35934E-03   0.34208E-03
 6992.97   0.37455E-03   0.35789E-03   0.34070E-03
 7006.57   0.37346E-03   0.35645E-03   0.33932E-03
 7020.18   0.37238E-03   0.35501E-03   0.33794E-03
 7033.78   0.37124E-03   0.35352E-03   0.33653E-03
 7047.39   0.37033E-03   0.35224E-03   0.33531E-03
 7060.99   0.36958E-03   0.35113E-03   0.33425E-03
 7074.60   0.36857E-03   0.34977E-03   0.33295E-03
 7088.20   0.36761E-03   0.34845E-03   0.33169E-03
 7101.81   0.36665E-03   0.34714E-03   0.33045E-03
 7115.41   0.36569E-03   0.34583E-03   0.32920E-03
 7129.02   0.36472E-03   0.34451E-03   0.32794E-03
 7142.62   0.36372E-03   0.34317E-03   0.32666E-03
 7156.23   0.36270E-03   0.34181E-03   0.32537E-03
 7169.83   0.36166E-03   0.34043E-03   0.32406E-03
 7183.44   0.36058E-03   0.33902E-03   0.32272E-03
 7197.04   0.35934E-03   0.33745E-03   0.32123E-03
 7210.65   0.35840E-03   0.33617E-03   0.32002E-03
 7224.25   0.35811E-03   0.33551E-03   0.31939E-03
 7237.86   0.35706E-03   0.33413E-03   0.31808E-03
 7251.46   0.35611E-03   0.33285E-03   0.31686E-03
 7265.07   0.35520E-03   0.33160E-03   0.31568E-03
 7278.67   0.35431E-03   0.33038E-03   0.31452E-03
 7292.28   0.35342E-03   0.32916E-03   0.31336E-03
 7305.88   0.35251E-03   0.32793E-03   0.31220E-03
 7319.49   0.35159E-03   0.32668E-03   0.31101E-03
 7333.09   0.35063E-03   0.32539E-03   0.30980E-03
 7346.70   0.34961E-03   0.32406E-03   0.30854E-03
 7360.30   0.34839E-03   0.32255E-03   0.30710E-03
 7373.91   0.34741E-03   0.32125E-03   0.30588E-03
 7387.51   0.34742E-03   0.32088E-03   0.30553E-03
 7401.12   0.34631E-03   0.31948E-03   0.30420E-03
 7414.72   0.34535E-03   0.31821E-03   0.30300E-03
 7428.33   0.34445E-03   0.31699E-03   0.30186E-03
 7441.93   0.34358E-03   0.31582E-03   0.30074E-03
 7455.54   0.34274E-03   0.31466E-03   0.29965E-03
 7469.14   0.34191E-03   0.31352E-03   0.29858E-03
 7482.75   0.34107E-03   0.31238E-03   0.29750E-03
 7496.35   0.34021E-03   0.31122E-03   0.29640E-03
 7509.96   0.33931E-03   0.31002E-03   0.29527E-03
 7523.56   0.33828E-03   0.30870E-03   0.29403E-03
 7537.17   0.33733E-03   0.30745E-03   0.29286E-03
 7550.77   0.33737E-03   0.30712E-03   0.29255E-03
 7564.38   0.33623E-03   0.30571E-03   0.29122E-03
 7577.98   0.33527E-03   0.30447E-03   0.29005E-03
 7591.59   0.33436E-03   0.30328E-03   0.28893E-03
 7605.19   0.33350E-03   0.30212E-03   0.28784E-03
 7618.80   0.33267E-03   0.30100E-03   0.28679E-03
 7632.40   0.33186E-03   0.29991E-03   0.28576E-03
 7646.01   0.33108E-03   0.29883E-03   0.28475E-03
 7659.61   0.33030E-03   0.29777E-03   0.28375E-03
 7673.22   0.32952E-03   0.29670E-03   0.28275E-03
 7686.82   0.32869E-03   0.29559E-03   0.28170E-03
 7700.43   0.32758E-03   0.29423E-03   0.28043E-03
 7714.03   0.32779E-03   0.29406E-03   0.28028E-03
 7727.64   0.32664E-03   0.29266E-03   0.27897E-03
 7741.24   0.32574E-03   0.29150E-03   0.27788E-03
 7754.85   0.32488E-03   0.29037E-03   0.27681E-03
 7768.45   0.32403E-03   0.28926E-03   0.27577E-03
 7782.06   0.32320E-03   0.28816E-03   0.27474E-03
 7795.66   0.32239E-03   0.28709E-03   0.27374E-03
 7809.27   0.32161E-03   0.28604E-03   0.27276E-03
 7822.87   0.32086E-03   0.28502E-03   0.27180E-03
 7836.48   0.32012E-03   0.28402E-03   0.27087E-03
 7850.08   0.31940E-03   0.28303E-03   0.26994E-03
 7863.69   0.31867E-03   0.28203E-03   0.26901E-03
 7877.29   0.31789E-03   0.28099E-03   0.26804E-03
 7890.90   0.31737E-03   0.28019E-03   0.26729E-03
 7904.50   0.31660E-03   0.27916E-03   0.26634E-03
 7918.11   0.31583E-03   0.27814E-03   0.26538E-03
 7931.71   0.31505E-03   0.27711E-03   0.26442E-03
 7945.32   0.31426E-03   0.27607E-03   0.26345E-03
 7958.92   0.31347E-03   0.27504E-03   0.26249E-03
 7972.53   0.31269E-03   0.27401E-03   0.26153E-03
 7986.13   0.31192E-03   0.27300E-03   0.26059E-03
 7999.74   0.31118E-03   0.27201E-03   0.25966E-03
 8013.34   0.31046E-03   0.27105E-03   0.25877E-03
 8026.95   0.30977E-03   0.27011E-03   0.25789E-03
 8040.55   0.30909E-03   0.26919E-03   0.25704E-03
 8054.16   0.30844E-03   0.26828E-03   0.25620E-03
 8067.76   0.30777E-03   0.26738E-03   0.25535E-03
 8081.37   0.30711E-03   0.26647E-03   0.25451E-03
 8094.97   0.30642E-03   0.26554E-03   0.25365E-03
 8108.58   0.30572E-03   0.26461E-03   0.25278E-03
 8122.18   0.30500E-03   0.26365E-03   0.25190E-03
 8135.79   0.30426E-03   0.26269E-03   0.25100E-03
 8149.39   0.30351E-03   0.26172E-03   0.25009E-03
 8163.00   0.30275E-03   0.26074E-03   0.24919E-03
 8176.60   0.30201E-03   0.25978E-03   0.24829E-03
 8190.21   0.30127E-03   0.25883E-03   0.24741E-03
 8203.81   0.30054E-03   0.25788E-03   0.24653E-03
 8217.42   0.29971E-03   0.25685E-03   0.24558E-03
 8231.02   0.29951E-03   0.25636E-03   0.24513E-03
 8244.63   0.29873E-03   0.25538E-03   0.24422E-03
 8258.23   0.29808E-03   0.25451E-03   0.24342E-03
 8271.84   0.29744E-03   0.25365E-03   0.24262E-03
 8285.44   0.29680E-03   0.25279E-03   0.24183E-03
 8299.05   0.29614E-03   0.25192E-03   0.24102E-03
 8312.65   0.29547E-03   0.25104E-03   0.24020E-03
 8326.26   0.29477E-03   0.25013E-03   0.23937E-03
 8339.86   0.29405E-03   0.24921E-03   0.23852E-03
 8353.47   0.29331E-03   0.24828E-03   0.23766E-03
 8367.07   0.29255E-03   0.24734E-03   0.23678E-03
 8380.68   0.29175E-03   0.24636E-03   0.23587E-03
 8394.28   0.29048E-03   0.24499E-03   0.23459E-03
 8407.89   0.29121E-03   0.24530E-03   0.23492E-03
 8421.49   0.29020E-03   0.24416E-03   0.23385E-03
 8435.10   0.28950E-03   0.24327E-03   0.23303E-03
 8448.70   0.28887E-03   0.24243E-03   0.23226E-03
 8462.31   0.28825E-03   0.24162E-03   0.23151E-03
 8475.91   0.28764E-03   0.24082E-03   0.23077E-03
 8489.52   0.28702E-03   0.24001E-03   0.23003E-03
 8503.12   0.28639E-03   0.23918E-03   0.22927E-03
 8516.73   0.28572E-03   0.23834E-03   0.22849E-03
 8530.33   0.28503E-03   0.23747E-03   0.22769E-03
 8543.94   0.28429E-03   0.23657E-03   0.22685E-03
 8557.54   0.28346E-03   0.23559E-03   0.22595E-03
 8571.15   0.28203E-03   0.23411E-03   0.22456E-03
 8584.75   0.28350E-03   0.23505E-03   0.22550E-03
 8598.36   0.28215E-03   0.23365E-03   0.22418E-03
 8611.96   0.28136E-03   0.23272E-03   0.22332E-03
 8625.57   0.28069E-03   0.23188E-03   0.22255E-03
 8639.17   0.28006E-03   0.23108E-03   0.22182E-03
 8652.78   0.27946E-03   0.23031E-03   0.22111E-03
 8666.38   0.27887E-03   0.22955E-03   0.22041E-03
 8679.99   0.27829E-03   0.22879E-03   0.21972E-03
 8693.59   0.27769E-03   0.22803E-03   0.21902E-03
 8707.20   0.27707E-03   0.22725E-03   0.21830E-03
 8720.80   0.27641E-03   0.22643E-03   0.21755E-03
 8734.41   0.27565E-03   0.22554E-03   0.21673E-03
 8748.01   0.27452E-03   0.22434E-03   0.21561E-03
 8761.62   0.27390E-03   0.22357E-03   0.21491E-03
 8775.22   0.27446E-03   0.22377E-03   0.21513E-03
 8788.83   0.27362E-03   0.22281E-03   0.21424E-03
 8802.43   0.27290E-03   0.22196E-03   0.21346E-03
 8816.04   0.27224E-03   0.22116E-03   0.21273E-03
 8829.64   0.27162E-03   0.22040E-03   0.21202E-03
 8843.25   0.27103E-03   0.21966E-03   0.21135E-03
 8856.85   0.27046E-03   0.21894E-03   0.21069E-03
 8870.46   0.26990E-03   0.21823E-03   0.21004E-03
 8884.06   0.26934E-03   0.21752E-03   0.20940E-03
 8897.67   0.26877E-03   0.21680E-03   0.20874E-03
 8911.27   0.26814E-03   0.21604E-03   0.20805E-03
 8924.88   0.26737E-03   0.21517E-03   0.20724E-03
 8938.48   0.26671E-03   0.21439E-03   0.20652E-03
 8952.09   0.26700E-03   0.21437E-03   0.20654E-03
 8965.69   0.26615E-03   0.21344E-03   0.20568E-03
 8979.30   0.26545E-03   0.21262E-03   0.20493E-03
 8992.90   0.26478E-03   0.21184E-03   0.20422E-03
 9006.51   0.26413E-03   0.21108E-03   0.20352E-03
 9020.11   0.26351E-03   0.21034E-03   0.20284E-03
 9033.72   0.26292E-03   0.20962E-03   0.20219E-03
 9047.32   0.26235E-03   0.20893E-03   0.20156E-03
 9060.93   0.26181E-03   0.20825E-03   0.20094E-03
 9074.53   0.26127E-03   0.20759E-03   0.20034E-03
 9088.14   0.26074E-03   0.20693E-03   0.19974E-03
 9101.74   0.26019E-03   0.20626E-03   0.19913E-03
 9115.35   0.25945E-03   0.20543E-03   0.19837E-03
 9128.95   0.25960E-03   0.20532E-03   0.19829E-03
 9142.56   0.25881E-03   0.20446E-03   0.19750E-03
 9156.16   0.25818E-03   0.20373E-03   0.19684E-03
 9169.77   0.25757E-03   0.20301E-03   0.19618E-03
 9183.37   0.25695E-03   0.20230E-03   0.19553E-03
 9196.98   0.25633E-03   0.20158E-03   0.19487E-03
 9210.58   0.25571E-03   0.20087E-03   0.19423E-03
 9224.19   0.25512E-03   0.20017E-03   0.19359E-03
 9237.79   0.25454E-03   0.19950E-03   0.19298E-03
 9251.40   0.25399E-03   0.19884E-03   0.19238E-03
 9265.00   0.25346E-03   0.19820E-03   0.19180E-03
 9278.61   0.25295E-03   0.19759E-03   0.19124E-03
 9292.21   0.25245E-03   0.19698E-03   0.19069E-03
 9305.82   0.25194E-03   0.19636E-03   0.19013E-03
 9319.42   0.25150E-03   0.19580E-03   0.18963E-03
 9333.03   0.25099E-03   0.19518E-03   0.18907E-03
 9346.63   0.25047E-03   0.19456E-03   0.18851E-03
 9360.24   0.24993E-03   0.19393E-03   0.18794E-03
 9373.84   0.24937E-03   0.19328E-03   0.18735E-03
 9387.45   0.24879E-03   0.19262E-03   0.18674E-03
 9401.05   0.24820E-03   0.19195E-03   0.18613E-03
 9414.66   0.24760E-03   0.19128E-03   0.18553E-03
 9428.26   0.24701E-03   0.19061E-03   0.18492E-03
 9441.87   0.24644E-03   0.18996E-03   0.18433E-03
 9455.47   0.24588E-03   0.18933E-03   0.18375E-03
 9469.08   0.24534E-03   0.18871E-03   0.18319E-03
 9482.68   0.24481E-03   0.18809E-03   0.18263E-03
 9496.29   0.24441E-03   0.18759E-03   0.18218E-03
 9509.89   0.24396E-03   0.18704E-03   0.18169E-03
 9523.50   0.24347E-03   0.18646E-03   0.18117E-03
 9537.10   0.24299E-03   0.18590E-03   0.18066E-03
 9550.71   0.24250E-03   0.18532E-03   0.18014E-03
 9564.31   0.24199E-03   0.18474E-03   0.17962E-03
 9577.92   0.24147E-03   0.18414E-03   0.17907E-03
 9591.52   0.24091E-03   0.18352E-03   0.17852E-03
 9605.13   0.24034E-03   0.18289E-03   0.17795E-03
 9618.73   0.23976E-03   0.18226E-03   0.17737E-03
 9632.34   0.23916E-03   0.18161E-03   0.17678E-03
 9645.94   0.23857E-03   0.18097E-03   0.17619E-03
 9659.55   0.23795E-03   0.18031E-03   0.17560E-03
 9673.15   0.23720E-03   0.17956E-03   0.17490E-03
 9686.76   0.23693E-03   0.17916E-03   0.17456E-03
 9700.36   0.23682E-03   0.17889E-03   0.17434E-03
 9713.97   0.23624E-03   0.17827E-03   0.17377E-03
 9727.57   0.23574E-03   0.17771E-03   0.17327E-03
 9741.18   0.23527E-03   0.17717E-03   0.17278E-03
 9754.78   0.23479E-03   0.17664E-03   0.17230E-03
 9768.39   0.23431E-03   0.17609E-03   0.17181E-03
 9781.99   0.23381E-03   0.17554E-03   0.17131E-03
 9795.60   0.23329E-03   0.17497E-03   0.17080E-03
 9809.20   0.23274E-03   0.17438E-03   0.17026E-03
 9822.81   0.23216E-03   0.17377E-03   0.16971E-03
 9836.41   0.23154E-03   0.17313E-03   0.16913E-03
 9850.02   0.23086E-03   0.17245E-03   0.16851E-03
 9863.62   0.22990E-03   0.17156E-03   0.16768E-03
 9877.23   0.22964E-03   0.17120E-03   0.16737E-03
 9890.83   0.23003E-03   0.17132E-03   0.16752E-03
 9904.44   0.22931E-03   0.17061E-03   0.16687E-03
 9918.04   0.22874E-03   0.17002E-03   0.16634E-03
 9931.65   0.22824E-03   0.16948E-03   0.16585E-03
 9945.25   0.22776E-03   0.16896E-03   0.16539E-03
 9958.86   0.22730E-03   0.16845E-03   0.16493E-03
 9972.46   0.22684E-03   0.16795E-03   0.16448E-03
 9986.07   0.22636E-03   0.16743E-03   0.16402E-03
 9999.67   0.22587E-03   0.16691E-03   0.16354E-03
