   54.42   0.23763E+00   0.23681E+00   0.22901E+00
   68.02   0.21352E+00   0.21286E+00   0.20704E+00
   81.63   0.19208E+00   0.19155E+00   0.18713E+00
   95.23   0.17284E+00   0.17241E+00   0.16901E+00
  108.84   0.15563E+00   0.15529E+00   0.15266E+00
  122.44   0.14056E+00   0.14031E+00   0.13824E+00
  136.05   0.12754E+00   0.12736E+00   0.12573E+00
  149.65   0.11626E+00   0.11613E+00   0.11484E+00
  163.26   0.10637E+00   0.10629E+00   0.10527E+00
  176.86   0.97621E-01   0.97583E-01   0.96765E-01
  190.47   0.89861E-01   0.89860E-01   0.89209E-01
  204.07   0.82976E-01   0.83008E-01   0.82491E-01
  217.68   0.76875E-01   0.76936E-01   0.76528E-01
  231.28   0.71448E-01   0.71534E-01   0.71214E-01
  244.89   0.66589E-01   0.66699E-01   0.66451E-01
  258.49   0.62210E-01   0.62340E-01   0.62151E-01
  272.10   0.58246E-01   0.58394E-01   0.58255E-01
  285.70   0.54643E-01   0.54808E-01   0.54709E-01
  299.31   0.51368E-01   0.51548E-01   0.51482E-01
  312.91   0.48389E-01   0.48582E-01   0.48544E-01
  326.52   0.45670E-01   0.45876E-01   0.45860E-01
  340.12   0.43185E-01   0.43402E-01   0.43405E-01
  353.73   0.40903E-01   0.41129E-01   0.41148E-01
  367.33   0.38797E-01   0.39033E-01   0.39064E-01
  380.94   0.36853E-01   0.37097E-01   0.37139E-01
  394.54   0.35051E-01   0.35303E-01   0.35353E-01
  408.15   0.33377E-01   0.33635E-01   0.33692E-01
  421.75   0.31828E-01   0.32092E-01   0.32155E-01
  435.36   0.30387E-01   0.30655E-01   0.30722E-01
  448.96   0.29043E-01   0.29317E-01   0.29387E-01
  462.57   0.27793E-01   0.28071E-01   0.28144E-01
  476.17   0.26623E-01   0.26904E-01   0.26979E-01
  489.78   0.25526E-01   0.25811E-01   0.25887E-01
  503.38   0.24497E-01   0.24785E-01   0.24861E-01
  516.99   0.23528E-01   0.23819E-01   0.23895E-01
  530.59   0.22617E-01   0.22910E-01   0.22986E-01
  544.20   0.21759E-01   0.22054E-01   0.22129E-01
  557.80   0.20949E-01   0.21246E-01   0.21321E-01
  571.41   0.20186E-01   0.20484E-01   0.20557E-01
  585.01   0.19465E-01   0.19765E-01   0.19837E-01
  598.62   0.18783E-01   0.19085E-01   0.19155E-01
  612.22   0.18138E-01   0.18440E-01   0.18509E-01
  625.83   0.17524E-01   0.17827E-01   0.17894E-01
  639.43   0.16944E-01   0.17248E-01   0.17313E-01
  653.04   0.16391E-01   0.16695E-01   0.16758E-01
  666.64   0.15865E-01   0.16170E-01   0.16230E-01
  680.25   0.15365E-01   0.15670E-01   0.15728E-01
  693.85   0.14887E-01   0.15192E-01   0.15249E-01
  707.46   0.14432E-01   0.14737E-01   0.14792E-01
  721.06   0.13998E-01   0.14303E-01   0.14356E-01
  734.67   0.13585E-01   0.13889E-01   0.13940E-01
  748.27   0.13189E-01   0.13493E-01   0.13542E-01
  761.88   0.12811E-01   0.13115E-01   0.13161E-01
  775.48   0.12450E-01   0.12753E-01   0.12797E-01
  789.09   0.12103E-01   0.12406E-01   0.12448E-01
  802.69   0.11771E-01   0.12073E-01   0.12113E-01
  816.30   0.11452E-01   0.11754E-01   0.11792E-01
  829.90   0.11147E-01   0.11447E-01   0.11483E-01
  843.51   0.10853E-01   0.11153E-01   0.11187E-01
  857.11   0.10571E-01   0.10870E-01   0.10902E-01
  870.72   0.10300E-01   0.10597E-01   0.10627E-01
  884.32   0.10039E-01   0.10336E-01   0.10364E-01
  897.93   0.97887E-02   0.10084E-01   0.10110E-01
  911.53   0.95475E-02   0.98419E-02   0.98661E-02
  925.14   0.93152E-02   0.96085E-02   0.96308E-02
  938.74   0.90913E-02   0.93833E-02   0.94038E-02
  952.35   0.88752E-02   0.91660E-02   0.91847E-02
  965.95   0.86673E-02   0.89569E-02   0.89739E-02
  979.56   0.84664E-02   0.87547E-02   0.87699E-02
  993.16   0.82722E-02   0.85592E-02   0.85728E-02
 1006.77   0.80844E-02   0.83700E-02   0.83819E-02
 1020.37   0.79034E-02   0.81877E-02   0.81980E-02
 1033.98   0.77281E-02   0.80110E-02   0.80197E-02
 1047.58   0.75587E-02   0.78402E-02   0.78474E-02
 1061.19   0.73948E-02   0.76749E-02   0.76805E-02
 1074.79   0.72359E-02   0.75145E-02   0.75186E-02
 1088.40   0.70829E-02   0.73601E-02   0.73627E-02
 1102.00   0.69342E-02   0.72099E-02   0.72111E-02
 1115.61   0.67903E-02   0.70645E-02   0.70643E-02
 1129.21   0.66508E-02   0.69235E-02   0.69220E-02
 1142.82   0.65158E-02   0.67871E-02   0.67842E-02
 1156.42   0.63844E-02   0.66541E-02   0.66499E-02
 1170.03   0.62570E-02   0.65252E-02   0.65197E-02
 1183.63   0.61334E-02   0.64000E-02   0.63933E-02
 1197.24   0.60135E-02   0.62785E-02   0.62705E-02
 1210.84   0.58970E-02   0.61605E-02   0.61514E-02
 1224.45   0.57838E-02   0.60457E-02   0.60354E-02
 1238.05   0.56738E-02   0.59341E-02   0.59226E-02
 1251.66   0.55669E-02   0.58256E-02   0.58130E-02
 1265.26   0.54631E-02   0.57202E-02   0.57064E-02
 1278.87   0.53622E-02   0.56176E-02   0.56028E-02
 1292.47   0.52641E-02   0.55179E-02   0.55020E-02
 1306.08   0.51686E-02   0.54207E-02   0.54039E-02
 1319.68   0.50756E-02   0.53261E-02   0.53082E-02
 1333.29   0.49851E-02   0.52340E-02   0.52151E-02
 1346.89   0.48971E-02   0.51444E-02   0.51246E-02
 1360.50   0.48114E-02   0.50570E-02   0.50362E-02
 1374.10   0.47278E-02   0.49718E-02   0.49501E-02
 1387.71   0.46464E-02   0.48887E-02   0.48661E-02
 1401.31   0.45669E-02   0.48076E-02   0.47842E-02
 1414.92   0.44895E-02   0.47284E-02   0.47042E-02
 1428.52   0.44142E-02   0.46516E-02   0.46265E-02
 1442.13   0.43407E-02   0.45764E-02   0.45505E-02
 1455.73   0.42690E-02   0.45030E-02   0.44763E-02
 1469.34   0.41990E-02   0.44314E-02   0.44039E-02
 1482.94   0.41305E-02   0.43612E-02   0.43330E-02
 1496.55   0.40642E-02   0.42933E-02   0.42644E-02
 1510.15   0.39992E-02   0.42266E-02   0.41969E-02
 1523.76   0.39357E-02   0.41615E-02   0.41311E-02
 1537.36   0.38738E-02   0.40979E-02   0.40669E-02
 1550.97   0.38132E-02   0.40357E-02   0.40040E-02
 1564.57   0.37539E-02   0.39747E-02   0.39424E-02
 1578.18   0.36965E-02   0.39156E-02   0.38827E-02
 1591.78   0.36400E-02   0.38575E-02   0.38239E-02
 1605.39   0.35848E-02   0.38006E-02   0.37665E-02
 1618.99   0.35309E-02   0.37451E-02   0.37103E-02
 1632.60   0.34782E-02   0.36907E-02   0.36554E-02
 1646.20   0.34268E-02   0.36377E-02   0.36018E-02
 1659.81   0.33763E-02   0.35855E-02   0.35491E-02
 1673.41   0.33269E-02   0.35345E-02   0.34976E-02
 1687.02   0.32787E-02   0.34846E-02   0.34472E-02
 1700.62   0.32315E-02   0.34358E-02   0.33979E-02
 1714.23   0.31854E-02   0.33880E-02   0.33496E-02
 1727.83   0.31403E-02   0.33413E-02   0.33024E-02
 1741.44   0.30961E-02   0.32955E-02   0.32561E-02
 1755.04   0.30528E-02   0.32505E-02   0.32107E-02
 1768.65   0.30104E-02   0.32065E-02   0.31663E-02
 1782.25   0.29690E-02   0.31634E-02   0.31227E-02
 1795.86   0.29284E-02   0.31211E-02   0.30801E-02
 1809.46   0.28886E-02   0.30798E-02   0.30383E-02
 1823.07   0.28497E-02   0.30392E-02   0.29974E-02
 1836.67   0.28115E-02   0.29994E-02   0.29572E-02
 1850.28   0.27741E-02   0.29603E-02   0.29177E-02
 1863.88   0.27374E-02   0.29219E-02   0.28790E-02
 1877.49   0.27014E-02   0.28843E-02   0.28411E-02
 1891.09   0.26663E-02   0.28476E-02   0.28040E-02
 1904.70   0.26318E-02   0.28114E-02   0.27675E-02
 1918.30   0.25980E-02   0.27760E-02   0.27318E-02
 1931.91   0.25648E-02   0.27412E-02   0.26967E-02
 1945.51   0.25323E-02   0.27070E-02   0.26622E-02
 1959.12   0.25003E-02   0.26733E-02   0.26283E-02
 1972.72   0.24692E-02   0.26407E-02   0.25953E-02
 1986.33   0.24384E-02   0.26082E-02   0.25627E-02
 1999.93   0.24083E-02   0.25765E-02   0.25307E-02
 2013.54   0.23788E-02   0.25454E-02   0.24993E-02
 2027.14   0.23498E-02   0.25148E-02   0.24685E-02
 2040.75   0.23212E-02   0.24847E-02   0.24381E-02
 2054.35   0.22931E-02   0.24549E-02   0.24081E-02
 2067.96   0.22660E-02   0.24263E-02   0.23793E-02
 2081.56   0.22390E-02   0.23977E-02   0.23505E-02
 2095.17   0.22126E-02   0.23697E-02   0.23223E-02
 2108.77   0.21866E-02   0.23422E-02   0.22946E-02
 2122.38   0.21611E-02   0.23151E-02   0.22674E-02
 2135.98   0.21359E-02   0.22884E-02   0.22405E-02
 2149.59   0.21116E-02   0.22625E-02   0.22145E-02
 2163.19   0.20873E-02   0.22367E-02   0.21885E-02
 2176.80   0.20635E-02   0.22113E-02   0.21630E-02
 2190.40   0.20402E-02   0.21865E-02   0.21380E-02
 2204.01   0.20172E-02   0.21620E-02   0.21134E-02
 2217.61   0.19947E-02   0.21380E-02   0.20893E-02
 2231.22   0.19725E-02   0.21143E-02   0.20654E-02
 2244.82   0.19509E-02   0.20912E-02   0.20422E-02
 2258.43   0.19294E-02   0.20682E-02   0.20192E-02
 2272.03   0.19084E-02   0.20457E-02   0.19965E-02
 2285.64   0.18877E-02   0.20235E-02   0.19742E-02
 2299.24   0.18673E-02   0.20017E-02   0.19523E-02
 2312.85   0.18473E-02   0.19803E-02   0.19308E-02
 2326.45   0.18276E-02   0.19591E-02   0.19096E-02
 2340.06   0.18084E-02   0.19384E-02   0.18888E-02
 2353.66   0.17893E-02   0.19179E-02   0.18683E-02
 2367.27   0.17706E-02   0.18977E-02   0.18480E-02
 2380.87   0.17521E-02   0.18779E-02   0.18281E-02
 2394.48   0.17340E-02   0.18583E-02   0.18085E-02
 2408.08   0.17162E-02   0.18391E-02   0.17892E-02
 2421.69   0.16987E-02   0.18202E-02   0.17702E-02
 2435.29   0.16815E-02   0.18015E-02   0.17516E-02
 2448.90   0.16645E-02   0.17831E-02   0.17332E-02
 2462.50   0.16478E-02   0.17650E-02   0.17150E-02
 2476.11   0.16313E-02   0.17471E-02   0.16971E-02
 2489.71   0.16150E-02   0.17295E-02   0.16795E-02
 2503.32   0.15991E-02   0.17122E-02   0.16621E-02
 2516.92   0.15834E-02   0.16951E-02   0.16451E-02
 2530.53   0.15680E-02   0.16784E-02   0.16283E-02
 2544.13   0.15528E-02   0.16618E-02   0.16117E-02
 2557.74   0.15379E-02   0.16455E-02   0.15954E-02
 2571.34   0.15231E-02   0.16294E-02   0.15793E-02
 2584.95   0.15085E-02   0.16135E-02   0.15634E-02
 2598.55   0.14942E-02   0.15978E-02   0.15477E-02
 2612.16   0.14800E-02   0.15822E-02   0.15322E-02
 2625.76   0.14663E-02   0.15672E-02   0.15173E-02
 2639.37   0.14526E-02   0.15522E-02   0.15023E-02
 2652.97   0.14392E-02   0.15374E-02   0.14875E-02
 2666.58   0.14259E-02   0.15229E-02   0.14730E-02
 2680.18   0.14128E-02   0.15085E-02   0.14586E-02
 2693.79   0.13999E-02   0.14942E-02   0.14444E-02
 2707.39   0.13870E-02   0.14800E-02   0.14303E-02
 2721.00   0.13748E-02   0.14666E-02   0.14169E-02
 2734.60   0.13624E-02   0.14529E-02   0.14032E-02
 2748.21   0.13502E-02   0.14394E-02   0.13898E-02
 2761.81   0.13382E-02   0.14262E-02   0.13766E-02
 2775.42   0.13264E-02   0.14131E-02   0.13636E-02
 2789.02   0.13148E-02   0.14002E-02   0.13508E-02
 2802.63   0.13032E-02   0.13874E-02   0.13381E-02
 2816.23   0.12918E-02   0.13747E-02   0.13255E-02
 2829.84   0.12809E-02   0.13626E-02   0.13134E-02
 2843.44   0.12698E-02   0.13503E-02   0.13011E-02
 2857.05   0.12589E-02   0.13382E-02   0.12891E-02
 2870.65   0.12482E-02   0.13262E-02   0.12773E-02
 2884.26   0.12377E-02   0.13145E-02   0.12656E-02
 2897.86   0.12273E-02   0.13029E-02   0.12541E-02
 2911.47   0.12169E-02   0.12913E-02   0.12426E-02
 2925.07   0.12071E-02   0.12802E-02   0.12316E-02
 2938.68   0.11970E-02   0.12689E-02   0.12204E-02
 2952.28   0.11871E-02   0.12578E-02   0.12094E-02
 2965.89   0.11773E-02   0.12469E-02   0.11986E-02
 2979.49   0.11677E-02   0.12361E-02   0.11879E-02
 2993.10   0.11582E-02   0.12255E-02   0.11774E-02
 3006.70   0.11489E-02   0.12150E-02   0.11670E-02
 3020.31   0.11397E-02   0.12046E-02   0.11567E-02
 3033.91   0.11307E-02   0.11945E-02   0.11467E-02
 3047.52   0.11217E-02   0.11843E-02   0.11366E-02
 3061.12   0.11128E-02   0.11743E-02   0.11267E-02
 3074.73   0.11040E-02   0.11643E-02   0.11169E-02
 3088.33   0.10953E-02   0.11546E-02   0.11072E-02
 3101.94   0.10868E-02   0.11449E-02   0.10977E-02
 3115.54   0.10784E-02   0.11354E-02   0.10883E-02
 3129.15   0.10701E-02   0.11260E-02   0.10790E-02
 3142.75   0.10620E-02   0.11167E-02   0.10699E-02
 3156.36   0.10539E-02   0.11075E-02   0.10608E-02
 3169.96   0.10459E-02   0.10984E-02   0.10519E-02
 3183.57   0.10379E-02   0.10894E-02   0.10430E-02
 3197.17   0.10301E-02   0.10805E-02   0.10342E-02
 3210.78   0.10224E-02   0.10717E-02   0.10255E-02
 3224.38   0.10148E-02   0.10630E-02   0.10170E-02
 3237.99   0.10073E-02   0.10544E-02   0.10086E-02
 3251.59   0.99992E-03   0.10460E-02   0.10003E-02
 3265.20   0.99261E-03   0.10377E-02   0.99205E-03
 3278.80   0.98539E-03   0.10294E-02   0.98392E-03
 3292.41   0.97824E-03   0.10212E-02   0.97586E-03
 3306.01   0.97115E-03   0.10130E-02   0.96788E-03
 3319.62   0.96413E-03   0.10050E-02   0.95997E-03
 3333.22   0.95719E-03   0.99701E-03   0.95215E-03
 3346.83   0.95034E-03   0.98914E-03   0.94442E-03
 3360.43   0.94376E-03   0.98155E-03   0.93698E-03
 3374.04   0.93709E-03   0.97386E-03   0.92944E-03
 3387.64   0.93053E-03   0.96630E-03   0.92203E-03
 3401.25   0.92405E-03   0.95881E-03   0.91470E-03
 3414.85   0.91763E-03   0.95140E-03   0.90745E-03
 3428.46   0.91126E-03   0.94404E-03   0.90025E-03
 3442.06   0.90493E-03   0.93673E-03   0.89309E-03
 3455.67   0.89855E-03   0.92936E-03   0.88590E-03
 3469.27   0.89285E-03   0.92269E-03   0.87937E-03
 3482.88   0.88664E-03   0.91551E-03   0.87236E-03
 3496.48   0.88063E-03   0.90854E-03   0.86555E-03
 3510.09   0.87472E-03   0.90168E-03   0.85885E-03
 3523.69   0.86888E-03   0.89489E-03   0.85223E-03
 3537.30   0.86310E-03   0.88816E-03   0.84567E-03
 3550.90   0.85736E-03   0.88148E-03   0.83915E-03
 3564.51   0.85161E-03   0.87480E-03   0.83264E-03
 3578.11   0.84575E-03   0.86800E-03   0.82603E-03
 3591.72   0.84068E-03   0.86202E-03   0.82019E-03
 3605.32   0.83513E-03   0.85555E-03   0.81390E-03
 3618.93   0.82969E-03   0.84920E-03   0.80772E-03
 3632.53   0.82434E-03   0.84294E-03   0.80164E-03
 3646.14   0.81906E-03   0.83676E-03   0.79563E-03
 3659.74   0.81383E-03   0.83065E-03   0.78968E-03
 3673.35   0.80864E-03   0.82457E-03   0.78378E-03
 3686.95   0.80337E-03   0.81841E-03   0.77780E-03
 3700.56   0.79868E-03   0.81285E-03   0.77240E-03
 3714.16   0.79352E-03   0.80681E-03   0.76655E-03
 3727.77   0.78850E-03   0.80092E-03   0.76084E-03
 3741.37   0.78356E-03   0.79512E-03   0.75522E-03
 3754.98   0.77869E-03   0.78940E-03   0.74967E-03
 3768.58   0.77389E-03   0.78375E-03   0.74420E-03
 3782.19   0.76916E-03   0.77817E-03   0.73880E-03
 3795.79   0.76446E-03   0.77263E-03   0.73344E-03
 3809.40   0.75976E-03   0.76709E-03   0.72809E-03
 3823.00   0.75531E-03   0.76182E-03   0.72299E-03
 3836.61   0.75071E-03   0.75639E-03   0.71774E-03
 3850.21   0.74616E-03   0.75102E-03   0.71256E-03
 3863.82   0.74165E-03   0.74571E-03   0.70742E-03
 3877.42   0.73721E-03   0.74045E-03   0.70235E-03
 3891.03   0.73282E-03   0.73527E-03   0.69735E-03
 3904.63   0.72850E-03   0.73015E-03   0.69242E-03
 3918.24   0.72423E-03   0.72509E-03   0.68754E-03
 3931.84   0.71999E-03   0.72006E-03   0.68270E-03
 3945.45   0.71584E-03   0.71513E-03   0.67795E-03
 3959.05   0.71169E-03   0.71020E-03   0.67320E-03
 3972.66   0.70755E-03   0.70529E-03   0.66848E-03
 3986.26   0.70345E-03   0.70042E-03   0.66380E-03
 3999.87   0.69937E-03   0.69559E-03   0.65916E-03
 4013.47   0.69535E-03   0.69081E-03   0.65456E-03
 4027.08   0.69137E-03   0.68608E-03   0.65002E-03
 4040.68   0.68745E-03   0.68142E-03   0.64554E-03
 4054.29   0.68360E-03   0.67683E-03   0.64114E-03
 4067.89   0.67978E-03   0.67227E-03   0.63677E-03
 4081.50   0.67600E-03   0.66776E-03   0.63244E-03
 4095.10   0.67223E-03   0.66327E-03   0.62814E-03
 4108.71   0.66849E-03   0.65880E-03   0.62387E-03
 4122.31   0.66476E-03   0.65436E-03   0.61961E-03
 4135.92   0.66106E-03   0.64995E-03   0.61539E-03
 4149.52   0.65739E-03   0.64558E-03   0.61121E-03
 4163.13   0.65374E-03   0.64123E-03   0.60705E-03
 4176.73   0.65016E-03   0.63696E-03   0.60297E-03
 4190.34   0.64677E-03   0.63287E-03   0.59906E-03
 4203.94   0.64326E-03   0.62868E-03   0.59506E-03
 4217.55   0.63981E-03   0.62455E-03   0.59112E-03
 4231.15   0.63639E-03   0.62045E-03   0.58721E-03
 4244.76   0.63299E-03   0.61638E-03   0.58333E-03
 4258.36   0.62959E-03   0.61232E-03   0.57946E-03
 4271.97   0.62621E-03   0.60827E-03   0.57561E-03
 4285.57   0.62282E-03   0.60423E-03   0.57176E-03
 4299.18   0.61948E-03   0.60024E-03   0.56796E-03
 4312.78   0.61651E-03   0.59662E-03   0.56451E-03
 4326.39   0.61319E-03   0.59266E-03   0.56074E-03
 4339.99   0.60998E-03   0.58881E-03   0.55709E-03
 4353.60   0.60683E-03   0.58503E-03   0.55349E-03
 4367.20   0.60371E-03   0.58128E-03   0.54993E-03
 4380.81   0.60060E-03   0.57755E-03   0.54639E-03
 4394.41   0.59750E-03   0.57383E-03   0.54286E-03
 4408.02   0.59439E-03   0.57011E-03   0.53933E-03
 4421.62   0.59118E-03   0.56629E-03   0.53572E-03
 4435.23   0.58887E-03   0.56335E-03   0.53292E-03
 4448.83   0.58551E-03   0.55941E-03   0.52919E-03
 4462.44   0.58249E-03   0.55579E-03   0.52577E-03
 4476.04   0.57955E-03   0.55226E-03   0.52242E-03
 4489.65   0.57665E-03   0.54877E-03   0.51913E-03
 4503.25   0.57379E-03   0.54533E-03   0.51587E-03
 4516.86   0.57095E-03   0.54191E-03   0.51264E-03
 4530.46   0.56812E-03   0.53850E-03   0.50942E-03
 4544.07   0.56526E-03   0.53507E-03   0.50619E-03
 4557.67   0.56236E-03   0.53162E-03   0.50292E-03
 4571.28   0.55998E-03   0.52866E-03   0.50013E-03
 4584.88   0.55712E-03   0.52524E-03   0.49691E-03
 4598.49   0.55435E-03   0.52193E-03   0.49378E-03
 4612.09   0.55163E-03   0.51866E-03   0.49071E-03
 4625.70   0.54896E-03   0.51544E-03   0.48768E-03
 4639.30   0.54632E-03   0.51227E-03   0.48469E-03
 4652.91   0.54372E-03   0.50913E-03   0.48173E-03
 4666.51   0.54113E-03   0.50600E-03   0.47880E-03
 4680.12   0.53850E-03   0.50286E-03   0.47584E-03
 4693.72   0.53575E-03   0.49960E-03   0.47278E-03
 4707.33   0.53357E-03   0.49688E-03   0.47022E-03
 4720.93   0.53099E-03   0.49379E-03   0.46732E-03
 4734.54   0.52845E-03   0.49073E-03   0.46446E-03
 4748.14   0.52593E-03   0.48772E-03   0.46162E-03
 4761.75   0.52345E-03   0.48473E-03   0.45883E-03
 4775.35   0.52100E-03   0.48179E-03   0.45607E-03
 4788.96   0.51859E-03   0.47889E-03   0.45335E-03
 4802.56   0.51620E-03   0.47602E-03   0.45066E-03
 4816.17   0.51382E-03   0.47315E-03   0.44798E-03
 4829.77   0.51157E-03   0.47041E-03   0.44542E-03
 4843.38   0.50919E-03   0.46756E-03   0.44275E-03
 4856.98   0.50684E-03   0.46475E-03   0.44012E-03
 4870.59   0.50450E-03   0.46194E-03   0.43750E-03
 4884.19   0.50217E-03   0.45915E-03   0.43490E-03
 4897.80   0.49985E-03   0.45639E-03   0.43231E-03
 4911.40   0.49756E-03   0.45365E-03   0.42976E-03
 4925.01   0.49530E-03   0.45095E-03   0.42724E-03
 4938.61   0.49308E-03   0.44828E-03   0.42475E-03
 4952.22   0.49089E-03   0.44565E-03   0.42230E-03
 4965.82   0.48872E-03   0.44304E-03   0.41988E-03
 4979.43   0.48656E-03   0.44046E-03   0.41747E-03
 4993.03   0.48441E-03   0.43788E-03   0.41507E-03
 5006.64   0.48226E-03   0.43531E-03   0.41267E-03
 5020.24   0.48011E-03   0.43274E-03   0.41028E-03
 5033.85   0.47795E-03   0.43017E-03   0.40790E-03
 5047.45   0.47581E-03   0.42763E-03   0.40553E-03
 5061.06   0.47368E-03   0.42510E-03   0.40319E-03
 5074.66   0.47157E-03   0.42260E-03   0.40086E-03
 5088.27   0.46946E-03   0.42009E-03   0.39854E-03
 5101.87   0.46760E-03   0.41783E-03   0.39644E-03
 5115.48   0.46552E-03   0.41536E-03   0.39415E-03
 5129.08   0.46351E-03   0.41297E-03   0.39194E-03
 5142.69   0.46152E-03   0.41060E-03   0.38974E-03
 5156.29   0.45953E-03   0.40824E-03   0.38755E-03
 5169.90   0.45753E-03   0.40588E-03   0.38537E-03
 5183.50   0.45554E-03   0.40352E-03   0.38319E-03
 5197.11   0.45353E-03   0.40117E-03   0.38101E-03
 5210.71   0.45153E-03   0.39881E-03   0.37883E-03
 5224.32   0.44947E-03   0.39642E-03   0.37662E-03
 5237.92   0.44748E-03   0.39409E-03   0.37446E-03
 5251.53   0.44590E-03   0.39213E-03   0.37266E-03
 5265.13   0.44398E-03   0.38987E-03   0.37057E-03
 5278.74   0.44210E-03   0.38766E-03   0.36853E-03
 5292.34   0.44025E-03   0.38548E-03   0.36652E-03
 5305.95   0.43840E-03   0.38331E-03   0.36451E-03
 5319.55   0.43655E-03   0.38113E-03   0.36251E-03
 5333.16   0.43469E-03   0.37896E-03   0.36051E-03
 5346.76   0.43281E-03   0.37677E-03   0.35849E-03
 5360.37   0.43087E-03   0.37455E-03   0.35644E-03
 5373.97   0.42898E-03   0.37236E-03   0.35442E-03
 5387.58   0.42762E-03   0.37064E-03   0.35285E-03
 5401.18   0.42570E-03   0.36845E-03   0.35083E-03
 5414.79   0.42390E-03   0.36636E-03   0.34891E-03
 5428.39   0.42214E-03   0.36431E-03   0.34702E-03
 5442.00   0.42040E-03   0.36229E-03   0.34517E-03
 5455.60   0.41868E-03   0.36029E-03   0.34333E-03
 5469.21   0.41696E-03   0.35829E-03   0.34149E-03
 5482.81   0.41522E-03   0.35628E-03   0.33965E-03
 5496.42   0.41345E-03   0.35426E-03   0.33779E-03
 5510.02   0.41149E-03   0.35207E-03   0.33578E-03
 5523.63   0.41063E-03   0.35084E-03   0.33467E-03
 5537.23   0.40857E-03   0.34857E-03   0.33259E-03
 5550.84   0.40681E-03   0.34657E-03   0.33075E-03
 5564.44   0.40511E-03   0.34463E-03   0.32897E-03
 5578.05   0.40344E-03   0.34272E-03   0.32722E-03
 5591.65   0.40180E-03   0.34085E-03   0.32550E-03
 5605.26   0.40018E-03   0.33899E-03   0.32381E-03
 5618.86   0.39857E-03   0.33715E-03   0.32212E-03
 5632.47   0.39696E-03   0.33531E-03   0.32044E-03
 5646.07   0.39531E-03   0.33344E-03   0.31873E-03
 5659.68   0.39362E-03   0.33155E-03   0.31700E-03
 5673.28   0.39241E-03   0.33007E-03   0.31566E-03
 5686.89   0.39070E-03   0.32816E-03   0.31391E-03
 5700.49   0.38906E-03   0.32633E-03   0.31223E-03
 5714.10   0.38745E-03   0.32452E-03   0.31058E-03
 5727.70   0.38587E-03   0.32274E-03   0.30896E-03
 5741.31   0.38431E-03   0.32099E-03   0.30736E-03
 5754.91   0.38278E-03   0.31926E-03   0.30578E-03
 5768.52   0.38126E-03   0.31756E-03   0.30423E-03
 5782.12   0.37976E-03   0.31587E-03   0.30269E-03
 5795.73   0.37824E-03   0.31416E-03   0.30114E-03
 5809.33   0.37666E-03   0.31242E-03   0.29955E-03
 5822.94   0.37538E-03   0.31093E-03   0.29820E-03
 5836.54   0.37385E-03   0.30924E-03   0.29666E-03
 5850.15   0.37233E-03   0.30756E-03   0.29512E-03
 5863.75   0.37082E-03   0.30588E-03   0.29360E-03
 5877.36   0.36931E-03   0.30423E-03   0.29209E-03
 5890.96   0.36782E-03   0.30258E-03   0.29060E-03
 5904.57   0.36636E-03   0.30097E-03   0.28913E-03
 5918.17   0.36492E-03   0.29937E-03   0.28768E-03
 5931.78   0.36350E-03   0.29780E-03   0.28625E-03
 5945.38   0.36209E-03   0.29625E-03   0.28484E-03
 5958.99   0.36067E-03   0.29469E-03   0.28343E-03
 5972.59   0.35932E-03   0.29319E-03   0.28206E-03
 5986.20   0.35792E-03   0.29165E-03   0.28067E-03
 5999.80   0.35652E-03   0.29012E-03   0.27928E-03
 6013.41   0.35510E-03   0.28858E-03   0.27788E-03
 6027.01   0.35369E-03   0.28704E-03   0.27648E-03
 6040.62   0.35227E-03   0.28551E-03   0.27509E-03
 6054.22   0.35086E-03   0.28399E-03   0.27371E-03
 6067.83   0.34947E-03   0.28249E-03   0.27235E-03
 6081.43   0.34810E-03   0.28100E-03   0.27101E-03
 6095.04   0.34674E-03   0.27954E-03   0.26968E-03
 6108.64   0.34545E-03   0.27813E-03   0.26840E-03
 6122.25   0.34415E-03   0.27671E-03   0.26712E-03
 6135.85   0.34284E-03   0.27530E-03   0.26584E-03
 6149.46   0.34153E-03   0.27389E-03   0.26457E-03
 6163.06   0.34021E-03   0.27248E-03   0.26329E-03
 6176.67   0.33889E-03   0.27106E-03   0.26201E-03
 6190.27   0.33756E-03   0.26964E-03   0.26072E-03
 6203.88   0.33622E-03   0.26822E-03   0.25944E-03
 6217.48   0.33487E-03   0.26680E-03   0.25815E-03
 6231.09   0.33353E-03   0.26539E-03   0.25688E-03
 6244.69   0.33217E-03   0.26397E-03   0.25558E-03
 6258.30   0.33092E-03   0.26263E-03   0.25438E-03
 6271.90   0.32984E-03   0.26145E-03   0.25332E-03
 6285.51   0.32855E-03   0.26009E-03   0.25209E-03
 6299.11   0.32730E-03   0.25877E-03   0.25090E-03
 6312.72   0.32606E-03   0.25746E-03   0.24972E-03
 6326.32   0.32483E-03   0.25616E-03   0.24855E-03
 6339.93   0.32358E-03   0.25486E-03   0.24737E-03
 6353.53   0.32233E-03   0.25355E-03   0.24619E-03
 6367.14   0.32105E-03   0.25223E-03   0.24499E-03
 6380.74   0.31976E-03   0.25090E-03   0.24379E-03
 6394.35   0.31843E-03   0.24955E-03   0.24256E-03
 6407.95   0.31718E-03   0.24826E-03   0.24140E-03
 6421.56   0.31640E-03   0.24735E-03   0.24060E-03
 6435.16   0.31502E-03   0.24596E-03   0.23934E-03
 6448.77   0.31379E-03   0.24470E-03   0.23820E-03
 6462.37   0.31259E-03   0.24347E-03   0.23709E-03
 6475.98   0.31141E-03   0.24226E-03   0.23600E-03
 6489.58   0.31024E-03   0.24105E-03   0.23492E-03
 6503.19   0.30907E-03   0.23985E-03   0.23384E-03
 6516.79   0.30789E-03   0.23865E-03   0.23275E-03
 6530.40   0.30668E-03   0.23743E-03   0.23165E-03
 6544.00   0.30543E-03   0.23618E-03   0.23052E-03
 6557.61   0.30400E-03   0.23480E-03   0.22926E-03
 6571.21   0.30267E-03   0.23349E-03   0.22807E-03
 6584.82   0.30222E-03   0.23287E-03   0.22755E-03
 6598.42   0.30095E-03   0.23162E-03   0.22643E-03
 6612.03   0.29976E-03   0.23044E-03   0.22536E-03
 6625.63   0.29861E-03   0.22929E-03   0.22432E-03
 6639.24   0.29748E-03   0.22816E-03   0.22330E-03
 6652.84   0.29637E-03   0.22704E-03   0.22230E-03
 6666.45   0.29526E-03   0.22593E-03   0.22131E-03
 6680.05   0.29414E-03   0.22483E-03   0.22031E-03
 6693.66   0.29300E-03   0.22370E-03   0.21930E-03
 6707.26   0.29180E-03   0.22254E-03   0.21825E-03
 6720.87   0.29061E-03   0.22138E-03   0.21720E-03
 6734.47   0.29005E-03   0.22071E-03   0.21663E-03
 6748.08   0.28873E-03   0.21946E-03   0.21549E-03
 6761.68   0.28755E-03   0.21832E-03   0.21447E-03
 6775.29   0.28640E-03   0.21722E-03   0.21347E-03
 6788.89   0.28529E-03   0.21613E-03   0.21249E-03
 6802.50   0.28419E-03   0.21507E-03   0.21154E-03
 6816.10   0.28312E-03   0.21403E-03   0.21060E-03
 6829.71   0.28206E-03   0.21300E-03   0.20968E-03
 6843.31   0.28101E-03   0.21198E-03   0.20877E-03
 6856.92   0.27995E-03   0.21096E-03   0.20785E-03
 6870.52   0.27883E-03   0.20990E-03   0.20689E-03
 6884.13   0.27768E-03   0.20881E-03   0.20591E-03
 6897.73   0.27698E-03   0.20807E-03   0.20527E-03
 6911.34   0.27584E-03   0.20700E-03   0.20430E-03
 6924.94   0.27474E-03   0.20597E-03   0.20337E-03
 6938.55   0.27365E-03   0.20494E-03   0.20244E-03
 6952.15   0.27257E-03   0.20392E-03   0.20152E-03
 6965.76   0.27151E-03   0.20292E-03   0.20063E-03
 6979.36   0.27046E-03   0.20194E-03   0.19974E-03
 6992.97   0.26944E-03   0.20098E-03   0.19888E-03
 7006.57   0.26843E-03   0.20003E-03   0.19803E-03
 7020.18   0.26743E-03   0.19909E-03   0.19718E-03
 7033.78   0.26642E-03   0.19815E-03   0.19634E-03
 7047.39   0.26537E-03   0.19717E-03   0.19546E-03
 7060.99   0.26451E-03   0.19635E-03   0.19473E-03
 7074.60   0.26349E-03   0.19541E-03   0.19388E-03
 7088.20   0.26247E-03   0.19447E-03   0.19304E-03
 7101.81   0.26144E-03   0.19352E-03   0.19219E-03
 7115.41   0.26041E-03   0.19258E-03   0.19134E-03
 7129.02   0.25938E-03   0.19164E-03   0.19049E-03
 7142.62   0.25836E-03   0.19071E-03   0.18966E-03
 7156.23   0.25735E-03   0.18980E-03   0.18883E-03
 7169.83   0.25636E-03   0.18890E-03   0.18803E-03
 7183.44   0.25540E-03   0.18802E-03   0.18724E-03
 7197.04   0.25444E-03   0.18715E-03   0.18646E-03
 7210.65   0.25351E-03   0.18630E-03   0.18570E-03
 7224.25   0.25257E-03   0.18545E-03   0.18493E-03
 7237.86   0.25163E-03   0.18460E-03   0.18417E-03
 7251.46   0.25068E-03   0.18374E-03   0.18341E-03
 7265.07   0.24972E-03   0.18288E-03   0.18263E-03
 7278.67   0.24874E-03   0.18202E-03   0.18186E-03
 7292.28   0.24776E-03   0.18115E-03   0.18107E-03
 7305.88   0.24677E-03   0.18028E-03   0.18029E-03
 7319.49   0.24579E-03   0.17941E-03   0.17950E-03
 7333.09   0.24481E-03   0.17855E-03   0.17873E-03
 7346.70   0.24383E-03   0.17770E-03   0.17796E-03
 7360.30   0.24285E-03   0.17684E-03   0.17719E-03
 7373.91   0.24198E-03   0.17607E-03   0.17650E-03
 7387.51   0.24116E-03   0.17533E-03   0.17585E-03
 7401.12   0.24023E-03   0.17453E-03   0.17512E-03
 7414.72   0.23932E-03   0.17374E-03   0.17441E-03
 7428.33   0.23842E-03   0.17295E-03   0.17371E-03
 7441.93   0.23751E-03   0.17216E-03   0.17300E-03
 7455.54   0.23658E-03   0.17137E-03   0.17228E-03
 7469.14   0.23564E-03   0.17056E-03   0.17156E-03
 7482.75   0.23469E-03   0.16975E-03   0.17083E-03
 7496.35   0.23373E-03   0.16894E-03   0.17009E-03
 7509.96   0.23276E-03   0.16812E-03   0.16935E-03
 7523.56   0.23174E-03   0.16727E-03   0.16858E-03
 7537.17   0.23087E-03   0.16653E-03   0.16791E-03
 7550.77   0.23030E-03   0.16601E-03   0.16747E-03
 7564.38   0.22930E-03   0.16518E-03   0.16671E-03
 7577.98   0.22839E-03   0.16442E-03   0.16603E-03
 7591.59   0.22751E-03   0.16368E-03   0.16536E-03
 7605.19   0.22664E-03   0.16295E-03   0.16471E-03
 7618.80   0.22577E-03   0.16222E-03   0.16405E-03
 7632.40   0.22489E-03   0.16149E-03   0.16340E-03
 7646.01   0.22400E-03   0.16075E-03   0.16273E-03
 7659.61   0.22308E-03   0.16000E-03   0.16205E-03
 7673.22   0.22215E-03   0.15924E-03   0.16136E-03
 7686.82   0.22116E-03   0.15844E-03   0.16063E-03
 7700.43   0.21986E-03   0.15742E-03   0.15968E-03
 7714.03   0.22014E-03   0.15754E-03   0.15988E-03
 7727.64   0.21885E-03   0.15653E-03   0.15893E-03
 7741.24   0.21790E-03   0.15576E-03   0.15823E-03
 7754.85   0.21700E-03   0.15504E-03   0.15758E-03
 7768.45   0.21614E-03   0.15435E-03   0.15695E-03
 7782.06   0.21530E-03   0.15367E-03   0.15634E-03
 7795.66   0.21446E-03   0.15300E-03   0.15574E-03
 7809.27   0.21362E-03   0.15233E-03   0.15513E-03
 7822.87   0.21277E-03   0.15165E-03   0.15452E-03
 7836.48   0.21190E-03   0.15096E-03   0.15390E-03
 7850.08   0.21100E-03   0.15025E-03   0.15325E-03
 7863.69   0.20999E-03   0.14946E-03   0.15253E-03
 7877.29   0.20909E-03   0.14876E-03   0.15188E-03
 7890.90   0.20886E-03   0.14854E-03   0.15173E-03
 7904.50   0.20782E-03   0.14774E-03   0.15100E-03
 7918.11   0.20691E-03   0.14703E-03   0.15035E-03
 7931.71   0.20603E-03   0.14635E-03   0.14973E-03
 7945.32   0.20519E-03   0.14570E-03   0.14914E-03
 7958.92   0.20436E-03   0.14505E-03   0.14856E-03
 7972.53   0.20355E-03   0.14443E-03   0.14799E-03
 7986.13   0.20274E-03   0.14381E-03   0.14743E-03
 7999.74   0.20194E-03   0.14319E-03   0.14687E-03
 8013.34   0.20112E-03   0.14256E-03   0.14631E-03
 8026.95   0.20027E-03   0.14192E-03   0.14572E-03
 8040.55   0.19926E-03   0.14116E-03   0.14501E-03
 8054.16   0.19834E-03   0.14047E-03   0.14438E-03
 8067.76   0.19810E-03   0.14026E-03   0.14424E-03
 8081.37   0.19719E-03   0.13958E-03   0.14361E-03
 8094.97   0.19632E-03   0.13893E-03   0.14301E-03
 8108.58   0.19547E-03   0.13829E-03   0.14243E-03
 8122.18   0.19463E-03   0.13767E-03   0.14186E-03
 8135.79   0.19382E-03   0.13706E-03   0.14131E-03
 8149.39   0.19302E-03   0.13647E-03   0.14077E-03
 8163.00   0.19224E-03   0.13589E-03   0.14024E-03
 8176.60   0.19147E-03   0.13532E-03   0.13973E-03
 8190.21   0.19070E-03   0.13475E-03   0.13921E-03
 8203.81   0.18992E-03   0.13417E-03   0.13869E-03
 8217.42   0.18902E-03   0.13352E-03   0.13809E-03
 8231.02   0.18864E-03   0.13323E-03   0.13786E-03
 8244.63   0.18773E-03   0.13257E-03   0.13725E-03
 8258.23   0.18692E-03   0.13198E-03   0.13670E-03
 8271.84   0.18610E-03   0.13139E-03   0.13616E-03
 8285.44   0.18529E-03   0.13080E-03   0.13562E-03
 8299.05   0.18448E-03   0.13022E-03   0.13509E-03
 8312.65   0.18368E-03   0.12964E-03   0.13456E-03
 8326.26   0.18290E-03   0.12908E-03   0.13404E-03
 8339.86   0.18212E-03   0.12853E-03   0.13354E-03
 8353.47   0.18137E-03   0.12799E-03   0.13305E-03
 8367.07   0.18063E-03   0.12746E-03   0.13257E-03
 8380.68   0.17990E-03   0.12694E-03   0.13209E-03
 8394.28   0.17916E-03   0.12642E-03   0.13162E-03
 8407.89   0.17847E-03   0.12593E-03   0.13118E-03
 8421.49   0.17774E-03   0.12541E-03   0.13070E-03
 8435.10   0.17700E-03   0.12489E-03   0.13023E-03
 8448.70   0.17625E-03   0.12436E-03   0.12975E-03
 8462.31   0.17549E-03   0.12383E-03   0.12926E-03
 8475.91   0.17472E-03   0.12330E-03   0.12877E-03
 8489.52   0.17395E-03   0.12276E-03   0.12827E-03
 8503.12   0.17318E-03   0.12222E-03   0.12778E-03
 8516.73   0.17242E-03   0.12169E-03   0.12729E-03
 8530.33   0.17167E-03   0.12117E-03   0.12681E-03
 8543.94   0.17093E-03   0.12066E-03   0.12634E-03
 8557.54   0.17020E-03   0.12016E-03   0.12588E-03
 8571.15   0.16947E-03   0.11966E-03   0.12542E-03
 8584.75   0.16885E-03   0.11924E-03   0.12504E-03
 8598.36   0.16814E-03   0.11875E-03   0.12459E-03
 8611.96   0.16744E-03   0.11828E-03   0.12416E-03
 8625.57   0.16675E-03   0.11781E-03   0.12373E-03
 8639.17   0.16604E-03   0.11733E-03   0.12329E-03
 8652.78   0.16533E-03   0.11684E-03   0.12284E-03
 8666.38   0.16460E-03   0.11635E-03   0.12239E-03
 8679.99   0.16387E-03   0.11586E-03   0.12193E-03
 8693.59   0.16312E-03   0.11536E-03   0.12146E-03
 8707.20   0.16238E-03   0.11486E-03   0.12100E-03
 8720.80   0.16164E-03   0.11436E-03   0.12053E-03
 8734.41   0.16089E-03   0.11386E-03   0.12007E-03
 8748.01   0.16007E-03   0.11331E-03   0.11955E-03
 8761.62   0.15949E-03   0.11293E-03   0.11921E-03
 8775.22   0.15899E-03   0.11260E-03   0.11892E-03
 8788.83   0.15828E-03   0.11213E-03   0.11849E-03
 8802.43   0.15760E-03   0.11169E-03   0.11808E-03
 8816.04   0.15693E-03   0.11125E-03   0.11767E-03
 8829.64   0.15627E-03   0.11081E-03   0.11727E-03
 8843.25   0.15559E-03   0.11037E-03   0.11686E-03
 8856.85   0.15491E-03   0.10993E-03   0.11645E-03
 8870.46   0.15421E-03   0.10947E-03   0.11602E-03
 8884.06   0.15349E-03   0.10900E-03   0.11559E-03
 8897.67   0.15277E-03   0.10853E-03   0.11514E-03
 8911.27   0.15202E-03   0.10804E-03   0.11468E-03
 8924.88   0.15119E-03   0.10750E-03   0.11416E-03
 8938.48   0.15058E-03   0.10711E-03   0.11380E-03
 8952.09   0.15034E-03   0.10698E-03   0.11373E-03
 8965.69   0.14954E-03   0.10646E-03   0.11322E-03
 8979.30   0.14884E-03   0.10601E-03   0.11280E-03
 8992.90   0.14818E-03   0.10559E-03   0.11241E-03
 9006.51   0.14753E-03   0.10518E-03   0.11203E-03
 9020.11   0.14689E-03   0.10478E-03   0.11165E-03
 9033.72   0.14625E-03   0.10437E-03   0.11128E-03
 9047.32   0.14560E-03   0.10397E-03   0.11090E-03
 9060.93   0.14495E-03   0.10355E-03   0.11051E-03
 9074.53   0.14427E-03   0.10312E-03   0.11011E-03
 9088.14   0.14357E-03   0.10268E-03   0.10969E-03
 9101.74   0.14281E-03   0.10219E-03   0.10922E-03
 9115.35   0.14170E-03   0.10146E-03   0.10849E-03
 9128.95   0.14237E-03   0.10200E-03   0.10912E-03
 9142.56   0.14123E-03   0.10125E-03   0.10837E-03
 9156.16   0.14049E-03   0.10077E-03   0.10791E-03
 9169.77   0.13980E-03   0.10035E-03   0.10751E-03
 9183.37   0.13915E-03   0.99942E-04   0.10712E-03
 9196.98   0.13852E-03   0.99553E-04   0.10676E-03
 9210.58   0.13790E-03   0.99175E-04   0.10640E-03
 9224.19   0.13729E-03   0.98803E-04   0.10606E-03
 9237.79   0.13668E-03   0.98432E-04   0.10571E-03
 9251.40   0.13606E-03   0.98057E-04   0.10535E-03
 9265.00   0.13543E-03   0.97671E-04   0.10499E-03
 9278.61   0.13476E-03   0.97264E-04   0.10460E-03
 9292.21   0.13401E-03   0.96793E-04   0.10414E-03
 9305.82   0.13337E-03   0.96404E-04   0.10377E-03
 9319.42   0.13334E-03   0.96455E-04   0.10388E-03
 9333.03   0.13251E-03   0.95931E-04   0.10336E-03
 9346.63   0.13181E-03   0.95502E-04   0.10295E-03
 9360.24   0.13114E-03   0.95099E-04   0.10256E-03
 9373.84   0.13050E-03   0.94713E-04   0.10219E-03
 9387.45   0.12988E-03   0.94341E-04   0.10184E-03
 9401.05   0.12928E-03   0.93981E-04   0.10150E-03
 9414.66   0.12868E-03   0.93631E-04   0.10117E-03
 9428.26   0.12810E-03   0.93289E-04   0.10084E-03
 9441.87   0.12752E-03   0.92948E-04   0.10052E-03
 9455.47   0.12693E-03   0.92605E-04   0.10019E-03
 9469.08   0.12632E-03   0.92247E-04   0.99852E-04
 9482.68   0.12563E-03   0.91830E-04   0.99446E-04
 9496.29   0.12500E-03   0.91458E-04   0.99087E-04
 9509.89   0.12480E-03   0.91399E-04   0.99069E-04
 9523.50   0.12412E-03   0.90987E-04   0.98666E-04
 9537.10   0.12348E-03   0.90607E-04   0.98298E-04
 9550.71   0.12285E-03   0.90237E-04   0.97940E-04
 9564.31   0.12223E-03   0.89873E-04   0.97589E-04
 9577.92   0.12162E-03   0.89517E-04   0.97245E-04
 9591.52   0.12102E-03   0.89171E-04   0.96912E-04
 9605.13   0.12044E-03   0.88835E-04   0.96590E-04
 9618.73   0.11987E-03   0.88509E-04   0.96278E-04
 9632.34   0.11931E-03   0.88193E-04   0.95975E-04
 9645.94   0.11876E-03   0.87881E-04   0.95678E-04
 9659.55   0.11820E-03   0.87570E-04   0.95381E-04
 9673.15   0.11762E-03   0.87239E-04   0.95062E-04
 9686.76   0.11703E-03   0.86900E-04   0.94733E-04
 9700.36   0.11664E-03   0.86706E-04   0.94562E-04
 9713.97   0.11606E-03   0.86376E-04   0.94242E-04
 9727.57   0.11548E-03   0.86048E-04   0.93924E-04
 9741.18   0.11490E-03   0.85717E-04   0.93603E-04
 9754.78   0.11431E-03   0.85384E-04   0.93278E-04
 9768.39   0.11373E-03   0.85051E-04   0.92953E-04
 9781.99   0.11315E-03   0.84720E-04   0.92631E-04
 9795.60   0.11257E-03   0.84396E-04   0.92315E-04
 9809.20   0.11201E-03   0.84079E-04   0.92007E-04
 9822.81   0.11146E-03   0.83772E-04   0.91709E-04
 9836.41   0.11092E-03   0.83475E-04   0.91421E-04
 9850.02   0.11039E-03   0.83187E-04   0.91143E-04
 9863.62   0.10987E-03   0.82906E-04   0.90873E-04
 9877.23   0.10936E-03   0.82628E-04   0.90604E-04
 9890.83   0.10885E-03   0.82353E-04   0.90339E-04
 9904.44   0.10833E-03   0.82075E-04   0.90070E-04
 9918.04   0.10781E-03   0.81792E-04   0.89796E-04
 9931.65   0.10728E-03   0.81503E-04   0.89514E-04
 9945.25   0.10674E-03   0.81207E-04   0.89225E-04
 9958.86   0.10620E-03   0.80905E-04   0.88929E-04
 9972.46   0.10564E-03   0.80599E-04   0.88627E-04
 9986.07   0.10509E-03   0.80292E-04   0.88324E-04
 9999.67   0.10454E-03   0.79986E-04   0.88021E-04
