  408.15   0.75011E-01   0.76692E-01   0.76439E-01
  421.75   0.73151E-01   0.74841E-01   0.74604E-01
  435.36   0.71353E-01   0.73052E-01   0.72828E-01
  448.96   0.69617E-01   0.71323E-01   0.71112E-01
  462.57   0.67944E-01   0.69657E-01   0.69456E-01
  476.17   0.66331E-01   0.68050E-01   0.67859E-01
  489.78   0.64777E-01   0.66501E-01   0.66319E-01
  503.38   0.63277E-01   0.65006E-01   0.64831E-01
  516.99   0.61827E-01   0.63560E-01   0.63392E-01
  530.59   0.60424E-01   0.62161E-01   0.61998E-01
  544.20   0.59065E-01   0.60804E-01   0.60646E-01
  557.80   0.57747E-01   0.59488E-01   0.59335E-01
  571.41   0.56470E-01   0.58212E-01   0.58063E-01
  585.01   0.55233E-01   0.56976E-01   0.56830E-01
  598.62   0.54036E-01   0.55779E-01   0.55635E-01
  612.22   0.52878E-01   0.54620E-01   0.54478E-01
  625.83   0.51757E-01   0.53498E-01   0.53358E-01
  639.43   0.50672E-01   0.52412E-01   0.52273E-01
  653.04   0.49620E-01   0.51359E-01   0.51220E-01
  666.64   0.48601E-01   0.50337E-01   0.50199E-01
  680.25   0.47611E-01   0.49345E-01   0.49208E-01
  693.85   0.46650E-01   0.48381E-01   0.48243E-01
  707.46   0.45716E-01   0.47444E-01   0.47306E-01
  721.06   0.44808E-01   0.46533E-01   0.46394E-01
  734.67   0.43927E-01   0.45648E-01   0.45507E-01
  748.27   0.43069E-01   0.44787E-01   0.44645E-01
  761.88   0.42237E-01   0.43950E-01   0.43807E-01
  775.48   0.41429E-01   0.43137E-01   0.42993E-01
  789.09   0.40644E-01   0.42348E-01   0.42201E-01
  802.69   0.39881E-01   0.41580E-01   0.41432E-01
  816.30   0.39139E-01   0.40834E-01   0.40683E-01
  829.90   0.38418E-01   0.40107E-01   0.39955E-01
  843.51   0.37716E-01   0.39400E-01   0.39245E-01
  857.11   0.37032E-01   0.38711E-01   0.38554E-01
  870.72   0.36366E-01   0.38039E-01   0.37879E-01
  884.32   0.35717E-01   0.37384E-01   0.37222E-01
  897.93   0.35085E-01   0.36746E-01   0.36581E-01
  911.53   0.34469E-01   0.36123E-01   0.35956E-01
  925.14   0.33868E-01   0.35516E-01   0.35346E-01
  938.74   0.33283E-01   0.34925E-01   0.34752E-01
  952.35   0.32713E-01   0.34348E-01   0.34172E-01
  965.95   0.32158E-01   0.33786E-01   0.33608E-01
  979.56   0.31617E-01   0.33238E-01   0.33057E-01
  993.16   0.31090E-01   0.32703E-01   0.32519E-01
 1006.77   0.30575E-01   0.32181E-01   0.31994E-01
 1020.37   0.30074E-01   0.31672E-01   0.31483E-01
 1033.98   0.29584E-01   0.31174E-01   0.30982E-01
 1047.58   0.29106E-01   0.30688E-01   0.30493E-01
 1061.19   0.28639E-01   0.30213E-01   0.30015E-01
 1074.79   0.28182E-01   0.29749E-01   0.29548E-01
 1088.40   0.27737E-01   0.29295E-01   0.29092E-01
 1102.00   0.27301E-01   0.28852E-01   0.28645E-01
 1115.61   0.26876E-01   0.28418E-01   0.28209E-01
 1129.21   0.26461E-01   0.27994E-01   0.27782E-01
 1142.82   0.26055E-01   0.27580E-01   0.27365E-01
 1156.42   0.25658E-01   0.27175E-01   0.26957E-01
 1170.03   0.25271E-01   0.26778E-01   0.26558E-01
 1183.63   0.24892E-01   0.26391E-01   0.26168E-01
 1197.24   0.24522E-01   0.26012E-01   0.25787E-01
 1210.84   0.24160E-01   0.25641E-01   0.25413E-01
 1224.45   0.23806E-01   0.25278E-01   0.25048E-01
 1238.05   0.23459E-01   0.24923E-01   0.24690E-01
 1251.66   0.23120E-01   0.24575E-01   0.24339E-01
 1265.26   0.22788E-01   0.24234E-01   0.23996E-01
 1278.87   0.22463E-01   0.23900E-01   0.23659E-01
 1292.47   0.22145E-01   0.23573E-01   0.23330E-01
 1306.08   0.21833E-01   0.23252E-01   0.23007E-01
 1319.68   0.21528E-01   0.22938E-01   0.22690E-01
 1333.29   0.21229E-01   0.22630E-01   0.22380E-01
 1346.89   0.20936E-01   0.22328E-01   0.22076E-01
 1360.50   0.20650E-01   0.22033E-01   0.21778E-01
 1374.10   0.20369E-01   0.21743E-01   0.21486E-01
 1387.71   0.20095E-01   0.21459E-01   0.21200E-01
 1401.31   0.19825E-01   0.21180E-01   0.20919E-01
 1414.92   0.19561E-01   0.20907E-01   0.20643E-01
 1428.52   0.19303E-01   0.20639E-01   0.20374E-01
 1442.13   0.19050E-01   0.20377E-01   0.20109E-01
 1455.73   0.18801E-01   0.20119E-01   0.19850E-01
 1469.34   0.18558E-01   0.19866E-01   0.19595E-01
 1482.94   0.18318E-01   0.19617E-01   0.19344E-01
 1496.55   0.18085E-01   0.19374E-01   0.19099E-01
 1510.15   0.17855E-01   0.19135E-01   0.18858E-01
 1523.76   0.17629E-01   0.18900E-01   0.18621E-01
 1537.36   0.17408E-01   0.18669E-01   0.18388E-01
 1550.97   0.17191E-01   0.18442E-01   0.18160E-01
 1564.57   0.16977E-01   0.18219E-01   0.17935E-01
 1578.18   0.16769E-01   0.18001E-01   0.17716E-01
 1591.78   0.16564E-01   0.17787E-01   0.17499E-01
 1605.39   0.16363E-01   0.17576E-01   0.17287E-01
 1618.99   0.16166E-01   0.17369E-01   0.17079E-01
 1632.60   0.15972E-01   0.17165E-01   0.16874E-01
 1646.20   0.15782E-01   0.16966E-01   0.16673E-01
 1659.81   0.15595E-01   0.16769E-01   0.16475E-01
 1673.41   0.15411E-01   0.16576E-01   0.16280E-01
 1687.02   0.15231E-01   0.16387E-01   0.16089E-01
 1700.62   0.15054E-01   0.16200E-01   0.15902E-01
 1714.23   0.14881E-01   0.16017E-01   0.15717E-01
 1727.83   0.14710E-01   0.15837E-01   0.15536E-01
 1741.44   0.14542E-01   0.15659E-01   0.15357E-01
 1755.04   0.14377E-01   0.15484E-01   0.15181E-01
 1768.65   0.14215E-01   0.15313E-01   0.15008E-01
 1782.25   0.14056E-01   0.15144E-01   0.14838E-01
 1795.86   0.13899E-01   0.14978E-01   0.14671E-01
 1809.46   0.13745E-01   0.14814E-01   0.14507E-01
 1823.07   0.13594E-01   0.14654E-01   0.14345E-01
 1836.67   0.13445E-01   0.14495E-01   0.14186E-01
 1850.28   0.13299E-01   0.14340E-01   0.14029E-01
 1863.88   0.13155E-01   0.14186E-01   0.13875E-01
 1877.49   0.13014E-01   0.14036E-01   0.13724E-01
 1891.09   0.12875E-01   0.13887E-01   0.13575E-01
 1904.70   0.12738E-01   0.13741E-01   0.13428E-01
 1918.30   0.12604E-01   0.13598E-01   0.13284E-01
 1931.91   0.12472E-01   0.13456E-01   0.13141E-01
 1945.51   0.12341E-01   0.13317E-01   0.13001E-01
 1959.12   0.12213E-01   0.13179E-01   0.12863E-01
 1972.72   0.12088E-01   0.13045E-01   0.12728E-01
 1986.33   0.11963E-01   0.12911E-01   0.12594E-01
 1999.93   0.11841E-01   0.12780E-01   0.12462E-01
 2013.54   0.11721E-01   0.12651E-01   0.12332E-01
 2027.14   0.11603E-01   0.12523E-01   0.12204E-01
 2040.75   0.11487E-01   0.12397E-01   0.12078E-01
 2054.35   0.11371E-01   0.12273E-01   0.11953E-01
 2067.96   0.11260E-01   0.12152E-01   0.11832E-01
 2081.56   0.11149E-01   0.12032E-01   0.11711E-01
 2095.17   0.11039E-01   0.11914E-01   0.11593E-01
 2108.77   0.10932E-01   0.11797E-01   0.11476E-01
 2122.38   0.10826E-01   0.11682E-01   0.11360E-01
 2135.98   0.10721E-01   0.11568E-01   0.11246E-01
 2149.59   0.10620E-01   0.11458E-01   0.11136E-01
 2163.19   0.10518E-01   0.11347E-01   0.11025E-01
 2176.80   0.10419E-01   0.11239E-01   0.10916E-01
 2190.40   0.10321E-01   0.11132E-01   0.10809E-01
 2204.01   0.10224E-01   0.11026E-01   0.10703E-01
 2217.61   0.10129E-01   0.10922E-01   0.10599E-01
 2231.22   0.10035E-01   0.10819E-01   0.10496E-01
 2244.82   0.99432E-02   0.10719E-01   0.10395E-01
 2258.43   0.98519E-02   0.10618E-01   0.10295E-01
 2272.03   0.97621E-02   0.10520E-01   0.10196E-01
 2285.64   0.96736E-02   0.10422E-01   0.10099E-01
 2299.24   0.95865E-02   0.10327E-01   0.10003E-01
 2312.85   0.95007E-02   0.10232E-01   0.99086E-02
 2326.45   0.94157E-02   0.10138E-01   0.98149E-02
 2340.06   0.93329E-02   0.10047E-01   0.97234E-02
 2353.66   0.92505E-02   0.99556E-02   0.96325E-02
 2367.27   0.91693E-02   0.98657E-02   0.95427E-02
 2380.87   0.90892E-02   0.97770E-02   0.94542E-02
 2394.48   0.90104E-02   0.96896E-02   0.93669E-02
 2408.08   0.89328E-02   0.96034E-02   0.92809E-02
 2421.69   0.88562E-02   0.95184E-02   0.91961E-02
 2435.29   0.87808E-02   0.94345E-02   0.91124E-02
 2448.90   0.87063E-02   0.93516E-02   0.90297E-02
 2462.50   0.86328E-02   0.92696E-02   0.89480E-02
 2476.11   0.85602E-02   0.91886E-02   0.88672E-02
 2489.71   0.84885E-02   0.91086E-02   0.87875E-02
 2503.32   0.84179E-02   0.90296E-02   0.87089E-02
 2516.92   0.83485E-02   0.89519E-02   0.86315E-02
 2530.53   0.82799E-02   0.88752E-02   0.85551E-02
 2544.13   0.82123E-02   0.87993E-02   0.84796E-02
 2557.74   0.81454E-02   0.87243E-02   0.84050E-02
 2571.34   0.80794E-02   0.86500E-02   0.83312E-02
 2584.95   0.80141E-02   0.85766E-02   0.82582E-02
 2598.55   0.79496E-02   0.85040E-02   0.81861E-02
 2612.16   0.78859E-02   0.84322E-02   0.81147E-02
 2625.76   0.78240E-02   0.83624E-02   0.80453E-02
 2639.37   0.77622E-02   0.82926E-02   0.79760E-02
 2652.97   0.77013E-02   0.82238E-02   0.79077E-02
 2666.58   0.76411E-02   0.81557E-02   0.78401E-02
 2680.18   0.75816E-02   0.80883E-02   0.77733E-02
 2693.79   0.75228E-02   0.80216E-02   0.77071E-02
 2707.39   0.74640E-02   0.79549E-02   0.76411E-02
 2721.00   0.74085E-02   0.78917E-02   0.75784E-02
 2734.60   0.73516E-02   0.78270E-02   0.75143E-02
 2748.21   0.72958E-02   0.77636E-02   0.74514E-02
 2761.81   0.72409E-02   0.77010E-02   0.73894E-02
 2775.42   0.71866E-02   0.76390E-02   0.73281E-02
 2789.02   0.71330E-02   0.75777E-02   0.72675E-02
 2802.63   0.70796E-02   0.75168E-02   0.72072E-02
 2816.23   0.70269E-02   0.74564E-02   0.71475E-02
 2829.84   0.69764E-02   0.73984E-02   0.70901E-02
 2843.44   0.69250E-02   0.73395E-02   0.70320E-02
 2857.05   0.68745E-02   0.72816E-02   0.69747E-02
 2870.65   0.68248E-02   0.72244E-02   0.69182E-02
 2884.26   0.67757E-02   0.71678E-02   0.68624E-02
 2897.86   0.67271E-02   0.71118E-02   0.68072E-02
 2911.47   0.66786E-02   0.70559E-02   0.67520E-02
 2925.07   0.66326E-02   0.70026E-02   0.66994E-02
 2938.68   0.65851E-02   0.69478E-02   0.66455E-02
 2952.28   0.65386E-02   0.68940E-02   0.65924E-02
 2965.89   0.64927E-02   0.68409E-02   0.65401E-02
 2979.49   0.64475E-02   0.67885E-02   0.64885E-02
 2993.10   0.64029E-02   0.67367E-02   0.64375E-02
 3006.70   0.63589E-02   0.66855E-02   0.63872E-02
 3020.31   0.63151E-02   0.66346E-02   0.63371E-02
 3033.91   0.62726E-02   0.65851E-02   0.62884E-02
 3047.52   0.62299E-02   0.65352E-02   0.62394E-02
 3061.12   0.61876E-02   0.64859E-02   0.61910E-02
 3074.73   0.61458E-02   0.64371E-02   0.61431E-02
 3088.33   0.61046E-02   0.63889E-02   0.60958E-02
 3101.94   0.60639E-02   0.63413E-02   0.60491E-02
 3115.54   0.60238E-02   0.62943E-02   0.60030E-02
 3129.15   0.59841E-02   0.62478E-02   0.59574E-02
 3142.75   0.59450E-02   0.62019E-02   0.59124E-02
 3156.36   0.59062E-02   0.61563E-02   0.58677E-02
 3169.96   0.58677E-02   0.61110E-02   0.58234E-02
 3183.57   0.58295E-02   0.60661E-02   0.57794E-02
 3197.17   0.57918E-02   0.60217E-02   0.57359E-02
 3210.78   0.57545E-02   0.59777E-02   0.56930E-02
 3224.38   0.57177E-02   0.59343E-02   0.56505E-02
 3237.99   0.56814E-02   0.58915E-02   0.56086E-02
 3251.59   0.56456E-02   0.58492E-02   0.55673E-02
 3265.20   0.56101E-02   0.58072E-02   0.55263E-02
 3278.80   0.55750E-02   0.57656E-02   0.54857E-02
 3292.41   0.55401E-02   0.57242E-02   0.54454E-02
 3306.01   0.55055E-02   0.56833E-02   0.54054E-02
 3319.62   0.54712E-02   0.56426E-02   0.53658E-02
 3333.22   0.54372E-02   0.56023E-02   0.53265E-02
 3346.83   0.54037E-02   0.55625E-02   0.52878E-02
 3360.43   0.53714E-02   0.55240E-02   0.52502E-02
 3374.04   0.53387E-02   0.54850E-02   0.52123E-02
 3387.64   0.53064E-02   0.54466E-02   0.51750E-02
 3401.25   0.52745E-02   0.54085E-02   0.51379E-02
 3414.85   0.52428E-02   0.53707E-02   0.51012E-02
 3428.46   0.52113E-02   0.53332E-02   0.50647E-02
 3442.06   0.51800E-02   0.52958E-02   0.50285E-02
 3455.67   0.51484E-02   0.52582E-02   0.49920E-02
 3469.27   0.51201E-02   0.52240E-02   0.49587E-02
 3482.88   0.50893E-02   0.51872E-02   0.49231E-02
 3496.48   0.50595E-02   0.51515E-02   0.48884E-02
 3510.09   0.50301E-02   0.51162E-02   0.48543E-02
 3523.69   0.50010E-02   0.50813E-02   0.48205E-02
 3537.30   0.49721E-02   0.50466E-02   0.47869E-02
 3550.90   0.49434E-02   0.50121E-02   0.47535E-02
 3564.51   0.49145E-02   0.49776E-02   0.47201E-02
 3578.11   0.48851E-02   0.49424E-02   0.46861E-02
 3591.72   0.48598E-02   0.49115E-02   0.46562E-02
 3605.32   0.48320E-02   0.48780E-02   0.46239E-02
 3618.93   0.48047E-02   0.48451E-02   0.45921E-02
 3632.53   0.47778E-02   0.48126E-02   0.45607E-02
 3646.14   0.47512E-02   0.47805E-02   0.45298E-02
 3659.74   0.47248E-02   0.47487E-02   0.44991E-02
 3673.35   0.46986E-02   0.47170E-02   0.44685E-02
 3686.95   0.46718E-02   0.46847E-02   0.44374E-02
 3700.56   0.46485E-02   0.46560E-02   0.44097E-02
 3714.16   0.46222E-02   0.46243E-02   0.43792E-02
 3727.77   0.45967E-02   0.45935E-02   0.43496E-02
 3741.37   0.45717E-02   0.45631E-02   0.43204E-02
 3754.98   0.45469E-02   0.45331E-02   0.42916E-02
 3768.58   0.45226E-02   0.45035E-02   0.42631E-02
 3782.19   0.44985E-02   0.44741E-02   0.42349E-02
 3795.79   0.44745E-02   0.44450E-02   0.42069E-02
 3809.40   0.44504E-02   0.44158E-02   0.41789E-02
 3823.00   0.44280E-02   0.43881E-02   0.41524E-02
 3836.61   0.44043E-02   0.43594E-02   0.41249E-02
 3850.21   0.43810E-02   0.43310E-02   0.40977E-02
 3863.82   0.43579E-02   0.43029E-02   0.40707E-02
 3877.42   0.43351E-02   0.42751E-02   0.40441E-02
 3891.03   0.43126E-02   0.42476E-02   0.40179E-02
 3904.63   0.42905E-02   0.42205E-02   0.39919E-02
 3918.24   0.42685E-02   0.41937E-02   0.39662E-02
 3931.84   0.42466E-02   0.41669E-02   0.39406E-02
 3945.45   0.42254E-02   0.41408E-02   0.39157E-02
 3959.05   0.42039E-02   0.41145E-02   0.38906E-02
 3972.66   0.41825E-02   0.40883E-02   0.38656E-02
 3986.26   0.41612E-02   0.40623E-02   0.38408E-02
 3999.87   0.41401E-02   0.40365E-02   0.38162E-02
 4013.47   0.41192E-02   0.40109E-02   0.37919E-02
 4027.08   0.40987E-02   0.39857E-02   0.37679E-02
 4040.68   0.40783E-02   0.39608E-02   0.37441E-02
 4054.29   0.40583E-02   0.39362E-02   0.37207E-02
 4067.89   0.40384E-02   0.39117E-02   0.36975E-02
 4081.50   0.40187E-02   0.38875E-02   0.36744E-02
 4095.10   0.39991E-02   0.38634E-02   0.36515E-02
 4108.71   0.39795E-02   0.38393E-02   0.36287E-02
 4122.31   0.39600E-02   0.38154E-02   0.36060E-02
 4135.92   0.39406E-02   0.37917E-02   0.35834E-02
 4149.52   0.39213E-02   0.37681E-02   0.35611E-02
 4163.13   0.39022E-02   0.37447E-02   0.35389E-02
 4176.73   0.38835E-02   0.37217E-02   0.35171E-02
 4190.34   0.38656E-02   0.36995E-02   0.34960E-02
 4203.94   0.38472E-02   0.36768E-02   0.34746E-02
 4217.55   0.38290E-02   0.36545E-02   0.34535E-02
 4231.15   0.38109E-02   0.36323E-02   0.34325E-02
 4244.76   0.37929E-02   0.36101E-02   0.34115E-02
 4258.36   0.37749E-02   0.35881E-02   0.33907E-02
 4271.97   0.37570E-02   0.35661E-02   0.33699E-02
 4285.57   0.37390E-02   0.35441E-02   0.33492E-02
 4299.18   0.37213E-02   0.35224E-02   0.33287E-02
 4312.78   0.37055E-02   0.35026E-02   0.33100E-02
 4326.39   0.36878E-02   0.34811E-02   0.32897E-02
 4339.99   0.36708E-02   0.34601E-02   0.32700E-02
 4353.60   0.36540E-02   0.34395E-02   0.32505E-02
 4367.20   0.36373E-02   0.34190E-02   0.32313E-02
 4380.81   0.36207E-02   0.33986E-02   0.32121E-02
 4394.41   0.36041E-02   0.33782E-02   0.31929E-02
 4408.02   0.35874E-02   0.33578E-02   0.31737E-02
 4421.62   0.35701E-02   0.33369E-02   0.31540E-02
 4435.23   0.35579E-02   0.33208E-02   0.31389E-02
 4448.83   0.35398E-02   0.32991E-02   0.31186E-02
 4462.44   0.35235E-02   0.32793E-02   0.31000E-02
 4476.04   0.35077E-02   0.32599E-02   0.30818E-02
 4489.65   0.34921E-02   0.32408E-02   0.30638E-02
 4503.25   0.34767E-02   0.32218E-02   0.30461E-02
 4516.86   0.34614E-02   0.32030E-02   0.30284E-02
 4530.46   0.34460E-02   0.31842E-02   0.30108E-02
 4544.07   0.34304E-02   0.31652E-02   0.29931E-02
 4557.67   0.34147E-02   0.31461E-02   0.29752E-02
 4571.28   0.34020E-02   0.31299E-02   0.29600E-02
 4584.88   0.33864E-02   0.31110E-02   0.29423E-02
 4598.49   0.33713E-02   0.30926E-02   0.29252E-02
 4612.09   0.33565E-02   0.30746E-02   0.29083E-02
 4625.70   0.33420E-02   0.30568E-02   0.28917E-02
 4639.30   0.33276E-02   0.30392E-02   0.28753E-02
 4652.91   0.33134E-02   0.30217E-02   0.28590E-02
 4666.51   0.32992E-02   0.30044E-02   0.28429E-02
 4680.12   0.32848E-02   0.29868E-02   0.28265E-02
 4693.72   0.32695E-02   0.29686E-02   0.28095E-02
 4707.33   0.32580E-02   0.29537E-02   0.27957E-02
 4720.93   0.32438E-02   0.29365E-02   0.27796E-02
 4734.54   0.32298E-02   0.29194E-02   0.27638E-02
 4748.14   0.32159E-02   0.29026E-02   0.27481E-02
 4761.75   0.32023E-02   0.28860E-02   0.27327E-02
 4775.35   0.31888E-02   0.28696E-02   0.27175E-02
 4788.96   0.31756E-02   0.28534E-02   0.27024E-02
 4802.56   0.31624E-02   0.28374E-02   0.26875E-02
 4816.17   0.31492E-02   0.28213E-02   0.26726E-02
 4829.77   0.31371E-02   0.28062E-02   0.26586E-02
 4843.38   0.31238E-02   0.27901E-02   0.26437E-02
 4856.98   0.31107E-02   0.27743E-02   0.26291E-02
 4870.59   0.30977E-02   0.27586E-02   0.26145E-02
 4884.19   0.30848E-02   0.27429E-02   0.26000E-02
 4897.80   0.30719E-02   0.27274E-02   0.25856E-02
 4911.40   0.30593E-02   0.27121E-02   0.25714E-02
 4925.01   0.30467E-02   0.26969E-02   0.25574E-02
 4938.61   0.30344E-02   0.26820E-02   0.25436E-02
 4952.22   0.30222E-02   0.26672E-02   0.25299E-02
 4965.82   0.30102E-02   0.26525E-02   0.25164E-02
 4979.43   0.29981E-02   0.26379E-02   0.25030E-02
 4993.03   0.29861E-02   0.26234E-02   0.24895E-02
 5006.64   0.29740E-02   0.26089E-02   0.24761E-02
 5020.24   0.29620E-02   0.25944E-02   0.24627E-02
 5033.85   0.29499E-02   0.25799E-02   0.24494E-02
 5047.45   0.29379E-02   0.25655E-02   0.24361E-02
 5061.06   0.29259E-02   0.25512E-02   0.24230E-02
 5074.66   0.29141E-02   0.25371E-02   0.24100E-02
 5088.27   0.29023E-02   0.25231E-02   0.23970E-02
 5101.87   0.28917E-02   0.25100E-02   0.23851E-02
 5115.48   0.28801E-02   0.24962E-02   0.23723E-02
 5129.08   0.28688E-02   0.24827E-02   0.23599E-02
 5142.69   0.28576E-02   0.24692E-02   0.23476E-02
 5156.29   0.28463E-02   0.24558E-02   0.23353E-02
 5169.90   0.28350E-02   0.24424E-02   0.23229E-02
 5183.50   0.28237E-02   0.24290E-02   0.23106E-02
 5197.11   0.28124E-02   0.24156E-02   0.22983E-02
 5210.71   0.28010E-02   0.24022E-02   0.22861E-02
 5224.32   0.27894E-02   0.23887E-02   0.22736E-02
 5237.92   0.27782E-02   0.23755E-02   0.22616E-02
 5251.53   0.27691E-02   0.23642E-02   0.22512E-02
 5265.13   0.27582E-02   0.23514E-02   0.22395E-02
 5278.74   0.27476E-02   0.23388E-02   0.22280E-02
 5292.34   0.27370E-02   0.23264E-02   0.22166E-02
 5305.95   0.27265E-02   0.23140E-02   0.22053E-02
 5319.55   0.27159E-02   0.23016E-02   0.21939E-02
 5333.16   0.27052E-02   0.22891E-02   0.21825E-02
 5346.76   0.26945E-02   0.22766E-02   0.21711E-02
 5360.37   0.26834E-02   0.22639E-02   0.21594E-02
 5373.97   0.26726E-02   0.22514E-02   0.21480E-02
 5387.58   0.26648E-02   0.22415E-02   0.21391E-02
 5401.18   0.26538E-02   0.22290E-02   0.21277E-02
 5414.79   0.26435E-02   0.22171E-02   0.21167E-02
 5428.39   0.26334E-02   0.22053E-02   0.21061E-02
 5442.00   0.26235E-02   0.21938E-02   0.20955E-02
 5455.60   0.26136E-02   0.21823E-02   0.20850E-02
 5469.21   0.26037E-02   0.21708E-02   0.20746E-02
 5482.81   0.25937E-02   0.21593E-02   0.20641E-02
 5496.42   0.25834E-02   0.21476E-02   0.20534E-02
 5510.02   0.25720E-02   0.21350E-02   0.20419E-02
 5523.63   0.25674E-02   0.21281E-02   0.20358E-02
 5537.23   0.25554E-02   0.21150E-02   0.20238E-02
 5550.84   0.25452E-02   0.21035E-02   0.20133E-02
 5564.44   0.25353E-02   0.20923E-02   0.20031E-02
 5578.05   0.25257E-02   0.20813E-02   0.19932E-02
 5591.65   0.25163E-02   0.20705E-02   0.19834E-02
 5605.26   0.25069E-02   0.20598E-02   0.19737E-02
 5618.86   0.24976E-02   0.20492E-02   0.19640E-02
 5632.47   0.24882E-02   0.20386E-02   0.19544E-02
 5646.07   0.24786E-02   0.20277E-02   0.19445E-02
 5659.68   0.24687E-02   0.20167E-02   0.19345E-02
 5673.28   0.24620E-02   0.20084E-02   0.19271E-02
 5686.89   0.24520E-02   0.19973E-02   0.19170E-02
 5700.49   0.24424E-02   0.19867E-02   0.19073E-02
 5714.10   0.24330E-02   0.19762E-02   0.18978E-02
 5727.70   0.24238E-02   0.19659E-02   0.18885E-02
 5741.31   0.24148E-02   0.19558E-02   0.18793E-02
 5754.91   0.24059E-02   0.19458E-02   0.18703E-02
 5768.52   0.23971E-02   0.19360E-02   0.18614E-02
 5782.12   0.23883E-02   0.19262E-02   0.18525E-02
 5795.73   0.23794E-02   0.19162E-02   0.18435E-02
 5809.33   0.23700E-02   0.19060E-02   0.18343E-02
 5822.94   0.23629E-02   0.18976E-02   0.18267E-02
 5836.54   0.23539E-02   0.18877E-02   0.18178E-02
 5850.15   0.23449E-02   0.18779E-02   0.18089E-02
 5863.75   0.23360E-02   0.18682E-02   0.18001E-02
 5877.36   0.23272E-02   0.18585E-02   0.17914E-02
 5890.96   0.23185E-02   0.18490E-02   0.17828E-02
 5904.57   0.23099E-02   0.18396E-02   0.17743E-02
 5918.17   0.23015E-02   0.18303E-02   0.17659E-02
 5931.78   0.22932E-02   0.18212E-02   0.17577E-02
 5945.38   0.22849E-02   0.18122E-02   0.17495E-02
 5958.99   0.22765E-02   0.18030E-02   0.17413E-02
 5972.59   0.22687E-02   0.17944E-02   0.17335E-02
 5986.20   0.22604E-02   0.17854E-02   0.17254E-02
 5999.80   0.22521E-02   0.17764E-02   0.17173E-02
 6013.41   0.22437E-02   0.17674E-02   0.17092E-02
 6027.01   0.22353E-02   0.17584E-02   0.17011E-02
 6040.62   0.22269E-02   0.17494E-02   0.16930E-02
 6054.22   0.22186E-02   0.17406E-02   0.16850E-02
 6067.83   0.22104E-02   0.17318E-02   0.16771E-02
 6081.43   0.22023E-02   0.17232E-02   0.16693E-02
 6095.04   0.21943E-02   0.17146E-02   0.16617E-02
 6108.64   0.21866E-02   0.17064E-02   0.16543E-02
 6122.25   0.21788E-02   0.16981E-02   0.16468E-02
 6135.85   0.21710E-02   0.16898E-02   0.16394E-02
 6149.46   0.21632E-02   0.16815E-02   0.16319E-02
 6163.06   0.21554E-02   0.16732E-02   0.16245E-02
 6176.67   0.21474E-02   0.16649E-02   0.16170E-02
 6190.27   0.21394E-02   0.16566E-02   0.16095E-02
 6203.88   0.21314E-02   0.16482E-02   0.16020E-02
 6217.48   0.21234E-02   0.16399E-02   0.15945E-02
 6231.09   0.21153E-02   0.16316E-02   0.15871E-02
 6244.69   0.21072E-02   0.16233E-02   0.15796E-02
 6258.30   0.20998E-02   0.16155E-02   0.15726E-02
 6271.90   0.20931E-02   0.16084E-02   0.15663E-02
 6285.51   0.20854E-02   0.16005E-02   0.15591E-02
 6299.11   0.20779E-02   0.15927E-02   0.15522E-02
 6312.72   0.20705E-02   0.15851E-02   0.15453E-02
 6326.32   0.20630E-02   0.15774E-02   0.15384E-02
 6339.93   0.20555E-02   0.15697E-02   0.15315E-02
 6353.53   0.20478E-02   0.15620E-02   0.15246E-02
 6367.14   0.20401E-02   0.15542E-02   0.15176E-02
 6380.74   0.20323E-02   0.15464E-02   0.15106E-02
 6394.35   0.20242E-02   0.15384E-02   0.15034E-02
 6407.95   0.20167E-02   0.15308E-02   0.14966E-02
 6421.56   0.20119E-02   0.15253E-02   0.14918E-02
 6435.16   0.20035E-02   0.15172E-02   0.14845E-02
 6448.77   0.19961E-02   0.15098E-02   0.14778E-02
 6462.37   0.19888E-02   0.15026E-02   0.14713E-02
 6475.98   0.19817E-02   0.14954E-02   0.14649E-02
 6489.58   0.19745E-02   0.14883E-02   0.14586E-02
 6503.19   0.19674E-02   0.14812E-02   0.14522E-02
 6516.79   0.19601E-02   0.14740E-02   0.14458E-02
 6530.40   0.19527E-02   0.14668E-02   0.14393E-02
 6544.00   0.19450E-02   0.14594E-02   0.14326E-02
 6557.61   0.19363E-02   0.14512E-02   0.14252E-02
 6571.21   0.19282E-02   0.14435E-02   0.14182E-02
 6584.82   0.19254E-02   0.14398E-02   0.14152E-02
 6598.42   0.19177E-02   0.14325E-02   0.14086E-02
 6612.03   0.19104E-02   0.14255E-02   0.14023E-02
 6625.63   0.19034E-02   0.14186E-02   0.13962E-02
 6639.24   0.18965E-02   0.14120E-02   0.13902E-02
 6652.84   0.18896E-02   0.14054E-02   0.13843E-02
 6666.45   0.18828E-02   0.13988E-02   0.13784E-02
 6680.05   0.18759E-02   0.13922E-02   0.13725E-02
 6693.66   0.18689E-02   0.13855E-02   0.13665E-02
 6707.26   0.18614E-02   0.13785E-02   0.13603E-02
 6720.87   0.18541E-02   0.13716E-02   0.13541E-02
 6734.47   0.18508E-02   0.13678E-02   0.13509E-02
 6748.08   0.18426E-02   0.13603E-02   0.13441E-02
 6761.68   0.18353E-02   0.13535E-02   0.13380E-02
 6775.29   0.18282E-02   0.13470E-02   0.13321E-02
 6788.89   0.18213E-02   0.13405E-02   0.13263E-02
 6802.50   0.18146E-02   0.13343E-02   0.13207E-02
 6816.10   0.18080E-02   0.13281E-02   0.13152E-02
 6829.71   0.18015E-02   0.13220E-02   0.13097E-02
 6843.31   0.17949E-02   0.13159E-02   0.13043E-02
 6856.92   0.17883E-02   0.13098E-02   0.12988E-02
 6870.52   0.17813E-02   0.13034E-02   0.12930E-02
 6884.13   0.17741E-02   0.12968E-02   0.12872E-02
 6897.73   0.17701E-02   0.12927E-02   0.12836E-02
 6911.34   0.17629E-02   0.12862E-02   0.12778E-02
 6924.94   0.17560E-02   0.12800E-02   0.12722E-02
 6938.55   0.17492E-02   0.12739E-02   0.12667E-02
 6952.15   0.17425E-02   0.12678E-02   0.12613E-02
 6965.76   0.17359E-02   0.12618E-02   0.12559E-02
 6979.36   0.17295E-02   0.12560E-02   0.12507E-02
 6992.97   0.17231E-02   0.12503E-02   0.12456E-02
 7006.57   0.17169E-02   0.12446E-02   0.12405E-02
 7020.18   0.17106E-02   0.12390E-02   0.12355E-02
 7033.78   0.17043E-02   0.12333E-02   0.12304E-02
 7047.39   0.16976E-02   0.12274E-02   0.12251E-02
 7060.99   0.16925E-02   0.12227E-02   0.12210E-02
 7074.60   0.16861E-02   0.12170E-02   0.12159E-02
 7088.20   0.16796E-02   0.12113E-02   0.12108E-02
 7101.81   0.16732E-02   0.12057E-02   0.12057E-02
 7115.41   0.16667E-02   0.12000E-02   0.12006E-02
 7129.02   0.16603E-02   0.11944E-02   0.11956E-02
 7142.62   0.16539E-02   0.11888E-02   0.11906E-02
 7156.23   0.16476E-02   0.11834E-02   0.11857E-02
 7169.83   0.16415E-02   0.11780E-02   0.11809E-02
 7183.44   0.16354E-02   0.11728E-02   0.11762E-02
 7197.04   0.16295E-02   0.11676E-02   0.11716E-02
 7210.65   0.16235E-02   0.11625E-02   0.11670E-02
 7224.25   0.16177E-02   0.11574E-02   0.11625E-02
 7237.86   0.16117E-02   0.11523E-02   0.11579E-02
 7251.46   0.16057E-02   0.11471E-02   0.11533E-02
 7265.07   0.15996E-02   0.11420E-02   0.11487E-02
 7278.67   0.15935E-02   0.11367E-02   0.11440E-02
 7292.28   0.15873E-02   0.11315E-02   0.11393E-02
 7305.88   0.15810E-02   0.11263E-02   0.11346E-02
 7319.49   0.15748E-02   0.11211E-02   0.11299E-02
 7333.09   0.15687E-02   0.11159E-02   0.11253E-02
 7346.70   0.15626E-02   0.11108E-02   0.11207E-02
 7360.30   0.15565E-02   0.11057E-02   0.11161E-02
 7373.91   0.15510E-02   0.11011E-02   0.11120E-02
 7387.51   0.15456E-02   0.10966E-02   0.11080E-02
 7401.12   0.15398E-02   0.10918E-02   0.11037E-02
 7414.72   0.15340E-02   0.10870E-02   0.10994E-02
 7428.33   0.15283E-02   0.10823E-02   0.10952E-02
 7441.93   0.15225E-02   0.10775E-02   0.10909E-02
 7455.54   0.15166E-02   0.10727E-02   0.10866E-02
 7469.14   0.15106E-02   0.10679E-02   0.10822E-02
 7482.75   0.15046E-02   0.10630E-02   0.10778E-02
 7496.35   0.14985E-02   0.10581E-02   0.10734E-02
 7509.96   0.14924E-02   0.10531E-02   0.10689E-02
 7523.56   0.14860E-02   0.10481E-02   0.10643E-02
 7537.17   0.14805E-02   0.10436E-02   0.10604E-02
 7550.77   0.14766E-02   0.10404E-02   0.10576E-02
 7564.38   0.14704E-02   0.10354E-02   0.10531E-02
 7577.98   0.14646E-02   0.10309E-02   0.10490E-02
 7591.59   0.14591E-02   0.10264E-02   0.10450E-02
 7605.19   0.14535E-02   0.10220E-02   0.10411E-02
 7618.80   0.14480E-02   0.10176E-02   0.10371E-02
 7632.40   0.14424E-02   0.10132E-02   0.10332E-02
 7646.01   0.14366E-02   0.10087E-02   0.10291E-02
 7659.61   0.14308E-02   0.10042E-02   0.10250E-02
 7673.22   0.14248E-02   0.99955E-03   0.10208E-02
 7686.82   0.14186E-02   0.99472E-03   0.10164E-02
 7700.43   0.14104E-02   0.98860E-03   0.10107E-02
 7714.03   0.14119E-02   0.98924E-03   0.10118E-02
 7727.64   0.14038E-02   0.98317E-03   0.10061E-02
 7741.24   0.13977E-02   0.97856E-03   0.10020E-02
 7754.85   0.13921E-02   0.97424E-03   0.99804E-03
 7768.45   0.13866E-02   0.97006E-03   0.99427E-03
 7782.06   0.13812E-02   0.96596E-03   0.99058E-03
 7795.66   0.13759E-02   0.96190E-03   0.98693E-03
 7809.27   0.13705E-02   0.95783E-03   0.98326E-03
 7822.87   0.13651E-02   0.95372E-03   0.97956E-03
 7836.48   0.13595E-02   0.94953E-03   0.97576E-03
 7850.08   0.13537E-02   0.94519E-03   0.97180E-03
 7863.69   0.13472E-02   0.94037E-03   0.96735E-03
 7877.29   0.13415E-02   0.93613E-03   0.96349E-03
 7890.90   0.13401E-02   0.93487E-03   0.96270E-03
 7904.50   0.13335E-02   0.93002E-03   0.95819E-03
 7918.11   0.13276E-02   0.92572E-03   0.95426E-03
 7931.71   0.13221E-02   0.92162E-03   0.95053E-03
 7945.32   0.13167E-02   0.91765E-03   0.94694E-03
 7958.92   0.13114E-02   0.91379E-03   0.94344E-03
 7972.53   0.13062E-02   0.90999E-03   0.94001E-03
 7986.13   0.13011E-02   0.90624E-03   0.93662E-03
 7999.74   0.12959E-02   0.90248E-03   0.93322E-03
 8013.34   0.12907E-02   0.89867E-03   0.92977E-03
 8026.95   0.12852E-02   0.89469E-03   0.92614E-03
 8040.55   0.12786E-02   0.88998E-03   0.92174E-03
 8054.16   0.12728E-02   0.88579E-03   0.91788E-03
 8067.76   0.12715E-02   0.88474E-03   0.91728E-03
 8081.37   0.12656E-02   0.88053E-03   0.91339E-03
 8094.97   0.12600E-02   0.87656E-03   0.90974E-03
 8108.58   0.12545E-02   0.87269E-03   0.90620E-03
 8122.18   0.12492E-02   0.86892E-03   0.90275E-03
 8135.79   0.12440E-02   0.86524E-03   0.89940E-03
 8149.39   0.12390E-02   0.86165E-03   0.89614E-03
 8163.00   0.12340E-02   0.85814E-03   0.89295E-03
 8176.60   0.12291E-02   0.85467E-03   0.88981E-03
 8190.21   0.12241E-02   0.85121E-03   0.88667E-03
 8203.81   0.12191E-02   0.84768E-03   0.88345E-03
 8217.42   0.12131E-02   0.84353E-03   0.87959E-03
 8231.02   0.12112E-02   0.84219E-03   0.87864E-03
 8244.63   0.12052E-02   0.83803E-03   0.87476E-03
 8258.23   0.11999E-02   0.83436E-03   0.87138E-03
 8271.84   0.11946E-02   0.83075E-03   0.86806E-03
 8285.44   0.11894E-02   0.82716E-03   0.86476E-03
 8299.05   0.11842E-02   0.82360E-03   0.86149E-03
 8312.65   0.11791E-02   0.82010E-03   0.85827E-03
 8326.26   0.11741E-02   0.81667E-03   0.85513E-03
 8339.86   0.11692E-02   0.81331E-03   0.85206E-03
 8353.47   0.11644E-02   0.81004E-03   0.84907E-03
 8367.07   0.11596E-02   0.80684E-03   0.84615E-03
 8380.68   0.11549E-02   0.80367E-03   0.84326E-03
 8394.28   0.11501E-02   0.80042E-03   0.84029E-03
 8407.89   0.11459E-02   0.79761E-03   0.83778E-03
 8421.49   0.11411E-02   0.79439E-03   0.83482E-03
 8435.10   0.11363E-02   0.79119E-03   0.83189E-03
 8448.70   0.11314E-02   0.78796E-03   0.82893E-03
 8462.31   0.11265E-02   0.78470E-03   0.82592E-03
 8475.91   0.11216E-02   0.78141E-03   0.82288E-03
 8489.52   0.11166E-02   0.77811E-03   0.81983E-03
 8503.12   0.11116E-02   0.77484E-03   0.81681E-03
 8516.73   0.11067E-02   0.77161E-03   0.81382E-03
 8530.33   0.11019E-02   0.76845E-03   0.81090E-03
 8543.94   0.10972E-02   0.76536E-03   0.80806E-03
 8557.54   0.10926E-02   0.76234E-03   0.80528E-03
 8571.15   0.10879E-02   0.75933E-03   0.80251E-03
 8584.75   0.10837E-02   0.75663E-03   0.80007E-03
 8598.36   0.10792E-02   0.75370E-03   0.79738E-03
 8611.96   0.10747E-02   0.75082E-03   0.79474E-03
 8625.57   0.10702E-02   0.74793E-03   0.79207E-03
 8639.17   0.10656E-02   0.74499E-03   0.78937E-03
 8652.78   0.10610E-02   0.74202E-03   0.78661E-03
 8666.38   0.10562E-02   0.73900E-03   0.78381E-03
 8679.99   0.10515E-02   0.73595E-03   0.78097E-03
 8693.59   0.10467E-02   0.73288E-03   0.77811E-03
 8707.20   0.10419E-02   0.72982E-03   0.77526E-03
 8720.80   0.10371E-02   0.72679E-03   0.77242E-03
 8734.41   0.10323E-02   0.72375E-03   0.76958E-03
 8748.01   0.10271E-02   0.72048E-03   0.76650E-03
 8761.62   0.10233E-02   0.71816E-03   0.76441E-03
 8775.22   0.10198E-02   0.71602E-03   0.76252E-03
 8788.83   0.10153E-02   0.71319E-03   0.75988E-03
 8802.43   0.10109E-02   0.71049E-03   0.75738E-03
 8816.04   0.10066E-02   0.70781E-03   0.75490E-03
 8829.64   0.10022E-02   0.70513E-03   0.75241E-03
 8843.25   0.99781E-03   0.70241E-03   0.74989E-03
 8856.85   0.99333E-03   0.69965E-03   0.74731E-03
 8870.46   0.98876E-03   0.69684E-03   0.74467E-03
 8884.06   0.98412E-03   0.69397E-03   0.74198E-03
 8897.67   0.97941E-03   0.69106E-03   0.73923E-03
 8911.27   0.97457E-03   0.68807E-03   0.73640E-03
 8924.88   0.96928E-03   0.68477E-03   0.73322E-03
 8938.48   0.96533E-03   0.68241E-03   0.73106E-03
 8952.09   0.96347E-03   0.68154E-03   0.73049E-03
 8965.69   0.95835E-03   0.67837E-03   0.72744E-03
 8979.30   0.95385E-03   0.67565E-03   0.72488E-03
 8992.90   0.94956E-03   0.67308E-03   0.72247E-03
 9006.51   0.94537E-03   0.67058E-03   0.72013E-03
 9020.11   0.94120E-03   0.66810E-03   0.71782E-03
 9033.72   0.93702E-03   0.66562E-03   0.71550E-03
 9047.32   0.93279E-03   0.66311E-03   0.71314E-03
 9060.93   0.92847E-03   0.66054E-03   0.71072E-03
 9074.53   0.92404E-03   0.65790E-03   0.70822E-03
 9088.14   0.91945E-03   0.65514E-03   0.70559E-03
 9101.74   0.91451E-03   0.65214E-03   0.70269E-03
 9115.35   0.90742E-03   0.64761E-03   0.69814E-03
 9128.95   0.91142E-03   0.65100E-03   0.70213E-03
 9142.56   0.90418E-03   0.64637E-03   0.69747E-03
 9156.16   0.89934E-03   0.64346E-03   0.69466E-03
 9169.77   0.89493E-03   0.64085E-03   0.69217E-03
 9183.37   0.89070E-03   0.63839E-03   0.68983E-03
 9196.98   0.88660E-03   0.63601E-03   0.68758E-03
 9210.58   0.88258E-03   0.63370E-03   0.68540E-03
 9224.19   0.87860E-03   0.63142E-03   0.68325E-03
 9237.79   0.87460E-03   0.62913E-03   0.68109E-03
 9251.40   0.87056E-03   0.62681E-03   0.67890E-03
 9265.00   0.86640E-03   0.62442E-03   0.67662E-03
 9278.61   0.86205E-03   0.62188E-03   0.67417E-03
 9292.21   0.85710E-03   0.61892E-03   0.67127E-03
 9305.82   0.85296E-03   0.61654E-03   0.66900E-03
 9319.42   0.85277E-03   0.61703E-03   0.66983E-03
 9333.03   0.84735E-03   0.61373E-03   0.66655E-03
 9346.63   0.84281E-03   0.61107E-03   0.66397E-03
 9360.24   0.83851E-03   0.60859E-03   0.66157E-03
 9373.84   0.83436E-03   0.60622E-03   0.65930E-03
 9387.45   0.83034E-03   0.60394E-03   0.65711E-03
 9401.05   0.82641E-03   0.60174E-03   0.65501E-03
 9414.66   0.82257E-03   0.59960E-03   0.65297E-03
 9428.26   0.81877E-03   0.59750E-03   0.65096E-03
 9441.87   0.81497E-03   0.59540E-03   0.64897E-03
 9455.47   0.81113E-03   0.59327E-03   0.64693E-03
 9469.08   0.80714E-03   0.59103E-03   0.64477E-03
 9482.68   0.80257E-03   0.58836E-03   0.64214E-03
 9496.29   0.79850E-03   0.58607E-03   0.63992E-03
 9509.89   0.79737E-03   0.58594E-03   0.64006E-03
 9523.50   0.79286E-03   0.58333E-03   0.63748E-03
 9537.10   0.78867E-03   0.58095E-03   0.63516E-03
 9550.71   0.78458E-03   0.57865E-03   0.63291E-03
 9564.31   0.78057E-03   0.57641E-03   0.63072E-03
 9577.92   0.77662E-03   0.57422E-03   0.62860E-03
 9591.52   0.77277E-03   0.57209E-03   0.62654E-03
 9605.13   0.76900E-03   0.57004E-03   0.62455E-03
 9618.73   0.76532E-03   0.56804E-03   0.62263E-03
 9632.34   0.76170E-03   0.56610E-03   0.62075E-03
 9645.94   0.75811E-03   0.56418E-03   0.61891E-03
 9659.55   0.75450E-03   0.56225E-03   0.61704E-03
 9673.15   0.75066E-03   0.56014E-03   0.61498E-03
 9686.76   0.74680E-03   0.55802E-03   0.61291E-03
 9700.36   0.74443E-03   0.55701E-03   0.61206E-03
 9713.97   0.74060E-03   0.55492E-03   0.61001E-03
 9727.57   0.73682E-03   0.55287E-03   0.60800E-03
 9741.18   0.73303E-03   0.55080E-03   0.60597E-03
 9754.78   0.72922E-03   0.54873E-03   0.60393E-03
 9768.39   0.72543E-03   0.54666E-03   0.60190E-03
 9781.99   0.72166E-03   0.54462E-03   0.59989E-03
 9795.60   0.71796E-03   0.54263E-03   0.59793E-03
 9809.20   0.71432E-03   0.54068E-03   0.59602E-03
 9822.81   0.71077E-03   0.53881E-03   0.59419E-03
 9836.41   0.70730E-03   0.53699E-03   0.59241E-03
 9850.02   0.70390E-03   0.53522E-03   0.59070E-03
 9863.62   0.70054E-03   0.53350E-03   0.58902E-03
 9877.23   0.69714E-03   0.53173E-03   0.58729E-03
 9890.83   0.69390E-03   0.53009E-03   0.58571E-03
 9904.44   0.69054E-03   0.52836E-03   0.58402E-03
 9918.04   0.68713E-03   0.52660E-03   0.58229E-03
 9931.65   0.68367E-03   0.52480E-03   0.58052E-03
 9945.25   0.68016E-03   0.52295E-03   0.57869E-03
 9958.86   0.67660E-03   0.52107E-03   0.57682E-03
 9972.46   0.67301E-03   0.51916E-03   0.57493E-03
 9986.07   0.66942E-03   0.51726E-03   0.57303E-03
 9999.67   0.66585E-03   0.51536E-03   0.57114E-03
